5
1 23 22
3 -0.0269969 -0.119676 0.027616 0.0125
24 -0.0273947 -0.0996879 0.0270477 0.0125
23 -0.0300349 -0.0798705 0.0275845 0.0125
22 -0.0291776 -0.0601171 0.0245705 0.0125
21 -0.0274037 -0.0413385 0.0179223 0.0125
4 -0.0952024 0.0486905 0.0124815 0.0125
20 -0.0486808 -0.00627715 0.0136432 0.0125
11 0.234553 0.144893 0.104039 0.0125
6 0.368554 0.055015 0.116058 0.0125
10 0.326156 0.0704361 0.0980318 0.0125
9 0.293691 0.0812996 0.0829897 0.0125
2 0.239881 0.100484 0.0542882 0.0125
19 -0.00621347 -0.0161714 0.0179404 0.0125
8 0.266551 0.0903839 0.0704251 0.0125
5 0.2303 0.166124 0.129073 0.0125
12 0.176545 0.0712573 0.0302251 0.0125
13 0.14959 0.0549338 0.0234734 0.0125
14 0.098636 0.0217578 0.0114915 0.0125
15 0.0718598 0.00948442 0.0122352 0.0125
16 0.0513051 0.000729739 0.0138156 0.0125
17 0.0323532 -0.00547596 0.0159297 0.0125
18 0.0129721 -0.0105836 0.0169992 0.0125
1 -0.0253395 -0.0215857 0.0155594 0.0125
e_2_8 2 8 1 0.0125 0.253216 0.0954334 0.0623567 0.64545 -0.179795 0.470569 -0.574138 0.032767
e_8_9 8 9 2 0.0125 0.280122 0.0858417 0.076707 0.601274 -0.236196 0.493177 -0.58263 0.031257
e_9_10 9 10 3 0.0125 0.309923 0.0758678 0.0905112 0.60145 -0.236092 0.493066 -0.582585 0.037393
e_10_6 10 6 4 0.0125 0.347355 0.0627262 0.107045 0.581612 -0.240431 0.506637 -0.58927 0.048583
e_2_11 2 11 1 0.0125 0.237217 0.122688 0.079164 0.921375 -0.343848 -0.0996902 -0.15132 0.0669
e_11_5 11 5 2 0.0125 0.232427 0.155508 0.116557 0.927042 -0.328548 -0.117852 -0.136968 0.0331
e_2_12 2 12 1 0.0125 0.208213 0.0858702 0.0422566 0.292489 -0.466721 -0.667254 0.501392 0.073789
e_12_13 12 13 2 0.0125 0.163068 0.0630954 0.0268494 0.35247 -0.324975 -0.706494 0.520598 0.032228
e_13_14 13 14 3 0.0125 0.124113 0.0383458 0.0174829 0.357553 -0.297693 -0.712782 0.524859 0.061971
e_14_15 14 15 4 0.0125 0.0852477 0.0156218 0.0118628 0.562331 -0.164367 -0.678502 0.443173 0.029465
e_15_16 15 16 5 0.0125 0.0615822 0.00510775 0.0130249 0.596482 -0.145397 -0.666014 0.423668 0.022396
e_16_17 16 17 6 0.0125 0.0418288 -0.00237249 0.0148726 0.626681 -0.166534 -0.647725 0.399988 0.020055
e_17_18 17 18 7 0.0125 0.022662 -0.00802968 0.0164648 0.600447 -0.228528 -0.648964 0.407534 0.020071
e_18_19 18 19 8 0.0125 0.00337946 -0.0133774 0.0174693 0.593594 -0.220596 -0.654064 0.413744 0.020005
e_19_1 19 1 9 0.0125 -0.0157763 -0.0188792 0.0167504 0.486746 -0.339906 -0.666275 0.451243 0.02002
e_1_20 1 20 1 0.0125 -0.0370102 -0.013931 0.0146018 0.645746 -0.577065 -0.448603 0.220827 0.027978
e_20_4 20 4 2 0.0125 -0.0719416 0.0212067 0.0130623 0.689713 -0.618665 -0.354008 0.12739 0.072022
e_1_21 1 21 1 0.0125 -0.0263721 -0.0314619 0.0167407 0.602122 0.572762 0.33599 -0.443289 0.02
e_21_22 21 22 2 0.0125 -0.0282911 -0.0507276 0.0212463 0.729212 0.538281 0.209853 -0.366696 0.02
e_22_23 22 23 3 0.0125 -0.0296066 -0.0699936 0.0260769 0.574714 0.511706 0.403501 -0.495024 0.02
e_23_24 23 24 4 0.0125 -0.0287147 -0.0897792 0.0273156 0.210275 0.123902 0.70574 -0.665104 0.02
e_24_3 24 3 5 0.0125 -0.0271964 -0.109682 0.0273322 0.362384 0.340199 0.608314 -0.618786 0.02
2 26 25
3 0.116211 0.20516 0.0123369 0.0125
27 0.130458 0.219197 0.0123821 0.0125
26 0.144151 0.233759 0.0130435 0.0125
25 0.153031 0.251663 0.0123036 0.0125
24 0.160303 0.269994 0.0156399 0.0125
4 0.0805032 0.234779 0.0342335 0.0125
23 0.132485 0.262812 0.0333877 0.0125
1 0.163086 0.288155 0.0235411 0.0125
22 0.162968 0.268125 0.0271875 0.0125
21 0.16587 0.250164 0.0357368 0.0125
6 0.233622 -0.0961334 0.179628 0.0125
11 0.225632 -0.079142 0.171078 0.0125
10 0.213769 -0.0648805 0.160863 0.0125
9 0.201458 -0.0490489 0.146127 0.0125
2 0.181074 0.00164064 0.0845863 0.0125
19 0.172843 0.211192 0.0552883 0.0125
8 0.190127 -0.0339775 0.130531 0.0125
12 0.191767 -0.00134656 0.0679511 0.0125
13 0.200722 -0.0104684 0.0525689 0.0125
14 0.208452 -0.0197583 0.036633 0.0125
15 0.215316 -0.0325011 0.0228309 0.0125
5 0.225824 -0.045217 0.0115219 0.0125
16 0.178382 0.125052 0.0838436 0.0125
17 0.1774 0.150233 0.0800936 0.0125
18 0.178142 0.19129 0.063658 0.0125
20 0.16925 0.231347 0.0450989 0.0125
e_2_8 2 8 1 0.0125 0.1856 -0.0161681 0.107558 0.705419 0.293946 -0.152117 0.62677 0.058835
e_8_9 8 9 2 0.0125 0.195792 -0.0415132 0.138329 0.859972 0.403049 0.137419 0.281275 0.02447
e_9_10 9 10 3 0.0125 0.207613 -0.0569649 0.153495 0.865673 0.413011 0.18264 0.216043 0.024886
e_10_11 10 11 4 0.0125 0.219701 -0.0720112 0.16597 0.859763 0.407407 0.304708 0.0445083 0.021178
e_11_6 11 6 5 0.0125 0.229627 -0.0876383 0.175353 0.820787 0.528053 0.118083 0.1831 0.020631
e_2_12 2 12 1 0.0125 0.18642 0.000146447 0.0762691 0.127906 -0.713671 0.637617 -0.260304 0.02
e_12_13 12 13 2 0.0125 0.196244 -0.00590767 0.0602594 -0.0369601 -0.727966 0.595508 -0.337742 0.02
e_13_14 13 14 3 0.0125 0.204586 -0.0151131 0.0446002 -0.073965 -0.75875 0.568053 -0.310068 0.02
e_14_15 14 15 4 0.0125 0.211884 -0.0261292 0.0297319 -0.175629 -0.751319 0.529695 -0.352274 0.02
e_15_5 15 5 5 0.0125 0.22057 -0.0388591 0.0171759 -0.0420541 -0.622744 0.628421 -0.464229 0.02
e_2_16 2 16 1 0.0125 0.179727 0.0633465 0.0842152 0.580396 -0.59254 0.389748 0.400167 0.123443
e_16_17 16 17 2 0.0125 0.177891 0.137643 0.0819692 0.536896 -0.63901 0.406516 0.371691 0.025478
e_17_18 17 18 3 0.0125 0.177771 0.170762 0.0718763 0.475771 -0.694879 0.450496 0.296374 0.044231
e_18_19 18 19 4 0.0125 0.175492 0.201241 0.0594731 0.414632 -0.738263 0.37842 0.37396 0.022231
e_19_20 19 20 5 0.0125 0.171047 0.22127 0.0501935 0.409669 -0.74494 0.409682 0.330752 0.022869
e_20_21 20 21 6 0.0125 0.16756 0.240756 0.0404179 0.411443 -0.743609 0.4086 0.332877 0.021288
e_21_22 21 22 7 0.0125 0.164419 0.259145 0.0314626 0.420485 -0.737198 0.411318 0.332488 0.020102
e_22_1 22 1 8 0.0125 0.163027 0.27814 0.0253638 0.536734 -0.640787 0.423023 0.3498 0.020359
e_1_23 1 23 1 0.0125 0.147786 0.275483 0.0284639 -0.075498 -0.510083 -0.345746 0.783949 0.040935
e_23_4 23 4 2 0.0125 0.106495 0.248795 0.0338108 -0.111771 -0.662545 -0.232109 0.703325 0.059065
e_1_24 1 24 1 0.0125 0.161695 0.279075 0.0195907 -0.547292 -0.833997 0.0444527 0.0542575 0.02
e_24_25 24 25 2 0.0125 0.156667 0.260829 0.0139713 -0.497503 -0.726701 -0.235201 0.41119 0.02
e_25_26 25 26 3 0.0125 0.148592 0.242711 0.0126733 -0.368723 -0.583133 -0.376104 0.618502 0.02
e_26_27 26 27 4 0.0125 0.137305 0.226478 0.0127121 -0.270353 -0.657192 -0.290932 0.640599 0.02
e_27_3 27 3 5 0.0125 0.123335 0.212178 0.0123588 -0.240023 -0.643076 -0.295904 0.664291 0.02
3 21 20
3 -0.0642116 0.0933759 0.0269616 0.0125
22 -0.0591452 0.0941811 0.0525758 0.0125
21 -0.0502754 0.0968679 0.0731296 0.0125
20 -0.0475723 0.0993875 0.0961747 0.0125
4 -0.00220767 0.188814 0.107029 0.0125
11 -0.190037 -0.149609 0.0613148 0.0125
6 -0.125928 -0.110712 0.150224 0.0125
10 -0.137642 -0.114772 0.127083 0.0125
9 -0.144487 -0.12249 0.10412 0.0125
2 -0.170329 -0.143695 0.0116979 0.0125
19 -0.0116358 0.170867 0.11214 0.0125
8 -0.15929 -0.138871 0.0400238 0.0125
12 -0.197051 -0.153707 0.0800607 0.0125
5 -0.201835 -0.16151 0.104242 0.0125
13 -0.0975796 0.000547603 0.0667308 0.0125
14 -0.0845274 0.0295181 0.081069 0.0125
15 -0.0754189 0.0572476 0.0907298 0.0125
16 -0.0629181 0.0745266 0.0989594 0.0125
17 -0.0532848 0.0877058 0.111548 0.0125
1 -0.0432477 0.100317 0.123814 0.0125
18 -0.0280494 0.14405 0.1212 0.0125
e_2_8 2 8 1 0.0125 -0.164809 -0.141283 0.0258613 0.96724 -0.108218 0.167867 -0.156706 0.030782
e_8_9 8 9 2 0.0125 -0.151888 -0.13068 0.072072 0.97567 -0.137371 0.0915932 -0.144252 0.067792
e_9_10 9 10 3 0.0125 -0.141064 -0.118631 0.115602 0.967428 -0.175297 0.114774 -0.142063 0.025174
e_10_6 10 6 4 0.0125 -0.131785 -0.112742 0.138654 0.956542 -0.11671 0.213654 -0.160491 0.026252
e_2_11 2 11 1 0.0125 -0.180183 -0.146652 0.0365062 0.972046 0.0804933 -0.177932 -0.130338 0.053714
e_11_12 11 12 2 0.0125 -0.193544 -0.151658 0.0706876 0.969467 0.126014 -0.159196 -0.137519 0.020431
e_12_5 12 5 3 0.0125 -0.199444 -0.157608 0.0921519 0.971435 0.166288 -0.0687567 -0.154709 0.025855
e_2_13 2 13 1 0.0125 -0.133954 -0.071574 0.0392142 0.808185 -0.545453 0.203104 -0.0898146 0.170667
e_13_14 13 14 2 0.0125 -0.0910534 0.015033 0.0739003 0.834965 -0.51611 0.167275 -0.0921046 0.034861
e_14_15 14 15 3 0.0125 -0.0799733 0.0433824 0.0858995 0.806994 -0.571106 0.129322 -0.0766418 0.030744
e_15_16 15 16 4 0.0125 -0.0691685 0.0658868 0.0948452 0.817808 -0.497064 0.270043 -0.105799 0.02286
e_16_17 16 17 5 0.0125 -0.0581013 0.0811167 0.105254 0.889308 -0.387892 0.210269 -0.12024 0.020615
e_17_1 17 1 6 0.0125 -0.0482661 0.0940114 0.117681 0.887532 -0.382077 0.226312 -0.122825 0.020254
e_1_18 1 18 1 0.0125 -0.0356486 0.122183 0.122507 0.684934 -0.702518 0.186156 -0.0517615 0.046372
e_18_19 18 19 2 0.0125 -0.0198428 0.157458 0.11667 0.598369 -0.71929 0.347945 -0.0592531 0.03272
e_19_4 19 4 3 0.0125 -0.00692247 0.17984 0.109584 0.612225 -0.727999 0.303731 -0.0542777 0.020907
e_1_20 1 20 1 0.0125 -0.0454098 0.0998526 0.109994 -0.0389705 -0.951634 0.296835 0.0690208 0.027991
e_20_21 20 21 2 0.0125 -0.0489234 0.0981279 0.0846515 -0.0785047 -0.781715 0.618559 0.0119478 0.02334
e_21_22 21 22 3 0.0125 -0.0547104 0.0955244 0.0628523 0.150963 -0.447623 -0.869161 0.146297 0.022547
e_22_3 22 3 4 0.0125 -0.0616779 0.0937787 0.039768 -0.0277676 -0.987016 0.126734 0.0946949 0.026123
4 24 23
3 -0.0898154 -0.127229 0.0395677 0.0125
25 -0.0676122 -0.13121 0.0467699 0.0125
24 -0.0492644 -0.13738 0.0530893 0.0125
23 -0.0231026 -0.149194 0.0632012 0.0125
4 0.0607123 -0.214437 0.0114803 0.0125
22 0.0471518 -0.203322 0.0211018 0.0125
21 0.0341822 -0.194316 0.0333781 0.0125
20 0.0206721 -0.183931 0.0438486 0.0125
10 0.0567314 0.0931654 0.023023 0.0125
5 0.165632 0.124194 0.0221097 0.0125
6 0.049474 0.23692 0.0955768 0.0125
9 0.116196 0.118052 0.0131941 0.0125
2 0.0669484 0.11434 0.0124932 0.0125
19 0.00802452 -0.173561 0.055359 0.0125
8 0.052088 0.203227 0.0642816 0.0125
11 0.0286616 0.037818 0.0340455 0.0125
12 0.00955584 -0.0076846 0.0411507 0.0125
13 0.00309788 -0.0334324 0.053497 0.0125
14 -0.000247175 -0.0562251 0.0630894 0.0125
15 -0.00272527 -0.0771798 0.0659645 0.0125
16 -0.00163363 -0.101029 0.0677448 0.0125
17 0.000254049 -0.121409 0.0710826 0.0125
18 -0.00144038 -0.141531 0.0687663 0.0125
1 -0.00190655 -0.162345 0.0686096 0.0125
e_2_8 2 8 1 0.0125 0.0595183 0.158783 0.0383874 0.843241 -0.499921 0.0308999 0.19511 0.10394
e_8_6 8 6 2 0.0125 0.0507812 0.220073 0.0799293 0.910829 -0.400125 0.0130301 0.100607 0.04606
e_2_9 2 9 1 0.0125 0.0915719 0.116196 0.0128436 0.711336 -0.0202243 0.701783 0.0330438 0.049392
e_9_5 9 5 2 0.0125 0.140914 0.121123 0.0176515 0.766265 -0.0538357 0.639544 0.0303802 0.050608
e_2_10 2 10 1 0.0125 0.0618396 0.103752 0.017758 0.660944 0.531263 0.115723 -0.517225 0.025761
e_10_11 10 11 2 0.0125 0.0426968 0.065491 0.0285338 0.549137 0.6131 0.19148 -0.534689 0.063029
e_11_12 11 12 3 0.0125 0.0191091 0.0150665 0.0375982 0.546352 0.611581 0.233922 -0.522253 0.04986
e_12_13 12 13 4 0.0125 0.00632661 -0.0205589 0.0473238 0.69097 0.502392 0.19166 -0.483144 0.029275
e_13_14 13 14 5 0.0125 0.00142505 -0.0448281 0.0582936 0.688158 0.499312 0.241861 -0.467579 0.024954
e_14_15 14 15 6 0.0125 -0.00148622 -0.0667025 0.0645269 0.59153 0.560654 0.343757 -0.466465 0.021296
e_15_16 15 16 7 0.0125 -0.00217949 -0.089104 0.0668541 0.595304 0.533823 0.421717 -0.427552 0.023941
e_16_17 16 17 8 0.0125 -0.000689133 -0.111219 0.0694139 0.635983 0.505461 0.405006 -0.41953 0.020737
e_17_18 17 18 9 0.0125 -0.000592374 -0.131469 0.0699242 0.49548 0.595415 0.449948 -0.44444 0.020325
e_18_1 18 1 10 0.0125 -0.00167388 -0.151938 0.0686879 0.550934 0.564892 0.429738 -0.438969 0.02082
e_1_19 1 19 1 0.0125 0.00305857 -0.167953 0.0619842 0.3765 0.383917 0.826964 -0.164272 0.02
e_19_20 19 20 2 0.0125 0.0143487 -0.178745 0.0496034 0.439339 0.330101 0.823888 -0.138649 0.02
e_20_21 20 21 3 0.0125 0.0274273 -0.189124 0.0386134 0.468445 0.316029 0.813553 -0.137173 0.02
e_21_22 21 22 4 0.0125 0.0406672 -0.198819 0.0272405 0.424779 0.306426 0.844403 -0.112466 0.02
e_22_4 22 4 5 0.0125 0.0539317 -0.208879 0.0162909 0.486475 0.323679 0.797351 -0.151013 0.02
e_1_23 1 23 1 0.0125 -0.0125046 -0.15577 0.0659054 0.626422 -0.452329 -0.633517 0.0406256 0.025523
e_23_24 23 24 2 0.0125 -0.0361833 -0.143288 0.0581453 -0.413376 0.760039 0.297432 -0.403726 0.030434
e_24_25 24 25 3 0.0125 -0.0584386 -0.134295 0.049929 -0.224156 0.807595 0.0543964 -0.542757 0.020363
e_25_3 25 3 4 0.0125 -0.0787142 -0.129219 0.0431687 -0.110589 0.807459 0.00901521 -0.579395 0.023679
5 25 24
3 -0.205514 0.0786191 0.0324226 0.0125
26 -0.205271 0.0591776 0.0277392 0.0125
25 -0.206108 0.0395634 0.0239186 0.0125
24 -0.206263 0.0201575 0.0190826 0.0125
23 -0.207243 0.000638248 0.0148329 0.0125
4 -0.19451 0.0784973 0.0283669 0.0125
22 -0.198678 0.0530158 0.0234421 0.0125
21 -0.203118 0.0194089 0.0164259 0.0125
1 -0.207712 -0.0192121 0.0124381 0.0125
11 0.0667755 -0.0515289 0.0349359 0.0125
10 0.0564441 -0.0592289 0.0504972 0.0125
6 -0.0940592 -0.0800289 0.144859 0.0125
9 -0.0389132 -0.0775288 0.11331 0.0125
2 0.0399189 -0.0802168 0.0798222 0.0125
19 -0.18365 -0.017482 0.0441781 0.0125
8 -0.00546179 -0.0767834 0.0934425 0.0125
12 0.0807193 -0.0431848 0.0231155 0.0125
5 0.0944649 -0.0340312 0.0117724 0.0125
13 -0.0709234 -0.0313126 0.104378 0.0125
14 -0.0989361 -0.0267128 0.103519 0.0125
15 -0.119688 -0.0219034 0.0985406 0.0125
16 -0.140405 -0.0184795 0.0899083 0.0125
17 -0.156056 -0.0160757 0.0754939 0.0125
18 -0.170202 -0.0180919 0.0594799 0.0125
20 -0.194354 -0.0166819 0.0272421 0.0125
e_2_8 2 8 1 0.0125 0.0172283 -0.0785007 0.0866324 0.742557 0.183445 -0.56832 -0.303263 0.047505
e_8_9 8 9 2 0.0125 -0.0221872 -0.0771562 0.103377 0.821173 0.172313 -0.463719 -0.284514 0.038914
e_9_6 9 6 3 0.0125 -0.0664861 -0.078779 0.129084 0.817564 0.18513 -0.466509 -0.282285 0.063581
e_2_10 2 10 1 0.0125 0.048181 -0.0697225 0.0651603 -0.0997487 -0.352008 -0.863552 -0.347014 0.039668
e_10_11 10 11 2 0.0125 0.0616091 -0.0553789 0.0427168 -0.00680988 0.765539 0.546873 0.338872 0.020204
e_11_12 11 12 3 0.0125 0.0737477 -0.0473574 0.0290255 0.39041 -0.00411302 0.891127 0.231203 0.020094
e_12_5 12 5 4 0.0125 0.0875919 -0.0386084 0.0174436 0.424967 -0.146192 0.872765 0.190557 0.020035
e_2_13 2 13 1 0.0125 -0.0155018 -0.0557649 0.0921002 0.692735 0.0298979 -0.632283 -0.345606 0.123615
e_13_14 13 14 2 0.0125 -0.0849299 -0.0290119 0.103948 0.621591 0.215396 -0.684641 -0.313841 0.028401
e_14_15 14 15 3 0.0125 -0.109313 -0.0243075 0.10103 0.5356 0.234647 -0.747481 -0.315191 0.021876
e_15_16 15 16 4 0.0125 -0.130046 -0.0201916 0.0942238 0.472784 0.317634 -0.767607 -0.293877 0.022703
e_16_17 16 17 5 0.0125 -0.148231 -0.0172779 0.0827015 0.318388 0.447767 -0.797543 -0.249116 0.021413
e_17_18 17 18 6 0.0125 -0.163129 -0.0170834 0.0674872 0.302515 0.600519 -0.71586 -0.188166 0.021462
e_18_19 18 19 7 0.0125 -0.176927 -0.0177868 0.0518289 0.28023 0.534629 -0.767842 -0.21462 0.02038
e_19_20 19 20 8 0.0125 -0.189002 -0.0170814 0.03571 0.206851 0.588801 -0.758707 -0.186787 0.020051
e_20_1 20 1 9 0.0125 -0.201032 -0.0179472 0.0198402 0.313216 0.612158 -0.702522 -0.18336 0.020099
e_1_21 1 21 1 0.0125 -0.205414 9.84448e-05 0.0144317 0.665792 -0.631803 -0.22322 -0.328206 0.039097
e_21_22 21 22 2 0.0125 -0.200898 0.0362127 0.0199343 0.708069 -0.605279 -0.179719 -0.31619 0.034618
e_22_4 22 4 3 0.0125 -0.196594 0.0657568 0.0259041 0.704944 -0.617086 -0.159782 -0.311013 0.026285
e_1_23 1 23 1 0.0125 -0.207478 -0.00928694 0.0136355 0.66424 -0.595982 -0.291446 -0.344455 0.02
e_23_24 23 24 2 0.0125 -0.206752 0.010398 0.0169582 0.704862 -0.580714 -0.237736 -0.330791 0.02
e_24_25 24 25 3 0.0125 -0.206185 0.0298608 0.0215009 0.713213 -0.559363 -0.257328 -0.334997 0.02
e_25_26 25 26 4 0.0125 -0.20569 0.0493707 0.0258288 0.695559 -0.584459 -0.25079 -0.334229 0.02
e_26_3 26 3 5 0.0125 -0.205393 0.0688981 0.0300813 0.708645 -0.554856 -0.273959 -0.338975 0.02
