5
1 22 21
3 0.328256 0.110484 0.086367 0.0125
23 0.294876 0.0958769 0.0593196 0.0125
22 0.279347 0.0827796 0.0404937 0.0125
4 0.296744 0.159242 0.0114394 0.0125
21 0.292856 0.139684 0.0146872 0.0125
20 0.288074 0.120476 0.0181924 0.0125
10 0.147563 -0.145571 0.0153203 0.0125
5 0.166729 -0.242938 0.0946389 0.0125
6 0.17268 -0.288499 0.12386 0.0125
9 0.15184 -0.225297 0.0679381 0.0125
2 0.124062 -0.191846 0.020022 0.0125
19 0.282338 0.102147 0.0238299 0.0125
8 0.150147 -0.243714 0.073319 0.0125
11 0.158358 -0.109155 0.0123785 0.0125
12 0.173002 -0.0784261 0.020142 0.0125
13 0.191578 -0.0548589 0.029471 0.0125
14 0.209566 -0.0233275 0.0311596 0.0125
15 0.21888 0.00107554 0.030428 0.0125
16 0.231348 0.017343 0.0301866 0.0125
17 0.245091 0.0320152 0.0273085 0.0125
18 0.25323 0.0503987 0.0258245 0.0125
1 0.26527 0.066333 0.0244824 0.0125
e_2_8 2 8 1 0.0125 0.137105 -0.21778 0.0466704 0.902248 0.384872 0.117227 0.155175 0.078811
e_8_6 8 6 2 0.0125 0.161413 -0.266106 0.0985898 0.90915 0.365694 0.106267 0.168588 0.071189
e_2_9 2 9 1 0.0125 0.137951 -0.208571 0.0439797 0.913171 0.31829 0.168577 0.190765 0.064703
e_9_5 9 5 2 0.0125 0.159285 -0.234117 0.0812888 0.916093 0.308098 0.163807 0.197526 0.035297
e_2_10 2 10 1 0.0125 0.135813 -0.168709 0.0176715 0.56204 -0.363753 0.642488 0.372832 0.052113
e_10_11 10 11 2 0.0125 0.152961 -0.127364 0.0138493 0.543562 -0.437994 0.588882 0.407332 0.038096
e_11_12 11 12 3 0.0125 0.165681 -0.0937904 0.0162606 0.666007 -0.339053 0.523311 0.409419 0.034914
e_12_13 12 13 4 0.0125 0.18229 -0.0666428 0.0248064 0.712209 -0.240603 0.541924 0.375749 0.031424
e_13_14 13 14 5 0.0125 0.200572 -0.0390926 0.0303157 0.615691 -0.330899 0.60603 0.379683 0.036341
e_14_15 14 15 6 0.0125 0.214223 -0.0111257 0.0307934 0.571225 -0.402265 0.59345 0.399626 0.02613
e_15_16 15 16 7 0.0125 0.225114 0.0092095 0.0303069 0.611298 -0.277351 0.654953 0.347028 0.020496
e_16_17 16 17 8 0.0125 0.238219 0.0246789 0.0287472 0.576899 -0.240876 0.716119 0.310388 0.020309
e_17_18 17 18 9 0.0125 0.24916 0.0412069 0.0265665 0.561371 -0.384929 0.623418 0.384763 0.020159
e_18_1 18 1 10 0.0125 0.25925 0.0583658 0.0251534 0.591445 -0.284423 0.672771 0.341579 0.020017
e_1_19 1 19 1 0.0125 0.273805 0.0842401 0.024156 0.585205 -0.36804 0.610552 0.386403 0.039679
e_19_20 19 20 2 0.0125 0.285206 0.111312 0.0210111 0.467006 -0.445523 0.66508 0.37561 0.020016
e_20_21 20 21 3 0.0125 0.290465 0.13008 0.0164402 0.500991 -0.463853 0.609925 0.402293 0.020102
e_21_4 21 4 4 0.0125 0.2948 0.149464 0.0130637 0.499617 -0.481777 0.590154 0.412301 0.020203
e_1_22 1 22 1 0.0125 0.272309 0.0745564 0.0324879 0.80355 -0.180129 0.412607 0.389381 0.026926
e_22_23 22 23 2 0.0125 0.287112 0.0893285 0.0499063 0.838369 -0.112469 0.384047 0.370129 0.027697
e_23_3 23 3 3 0.0125 0.311566 0.103179 0.0728433 0.83493 -0.0219716 0.44887 0.317686 0.045377
2 23 22
3 -0.26262 -0.126055 0.0124736 0.0125
24 -0.231499 -0.124346 0.0391916 0.0125
23 -0.21134 -0.120532 0.0539873 0.0125
4 -0.20133 -0.0229898 0.109589 0.0125
22 -0.19516 -0.045795 0.0985879 0.0125
1 -0.185835 -0.115357 0.0753236 0.0125
21 -0.175692 -0.0973316 0.0715405 0.0125
12 0.0564447 0.0268752 0.0725229 0.0125
11 0.0449459 0.0437503 0.067467 0.0125
10 0.0330878 0.0657174 0.0568901 0.0125
9 0.0218354 0.0847231 0.0518965 0.0125
2 -0.0150684 0.124325 0.0301599 0.0125
19 -0.145157 -0.0667926 0.0633689 0.0125
8 -0.00185366 0.107411 0.0370651 0.0125
6 0.0630364 0.00748199 0.0752324 0.0125
13 -0.0532161 0.183638 0.0598444 0.0125
5 -0.0654363 0.197183 0.0746361 0.0125
14 -0.0380455 0.0807576 0.0372071 0.0125
15 -0.050278 0.0641835 0.0388248 0.0125
16 -0.108215 -0.0105983 0.0482889 0.0125
17 -0.11916 -0.0318792 0.0509845 0.0125
18 -0.131545 -0.0489343 0.0574036 0.0125
20 -0.161023 -0.0832003 0.0696821 0.0125
e_2_8 2 8 1 0.0125 -0.00846144 0.115868 0.0336126 0.288515 0.504402 -0.304066 0.754905 0.022547
e_8_9 8 9 2 0.0125 0.00999128 0.0960678 0.0444808 0.261028 0.488722 -0.234834 0.798667 0.035999
e_9_10 9 10 3 0.0125 0.027462 0.0752199 0.0543932 0.322212 0.511305 -0.358207 0.711642 0.022645
e_10_11 10 11 4 0.0125 0.0390172 0.0547336 0.0621784 0.416293 0.469917 -0.290032 0.72233 0.027112
e_11_12 11 12 5 0.0125 0.0506952 0.0353129 0.0699942 0.295829 0.512945 -0.341641 0.729831 0.021036
e_12_6 12 6 6 0.0125 0.0597399 0.0171787 0.0738774 0.393031 0.506997 -0.421174 0.641165 0.020661
e_2_13 2 13 1 0.0125 -0.0341419 0.153981 0.045002 0.509839 -0.0480914 -0.551097 -0.658819 0.076514
e_13_5 13 5 2 0.0125 -0.0593265 0.19041 0.0672399 0.722651 -0.0830091 -0.422156 -0.54099 0.023486
e_2_14 2 14 1 0.0125 -0.0265573 0.102542 0.0336836 0.681543 0.390839 -0.525765 0.326061 0.049757
e_14_15 14 15 2 0.0125 -0.0441616 0.0724704 0.0380166 0.690319 0.376132 -0.565132 0.25022 0.020663
e_15_16 15 16 3 0.0125 -0.0792467 0.0267931 0.0435573 0.701304 0.368278 -0.560891 0.240718 0.095071
e_16_17 16 17 4 0.0125 -0.113688 -0.0212385 0.0496368 0.669469 0.397877 -0.534529 0.328305 0.024082
e_17_18 17 18 5 0.0125 -0.125352 -0.0404063 0.0541945 0.757359 0.337117 -0.490605 0.268453 0.022033
e_18_19 18 19 6 0.0125 -0.138352 -0.0578634 0.060386 0.750502 0.340036 -0.505959 0.2552 0.023235
e_19_20 19 20 7 0.0125 -0.15309 -0.0749964 0.0665255 0.770748 0.316821 -0.516057 0.198135 0.023681
e_20_21 20 21 8 0.0125 -0.168357 -0.0902666 0.0706115 0.718778 0.343721 -0.580031 0.16964 0.020453
e_21_1 21 1 9 0.0125 -0.180764 -0.106344 0.0734317 0.699898 0.379168 -0.516031 0.316366 0.021026
e_1_22 1 22 1 0.0125 -0.190498 -0.0805761 0.0869554 0.195348 -0.0643089 -0.581845 -0.786867 0.07394
e_22_4 22 4 2 0.0125 -0.198246 -0.0343926 0.104088 0.362761 -0.0964893 -0.528789 -0.761234 0.02606
e_1_23 1 23 1 0.0125 -0.198588 -0.117944 0.0646549 0.416389 0.37809 -0.821003 -0.0980945 0.033652
e_23_24 23 24 2 0.0125 -0.22142 -0.122439 0.0465899 0.442833 0.366187 -0.811398 -0.106951 0.025296
e_24_3 24 3 3 0.0125 -0.24706 -0.1252 0.0258324 0.391453 0.363881 -0.832471 -0.146106 0.041052
3 22 21
3 -0.365453 -0.230712 0.090691 0.0125
23 -0.358611 -0.216102 0.0702368 0.0125
22 -0.350286 -0.201441 0.0503108 0.0125
4 -0.272743 -0.209841 0.0576894 0.0125
21 -0.290297 -0.201204 0.0523199 0.0125
20 -0.307737 -0.192159 0.0480733 0.0125
5 -0.162931 -0.12269 0.0152139 0.0125
10 -0.139466 -0.113755 0.0139612 0.0125
6 0.0783902 -0.0645216 0.0114885 0.0125
9 -0.11318 -0.107357 0.0203019 0.0125
2 -0.0663236 -0.10285 0.0199783 0.0125
19 -0.328251 -0.184557 0.0364406 0.0125
8 0.0366334 -0.0752083 0.015748 0.0125
11 -0.0956174 -0.102034 0.0281858 0.0125
12 -0.148493 -0.110288 0.031056 0.0125
13 -0.189542 -0.131238 0.0339649 0.0125
14 -0.227641 -0.148652 0.0344324 0.0125
15 -0.267209 -0.161007 0.0233637 0.0125
16 -0.289472 -0.164988 0.0224476 0.0125
17 -0.309116 -0.16942 0.0191355 0.0125
18 -0.329477 -0.173632 0.0162085 0.0125
1 -0.349907 -0.173414 0.0115341 0.0125
e_2_8 2 8 1 0.0125 -0.0148456 -0.0890291 0.0178638 0.103553 0.660571 0.28891 0.685167 0.106687
e_8_6 8 6 2 0.0125 0.0575118 -0.0698643 0.0136181 0.275513 0.579314 0.462142 0.612301 0.043313
e_2_9 2 9 1 0.0125 -0.089752 -0.105103 0.0201401 -0.692035 -0.220633 0.669237 0.156624 0.047075
e_9_10 9 10 2 0.0125 -0.126324 -0.110556 0.017132 -0.615072 -0.290189 0.727944 0.087032 0.027786
e_10_5 10 5 3 0.0125 -0.151199 -0.118222 0.0145876 -0.721233 -0.305352 0.617937 0.0688249 0.025139
e_2_11 2 11 1 0.0125 -0.0809705 -0.102442 0.0240816 -0.765997 -0.150074 0.585352 0.219292 0.030433
e_11_12 11 12 2 0.0125 -0.122056 -0.106161 0.0296202 -0.712021 -0.235871 0.64621 0.140728 0.053592
e_12_13 12 13 3 0.0125 -0.169017 -0.120764 0.0325102 -0.728303 -0.33826 0.595046 0.0327841 0.046178
e_13_14 13 14 4 0.0125 -0.208591 -0.139946 0.0341988 -0.709749 -0.330308 0.620739 0.0428504 0.041892
e_14_15 14 15 5 0.0125 -0.247425 -0.154829 0.0288987 -0.605857 -0.313236 0.728608 0.0628595 0.042905
e_15_16 15 16 6 0.0125 -0.278341 -0.162998 0.0229061 -0.681298 -0.252881 0.675495 0.124861 0.022635
e_16_17 16 17 7 0.0125 -0.299294 -0.167205 0.0207917 -0.639623 -0.279156 0.709383 0.098636 0.020408
e_17_18 17 18 8 0.0125 -0.319297 -0.171526 0.0176722 -0.64723 -0.27118 0.704379 0.10679 0.020997
e_18_1 18 1 9 0.0125 -0.339692 -0.173523 0.0138709 -0.599449 -0.206099 0.754352 0.170696 0.020959
e_1_19 1 19 1 0.0125 -0.33908 -0.178985 0.0239869 -0.925518 -0.183538 -0.32989 -0.0300385 0.034836
e_19_20 19 20 2 0.0125 -0.317993 -0.188359 0.0422567 -0.841556 -0.267463 -0.44014 -0.162861 0.024779
e_20_21 20 21 3 0.0125 -0.299017 -0.196682 0.050197 -0.634512 -0.5585 -0.287102 -0.450605 0.020099
e_21_4 21 4 4 0.0125 -0.28152 -0.205523 0.0550047 -0.687542 -0.5048 -0.335937 -0.399511 0.020287
e_1_22 1 22 1 0.0125 -0.350097 -0.187427 0.030922 -0.950435 -0.307336 0.0182104 -0.0434344 0.047848
e_22_23 22 23 2 0.0125 -0.354449 -0.208772 0.0602738 -0.93899 -0.299689 0.168741 0.00342508 0.026101
e_23_3 23 3 3 0.0125 -0.362032 -0.223407 0.0804639 -0.944759 -0.296746 0.139184 -0.000630231 0.026051
4 28 27
3 0.0198078 0.0279936 0.0792625 0.0125
29 0.0215605 0.00984971 0.0710328 0.0125
28 0.0241589 -0.00742294 0.0612899 0.0125
27 0.0254432 -0.0225184 0.048233 0.0125
26 0.0308463 -0.0352366 0.0337744 0.0125
4 -0.0439535 -0.0896832 0.0612738 0.0125
25 -0.0227757 -0.0797822 0.0513212 0.0125
24 0.0186961 -0.0588888 0.0300623 0.0125
1 0.0378312 -0.0487949 0.0208369 0.0125
23 0.0245385 -0.0339015 0.0224752 0.0125
22 0.0138853 -0.0167707 0.020716 0.0125
21 0.00288748 0.000979481 0.0185266 0.0125
11 -0.105963 0.207298 0.0222896 0.0125
6 -0.0602257 0.111593 0.121473 0.0125
10 -0.067393 0.136004 0.10125 0.0125
9 -0.0716941 0.15446 0.0844509 0.0125
2 -0.0883 0.215044 0.0169965 0.0125
19 -0.0218741 0.031997 0.0126144 0.0125
8 -0.077082 0.174435 0.061999 0.0125
12 -0.123513 0.198309 0.0256354 0.0125
13 -0.142155 0.191476 0.0280447 0.0125
14 -0.161613 0.188934 0.0319045 0.0125
5 -0.17938 0.190267 0.0409925 0.0125
15 -0.0857976 0.175855 0.0142788 0.0125
16 -0.0783779 0.144484 0.0142948 0.0125
17 -0.0493914 0.0796351 0.0136279 0.0125
18 -0.0413609 0.058987 0.0134775 0.0125
20 -0.0085549 0.0162565 0.0125036 0.0125
e_2_8 2 8 1 0.0125 -0.0826914 0.19474 0.0394977 0.924987 0.362413 0.0603542 0.0970236 0.061644
e_8_9 8 9 2 0.0125 -0.0743877 0.164448 0.0732251 0.926715 0.358978 0.0586782 0.0942966 0.030532
e_9_10 9 10 3 0.0125 -0.0695436 0.145232 0.0928507 0.904308 0.408255 0.0406938 0.117891 0.025325
e_10_6 10 6 4 0.0125 -0.0638095 0.123798 0.111362 0.889972 0.430834 0.0570206 0.138134 0.032499
e_2_11 2 11 1 0.0125 -0.097132 0.21117 0.0196426 0.78684 0.321235 -0.514278 -0.114924 0.02
e_11_12 11 12 2 0.0125 -0.114738 0.202803 0.0239624 0.75805 0.363178 -0.533344 -0.0948969 0.02
e_12_13 12 13 3 0.0125 -0.132835 0.194893 0.02684 0.737839 0.329662 -0.5754 -0.125825 0.02
e_13_14 13 14 4 0.0125 -0.151884 0.190205 0.0299741 0.749411 0.232141 -0.591288 -0.186744 0.02
e_14_5 14 5 5 0.0125 -0.170496 0.189601 0.0364486 0.819408 0.106684 -0.511282 -0.236176 0.02
e_2_15 2 15 1 0.0125 -0.0870492 0.195449 0.0156378 0.643014 0.703222 -0.199991 0.22807 0.039363
e_15_16 15 16 2 0.0125 -0.0820885 0.16017 0.0142869 0.657842 0.699632 -0.101352 0.259781 0.032236
e_16_17 16 17 3 0.0125 -0.0638846 0.112059 0.013961 0.636638 0.710277 -0.0142181 0.299995 0.071036
e_17_18 17 18 4 0.0125 -0.0453765 0.0693109 0.0135529 0.642343 0.708511 -0.0375292 0.289826 0.022156
e_18_19 18 19 5 0.0125 -0.0316181 0.0454916 0.0130455 0.609682 0.711305 0.0837079 0.339596 0.033301
e_19_20 19 20 6 0.0125 -0.0152148 0.0241266 0.0125584 0.613236 0.696792 0.130977 0.348236 0.020619
e_20_21 20 21 7 0.0125 -0.00283371 0.00861799 0.0155151 0.75933 0.564967 0.174226 0.271801 0.020015
e_21_22 21 22 8 0.0125 0.00838601 -0.00789622 0.0196212 0.677337 0.663494 0.0873516 0.30555 0.020996
e_22_23 22 23 9 0.0125 0.0192119 -0.0253361 0.0215956 0.669262 0.670531 0.0833886 0.309068 0.020249
e_23_1 23 1 10 0.0125 0.0311849 -0.0413482 0.0216561 0.570864 0.726085 0.117048 0.364986 0.020029
e_1_24 1 24 1 0.0125 0.0282634 -0.0538416 0.0254493 0.828124 0.314723 -0.452562 -0.10172 0.023519
e_24_25 24 25 2 0.0125 -0.00203981 -0.0693355 0.0406917 0.834621 0.302661 -0.447515 -0.107399 0.051072
e_25_4 25 4 3 0.0125 -0.033365 -0.0847329 0.0562977 0.826394 0.29948 -0.463099 -0.113681 0.025409
e_1_26 1 26 1 0.0125 0.0343385 -0.0420151 0.0273056 0.826976 -0.261186 -0.329139 -0.373578 0.02
e_26_27 26 27 2 0.0125 0.0281445 -0.0288769 0.0410037 0.857762 -0.261003 -0.26537 -0.354543 0.02
e_27_28 27 28 3 0.0125 0.0248007 -0.0149709 0.0547617 0.82391 -0.361302 -0.20743 -0.384194 0.02
e_28_29 28 29 4 0.0125 0.0228604 0.00121296 0.0661612 0.746292 -0.395672 -0.31606 -0.43197 0.02
e_29_3 29 3 5 0.0125 0.0206841 0.0189217 0.0751476 0.708833 -0.427566 -0.333812 -0.450902 0.02
5 21 20
3 -0.139442 0.1793 0.0955887 0.0125
22 -0.18306 0.196128 0.0386882 0.0125
4 -0.236879 0.110599 0.0323329 0.0125
21 -0.231079 0.129777 0.0317844 0.0125
20 -0.217945 0.1499 0.0317302 0.0125
11 -0.352406 0.215551 0.211043 0.0125
10 -0.372162 0.215696 0.214155 0.0125
6 -0.559939 0.217045 0.207924 0.0125
9 -0.39189 0.216071 0.217424 0.0125
2 -0.411873 0.216848 0.217622 0.0125
19 -0.212431 0.169324 0.0300597 0.0125
8 -0.474282 0.214724 0.202874 0.0125
12 -0.332617 0.215384 0.20815 0.0125
5 -0.314294 0.214069 0.200241 0.0125
13 -0.377025 0.217798 0.205004 0.0125
14 -0.352046 0.220189 0.191944 0.0125
15 -0.254266 0.211141 0.0932723 0.0125
16 -0.231859 0.20742 0.0694959 0.0125
17 -0.221669 0.203674 0.0499579 0.0125
18 -0.212433 0.200248 0.0324134 0.0125
1 -0.198683 0.199863 0.0177923 0.0125
e_2_8 2 8 1 0.0125 -0.443078 0.215786 0.210249 0.537734 -0.36803 -0.692439 0.309715 0.064163
e_8_6 8 6 2 0.0125 -0.517111 0.215884 0.205399 0.642606 -0.338054 -0.596912 0.341282 0.085837
e_2_9 2 9 1 0.0125 -0.401881 0.216459 0.217523 -0.698928 -0.109147 -0.702163 -0.0809564 0.02
e_9_10 9 10 2 0.0125 -0.382025 0.215884 0.21579 -0.560846 -0.392294 -0.65408 -0.322081 0.02
e_10_11 10 11 3 0.0125 -0.362284 0.215624 0.212599 -0.539572 -0.428157 -0.628093 -0.361998 0.02
e_11_12 11 12 4 0.0125 -0.342512 0.215467 0.209597 -0.543243 -0.426474 -0.624848 -0.364105 0.02
e_12_5 12 5 5 0.0125 -0.323456 0.214726 0.204195 -0.514762 -0.348603 -0.759086 -0.193093 0.02
e_2_13 2 13 1 0.0125 -0.394449 0.217324 0.211313 -0.456592 -0.478643 -0.664131 -0.348361 0.037075
e_13_14 13 14 2 0.0125 -0.364535 0.218994 0.198474 -0.369366 -0.539604 -0.663074 -0.364322 0.028287
e_14_15 14 15 3 0.0125 -0.303156 0.215665 0.142608 -0.354861 -0.417518 -0.82467 -0.140252 0.139209
e_15_16 15 16 4 0.0125 -0.243063 0.20928 0.0813841 -0.359498 -0.383177 -0.845409 -0.0960184 0.032881
e_16_17 16 17 5 0.0125 -0.226764 0.205547 0.0597276 -0.250516 -0.383878 -0.888643 -0.0139174 0.022352
e_17_18 17 18 6 0.0125 -0.217051 0.201961 0.0411859 -0.252692 -0.381772 -0.888951 -0.0127667 0.020121
e_18_1 18 1 7 0.0125 -0.205559 0.200055 0.0251032 -0.326279 -0.455262 -0.810489 -0.171425 0.020074
e_1_19 1 19 1 0.0125 -0.205557 0.184594 0.0239263 0.465333 0.102901 -0.563417 0.674862 0.035666
e_19_20 19 20 2 0.0125 -0.215188 0.159611 0.0308951 0.315552 0.112403 -0.667945 0.664561 0.020261
e_20_21 20 21 3 0.0125 -0.224512 0.139838 0.031757 0.379479 -0.00883733 -0.706255 0.597597 0.024029
e_21_4 21 4 4 0.0125 -0.233979 0.120188 0.0320593 0.299087 0.095085 -0.690843 0.651338 0.020043
e_1_22 1 22 1 0.0125 -0.190871 0.197996 0.0282405 0.781559 0.238455 0.216182 0.534387 0.026356
e_22_3 22 3 2 0.0125 -0.161251 0.187714 0.0671381 0.73377 0.291668 0.169131 0.589836 0.073644
