5
1 17 16
3 0.388099 -0.0815376 0.0188118 0.0125
11 0.216249 -0.260142 0.0197215 0.0125
10 0.1918 -0.254712 0.0148458 0.0125
6 0.0824371 -0.138765 0.0470771 0.0125
9 0.115054 -0.175291 0.0219155 0.0125
2 0.162112 -0.256987 0.0123917 0.0125
8 0.124526 -0.192709 0.0175283 0.0125
12 0.2392 -0.267096 0.0240842 0.0125
5 0.258018 -0.273029 0.0285689 0.0125
13 0.25873 -0.181583 0.0229924 0.0125
14 0.277878 -0.152084 0.0256059 0.0125
15 0.308112 -0.066356 0.0512446 0.0125
16 0.315251 -0.042049 0.0608595 0.0125
1 0.322977 -0.0246026 0.0674005 0.0125
18 0.342664 -0.0491696 0.0471852 0.0125
17 0.291798 0.00580948 0.130688 0.0125
4 0.282554 0.0121401 0.150973 0.0125
e_2_8 2 8 1 0.0125 0.143319 -0.224848 0.01496 -0.660157 0.38397 0.564054 0.314012 0.074638
e_8_9 8 9 2 0.0125 0.119789 -0.184 0.0197216 -0.731461 0.412318 0.471133 0.270169 0.020306
e_9_6 9 6 3 0.0125 0.0987453 -0.157028 0.0344966 -0.696506 0.517748 0.0585588 -0.493343 0.055056
e_2_10 2 10 1 0.0125 0.176957 -0.255849 0.0136189 0.721053 -0.18431 0.651887 -0.145451 0.029877
e_10_11 10 11 2 0.0125 0.204025 -0.257427 0.0172836 0.702424 -0.131579 0.622213 -0.319592 0.025515
e_11_12 11 12 3 0.0125 0.227724 -0.263619 0.021902 0.684475 -0.112162 0.630817 -0.347826 0.024374
e_12_5 12 5 4 0.0125 0.248609 -0.270063 0.0263265 0.690107 -0.113659 0.613396 -0.366851 0.020234
e_2_13 2 13 1 0.0125 0.210421 -0.219285 0.0176921 0.716915 -0.281179 0.614697 0.170645 0.123017
e_13_14 13 14 2 0.0125 0.268304 -0.166834 0.0242992 0.625616 -0.294269 0.613471 0.381661 0.035264
e_14_15 14 15 3 0.0125 0.292995 -0.10922 0.0384256 0.662353 -0.361089 0.48362 0.443863 0.094451
e_15_16 15 16 4 0.0125 0.311682 -0.0542022 0.0560526 0.71658 -0.395713 0.407439 0.404867 0.027097
e_16_1 16 1 5 0.0125 0.319114 -0.0333256 0.0641306 0.737448 -0.382153 0.437945 0.343997 0.020171
e_1_17 1 17 1 0.0125 0.307388 -0.00939618 0.0990447 0.0369981 0.204307 -0.215351 -0.954208 0.076825
e_17_4 17 4 2 0.0125 0.287176 0.00897444 0.140831 0.0909108 0.191814 -0.159744 -0.964067 0.023175
e_1_18 1 18 1 0.0125 0.332821 -0.036886 0.0572938 0.346096 0.114646 0.870072 -0.331735 0.037414
e_18_3 18 3 2 0.0125 0.365381 -0.0653529 0.0329984 0.441479 0.045793 0.851221 -0.280039 0.062586
2 22 21
3 -0.378318 -0.0585589 0.175628 0.0125
23 -0.387283 -0.0365365 0.18957 0.0125
22 -0.388946 -0.0199954 0.204331 0.0125
21 -0.39393 -0.00489739 0.219291 0.0125
4 -0.469882 0.026735 0.165507 0.0125
20 -0.455694 0.025785 0.18122 0.0125
6 -0.0794813 -0.123301 0.0114784 0.0125
11 -0.0860487 -0.104553 0.0189587 0.0125
10 -0.0981183 -0.0889866 0.0275489 0.0125
9 -0.110845 -0.0726423 0.0356501 0.0125
2 -0.15711 -0.00970039 0.0692653 0.0125
19 -0.437703 0.0240252 0.199857 0.0125
8 -0.135321 -0.0392213 0.053445 0.0125
12 -0.123564 0.0118748 0.0372594 0.0125
13 -0.107468 0.027071 0.0245963 0.0125
5 -0.0933454 0.0400601 0.0112752 0.0125
14 -0.171981 -0.0129932 0.0867487 0.0125
15 -0.260017 0.000136031 0.153245 0.0125
16 -0.279903 -0.00319858 0.170003 0.0125
17 -0.345675 -0.0028588 0.209264 0.0125
18 -0.368478 0.00410708 0.21748 0.0125
1 -0.398676 0.0182415 0.235012 0.0125
e_2_8 2 8 1 0.0125 -0.146216 -0.0244607 0.061356 0.489498 0.824249 0.1363 0.249855 0.039956
e_8_9 8 9 2 0.0125 -0.123083 -0.0559315 0.0445481 0.490414 0.824165 0.134538 0.249291 0.045086
e_9_10 9 10 3 0.0125 -0.104482 -0.0808148 0.0316001 0.506308 0.808431 0.168948 0.248086 0.022242
e_10_11 10 11 4 0.0125 -0.0920831 -0.09677 0.0232541 0.485975 0.823116 0.149541 0.252876 0.021489
e_11_6 11 6 5 0.0125 -0.0827652 -0.113927 0.0152191 0.530154 0.821827 -0.0285797 0.206687 0.021226
e_2_12 2 12 1 0.0125 -0.140338 0.00108772 0.0532626 0.19703 -0.897247 -0.0887352 -0.385037 0.051139
e_12_13 12 13 2 0.0125 -0.115517 0.0194735 0.0309278 0.319572 -0.863138 -0.057164 -0.386781 0.025502
e_13_5 13 5 3 0.0125 -0.100408 0.0335657 0.0179358 0.231855 -0.864787 -0.193135 -0.401355 0.023359
e_2_14 2 14 1 0.0125 -0.164546 -0.0113464 0.0780072 0.919791 0.138825 -0.322058 -0.176041 0.023187
e_14_15 14 15 2 0.0125 -0.215998 -0.00642825 0.119997 0.864851 0.0483201 -0.445437 -0.226459 0.111105
e_15_16 15 16 3 0.0125 -0.26996 -0.00153096 0.161625 0.88699 0.15265 -0.396389 -0.181169 0.02622
e_16_17 16 17 4 0.0125 -0.312789 -0.00302805 0.189634 0.844896 0.114458 -0.480231 -0.205982 0.076598
e_17_18 17 18 5 0.0125 -0.357076 0.000623934 0.213372 0.773779 0.0115188 -0.580506 -0.253271 0.025219
e_18_1 18 1 6 0.0125 -0.383577 0.0111748 0.226246 0.811722 -0.0592133 -0.513605 -0.271682 0.03767
e_1_19 1 19 1 0.0125 -0.418189 0.0211336 0.217435 0.374724 0.239701 -0.880437 -0.164184 0.052844
e_19_20 19 20 2 0.0125 -0.446699 0.0249048 0.190539 0.345884 0.276566 -0.884551 -0.146442 0.025963
e_20_4 20 4 3 0.0125 -0.462788 0.0262602 0.173364 0.33251 0.296531 -0.884756 -0.136793 0.021193
e_1_21 1 21 1 0.0125 -0.396303 0.00667171 0.227152 0.427852 0.857358 -0.204871 0.199766 0.028373
e_21_22 21 22 2 0.0125 -0.391438 -0.0124461 0.211812 0.330711 0.885592 -0.24155 0.219115 0.021832
e_22_23 22 23 3 0.0125 -0.388115 -0.0282661 0.196951 0.3667 0.852702 -0.323874 0.18313 0.022232
e_23_3 23 3 4 0.0125 -0.382801 -0.0475471 0.182599 0.442065 0.864312 -0.076579 0.22733 0.027564
3 18 17
3 0.126155 -0.126272 0.131391 0.0125
19 0.120892 -0.10046 0.084663 0.0125
6 0.252929 -0.180954 0.0799119 0.0125
11 0.254196 -0.198816 0.0910389 0.0125
10 0.25629 -0.214517 0.103401 0.0125
9 0.261017 -0.228123 0.118486 0.0125
2 0.264752 -0.288504 0.181418 0.0125
8 0.264443 -0.266417 0.150856 0.0125
12 0.25078 -0.269991 0.178785 0.0125
5 0.206903 -0.208021 0.16825 0.0125
13 0.23601 -0.256872 0.164945 0.0125
14 0.147178 -0.1517 0.108594 0.0125
15 0.133498 -0.131766 0.0990288 0.0125
16 0.124102 -0.114253 0.0876958 0.0125
17 0.108972 -0.0941882 0.0629431 0.0125
1 0.103273 -0.0844785 0.0448739 0.0125
18 0.0916086 -0.0359098 0.0239175 0.0125
4 0.0876678 0.0080312 0.0114975 0.0125
e_2_8 2 8 1 0.0125 0.264598 -0.27746 0.166137 0.137789 -0.437723 0.844768 0.275281 0.037709
e_8_9 8 9 2 0.0125 0.26273 -0.247269 0.13467 0.267803 -0.63571 0.646458 0.325954 0.050258
e_9_10 9 10 3 0.0125 0.258653 -0.22132 0.110944 0.0733432 -0.47153 0.799542 0.364709 0.020857
e_10_11 10 11 4 0.0125 0.255243 -0.206667 0.0972201 0.281367 -0.662598 0.60713 0.336436 0.020093
e_11_6 11 6 5 0.0125 0.253563 -0.189886 0.0854753 0.385369 -0.72907 0.482024 0.295975 0.021082
e_2_12 2 12 1 0.0125 0.257767 -0.279248 0.180101 0.618778 -0.3869 -0.637735 -0.246407 0.023342
e_12_5 12 5 2 0.0125 0.228842 -0.239006 0.173518 0.630576 -0.469212 -0.590381 -0.183479 0.076658
e_2_13 2 13 1 0.0125 0.250381 -0.272688 0.173182 0.565237 -0.635174 -0.525718 0.0261326 0.045804
e_13_14 13 14 2 0.0125 0.191594 -0.204285 0.136769 0.505226 -0.801192 -0.217944 0.235244 0.148754
e_14_15 14 15 3 0.0125 0.140338 -0.141733 0.103812 0.49619 -0.821823 -0.0924772 0.264292 0.025999
e_15_16 15 16 4 0.0125 0.1288 -0.12301 0.0933626 0.267253 -0.751526 0.427651 0.425322 0.022879
e_16_17 16 17 5 0.0125 0.116536 -0.104221 0.0753198 -0.151188 -0.22269 0.895142 0.355349 0.035273
e_17_1 17 1 6 0.0125 0.106123 -0.0893335 0.0539094 -0.0945355 -0.171947 0.945936 0.258269 0.021291
e_1_18 1 18 1 0.0125 0.0974411 -0.0601933 0.0343955 0.487095 -0.80479 0.213897 0.263248 0.054168
e_18_4 18 4 2 0.0125 0.0896384 -0.0139385 0.0177073 0.58359 -0.785731 0.134608 0.154693 0.045832
e_1_19 1 19 1 0.0125 0.112083 -0.0924692 0.0647681 0.707757 -0.00254047 0.26616 -0.654394 0.046358
e_19_3 19 3 2 0.0125 0.123524 -0.113366 0.108027 0.64889 0.12927 0.218483 -0.717284 0.053642
4 24 23
3 -0.00714508 0.0157324 0.0449552 0.0125
25 -0.0365463 0.00911924 0.0446129 0.0125
24 -0.060279 0.00282041 0.0448893 0.0125
4 -0.104877 0.0827217 0.0433521 0.0125
23 -0.0992675 0.0593789 0.0455473 0.0125
22 -0.0980218 0.0372308 0.0501881 0.0125
21 -0.102914 0.00778172 0.0522854 0.0125
1 -0.101785 -0.015084 0.047937 0.0125
11 0.130942 0.0240422 0.0269584 0.0125
10 0.149925 0.0254618 0.0336792 0.0125
6 0.221333 0.110176 0.1662 0.0125
9 0.214501 0.0933311 0.145271 0.0125
2 0.193278 0.0128663 0.0557947 0.0125
19 -0.0636773 -0.00363406 0.051892 0.0125
8 0.208123 0.0729268 0.119652 0.0125
5 0.105974 0.0272144 0.0114923 0.0125
12 0.100797 0.00105394 0.0506741 0.0125
13 0.0582829 -0.00757723 0.0548873 0.0125
14 0.0371021 -0.00927893 0.0512602 0.0125
15 0.0166675 -0.00586109 0.0494737 0.0125
16 -0.00335168 -0.005548 0.0496724 0.0125
17 -0.0238359 -0.00454956 0.0511985 0.0125
18 -0.0437362 -0.00367669 0.0535779 0.0125
20 -0.0829977 -0.00851739 0.050124 0.0125
e_2_8 2 8 1 0.0125 0.2007 0.0428962 0.0877232 0.784974 -0.356505 -0.117489 -0.492866 0.088912
e_8_9 8 9 2 0.0125 0.211312 0.0831287 0.132462 0.784568 -0.327396 -0.0943594 -0.518036 0.033368
e_9_6 9 6 3 0.0125 0.217917 0.101753 0.155736 0.772383 -0.341862 -0.0750513 -0.530021 0.02772
e_2_10 2 10 1 0.0125 0.171602 0.0191632 0.0447368 0.452097 -0.625733 -0.573079 0.275041 0.050272
e_10_11 10 11 2 0.0125 0.140433 0.0247516 0.0303187 0.435529 -0.488733 -0.653904 0.379294 0.020187
e_11_5 11 5 3 0.0125 0.118458 0.0256283 0.0192253 0.356802 -0.671231 -0.557871 0.333049 0.029541
e_2_12 2 12 1 0.0125 0.147038 0.00695984 0.0532347 0.629615 -0.204938 -0.696718 0.275987 0.093373
e_12_13 12 13 2 0.0125 0.0795397 -0.00326177 0.0527814 0.718517 -0.0295294 -0.671414 0.179068 0.043585
e_13_14 13 14 3 0.0125 0.0476925 -0.0084282 0.0530745 0.557672 -0.3296 -0.68957 0.323818 0.021557
e_14_15 14 15 4 0.0125 0.0268848 -0.00757001 0.050367 0.641147 -0.345799 -0.650681 0.214399 0.020795
e_15_16 15 16 5 0.0125 0.00665792 -0.00570442 0.0495723 0.679986 -0.214788 -0.670004 0.206347 0.020022
e_16_17 16 17 6 0.0125 -0.0135932 -0.0050492 0.0504353 0.714561 -0.183275 -0.655211 0.162823 0.020565
e_17_18 17 18 7 0.0125 -0.033786 -0.00411313 0.0523882 0.735169 -0.150304 -0.646607 0.13724 0.020061
e_18_19 18 19 8 0.0125 -0.0537065 -0.00365565 0.0527352 0.624851 -0.284015 -0.679308 0.259686 0.020012
e_19_20 19 20 9 0.0125 -0.0733375 -0.00607572 0.051008 0.591643 -0.186106 -0.713833 0.325216 0.020006
e_20_1 20 1 10 0.0125 -0.0923916 -0.0118013 0.04903 0.561421 -0.173401 -0.724255 0.360824 0.020022
e_1_21 1 21 1 0.0125 -0.102349 -0.00365077 0.0501112 0.717213 -0.581624 -0.261553 -0.280906 0.023303
e_21_22 21 22 2 0.0125 -0.100468 0.0225065 0.0512364 0.620093 -0.70606 -0.191111 -0.28362 0.029925
e_22_23 22 23 3 0.0125 -0.0986438 0.0483048 0.0478677 0.603005 -0.728287 -0.268287 -0.184404 0.022663
e_23_4 23 4 4 0.0125 -0.102072 0.0710504 0.0444501 0.656224 -0.659526 -0.332497 -0.154405 0.024108
e_1_24 1 24 1 0.0125 -0.0810316 -0.00613158 0.0464128 0.418377 -0.7074 0.182253 -0.539749 0.045307
e_24_25 24 25 2 0.0125 -0.0484126 0.00596983 0.0447511 0.395646 -0.670787 0.235955 -0.581236 0.024555
e_25_3 25 3 3 0.0125 -0.0218451 0.0124254 0.044784 0.39204 -0.657349 0.249438 -0.593276 0.030138
5 27 26
3 0.196465 -0.0859639 0.0119731 0.0125
28 0.186909 -0.0922716 0.0305814 0.0125
27 0.177498 -0.0982476 0.0484435 0.0125
4 0.177678 -0.019943 0.105069 0.0125
26 0.165602 -0.0357555 0.107103 0.0125
25 0.156413 -0.0533219 0.104459 0.0125
24 0.152845 -0.0724422 0.0998041 0.0125
23 0.150959 -0.0923091 0.0984789 0.0125
1 0.150629 -0.112239 0.0968399 0.0125
22 0.146241 -0.093688 0.0907847 0.0125
21 0.144028 -0.0743577 0.0860792 0.0125
11 0.088342 0.151815 0.0178985 0.0125
6 0.189549 0.23883 0.0514317 0.0125
10 0.159665 0.213684 0.0379446 0.0125
9 0.135156 0.199863 0.0293849 0.0125
2 0.0699103 0.158728 0.0119295 0.0125
19 0.134746 -0.0349742 0.0863696 0.0125
8 0.10644 0.183134 0.024373 0.0125
12 0.10842 0.14258 0.027541 0.0125
13 0.12702 0.133373 0.0397172 0.0125
5 0.15216 0.123632 0.0555294 0.0125
14 0.079336 0.11452 0.031184 0.0125
15 0.0852275 0.0946162 0.0403143 0.0125
16 0.102693 0.049395 0.061986 0.0125
17 0.116097 0.00346936 0.0772179 0.0125
18 0.123058 -0.0153528 0.0843708 0.0125
20 0.139898 -0.0546459 0.0844359 0.0125
e_2_8 2 8 1 0.0125 0.0881752 0.170931 0.0181513 0.79739 -0.321959 0.509986 0.0206387 0.045661
e_8_9 8 9 2 0.0125 0.120797 0.191498 0.0268792 0.757689 -0.312 0.57279 0.0217896 0.033608
e_9_10 9 10 3 0.0125 0.14741 0.206773 0.0336643 0.803351 -0.28489 0.522808 0.0116555 0.029411
e_10_6 10 6 4 0.0125 0.174607 0.226257 0.0446875 0.813915 -0.358451 0.4564 0.0274734 0.04132
e_2_11 2 11 1 0.0125 0.0791262 0.155271 0.014914 0.798312 0.14666 0.57741 -0.0882432 0.020571
e_11_12 11 12 2 0.0125 0.0983817 0.147197 0.0227196 0.831034 0.169922 0.52075 -0.0965806 0.024112
e_12_13 12 13 3 0.0125 0.117721 0.137976 0.0336289 0.862104 0.168254 0.467629 -0.0989459 0.024062
e_13_5 13 5 4 0.0125 0.13959 0.128502 0.0476235 0.86304 0.130484 0.479602 -0.0900946 0.031255
e_2_14 2 14 1 0.0125 0.0746226 0.136625 0.0215565 0.815522 0.502963 0.225995 -0.175724 0.049131
e_14_15 14 15 2 0.0125 0.0822817 0.104568 0.0357492 0.819853 0.481416 0.258707 -0.170732 0.022678
e_15_16 15 16 3 0.0125 0.0939605 0.0720056 0.0511499 0.822621 0.458883 0.292178 -0.165388 0.053099
e_16_17 16 17 4 0.0125 0.109395 0.0264321 0.0696017 0.787772 0.516723 0.285139 -0.176376 0.050209
e_17_18 17 18 5 0.0125 0.119578 -0.00594232 0.0807946 0.799326 0.487087 0.308037 -0.170113 0.021304
e_18_19 18 19 6 0.0125 0.128901 -0.025163 0.0853697 0.718975 0.489386 0.465717 -0.163352 0.022926
e_19_20 19 20 7 0.0125 0.137321 -0.0448105 0.0854034 0.644837 0.632443 0.383859 -0.191975 0.020427
e_20_21 20 21 8 0.0125 0.141964 -0.0645024 0.0852578 0.710072 0.604485 0.306494 -0.190937 0.020207
e_21_22 21 22 9 0.0125 0.145135 -0.0840228 0.0884315 0.762585 0.579282 0.216577 -0.18971 0.020017
e_22_1 22 1 10 0.0125 0.148434 -0.102964 0.0938121 0.786839 0.529938 0.26037 -0.179606 0.020002
e_1_23 1 23 1 0.0125 0.150794 -0.102274 0.0976594 0.728226 -0.669122 0.106252 0.103307 0.02
e_23_24 23 24 2 0.0125 0.151901 -0.0823756 0.0991413 0.722841 -0.66431 0.159918 0.103045 0.02
e_24_25 24 25 3 0.0125 0.154629 -0.062882 0.102131 0.780752 -0.593573 0.17694 0.0823998 0.02
e_25_26 25 26 4 0.0125 0.161008 -0.0445388 0.10578 0.748544 -0.549783 0.362794 0.0761614 0.02
e_26_4 26 4 5 0.0125 0.17164 -0.0278492 0.106086 0.665453 -0.532205 0.517306 0.0795311 0.02
e_1_27 1 27 1 0.0125 0.164064 -0.105243 0.0726421 0.271049 -0.274985 0.920978 0.0521145 0.057096
e_27_28 27 28 2 0.0125 0.182204 -0.0952597 0.0395126 0.268233 -0.318307 0.90711 0.0623155 0.021056
e_28_3 28 3 3 0.0125 0.191687 -0.0891173 0.0212777 0.264634 -0.32557 0.905452 0.0642617 0.021848
