5
1 25 24
3 0.0602875 0.150572 0.11982 0.0125
26 0.0699918 0.162735 0.093577 0.0125
25 0.0747199 0.16847 0.0668093 0.0125
4 0.150244 0.120445 0.0113789 0.0125
24 0.133657 0.132256 0.0132866 0.0125
23 0.0953128 0.153649 0.0238379 0.0125
1 0.0693917 0.17613 0.0261558 0.0125
22 0.0572506 0.188426 0.0372429 0.0125
21 0.0506381 0.200615 0.0518888 0.0125
12 -0.137696 0.415442 0.265229 0.0125
11 -0.133646 0.396242 0.261104 0.0125
10 -0.128235 0.377375 0.255564 0.0125
9 -0.122552 0.358867 0.249659 0.0125
2 -0.091279 0.299415 0.23345 0.0125
19 0.0339658 0.23393 0.0842956 0.0125
8 -0.110445 0.340758 0.245461 0.0125
6 -0.138922 0.434627 0.270755 0.0125
13 -0.103634 0.323972 0.213975 0.0125
14 -0.108545 0.336667 0.194948 0.0125
15 -0.120442 0.346203 0.178265 0.0125
5 -0.125075 0.354552 0.160333 0.0125
16 -0.0712107 0.286853 0.200485 0.0125
17 -0.00879851 0.273478 0.143623 0.0125
18 0.0195831 0.252941 0.103786 0.0125
20 0.044222 0.214077 0.0654387 0.0125
e_2_8 2 8 1 0.0125 -0.100862 0.320086 0.239455 0.120744 -0.338134 0.508166 0.78285 0.047126
e_8_9 8 9 2 0.0125 -0.116498 0.349812 0.24756 0.0727985 -0.402254 0.493539 0.767666 0.022184
e_9_10 9 10 3 0.0125 -0.125393 0.36812 0.252612 0.161071 -0.285151 0.522308 0.787363 0.020241
e_10_11 10 11 4 0.0125 -0.13094 0.386808 0.258334 0.166929 -0.284111 0.532424 0.779705 0.020394
e_11_12 11 12 5 0.0125 -0.135671 0.405842 0.263166 0.189122 -0.276354 0.566358 0.75306 0.020052
e_12_6 12 6 6 0.0125 -0.138308 0.425035 0.267992 0.229353 -0.209107 0.564049 0.765193 0.020003
e_2_13 2 13 1 0.0125 -0.0974559 0.311693 0.223712 0.0872302 -0.542664 0.703252 0.450936 0.033689
e_13_14 13 14 2 0.0125 -0.106089 0.330319 0.204461 0.0858058 -0.579128 0.755813 0.293251 0.023394
e_14_15 14 15 3 0.0125 -0.114494 0.341435 0.186606 -0.0311577 -0.674534 0.643497 0.360479 0.022601
e_15_5 15 5 4 0.0125 -0.122759 0.350377 0.169299 0.0467197 -0.625496 0.741681 0.237658 0.020315
e_2_16 2 16 1 0.0125 -0.0812446 0.293133 0.216967 0.136948 -0.49605 0.812432 -0.274106 0.040586
e_16_17 16 17 2 0.0125 -0.0400046 0.280165 0.172054 0.373475 -0.189864 0.892493 -0.167104 0.085484
e_17_18 17 18 3 0.0125 0.0053922 0.26321 0.123703 0.139654 -0.479096 0.803701 -0.324081 0.05305
e_18_19 18 19 4 0.0125 0.0267744 0.243436 0.0940406 -0.0641222 -0.646876 0.63089 -0.423576 0.030792
e_19_20 19 20 5 0.0125 0.0390937 0.224004 0.0748675 -0.210883 -0.763623 0.489231 -0.364775 0.029239
e_20_21 20 21 6 0.0125 0.0474303 0.207346 0.0586636 -0.215822 -0.773069 0.488467 -0.342322 0.02015
e_21_22 21 22 7 0.0125 0.0539443 0.194521 0.0445658 -0.15059 -0.736961 0.56565 -0.33801 0.020169
e_22_1 22 1 8 0.0125 0.0633212 0.182279 0.0316998 0.100728 -0.471649 0.739966 -0.468883 0.020531
e_1_23 1 23 1 0.0125 0.082352 0.164889 0.0249972 0.533848 0.71834 0.133001 0.4258 0.034391
e_23_24 23 24 2 0.0125 0.114485 0.142952 0.0185622 0.618921 0.393767 0.679546 0.0100715 0.045158
e_24_4 24 4 3 0.0125 0.14195 0.126351 0.0123321 0.609404 0.644259 0.362719 0.286344 0.020452
e_1_25 1 25 1 0.0125 0.0720563 0.1723 0.0464825 0.0458609 0.0684826 -0.0893433 0.992585 0.04171
e_25_26 25 26 2 0.0125 0.0723564 0.165603 0.0801931 -0.0570854 -0.0917352 -0.099056 0.989199 0.027781
e_26_3 26 3 3 0.0125 0.0651397 0.156653 0.106699 -0.166302 -0.198091 -0.17516 0.949959 0.030509
2 24 23
3 0.238881 -0.119584 0.103825 0.0125
25 0.219934 -0.12746 0.0709149 0.0125
24 0.208577 -0.129048 0.0544576 0.0125
4 0.119921 -0.17515 0.0758056 0.0125
23 0.134053 -0.168102 0.0635321 0.0125
22 0.147557 -0.160735 0.0507512 0.0125
21 0.160579 -0.150551 0.0394937 0.0125
20 0.174655 -0.142008 0.0281407 0.0125
12 0.295109 0.169698 0.109615 0.0125
11 0.308409 0.155205 0.0954177 0.0125
10 0.320004 0.142174 0.0815786 0.0125
9 0.337076 0.126966 0.0654602 0.0125
2 0.372826 0.0962033 0.0408533 0.0125
19 0.200637 -0.115664 0.0178643 0.0125
8 0.355842 0.111128 0.0522996 0.0125
6 0.28486 0.178601 0.127304 0.0125
13 0.327058 0.106358 0.0219722 0.0125
5 0.278603 0.108861 0.0123721 0.0125
14 0.340052 0.0648649 0.0321107 0.0125
15 0.284758 -0.00152233 0.0114988 0.0125
16 0.251535 -0.0289623 0.011498 0.0125
17 0.222032 -0.0722444 0.0139505 0.0125
18 0.209062 -0.0968095 0.0157495 0.0125
1 0.189712 -0.133446 0.0181422 0.0125
e_2_8 2 8 1 0.0125 0.364334 0.103666 0.0465764 -0.846745 0.300081 0.429087 0.0941223 0.025342
e_8_9 8 9 2 0.0125 0.346459 0.119047 0.0588805 -0.854562 0.294734 0.420637 0.0769418 0.027861
e_9_10 9 10 3 0.0125 0.32854 0.134571 0.0735196 -0.885048 0.278544 0.366519 0.0690493 0.027974
e_10_11 10 11 4 0.0125 0.314207 0.14869 0.0884979 -0.891062 0.279997 0.332899 0.129567 0.022266
e_11_12 11 12 5 0.0125 0.30176 0.162452 0.102516 -0.880515 0.286332 0.354111 0.131575 0.024259
e_12_6 12 6 6 0.0125 0.289985 0.174151 0.11846 -0.946268 0.219661 0.234731 -0.035044 0.022299
e_2_13 2 13 1 0.0125 0.349942 0.10128 0.0314128 -0.549333 0.330817 0.759838 -0.106954 0.05054
e_13_5 13 5 2 0.0125 0.30283 0.107609 0.0171717 -0.597216 0.299015 0.712491 -0.215127 0.04946
e_2_14 2 14 1 0.0125 0.356439 0.0805341 0.036482 -0.329079 0.201653 0.744308 -0.545022 0.04618
e_14_15 14 15 2 0.0125 0.312405 0.0316709 0.0218049 -0.266029 0.194751 0.760327 -0.559646 0.088823
e_15_16 15 16 3 0.0125 0.268147 -0.0152423 0.0114984 -0.408307 0.185099 0.682462 -0.577295 0.043089
e_16_17 16 17 4 0.0125 0.236783 -0.0506033 0.0127242 -0.27451 0.143305 0.67534 -0.669346 0.052438
e_17_18 17 18 5 0.0125 0.215547 -0.0845266 0.0148498 -0.214676 0.127251 0.671921 -0.697312 0.027837
e_18_19 18 19 6 0.0125 0.20485 -0.106237 0.0168074 -0.183244 0.113863 0.660378 -0.719276 0.020759
e_19_1 19 1 7 0.0125 0.195175 -0.124555 0.0180037 -0.241629 0.142676 0.687745 -0.669526 0.020873
e_1_20 1 20 1 0.0125 0.182184 -0.137727 0.0231415 -0.608066 0.135953 0.481209 -0.616612 0.02
e_20_21 20 21 2 0.0125 0.167617 -0.14628 0.0338171 -0.612094 0.12042 0.449076 -0.639665 0.02
e_21_22 21 22 3 0.0125 0.154068 -0.155642 0.0451223 -0.556731 0.104669 0.455644 -0.686646 0.02
e_22_23 22 23 4 0.0125 0.140805 -0.164418 0.0571415 -0.649466 0.113836 0.409281 -0.630655 0.02
e_23_4 23 4 5 0.0125 0.126987 -0.171626 0.0696693 -0.658507 0.123692 0.421731 -0.610911 0.02
e_1_24 1 24 1 0.0125 0.199145 -0.131248 0.0362999 0.868456 -0.154584 0.186928 -0.432372 0.041159
e_24_25 24 25 2 0.0125 0.214256 -0.128255 0.0626863 0.953825 -0.0348504 0.297566 0.0213868 0.020058
e_25_3 25 3 3 0.0125 0.229408 -0.123522 0.0873703 0.336924 0.200966 0.187959 0.900425 0.038783
3 29 28
3 -0.388509 -0.26584 0.0677924 0.0125
30 -0.359004 -0.240461 0.0642753 0.0125
29 -0.338968 -0.222795 0.0628825 0.0125
4 -0.325429 -0.287646 0.0132661 0.0125
28 -0.324874 -0.272716 0.0265622 0.0125
27 -0.326233 -0.255192 0.0361029 0.0125
26 -0.324503 -0.236841 0.0438659 0.0125
25 -0.320677 -0.218844 0.0517084 0.0125
1 -0.31323 -0.201075 0.0570749 0.0125
24 -0.301904 -0.188079 0.046886 0.0125
23 -0.288282 -0.178272 0.0358931 0.0125
22 -0.274363 -0.166527 0.0264398 0.0125
21 -0.26299 -0.150659 0.0217216 0.0125
12 -0.177874 0.0318567 0.147316 0.0125
11 -0.181589 0.0374119 0.126932 0.0125
10 -0.183004 0.0405947 0.102739 0.0125
9 -0.189778 0.0443283 0.0839631 0.0125
2 -0.210924 0.0582396 0.0284061 0.0125
19 -0.247077 -0.110831 0.0131522 0.0125
8 -0.196828 0.0495733 0.0653747 0.0125
6 -0.175759 0.0287082 0.169733 0.0125
13 -0.228355 0.0659404 0.0344752 0.0125
14 -0.24589 0.0736548 0.0402203 0.0125
15 -0.264713 0.0793437 0.043871 0.0125
16 -0.282974 0.0819365 0.0516054 0.0125
5 -0.301493 0.0779666 0.0580313 0.0125
17 -0.240355 -0.0323232 0.0124759 0.0125
18 -0.243605 -0.0679766 0.0124988 0.0125
20 -0.253938 -0.130489 0.0152784 0.0125
e_2_8 2 8 1 0.0125 -0.203876 0.0539059 0.0468908 -0.135072 0.161122 -0.132931 0.968568 0.040503
e_8_9 8 9 2 0.0125 -0.193302 0.0469513 0.0746684 -0.13018 0.156705 -0.15298 0.967003 0.02056
e_9_10 9 10 3 0.0125 -0.18639 0.0424616 0.0933508 -0.129253 0.156193 -0.11531 0.97242 0.020308
e_10_11 10 11 4 0.0125 -0.182296 0.0390033 0.114836 0.0152301 0.0300093 -0.0648091 0.99733 0.024441
e_11_12 11 12 5 0.0125 -0.179731 0.0346349 0.137124 -0.0441185 0.0817253 -0.134919 0.986494 0.021452
e_12_6 12 6 6 0.0125 -0.176816 0.030283 0.158524 -0.0034585 0.0464381 -0.0696419 0.996485 0.022736
e_2_13 2 13 1 0.0125 -0.219639 0.0620899 0.0314412 0.623067 -0.5273 -0.264995 0.513342 0.02
e_13_14 13 14 2 0.0125 -0.237123 0.0697976 0.0373478 0.625266 -0.529725 -0.275247 0.502666 0.02
e_14_15 14 15 3 0.0125 -0.255302 0.0764988 0.0420451 0.610796 -0.518698 -0.373767 0.467097 0.02
e_15_16 15 16 4 0.0125 -0.273844 0.0806407 0.0477378 0.553523 -0.461318 -0.306291 0.622081 0.02
e_16_5 16 5 5 0.0125 -0.292234 0.0799516 0.0548179 0.475105 -0.390793 -0.432012 0.659485 0.02
e_2_17 2 17 1 0.0125 -0.225639 0.0129581 0.020441 0.128418 -0.0869242 -0.758249 0.633255 0.096549
e_17_18 17 18 2 0.0125 -0.24198 -0.0501505 0.0124878 0.0498404 -0.0144055 -0.706738 0.70557 0.035801
e_18_19 18 19 3 0.0125 -0.245341 -0.0894038 0.012825 0.0463289 -0.0110658 -0.701628 0.710949 0.043
e_19_20 19 20 4 0.0125 -0.250507 -0.120661 0.0142147 0.142613 -0.095113 -0.663448 0.728322 0.02093
e_20_21 20 21 5 0.0125 -0.258464 -0.140574 0.0184999 0.174253 -0.120578 -0.587843 0.780729 0.023028
e_21_22 21 22 6 0.0125 -0.268677 -0.158593 0.0240811 0.24569 -0.185053 -0.590146 0.746405 0.020084
e_22_23 22 23 7 0.0125 -0.281322 -0.1724 0.0311664 0.316125 -0.244825 -0.457967 0.793973 0.02052
e_23_24 23 24 8 0.0125 -0.295093 -0.183176 0.041389 0.328185 -0.254382 -0.401661 0.816243 0.020064
e_24_1 24 1 9 0.0125 -0.307567 -0.194577 0.0519804 0.263462 -0.196927 -0.454774 0.82764 0.020025
e_1_25 1 25 1 0.0125 -0.316954 -0.20996 0.0543916 0.153573 -0.11126 -0.788538 0.585016 0.02
e_25_26 25 26 2 0.0125 -0.32259 -0.227842 0.0477872 0.0820759 -0.0500543 -0.832791 0.545177 0.02
e_26_27 26 27 3 0.0125 -0.325368 -0.246016 0.0399845 0.0422284 -0.0146531 -0.832981 0.551493 0.02
e_27_28 27 28 4 0.0125 -0.325554 -0.263954 0.0313331 -0.0178572 0.0364991 -0.858601 0.511031 0.02
e_28_4 28 4 5 0.0125 -0.325152 -0.280181 0.0199141 0.0161259 0.00199256 -0.91236 0.409067 0.02
e_1_29 1 29 1 0.0125 -0.326098 -0.211935 0.0599786 0.331738 -0.263402 -0.587927 0.689138 0.034175
e_29_30 29 30 2 0.0125 -0.348986 -0.231628 0.0635784 0.324096 -0.258517 -0.63807 0.648843 0.026748
e_30_3 30 3 3 0.0125 -0.373756 -0.25315 0.0660333 0.328723 -0.262033 -0.621559 0.661018 0.039077
4 25 24
3 0.0560835 -0.16021 0.0953255 0.0125
26 0.0956811 -0.156703 0.0401084 0.0125
4 0.0506026 -0.234993 0.0361727 0.0125
25 0.0596726 -0.218067 0.0303649 0.0125
24 0.0708751 -0.201311 0.0260542 0.0125
23 0.0961683 -0.174905 0.0129033 0.0125
1 0.10963 -0.159552 0.0114931 0.0125
22 0.107338 -0.140305 0.0164279 0.0125
21 0.107385 -0.120316 0.017347 0.0125
12 -0.150454 0.0509864 0.0220221 0.0125
11 -0.129916 0.0573033 0.0166276 0.0125
10 -0.110567 0.0634611 0.0171533 0.0125
9 -0.0911455 0.0688768 0.0154896 0.0125
2 -0.0313181 0.0905892 0.0125154 0.0125
19 0.103731 -0.080678 0.0157487 0.0125
8 -0.0719256 0.0745717 0.0124911 0.0125
6 -0.170977 0.0416422 0.0281996 0.0125
13 -0.00743377 0.0717654 0.0254803 0.0125
14 0.0280386 0.0479288 0.0353938 0.0125
5 0.0443805 0.0337256 0.0433554 0.0125
15 -0.0126634 0.0669959 0.0137361 0.0125
16 0.0282186 0.0182961 0.0189702 0.0125
17 0.0630748 -0.0176558 0.0225213 0.0125
18 0.0955795 -0.0623039 0.0189887 0.0125
20 0.107872 -0.100146 0.0177659 0.0125
e_2_8 2 8 1 0.0125 -0.0516216 0.08258 0.0125027 0.706866 0.266812 -0.65505 -0.00783271 0.043652
e_8_9 8 9 2 0.0125 -0.0815355 0.0717242 0.0139904 0.757388 0.200522 -0.621143 -0.0183416 0.02027
e_9_10 9 10 3 0.0125 -0.100857 0.066169 0.0163213 0.73533 0.199664 -0.647319 -0.0200459 0.02023
e_10_11 10 11 4 0.0125 -0.120242 0.0603822 0.0168907 0.697725 0.232425 -0.677433 -0.0156216 0.020312
e_11_12 11 12 5 0.0125 -0.140184 0.0541449 0.019325 0.788322 0.193706 -0.583716 -0.0173749 0.022154
e_12_6 12 6 6 0.0125 -0.160715 0.0463147 0.0251116 0.795042 0.254111 -0.550744 -0.00400828 0.023382
e_2_13 2 13 1 0.0125 -0.0193756 0.0811777 0.0189985 0.829784 0.384475 0.395076 0.0869006 0.033059
e_13_14 13 14 2 0.0125 0.0103029 0.0598475 0.0304373 0.776848 0.408508 0.469198 0.097371 0.043872
e_14_5 14 5 3 0.0125 0.0362095 0.0408277 0.0393747 0.814763 0.422127 0.386319 0.0934199 0.023069
e_2_15 2 15 1 0.0125 -0.0219906 0.0787921 0.0131252 0.710329 0.609688 0.328643 0.125328 0.030102
e_15_16 15 16 2 0.0125 0.00777776 0.0426465 0.0163528 0.725451 0.583664 0.34397 0.121413 0.0638
e_16_17 16 17 3 0.0125 0.0456467 0.000320135 0.0207458 0.721727 0.560777 0.387496 0.12036 0.050201
e_17_18 17 18 4 0.0125 0.079327 -0.0399799 0.0207555 0.67093 0.662237 0.305551 0.133918 0.05534
e_18_19 18 19 5 0.0125 0.0996553 -0.0714905 0.0173692 0.633357 0.745865 0.152453 0.138934 0.020361
e_19_20 19 20 6 0.0125 0.105801 -0.0904121 0.0167576 0.732898 0.669555 0.0360066 0.115152 0.020005
e_20_21 20 21 7 0.0125 0.107629 -0.11023 0.0175565 0.691019 0.702605 -0.129334 0.110052 0.020181
e_21_22 21 22 8 0.0125 0.107362 -0.130311 0.0168871 0.681401 0.71317 -0.11981 0.112814 0.020011
e_22_1 22 1 9 0.0125 0.108484 -0.149929 0.01396 0.599666 0.785911 -0.075526 0.130536 0.020001
e_1_23 1 23 1 0.0125 0.102899 -0.167229 0.0121981 0.729709 0.484758 -0.48017 0.0444022 0.020467
e_23_24 23 24 2 0.0125 0.0835213 -0.188108 0.0194786 0.817425 0.399379 -0.413858 0.0321531 0.038859
e_24_25 24 25 3 0.0125 0.0652734 -0.209689 0.0282094 0.775733 0.497748 -0.384292 0.0529619 0.020611
e_25_4 25 4 4 0.0125 0.0551376 -0.22653 0.0332688 0.800845 0.503517 -0.318931 0.0583196 0.020062
e_1_26 1 26 1 0.0125 0.102656 -0.158128 0.0258008 0.972772 -0.0372238 -0.225743 -0.0370091 0.031961
e_26_3 26 3 2 0.0125 0.075882 -0.158456 0.0677163 0.951288 0.0363117 -0.304799 -0.0288055 0.068039
5 24 23
3 -0.0360604 0.257356 0.0566763 0.0125
25 -0.0264633 0.237661 0.0433486 0.0125
4 -0.0919373 0.168151 0.0124929 0.0125
24 -0.0689012 0.169835 0.0133343 0.0125
23 -0.0474375 0.17116 0.0144634 0.0125
1 0.00734271 0.175215 0.0212928 0.0125
22 0.0242058 0.164242 0.0273145 0.0125
21 0.0395367 0.151303 0.0270902 0.0125
12 0.213223 0.116256 0.028504 0.0125
11 0.221598 0.107647 0.0448338 0.0125
10 0.231106 0.0994065 0.061552 0.0125
9 0.237166 0.0918406 0.0791832 0.0125
2 0.247699 0.0634322 0.140723 0.0125
19 0.0727337 0.126431 0.0406817 0.0125
8 0.241534 0.0807482 0.10062 0.0125
6 0.205892 0.123906 0.0114924 0.0125
13 0.261716 0.0633477 0.125988 0.0125
14 0.295083 0.060228 0.0835443 0.0125
5 0.305724 0.0552091 0.0608259 0.0125
15 0.18005 0.090958 0.0814649 0.0125
16 0.131878 0.101293 0.0624803 0.0125
17 0.109381 0.107184 0.0556456 0.0125
18 0.0906131 0.116278 0.0495715 0.0125
20 0.0563451 0.139896 0.0328365 0.0125
e_2_8 2 8 1 0.0125 0.244616 0.0720902 0.120671 0.0479046 -0.526086 0.823264 0.207786 0.044113
e_8_9 8 9 2 0.0125 0.23935 0.0862946 0.0899024 0.0729629 -0.601082 0.758732 0.240213 0.02453
e_9_10 9 10 3 0.0125 0.234136 0.0956234 0.0703679 -0.0136428 -0.563156 0.788034 0.248338 0.02012
e_10_11 10 11 4 0.0125 0.226353 0.103527 0.0531931 -0.0155082 -0.685465 0.655475 0.316624 0.020923
e_11_12 11 12 5 0.0125 0.217411 0.111951 0.0366692 0.0149817 -0.69447 0.648459 0.311428 0.020271
e_12_6 12 6 6 0.0125 0.209558 0.120081 0.0199982 -0.0232743 -0.60413 0.747946 0.273973 0.020042
e_2_13 2 13 1 0.0125 0.254708 0.0633892 0.133355 0.363686 -0.179651 0.911033 -0.0740058 0.020337
e_13_14 13 14 2 0.0125 0.2784 0.0617878 0.104766 0.318294 -0.141694 0.933994 -0.0791679 0.054079
e_14_5 14 5 3 0.0125 0.300403 0.0577185 0.0721851 0.211686 -0.0220342 0.971347 -0.105775 0.025584
e_2_15 2 15 1 0.0125 0.213874 0.0771953 0.111094 0.160322 -0.902782 0.0040168 0.399081 0.09405
e_15_16 15 16 2 0.0125 0.155965 0.0961258 0.0719728 0.533031 0.107766 -0.817413 -0.189999 0.052799
e_16_17 16 17 3 0.0125 0.120629 0.104238 0.0590623 0.579343 0.00146498 -0.800625 -0.152838 0.024239
e_17_18 17 18 4 0.0125 0.0999969 0.111731 0.0526081 0.599533 -0.381476 -0.703049 0.0275569 0.021722
e_18_19 18 19 5 0.0125 0.0816736 0.121354 0.0451271 0.526462 -0.602428 -0.579219 0.156281 0.0224
e_19_20 19 20 6 0.0125 0.0645392 0.133163 0.0367593 0.535887 -0.708683 -0.413814 0.198374 0.022615
e_20_21 20 21 7 0.0125 0.0479406 0.145599 0.0299635 0.592067 -0.566014 -0.561893 0.115591 0.021111
e_21_22 21 22 8 0.0125 0.0318712 0.157772 0.0272023 0.710467 -0.474977 -0.518459 0.0288827 0.020063
e_22_1 22 1 9 0.0125 0.0157745 0.169729 0.0243035 0.586162 -0.557954 -0.576247 0.114196 0.021001
e_1_23 1 23 1 0.0125 -0.0200468 0.173187 0.0178781 0.533358 0.487373 -0.569348 -0.392225 0.055353
e_23_24 23 24 2 0.0125 -0.0581702 0.170498 0.0138991 0.574041 0.436772 -0.579177 -0.379816 0.021535
e_24_4 24 4 3 0.0125 -0.0804195 0.168993 0.012914 0.578449 0.440596 -0.569277 -0.38366 0.023112
e_1_25 1 25 1 0.0125 -0.00956024 0.206438 0.0323199 0.805098 -0.525381 -0.275079 0.0111505 0.074356
e_25_3 25 3 2 0.0125 -0.0312618 0.247509 0.0500116 0.869482 -0.424055 -0.245572 -0.0622324 0.025644
