5
1 19 18
3 -0.0666566 0.211365 0.0115006 0.0125
20 -0.10129 0.215419 0.0139888 0.0125
4 -0.254368 0.269277 0.0116382 0.0125
11 0.0768698 0.0238911 0.112345 0.0125
10 0.0557946 0.0233969 0.119383 0.0125
6 0.0446067 -0.0739622 0.0122884 0.0125
9 0.0450825 -0.0535601 0.0335145 0.0125
2 0.0140034 0.0161547 0.126826 0.0125
19 -0.235626 0.262336 0.0172237 0.0125
8 0.0388479 -0.0390891 0.0524801 0.0125
5 0.109112 0.0206747 0.0998921 0.0125
12 -0.00960356 0.0492222 0.0988084 0.0125
13 -0.0737009 0.114915 0.0619267 0.0125
14 -0.102421 0.149299 0.0554928 0.0125
15 -0.123821 0.17796 0.0420353 0.0125
16 -0.141103 0.201709 0.0332803 0.0125
1 -0.16527 0.226309 0.0182804 0.0125
18 -0.217121 0.252734 0.0185228 0.0125
17 -0.190246 0.240349 0.020233 0.0125
e_2_8 2 8 1 0.0125 0.0264256 -0.0114672 0.0896528 0.0943926 0.612739 -0.715667 0.321653 0.095898
e_8_9 8 9 2 0.0125 0.0419657 -0.0463245 0.0429972 0.102295 0.614971 -0.711614 0.323963 0.024657
e_9_6 9 6 3 0.0125 0.0448447 -0.0637616 0.0229013 0.240076 0.579347 -0.724426 0.286232 0.029445
e_2_10 2 10 1 0.0125 0.0348986 0.019776 0.123105 0.238726 0.652082 0.401501 0.597156 0.043062
e_10_11 10 11 2 0.0125 0.0663322 0.023644 0.115864 -0.245135 0.74435 -0.322899 0.530648 0.022225
e_11_5 11 5 3 0.0125 0.0929907 0.0222823 0.106119 -0.16377 0.761454 -0.315543 0.542033 0.034713
e_2_12 2 12 1 0.0125 0.00220039 0.0326885 0.112817 0.329078 -0.146658 -0.873121 -0.328418 0.049353
e_12_13 12 13 2 0.0125 -0.0416522 0.0820686 0.0803675 0.456965 -0.149492 -0.814911 -0.323658 0.098917
e_13_14 13 14 3 0.0125 -0.088061 0.132108 0.0587099 0.546444 -0.216883 -0.7239 -0.361011 0.04526
e_14_15 14 15 4 0.0125 -0.113121 0.163629 0.0487639 0.441342 -0.200277 -0.797476 -0.35936 0.038216
e_15_16 15 16 5 0.0125 -0.132462 0.189834 0.0376582 0.469953 -0.218341 -0.771455 -0.369228 0.030649
e_16_1 16 1 6 0.0125 -0.153187 0.214009 0.0257805 0.445302 -0.142728 -0.824059 -0.319784 0.037606
e_1_17 1 17 1 0.0125 -0.177757 0.233329 0.019256 0.681993 -0.0984572 -0.675509 -0.262449 0.028719
e_17_18 17 18 2 0.0125 -0.203683 0.246541 0.0193777 0.643749 -0.0562446 -0.725036 -0.238215 0.02964
e_18_19 18 19 3 0.0125 -0.226373 0.257535 0.0178731 0.6367 -0.0740381 -0.724996 -0.252014 0.020888
e_19_4 19 4 4 0.0125 -0.244996 0.265807 0.0144314 0.567574 -0.00261934 -0.796594 -0.208063 0.020753
e_1_20 1 20 1 0.0125 -0.133279 0.220864 0.0161345 0.357078 0.677657 0.271606 0.582672 0.065041
e_20_3 20 3 2 0.0125 -0.0839734 0.213391 0.0127445 0.358594 0.662877 0.31012 0.579508 0.034959
2 24 23
3 -0.305674 0.167281 0.0120022 0.0125
25 -0.288664 0.15685 0.021659 0.0125
24 -0.273088 0.147393 0.0301922 0.0125
23 -0.240194 0.138194 0.0442079 0.0125
4 -0.314437 0.122551 0.0793849 0.0125
22 -0.280514 0.128189 0.0639045 0.0125
1 -0.220341 0.136562 0.0501622 0.0125
21 -0.210895 0.154226 0.0502572 0.0125
11 0.0439783 0.267438 0.0369584 0.0125
6 0.00442283 0.146123 0.012304 0.0125
10 0.0140222 0.195185 0.0316698 0.0125
9 0.0173449 0.223468 0.0429184 0.0125
2 0.0230152 0.28795 0.0544603 0.0125
19 -0.191342 0.189259 0.0482917 0.0125
8 0.0206237 0.254713 0.0490656 0.0125
12 0.0620358 0.25409 0.0266875 0.0125
13 0.0724546 0.238707 0.019109 0.0125
5 0.0777748 0.219575 0.0120131 0.0125
14 -0.0867698 0.251629 0.0536932 0.0125
15 -0.116457 0.242922 0.0525392 0.0125
16 -0.143456 0.230065 0.0495204 0.0125
17 -0.15941 0.217497 0.0493872 0.0125
18 -0.176956 0.20415 0.0485995 0.0125
20 -0.200641 0.171422 0.0503033 0.0125
e_2_8 2 8 1 0.0125 0.0218193 0.271331 0.0517634 -0.234974 -0.22443 0.727691 -0.604057 0.033757
e_8_9 8 9 2 0.0125 0.0189848 0.23909 0.0459915 -0.620482 -0.767017 -0.0877825 0.137774 0.032012
e_9_10 9 10 3 0.0125 0.0156841 0.209327 0.0372936 -0.553955 -0.825518 -0.0469299 0.0972181 0.030619
e_10_6 10 6 4 0.0125 0.00922262 0.170654 0.0219864 -0.486963 -0.778031 -0.274371 0.286802 0.053612
e_2_11 2 11 1 0.0125 0.0334967 0.277693 0.0457093 -0.0206635 -0.646454 0.581644 -0.493316 0.034154
e_11_12 11 12 2 0.0125 0.053007 0.260764 0.0318235 0.0968123 -0.576075 0.613284 -0.531646 0.024693
e_12_13 12 13 3 0.0125 0.0672452 0.246398 0.0228977 -0.0364926 -0.509412 0.655256 -0.556603 0.020065
e_13_5 13 5 4 0.0125 0.0751141 0.229141 0.015561 -0.217141 -0.49972 0.646925 -0.533496 0.021088
e_2_14 2 14 1 0.0125 -0.0318773 0.269789 0.0540768 0.493814 -0.324413 -0.63093 0.502823 0.11564
e_14_15 14 15 2 0.0125 -0.101613 0.247275 0.0531166 0.481472 -0.356929 -0.625497 0.49954 0.030959
e_15_16 15 16 3 0.0125 -0.129957 0.236493 0.0510297 0.40488 -0.341361 -0.658545 0.534661 0.030056
e_16_17 16 17 4 0.0125 -0.151432 0.223781 0.0494538 0.432426 -0.170707 -0.688587 0.55652 0.02031
e_17_18 17 18 5 0.0125 -0.168182 0.210824 0.0489929 0.410558 -0.204316 -0.690004 0.559993 0.022061
e_18_19 18 19 6 0.0125 -0.184149 0.196705 0.0484461 0.406984 -0.106117 -0.704386 0.57179 0.020708
e_19_20 19 20 7 0.0125 -0.195991 0.18034 0.0492974 0.560074 0.2462 -0.62421 0.485864 0.020215
e_20_21 20 21 8 0.0125 -0.205767 0.162824 0.0502797 0.41771 0.0672326 -0.704729 0.569522 0.020022
e_21_1 21 1 9 0.0125 -0.215618 0.145393 0.0502091 0.421792 0.105793 -0.700833 0.565448 0.020031
e_1_22 1 22 1 0.0125 -0.250428 0.132375 0.0570332 0.652126 -0.26863 -0.563496 0.430164 0.062288
e_22_4 22 4 2 0.0125 -0.297476 0.12537 0.0716445 0.74832 -0.163755 -0.517624 0.381138 0.037712
e_1_23 1 23 1 0.0125 -0.230267 0.137378 0.047185 0.425723 -0.6075 -0.523585 0.419002 0.020791
e_23_24 23 24 2 0.0125 -0.256641 0.142793 0.0372001 0.421281 -0.692377 -0.458722 0.364294 0.03692
e_24_25 24 25 3 0.0125 -0.280876 0.152122 0.0259262 0.4526 -0.75689 -0.37304 0.28829 0.020121
e_25_3 25 3 4 0.0125 -0.297168 0.162066 0.0168311 0.447561 -0.762202 -0.369954 0.28613 0.022168
3 25 24
3 -0.289955 0.0925372 0.0125194 0.0125
26 -0.306106 0.104016 0.0152383 0.0125
25 -0.323472 0.113925 0.0147883 0.0125
24 -0.342282 0.120202 0.0174029 0.0125
23 -0.36221 0.120898 0.0189341 0.0125
4 -0.322566 0.197247 0.0226983 0.0125
22 -0.359696 0.160842 0.0161463 0.0125
1 -0.38157 0.118612 0.0144659 0.0125
21 -0.368694 0.103767 0.0199046 0.0125
11 -0.26401 -0.186199 0.0324114 0.0125
10 -0.271259 -0.170859 0.0218225 0.0125
6 -0.348615 -0.284608 0.0177203 0.0125
9 -0.3198 -0.233183 0.0133104 0.0125
2 -0.275745 -0.153698 0.0125838 0.0125
19 -0.35338 0.0616142 0.0279355 0.0125
8 -0.302246 -0.201283 0.0124616 0.0125
12 -0.256121 -0.202192 0.0414683 0.0125
13 -0.247256 -0.217733 0.0504048 0.0125
5 -0.237301 -0.231537 0.0609101 0.0125
14 -0.277772 -0.122397 0.0128132 0.0125
15 -0.287168 -0.0880582 0.0220608 0.0125
16 -0.302923 -0.0530537 0.0335923 0.0125
17 -0.335123 0.0157178 0.0339005 0.0125
18 -0.34603 0.0413798 0.0305201 0.0125
20 -0.360992 0.0858121 0.0245312 0.0125
e_2_8 2 8 1 0.0125 -0.288996 -0.17749 0.0125225 0.548995 0.264005 -0.656831 0.444387 0.054467
e_8_9 8 9 2 0.0125 -0.311023 -0.217233 0.012886 0.55472 0.262099 -0.647799 0.451604 0.036422
e_9_6 9 6 3 0.0125 -0.334208 -0.258895 0.0155158 0.569851 0.252181 -0.631746 0.461055 0.059111
e_2_10 2 10 1 0.0125 -0.273502 -0.162278 0.0172036 0.486794 0.393563 -0.337835 0.702856 0.02
e_10_11 10 11 2 0.0125 -0.267634 -0.178529 0.0271175 0.465051 0.408721 -0.26119 0.740577 0.02
e_11_12 11 12 3 0.0125 -0.260066 -0.194196 0.0369398 0.432991 0.437623 -0.28649 0.734117 0.02
e_12_13 12 13 4 0.0125 -0.251688 -0.209962 0.0459362 0.415618 0.450583 -0.271233 0.742071 0.02
e_13_5 13 5 5 0.0125 -0.242279 -0.224635 0.055657 0.420566 0.440051 -0.209094 0.765349 0.02
e_2_14 2 14 1 0.0125 -0.276759 -0.138047 0.0126985 0.614575 -0.586059 -0.390997 -0.354901 0.031366
e_14_15 14 15 2 0.0125 -0.28247 -0.105228 0.0174372 0.783676 -0.562694 -0.240153 -0.107486 0.036783
e_15_16 15 16 3 0.0125 -0.295045 -0.070556 0.0278265 0.799242 -0.520331 -0.292239 -0.0711654 0.040081
e_16_17 16 17 4 0.0125 -0.319023 -0.0186682 0.0337463 0.658984 -0.484446 -0.513112 -0.260325 0.075937
e_17_18 17 18 5 0.0125 -0.340576 0.0285487 0.0322098 0.572697 -0.447192 -0.600164 -0.334425 0.028088
e_18_19 18 19 6 0.0125 -0.349705 0.0514964 0.0292279 0.561965 -0.459563 -0.590255 -0.352982 0.021682
e_19_20 19 20 7 0.0125 -0.357186 0.0737124 0.026233 0.541097 -0.461371 -0.594679 -0.37511 0.025595
e_20_21 20 21 8 0.0125 -0.364843 0.0947895 0.0222179 0.495084 -0.389047 -0.681075 -0.373727 0.020077
e_21_1 21 1 9 0.0125 -0.375132 0.111189 0.0171858 0.543656 -0.310146 -0.732914 -0.266617 0.02039
e_1_22 1 22 1 0.0125 -0.370632 0.139727 0.0153067 0.392038 -0.0681747 0.691157 0.603291 0.047589
e_22_4 22 4 2 0.0125 -0.34113 0.179045 0.0194229 -0.0725727 0.514878 0.415206 0.746484 0.052411
e_1_23 1 23 1 0.0125 -0.37189 0.119755 0.0167002 0.0220025 0.616544 0.0904707 0.781795 0.02
e_23_24 23 24 2 0.0125 -0.352246 0.12055 0.0181687 -0.110155 0.719372 -0.144144 0.670517 0.02
e_24_25 24 25 3 0.0125 -0.332877 0.117064 0.0160959 -0.0278835 0.702532 -0.267968 0.658684 0.02
e_25_26 25 26 4 0.0125 -0.314789 0.10897 0.0150138 0.0982969 0.649069 -0.259726 0.70823 0.02
e_26_3 26 3 5 0.0125 -0.298031 0.0982767 0.0138787 0.0769464 0.661195 -0.361661 0.652765 0.02
4 28 27
3 0.26458 0.0491499 0.0812625 0.0125
29 0.256211 0.0361607 0.0685641 0.0125
28 0.248016 0.0228542 0.0560832 0.0125
27 0.238234 0.00885716 0.0456708 0.0125
26 0.225627 -0.00198933 0.0345624 0.0125
4 0.11444 -0.0212949 0.0115636 0.0125
25 0.13404 -0.0203262 0.0154251 0.0125
24 0.15249 -0.0135886 0.0191955 0.0125
23 0.172014 -0.00930502 0.0198498 0.0125
22 0.191902 -0.00986824 0.0218987 0.0125
1 0.211278 -0.0128601 0.0258476 0.0125
21 0.211659 -0.0328397 0.0267074 0.0125
12 0.348799 -0.275046 0.0326667 0.0125
11 0.340631 -0.278204 0.0519859 0.0125
10 0.329028 -0.279949 0.0737968 0.0125
9 0.317136 -0.279865 0.0954296 0.0125
2 0.282585 -0.275372 0.13581 0.0125
19 0.222626 -0.0684508 0.0395656 0.0125
8 0.30046 -0.278521 0.120901 0.0125
6 0.361716 -0.269699 0.0114935 0.0125
13 0.292268 -0.249149 0.121048 0.0125
14 0.30118 -0.225395 0.108821 0.0125
15 0.312246 -0.210173 0.101662 0.0125
5 0.324898 -0.196121 0.0948771 0.0125
16 0.27729 -0.235031 0.102456 0.0125
17 0.249437 -0.138409 0.0576847 0.0125
18 0.227496 -0.0881474 0.0435674 0.0125
20 0.214006 -0.0518318 0.032524 0.0125
e_2_8 2 8 1 0.0125 0.291522 -0.276946 0.128356 0.427031 0.192286 0.88339 0.0170941 0.023488
e_8_9 8 9 2 0.0125 0.308798 -0.279193 0.108166 0.283807 0.206825 0.935491 0.0391654 0.030475
e_9_10 9 10 3 0.0125 0.323083 -0.279907 0.0846134 0.243699 0.199896 0.94773 0.0496044 0.024686
e_10_11 10 11 4 0.0125 0.33483 -0.279076 0.0628921 0.23295 0.151122 0.957856 0.073545 0.024767
e_11_12 11 12 5 0.0125 0.344715 -0.276625 0.0423262 0.186868 0.112644 0.970938 0.0983368 0.021211
e_12_6 12 6 6 0.0125 0.355258 -0.272373 0.0220796 0.261725 0.0339572 0.95713 0.119369 0.025373
e_2_13 2 13 1 0.0125 0.287426 -0.262261 0.128429 0.433067 -0.51247 0.686195 0.281007 0.031612
e_13_14 13 14 2 0.0125 0.296724 -0.237272 0.114934 0.453272 -0.519951 0.668368 0.278353 0.028164
e_14_15 14 15 3 0.0125 0.306713 -0.217784 0.105242 0.518383 -0.410887 0.713415 0.23128 0.020135
e_15_5 15 5 4 0.0125 0.318572 -0.203146 0.0982692 0.534876 -0.363149 0.732799 0.212216 0.020089
e_2_16 2 16 1 0.0125 0.279937 -0.255202 0.119132 0.251208 -0.62147 0.656328 0.346271 0.052612
e_16_17 16 17 2 0.0125 0.263363 -0.186721 0.0800701 0.435007 -0.783423 0.299358 0.327721 0.110073
e_17_18 17 18 3 0.0125 0.238466 -0.113278 0.0506261 0.55099 -0.789679 0.032369 0.267896 0.05663
e_18_19 18 19 4 0.0125 0.225061 -0.0782995 0.0415668 0.573597 -0.756934 0.154295 0.272455 0.020681
e_19_20 19 20 5 0.0125 0.218316 -0.0601415 0.0360444 0.488212 -0.820659 0.0504753 0.292607 0.020002
e_20_21 20 21 6 0.0125 0.212832 -0.042336 0.0296156 0.513742 -0.737678 0.318165 0.301115 0.020001
e_21_1 21 1 7 0.0125 0.211468 -0.0228497 0.0262776 0.646638 -0.679827 0.243572 0.245698 0.020002
e_1_22 1 22 1 0.0125 0.20159 -0.0113636 0.0238736 0.546299 0.285287 -0.719259 -0.320679 0.02
e_22_23 22 23 2 0.0125 0.181957 -0.00958658 0.0208746 0.574082 0.3645 -0.646804 -0.345275 0.02
e_23_24 23 24 3 0.0125 0.162252 -0.0114469 0.0195234 0.579399 0.516494 -0.499591 -0.384629 0.02
e_24_25 24 25 4 0.0125 0.143264 -0.0169572 0.0173103 0.481981 0.673509 -0.375054 -0.416432 0.02
e_25_4 25 4 5 0.0125 0.12424 -0.0208103 0.0134944 0.507321 0.494639 -0.593174 -0.382233 0.02
e_1_26 1 26 1 0.0125 0.218452 -0.00742465 0.0302054 0.842977 -0.27655 0.45349 0.0851876 0.02
e_26_27 26 27 2 0.0125 0.23193 0.00343415 0.0401166 0.87922 -0.278845 0.38018 0.0684212 0.02
e_27_28 27 28 3 0.0125 0.243125 0.0158562 0.0508771 0.866462 -0.367315 0.323679 0.0977564 0.02
e_28_29 28 29 4 0.0125 0.252113 0.029507 0.0623235 0.898071 -0.349226 0.25694 0.0741031 0.02
e_29_3 29 3 5 0.0125 0.260395 0.0426553 0.0749129 0.901416 -0.340135 0.258547 0.0700783 0.02
5 28 27
3 0.162764 0.242598 0.0996657 0.0125
29 0.164329 0.23328 0.0793287 0.0125
28 0.161903 0.223292 0.0614408 0.0125
27 0.159321 0.210399 0.0372817 0.0125
4 0.05975 0.166733 0.0407425 0.0125
26 0.0787318 0.172292 0.0377765 0.0125
25 0.0960414 0.176575 0.0287212 0.0125
24 0.114612 0.182118 0.0237798 0.0125
23 0.132898 0.189311 0.0200569 0.0125
1 0.152516 0.190752 0.0164407 0.0125
22 0.171151 0.18365 0.01209 0.0125
21 0.18825 0.172438 0.0120192 0.0125
6 0.26115 -0.0212251 0.0450206 0.0125
11 0.278218 -0.00700045 0.0638295 0.0125
10 0.29135 -0.000322666 0.0776549 0.0125
9 0.310079 0.0174467 0.103284 0.0125
2 0.347248 0.0311272 0.153597 0.0125
19 0.218304 0.151615 0.0271182 0.0125
8 0.328126 0.0258793 0.124558 0.0125
12 0.358041 0.0341568 0.170159 0.0125
13 0.371088 0.0341899 0.185317 0.0125
14 0.384049 0.0354152 0.2005 0.0125
15 0.397414 0.0343834 0.215344 0.0125
5 0.411375 0.0269597 0.227591 0.0125
16 0.30238 0.0742016 0.105714 0.0125
17 0.25619 0.1313 0.0590185 0.0125
18 0.234168 0.143133 0.0403512 0.0125
20 0.202507 0.15949 0.0177044 0.0125
e_2_8 2 8 1 0.0125 0.337687 0.0285032 0.139077 -0.0631288 0.845964 0.444141 -0.288268 0.035163
e_8_9 8 9 2 0.0125 0.319103 0.0216632 0.113921 0.322862 0.748234 -0.552375 -0.175463 0.029145
e_9_10 9 10 3 0.0125 0.300714 0.00856253 0.0904694 0.291385 0.918452 -0.0933265 -0.250661 0.036378
e_10_11 10 11 4 0.0125 0.284784 -0.00366156 0.0707422 0.365919 0.701767 -0.591328 -0.15478 0.020204
e_11_6 11 6 5 0.0125 0.269683 -0.0141129 0.0544249 0.361609 0.855359 -0.302354 -0.2149 0.029111
e_2_12 2 12 1 0.0125 0.352644 0.0326418 0.161878 0.950274 -0.0477227 0.289233 0.1051 0.02
e_12_13 12 13 2 0.0125 0.364565 0.0341734 0.177739 0.934313 0.0278761 0.346808 0.0774965 0.02
e_13_14 13 14 3 0.0125 0.377569 0.0348025 0.192909 0.933875 -0.000716684 0.34702 0.0863387 0.02
e_14_15 14 15 4 0.0125 0.390731 0.0348991 0.207922 0.930786 0.0539159 0.354985 0.0686788 0.02
e_15_5 15 5 5 0.0125 0.404394 0.030672 0.221467 0.897754 0.21291 0.385356 0.014406 0.02
e_2_16 2 16 1 0.0125 0.324814 0.0526644 0.129655 0.311239 -0.897091 -0.0154111 0.313241 0.078494
e_16_17 16 17 2 0.0125 0.279285 0.102751 0.0823657 0.367171 -0.876277 0.0202169 0.311312 0.08703
e_17_18 17 18 3 0.0125 0.245179 0.137217 0.0496844 0.322914 -0.850932 -0.274001 0.310748 0.031199
e_18_19 18 19 4 0.0125 0.226237 0.147374 0.0337344 0.327839 -0.84648 -0.282395 0.310235 0.022332
e_19_20 19 20 5 0.0125 0.210406 0.155553 0.0224117 0.420242 -0.755244 -0.406056 0.296853 0.020005
e_20_21 20 21 6 0.0125 0.195379 0.165964 0.0148615 0.516226 -0.764639 -0.238537 0.303214 0.020081
e_21_22 21 22 7 0.0125 0.179701 0.178044 0.0120546 0.655747 -0.581524 -0.400098 0.267858 0.020448
e_22_1 22 1 8 0.0125 0.161833 0.187201 0.0142654 0.747454 -0.37903 -0.499778 0.218793 0.020411
e_1_23 1 23 1 0.0125 0.142707 0.190032 0.0182485 0.75803 -0.0582134 -0.63733 0.125745 0.02
e_23_24 23 24 2 0.0125 0.123756 0.185714 0.0219181 0.768738 0.197638 -0.606517 0.0460138 0.02
e_24_25 24 25 3 0.0125 0.105327 0.179347 0.0262505 0.786407 0.121669 -0.601391 0.0713397 0.02
e_25_26 25 26 4 0.0125 0.0873871 0.174433 0.0332486 0.847495 0.0711772 -0.518217 0.0902028 0.02
e_26_4 26 4 5 0.0125 0.069241 0.169512 0.0392595 0.754672 0.126446 -0.640197 0.0680381 0.02
e_1_27 1 27 1 0.0125 0.155919 0.200575 0.0268612 0.90416 -0.327442 0.19699 0.190976 0.029439
e_27_28 27 28 2 0.0125 0.160612 0.216845 0.0493613 0.954033 -0.229569 0.090164 0.170264 0.027505
e_28_29 28 29 3 0.0125 0.163115 0.228285 0.0703851 0.950889 -0.235785 0.104298 0.17128 0.02063
e_29_3 29 3 4 0.0125 0.163546 0.237938 0.0894971 0.961466 -0.215749 0.00193953 0.170384 0.022425
