8
1 11 10
2 -0.34761 -0.0609161 0.0383301 0.0125
12 -0.337739 -0.0542735 0.0222551 0.0125
11 -0.319891 -0.047023 0.0167993 0.0125
10 -0.302333 -0.0382125 0.0124724 0.0125
9 -0.287145 -0.0282729 0.0208906 0.0125
4 -0.148248 0.0547878 0.012258 0.0125
1 0.0842908 0.021603 0.0114983 0.0125
8 -0.278672 -0.0100948 0.0208999 0.0125
5 -0.212223 0.0557722 0.01319 0.0125
6 -0.247155 0.0449983 0.0124155 0.0125
7 -0.270528 0.00838513 0.0202886 0.0125
e_1_4 1 4 1 0.0125 -0.0319785 0.0381957 0.0118777 0.652824 -0.362956 -0.605513 0.274659 0.234895
e_4_5 4 5 2 0.0125 -0.180236 0.05528 0.012724 0.641687 -0.31429 -0.627644 0.309069 0.06399
e_5_6 5 6 3 0.0125 -0.229689 0.0503852 0.0128027 0.584205 -0.199766 -0.686067 0.384851 0.036563
e_6_7 6 7 4 0.0125 -0.258841 0.0266917 0.0163521 0.551072 0.147785 -0.623685 0.534318 0.044145
e_7_8 7 8 5 0.0125 -0.2746 -0.000854485 0.0205945 0.456175 0.188212 -0.670422 0.554089 0.020204
e_8_9 8 9 6 0.0125 -0.282908 -0.0191837 0.0208947 0.444742 0.171035 -0.686281 0.549518 0.020056
e_9_10 9 10 7 0.0125 -0.294738 -0.0332429 0.0166813 0.367793 -0.199466 -0.818891 0.392887 0.020008
e_10_11 10 11 8 0.0125 -0.311112 -0.0426169 0.0146359 0.64674 -0.0794014 -0.621391 0.435082 0.020116
e_11_12 11 12 9 0.0125 -0.328815 -0.0506488 0.0195267 0.678703 -0.100394 -0.594726 0.419029 0.020022
e_12_2 12 2 10 0.0125 -0.342675 -0.0575952 0.0302923 0.858312 0.0468413 -0.309698 0.406441 0.02
2 10 9
2 0.000947547 0.176867 0.0317679 0.0125
11 0.0202169 0.145056 0.0172236 0.0125
10 0.0299939 0.125245 0.0123532 0.0125
9 0.0438474 0.0962665 0.0114953 0.0125
4 -0.00685815 -0.115024 0.0114973 0.0125
1 -0.0633247 -0.244188 0.0671928 0.0125
8 0.0609119 0.0615076 0.0271169 0.0125
5 0.0587216 -0.0477599 0.0407827 0.0125
6 0.0643851 0.00255142 0.0453936 0.0125
7 0.0679791 0.026525 0.036272 0.0125
e_1_4 1 4 1 0.0125 -0.0350909 -0.179606 0.0393449 0.377399 -0.753992 -0.339443 -0.416946 0.151572
e_4_5 4 5 2 0.0125 0.0259317 -0.0813917 0.02614 0.737308 -0.554978 0.207831 -0.32432 0.0984
e_5_6 5 6 3 0.0125 0.0615535 -0.0226036 0.0430884 0.66338 -0.635042 -0.226646 -0.324471 0.050839
e_6_7 6 7 4 0.0125 0.0661818 0.0145384 0.0408334 0.437144 -0.702648 -0.427058 -0.364434 0.025901
e_7_8 7 8 5 0.0125 0.0644455 0.0440168 0.0316943 0.543036 -0.613481 -0.497872 -0.284388 0.036845
e_8_9 8 9 6 0.0125 0.0523799 0.0788872 0.0193065 0.514244 -0.540211 -0.628683 -0.220188 0.041753
e_9_10 9 10 7 0.0125 0.0369209 0.110755 0.0119238 0.68561 -0.514896 -0.47068 -0.208043 0.032131
e_10_11 10 11 8 0.0125 0.0251058 0.135151 0.0147882 0.756905 -0.47914 -0.403461 -0.186384 0.022624
e_11_2 11 2 9 0.0125 0.010582 0.160962 0.0244952 0.812678 -0.422469 -0.373384 -0.147167 0.039934
3 8 7
2 -0.0577031 -0.131246 0.011494 0.0125
9 -0.0586275 -0.112741 0.0192836 0.0125
4 -0.143353 0.0453768 0.0663983 0.0125
1 -0.371182 0.203934 0.0119505 0.0125
8 -0.0680596 -0.0978908 0.0291047 0.0125
5 -0.111745 0.0213262 0.0413575 0.0125
6 -0.088452 -0.0281602 0.0372335 0.0125
7 -0.0673097 -0.0757423 0.0351823 0.0125
e_1_4 1 4 1 0.0125 -0.257267 0.124656 0.0391744 0.544862 0.62568 0.110824 0.547145 0.282862
e_4_5 4 5 2 0.0125 -0.127549 0.0333517 0.0538775 -0.334122 0.136497 -0.864886 0.348861 0.046952
e_5_6 5 6 3 0.0125 -0.100098 -0.00341695 0.0392959 0.329703 0.594738 -0.428808 0.594732 0.05485
e_6_7 6 7 4 0.0125 -0.0778803 -0.0519512 0.0362084 0.380859 0.606597 -0.38952 0.579017 0.052108
e_7_8 7 8 5 0.0125 -0.0676847 -0.0868165 0.0321435 0.431276 0.546233 -0.577825 0.42632 0.02298
e_8_9 8 9 6 0.0125 -0.0633433 -0.105316 0.0241938 -0.0645872 0.365739 -0.780995 0.502107 0.020148
e_9_2 9 2 7 0.0125 -0.0581652 -0.121993 0.0153891 0.319204 0.513793 -0.655575 0.452048 0.0201
4 10 9
2 0.139571 0.250162 0.0143928 0.0125
11 0.133906 0.231097 0.0117589 0.0125
10 0.130535 0.210574 0.0183317 0.0125
9 0.129067 0.189805 0.021008 0.0125
4 0.0273366 0.093328 0.0323789 0.0125
1 -0.247475 0.0453138 0.0380724 0.0125
8 0.123456 0.167895 0.026061 0.0125
5 0.0723715 0.120436 0.0452237 0.0125
6 0.0921237 0.130098 0.0494382 0.0125
7 0.118151 0.144891 0.0365433 0.0125
e_1_4 1 4 1 0.0125 -0.11007 0.0693212 0.0352255 0.65642 -0.35933 0.61732 -0.242716 0.279032
e_4_5 4 5 2 0.0125 0.0498541 0.106882 0.0388013 0.778571 -0.390465 0.47838 -0.111881 0.054111
e_5_6 5 6 3 0.0125 0.0822476 0.125267 0.047331 0.757535 -0.380789 0.510775 -0.142303 0.022389
e_6_7 6 7 4 0.0125 0.105137 0.137495 0.0429901 0.52894 -0.595017 0.5863 -0.149762 0.032596
e_7_8 7 8 5 0.0125 0.120804 0.156393 0.0313019 0.535661 -0.767993 0.336288 0.100822 0.02583
e_8_9 8 9 6 0.0125 0.126262 0.17885 0.0235342 0.616404 -0.712806 0.317716 0.10493 0.023174
e_9_10 9 10 7 0.0125 0.129801 0.20019 0.0196698 0.639344 -0.711644 0.239349 0.165877 0.020993
e_10_11 10 11 8 0.0125 0.13222 0.220836 0.0150456 0.57719 -0.749213 0.298929 0.127175 0.021812
e_11_2 11 2 9 0.0125 0.136738 0.24063 0.0130757 0.744109 -0.59777 0.277535 0.109301 0.020063
5 6 5
2 -0.0563137 0.00542325 0.161383 0.0125
7 -0.0469025 -0.00914378 0.130884 0.0125
6 -0.0210729 -0.00952965 0.108491 0.0125
5 -0.0046569 -0.0196097 0.101992 0.0125
1 0.37553 -0.0286833 0.104405 0.0125
4 0.163175 -0.0515921 0.0316602 0.0125
e_1_4 1 4 1 0.0125 0.269353 -0.0401378 0.068032 -0.0740862 0.790775 0.18941 -0.577331 0.225635
e_4_5 4 5 2 0.0125 0.079259 -0.0356008 0.0668265 0.557402 -0.475259 -0.289479 0.616144 0.184763
e_5_6 5 6 3 0.0125 -0.0128645 -0.0145696 0.105242 0.274836 -0.570969 0.119032 0.76439 0.02033
e_6_7 6 7 4 0.0125 -0.0339873 -0.00933663 0.119688 0.735018 -0.249683 -0.331889 0.535964 0.034187
e_7_2 7 2 5 0.0125 -0.0516082 -0.00186015 0.146134 0.62942 -0.245102 0.072668 0.733809 0.035085
6 7 6
2 -0.289474 0.0684956 0.0360179 0.0125
4 -0.195304 0.13826 0.0787077 0.0125
1 0.163185 0.118132 0.101611 0.0125
8 -0.284212 0.0867411 0.0465252 0.0125
5 -0.221993 0.140348 0.0661949 0.0125
6 -0.262086 0.113763 0.0660179 0.0125
7 -0.269823 0.0980331 0.0550599 0.0125
e_1_4 1 4 1 0.0125 -0.0160591 0.128196 0.0901594 0.650007 -0.266228 -0.678936 0.213682 0.359783
e_4_5 4 5 2 0.0125 -0.208648 0.139305 0.0724512 -0.0970459 -0.815307 0.216776 0.528076 0.029551
e_5_6 5 6 3 0.0125 -0.242039 0.127055 0.066106 -0.265563 0.399709 0.584864 -0.653944 0.048107
e_6_7 6 7 4 0.0125 -0.265955 0.105898 0.0605393 -0.32237 -0.233596 0.842886 -0.362013 0.020673
e_7_8 7 8 5 0.0125 -0.277018 0.0923867 0.0507931 -0.471322 -0.138505 0.83201 -0.257743 0.020184
e_8_2 8 2 6 0.0125 -0.286843 0.0776189 0.0412714 -0.25916 -0.217134 0.833632 -0.436745 0.021702
7 8 7
2 0.0878842 -0.225231 0.0191523 0.0125
9 0.0985632 -0.208127 0.0232294 0.0125
4 0.0410568 0.195363 0.0885389 0.0125
1 0.0460793 0.231641 0.1098 0.0125
8 0.108998 -0.190651 0.0270821 0.0125
5 0.128862 -0.103708 0.011738 0.0125
6 0.132526 -0.14231 0.0217746 0.0125
7 0.127652 -0.163553 0.0269309 0.0125
e_1_4 1 4 1 0.0125 0.0435681 0.213502 0.09917 0.493701 0.866588 0.00690846 -0.072366 0.042348
e_4_5 4 5 2 0.0125 0.0849594 0.0458275 0.0501389 0.616433 0.747816 0.24575 -0.0196941 0.321017
e_5_6 5 6 3 0.0125 0.130694 -0.123009 0.0167559 0.789822 0.605891 0.0872519 -0.0382589 0.040053
e_6_7 6 7 4 0.0125 0.130088 -0.152932 0.0243527 0.781144 0.614673 -0.0839651 -0.0702929 0.022396
e_7_8 7 8 5 0.0125 0.118325 -0.177102 0.027006 0.699853 0.636939 -0.303342 -0.111798 0.032899
e_8_9 8 9 6 0.0125 0.103781 -0.199389 0.0251557 0.627989 0.720382 -0.272106 -0.112421 0.020715
e_9_2 9 2 7 0.0125 0.0932242 -0.216678 0.0211909 0.622722 0.719884 -0.284347 -0.114591 0.020572
8 9 8
2 -0.368269 -0.0624234 0.1091 0.0125
10 -0.359233 -0.0576454 0.0918994 0.0125
9 -0.346595 -0.0627953 0.077256 0.0125
4 -0.263994 -0.0593084 0.0122295 0.0125
1 0.0754183 -0.0594073 0.0995324 0.0125
8 -0.334302 -0.06628 0.0618694 0.0125
5 -0.2837 -0.0574944 0.0225284 0.0125
6 -0.303544 -0.0528512 0.0368053 0.0125
7 -0.320147 -0.0570184 0.0480728 0.0125
e_1_4 1 4 1 0.0125 -0.0942879 -0.0593579 0.0558809 0.565611 0.303723 -0.729594 -0.235648 0.35046
e_4_5 4 5 2 0.0125 -0.273847 -0.0584014 0.0173794 0.813613 0.113299 -0.506301 -0.262405 0.022308
e_5_6 5 6 3 0.0125 -0.293622 -0.0551723 0.0296665 0.846391 0.0341924 -0.460387 -0.265512 0.024884
e_6_7 6 7 4 0.0125 -0.311845 -0.0549342 0.0424387 0.844692 0.240359 -0.409047 -0.247799 0.020493
e_7_8 7 8 5 0.0125 -0.327224 -0.0616494 0.0549711 0.873404 0.318705 -0.287064 -0.230623 0.021828
e_8_9 8 9 6 0.0125 -0.340448 -0.0645377 0.0695622 0.903972 0.00123618 -0.339629 -0.259779 0.02
e_9_10 9 10 7 0.0125 -0.352914 -0.0602199 0.0845778 0.892547 -0.0367342 -0.364498 -0.262965 0.020017
e_10_2 10 2 8 0.0125 -0.363751 -0.0600344 0.1005 0.935077 0.177249 -0.19684 -0.235516 0.020009
