8
1 7 6
2 0.19037 -0.205447 0.0340297 0.0125
4 0.111943 0.011118 0.0255381 0.0125
1 0.129156 0.264764 0.0114974 0.0125
8 0.16194 -0.178077 0.0219625 0.0125
5 0.113868 -0.0512276 0.0159767 0.0125
6 0.114429 -0.0771808 0.0163255 0.0125
7 0.158333 -0.159566 0.0114927 0.0125
e_1_4 1 4 1 0.0125 0.120549 0.137941 0.0185174 0.697245 0.671326 0.147477 -0.203522 0.254617
e_4_5 4 5 2 0.0125 0.112905 -0.0200554 0.0207574 0.608939 0.700744 0.291061 -0.23116 0.063104
e_5_6 5 6 3 0.0125 0.114148 -0.0642043 0.0161507 0.68052 0.666836 0.220484 -0.208829 0.025962
e_6_7 6 7 4 0.0125 0.136381 -0.118374 0.0139092 0.663998 0.526778 0.498352 -0.182365 0.093479
e_7_8 7 8 5 0.0125 0.160137 -0.168822 0.0167276 0.85244 0.478245 0.169102 -0.126618 0.02157
e_8_2 8 2 6 0.0125 0.176155 -0.191763 0.0279962 0.796354 0.350189 0.480786 -0.109697 0.041267
2 7 6
2 0.190041 -0.104248 0.0683756 0.0125
4 0.0398897 0.0131523 0.0249237 0.0125
1 -0.166292 0.23387 0.012395 0.0125
8 0.172796 -0.0935099 0.0613515 0.0125
5 0.059358 0.00228241 0.0310863 0.0125
6 0.120227 -0.0603552 0.0425301 0.0125
7 0.156826 -0.0830909 0.0544094 0.0125
e_1_4 1 4 1 0.0125 -0.063201 0.123511 0.0186588 0.237014 0.612533 -0.322617 0.681576 0.302297
e_4_5 4 5 2 0.0125 0.0496239 0.00771786 0.0280051 0.475195 0.600463 0.0789413 0.638281 0.023133
e_5_6 5 6 3 0.0125 0.0897924 -0.0290369 0.0368086 0.325987 0.61934 -0.226861 0.677263 0.088088
e_6_7 6 7 4 0.0125 0.138526 -0.0717231 0.0484702 0.468663 0.604221 0.0448481 0.642853 0.044694
e_7_8 7 8 5 0.0125 0.164811 -0.0883004 0.0578804 0.586807 0.559656 0.125443 0.571582 0.020293
e_8_2 8 2 6 0.0125 0.181419 -0.0988789 0.0648636 0.568623 0.566719 0.124276 0.583141 0.021494
3 10 9
2 0.263765 0.00747438 0.0638471 0.0125
11 0.244792 0.0135313 0.0656678 0.0125
10 0.225527 0.0139771 0.0603152 0.0125
9 0.205749 0.01108 0.0609898 0.0125
4 0.111169 0.00533466 0.072998 0.0125
1 -0.211158 0.0933198 0.0114944 0.0125
8 0.186984 0.00438205 0.0627403 0.0125
5 0.130902 0.00284803 0.0763677 0.0125
6 0.150588 0.00526479 0.0731827 0.0125
7 0.167779 -0.000761724 0.0649194 0.0125
e_1_4 1 4 1 0.0125 -0.0499942 0.0493267 0.0422465 0.731103 -0.0297943 0.639214 -0.236657 0.339734
e_4_5 4 5 2 0.0125 0.121036 0.00409123 0.074683 0.737948 -0.0875347 0.639376 -0.197406 0.020171
e_5_6 5 6 3 0.0125 0.140744 0.00405652 0.074775 0.642128 -0.198443 0.734786 -0.091551 0.020088
e_6_7 6 7 4 0.0125 0.159183 0.00225143 0.0690505 0.508442 -0.0127343 0.840462 -0.186943 0.020004
e_7_8 7 8 5 0.0125 0.177382 0.00180973 0.06383 0.664985 -0.253916 0.700009 -0.0575214 0.020001
e_8_9 8 9 6 0.0125 0.196366 0.00773051 0.0618646 0.674447 -0.285544 0.679866 -0.036978 0.020001
e_9_10 9 10 7 0.0125 0.215638 0.0125288 0.0606519 0.687924 -0.204922 0.689111 -0.0994649 0.02
e_10_11 10 11 8 0.0125 0.235159 0.0137546 0.0629913 0.775255 -0.123967 0.592299 -0.181089 0.02
e_11_2 11 2 9 0.0125 0.254279 0.0105023 0.0647578 0.637229 -0.0173654 0.738386 -0.220056 0.02
4 11 10
2 0.31516 -0.138625 0.0192959 0.0125
12 0.297084 -0.144178 0.0124941 0.0125
11 0.2763 -0.146468 0.011381 0.0125
10 0.256574 -0.141204 0.0269456 0.0125
9 0.240498 -0.129288 0.03899 0.0125
4 0.228127 0.1629 0.0344134 0.0125
1 0.260061 0.23216 0.0865726 0.0125
8 0.228341 -0.112524 0.0469516 0.0125
5 0.198518 0.0863637 0.0124009 0.0125
6 0.189478 0.0140289 0.0376022 0.0125
7 0.206231 -0.06065 0.0435668 0.0125
e_1_4 1 4 1 0.0125 0.244094 0.19753 0.0604931 -0.156272 0.0799558 0.880831 -0.439685 0.092398
e_4_5 4 5 2 0.0125 0.213322 0.124632 0.0234067 0.120216 0.426792 0.668867 -0.596668 0.084964
e_5_6 5 6 3 0.0125 0.193998 0.0501963 0.0250016 0.70772 0.535871 0.222427 -0.403115 0.077131
e_6_7 6 7 4 0.0125 0.197855 -0.023311 0.0405847 0.575556 0.427273 0.527816 -0.455613 0.076767
e_7_8 7 8 5 0.0125 0.217286 -0.0865865 0.0452591 0.596043 0.362053 0.582201 -0.417961 0.05649
e_8_9 8 9 6 0.0125 0.23442 -0.120905 0.0429707 0.420914 0.172417 0.806044 -0.378679 0.022187
e_9_10 9 10 7 0.0125 0.248536 -0.135246 0.0329672 0.403236 0.0239835 0.87022 -0.282033 0.023355
e_10_11 10 11 8 0.0125 0.266437 -0.143836 0.0191633 0.410139 -0.11681 0.888526 -0.169301 0.025673
e_11_12 11 12 9 0.0125 0.286692 -0.145323 0.0119374 0.724805 -0.108429 0.679458 -0.0351911 0.020939
e_12_2 12 2 10 0.0125 0.306122 -0.141402 0.015895 0.816489 -0.134376 0.559196 0.0508731 0.020096
5 10 9
2 0.231943 -0.12597 0.0697533 0.0125
11 0.213825 -0.127514 0.0613409 0.0125
10 0.199783 -0.127899 0.0471009 0.0125
9 0.187474 -0.124847 0.0315902 0.0125
4 0.146005 -0.0486183 0.018707 0.0125
1 0.208734 0.28488 0.0124196 0.0125
8 0.16995 -0.118892 0.0239899 0.0125
5 0.145419 -0.0687708 0.0167797 0.0125
6 0.148288 -0.087969 0.0114955 0.0125
7 0.157802 -0.105095 0.0160208 0.0125
e_1_4 1 4 1 0.0125 0.17737 0.118131 0.0155631 0.324781 0.42863 0.554087 -0.635437 0.339405
e_4_5 4 5 2 0.0125 0.145712 -0.0586944 0.0177438 0.33645 0.388624 0.629732 -0.582417 0.020253
e_5_6 5 6 3 0.0125 0.146853 -0.0783699 0.0141376 0.335601 0.336482 0.719793 -0.506013 0.020118
e_6_7 6 7 4 0.0125 0.153045 -0.096532 0.0137575 0.594868 0.217166 0.583371 -0.508575 0.020107
e_7_8 7 8 5 0.0125 0.163876 -0.111993 0.0200052 0.69288 0.138451 0.530996 -0.467752 0.020036
e_8_9 8 9 6 0.0125 0.178712 -0.121869 0.02779 0.773555 -0.025222 0.556262 -0.30257 0.020008
e_9_10 9 10 7 0.0125 0.193628 -0.126372 0.039346 0.872938 -0.0475129 0.332648 -0.353648 0.020035
e_10_11 10 11 8 0.0125 0.206804 -0.127706 0.0542209 0.885754 -0.119517 0.360225 -0.267196 0.020002
e_11_2 11 2 9 0.0125 0.222884 -0.126741 0.0655465 0.824701 -0.154717 0.51587 -0.172651 0.020036
6 10 9
2 -0.164274 0.132801 0.107758 0.0125
11 -0.149451 0.119427 0.106031 0.0125
10 -0.136463 0.106087 0.0987173 0.0125
9 -0.123607 0.0926886 0.0912629 0.0125
4 0.133306 -0.115373 0.0399535 0.0125
1 0.205891 -0.186364 0.0285742 0.0125
8 -0.108467 0.0821426 0.0829928 0.0125
5 -0.0531875 0.0520177 0.0716255 0.0125
6 -0.0704182 0.0621634 0.0710807 0.0125
7 -0.0912148 0.0713503 0.0748266 0.0125
e_1_4 1 4 1 0.0125 0.169599 -0.150868 0.034264 0.737332 -0.531117 -0.402773 0.109681 0.102165
e_4_5 4 5 2 0.0125 0.0400595 -0.0316778 0.0557896 0.748801 -0.470198 -0.464997 0.0445977 0.252592
e_5_6 5 6 3 0.0125 -0.0618025 0.0570902 0.0713532 0.604515 -0.00720853 -0.716622 -0.347796 0.020003
e_6_7 6 7 4 0.0125 -0.0808158 0.0667568 0.0729535 0.707561 -0.0222383 -0.646715 -0.28394 0.023042
e_7_8 7 8 5 0.0125 -0.0998413 0.0767468 0.0789095 0.825946 -0.2598 -0.49627 -0.0634974 0.021928
e_8_9 8 9 6 0.0125 -0.116037 0.087416 0.0871277 0.839246 -0.303547 -0.45094 -0.0133807 0.020219
e_9_10 9 10 7 0.0125 -0.130035 0.0993872 0.0949898 0.815543 -0.465974 -0.31081 0.145451 0.020009
e_10_11 10 11 8 0.0125 -0.142957 0.112758 0.102373 0.814514 -0.463935 -0.319313 0.13918 0.020004
e_11_2 11 2 9 0.0125 -0.156863 0.126114 0.106894 0.735848 -0.479663 -0.47625 0.0404611 0.020038
7 11 10
2 -0.186944 -0.467173 0.220239 0.0125
12 -0.177159 -0.450444 0.214711 0.0125
11 -0.175497 -0.431022 0.209972 0.0125
10 -0.184358 -0.411707 0.215908 0.0125
9 -0.180636 -0.389449 0.217932 0.0125
4 -0.0973651 -0.12896 0.0681927 0.0125
1 -0.112936 -0.0706409 0.0114968 0.0125
8 -0.156237 -0.349792 0.209676 0.0125
5 -0.118496 -0.204393 0.146395 0.0125
6 -0.130053 -0.298412 0.21409 0.0125
7 -0.146485 -0.331397 0.211604 0.0125
e_1_4 1 4 1 0.0125 -0.10515 -0.0998008 0.0398443 0.731978 0.244201 0.313137 -0.553642 0.082813
e_4_5 4 5 2 0.0125 -0.10793 -0.166677 0.107294 0.681212 0.341825 0.172929 -0.62386 0.11069
e_5_6 5 6 3 0.0125 -0.124274 -0.251403 0.180243 0.662994 0.375739 0.260974 -0.592581 0.116429
e_6_7 6 7 4 0.0125 -0.138269 -0.314905 0.212847 0.420164 0.659078 0.315059 -0.538345 0.036935
e_7_8 7 8 5 0.0125 -0.151361 -0.340595 0.210641 0.407395 0.670518 0.310683 -0.536574 0.020909
e_8_9 8 9 6 0.0125 -0.168436 -0.369621 0.213804 0.481167 0.605557 0.214508 -0.59646 0.047288
e_9_10 9 10 7 0.0125 -0.182497 -0.400578 0.21692 0.467083 0.591707 0.441057 -0.487017 0.022657
e_10_11 10 11 8 0.0125 -0.179927 -0.421364 0.21294 0.505365 0.422916 0.675027 -0.331794 0.022064
e_11_12 11 12 9 0.0125 -0.176328 -0.440734 0.212342 0.574925 0.4862 0.381438 -0.536262 0.020062
e_12_2 12 2 10 0.0125 -0.182052 -0.458809 0.217475 0.516169 0.568218 0.199947 -0.608868 0.020153
8 11 10
2 0.272102 0.26925 0.0255881 0.0125
12 0.260971 0.250909 0.0230142 0.0125
11 0.247404 0.235771 0.020141 0.0125
10 0.232996 0.222819 0.0269422 0.0125
9 0.21782 0.206353 0.0287752 0.0125
4 0.165942 -0.140245 0.146805 0.0125
1 0.168063 -0.163909 0.156759 0.0125
8 0.206921 0.188925 0.0336753 0.0125
5 0.144812 0.0938636 0.0689926 0.0125
6 0.172945 0.124699 0.0503081 0.0125
7 0.188539 0.158059 0.0423781 0.0125
e_1_4 1 4 1 0.0125 0.167002 -0.152077 0.151783 0.498421 -0.713797 -0.428605 -0.241592 0.025759
e_4_5 4 5 2 0.0125 0.155377 -0.0231904 0.107899 0.537446 -0.712104 -0.387348 -0.232424 0.247605
e_5_6 5 6 3 0.0125 0.158877 0.109282 0.0596503 0.479824 -0.813194 0.207386 -0.255883 0.045732
e_6_7 6 7 4 0.0125 0.180742 0.141379 0.0463424 0.584332 -0.776536 0.0474282 -0.230866 0.037669
e_7_8 7 8 5 0.0125 0.19773 0.173492 0.0380264 0.574493 -0.776101 0.12401 -0.228576 0.036965
e_8_9 8 9 6 0.0125 0.21237 0.197639 0.0312253 0.577499 -0.771051 0.146352 -0.224849 0.021131
e_9_10 9 10 7 0.0125 0.225408 0.214586 0.0278587 0.662863 -0.632495 0.375147 -0.14081 0.022468
e_10_11 10 11 8 0.0125 0.2402 0.229296 0.0235416 0.543704 -0.71943 0.384754 -0.196905 0.020532
e_11_12 11 12 9 0.0125 0.254187 0.24334 0.021578 0.750229 -0.534232 0.380293 -0.0844324 0.02053
e_12_2 12 2 10 0.0125 0.266536 0.260079 0.0243011 0.736804 -0.618266 0.241254 -0.129085 0.021608
