8
1 10 9
2 0.116404 -0.28844 0.0585267 0.0125
11 0.102701 -0.275942 0.0506909 0.0125
10 0.0938144 -0.261255 0.0402539 0.0125
9 0.0854647 -0.243175 0.0376556 0.0125
4 -0.157332 -0.163739 0.0146545 0.0125
1 -0.320886 -0.125487 0.0114951 0.0125
8 0.0761995 -0.225601 0.0325771 0.0125
5 0.0135824 -0.197135 0.012714 0.0125
6 0.0465271 -0.20537 0.0114932 0.0125
7 0.0657014 -0.212243 0.0208982 0.0125
e_1_4 1 4 1 0.0125 -0.239109 -0.144613 0.0130741 -0.0873993 0.657356 -0.241829 0.708353 0.167997
e_4_5 4 5 2 0.0125 -0.0718743 -0.180437 0.0136848 -0.104356 0.669873 -0.238413 0.69537 0.174158
e_5_6 5 6 3 0.0125 0.030055 -0.201253 0.0121043 -0.0421948 0.686322 -0.216627 0.693004 0.03398
e_6_7 6 7 4 0.0125 0.0561142 -0.208806 0.0161957 -0.394079 0.363285 -0.398032 0.744511 0.022435
e_7_8 7 8 5 0.0125 0.0709506 -0.218921 0.0267369 0.0530004 -0.265248 0.382618 -0.883424 0.020617
e_8_9 8 9 6 0.0125 0.0808324 -0.234388 0.0351166 0.780211 0.491442 0.366949 -0.122897 0.020506
e_9_10 9 10 7 0.0125 0.0896395 -0.252215 0.0389547 0.743501 0.552519 0.360619 -0.109003 0.020083
e_10_11 10 11 8 0.0125 0.0982579 -0.268598 0.0454731 0.544749 0.0640126 0.485937 -0.680453 0.020091
e_11_2 11 2 9 0.0125 0.109553 -0.282191 0.0546095 0.379262 0.533062 -0.145798 0.742124 0.020133
2 7 6
2 0.0478099 -0.243086 0.0389024 0.0125
4 0.212557 0.0478289 0.0121291 0.0125
1 0.308834 0.171238 0.0129854 0.0125
8 0.0565268 -0.221213 0.047234 0.0125
5 0.159975 -0.0452067 0.0321754 0.0125
6 0.0799391 -0.187334 0.0623555 0.0125
7 0.0678039 -0.204295 0.0552296 0.0125
e_1_4 1 4 1 0.0125 0.260695 0.109534 0.0125572 0.521955 0.120528 -0.698719 0.474161 0.156524
e_4_5 4 5 2 0.0125 0.186266 0.00131157 0.0221524 0.748474 0.467734 -0.434789 0.178801 0.108731
e_5_6 5 6 3 0.0125 0.119957 -0.11627 0.0472655 0.747935 0.469656 -0.434111 0.177662 0.165882
e_6_7 6 7 4 0.0125 0.0738707 -0.195815 0.0587922 -0.185292 -0.659407 -0.476296 0.551355 0.022039
e_7_8 7 8 5 0.0125 0.0621651 -0.212753 0.0512322 -0.313538 -0.76367 -0.315907 0.467659 0.021847
e_8_2 8 2 6 0.0125 0.0521681 -0.232149 0.0430686 -0.555454 -0.647635 0.497344 -0.157128 0.024977
3 7 6
2 0.0878667 0.00176755 0.0671233 0.0125
4 -0.289673 -0.129408 0.0363835 0.0125
1 -0.376922 -0.165225 0.0378691 0.0125
8 0.0711681 -0.00669393 0.0598804 0.0125
5 -0.116577 -0.0658416 0.0261176 0.0125
6 0.030564 -0.0109432 0.0497947 0.0125
7 0.0515335 -0.00788399 0.0546788 0.0125
e_1_4 1 4 1 0.0125 -0.333297 -0.147316 0.0371263 0.145728 0.588665 0.401678 0.686216 0.094327
e_4_5 4 5 2 0.0125 -0.203125 -0.0976248 0.0312505 0.0375839 0.667246 0.287361 0.686144 0.184684
e_5_6 5 6 3 0.0125 -0.0430059 -0.0383924 0.0379566 0.657166 -0.50222 0.416213 -0.377723 0.158824
e_6_7 6 7 4 0.0125 0.041049 -0.00941422 0.052237 0.780037 -0.13833 0.607105 -0.0619005 0.021746
e_7_8 7 8 5 0.0125 0.0613507 -0.00728872 0.0572803 0.791558 -0.0642007 0.606673 -0.0355226 0.020347
e_8_2 8 2 6 0.0125 0.0795167 -0.00246278 0.0635016 0.49516 -0.556695 0.0983482 -0.659723 0.020072
4 11 10
2 -0.292079 0.0632169 0.0114998 0.0125
12 -0.288596 0.0467109 0.0222586 0.0125
11 -0.277573 0.0385488 0.0368148 0.0125
10 -0.264358 0.0308765 0.0497882 0.0125
9 -0.244974 0.0258792 0.0495594 0.0125
4 -0.0693128 0.155436 0.0122868 0.0125
1 0.0441969 0.288337 0.012408 0.0125
8 -0.228132 0.0173264 0.0424156 0.0125
5 -0.114801 0.101247 0.0118681 0.0125
6 -0.167038 0.0420614 0.0121345 0.0125
7 -0.207016 0.016012 0.0340953 0.0125
e_1_4 1 4 1 0.0125 -0.0125584 0.221887 0.0123475 -0.104034 -0.533552 -0.4644 0.699165 0.174777
e_4_5 4 5 2 0.0125 -0.0920572 0.128341 0.0120778 -0.108197 -0.533929 -0.466777 0.696657 0.070752
e_5_6 5 6 3 0.0125 -0.14092 0.0716536 0.0120012 -0.0954968 -0.534211 -0.461445 0.701832 0.078941
e_6_7 6 7 4 0.0125 -0.187027 0.029036 0.0231148 0.0171274 -0.445846 -0.303611 0.841872 0.052526
e_7_8 7 8 5 0.0125 -0.217574 0.016669 0.0382551 0.404964 -0.507001 -0.244858 0.720416 0.022735
e_8_9 8 9 6 0.0125 -0.236553 0.0216026 0.0459882 0.62342 -0.525756 -0.216103 0.536868 0.020195
e_9_10 9 10 7 0.0125 -0.254666 0.0283778 0.0496738 0.498977 -0.608227 -0.35264 0.506683 0.02002
e_10_11 10 11 8 0.0125 -0.270965 0.0347127 0.0433014 0.390648 -0.712029 -0.562698 0.154205 0.020045
e_11_12 11 12 9 0.0125 -0.283084 0.0426296 0.0295362 0.358016 -0.716965 -0.591491 0.0890199 0.02
e_12_2 12 2 10 0.0125 -0.290338 0.0549634 0.0168796 0.42147 -0.664999 -0.571513 -0.231326 0.020009
5 6 5
2 0.216506 0.110502 0.0410149 0.0125
7 0.210105 0.090855 0.0376672 0.0125
6 0.143889 -0.0210287 0.0288734 0.0125
5 0.126523 -0.0585846 0.0241531 0.0125
1 -0.0547535 -0.286814 0.0901684 0.0125
4 0.101646 -0.108706 0.0114957 0.0125
e_1_4 1 4 1 0.0125 0.0234461 -0.19776 0.0508318 0.406489 -0.0382967 0.809963 0.421022 0.249745
e_4_5 4 5 2 0.0125 0.114085 -0.0836446 0.0178241 0.638634 -0.297253 0.548928 0.449962 0.05737
e_5_6 5 6 3 0.0125 0.135205 -0.0398064 0.0265137 0.570084 -0.28148 0.603401 0.481332 0.041644
e_6_7 6 7 4 0.0125 0.176997 0.0349126 0.0332708 0.565138 -0.234158 0.641426 0.462992 0.130307
e_7_2 7 2 5 0.0125 0.213306 0.100679 0.0393412 0.575675 -0.334414 0.555175 0.498544 0.020933
6 11 10
2 -0.304977 -0.200197 0.0223751 0.0125
12 -0.287622 -0.203518 0.0129394 0.0125
11 -0.268704 -0.210081 0.0128302 0.0125
10 -0.251922 -0.221257 0.0122267 0.0125
9 -0.233019 -0.227635 0.0138991 0.0125
4 -0.104894 -0.177013 0.05364 0.0125
1 0.10067 -0.025787 0.0112339 0.0125
8 -0.201334 -0.234499 0.0120361 0.0125
5 -0.127745 -0.195429 0.0577495 0.0125
6 -0.146583 -0.213203 0.0491518 0.0125
7 -0.159916 -0.227018 0.0381153 0.0125
e_1_4 1 4 1 0.0125 -0.00211274 -0.1014 0.0324365 -0.0460667 0.496723 0.413891 -0.761471 0.258697
e_4_5 4 5 2 0.0125 -0.11632 -0.186221 0.0556946 -0.0282654 0.495169 0.43066 -0.754016 0.029635
e_5_6 5 6 3 0.0125 -0.137165 -0.204316 0.0534505 0.00982098 0.599064 0.5465 -0.585118 0.027289
e_6_7 6 7 4 0.0125 -0.15325 -0.220111 0.0436334 0.0274402 0.634283 0.588941 -0.50008 0.022146
e_7_8 7 8 5 0.0125 -0.180625 -0.230758 0.0250757 -0.179135 0.742193 0.460989 -0.452271 0.049512
e_8_9 8 9 6 0.0125 -0.217176 -0.231067 0.0129681 -0.36215 0.654208 0.208148 -0.630503 0.032474
e_9_10 9 10 7 0.0125 -0.24247 -0.224446 0.0130626 -0.392897 0.70451 0.21319 -0.551224 0.02002
e_10_11 10 11 8 0.0125 -0.260312 -0.215669 0.0125289 -0.48306 0.688516 0.104716 -0.530692 0.020172
e_11_12 11 12 9 0.0125 -0.278163 -0.206799 0.0128852 -0.401133 0.680117 0.186339 -0.584647 0.020025
e_12_2 12 2 10 0.0125 -0.2963 -0.201858 0.0176572 -0.341342 0.501841 0.112379 -0.786773 0.020031
7 9 8
2 0.0563492 -0.0366373 0.0382323 0.0125
10 0.0376231 -0.0306941 0.0343774 0.0125
9 0.0186798 -0.033202 0.0281375 0.0125
4 -0.0869343 0.0297372 0.0130586 0.0125
1 -0.144812 0.287974 0.193793 0.0125
8 0.000639298 -0.0339479 0.0188864 0.0125
5 -0.0548472 -0.00970138 0.0117778 0.0125
6 -0.0402051 -0.0305891 0.0116648 0.0125
7 -0.0192972 -0.0353529 0.0114998 0.0125
e_1_4 1 4 1 0.0125 -0.115873 0.158856 0.103426 0.13591 0.0661433 0.88182 -0.446706 0.32047
e_4_5 4 5 2 0.0125 -0.0708905 0.0100181 0.0124179 0.561423 0.178027 0.693466 -0.414989 0.050859
e_5_6 5 6 3 0.0125 -0.0475258 -0.0201452 0.0117216 0.542381 0.185933 0.683841 -0.451235 0.025509
e_6_7 6 7 4 0.0125 -0.0297504 -0.0329712 0.011582 0.701912 0.0994417 0.702838 -0.0587261 0.021444
e_7_8 7 8 5 0.0125 -0.00932936 -0.0346504 0.0151928 0.80482 0.0717747 0.567013 0.160028 0.021307
e_8_9 8 9 6 0.0125 0.0096589 -0.0335752 0.0235121 0.836246 0.0823503 0.514986 0.169414 0.020288
e_9_10 9 10 7 0.0125 0.0281514 -0.0319478 0.0312583 0.788005 0.0580475 0.584319 0.185068 0.020102
e_10_2 10 2 8 0.0125 0.0469857 -0.0336657 0.0363046 0.768275 0.130362 0.621878 -0.0776352 0.020021
8 6 5
2 -0.0836703 -0.0305932 0.272978 0.0125
7 -0.0654667 -0.0299335 0.241386 0.0125
6 -0.0538127 -0.0278285 0.221683 0.0125
5 -0.032765 -0.0229418 0.209671 0.0125
1 0.318585 -0.117801 0.011495 0.0125
4 0.171342 -0.0631022 0.0863954 0.0125
e_1_4 1 4 1 0.0125 0.244964 -0.090452 0.0489451 0.791562 -0.350053 -0.402807 0.297723 0.174018
e_4_5 4 5 2 0.0125 0.0692889 -0.0430219 0.148034 0.801199 -0.276062 -0.410956 0.336133 0.241805
e_5_6 5 6 3 0.0125 -0.043289 -0.0253859 0.215676 0.814993 -0.0523538 -0.504307 0.280572 0.024722
e_6_7 6 7 4 0.0125 -0.0596394 -0.0288807 0.231534 0.712485 -0.141968 -0.226491 0.648778 0.022988
e_7_2 7 2 5 0.0125 -0.0745682 -0.030263 0.257181 0.693175 -0.173238 -0.191918 0.672804 0.036468
