8
1 8 7
2 -0.388348 0.00724015 0.0521751 0.0125
9 -0.373295 0.0110234 0.0392612 0.0125
4 -0.210712 0.0135782 0.0114968 0.0125
1 0.0864183 0.105026 0.0114974 0.0125
8 -0.356941 0.0209737 0.0324336 0.0125
5 -0.268028 0.0217215 0.0233964 0.0125
6 -0.303399 0.0202986 0.0264336 0.0125
7 -0.32384 0.0190836 0.0285007 0.0125
e_1_4 1 4 1 0.0125 -0.0621467 0.0593025 0.0114967 0.601541 -0.178292 -0.68426 0.371682 0.310884
e_4_5 4 5 2 0.0125 -0.239369 0.0176506 0.0174466 0.726273 -0.301689 -0.555266 0.270537 0.059103
e_5_6 5 6 3 0.0125 -0.285714 0.0210107 0.024915 0.669056 -0.258164 -0.624979 0.30841 0.035529
e_6_7 6 7 4 0.0125 -0.31362 0.0196914 0.0274668 0.670881 -0.249619 -0.622474 0.31644 0.020581
e_7_8 7 8 5 0.0125 -0.34039 0.0200287 0.0304678 0.691723 -0.286542 -0.599162 0.283582 0.033388
e_8_9 8 9 6 0.0125 -0.365118 0.0159981 0.0358471 0.659702 -0.0488333 -0.574158 0.482443 0.020324
e_9_2 9 2 7 0.0125 -0.380821 0.00913177 0.0457181 0.794089 -0.107044 -0.410779 0.434999 0.020192
2 11 10
2 0.248054 -0.203329 0.0137561 0.0125
12 0.228503 -0.199146 0.0144781 0.0125
11 0.20897 -0.194953 0.0156361 0.0125
10 0.189488 -0.190741 0.0125039 0.0125
9 0.173212 -0.178543 0.0127239 0.0125
4 0.0887553 -0.0505267 0.0343724 0.0125
1 0.0611664 0.192837 0.0361567 0.0125
8 0.154797 -0.169209 0.0126561 0.0125
5 0.0906752 -0.0905264 0.0339855 0.0125
6 0.104959 -0.138219 0.011574 0.0125
7 0.125304 -0.155029 0.0139216 0.0125
e_1_4 1 4 1 0.0125 0.0749615 0.0711554 0.0352644 0.492035 0.435264 0.560526 -0.50424 0.244929
e_4_5 4 5 2 0.0125 0.0897159 -0.0705264 0.0341789 0.473356 0.452181 0.548044 -0.520686 0.040048
e_5_6 5 6 3 0.0125 0.0978176 -0.114373 0.0227797 0.3839 0.39849 0.739222 -0.383899 0.054598
e_6_7 6 7 4 0.0125 0.115131 -0.146625 0.0127474 0.683136 0.20162 0.644245 -0.278609 0.026495
e_7_8 7 8 5 0.0125 0.140051 -0.16212 0.0132888 0.669473 0.132673 0.708316 -0.180254 0.032749
e_8_9 8 9 6 0.0125 0.164004 -0.173876 0.0126905 0.681699 0.136329 0.692662 -0.192147 0.020645
e_9_10 9 10 7 0.0125 0.18135 -0.184641 0.0126144 0.656585 0.19423 0.683867 -0.251987 0.020342
e_10_11 10 11 8 0.0125 0.199229 -0.192847 0.0140705 0.751213 0.0393709 0.648719 -0.115293 0.020177
e_11_12 11 12 9 0.0125 0.218736 -0.19705 0.0150571 0.6801 0.0556797 0.725153 -0.0922849 0.020011
e_12_2 12 2 10 0.0125 0.238278 -0.201238 0.0141166 0.687808 0.0536369 0.717747 -0.0942455 0.020007
3 9 8
2 -0.171902 0.195721 0.0219285 0.0125
10 -0.154226 0.187137 0.0122711 0.0125
9 -0.131471 0.175198 0.018531 0.0125
4 0.0972917 -0.00976291 0.0598835 0.0125
1 0.234209 -0.0698627 0.0463819 0.0125
8 -0.115127 0.162606 0.0220093 0.0125
5 0.0703262 0.00864231 0.0578875 0.0125
6 -0.0376272 0.0699561 0.0356301 0.0125
7 -0.0523787 0.0840561 0.0319757 0.0125
e_1_4 1 4 1 0.0125 0.16575 -0.0398132 0.0531333 0.738216 -0.269941 -0.618196 -0.0014199 0.150135
e_4_5 4 5 2 0.0125 0.0838093 -0.000560494 0.0588852 0.683733 -0.370455 -0.627114 -0.0447305 0.032709
e_5_6 5 6 3 0.0125 0.0163499 0.039299 0.0467585 0.641264 -0.354229 -0.680262 -0.0233799 0.12613
e_6_7 6 7 4 0.0125 -0.0450029 0.0770061 0.0338029 0.636262 -0.452916 -0.618874 -0.0838553 0.020732
e_7_8 7 8 5 0.0125 -0.0837528 0.123331 0.0269918 0.66111 -0.489891 -0.556176 -0.116652 0.101028
e_8_9 8 9 6 0.0125 -0.1233 0.168902 0.0202702 0.643071 -0.409876 -0.644286 -0.0579349 0.020924
e_9_10 9 10 7 0.0125 -0.142849 0.181167 0.0154008 0.617602 -0.348951 -0.704693 -0.0144665 0.026448
e_10_2 10 2 8 0.0125 -0.163064 0.191429 0.0170995 0.848716 -0.22243 -0.479559 -0.0151147 0.021895
4 8 7
2 0.0538932 -0.236886 0.0121378 0.0125
9 0.0713065 -0.226915 0.0161238 0.0125
4 -0.0117591 0.0099301 0.0589487 0.0125
1 -0.103914 0.185163 0.0602914 0.0125
8 0.0822023 -0.211682 0.024732 0.0125
5 0.086165 -0.146263 0.0249287 0.0125
6 0.0975779 -0.174844 0.0225959 0.0125
7 0.0962712 -0.197092 0.0238826 0.0125
e_1_4 1 4 1 0.0125 -0.057836 0.097546 0.0596203 0.660142 0.472676 0.52912 -0.24662 0.197992
e_4_5 4 5 2 0.0125 0.037203 -0.0681665 0.0419387 0.597859 0.463287 0.613272 -0.227657 0.187463
e_5_6 5 6 3 0.0125 0.0918715 -0.160554 0.0237623 0.623981 0.517091 0.520003 -0.269927 0.030865
e_6_7 6 7 4 0.0125 0.0969245 -0.185968 0.0232393 0.635971 0.61881 0.297081 -0.352645 0.022323
e_7_8 7 8 5 0.0125 0.0892365 -0.204387 0.0243077 0.579411 0.686456 -0.0885716 -0.430367 0.020286
e_8_9 8 9 6 0.0125 0.0767542 -0.219299 0.0204283 0.318422 0.799521 0.263798 -0.435642 0.020612
e_9_2 9 2 7 0.0125 0.0625994 -0.231901 0.0141305 0.429383 0.753739 -0.171151 -0.467134 0.020459
5 9 8
2 0.1925 -0.0436752 0.0270686 0.0125
10 0.176094 -0.02125 0.0352338 0.0125
9 0.167475 -0.00307559 0.0409752 0.0125
4 -0.0665047 0.156461 0.118632 0.0125
1 -0.18267 0.0766843 0.161582 0.0125
8 0.152077 0.0158521 0.0474253 0.0125
5 -0.0298606 0.152388 0.0945043 0.0125
6 -0.00308131 0.139072 0.0874435 0.0125
7 0.0837413 0.0739187 0.0579893 0.0125
e_1_4 1 4 1 0.0125 -0.124587 0.116572 0.140108 0.577223 -0.602665 0.531567 -0.145071 0.147321
e_4_5 4 5 2 0.0125 -0.0481824 0.154423 0.106569 0.343682 -0.534114 0.69894 -0.328767 0.044063
e_5_6 5 6 3 0.0125 -0.0164713 0.14573 0.0909742 0.394561 -0.319992 0.715878 -0.479004 0.030729
e_6_7 6 7 4 0.0125 0.0403296 0.106495 0.0727172 0.32001 -0.288895 0.739915 -0.51639 0.112476
e_7_8 7 8 5 0.0125 0.117909 0.0448853 0.0527077 0.369684 -0.203978 0.718953 -0.552118 0.090294
e_8_9 8 9 6 0.0125 0.159777 0.00638836 0.0441999 0.230903 -0.23022 0.758143 -0.564713 0.025239
e_9_10 9 10 7 0.0125 0.171785 -0.0121625 0.0381038 0.114019 -0.199302 0.772999 -0.591397 0.020917
e_10_2 10 2 8 0.0125 0.184297 -0.0324634 0.0311514 0.196002 -0.235363 0.765219 -0.566239 0.028961
6 7 6
2 -0.0506214 -0.213126 0.0255099 0.0125
4 0.255128 0.0850263 0.0183437 0.0125
1 0.290432 0.0997576 0.0123071 0.0125
8 -0.00796987 -0.209326 0.0300149 0.0125
5 0.147058 -0.0290382 0.0809527 0.0125
6 0.0785436 -0.136073 0.052442 0.0125
7 0.0336889 -0.186077 0.0291075 0.0125
e_1_4 1 4 1 0.0125 0.27278 0.092392 0.0153261 0.759825 0.230581 -0.607363 0.0246772 0.038727
e_4_5 4 5 2 0.0125 0.201092 0.0279942 0.0496485 0.824613 0.372596 -0.419641 0.0713315 0.169144
e_5_6 5 6 3 0.0125 0.1128 -0.0825553 0.066697 0.596866 0.503245 -0.596821 0.185203 0.130243
e_6_7 6 7 4 0.0125 0.0561165 -0.161075 0.0407751 0.556421 0.430039 -0.692197 0.162248 0.071112
e_7_8 7 8 5 0.0125 0.0128593 -0.197702 0.0295612 0.711063 0.286549 -0.639051 0.0623915 0.047717
e_8_2 8 2 6 0.0125 -0.0292953 -0.211226 0.0277628 0.668774 0.0891272 -0.737806 -0.0209907 0.043056
7 6 5
2 0.311851 0.247495 0.0128768 0.0125
7 0.291753 0.230736 0.0121821 0.0125
6 0.280364 0.214362 0.0249176 0.0125
5 0.261866 0.203107 0.0301634 0.0125
1 0.0669853 -0.116791 0.23438 0.0125
4 0.250069 0.188355 0.0488151 0.0125
e_1_4 1 4 1 0.0125 0.158526 0.0357822 0.141598 7.60498e-05 0.439827 0.733307 0.518472 0.401332
e_4_5 4 5 2 0.0125 0.255967 0.195731 0.0394894 0.0592649 0.458643 0.800594 0.381029 0.026546
e_5_6 5 6 3 0.0125 0.271115 0.208735 0.0275405 0.28229 0.410864 0.670014 0.550076 0.022279
e_6_7 6 7 4 0.0125 0.286059 0.222549 0.0185503 0.0353684 0.446412 0.754849 0.479238 0.023665
e_7_2 7 2 5 0.0125 0.301802 0.239116 0.0125294 0.209204 0.381983 0.583805 0.685196 0.026178
8 11 10
2 0.300261 -0.0720336 0.012394 0.0125
12 0.284631 -0.0845236 0.0132481 0.0125
11 0.270542 -0.0987521 0.0130433 0.0125
10 0.260488 -0.113074 0.0227519 0.0125
9 0.247572 -0.126799 0.0294937 0.0125
4 0.00826665 -0.189042 0.162008 0.0125
1 -0.0722381 -0.271858 0.217001 0.0125
8 0.230214 -0.135614 0.0341977 0.0125
5 0.0283076 -0.168614 0.14878 0.0125
6 0.178611 -0.151784 0.0476214 0.0125
7 0.214527 -0.141119 0.0470632 0.0125
e_1_4 1 4 1 0.0125 -0.031986 -0.23045 0.189505 0.533105 -0.573262 0.621548 0.0291027 0.127921
e_4_5 4 5 2 0.0125 0.018287 -0.178828 0.155393 0.537883 -0.633306 0.555614 -0.0299721 0.031527
e_5_6 5 6 3 0.0125 0.10346 -0.160198 0.0982004 0.393465 0.400307 0.785959 0.259246 0.181954
e_6_7 6 7 4 0.0125 0.196569 -0.146451 0.0473426 0.688243 -0.332508 0.62999 -0.137381 0.03747
e_7_8 7 8 5 0.0125 0.222371 -0.138367 0.0406301 0.265064 0.497647 0.747233 0.351756 0.021021
e_8_9 8 9 6 0.0125 0.238893 -0.131207 0.0318457 0.618508 -0.360754 0.698058 -0.00437691 0.020028
e_9_10 9 10 7 0.0125 0.254029 -0.119937 0.0261234 0.45745 -0.813297 0.0834863 -0.349741 0.020016
e_10_11 10 11 8 0.0125 0.265514 -0.105913 0.0178973 -0.437702 0.358037 -0.783826 -0.256601 0.020012
e_11_12 11 12 9 0.0125 0.277586 -0.0916371 0.0131455 0.531287 -0.702448 0.0379996 -0.472078 0.020025
e_12_2 12 2 10 0.0125 0.292446 -0.0782785 0.0128208 0.598463 -0.672916 0.261741 -0.347156 0.020025
