9
1 9 8
2 0.165356 0.0209169 0.0418036 0.0125
10 0.146427 0.0276192 0.0405381 0.0125
9 0.125625 0.0334558 0.0376232 0.0125
4 -0.00922182 0.0515735 0.0323077 0.0125
1 -0.327049 0.0821185 0.012476 0.0125
8 0.103662 0.0394996 0.0324952 0.0125
5 0.0356248 0.0512629 0.0378489 0.0125
6 0.0604982 0.0465002 0.0392683 0.0125
7 0.0820145 0.0424004 0.0361247 0.0125
e_1_4 1 4 1 0.0125 -0.168135 0.066846 0.0223919 0.728417 0.0843232 0.679627 0.0201318 0.319907
e_4_5 4 5 2 0.0125 0.0132013 0.0514181 0.0350779 0.744429 -0.0700982 0.658619 -0.0844587 0.045189
e_5_6 5 6 3 0.0125 0.0480613 0.048881 0.0385582 0.710632 0.267143 0.632974 0.151595 0.025365
e_6_7 6 7 4 0.0125 0.0712565 0.0444504 0.0376969 0.606926 0.41011 0.634686 0.246221 0.022128
e_7_8 7 8 5 0.0125 0.0928381 0.04095 0.0343099 0.635866 0.236551 0.725268 0.117066 0.02214
e_8_9 8 9 6 0.0125 0.114643 0.0364773 0.0350594 0.756801 0.309072 0.542843 0.19248 0.02335
e_9_10 9 10 7 0.0125 0.136026 0.030537 0.0390807 0.718808 0.358248 0.552083 0.224005 0.021801
e_10_2 10 2 8 0.0125 0.155892 0.0242685 0.0411706 0.655563 0.487695 0.480326 0.318869 0.020121
2 6 5
2 -0.349692 -0.0169407 0.0115688 0.0125
7 -0.292926 -0.0192841 0.0114963 0.0125
6 -0.266809 -0.0256292 0.0133924 0.0125
5 -0.18562 -0.02987 0.0142202 0.0125
1 0.131443 0.0767149 0.0114919 0.0125
4 -0.146852 -0.0137627 0.01868 0.0125
e_1_4 1 4 1 0.0125 -0.00770494 0.0314761 0.0150858 0.641302 -0.101444 -0.690964 0.317821 0.292722
e_4_5 4 5 2 0.0125 -0.166236 -0.0218167 0.0164503 0.574865 -0.105547 -0.735986 0.341636 0.042216
e_5_6 5 6 3 0.0125 -0.226215 -0.0277499 0.0138067 0.655205 -0.292952 -0.647511 0.256155 0.081304
e_6_7 6 7 4 0.0125 -0.279867 -0.0224567 0.0124444 0.645199 -0.393142 -0.616949 0.220299 0.026944
e_7_2 7 2 5 0.0125 -0.321308 -0.0181127 0.0115331 0.659004 -0.284185 -0.646993 0.257589 0.056814
3 6 5
2 0.021209 -0.132391 0.0114941 0.0125
7 -0.0460194 -0.0800065 0.0532302 0.0125
6 -0.0659023 -0.0748552 0.0575201 0.0125
5 -0.110691 -0.0624469 0.0597168 0.0125
1 -0.388502 0.0959538 0.157842 0.0125
4 -0.158263 -0.0368422 0.0590353 0.0125
e_1_4 1 4 1 0.0125 -0.273383 0.0295555 0.108438 0.499941 0.0161668 0.820952 -0.275382 0.283562
e_4_5 4 5 2 0.0125 -0.134477 -0.0496449 0.0593758 0.700084 0.216999 0.668283 -0.127246 0.05403
e_5_6 5 6 3 0.0125 -0.0882965 -0.0686514 0.0586181 0.659115 -0.0224914 0.723254 -0.204853 0.046528
e_6_7 6 7 4 0.0125 -0.0559608 -0.0774312 0.0553755 0.573831 -0.134616 0.764269 -0.261704 0.020982
e_7_2 7 2 5 0.0125 -0.0124051 -0.106199 0.0323614 0.444652 0.075171 0.845134 -0.287023 0.094899
4 7 6
2 0.0649577 -0.272289 0.0115515 0.0125
4 0.0554879 0.176981 0.0889573 0.0125
1 0.0557513 0.20995 0.0939129 0.0125
8 0.0579877 -0.252343 0.0170266 0.0125
5 0.0373009 0.0196591 0.0563611 0.0125
6 0.0250864 -0.0977822 0.0377358 0.0125
7 0.0200425 -0.143314 0.0401483 0.0125
e_1_4 1 4 1 0.0125 0.0556191 0.193465 0.0914355 0.580791 0.671832 -0.350661 0.297253 0.03334
e_4_5 4 5 2 0.0125 0.0463936 0.09832 0.0726592 0.573966 0.662261 -0.40275 0.264132 0.161689
e_5_6 5 6 3 0.0125 0.0311933 -0.0390613 0.0470487 0.590032 0.653777 -0.38792 0.271947 0.119535
e_6_7 6 7 4 0.0125 0.0225641 -0.120548 0.0389417 0.665537 0.597423 -0.341756 0.288704 0.045874
e_7_8 7 8 5 0.0125 0.039015 -0.197828 0.0285875 0.511274 0.739445 -0.226747 0.374708 0.117735
e_8_2 8 2 6 0.0125 0.0614727 -0.262315 0.0142897 0.488879 0.7533 -0.240744 0.36821 0.021827
5 11 10
2 0.0230326 0.287625 0.101235 0.0125
12 0.0304226 0.278771 0.0847527 0.0125
11 0.0320613 0.266158 0.0691309 0.0125
10 0.0317219 0.24845 0.0595835 0.0125
9 0.0383413 0.230815 0.0526046 0.0125
4 0.0769006 0.0178247 0.0640536 0.0125
1 0.102319 -0.17594 0.0343848 0.0125
8 0.0468766 0.21231 0.0472047 0.0125
5 0.0666987 0.136908 0.0530341 0.0125
6 0.0535734 0.170785 0.0435263 0.0125
7 0.0529089 0.192346 0.0417426 0.0125
e_1_4 1 4 1 0.0125 0.0896091 -0.0790578 0.0492192 0.756852 -0.639819 -0.124831 -0.0471687 0.197664
e_4_5 4 5 2 0.0125 0.0717993 0.0773664 0.0585446 0.673527 -0.733777 -0.0864449 -0.0214329 0.120027
e_5_6 5 6 3 0.0125 0.0601358 0.153847 0.0482799 0.608818 -0.759926 -0.22159 0.0524405 0.037555
e_6_7 6 7 4 0.0125 0.0532413 0.181566 0.0426341 0.676537 -0.73335 -0.0583967 -0.0329585 0.021644
e_7_8 7 8 5 0.0125 0.0498927 0.202328 0.0444729 0.790712 -0.575722 -0.204621 -0.0380537 0.02156
e_8_9 8 9 6 0.0125 0.0426087 0.221562 0.0499043 0.79228 -0.547377 -0.268879 -0.0193346 0.021082
e_9_10 9 10 7 0.0125 0.0350321 0.239632 0.0560947 0.819511 -0.522706 -0.230363 -0.0459611 0.020088
e_10_11 10 11 8 0.0125 0.0318919 0.257304 0.0643564 0.85012 -0.508801 -0.0622465 -0.120594 0.02012
e_11_12 11 12 9 0.0125 0.0312415 0.272464 0.0769418 0.928098 -0.319835 -0.0998068 -0.162411 0.020146
e_12_2 12 2 10 0.0125 0.0267282 0.283198 0.0929942 0.943249 -0.199691 -0.224624 -0.14124 0.020116
6 9 8
2 0.219606 -0.287619 0.0774306 0.0125
10 0.221234 -0.271752 0.065162 0.0125
9 0.228359 -0.255072 0.05624 0.0125
4 0.259477 -0.155591 0.0429977 0.0125
1 0.325547 0.189432 0.01231 0.0125
8 0.232026 -0.23736 0.0470839 0.0125
5 0.249961 -0.17943 0.0425956 0.0125
6 0.241722 -0.197735 0.0443775 0.0125
7 0.235926 -0.217322 0.0453776 0.0125
e_1_4 1 4 1 0.0125 0.292511 0.0169206 0.0276536 0.463226 0.318095 -0.596073 0.573528 0.352631
e_4_5 4 5 2 0.0125 0.254718 -0.167511 0.0427967 0.538694 0.338954 -0.626841 0.449432 0.025671
e_5_6 5 6 3 0.0125 0.245841 -0.188582 0.0434865 0.639789 0.39599 -0.5468 0.367247 0.020152
e_6_7 6 7 4 0.0125 0.238824 -0.207528 0.0448775 0.522322 0.341377 -0.599164 0.501642 0.020451
e_7_8 7 8 5 0.0125 0.233976 -0.227341 0.0462307 0.462889 0.317417 -0.598006 0.572162 0.020486
e_8_9 8 9 6 0.0125 0.230193 -0.246216 0.0516624 0.851947 0.512796 -0.10596 -0.000317528 0.020273
e_9_10 9 10 7 0.0125 0.224797 -0.263412 0.0607008 0.848136 0.494577 -0.186278 -0.0368884 0.020213
e_10_2 10 2 8 0.0125 0.22042 -0.279685 0.0712959 0.732912 0.385036 0.216584 -0.517377 0.020124
7 10 9
2 0.388102 -0.277989 0.0971754 0.0125
11 0.383578 -0.268718 0.0795031 0.0125
10 0.379236 -0.256979 0.0637995 0.0125
9 0.372896 -0.245259 0.0486428 0.0125
4 0.245526 -0.0180397 0.0118671 0.0125
1 0.146712 0.120763 0.0125483 0.0125
8 0.364611 -0.22862 0.040658 0.0125
5 0.286975 -0.0989002 0.0114959 0.0125
6 0.344439 -0.179769 0.0157859 0.0125
7 0.355609 -0.203857 0.0294577 0.0125
e_1_4 1 4 1 0.0125 0.196119 0.0513627 0.0122077 0.476212 0.0862541 0.703249 -0.520791 0.170385
e_4_5 4 5 2 0.0125 0.266251 -0.0584699 0.0116815 0.437881 0.137808 0.695021 -0.553367 0.090866
e_5_6 5 6 3 0.0125 0.315707 -0.139334 0.0136406 0.487264 0.0846743 0.686458 -0.533085 0.099298
e_6_7 6 7 4 0.0125 0.350024 -0.191812 0.0226222 0.533422 0.12412 0.505672 -0.666597 0.029864
e_7_8 7 8 5 0.0125 0.360109 -0.216238 0.0350582 0.496619 0.157306 0.52882 -0.670055 0.028631
e_8_9 8 9 6 0.0125 0.368754 -0.236939 0.0446504 0.526335 0.120033 0.536888 -0.648316 0.02023
e_9_10 9 10 7 0.0125 0.376066 -0.251119 0.0562211 0.611622 0.0758001 0.344592 -0.708116 0.020182
e_10_11 10 11 8 0.0125 0.381408 -0.262848 0.0716514 0.592866 0.105356 0.31289 -0.734514 0.020081
e_11_2 11 2 9 0.0125 0.385841 -0.273353 0.0883393 0.630904 0.0667036 0.252444 -0.730604 0.020463
8 8 7
2 -0.232823 -0.279276 0.027365 0.0125
9 -0.211442 -0.275517 0.0178784 0.0125
4 0.00361368 -0.233861 0.0450314 0.0125
1 0.226602 -0.139448 0.0674959 0.0125
8 -0.190902 -0.276497 0.0161792 0.0125
5 -0.075726 -0.281464 0.0227381 0.0125
6 -0.139773 -0.286029 0.0124295 0.0125
7 -0.165305 -0.280382 0.0159651 0.0125
e_1_4 1 4 1 0.0125 0.115108 -0.186654 0.0562644 -0.657438 -0.42965 0.601321 0.146935 0.243192
e_4_5 4 5 2 0.0125 -0.0360568 -0.257663 0.0338851 -0.612853 -0.493262 0.611403 0.0853883 0.095172
e_5_6 5 6 3 0.0125 -0.10775 -0.283747 0.0175835 -0.596065 -0.349134 0.676288 0.255825 0.065032
e_6_7 6 7 4 0.0125 -0.152539 -0.283206 0.0141973 -0.652628 -0.19731 0.627756 0.375591 0.026386
e_7_8 7 8 5 0.0125 -0.178103 -0.27844 0.0160718 -0.620588 -0.245892 0.659849 0.344973 0.025892
e_8_9 8 9 6 0.0125 -0.201172 -0.276007 0.0170285 -0.663977 -0.262176 0.624565 0.316727 0.020632
e_9_2 9 2 7 0.0125 -0.222132 -0.277397 0.022622 -0.795763 -0.256945 0.483493 0.258795 0.023692
9 7 6
2 0.21365 -0.188976 0.163429 0.0125
4 0.267631 0.0212982 0.0704163 0.0125
1 0.313988 0.262802 0.0117974 0.0125
8 0.209074 -0.168995 0.164543 0.0125
5 0.232054 -0.0707873 0.0995389 0.0125
6 0.220222 -0.0882504 0.109886 0.0125
7 0.20726 -0.146349 0.158188 0.0125
e_1_4 1 4 1 0.0125 0.290809 0.14205 0.0411072 -0.597644 -0.387744 0.483442 -0.508684 0.252802
e_4_5 4 5 2 0.0125 0.249842 -0.0247443 0.084978 -0.740325 -0.598615 -0.013653 0.305604 0.102925
e_5_6 5 6 3 0.0125 0.226138 -0.0795188 0.104712 -0.103202 -0.347742 -0.398591 0.842348 0.023495
e_6_7 6 7 4 0.0125 0.213741 -0.117299 0.134037 0.844336 0.359409 -0.236177 0.319597 0.076659
e_7_8 7 8 5 0.0125 0.208167 -0.157672 0.161365 0.110333 0.0356546 0.60335 -0.789002 0.02359
e_8_2 8 2 6 0.0125 0.211362 -0.178985 0.163986 -0.0907956 -0.254107 0.680111 -0.681641 0.020528
