9
1 7 6
2 -0.167355 -0.230634 0.0191304 0.0125
4 0.156967 0.000539603 0.0343735 0.0125
1 0.249371 0.0268448 0.0118918 0.0125
8 -0.147387 -0.215153 0.0151355 0.0125
5 -0.0537367 -0.161651 0.021804 0.0125
6 -0.0933501 -0.180387 0.0123116 0.0125
7 -0.129608 -0.200059 0.0125447 0.0125
e_1_4 1 4 1 0.0125 0.203169 0.0136927 0.0231327 -0.727694 0.0635606 0.618093 -0.290487 0.09867
e_4_5 4 5 2 0.0125 0.0516147 -0.0805559 0.0280884 -0.515986 0.050868 0.721819 -0.458419 0.266196
e_5_6 5 6 3 0.0125 -0.0735441 -0.171019 0.0170578 -0.463643 0.228658 0.744019 -0.423305 0.044837
e_6_7 6 7 4 0.0125 -0.111479 -0.190224 0.0124281 -0.581154 0.079527 0.700611 -0.4063 0.041251
e_7_8 7 8 5 0.0125 -0.138498 -0.207607 0.0138398 -0.614116 -0.0678169 0.663471 -0.421982 0.023466
e_8_2 8 2 6 0.0125 -0.157372 -0.222893 0.0171334 -0.648955 -0.0721932 0.645514 -0.396179 0.02558
2 10 9
2 -0.227346 -0.274475 0.0114896 0.0125
11 -0.209863 -0.266541 0.0170933 0.0125
10 -0.190368 -0.26286 0.0145556 0.0125
9 -0.171097 -0.25735 0.0146933 0.0125
4 0.162115 -0.260208 0.0125002 0.0125
1 0.260403 -0.275768 0.0427691 0.0125
8 -0.152703 -0.249764 0.0126305 0.0125
5 0.0268687 -0.246467 0.012403 0.0125
6 -0.111825 -0.245682 0.01192 0.0125
7 -0.132688 -0.245699 0.0119522 0.0125
e_1_4 1 4 1 0.0125 0.21126 -0.267988 0.0276342 0.0580864 -0.802021 0.0476149 0.592555 0.104014
e_4_5 4 5 2 0.0125 0.0944926 -0.253337 0.0124514 0.00223285 -0.703958 0.0692758 0.706851 0.135943
e_5_6 5 6 3 0.0125 -0.0424785 -0.246074 0.0121614 -0.0419494 -0.706836 0.0460929 0.704627 0.138697
e_6_7 6 7 4 0.0125 -0.122257 -0.24569 0.0119364 -0.0456262 -0.705127 0.0449998 0.706179 0.020864
e_7_8 7 8 5 0.0125 -0.142695 -0.247731 0.0122912 -0.14157 -0.69527 -0.00149633 0.704667 0.020433
e_8_9 8 9 6 0.0125 -0.1619 -0.253557 0.0136623 -0.236989 -0.66818 -0.0444074 0.703846 0.020005
e_9_10 9 10 7 0.0125 -0.180732 -0.260104 0.0146246 -0.170459 -0.709113 -0.0242277 0.683751 0.020043
e_10_11 10 11 8 0.0125 -0.200115 -0.264701 0.0158246 -0.149675 -0.660661 0.00931706 0.735553 0.020001
e_11_2 11 2 9 0.0125 -0.218604 -0.270507 0.0142917 -0.190628 -0.795856 -0.0819347 0.568824 0.02
3 8 7
2 -0.134464 0.218751 0.0506574 0.0125
9 -0.145293 0.201096 0.0443692 0.0125
4 -0.18718 0.103918 0.0114965 0.0125
1 -0.307645 -0.240279 0.011498 0.0125
8 -0.156063 0.185618 0.0359003 0.0125
5 -0.177959 0.13426 0.0133925 0.0125
6 -0.166456 0.149295 0.0224189 0.0125
7 -0.162567 0.167271 0.030377 0.0125
e_1_4 1 4 1 0.0125 -0.247412 -0.0681802 0.0114974 0.120802 -0.344174 -0.617695 -0.69671 0.36467
e_4_5 4 5 2 0.0125 -0.182569 0.119089 0.0124449 0.152923 -0.332736 -0.599535 -0.711659 0.031768
e_5_6 5 6 3 0.0125 -0.172208 0.141777 0.0179064 0.0262251 -0.337279 -0.413581 -0.845284 0.020973
e_6_7 6 7 4 0.0125 -0.164512 0.158283 0.0263985 0.263048 -0.279068 -0.472832 -0.79332 0.02004
e_7_8 7 8 5 0.0125 -0.159315 0.176445 0.033139 0.167267 -0.316154 -0.513384 -0.780067 0.020234
e_8_9 8 9 6 0.0125 -0.150678 0.193358 0.0401349 0.0468993 -0.334696 -0.427922 -0.838249 0.020671
e_9_2 9 2 7 0.0125 -0.139879 0.209924 0.0475131 0.0525805 -0.343978 -0.486244 -0.801549 0.021644
4 11 10
2 -0.171603 0.171288 0.144566 0.0125
12 -0.15794 0.170338 0.129979 0.0125
11 -0.146312 0.171049 0.112505 0.0125
10 -0.134903 0.171602 0.0957051 0.0125
9 -0.123992 0.172645 0.0783346 0.0125
4 0.0524291 0.0945027 0.0186985 0.0125
1 0.250603 0.0788528 0.0424407 0.0125
8 -0.110127 0.168476 0.0618434 0.0125
5 0.00495946 0.109977 0.0127125 0.0125
6 -0.032927 0.136284 0.0114923 0.0125
7 -0.0876026 0.163168 0.038355 0.0125
e_1_4 1 4 1 0.0125 0.151516 0.0866778 0.0305696 0.0176627 -0.746842 0.0390192 0.663621 0.200204
e_4_5 4 5 2 0.0125 0.0286946 0.10224 0.0157061 0.106491 -0.739162 0.114712 0.655089 0.050285
e_5_6 5 6 3 0.0125 -0.0139837 0.123131 0.0121019 0.22284 -0.688135 0.199248 0.661145 0.04614
e_6_7 6 7 4 0.0125 -0.0602654 0.149726 0.0249231 0.208692 -0.534698 0.11129 0.811271 0.066588
e_7_8 7 8 5 0.0125 -0.0988649 0.165822 0.0500992 0.172261 -0.37887 0.0167418 0.909122 0.032972
e_8_9 8 9 6 0.0125 -0.117059 0.17056 0.0700891 0.196031 -0.351342 0.0285339 0.91505 0.021945
e_9_10 9 10 7 0.0125 -0.129448 0.172124 0.0870199 0.124397 -0.270761 -0.061998 0.95256 0.02054
e_10_11 10 11 8 0.0125 -0.140608 0.171325 0.104105 0.127553 -0.289255 -0.0533234 0.947216 0.020315
e_11_12 11 12 9 0.0125 -0.152127 0.170693 0.121242 0.126535 -0.284378 -0.0557832 0.948687 0.021001
e_12_2 12 2 10 0.0125 -0.164772 0.170812 0.137272 0.129176 -0.367165 -0.0257304 0.920783 0.020009
5 11 10
2 0.374987 0.207186 0.0181807 0.0125
12 0.357265 0.196729 0.015755 0.0125
11 0.337586 0.192987 0.0123029 0.0125
10 0.318637 0.183993 0.0143818 0.0125
9 0.298234 0.181428 0.0189604 0.0125
4 -0.0289876 0.174076 0.0838633 0.0125
1 -0.106567 0.167457 0.107911 0.0125
8 0.277969 0.179567 0.0200375 0.0125
5 0.153794 0.180036 0.0442423 0.0125
6 0.225196 0.176216 0.0266377 0.0125
7 0.25473 0.175447 0.0188679 0.0125
e_1_4 1 4 1 0.0125 -0.0677777 0.170767 0.0958871 0.383611 -0.656134 0.465873 -0.453093 0.08149
e_4_5 4 5 2 0.0125 0.0624031 0.177056 0.0640533 0.391596 -0.623888 0.465437 -0.490697 0.187121
e_5_6 5 6 3 0.0125 0.189494 0.178125 0.0354402 0.357985 -0.61566 0.490405 -0.502307 0.07364
e_6_7 6 7 4 0.0125 0.239963 0.175832 0.0227533 0.362261 -0.625076 0.486266 -0.491521 0.030549
e_7_8 7 8 5 0.0125 0.26635 0.177508 0.0194526 0.501006 -0.573494 0.382566 -0.523203 0.023631
e_8_9 8 9 6 0.0125 0.288102 0.180497 0.019499 0.451029 -0.589174 0.423442 -0.519754 0.020378
e_9_10 9 10 7 0.0125 0.308435 0.18271 0.0166718 0.417024 -0.641859 0.44348 -0.466298 0.021067
e_10_11 10 11 8 0.0125 0.328111 0.188489 0.0133421 0.53296 -0.659438 0.338345 -0.408188 0.021079
e_11_12 11 12 9 0.0125 0.347425 0.194858 0.0140284 0.533334 -0.537563 0.355086 -0.548174 0.020326
e_12_2 12 2 10 0.0125 0.366126 0.201958 0.0169678 0.609179 -0.606722 0.270858 -0.432926 0.02072
6 11 10
2 -0.254349 -0.302899 0.317685 0.0125
12 -0.244232 -0.306322 0.29757 0.0125
11 -0.238269 -0.307823 0.278072 0.0125
10 -0.23423 -0.299541 0.260296 0.0125
9 -0.228372 -0.296491 0.241343 0.0125
4 -0.133188 -0.0229741 0.0293102 0.0125
1 -0.117209 0.0043263 0.0114886 0.0125
8 -0.222491 -0.293575 0.222386 0.0125
5 -0.182884 -0.241067 0.137978 0.0125
6 -0.200925 -0.265032 0.15724 0.0125
7 -0.204413 -0.282329 0.183167 0.0125
e_1_4 1 4 1 0.0125 -0.125199 -0.00932454 0.0203995 -0.747833 -0.504548 0.0031458 0.431471 0.036308
e_4_5 4 5 2 0.0125 -0.158035 -0.132021 0.0836438 -0.758123 -0.515411 -0.125954 0.379127 0.248682
e_5_6 5 6 3 0.0125 -0.191904 -0.253051 0.147609 -0.753794 -0.47663 0.0515274 0.449403 0.035649
e_6_7 6 7 4 0.0125 -0.202669 -0.273681 0.170204 -0.869315 -0.28664 -0.0669528 0.397048 0.031361
e_7_8 7 8 5 0.0125 -0.213453 -0.287952 0.202777 -0.853303 -0.213563 0.122341 0.45967 0.044625
e_8_9 8 9 6 0.0125 -0.225432 -0.295033 0.231865 -0.881743 -0.132465 0.0998732 0.441597 0.020061
e_9_10 9 10 7 0.0125 -0.231301 -0.298016 0.250819 -0.881708 -0.135144 0.0978636 0.441305 0.020071
e_10_11 10 11 8 0.0125 -0.23625 -0.303682 0.269184 -0.876325 -0.236844 0.00175447 0.419472 0.020022
e_11_12 11 12 9 0.0125 -0.241251 -0.307073 0.287821 -0.88449 -0.0326089 0.148602 0.441058 0.020444
e_12_2 12 2 10 0.0125 -0.249291 -0.30461 0.307628 -0.849038 -0.0430536 0.237776 0.469833 0.022775
7 8 7
2 0.0228985 0.199792 0.0605383 0.0125
9 0.0145193 0.18461 0.0504607 0.0125
4 -0.0779128 0.117746 0.0394469 0.0125
1 -0.34532 -0.128187 0.0326013 0.0125
8 -0.00106704 0.173919 0.0438873 0.0125
5 -0.0630166 0.130528 0.0438548 0.0125
6 -0.0327821 0.150528 0.0453618 0.0125
7 -0.0191536 0.165307 0.0444562 0.0125
e_1_4 1 4 1 0.0125 -0.211617 -0.00522112 0.0360238 0.634021 -0.657935 0.240214 -0.327776 0.363369
e_4_5 4 5 2 0.0125 -0.0704653 0.124137 0.0416507 0.707787 -0.569036 0.258153 -0.329533 0.020117
e_5_6 5 6 3 0.0125 -0.0478998 0.140528 0.044608 0.639768 -0.605715 0.335167 -0.333871 0.036283
e_6_7 6 7 4 0.0125 -0.0259679 0.157917 0.0449087 0.61141 -0.698514 0.185972 -0.321979 0.020124
e_7_8 7 8 5 0.0125 -0.0101102 0.169613 0.0441713 0.610739 -0.582107 0.418743 -0.335862 0.020041
e_8_9 8 9 6 0.0125 0.00672574 0.179264 0.0471746 0.745195 -0.49317 0.304179 -0.330065 0.020011
e_9_2 9 2 7 0.0125 0.0187093 0.192201 0.0554997 0.810525 -0.493737 0.0706842 -0.307044 0.020057
8 8 7
2 -0.385551 0.113192 0.0484175 0.0125
9 -0.356885 0.120768 0.0460915 0.0125
4 -0.190085 0.0144259 0.0621107 0.0125
1 -0.0983891 -0.217832 0.124749 0.0125
8 -0.334727 0.122162 0.0464941 0.0125
5 -0.237653 0.0678434 0.03643 0.0125
6 -0.288595 0.101982 0.0322695 0.0125
7 -0.307083 0.115132 0.0387548 0.0125
e_1_4 1 4 1 0.0125 -0.144238 -0.101703 0.09343 0.175011 0.0689078 -0.785434 -0.589674 0.25744
e_4_5 4 5 2 0.0125 -0.213869 0.0411348 0.049271 0.312177 0.12548 -0.808219 -0.483303 0.075998
e_5_6 5 6 3 0.0125 -0.263124 0.0849127 0.0343496 0.472031 0.157328 -0.713505 -0.4933 0.061464
e_6_7 6 7 4 0.0125 -0.297839 0.108557 0.035512 0.524411 0.140741 -0.585468 -0.602007 0.023596
e_7_8 7 8 5 0.0125 -0.320905 0.118647 0.0426249 0.661894 0.200744 -0.573384 -0.439123 0.029556
e_8_9 8 9 6 0.0125 -0.345806 0.121465 0.0462928 0.670866 0.248313 -0.668894 -0.202137 0.022205
e_9_2 9 2 7 0.0125 -0.371218 0.11698 0.0472545 0.725808 0.270594 -0.622643 -0.110893 0.029741
9 11 10
2 -0.374171 -0.13517 0.0378844 0.0125
12 -0.358955 -0.132951 0.0536538 0.0125
11 -0.343732 -0.129305 0.0670775 0.0125
10 -0.32783 -0.125992 0.0795231 0.0125
9 -0.311398 -0.123592 0.100106 0.0125
4 0.0411504 -0.0667053 0.116292 0.0125
1 0.0853055 -0.0713934 0.102243 0.0125
8 -0.293075 -0.119648 0.107679 0.0125
5 -0.0713625 -0.109169 0.123484 0.0125
6 -0.0926043 -0.111673 0.123713 0.0125
7 -0.264762 -0.116352 0.11458 0.0125
e_1_4 1 4 1 0.0125 0.063228 -0.0690487 0.109268 0.587039 0.357657 -0.470362 -0.553377 0.046573
e_4_5 4 5 2 0.0125 -0.0151064 -0.0879368 0.119888 0.57747 0.58262 -0.361539 -0.443138 0.120474
e_5_6 5 6 3 0.0125 -0.0819834 -0.110421 0.123598 0.439284 0.600038 -0.366862 -0.558924 0.02139
e_6_7 6 7 4 0.0125 -0.178683 -0.114012 0.119146 0.339737 0.640491 -0.340956 -0.598414 0.172463
e_7_8 7 8 5 0.0125 -0.278919 -0.118 0.111129 0.279659 0.737326 -0.272035 -0.551487 0.029327
e_8_9 8 9 6 0.0125 -0.302236 -0.12162 0.103893 0.259019 0.799096 -0.220789 -0.495588 0.020215
e_9_10 9 10 7 0.0125 -0.319615 -0.124792 0.0898147 0.0546038 0.94276 -0.0185575 -0.328447 0.026447
e_10_11 10 11 8 0.0125 -0.335781 -0.127649 0.0733008 0.14497 0.889345 -0.11474 -0.41819 0.020463
e_11_12 11 12 9 0.0125 -0.351343 -0.131128 0.0603659 0.139828 0.903442 -0.0963611 -0.393643 0.020621
e_12_2 12 2 10 0.0125 -0.366563 -0.13406 0.0457687 0.0756497 0.924752 -0.0530148 -0.369188 0.022026
