9
1 7 6
2 -0.241305 -0.173908 0.0991621 0.0125
4 -0.115694 -0.109549 0.0114923 0.0125
1 0.115462 0.117802 0.0114972 0.0125
8 -0.219515 -0.167337 0.0904718 0.0125
5 -0.136539 -0.134457 0.0238266 0.0125
6 -0.177245 -0.165616 0.0558613 0.0125
7 -0.198128 -0.172563 0.0763205 0.0125
e_1_4 1 4 1 0.0125 -0.000115712 0.00412609 0.0114943 0.588912 0.691996 -0.145429 -0.391375 0.324224
e_4_5 4 5 2 0.0125 -0.126117 -0.122004 0.0176595 0.737659 0.551987 -0.133408 -0.365202 0.034744
e_5_6 5 6 3 0.0125 -0.156893 -0.150037 0.0398442 0.783607 0.435007 -0.214007 -0.388498 0.060449
e_6_7 6 7 4 0.0125 -0.187688 -0.16909 0.0660908 0.827362 0.277043 -0.287762 -0.394858 0.030049
e_7_8 7 8 5 0.0125 -0.208822 -0.16995 0.0833968 0.753261 0.141299 -0.457926 -0.450485 0.026172
e_8_2 8 2 6 0.0125 -0.230411 -0.170622 0.0948168 0.680287 0.441347 -0.356168 -0.464292 0.024362
2 10 9
2 0.261913 -0.0715239 0.0266777 0.0125
11 0.245347 -0.0614831 0.0211146 0.0125
10 0.22947 -0.0511814 0.0142657 0.0125
9 0.211402 -0.0390022 0.0114947 0.0125
4 -0.045344 0.0483504 0.0403297 0.0125
1 -0.177304 0.127289 0.0325806 0.0125
8 0.200257 -0.0211813 0.0133678 0.0125
5 0.0176167 0.0354284 0.0363892 0.0125
6 0.166426 0.00599619 0.0257239 0.0125
7 0.187491 -0.00466173 0.0203704 0.0125
e_1_4 1 4 1 0.0125 -0.111324 0.0878197 0.0364552 0.722988 0.393347 0.565784 0.0495445 0.153964
e_4_5 4 5 2 0.0125 -0.0138633 0.0418896 0.0383591 0.671857 0.283378 0.671042 0.134195 0.064394
e_5_6 5 6 3 0.0125 0.0920214 0.0207123 0.0310566 0.668188 0.282055 0.674917 0.135855 0.152067
e_6_7 6 7 4 0.0125 0.176958 0.000667279 0.0230473 0.621079 0.418948 0.659586 0.0607343 0.024205
e_7_8 7 8 5 0.0125 0.193873 -0.0129217 0.0168695 0.581 0.58926 0.558368 -0.0586214 0.022021
e_8_9 8 9 6 0.0125 0.205829 -0.0300921 0.0124311 0.670462 0.576148 0.460922 -0.0780076 0.021103
e_9_10 9 10 7 0.0125 0.220436 -0.0450918 0.0128802 0.749452 0.396525 0.528838 0.0376835 0.021965
e_10_11 10 11 8 0.0125 0.237408 -0.056332 0.0176907 0.81721 0.340329 0.462642 0.0480243 0.020127
e_11_2 11 2 9 0.0125 0.25363 -0.0665037 0.0238965 0.796936 0.345788 0.492376 0.0537465 0.020154
3 10 9
2 -0.32804 0.26846 0.0195312 0.0125
11 -0.326615 0.248374 0.0165404 0.0125
10 -0.325485 0.228617 0.0134745 0.0125
9 -0.323528 0.207414 0.0114971 0.0125
4 -0.143893 -0.0153666 0.0231479 0.0125
1 -0.0401777 -0.115988 0.0440736 0.0125
8 -0.313807 0.189565 0.0128293 0.0125
5 -0.265337 0.0923578 0.0117367 0.0125
6 -0.291913 0.147164 0.0152627 0.0125
7 -0.303529 0.171002 0.0166091 0.0125
e_1_4 1 4 1 0.0125 -0.0920348 -0.0656775 0.0336106 -0.373601 -0.145027 0.742042 0.537367 0.146011
e_4_5 4 5 2 0.0125 -0.204614 0.0384957 0.0174426 -0.402694 -0.15493 0.714881 0.550254 0.162738
e_5_6 5 6 3 0.0125 -0.278625 0.119761 0.0135002 -0.300962 -0.017044 0.686161 0.662053 0.061012
e_6_7 6 7 4 0.0125 -0.297721 0.159083 0.0159359 -0.300224 -0.0181705 0.688707 0.659711 0.026551
e_7_8 7 8 5 0.0125 -0.308668 0.180284 0.0147192 -0.272396 -0.0517328 0.764851 0.581488 0.021553
e_8_9 8 9 6 0.0125 -0.318667 0.198489 0.0121639 -0.292484 -0.0412991 0.7287 0.617854 0.020368
e_9_10 9 10 7 0.0125 -0.324506 0.218016 0.0124855 -0.180696 0.103974 0.665552 0.716645 0.021385
e_10_11 10 11 8 0.0125 -0.32605 0.238496 0.0150079 -0.18125 0.118995 0.639754 0.737362 0.020025
e_11_2 11 2 9 0.0125 -0.327327 0.258417 0.0180361 -0.184836 0.114181 0.643047 0.734363 0.020357
4 8 7
2 0.304366 0.0943562 0.0115268 0.0125
9 0.288515 0.082738 0.0204615 0.0125
4 0.123413 -0.0801018 0.0611133 0.0125
1 0.00980679 -0.288502 0.0117115 0.0125
8 0.276564 0.0665681 0.0258535 0.0125
5 0.208923 0.0043871 0.0391935 0.0125
6 0.233468 0.0286919 0.033159 0.0125
7 0.259815 0.0533843 0.0280752 0.0125
e_1_4 1 4 1 0.0125 0.0666102 -0.184301 0.0364123 -0.461612 0.572357 0.265563 0.623537 0.242441
e_4_5 4 5 2 0.0125 0.166168 -0.0378574 0.0501534 -0.269527 0.722641 0.259777 0.581086 0.122191
e_5_6 5 6 3 0.0125 0.221195 0.0165394 0.0361758 -0.271714 0.720559 0.258539 0.583202 0.035066
e_6_7 6 7 4 0.0125 0.246641 0.0410387 0.0306171 -0.269926 0.714333 0.243802 0.597854 0.036465
e_7_8 7 8 5 0.0125 0.268189 0.0599763 0.0269644 -0.247288 0.712145 0.211342 0.62212 0.021431
e_8_9 8 9 6 0.0125 0.282539 0.0746526 0.0231576 -0.302666 0.726424 0.319088 0.528095 0.020817
e_9_2 9 2 7 0.0125 0.29644 0.0885475 0.0159936 -0.160219 0.79487 0.274101 0.517089 0.021589
5 10 9
2 -0.189013 0.00664577 0.0396544 0.0125
11 -0.172706 -0.00117865 0.0490239 0.0125
10 -0.151284 -0.00428723 0.0527803 0.0125
9 -0.129949 -0.00838421 0.0551583 0.0125
4 0.162944 0.126802 0.041628 0.0125
1 0.209534 0.181423 0.0489403 0.0125
8 -0.109168 -0.0128791 0.0582599 0.0125
5 0.0822131 0.0173037 0.0595661 0.0125
6 0.0101911 -0.0232833 0.0692793 0.0125
7 -0.0111264 -0.0278782 0.0700215 0.0125
e_1_4 1 4 1 0.0125 0.186239 0.154112 0.0452842 0.327322 -0.144568 -0.727851 0.584973 0.072163
e_4_5 4 5 2 0.0125 0.122579 0.0720534 0.0505968 0.422116 -0.0258615 -0.658763 0.622238 0.13722
e_5_6 5 6 3 0.0125 0.0462021 -0.00298979 0.0644227 0.519495 -0.189322 -0.637034 0.537093 0.08324
e_6_7 6 7 4 0.0125 -0.000467237 -0.0255803 0.0696501 0.555114 -0.31877 -0.617562 0.457002 0.021819
e_7_8 7 8 5 0.0125 -0.060147 -0.020378 0.0641409 0.570738 -0.475084 -0.577215 0.339671 0.099876
e_8_9 8 9 6 0.0125 -0.119558 -0.0106313 0.0567093 0.571341 -0.499598 -0.567951 0.318439 0.021487
e_9_10 9 10 7 0.0125 -0.140616 -0.00633536 0.0539694 0.580615 -0.482955 -0.566709 0.329365 0.021854
e_10_11 10 11 8 0.0125 -0.161995 -0.00273212 0.0509018 0.549376 -0.488585 -0.588875 0.335705 0.021971
e_11_2 11 2 9 0.0125 -0.18086 0.00273356 0.0443391 0.477172 -0.644373 -0.561045 0.205714 0.02037
6 6 5
2 -0.290351 0.0125672 0.138922 0.0125
7 -0.228571 0.00521384 0.119993 0.0125
6 -0.187372 0.00451982 0.10534 0.0125
5 -0.13383 0.0164251 0.0852763 0.0125
1 0.164954 0.133179 0.0114885 0.0125
4 0.116665 0.0949855 0.0324969 0.0125
e_1_4 1 4 1 0.0125 0.140809 0.114082 0.0219927 0.776727 0.209383 -0.542856 0.241167 0.065054
e_4_5 4 5 2 0.0125 -0.00858278 0.0557053 0.0588866 0.699212 -0.0874056 -0.627541 0.331142 0.267778
e_5_6 5 6 3 0.0125 -0.160601 0.010472 0.095308 0.763236 -0.0880448 -0.566105 0.298738 0.058404
e_6_7 6 7 4 0.0125 -0.207971 0.00486705 0.112666 0.759302 -0.221863 -0.532217 0.301632 0.043732
e_7_2 7 2 5 0.0125 -0.259461 0.00889079 0.129457 0.742968 -0.290113 -0.5199 0.305838 0.065033
7 9 8
2 -0.0768705 0.0369762 0.021503 0.0125
10 -0.062751 0.0265059 0.0311064 0.0125
9 -0.0447731 0.0237362 0.0394248 0.0125
4 0.100497 0.00305748 0.0902145 0.0125
1 0.384279 -0.0598326 0.0222047 0.0125
8 -0.0263023 0.0195276 0.045991 0.0125
5 0.0483343 0.0150629 0.0904886 0.0125
6 0.00501827 0.0165447 0.0713578 0.0125
7 -0.0104604 0.0192915 0.0583603 0.0125
e_1_4 1 4 1 0.0125 0.242388 -0.028388 0.0562091 -0.148769 0.621133 -0.0168105 -0.769272 0.298518
e_4_5 4 5 2 0.0125 0.0744151 0.00906077 0.0903516 -0.137517 0.704949 -0.0218604 -0.695455 0.053527
e_5_6 5 6 3 0.0125 0.0266762 0.0158037 0.0809237 -0.0383253 0.837256 0.0302108 -0.544629 0.047376
e_6_7 6 7 4 0.0125 -0.00272047 0.0179181 0.0648587 -0.0675499 0.904645 -0.0148016 -0.420519 0.020398
e_7_8 7 8 5 0.0125 -0.0183814 0.0194091 0.0521756 -0.0195607 0.898314 0.0267213 -0.438103 0.0201
e_8_9 8 9 6 0.0125 -0.0355378 0.0216315 0.0427078 -0.111867 0.814344 -0.0243837 -0.568977 0.020051
e_9_10 9 10 7 0.0125 -0.0537624 0.0251212 0.035265 -0.0794109 0.841381 -0.00451562 -0.534557 0.020002
e_10_2 10 2 8 0.0125 -0.0698102 0.0317414 0.0263049 -0.232775 0.848486 -0.140664 -0.453983 0.02003
8 10 9
2 0.0348764 0.265228 0.0125038 0.0125
11 0.0524812 0.256788 0.0169069 0.0125
10 0.0658243 0.241963 0.0184263 0.0125
9 0.0763345 0.225003 0.0206752 0.0125
4 0.307415 -0.0741971 0.0724677 0.0125
1 0.334868 -0.117573 0.0630005 0.0125
8 0.0866634 0.208973 0.0270284 0.0125
5 0.172922 0.102052 0.0747766 0.0125
6 0.122081 0.165794 0.0503688 0.0125
7 0.0998799 0.196266 0.0362366 0.0125
e_1_4 1 4 1 0.0125 0.321142 -0.0958851 0.0677337 0.654798 -0.639722 -0.00845479 0.402398 0.052199
e_4_5 4 5 2 0.0125 0.240169 0.0139274 0.0736223 0.575404 -0.703208 -0.0171639 0.417271 0.221715
e_5_6 5 6 3 0.0125 0.147501 0.133923 0.0625731 0.443218 -0.800617 0.0490313 0.400208 0.08511
e_6_7 6 7 4 0.0125 0.11098 0.18103 0.0433022 0.42122 -0.817012 0.0893686 0.383508 0.040263
e_7_8 7 8 5 0.0125 0.0932719 0.202619 0.0316328 0.340633 -0.849609 0.0507107 0.399451 0.020516
e_8_9 8 9 6 0.0125 0.081499 0.216987 0.0238518 0.447181 -0.80458 0.103399 0.376814 0.020101
e_9_10 9 10 7 0.0125 0.0710797 0.233483 0.0195504 0.538637 -0.743585 0.0556026 0.392249 0.020079
e_10_11 10 11 8 0.0125 0.0591527 0.249375 0.0176666 0.527184 -0.732558 -0.0364021 0.429082 0.020003
e_11_2 11 2 9 0.0125 0.043679 0.261008 0.0147056 0.394859 -0.759113 -0.183712 0.483821 0.020014
9 8 7
2 0.341992 0.0490546 0.202401 0.0125
9 0.329329 0.0625918 0.192978 0.0125
4 0.185661 0.131252 0.097478 0.0125
1 -0.0938537 0.140497 0.0276044 0.0125
8 0.313834 0.0763162 0.182369 0.0125
5 0.263769 0.111864 0.134688 0.0125
6 0.278053 0.099389 0.142285 0.0125
7 0.298292 0.0842407 0.16631 0.0125
e_1_4 1 4 1 0.0125 0.0459043 0.135875 0.0625414 -0.525019 -0.472339 -0.394587 -0.587837 0.288265
e_4_5 4 5 2 0.0125 0.224715 0.121558 0.116083 -0.655045 -0.429686 -0.324857 -0.529862 0.088664
e_5_6 5 6 3 0.0125 0.270911 0.105627 0.138486 -0.718253 -0.529876 -0.182533 -0.412342 0.020429
e_6_7 6 7 4 0.0125 0.288172 0.0918154 0.154297 -0.828671 -0.349593 -0.182587 -0.397178 0.034876
e_7_8 7 8 5 0.0125 0.306063 0.0802784 0.174339 -0.805147 -0.330936 -0.227703 -0.436315 0.023712
e_8_9 8 9 6 0.0125 0.321581 0.0694535 0.187674 -0.750347 -0.489924 -0.178645 -0.406251 0.023259
e_9_2 9 2 7 0.0125 0.335661 0.0558227 0.197689 -0.762877 -0.501121 -0.149391 -0.380237 0.020795
