9
1 11 10
2 -0.46002 0.258368 0.23782 0.0125
12 -0.447457 0.235165 0.229635 0.0125
11 -0.425335 0.208692 0.232836 0.0125
10 -0.417584 0.188267 0.225845 0.0125
9 -0.403749 0.16984 0.216699 0.0125
4 -0.120732 0.0581127 0.0172778 0.0125
1 -0.0994063 0.0549237 0.0114746 0.0125
8 -0.38763 0.160719 0.207126 0.0125
5 -0.278224 0.111201 0.110908 0.0125
6 -0.326246 0.140302 0.158705 0.0125
7 -0.367768 0.161031 0.19611 0.0125
e_1_4 1 4 1 0.0125 -0.110069 0.0565186 0.0143765 0.350978 0.499822 -0.346737 -0.711874 0.02233
e_4_5 4 5 2 0.0125 -0.199478 0.0846566 0.0640925 0.340771 0.3757 -0.336802 -0.793277 0.190759
e_5_6 5 6 3 0.0125 -0.302236 0.125752 0.134806 0.319868 0.259095 -0.329814 -0.849574 0.073739
e_6_7 6 7 4 0.0125 -0.347007 0.150667 0.177407 0.332722 0.287789 -0.321572 -0.83849 0.059607
e_7_8 7 8 5 0.0125 -0.3777 0.160875 0.201618 0.41705 0.447864 -0.238606 -0.754026 0.022715
e_8_9 8 9 6 0.0125 -0.39569 0.165279 0.211912 0.291269 0.338116 -0.395062 -0.802973 0.020848
e_9_10 9 10 7 0.0125 -0.410667 0.179053 0.221272 0.17405 0.235208 -0.51012 -0.808803 0.024792
e_10_11 10 11 8 0.0125 -0.42146 0.19848 0.22934 0.0913116 0.14552 -0.571343 -0.802529 0.022938
e_11_12 11 12 9 0.0125 -0.436395 0.221928 0.231236 0.097259 0.387069 -0.629582 -0.666592 0.034647
e_12_2 12 2 10 0.0125 -0.453739 0.246767 0.233728 0.121358 0.20059 -0.558237 -0.795869 0.027627
2 8 7
2 0.132203 0.0941255 0.0789873 0.0125
9 0.120365 0.081535 0.0671071 0.0125
4 -0.1197 -0.120844 0.011496 0.0125
1 -0.210618 -0.235106 0.0301945 0.0125
8 0.102728 0.0633014 0.0477837 0.0125
5 0.0115205 -0.0161922 0.0126191 0.0125
6 0.0600367 0.0232136 0.0114969 0.0125
7 0.0828356 0.0436455 0.024842 0.0125
e_1_4 1 4 1 0.0125 -0.165158 -0.177975 0.0208452 0.31569 0.129907 0.739346 0.580372 0.147213
e_4_5 4 5 2 0.0125 -0.0540893 -0.0685183 0.0120574 0.454853 0.141119 0.690461 0.544479 0.167845
e_5_6 5 6 3 0.0125 0.0357779 0.00351083 0.0120577 0.441314 0.146882 0.698145 0.544298 0.062513
e_6_7 6 7 4 0.0125 0.0714359 0.0334294 0.0181691 0.618248 0.00463296 0.547881 0.563538 0.033396
e_7_8 7 8 5 0.0125 0.0927816 0.0534731 0.0363132 0.732004 -0.0649185 0.422685 0.530371 0.036172
e_8_9 8 9 6 0.0125 0.111547 0.0724175 0.0574456 0.712353 -0.0663992 0.43888 0.543626 0.03189
e_9_2 9 2 7 0.0125 0.126284 0.0878301 0.0730479 0.68764 -0.0627946 0.461317 0.55713 0.020971
3 6 5
2 0.096209 -0.0812109 0.0278426 0.0125
7 0.160719 0.0221122 0.0114894 0.0125
6 0.184085 0.0595538 0.0182061 0.0125
5 0.203316 0.0879818 0.0162673 0.0125
1 0.320967 0.287701 0.193841 0.0125
4 0.26625 0.15804 0.0598794 0.0125
e_1_4 1 4 1 0.0125 0.293608 0.222871 0.12686 -0.375107 -0.915531 0.0808396 0.120678 0.194297
e_4_5 4 5 2 0.0125 0.234782 0.123011 0.0380738 -0.0852324 -0.655279 -0.529831 0.531623 0.103783
e_5_6 5 6 3 0.0125 0.1937 0.0737684 0.0172367 0.705114 0.458721 -0.511255 0.176092 0.034377
e_6_7 6 7 4 0.0125 0.172402 0.0408334 0.0148478 0.41044 0.0933016 -0.752673 0.506278 0.044642
e_7_2 7 2 5 0.0125 0.128465 -0.0295496 0.0196661 0.751542 0.538449 -0.378871 0.0413945 0.122901
4 8 7
2 -0.20265 -0.0853178 0.0237051 0.0125
9 -0.172467 -0.0651635 0.0140501 0.0125
4 0.0927283 -0.12481 0.0451432 0.0125
1 0.226125 -0.224036 0.0115077 0.0125
8 -0.120846 -0.0479198 0.0123697 0.0125
5 0.0559123 -0.0970283 0.0567457 0.0125
6 -0.0368775 -0.0611254 0.0390975 0.0125
7 -0.0745258 -0.0498925 0.0282587 0.0125
e_1_4 1 4 1 0.0125 0.159427 -0.174423 0.0283253 0.772217 -0.342093 -0.532754 -0.0531631 0.169622
e_4_5 4 5 2 0.0125 0.0743207 -0.110919 0.0509439 0.787413 -0.342216 -0.510793 -0.0442734 0.047559
e_5_6 5 6 3 0.0125 0.00951738 -0.0790768 0.0479216 0.602484 -0.0113587 -0.766286 -0.22291 0.101047
e_6_7 6 7 4 0.0125 -0.0557019 -0.055509 0.033679 0.544418 0.13006 -0.784889 -0.265787 0.040756
e_7_8 7 8 5 0.0125 -0.0976858 -0.048906 0.0203149 0.495756 0.394944 -0.711424 -0.303512 0.049009
e_8_9 8 9 6 0.0125 -0.146656 -0.0565415 0.0132097 0.676501 0.428885 -0.548292 -0.240376 0.054451
e_9_2 9 2 7 0.0125 -0.187558 -0.0752405 0.0188782 0.769722 0.450011 -0.411035 -0.189919 0.037556
5 6 5
2 -0.236955 0.237296 0.0309093 0.0125
7 -0.217627 0.211261 0.0191626 0.0125
6 -0.179675 0.181224 0.0168906 0.0125
5 -0.141814 0.152865 0.012359 0.0125
1 0.117034 -0.105417 0.0613949 0.0125
4 0.0795309 -0.0682164 0.0467866 0.0125
e_1_4 1 4 1 0.0125 0.0982823 -0.0868161 0.0540904 -0.557787 0.296198 0.738603 0.235808 0.054808
e_4_5 4 5 2 0.0125 -0.0311415 0.0423247 0.0295728 -0.616044 0.283334 0.688779 0.256505 0.314731
e_5_6 5 6 3 0.0125 -0.160745 0.167044 0.0146248 -0.701224 0.209954 0.63893 0.236584 0.04752
e_6_7 6 7 4 0.0125 -0.198651 0.196242 0.0180266 -0.682696 0.225059 0.652617 0.23951 0.048454
e_7_2 7 2 5 0.0125 -0.227291 0.224278 0.0250354 -0.744942 0.277489 0.50268 0.339668 0.034487
6 10 9
2 -0.330718 -0.141513 0.0217592 0.0125
11 -0.322962 -0.124191 0.0152121 0.0125
10 -0.310608 -0.108227 0.0141539 0.0125
9 -0.299108 -0.0909218 0.0124573 0.0125
4 -0.187813 -0.0349285 0.012336 0.0125
1 0.110703 -0.0258983 0.101887 0.0125
8 -0.283025 -0.0795497 0.0162772 0.0125
5 -0.222112 -0.0455518 0.0155352 0.0125
6 -0.24816 -0.0534863 0.0183494 0.0125
7 -0.266758 -0.0669884 0.0171041 0.0125
e_1_4 1 4 1 0.0125 -0.0385548 -0.0304134 0.0571113 0.592901 -0.0695596 -0.79923 0.0697211 0.311789
e_4_5 4 5 2 0.0125 -0.204962 -0.0402402 0.0139351 0.71611 0.0385733 -0.673897 0.177656 0.036049
e_5_6 5 6 3 0.0125 -0.235136 -0.0495189 0.0169428 0.72122 0.0370363 -0.66875 0.17676 0.027375
e_6_7 6 7 4 0.0125 -0.257459 -0.0602372 0.0177272 0.631036 0.157842 -0.708621 0.273378 0.023015
e_7_8 7 8 5 0.0125 -0.274891 -0.0732691 0.0166902 0.632254 0.169002 -0.701101 0.283108 0.020569
e_8_9 8 9 6 0.0125 -0.291066 -0.0852359 0.0143667 0.580542 0.148657 -0.757032 0.260337 0.020065
e_9_10 9 10 7 0.0125 -0.304859 -0.0995737 0.0133055 0.627853 0.286717 -0.614081 0.38275 0.020847
e_10_11 10 11 8 0.0125 -0.316785 -0.116209 0.0146831 0.628726 0.261716 -0.636639 0.361801 0.020214
e_11_2 11 2 9 0.0125 -0.32684 -0.132852 0.0184862 0.695584 0.329259 -0.478069 0.423323 0.020076
7 7 6
2 0.229444 0.00621612 0.0864457 0.0125
4 0.120264 -0.0312123 0.0668424 0.0125
1 -0.245879 0.0582961 0.0471887 0.0125
8 0.216715 -0.00557016 0.0762744 0.0125
5 0.142982 -0.0289098 0.0672694 0.0125
6 0.180164 -0.0247736 0.0678326 0.0125
7 0.197591 -0.0158374 0.0729374 0.0125
e_1_4 1 4 1 0.0125 -0.0628073 0.0135419 0.0570162 0.725123 0.149371 0.672051 -0.0152692 0.377437
e_4_5 4 5 2 0.0125 0.131623 -0.0300605 0.0670558 0.712565 -0.0314886 0.699759 0.0399625 0.022838
e_5_6 5 6 3 0.0125 0.161573 -0.0268423 0.0675516 0.711196 -0.0367371 0.700801 0.041587 0.037416
e_6_7 6 7 4 0.0125 0.188877 -0.0203059 0.0703846 0.786401 -0.217086 0.571646 0.0875726 0.020239
e_7_8 7 8 5 0.0125 0.207153 -0.0107042 0.0746055 0.753004 -0.233932 0.607682 0.0947785 0.021961
e_8_2 8 2 6 0.0125 0.223079 0.000322973 0.0813604 0.861851 -0.293249 0.401401 0.100475 0.02011
8 8 7
2 0.00180419 -0.271663 0.0118054 0.0125
9 -0.010406 -0.255985 0.0148336 0.0125
4 -0.19126 0.0373864 0.0763398 0.0125
1 -0.220195 0.152295 0.120927 0.0125
8 -0.018609 -0.234402 0.0129799 0.0125
5 -0.0560208 -0.155319 0.0205433 0.0125
6 -0.0393361 -0.190723 0.0156745 0.0125
7 -0.0307902 -0.214261 0.0157484 0.0125
e_1_4 1 4 1 0.0125 -0.205727 0.0948408 0.0986335 0.441457 0.491752 0.658986 -0.359211 0.126607
e_4_5 4 5 2 0.0125 -0.12364 -0.0589663 0.0484416 0.550546 0.362411 0.695677 -0.28564 0.241946
e_5_6 5 6 3 0.0125 -0.0476787 -0.173021 0.0181094 0.577467 0.435141 0.610227 -0.323739 0.03944
e_6_7 6 7 4 0.0125 -0.0350636 -0.202492 0.0157112 0.622141 0.467966 0.528716 -0.338241 0.025042
e_7_8 7 8 5 0.0125 -0.0247 -0.224332 0.014364 0.592296 0.394604 0.634584 -0.301292 0.023701
e_8_9 8 9 6 0.0125 -0.0145073 -0.245194 0.0139063 0.656321 0.457819 0.500379 -0.330554 0.023163
e_9_2 9 2 7 0.0125 -0.00430133 -0.263824 0.0133193 0.590857 0.346009 0.67499 -0.274871 0.020101
9 10 9
2 -0.169145 -0.285662 0.0118312 0.0125
11 -0.161431 -0.268408 0.0184504 0.0125
10 -0.158842 -0.248903 0.0222424 0.0125
9 -0.155347 -0.229438 0.0253684 0.0125
4 -0.132103 -0.113837 0.0649654 0.0125
1 -0.202372 0.185499 0.128591 0.0125
8 -0.151339 -0.209872 0.0269418 0.0125
5 -0.141831 -0.155333 0.0547915 0.0125
6 -0.14505 -0.174191 0.0442938 0.0125
7 -0.147937 -0.191532 0.0344705 0.0125
e_1_4 1 4 1 0.0125 -0.167238 0.0358313 0.0967777 0.61021 0.684035 0.365259 -0.162252 0.313988
e_4_5 4 5 2 0.0125 -0.136968 -0.134585 0.059879 0.546544 0.758469 0.202003 -0.291906 0.043818
e_5_6 5 6 3 0.0125 -0.14344 -0.164763 0.0495423 0.420321 0.781796 0.359648 -0.287713 0.021822
e_6_7 6 7 4 0.0125 -0.146494 -0.182862 0.0393825 0.417157 0.78149 0.364917 -0.286512 0.020137
e_7_8 7 8 5 0.0125 -0.149637 -0.200702 0.0307066 0.478164 0.77519 0.293646 -0.290194 0.020115
e_8_9 8 9 6 0.0125 -0.153343 -0.219654 0.0261551 0.625529 0.720197 0.143477 -0.263522 0.020034
e_9_10 9 10 7 0.0125 -0.157094 -0.23917 0.0238052 0.591234 0.736796 0.187635 -0.26901 0.020022
e_10_11 10 11 8 0.0125 -0.160136 -0.258655 0.0203464 0.580629 0.738722 0.221134 -0.261265 0.020037
e_11_2 11 2 9 0.0125 -0.165287 -0.277034 0.0151413 0.461616 0.79478 0.183259 -0.348787 0.020026
