9
1 9 8
2 0.160818 0.161184 0.0115615 0.0125
10 0.16082 0.140651 0.013232 0.0125
9 0.153602 0.122216 0.0166533 0.0125
4 -0.0204648 -0.0706552 0.0114945 0.0125
1 -0.15177 -0.19649 0.0115547 0.0125
8 0.146692 0.103496 0.0204302 0.0125
5 0.123787 0.0245548 0.0228656 0.0125
6 0.137769 0.0488357 0.0225937 0.0125
7 0.139398 0.0799923 0.02254 0.0125
e_1_4 1 4 1 0.0125 -0.0861176 -0.133573 0.0115246 0.549175 -0.70167 0.088458 -0.445244 0.181867
e_4_5 4 5 2 0.0125 0.0516605 -0.0230499 0.0171798 0.546275 -0.660139 0.177178 -0.484156 0.173214
e_5_6 5 6 3 0.0125 0.130778 0.0366953 0.0227297 0.595262 -0.709957 -0.0284039 -0.375256 0.02802
e_6_7 6 7 4 0.0125 0.138583 0.0644136 0.0225669 0.663034 -0.676026 -0.2094 -0.24398 0.031199
e_7_8 7 8 5 0.0125 0.143045 0.0917436 0.0214854 0.599289 -0.724682 -0.132445 -0.313283 0.0247
e_8_9 8 9 6 0.0125 0.150146 0.112856 0.0185415 0.550207 -0.758005 -0.1357 -0.322933 0.020309
e_9_10 9 10 7 0.0125 0.157211 0.131433 0.0149427 0.553601 -0.754764 -0.124371 -0.329224 0.020091
e_10_2 10 2 8 0.0125 0.160819 0.150918 0.0123965 0.63898 -0.693087 -0.24535 -0.226137 0.020601
2 7 6
2 -0.0838648 0.20405 0.0311194 0.0125
4 0.19774 0.109992 0.0474691 0.0125
1 0.370626 0.0500354 0.0114918 0.0125
8 -0.0536293 0.200082 0.046423 0.0125
5 0.12834 0.157027 0.0746214 0.0125
6 -0.00759472 0.197212 0.0607185 0.0125
7 -0.0285495 0.199454 0.0578488 0.0125
e_1_4 1 4 1 0.0125 0.284183 0.0800131 0.0294801 0.757522 -0.321036 -0.548157 0.150402 0.18649
e_4_5 4 5 2 0.0125 0.16304 0.13351 0.0610451 0.799422 -0.399864 -0.43134 0.12239 0.088125
e_5_6 5 6 3 0.0125 0.0603727 0.177119 0.0676693 0.531753 -0.600312 -0.434088 0.410404 0.142429
e_6_7 6 7 4 0.0125 -0.018072 0.198332 0.0592839 0.485573 -0.564367 -0.498949 0.443575 0.021269
e_7_8 7 8 5 0.0125 -0.041089 0.199768 0.0521365 -0.175828 -0.788239 0.293108 0.511714 0.027567
e_8_2 8 2 6 0.0125 -0.0687468 0.202066 0.038772 -0.0710822 -0.821049 0.223948 0.520262 0.034119
3 10 9
2 0.0407596 0.0405309 0.0291656 0.0125
11 0.0586231 0.0477674 0.0345138 0.0125
10 0.0770415 0.0506498 0.0417648 0.0125
9 0.0966096 0.0501667 0.0462543 0.0125
4 0.179726 0.0989097 0.0667767 0.0125
1 0.451257 0.169157 0.257063 0.0125
8 0.115876 0.0557693 0.0463826 0.0125
5 0.165972 0.0885124 0.0566405 0.0125
6 0.148809 0.0786106 0.0538923 0.0125
7 0.131263 0.0681569 0.0510113 0.0125
e_1_4 1 4 1 0.0125 0.315491 0.134034 0.161919 -0.184554 -0.873402 0.13374 0.430374 0.338928
e_4_5 4 5 2 0.0125 0.17285 0.0937117 0.0617087 -0.496512 -0.535761 0.682903 0.00891465 0.02
e_5_6 5 6 3 0.0125 0.157391 0.0835615 0.0552669 0.396722 0.7482 -0.0942523 -0.523378 0.020004
e_6_7 6 7 4 0.0125 0.140037 0.0733839 0.0524524 0.311142 0.754179 0.0324708 -0.577365 0.020627
e_7_8 7 8 5 0.0125 0.123569 0.061963 0.0486975 -0.317277 0.273823 0.73423 -0.534099 0.020289
e_8_9 8 9 6 0.0125 0.106243 0.052968 0.0463185 0.695561 0.085365 -0.704217 0.113958 0.020065
e_9_10 9 10 7 0.0125 0.0868258 0.0504078 0.0440095 0.427456 -0.58214 -0.522371 0.453347 0.020082
e_10_11 10 11 8 0.0125 0.0678322 0.0492086 0.0381398 0.132313 -0.762852 -0.31514 0.548851 0.020003
e_11_2 11 2 9 0.0125 0.0496908 0.0441495 0.0318391 0.0329666 -0.720426 -0.338631 0.604341 0.020001
4 8 7
2 0.338396 0.288504 0.0725545 0.0125
9 0.330172 0.269822 0.0698451 0.0125
4 0.282596 0.101687 0.0680763 0.0125
1 0.228873 -0.183303 0.011498 0.0125
8 0.329865 0.249871 0.0716956 0.0125
5 0.308502 0.193273 0.0926872 0.0125
6 0.319016 0.212994 0.0899234 0.0125
7 0.325052 0.229392 0.0781887 0.0125
e_1_4 1 4 1 0.0125 0.255734 -0.0408083 0.0397867 -0.115404 0.209878 0.600176 0.763166 0.295476
e_4_5 4 5 2 0.0125 0.295549 0.14748 0.0803819 -0.0845772 0.228699 0.567915 0.78614 0.09831
e_5_6 5 6 3 0.0125 0.31376 0.203134 0.091305 0.0409319 0.310935 0.681669 0.661038 0.02252
e_6_7 6 7 4 0.0125 0.322034 0.221193 0.0840565 0.0119775 0.283653 0.835652 0.470194 0.021048
e_7_8 7 8 5 0.0125 0.327459 0.239632 0.074942 -0.051522 0.25139 0.764375 0.591506 0.022017
e_8_9 8 9 6 0.0125 0.330019 0.259846 0.0707702 -0.15712 0.183382 0.71591 0.655101 0.020039
e_9_2 9 2 7 0.0125 0.334285 0.279163 0.0711996 -0.0132083 0.276051 0.598346 0.752066 0.020591
5 9 8
2 -0.0404324 -0.184283 0.0142515 0.0125
10 -0.0263344 -0.169969 0.0144961 0.0125
9 -0.0130222 -0.154958 0.0141261 0.0125
4 0.0651255 0.0753966 0.0680866 0.0125
1 0.104087 0.265841 0.12516 0.0125
8 0.000176559 -0.13885 0.012494 0.0125
5 0.0378426 -0.0794457 0.028626 0.0125
6 0.0282566 -0.107103 0.0210918 0.0125
7 0.0150043 -0.12296 0.0127286 0.0125
e_1_4 1 4 1 0.0125 0.0846066 0.170619 0.0966229 0.564873 0.792842 0.110711 -0.200158 0.202593
e_4_5 4 5 2 0.0125 0.0514845 -0.00202451 0.0483561 0.582972 0.779637 0.117813 -0.196033 0.162104
e_5_6 5 6 3 0.0125 0.0330492 -0.0932743 0.0248591 0.570393 0.789702 0.0316315 -0.223657 0.030226
e_6_7 6 7 4 0.0125 0.0216306 -0.115032 0.0169103 0.485079 0.816363 -0.145334 -0.277719 0.022294
e_7_8 7 8 5 0.0125 0.00758982 -0.130905 0.0126112 0.644817 0.670164 -0.237238 -0.28073 0.021734
e_8_9 8 9 6 0.0125 -0.00642288 -0.146903 0.0133099 0.683253 0.646213 -0.208193 -0.268755 0.020889
e_9_10 9 10 7 0.0125 -0.0196777 -0.162463 0.0143111 0.657898 0.663255 -0.225526 -0.276408 0.020067
e_10_2 10 2 8 0.0125 -0.0333836 -0.177126 0.0143734 0.642908 0.665299 -0.251947 -0.283848 0.020093
6 9 8
2 -0.154647 -0.164679 0.034797 0.0125
10 -0.133453 -0.155315 0.0338614 0.0125
9 -0.119079 -0.140432 0.0291883 0.0125
4 -0.0764381 0.0590854 0.0114985 0.0125
1 -0.159517 0.287848 0.0114939 0.0125
8 -0.0979474 -0.115017 0.0238455 0.0125
5 -0.0798163 -0.0312659 0.0185672 0.0125
6 -0.0829748 -0.0682094 0.0194653 0.0125
7 -0.0850238 -0.0949478 0.0203521 0.0125
e_1_4 1 4 1 0.0125 -0.117978 0.173467 0.0114963 -0.519671 -0.324762 -0.628109 0.479531 0.243382
e_4_5 4 5 2 0.0125 -0.0781271 0.0139091 0.0150328 -0.419478 -0.408513 -0.542353 0.602502 0.09069
e_5_6 5 6 3 0.0125 -0.0813958 -0.0497376 0.0190158 -0.38401 -0.423665 -0.555326 0.603869 0.037089
e_6_7 6 7 4 0.0125 -0.0839997 -0.0815783 0.0199089 -0.390212 -0.42104 -0.553359 0.603535 0.026831
e_7_8 7 8 5 0.0125 -0.0914862 -0.104982 0.0220985 -0.230194 -0.504519 -0.416009 0.7207 0.024124
e_8_9 8 9 6 0.0125 -0.108514 -0.127724 0.0265171 -0.182387 -0.521779 -0.384657 0.73927 0.033481
e_9_10 9 10 7 0.0125 -0.126267 -0.147874 0.0315251 -0.176998 -0.524222 -0.339176 0.760804 0.021213
e_10_2 10 2 8 0.0125 -0.14405 -0.159997 0.0343292 0.103784 -0.586748 -0.368173 0.713725 0.023189
7 8 7
2 -0.0420889 0.268173 0.0114941 0.0125
9 -0.0504479 0.250026 0.0145333 0.0125
4 -0.0808576 0.0118598 0.0434238 0.0125
1 -0.0571639 -0.224079 0.0382144 0.0125
8 -0.0552798 0.230533 0.0129588 0.0125
5 -0.0739697 0.0794908 0.0350364 0.0125
6 -0.0637022 0.133718 0.0266912 0.0125
7 -0.0568902 0.209796 0.016093 0.0125
e_1_4 1 4 1 0.0125 -0.0690108 -0.10611 0.0408191 0.661101 -0.61692 -0.329282 -0.271898 0.237183
e_4_5 4 5 2 0.0125 -0.0774137 0.0456753 0.0392301 0.591401 -0.699596 -0.267932 -0.298366 0.068496
e_5_6 5 6 3 0.0125 -0.0688361 0.106604 0.0308646 0.574508 -0.722979 -0.228163 -0.308518 0.055817
e_6_7 6 7 4 0.0125 -0.0602962 0.171757 0.0213921 0.585844 -0.700454 -0.279431 -0.296765 0.077115
e_7_8 7 8 5 0.0125 -0.0560854 0.220165 0.0145256 0.581707 -0.700439 -0.28961 -0.295174 0.021034
e_8_9 8 9 6 0.0125 -0.0528639 0.240279 0.0137461 0.665405 -0.666265 -0.130486 -0.310323 0.020144
e_9_2 9 2 7 0.0125 -0.0462684 0.2591 0.0130137 0.560292 -0.754263 -0.0791728 -0.333006 0.02021
8 8 7
2 -0.214761 -0.199965 0.0114997 0.0125
9 -0.205219 -0.182306 0.0133371 0.0125
4 -0.17036 0.136479 0.0213361 0.0125
1 -0.202158 0.277684 0.0123094 0.0125
8 -0.195912 -0.162985 0.0152954 0.0125
5 -0.155869 0.0310727 0.016253 0.0125
6 -0.147393 -0.030942 0.0133152 0.0125
7 -0.152533 -0.0885899 0.0114986 0.0125
e_1_4 1 4 1 0.0125 -0.18626 0.207081 0.0168235 -0.494197 -0.342433 -0.592973 0.535623 0.145023
e_4_5 4 5 2 0.0125 -0.163115 0.0837757 0.0187946 -0.425072 -0.364054 -0.625559 0.543557 0.106519
e_5_6 5 6 3 0.0125 -0.151631 6.52811e-05 0.0147846 -0.425077 -0.364199 -0.625144 0.543934 0.06266
e_6_7 6 7 4 0.0125 -0.149963 -0.0597664 0.0124065 -0.34249 -0.407531 -0.591275 0.605816 0.057905
e_7_8 7 8 5 0.0125 -0.174222 -0.125788 0.013397 -0.1663 -0.476367 -0.50105 0.703113 0.086202
e_8_9 8 9 6 0.0125 -0.200566 -0.172646 0.0143158 -0.154211 -0.464193 -0.57445 0.656316 0.021535
e_9_2 9 2 7 0.0125 -0.20999 -0.191136 0.0124184 -0.130291 -0.470131 -0.569708 0.661387 0.020155
9 10 9
2 -0.122665 0.287724 0.0123396 0.0125
11 -0.119867 0.275855 0.0287734 0.0125
10 -0.11616 0.257831 0.0379052 0.0125
9 -0.112639 0.238047 0.0374835 0.0125
4 -0.0499381 0.101475 0.0581738 0.0125
1 0.116848 -0.120882 0.0745505 0.0125
8 -0.112495 0.216171 0.0325933 0.0125
5 -0.0756751 0.135533 0.0512628 0.0125
6 -0.0991618 0.171065 0.0308423 0.0125
7 -0.107453 0.196268 0.0285448 0.0125
e_1_4 1 4 1 0.0125 0.0334552 -0.00970353 0.0663621 0.620557 -0.712633 -0.146842 0.292405 0.27844
e_4_5 4 5 2 0.0125 -0.0628066 0.118505 0.054718 0.579508 -0.748832 -0.138398 0.290287 0.043244
e_5_6 5 6 3 0.0125 -0.0874182 0.153298 0.0410518 0.468246 -0.843077 -0.0733892 0.254129 0.047235
e_6_7 6 7 4 0.0125 -0.103307 0.183667 0.0296937 0.644839 -0.736906 -0.00983937 0.202622 0.026631
e_7_8 7 8 5 0.0125 -0.109974 0.206219 0.0305695 0.749712 -0.635027 -0.00299594 0.186181 0.020927
e_8_9 8 9 6 0.0125 -0.112567 0.227109 0.0350384 0.771364 -0.618607 0.0909148 0.118559 0.022416
e_9_10 9 10 7 0.0125 -0.1144 0.247938 0.0376942 0.695304 -0.698528 0.0392897 0.164522 0.020099
e_10_11 10 11 8 0.0125 -0.118014 0.266843 0.0333393 0.50456 -0.846417 0.0764543 0.152161 0.020543
e_11_2 11 2 9 0.0125 -0.121266 0.28179 0.0205565 0.292359 -0.94016 0.132783 0.113989 0.020464
