9
1 11 10
2 0.35292 -0.30882 0.251786 0.0125
12 0.344316 -0.307063 0.232831 0.0125
11 0.334569 -0.297927 0.217594 0.0125
10 0.322048 -0.288944 0.204009 0.0125
9 0.304445 -0.27366 0.185694 0.0125
4 0.081459 -0.115259 0.0543705 0.0125
1 0.00856223 -0.0560908 0.0115022 0.0125
8 0.287165 -0.261236 0.173847 0.0125
5 0.188209 -0.207249 0.114618 0.0125
6 0.216852 -0.225816 0.131148 0.0125
7 0.233309 -0.231002 0.142378 0.0125
e_1_4 1 4 1 0.0125 0.0450109 -0.0856748 0.0329361 -0.718693 -0.0729235 -0.535734 0.43721 0.103212
e_4_5 4 5 2 0.0125 0.134835 -0.161254 0.0844944 -0.70906 -0.0853969 -0.544193 0.440221 0.153255
e_5_6 5 6 3 0.0125 0.20253 -0.216532 0.122883 -0.737081 -0.0315169 -0.530186 0.417878 0.037926
e_6_7 6 7 4 0.0125 0.22508 -0.228408 0.136763 -0.792302 0.0678377 -0.471842 0.380815 0.020588
e_7_8 7 8 5 0.0125 0.260237 -0.246118 0.158113 -0.749034 -0.00703172 -0.522455 0.407357 0.069317
e_8_9 8 9 6 0.0125 0.295805 -0.267448 0.179771 -0.744074 -0.0475555 -0.504547 0.435345 0.024358
e_9_10 9 10 7 0.0125 0.313246 -0.281302 0.194851 -0.766442 -0.0715182 -0.431259 0.470603 0.029646
e_10_11 10 11 8 0.0125 0.328308 -0.293436 0.210801 -0.786974 -0.0384914 -0.409733 0.459684 0.020544
e_11_12 11 12 9 0.0125 0.339442 -0.302495 0.225213 -0.796132 -0.0697772 -0.345204 0.492076 0.020265
e_12_2 12 2 10 0.0125 0.348618 -0.307942 0.242309 -0.867591 0.0585406 -0.207112 0.44829 0.02089
2 6 5
2 0.327079 0.141004 0.0321325 0.0125
7 0.314302 0.119705 0.0344399 0.0125
6 0.280418 0.0900636 0.0356801 0.0125
5 0.188929 0.0288245 0.0118476 0.0125
1 -0.0879898 -0.117197 0.0638913 0.0125
4 -0.0601026 -0.102074 0.0575891 0.0125
e_1_4 1 4 1 0.0125 -0.0740463 -0.109636 0.06074 0.140691 -0.744246 -0.208623 -0.618693 0.032343
e_4_5 4 5 2 0.0125 0.0644129 -0.0366247 0.034719 0.163392 -0.741848 -0.172916 -0.626948 0.285033
e_5_6 5 6 3 0.0125 0.234673 0.0594444 0.0237642 0.54785 -0.616449 0.119189 -0.552852 0.112642
e_6_7 6 7 4 0.0125 0.29736 0.104885 0.03506 0.38064 -0.709628 -0.100939 -0.584254 0.045037
e_7_2 7 2 5 0.0125 0.320691 0.130355 0.0332859 0.439474 -0.701654 -0.232274 -0.510483 0.024945
3 11 10
2 -0.0258911 0.174748 0.0223659 0.0125
12 -0.0144037 0.158431 0.0207148 0.0125
11 -0.00676027 0.140782 0.0150665 0.0125
10 0.00217688 0.123039 0.0124758 0.0125
9 0.0180133 0.110604 0.0120773 0.0125
4 0.0932608 0.0354814 0.0267769 0.0125
1 0.388486 -0.0381346 0.0923101 0.0125
8 0.0342574 0.0984177 0.0115139 0.0125
5 0.0795374 0.0482771 0.01936 0.0125
6 0.0634771 0.0663278 0.017038 0.0125
7 0.0483833 0.0831253 0.0141867 0.0125
e_1_4 1 4 1 0.0125 0.240873 -0.00132711 0.0595442 0.556545 0.18352 -0.75604 -0.291515 0.311242
e_4_5 4 5 2 0.0125 0.0863994 0.0418791 0.023068 0.462164 -0.808015 -0.175863 0.320295 0.020176
e_5_6 5 6 3 0.0125 0.071507 0.0573026 0.0181994 0.643895 -0.671315 -0.3117 0.19385 0.024273
e_6_7 6 7 4 0.0125 0.05593 0.0747272 0.0156121 0.628298 -0.686529 -0.3022 0.206387 0.022761
e_7_8 7 8 5 0.0125 0.0413207 0.0907707 0.0128502 0.628998 -0.680727 -0.316657 0.201744 0.020989
e_8_9 8 9 6 0.0125 0.0261349 0.104511 0.011796 0.716032 -0.444614 -0.537067 0.0342827 0.020315
e_9_10 9 10 7 0.0125 0.0100949 0.116821 0.0122766 0.712255 -0.470432 -0.518462 0.0508255 0.020139
e_10_11 10 11 8 0.0125 -0.0022917 0.13191 0.0137711 0.731074 -0.641941 -0.152563 0.173689 0.020036
e_11_12 11 12 9 0.0125 -0.0105822 0.149607 0.017891 0.790225 -0.580944 -0.146983 0.128233 0.020045
e_12_2 12 2 10 0.0125 -0.0201472 0.166589 0.0215399 0.718873 -0.624063 -0.263282 0.156365 0.020024
4 9 8
2 0.103667 -0.170958 0.0222944 0.0125
10 0.115755 -0.153209 0.0399256 0.0125
9 0.124323 -0.137507 0.0502143 0.0125
4 0.132378 -0.00886733 0.06905 0.0125
1 0.233773 0.288485 0.0114932 0.0125
8 0.125783 -0.10945 0.0586405 0.0125
5 0.132505 -0.0310876 0.0673019 0.0125
6 0.137092 -0.0625784 0.0650663 0.0125
7 0.131034 -0.087584 0.0623616 0.0125
e_1_4 1 4 1 0.0125 0.183075 0.139809 0.0402712 0.717241 0.639779 0.024065 -0.275078 0.319393
e_4_5 4 5 2 0.0125 0.132441 -0.0199778 0.0681757 0.649568 0.701469 0.217167 -0.197079 0.022289
e_5_6 5 6 3 0.0125 0.134798 -0.0468325 0.0661839 0.659628 0.67347 0.285428 -0.172803 0.031902
e_6_7 6 7 4 0.0125 0.134063 -0.0750811 0.0637134 0.625479 0.737311 0.0930132 -0.237691 0.025871
e_7_8 7 8 5 0.0125 0.128409 -0.098517 0.0605011 0.603883 0.756126 0.0994544 -0.231749 0.022793
e_8_9 8 9 6 0.0125 0.125053 -0.123479 0.0544278 0.567342 0.774409 0.209584 -0.185707 0.029332
e_9_10 9 10 7 0.0125 0.12004 -0.145358 0.04507 0.441369 0.865603 -0.00673712 -0.236388 0.020635
e_10_2 10 2 8 0.0125 0.109711 -0.162083 0.0311096 0.361795 0.903433 -0.0327439 -0.227689 0.027785
5 10 9
2 0.355491 0.0176972 0.12688 0.0125
11 0.337098 0.0263034 0.123398 0.0125
10 0.317429 0.0353652 0.122014 0.0125
9 0.277179 0.0522237 0.117354 0.0125
4 0.00774174 0.215264 0.0125036 0.0125
1 -0.062162 0.240975 0.0191768 0.0125
8 0.259597 0.0749973 0.111972 0.0125
5 0.038155 0.196422 0.0184402 0.0125
6 0.117442 0.154491 0.0322659 0.0125
7 0.189481 0.125559 0.07608 0.0125
e_1_4 1 4 1 0.0125 -0.0272102 0.228119 0.0158402 0.388262 -0.419919 0.606864 -0.551938 0.074781
e_4_5 4 5 2 0.0125 0.0229484 0.205843 0.0154724 0.495016 -0.197232 0.615826 -0.580359 0.036265
e_5_6 5 6 3 0.0125 0.077799 0.175456 0.0253531 0.498117 -0.23452 0.607315 -0.572755 0.090752
e_6_7 6 7 4 0.0125 0.153462 0.140025 0.0541726 0.699821 -0.121867 0.48928 -0.505969 0.089142
e_7_8 7 8 5 0.0125 0.22454 0.100278 0.0940254 0.624151 -0.0539354 0.552592 -0.549699 0.0936
e_8_9 8 9 6 0.0125 0.268388 0.0636103 0.114663 0.478689 0.00900364 0.638721 -0.602339 0.029269
e_9_10 9 10 7 0.0125 0.297304 0.0437939 0.119684 0.486622 -0.297292 0.598778 -0.562389 0.043887
e_10_11 10 11 8 0.0125 0.327263 0.0308343 0.122707 0.456295 -0.305669 0.612094 -0.568949 0.0217
e_11_2 11 2 9 0.0125 0.346295 0.0220007 0.12514 0.515221 -0.247242 0.59529 -0.564844 0.020603
6 9 8
2 -0.373145 -0.0909712 0.0204712 0.0125
10 -0.36335 -0.0708715 0.0175902 0.0125
9 -0.347284 -0.0583742 0.0156127 0.0125
4 -0.0224461 0.106931 0.033922 0.0125
1 0.0657626 0.126753 0.0399981 0.0125
8 -0.33135 -0.0455283 0.0138872 0.0125
5 -0.242751 0.00633477 0.012497 0.0125
6 -0.26487 -0.0062205 0.0129728 0.0125
7 -0.305678 -0.0303433 0.0122282 0.0125
e_1_4 1 4 1 0.0125 0.0216581 0.116842 0.0369605 -0.382556 0.500668 0.531843 -0.565797 0.090612
e_4_5 4 5 2 0.0125 -0.132598 0.0566324 0.0232102 -0.304411 0.46079 0.575964 -0.602721 0.243132
e_5_6 5 6 3 0.0125 -0.25381 5.71332e-05 0.0127349 -0.287694 0.418094 0.562005 -0.653132 0.025437
e_6_7 6 7 4 0.0125 -0.285274 -0.0182821 0.0126008 -0.275698 0.421601 0.574546 -0.645089 0.047411
e_7_8 7 8 5 0.0125 -0.318515 -0.037936 0.013058 -0.286257 0.405756 0.554608 -0.667704 0.029873
e_8_9 8 9 6 0.0125 -0.339317 -0.0519508 0.0147494 -0.233262 0.365151 0.569812 -0.69826 0.020539
e_9_10 9 10 7 0.0125 -0.355317 -0.0646224 0.0166013 -0.242106 0.366395 0.563377 -0.699818 0.020451
e_10_2 10 2 8 0.0125 -0.368248 -0.080922 0.0190306 -0.0566042 0.243715 0.613766 -0.748792 0.022545
7 8 7
2 0.163892 0.19999 0.114506 0.0125
9 0.145525 0.199029 0.101608 0.0125
4 -0.0979109 0.12613 0.0132861 0.0125
1 -0.282298 0.0367458 0.0123703 0.0125
8 0.128489 0.197751 0.0910747 0.0125
5 0.0559149 0.181897 0.0736694 0.0125
6 0.0894472 0.194039 0.0748979 0.0125
7 0.108208 0.196621 0.0822597 0.0125
e_1_4 1 4 1 0.0125 -0.190105 0.0814385 0.0128278 0.694903 -0.17717 0.682916 0.139092 0.204912
e_4_5 4 5 2 0.0125 -0.0209982 0.154014 0.0434773 0.80851 -0.100737 0.562801 0.139351 0.174409
e_5_6 5 6 3 0.0125 0.0726815 0.187968 0.0742841 0.707121 -0.113434 0.685498 0.131169 0.035685
e_6_7 6 7 4 0.0125 0.098828 0.19533 0.0785787 0.815956 0.00792392 0.564608 0.123978 0.020317
e_7_8 7 8 5 0.0125 0.118349 0.197186 0.0866672 0.827584 0.0477629 0.546499 0.119002 0.022143
e_8_9 8 9 6 0.0125 0.137008 0.198389 0.0963419 0.864246 0.0331544 0.486313 0.124414 0.020071
e_9_2 9 2 7 0.0125 0.154709 0.199509 0.108057 0.878417 0.0407388 0.459615 0.12441 0.022463
8 10 9
2 0.201691 0.104594 0.055427 0.0125
11 0.192627 0.0932987 0.0692352 0.0125
10 0.184752 0.0775755 0.0787887 0.0125
9 0.176809 0.0619513 0.088779 0.0125
4 -0.0491052 -0.0643676 0.0469968 0.0125
1 -0.207209 -0.0825131 0.0122041 0.0125
8 0.168601 0.0398368 0.0893831 0.0125
5 0.121432 -0.00741906 0.0916174 0.0125
6 0.1376 0.00433089 0.0957864 0.0125
7 0.154398 0.0253387 0.0927074 0.0125
e_1_4 1 4 1 0.0125 -0.128157 -0.0734397 0.0296 0.740022 0.12659 0.614154 0.243224 0.162901
e_4_5 4 5 2 0.0125 0.0361631 -0.0358934 0.0693066 0.753751 -0.0170779 0.615851 0.228681 0.185249
e_5_6 5 6 3 0.0125 0.129516 -0.00154426 0.0937023 0.753169 -0.237226 0.584499 0.186604 0.020416
e_6_7 6 7 4 0.0125 0.145999 0.0148347 0.0942464 0.569559 -0.257441 0.700421 0.344582 0.027074
e_7_8 7 8 5 0.0125 0.1615 0.0325881 0.0910446 0.466177 -0.0218821 0.761792 0.449303 0.020566
e_8_9 8 9 6 0.0125 0.172705 0.0508945 0.0890809 0.56299 -0.688788 -0.19587 -0.412612 0.023596
e_9_10 9 10 7 0.0125 0.18078 0.0697634 0.0837839 -0.445922 0.864613 0.00724823 0.231398 0.020175
e_10_11 10 11 8 0.0125 0.188689 0.0854368 0.0740114 -0.457274 0.859474 -0.000867424 0.228481 0.020013
e_11_2 11 2 9 0.0125 0.197159 0.0989469 0.0623305 -0.255833 0.903209 0.171 0.299202 0.02001
9 10 9
2 -0.124638 0.0618062 0.200271 0.0125
11 -0.121831 0.0479383 0.18491 0.0125
10 -0.114767 0.0344849 0.160961 0.0125
9 -0.109689 0.00834077 0.12954 0.0125
4 0.13581 -0.248228 0.0127659 0.0125
1 0.154043 -0.26206 0.0124312 0.0125
8 -0.0981267 -0.010832 0.113164 0.0125
5 -0.0148244 -0.156729 0.065217 0.0125
6 -0.0300918 -0.13468 0.073662 0.0125
7 -0.0809456 -0.0466056 0.104964 0.0125
e_1_4 1 4 1 0.0125 0.144926 -0.255144 0.0125983 0.356423 0.271904 -0.647117 -0.616661 0.022889
e_4_5 4 5 2 0.0125 0.0604922 -0.202478 0.038991 0.480498 0.222952 -0.554683 -0.64167 0.183885
e_5_6 5 6 3 0.0125 -0.0224582 -0.145705 0.0694388 0.315946 0.119252 -0.579313 -0.741858 0.028117
e_6_7 6 7 4 0.0125 -0.0555187 -0.0906426 0.0893128 0.277122 0.101634 -0.585311 -0.755172 0.10641
e_7_8 7 8 5 0.0125 -0.0895366 -0.0287189 0.109063 0.206725 0.111737 -0.621564 -0.747287 0.040523
e_8_9 8 9 6 0.0125 -0.103908 -0.00124618 0.121352 0.422038 0.0224467 -0.452005 -0.785539 0.02774
e_9_10 9 10 7 0.0125 -0.112228 0.021413 0.145251 0.441908 -0.101176 -0.329163 -0.828331 0.04119
e_10_11 10 11 8 0.0125 -0.118299 0.0412118 0.172936 0.588565 -0.0489145 -0.274614 -0.758806 0.028363
e_11_2 11 2 9 0.0125 -0.123234 0.0548719 0.192591 0.416847 -0.0949558 -0.351025 -0.833069 0.020884
