9
1 8 7
2 -0.0154724 0.110802 0.0212978 0.0125
9 -0.00485333 0.0916892 0.019915 0.0125
4 0.0468578 -0.00794482 0.0181147 0.0125
1 0.220265 -0.288501 0.169025 0.0125
8 0.00467861 0.0734043 0.0195564 0.0125
5 0.0375092 0.0208472 0.0114985 0.0125
6 0.0284046 0.0396441 0.0153925 0.0125
7 0.0194673 0.0593667 0.0199834 0.0125
e_1_4 1 4 1 0.0125 0.133561 -0.148223 0.0935699 0.479127 -0.430144 -0.723194 -0.249808 0.362706
e_4_5 4 5 2 0.0125 0.042183 0.00645108 0.0148068 0.537055 -0.758686 0.17649 0.323757 0.030987
e_5_6 5 6 3 0.0125 0.032957 0.030246 0.0134459 0.765772 -0.598753 -0.223298 0.0722847 0.021246
e_6_7 6 7 4 0.0125 0.0239358 0.0495061 0.0176881 0.771852 -0.59943 -0.192303 0.0891553 0.022135
e_7_8 7 8 5 0.0125 0.0120734 0.0663857 0.0197697 0.649384 -0.263621 -0.664059 -0.260441 0.020394
e_8_9 8 9 6 0.0125 -8.66972e-05 0.0825465 0.0197357 0.710904 -0.645679 -0.272751 0.0576222 0.020623
e_9_2 9 2 7 0.0125 -0.0101632 0.101246 0.020607 0.728466 -0.611415 -0.307598 0.0298932 0.021909
2 9 8
2 0.213326 0.0167219 0.047183 0.0125
10 0.189712 0.0186493 0.0481428 0.0125
9 0.168577 0.0196442 0.0507967 0.0125
4 -0.0702062 -0.0872776 0.084055 0.0125
1 -0.215249 -0.203193 0.0717278 0.0125
8 0.14843 0.0115912 0.0540363 0.0125
5 0.0203333 -0.0221602 0.0760844 0.0125
6 0.0797006 -0.0107806 0.0645989 0.0125
7 0.10215 -0.00447336 0.0569832 0.0125
e_1_4 1 4 1 0.0125 -0.142728 -0.145235 0.0778919 -0.652073 0.62112 -0.28476 0.328516 0.18608
e_4_5 4 5 2 0.0125 -0.0249365 -0.0547184 0.0800699 -0.620232 0.635053 -0.363805 0.282251 0.111809
e_5_6 5 6 3 0.0125 0.050017 -0.0164702 0.0703412 -0.596155 0.404161 -0.655738 0.22641 0.06153
e_6_7 6 7 4 0.0125 0.0909248 -0.00762708 0.060791 -0.55715 0.453751 -0.670327 0.18535 0.02453
e_7_8 7 8 5 0.0125 0.12529 0.0035586 0.0555096 -0.630667 0.489264 -0.539108 0.26878 0.049078
e_8_9 8 9 6 0.0125 0.158503 0.0156181 0.0524168 -0.606078 0.522404 -0.54858 0.242535 0.021937
e_9_10 9 10 7 0.0125 0.179144 0.0191466 0.0494697 -0.612595 0.250307 -0.706814 0.249975 0.021324
e_10_2 10 2 8 0.0125 0.201519 0.0176853 0.0476622 -0.635277 0.232688 -0.682702 0.276037 0.023712
3 9 8
2 -0.0218398 -0.204575 0.0244769 0.0125
10 -0.0277213 -0.185612 0.0213611 0.0125
9 -0.0333772 -0.166605 0.0240211 0.0125
4 -0.0503397 0.0980762 0.0145084 0.0125
1 -0.0614641 0.286982 0.0114966 0.0125
8 -0.0393432 -0.146033 0.0279895 0.0125
5 -0.0616292 0.0129759 0.0114841 0.0125
6 -0.0452514 -0.0939716 0.0122296 0.0125
7 -0.0414113 -0.124519 0.0225333 0.0125
e_1_4 1 4 1 0.0125 -0.0559024 0.19253 0.0130024 0.712303 0.698449 0.0649045 -0.0241154 0.189257
e_4_5 4 5 2 0.0125 -0.055985 0.0555265 0.0129961 0.694546 0.713181 -0.0947541 0.000139952 0.085899
e_5_6 5 6 3 0.0125 -0.0534398 -0.0404974 0.0118567 0.708636 0.69027 0.141699 -0.0358234 0.108197
e_6_7 6 7 4 0.0125 -0.0433309 -0.109245 0.0173814 0.811226 0.577219 0.0902126 -0.0243277 0.032467
e_7_8 7 8 5 0.0125 -0.0403778 -0.135276 0.0252615 0.788572 0.60969 0.0767608 -0.0232148 0.02229
e_8_9 8 9 6 0.0125 -0.0363602 -0.156318 0.0260047 0.636791 0.715731 0.280732 -0.0584373 0.021785
e_9_10 9 10 7 0.0125 -0.0305487 -0.176109 0.0226907 0.655935 0.699968 0.276609 -0.0572805 0.020009
e_10_2 10 2 8 0.0125 -0.0247805 -0.195094 0.0229185 0.758481 0.607659 0.230716 -0.047189 0.020096
4 11 10
2 -0.169019 0.288532 0.101239 0.0125
12 -0.17797 0.269868 0.0974693 0.0125
11 -0.188726 0.25618 0.0841108 0.0125
10 -0.189576 0.23653 0.0709264 0.0125
9 -0.189111 0.218257 0.0603297 0.0125
4 -0.158406 0.113949 0.0322603 0.0125
1 -0.0861339 -0.174326 0.0114635 0.0125
8 -0.181528 0.200161 0.0533553 0.0125
5 -0.162147 0.136858 0.0371324 0.0125
6 -0.161701 0.158271 0.0408436 0.0125
7 -0.171815 0.179357 0.046912 0.0125
e_1_4 1 4 1 0.0125 -0.12227 -0.0301888 0.0218619 0.304399 -0.426118 0.532466 0.665015 0.297923
e_4_5 4 5 2 0.0125 -0.160276 0.125403 0.0346964 0.368487 -0.384696 0.499306 0.683315 0.023718
e_5_6 5 6 3 0.0125 -0.161925 0.147565 0.0389882 0.426096 -0.347385 0.542181 0.635457 0.021738
e_6_7 6 7 4 0.0125 -0.166758 0.168814 0.043878 0.270652 -0.437459 0.427847 0.743185 0.024161
e_7_8 7 8 5 0.0125 -0.176671 0.189759 0.0501341 0.279907 -0.431499 0.422721 0.746168 0.023846
e_8_9 8 9 6 0.0125 -0.18532 0.209209 0.0568425 0.313058 -0.409672 0.40586 0.754613 0.020823
e_9_10 9 10 7 0.0125 -0.189344 0.227393 0.0656276 0.488106 -0.291639 0.405181 0.71591 0.021128
e_10_11 10 11 8 0.0125 -0.189151 0.246355 0.0775183 0.523221 -0.262513 0.390754 0.710379 0.02368
e_11_12 11 12 9 0.0125 -0.183348 0.263024 0.0907894 0.701715 -0.101881 0.430382 0.558559 0.021942
e_12_2 12 2 10 0.0125 -0.173494 0.2792 0.0993544 0.563583 -0.235844 0.595641 0.521501 0.021041
5 8 7
2 0.0119509 -0.230669 0.0114594 0.0125
9 0.0170253 -0.207592 0.0150303 0.0125
4 -0.102993 0.142348 0.0325999 0.0125
1 -0.175266 0.208028 0.0177714 0.0125
8 0.0187137 -0.184722 0.0250609 0.0125
5 -0.074349 0.06559 0.0349987 0.0125
6 0.00439294 -0.143613 0.0409672 0.0125
7 0.00949215 -0.163752 0.0358718 0.0125
e_1_4 1 4 1 0.0125 -0.139129 0.175188 0.0251849 0.0782449 0.525085 -0.386298 0.754279 0.098778
e_4_5 4 5 2 0.0125 -0.088671 0.103969 0.0337993 0.277943 0.477439 -0.507361 0.66135 0.081964
e_5_6 5 6 3 0.0125 -0.0349777 -0.0390119 0.0379835 0.276187 0.478422 -0.507707 0.66111 0.22361
e_6_7 6 7 4 0.0125 0.00694238 -0.153683 0.0384199 0.26889 0.506181 -0.602402 0.555509 0.021391
e_7_8 7 8 5 0.0125 0.0141032 -0.174237 0.0304671 0.163264 0.559597 -0.632656 0.509844 0.02533
e_8_9 8 9 6 0.0125 0.0178695 -0.196156 0.0200459 0.344727 0.477756 -0.687103 0.425208 0.02503
e_9_2 9 2 7 0.0125 0.0144884 -0.219131 0.0132453 0.459162 0.405712 -0.640406 0.463086 0.023896
6 10 9
2 -0.140694 -0.0307216 0.0798351 0.0125
11 -0.123591 -0.0212188 0.075521 0.0125
10 -0.10666 -0.0110764 0.0720112 0.0125
9 -0.0899617 0.000153489 0.0658901 0.0125
4 0.180021 0.232295 0.0656362 0.0125
1 0.214643 0.288185 0.0374336 0.0125
8 -0.0745679 0.0114778 0.0597499 0.0125
5 0.170529 0.209037 0.0666539 0.0125
6 0.079813 0.0964193 0.0520608 0.0125
7 -0.000569882 0.0538535 0.0618988 0.0125
e_1_4 1 4 1 0.0125 0.197333 0.26024 0.0515354 0.738726 0.278883 -0.474457 0.389101 0.071538
e_4_5 4 5 2 0.0125 0.175276 0.220666 0.0661449 0.581754 0.362521 -0.590196 0.426391 0.025142
e_5_6 5 6 3 0.0125 0.125172 0.152728 0.0593573 0.537257 0.184227 -0.718515 0.401436 0.145345
e_6_7 6 7 4 0.0125 0.0396218 0.0751365 0.0569792 0.658638 0.00192282 -0.668005 0.346355 0.091488
e_7_8 7 8 5 0.0125 -0.0375683 0.0326661 0.0608239 0.603942 -0.00389316 -0.715948 0.350225 0.085299
e_8_9 8 9 6 0.0125 -0.0822648 0.00581566 0.06282 0.722557 0.099727 -0.580615 0.361734 0.020073
e_9_10 9 10 7 0.0125 -0.0983105 -0.00546123 0.0689509 0.719689 0.0780102 -0.590249 0.357168 0.021034
e_10_11 10 11 8 0.0125 -0.115125 -0.016148 0.0737664 0.680078 0.0386419 -0.641062 0.35361 0.020046
e_11_2 11 2 9 0.0125 -0.132142 -0.0259702 0.0776781 0.697482 0.0277186 -0.625761 0.348101 0.020035
7 9 8
2 -0.0214332 -0.248722 0.201527 0.0125
10 -0.0233178 -0.226545 0.19826 0.0125
9 -0.0209716 -0.201772 0.206186 0.0125
4 0.207338 -0.0295552 0.0730346 0.0125
1 0.315182 0.0247631 0.0389399 0.0125
8 -0.0166769 -0.182512 0.20242 0.0125
5 0.109604 -0.0838701 0.10347 0.0125
6 0.0412667 -0.129911 0.156024 0.0125
7 0.00119365 -0.157468 0.18826 0.0125
e_1_4 1 4 1 0.0125 0.26126 -0.00239541 0.0559872 0.776654 0.142208 -0.586438 0.180764 0.125471
e_4_5 4 5 2 0.0125 0.158472 -0.0567124 0.0882522 0.794246 0.279955 -0.538798 0.0222806 0.11588
e_5_6 5 6 3 0.0125 0.075436 -0.10689 0.129747 0.839821 0.142635 -0.459119 0.252123 0.097734
e_6_7 6 7 4 0.0125 0.0212299 -0.14369 0.172142 0.843345 0.143772 -0.450657 0.254966 0.058346
e_7_8 7 8 5 0.0125 -0.00774132 -0.16999 0.195339 0.827163 0.48997 -0.225567 -0.157641 0.033869
e_8_9 8 9 6 0.0125 -0.0188243 -0.192142 0.204302 0.696777 0.6218 0.140161 -0.328971 0.020088
e_9_10 9 10 7 0.0125 -0.0221446 -0.214159 0.202222 0.41495 0.619261 0.517933 -0.419616 0.026116
e_10_2 10 2 8 0.0125 -0.0223757 -0.237633 0.199893 0.713361 0.595566 0.269544 -0.252512 0.022495
8 6 5
2 -0.072331 -0.13232 0.0184371 0.0125
7 -0.0624898 -0.106744 0.0324817 0.0125
6 -0.0514252 -0.0777031 0.0481453 0.0125
5 -0.0429154 -0.0576042 0.057942 0.0125
1 0.00847467 0.314593 0.219495 0.0125
4 -0.0427347 -0.0103058 0.0679855 0.0125
e_1_4 1 4 1 0.0125 -0.0171301 0.152143 0.14374 0.483999 0.804435 0.249155 -0.237803 0.362128
e_4_5 4 5 2 0.0125 -0.042825 -0.0339547 0.0629632 0.594022 0.73438 0.25405 -0.208042 0.048353
e_5_6 5 6 3 0.0125 -0.04717 -0.067654 0.0530431 0.463768 0.830351 0.123503 -0.283167 0.023923
e_6_7 6 7 4 0.0125 -0.0569581 -0.0922232 0.0403137 0.44618 0.836316 0.160048 -0.27547 0.034802
e_7_2 7 2 5 0.0125 -0.0674107 -0.119532 0.0254591 0.442575 0.837905 0.161134 -0.275823 0.030793
9 11 10
2 0.402233 -0.299755 0.238675 0.0125
12 0.396413 -0.296426 0.219831 0.0125
11 0.388051 -0.287585 0.203958 0.0125
10 0.383207 -0.278735 0.186679 0.0125
9 0.374412 -0.271662 0.17015 0.0125
4 0.304403 -0.160278 0.111704 0.0125
1 0.153092 0.0387089 0.0114975 0.0125
8 0.366328 -0.259921 0.155978 0.0125
5 0.338573 -0.219393 0.119819 0.0125
6 0.350226 -0.231395 0.130836 0.0125
7 0.358032 -0.248404 0.141737 0.0125
e_1_4 1 4 1 0.0125 0.228747 -0.0607845 0.0616006 -0.740926 -0.247388 -0.502755 0.370224 0.269317
e_4_5 4 5 2 0.0125 0.321488 -0.189836 0.115761 -0.649642 -0.335043 -0.573355 0.370101 0.068762
e_5_6 5 6 3 0.0125 0.3444 -0.225394 0.125327 -0.801785 -0.173491 -0.44145 0.363543 0.02003
e_6_7 6 7 4 0.0125 0.354128 -0.239899 0.136287 -0.752802 -0.290186 -0.405142 0.430047 0.021658
e_7_8 7 8 5 0.0125 0.36218 -0.254162 0.148857 -0.829512 -0.179705 -0.336991 0.407496 0.020107
e_8_9 8 9 6 0.0125 0.37037 -0.265791 0.163065 -0.82679 -0.186272 -0.335828 0.411024 0.020101
e_9_10 9 10 7 0.0125 0.37881 -0.275198 0.178415 -0.87856 -0.0796649 -0.284131 0.375573 0.020015
e_10_11 10 11 8 0.0125 0.38563 -0.283159 0.19532 -0.862669 -0.148469 -0.214857 0.433123 0.020008
e_11_12 11 12 9 0.0125 0.392233 -0.292005 0.211895 -0.861832 -0.120913 -0.297646 0.39247 0.020001
e_12_2 12 2 10 0.0125 0.399324 -0.298091 0.229253 -0.909303 -0.0210522 -0.168775 0.379789 0.020001
