9
1 10 9
2 -0.129601 -0.147837 0.00144481 0.0125
11 -0.128122 -0.131431 0.0128362 0.0125
10 -0.124277 -0.1127 0.018718 0.0125
9 -0.120522 -0.0934429 0.0144672 0.0125
4 -0.308409 0.158315 0.00890532 0.0125
1 -0.388409 0.247807 0.00160437 0.0125
8 -0.121687 -0.0732781 0.0125291 0.0125
5 -0.193911 0.0239643 0.0014434 0.0125
6 -0.144343 -0.0307004 0.00565318 0.0125
7 -0.131929 -0.0552843 0.00889337 0.0125
e_1_4 1 4 1 0.0125 -0.34841 0.203061 0.00525511 -0.29832 0.207361 -0.653178 0.664353 0.120258
e_4_5 4 5 2 0.0125 -0.25116 0.0911395 0.00517521 -0.198155 0.291304 -0.660501 0.663035 0.17668
e_5_6 5 6 3 0.0125 -0.169127 -0.00336853 0.00354878 -0.305883 0.204412 -0.655543 0.65948 0.073912
e_6_7 6 7 4 0.0125 -0.138135 -0.0429924 0.0072736 0.192543 0.442239 -0.495984 0.722047 0.02773
e_7_8 7 8 5 0.0125 -0.126809 -0.0642811 0.0107109 0.0673844 0.366049 -0.528714 0.762842 0.021021
e_8_9 8 9 6 0.0125 -0.121104 -0.0833605 0.0134981 0.702898 0.649761 -0.173346 0.231726 0.020291
e_9_10 9 10 7 0.0125 -0.122399 -0.103071 0.0165923 0.76679 0.627664 -0.0123971 -0.133853 0.020074
e_10_11 10 11 8 0.0125 -0.126199 -0.122065 0.0157772 0.574789 0.721334 -0.35592 0.150385 0.020007
e_11_2 11 2 9 0.0125 -0.128861 -0.139634 0.00714086 0.396868 0.712601 -0.525917 0.241054 0.020026
2 8 7
2 0.0168701 -0.107948 0.0114782 0.0125
9 0.0224478 -0.0865801 0.0170369 0.0125
4 0.00689271 0.198409 0.143566 0.0125
1 -0.00155718 0.325352 0.231564 0.0125
8 0.0170681 -0.056103 0.0309428 0.0125
5 0.00377209 0.0631899 0.0470157 0.0125
6 0.00959741 0.0147006 0.0320452 0.0125
7 0.0152811 -0.0243936 0.0330287 0.0125
e_1_4 1 4 1 0.0125 0.00266826 0.26188 0.187565 0.452995 0.849322 0.251166 -0.101805 0.154691
e_4_5 4 5 2 0.0125 0.00533245 0.1308 0.0952909 0.450045 0.877713 0.141841 -0.0834271 0.166181
e_5_6 5 6 3 0.0125 0.0066853 0.0389456 0.0395303 0.585454 0.769464 0.233379 -0.103456 0.051081
e_6_7 6 7 4 0.0125 0.0124398 -0.0048466 0.0325369 0.70877 0.670043 0.196445 -0.100485 0.039518
e_7_8 7 8 5 0.0125 0.0161746 -0.040248 0.0319851 0.677607 0.717038 0.136507 -0.0898424 0.031828
e_8_9 8 9 6 0.0125 0.019758 -0.0713414 0.0239903 0.530793 0.776869 0.318418 -0.115516 0.033929
e_9_2 9 2 7 0.0125 0.019659 -0.0972642 0.0142575 0.613642 0.773821 -0.152485 -0.0373202 0.022773
3 7 6
2 -0.137859 -0.288503 0.012952 0.0125
4 -0.0607137 -0.171775 0.0137162 0.0125
1 0.187934 0.0683569 0.0958097 0.0125
8 -0.134107 -0.264356 0.0143827 0.0125
5 -0.0894504 -0.194463 0.0152849 0.0125
6 -0.103729 -0.216799 0.0191447 0.0125
7 -0.123343 -0.243543 0.016561 0.0125
e_1_4 1 4 1 0.0125 0.0636104 -0.0517091 0.0547626 0.572839 0.287515 -0.729977 0.237327 0.355287
e_4_5 4 5 2 0.0125 -0.0750817 -0.18312 0.0145007 0.718883 0.375729 -0.580883 0.0678952 0.036646
e_5_6 5 6 3 0.0125 -0.0965897 -0.205631 0.0172144 0.714549 0.636224 -0.152237 -0.247917 0.02679
e_6_7 6 7 4 0.0125 -0.113536 -0.230171 0.0178528 0.670662 0.652787 -0.335711 -0.106678 0.033266
e_7_8 7 8 5 0.0125 -0.128725 -0.253949 0.0154717 0.590921 0.738916 0.0171917 -0.323295 0.023531
e_8_2 8 2 6 0.0125 -0.135983 -0.276428 0.013667 0.386147 0.496886 0.531346 -0.567156 0.024479
4 8 7
2 -0.30262 -0.0599496 0.0121029 0.0125
9 -0.282591 -0.0577711 0.0175269 0.0125
4 0.0654316 0.0319041 0.086181 0.0125
1 0.17235 0.0280939 0.11367 0.0125
8 -0.260851 -0.0530241 0.0174476 0.0125
5 0.00142548 0.0225679 0.0663358 0.0125
6 -0.209596 -0.0296097 0.0239327 0.0125
7 -0.240605 -0.0394003 0.0202068 0.0125
e_1_4 1 4 1 0.0125 0.118891 0.029999 0.0999255 -0.60612 0.144484 0.776883 -0.0905272 0.110461
e_4_5 4 5 2 0.0125 0.0334287 0.0272357 0.0762592 -0.582743 0.0432056 0.802988 -0.117275 0.067659
e_5_6 5 6 3 0.0125 -0.104085 -0.00352026 0.0451345 -0.624157 -0.0389997 0.77085 -0.121236 0.221473
e_6_7 6 7 4 0.0125 -0.2251 -0.0345051 0.02207 -0.654512 -0.0913627 0.740661 -0.121195 0.032731
e_7_8 7 8 5 0.0125 -0.250729 -0.0462121 0.018827 -0.650365 -0.27227 0.69428 -0.144463 0.024559
e_8_9 8 9 6 0.0125 -0.271721 -0.0553981 0.0174876 -0.701121 -0.0506878 0.704026 -0.101027 0.022251
e_9_2 9 2 7 0.0125 -0.292605 -0.0588599 0.0148147 -0.598195 0.0587693 0.791536 -0.110362 0.020865
5 11 10
2 -0.30014 -0.288509 0.0585017 0.0125
12 -0.289707 -0.275937 0.0468829 0.0125
11 -0.274991 -0.264539 0.0393997 0.0125
10 -0.259713 -0.253269 0.0328972 0.0125
9 -0.242685 -0.245187 0.0260302 0.0125
4 -0.0765331 -0.146976 0.0232071 0.0125
1 0.0797284 -0.00262127 0.0766403 0.0125
8 -0.231849 -0.231229 0.0165031 0.0125
5 -0.123027 -0.187197 0.0123785 0.0125
6 -0.194772 -0.215778 0.0114959 0.0125
7 -0.214065 -0.221853 0.0130096 0.0125
e_1_4 1 4 1 0.0125 0.00159751 -0.074799 0.049924 0.274026 0.756963 0.22093 -0.550551 0.219343
e_4_5 4 5 2 0.0125 -0.0997803 -0.167087 0.0177931 0.242384 0.725502 0.245722 -0.595414 0.062423
e_5_6 5 6 3 0.0125 -0.1589 -0.201488 0.011937 -0.112933 0.609787 0.365893 -0.693922 0.077233
e_6_7 6 7 4 0.0125 -0.204419 -0.218815 0.0122525 -0.221175 0.556912 0.390552 -0.698856 0.020284
e_7_8 7 8 5 0.0125 -0.222957 -0.226541 0.0147566 -0.123808 0.513384 0.388381 -0.755161 0.020405
e_8_9 8 9 6 0.0125 -0.237267 -0.238208 0.0212663 0.0958721 0.357566 0.367228 -0.853287 0.020075
e_9_10 9 10 7 0.0125 -0.251199 -0.249227 0.029464 -0.315164 0.383599 0.426258 -0.756192 0.020061
e_10_11 10 11 8 0.0125 -0.267352 -0.258904 0.0361488 -0.0972559 0.423204 0.39859 -0.807815 0.020068
e_11_12 11 12 9 0.0125 -0.282349 -0.270238 0.043141 -0.13082 0.383013 0.40843 -0.818151 0.020062
e_12_2 12 2 10 0.0125 -0.294923 -0.282223 0.0526923 -0.380051 0.113752 0.444141 -0.803344 0.020048
6 9 8
2 0.292783 -0.181555 0.0124965 0.0125
10 0.276511 -0.188154 0.0237088 0.0125
9 0.258119 -0.184201 0.0354858 0.0125
4 -0.0801186 -0.148295 0.0480415 0.0125
1 -0.185116 -0.142666 0.0322875 0.0125
8 0.240874 -0.181297 0.047037 0.0125
5 0.133549 -0.167367 0.0468348 0.0125
6 0.186329 -0.172931 0.0645122 0.0125
7 0.222677 -0.17831 0.0592389 0.0125
e_1_4 1 4 1 0.0125 -0.132617 -0.14548 0.0401645 0.0416038 0.65262 0.00089633 0.756542 0.106322
e_4_5 4 5 2 0.0125 0.0267156 -0.157831 0.047438 0.0754005 0.708976 0.0128506 0.701073 0.214521
e_5_6 5 6 3 0.0125 0.159939 -0.170149 0.0556739 0.0876679 0.584801 0.0018929 0.806423 0.055938
e_6_7 6 7 4 0.0125 0.204503 -0.17562 0.0618749 0.117915 0.755225 0.0257557 0.644257 0.037121
e_7_8 7 8 5 0.0125 0.231776 -0.179803 0.0531378 0.0976547 0.879961 0.0397086 0.463201 0.022112
e_8_9 8 9 6 0.0125 0.249496 -0.182749 0.0412616 0.0998096 0.879764 0.0400619 0.463086 0.020958
e_9_10 9 10 7 0.0125 0.267315 -0.186177 0.0295971 0.125359 0.873721 0.043693 0.467962 0.022195
e_10_2 10 2 8 0.0125 0.284647 -0.184855 0.0181026 -0.183726 0.876955 -0.00616799 0.444023 0.020833
7 7 6
2 -0.220812 -0.226204 0.0734734 0.0125
4 0.0815552 -0.208348 0.0213866 0.0125
1 0.238925 -0.194676 0.114383 0.0125
8 -0.196835 -0.220054 0.0773789 0.0125
5 0.0419841 -0.209549 0.0114885 0.0125
6 -0.0629331 -0.1967 0.0339878 0.0125
7 -0.160503 -0.2127 0.0636034 0.0125
e_1_4 1 4 1 0.0125 0.16024 -0.201511 0.0678847 -0.480692 0.142546 0.856357 -0.123562 0.183305
e_4_5 4 5 2 0.0125 0.0617695 -0.208948 0.0164371 -0.606499 0.109977 0.7805 -0.10432 0.040807
e_5_6 5 6 3 0.0125 -0.0104745 -0.203124 0.0227382 -0.776513 0.103378 0.620656 -0.0335567 0.10807
e_6_7 6 7 4 0.0125 -0.111718 -0.2047 0.048796 -0.795074 -0.0176143 0.596846 -0.106405 0.103213
e_7_8 7 8 5 0.0125 -0.17867 -0.216377 0.0704908 -0.813825 -0.0380231 0.569544 -0.108919 0.039545
e_8_2 8 2 6 0.0125 -0.208823 -0.223129 0.075426 -0.628017 0.0059191 0.760199 -0.166306 0.025059
8 7 6
2 -0.13878 -0.255947 0.0632371 0.0125
4 0.0599289 0.0459178 0.109628 0.0125
1 0.135061 0.152429 0.118262 0.0125
8 -0.123658 -0.242943 0.0693178 0.0125
5 -0.0736267 -0.18816 0.0676855 0.0125
6 -0.0926952 -0.212905 0.0660673 0.0125
7 -0.107905 -0.227001 0.0728256 0.0125
e_1_4 1 4 1 0.0125 0.0974949 0.0991738 0.113945 -0.676935 -0.533536 0.498385 -0.0933301 0.130629
e_4_5 4 5 2 0.0125 -0.00684963 -0.0711209 0.0886567 -0.639474 -0.579636 0.490827 -0.119098 0.272743
e_5_6 5 6 3 0.0125 -0.0831616 -0.200533 0.0668763 -0.683583 -0.517061 0.508448 -0.0827218 0.031281
e_6_7 6 7 4 0.0125 -0.1003 -0.219952 0.0694463 -0.808788 -0.384065 0.444479 -0.0281767 0.021811
e_7_8 7 8 5 0.0125 -0.115782 -0.234972 0.0710715 -0.647705 -0.49239 0.578693 -0.056082 0.022685
e_8_2 8 2 6 0.0125 -0.131219 -0.249445 0.0662772 -0.593855 -0.482748 0.642463 -0.0391399 0.02085
9 9 8
2 -0.114632 0.0562651 0.0687578 0.0125
10 -0.10152 0.0417257 0.0747446 0.0125
9 -0.0784417 0.0164659 0.0855801 0.0125
4 0.0758821 -0.15293 0.09142 0.0125
1 0.232173 -0.2853 0.0778755 0.0125
8 -0.0673114 0.000658827 0.0948598 0.0125
5 -0.00140197 -0.0902214 0.112244 0.0125
6 -0.0431211 -0.0320637 0.110679 0.0125
7 -0.0547198 -0.0162942 0.102975 0.0125
e_1_4 1 4 1 0.0125 0.154028 -0.219114 0.0846481 0.71126 -0.312692 -0.607642 -0.164632 0.205261
e_4_5 4 5 2 0.0125 0.0372404 -0.121575 0.101831 0.764553 -0.307067 -0.550738 -0.133627 0.10168
e_5_6 5 6 3 0.0125 -0.0222617 -0.0611419 0.111462 0.691306 -0.511181 -0.499621 -0.105679 0.07159
e_6_7 6 7 4 0.0125 -0.0489205 -0.0241786 0.106828 0.513396 -0.406302 -0.719733 -0.230926 0.021038
e_7_8 7 8 5 0.0125 -0.0610157 -0.00781734 0.0989178 0.517679 -0.405798 -0.717422 -0.229438 0.022623
e_8_9 8 9 6 0.0125 -0.0728765 0.00856235 0.0902199 0.466514 -0.371189 -0.760655 -0.256881 0.021444
e_9_10 9 10 7 0.0125 -0.0899802 0.0290959 0.0801623 0.538265 -0.318322 -0.741359 -0.243575 0.035889
e_10_2 10 2 8 0.0125 -0.108076 0.0489954 0.0717519 0.545214 -0.331988 -0.732121 -0.237749 0.020474
