9
1 8 7
2 0.360433 -0.248703 0.0121545 0.0125
9 0.343547 -0.237086 0.0137223 0.0125
4 0.171996 0.0995502 0.0128068 0.0125
1 0.162126 0.191928 0.0114979 0.0125
8 0.327115 -0.225765 0.0153768 0.0125
5 0.211309 -0.0591722 0.012385 0.0125
6 0.301743 -0.187907 0.014615 0.0125
7 0.315005 -0.209664 0.0156197 0.0125
e_1_4 1 4 1 0.0125 0.167061 0.145739 0.0121523 0.629837 0.582714 0.391666 -0.332186 0.092913
e_4_5 4 5 2 0.0125 0.191652 0.020189 0.0125959 0.637503 0.547171 0.449326 -0.303811 0.163519
e_5_6 5 6 3 0.0125 0.256526 -0.12354 0.0134993 0.675091 0.416229 0.565392 -0.226579 0.157341
e_6_7 6 7 4 0.0125 0.308374 -0.198786 0.0151173 0.678742 0.435606 0.539021 -0.242924 0.025499
e_7_8 7 8 5 0.0125 0.32106 -0.217714 0.0154983 0.668481 0.408645 0.58226 -0.217064 0.020148
e_8_9 8 9 6 0.0125 0.33533 -0.231425 0.01455 0.663266 0.286238 0.677776 -0.136989 0.020023
e_9_2 9 2 7 0.0125 0.35199 -0.242895 0.0129384 0.665551 0.284916 0.675988 -0.137498 0.020556
2 7 6
2 -0.232164 0.103987 0.0420946 0.0125
4 0.0701022 0.00949818 0.0514269 0.0125
1 0.216281 -0.0394902 0.121212 0.0125
8 -0.213752 0.0945408 0.0338806 0.0125
5 -0.0213866 0.0413429 0.0114819 0.0125
6 -0.151768 0.0687154 0.0152912 0.0125
7 -0.194513 0.0903849 0.0252207 0.0125
e_1_4 1 4 1 0.0125 0.143191 -0.0149962 0.0863199 -0.189992 -0.652651 0.529372 0.507657 0.169228
e_4_5 4 5 2 0.0125 0.0243574 0.0254202 0.031454 0.036783 -0.801189 0.220684 0.555015 0.104784
e_5_6 5 6 3 0.0125 -0.0865768 0.055029 0.0133867 0.715324 -0.191335 -0.670151 0.0509964 0.133278
e_6_7 6 7 4 0.0125 -0.17314 0.0795501 0.0202559 0.719844 -0.474481 -0.416446 0.288557 0.048943
e_7_8 7 8 5 0.0125 -0.204132 0.092463 0.0295503 0.832386 -0.17351 -0.518195 0.0922093 0.021502
e_8_2 8 2 6 0.0125 -0.222957 0.0992642 0.0379877 0.787125 -0.39783 -0.396575 0.254743 0.022265
3 8 7
2 -0.111695 -0.260081 0.0351032 0.0125
9 -0.106348 -0.241095 0.0307016 0.0125
4 -0.0884832 -0.0628513 0.0438085 0.0125
1 -0.177607 0.214972 0.0325564 0.0125
8 -0.105137 -0.223194 0.0214989 0.0125
5 -0.0903576 -0.113509 0.0327438 0.0125
6 -0.0998987 -0.183276 0.0126348 0.0125
7 -0.101821 -0.203941 0.0119218 0.0125
e_1_4 1 4 1 0.0125 -0.133045 0.0760604 0.0381829 -0.0632424 0.153031 -0.676248 0.717823 0.291985
e_4_5 4 5 2 0.0125 -0.0894202 -0.0881803 0.0382765 0.222897 0.249691 -0.737751 0.586255 0.051886
e_5_6 5 6 3 0.0125 -0.0951275 -0.148392 0.0226899 0.272747 0.261767 -0.754173 0.536946 0.073232
e_6_7 6 7 4 0.0125 -0.100859 -0.193608 0.0122782 0.346016 0.298826 -0.654124 0.602575 0.020766
e_7_8 7 8 5 0.0125 -0.103479 -0.213568 0.0167098 0.734712 0.406479 -0.338658 0.424598 0.021758
e_8_9 8 9 6 0.0125 -0.105743 -0.232144 0.0261003 0.694962 0.403198 -0.330505 0.495203 0.020164
e_9_2 9 2 7 0.0125 -0.109021 -0.250588 0.0329026 0.622956 0.378482 -0.497842 0.469927 0.02021
4 6 5
2 0.142012 -0.079826 0.0122172 0.0125
7 0.153501 -0.0926965 0.0240351 0.0125
6 0.165138 -0.105238 0.0348413 0.0125
5 0.187774 -0.118435 0.052788 0.0125
1 0.430491 -0.379308 0.288221 0.0125
4 0.200652 -0.133227 0.0651312 0.0125
e_1_4 1 4 1 0.0125 0.315572 -0.256267 0.176676 0.439433 -0.375147 -0.797133 -0.175335 0.40392
e_4_5 4 5 2 0.0125 0.194213 -0.125831 0.0589594 0.466638 -0.487254 -0.72726 -0.126201 0.023174
e_5_6 5 6 3 0.0125 0.176456 -0.111837 0.0438147 0.228936 0.447033 -0.763359 -0.406242 0.031758
e_6_7 6 7 4 0.0125 0.159319 -0.0989672 0.0294379 0.451787 -0.391088 -0.783608 -0.169991 0.020236
e_7_2 7 2 5 0.0125 0.147756 -0.086261 0.0181258 0.444682 -0.452002 -0.760432 -0.140338 0.020912
5 10 9
2 -0.0374524 -0.156157 0.029674 0.0125
11 -0.0233478 -0.161205 0.0437137 0.0125
10 -0.00810686 -0.157048 0.0560205 0.0125
9 0.00668136 -0.151886 0.0698092 0.0125
4 0.262263 0.125054 0.142495 0.0125
1 0.294474 0.160978 0.156142 0.0125
8 0.022182 -0.13976 0.0806529 0.0125
5 0.0742733 -0.10308 0.0964297 0.0125
6 0.056949 -0.114229 0.0952187 0.0125
7 0.0368115 -0.1296 0.0905858 0.0125
e_1_4 1 4 1 0.0125 0.278369 0.143016 0.149318 0.559184 0.750192 -0.270724 -0.22635 0.050143
e_4_5 4 5 2 0.0125 0.168268 0.010987 0.119462 0.621353 0.70277 -0.288275 -0.192179 0.299177
e_5_6 5 6 3 0.0125 0.0656113 -0.108654 0.0958245 0.685944 0.40447 -0.604762 -0.0121257 0.020637
e_6_7 6 7 4 0.0125 0.0468804 -0.121913 0.0929026 0.632984 0.553014 -0.533032 -0.0968688 0.025754
e_7_8 7 8 5 0.0125 0.0294959 -0.13468 0.0856194 0.4422 0.774724 -0.378573 -0.246869 0.020394
e_8_9 8 9 6 0.0125 0.0144318 -0.145824 0.0752311 0.425784 0.815037 -0.277522 -0.278215 0.02247
e_9_10 9 10 7 0.0125 -0.000712274 -0.154467 0.0629145 -0.300637 -0.807253 0.42276 0.281484 0.020868
e_10_11 10 11 8 0.0125 -0.0157276 -0.159127 0.0498675 0.123136 -0.76571 -0.470063 0.421387 0.020026
e_11_2 11 2 9 0.0125 -0.0304004 -0.158681 0.0366942 0.0375876 -0.889255 0.22613 0.395826 0.020531
6 8 7
2 0.0961014 -0.183258 0.0169311 0.0125
9 0.0799524 -0.168457 0.0115147 0.0125
4 -0.0532608 -0.00405254 0.0327377 0.0125
1 -0.13461 0.245569 0.051752 0.0125
8 0.0652721 -0.151881 0.0114987 0.0125
5 -0.00591401 -0.0576305 0.0241283 0.0125
6 0.0424908 -0.108764 0.0143801 0.0125
7 0.0554065 -0.130611 0.0140102 0.0125
e_1_4 1 4 1 0.0125 -0.0939354 0.120758 0.0422448 -0.624196 -0.728787 0.0706199 -0.272509 0.26323
e_4_5 4 5 2 0.0125 -0.0295872 -0.0308412 0.0284327 -0.564962 -0.737171 -0.127886 -0.347911 0.072017
e_5_6 5 6 3 0.0125 0.0182879 -0.0831964 0.0192539 -0.553826 -0.740412 -0.142668 -0.353147 0.071083
e_6_7 6 7 4 0.0125 0.0489488 -0.119687 0.0141948 -0.626361 -0.710715 -0.0466893 -0.316823 0.025382
e_7_8 7 8 5 0.0125 0.0603391 -0.141245 0.0127547 -0.59978 -0.743615 0.0169221 -0.294982 0.02358
e_8_9 8 9 6 0.0125 0.0726122 -0.160169 0.0115067 -0.614373 -0.691876 -0.14473 -0.35058 0.022143
e_9_2 9 2 7 0.0125 0.0880271 -0.175858 0.0142226 -0.699456 -0.578679 -0.212394 -0.361637 0.022565
7 11 10
2 -0.139132 -0.200951 0.0118928 0.0125
12 -0.137281 -0.187059 0.0261649 0.0125
11 -0.134739 -0.16899 0.0358382 0.0125
10 -0.134542 -0.149057 0.0384726 0.0125
9 -0.12782 -0.132321 0.0472277 0.0125
4 0.100748 0.158745 0.0153268 0.0125
1 0.131059 0.173374 0.017883 0.0125
8 -0.120664 -0.115726 0.0566748 0.0125
5 -0.0950217 -0.063421 0.0694084 0.0125
6 -0.103938 -0.0834762 0.0746145 0.0125
7 -0.111029 -0.102269 0.0689436 0.0125
e_1_4 1 4 1 0.0125 0.115905 0.166059 0.0166049 0.644884 0.511375 -0.525699 -0.215085 0.033753
e_4_5 4 5 2 0.0125 0.00286404 0.0476618 0.0423672 0.759812 0.537062 -0.348901 -0.111883 0.301013
e_5_6 5 6 3 0.0125 -0.0994803 -0.0734484 0.0720113 0.783801 0.576656 -0.228168 -0.0326024 0.022557
e_6_7 6 7 4 0.0125 -0.107483 -0.0928728 0.0717788 0.603425 0.748594 -0.274691 -0.00549106 0.020871
e_7_8 7 8 5 0.0125 -0.115846 -0.108997 0.0628093 0.445074 0.793172 -0.410659 -0.0643913 0.020602
e_8_9 8 9 6 0.0125 -0.124242 -0.124023 0.0519512 0.517861 0.794249 -0.317484 -0.0138883 0.020392
e_9_10 9 10 7 0.0125 -0.13118 -0.140689 0.0428507 0.530645 0.791032 -0.304342 -0.00776913 0.020049
e_10_11 10 11 8 0.0125 -0.13464 -0.159023 0.0371552 0.65326 0.744224 -0.107818 0.0880708 0.020107
e_11_12 11 12 9 0.0125 -0.13601 -0.178024 0.0310021 0.512406 0.830094 -0.212453 0.0569791 0.020653
e_12_2 12 2 10 0.0125 -0.138207 -0.194005 0.0190287 0.374413 0.889774 -0.255061 0.0553302 0.020003
8 7 6
2 0.161599 -0.162772 0.171615 0.0125
4 0.0100461 0.151996 0.0351014 0.0125
1 -0.0704627 0.234248 0.0114909 0.0125
8 0.134919 -0.0960154 0.150885 0.0125
5 0.0576281 0.108762 0.0528301 0.0125
6 0.0926713 0.023874 0.106009 0.0125
7 0.126874 -0.0715456 0.143542 0.0125
e_1_4 1 4 1 0.0125 -0.030208 0.193122 0.0232957 -0.414827 0.131636 -0.618219 0.654519 0.117493
e_4_5 4 5 2 0.0125 0.0338375 0.130379 0.0439655 -0.515911 0.0771245 -0.600943 0.605604 0.06669
e_5_6 5 6 3 0.0125 0.0751495 0.0663176 0.0794194 -0.0440134 0.166879 -0.470741 0.865226 0.106123
e_6_7 6 7 4 0.0125 0.109773 -0.0238358 0.124776 0.164489 0.296641 -0.488243 0.804093 0.10809
e_7_8 7 8 5 0.0125 0.130896 -0.0837805 0.147214 0.221339 0.339472 -0.497691 0.766858 0.026785
e_8_2 8 2 6 0.0125 0.148259 -0.129394 0.16125 0.108529 0.296879 -0.522804 0.791682 0.07482
9 11 10
2 -0.150755 -0.232199 0.0866576 0.0125
12 -0.140728 -0.214888 0.0867329 0.0125
11 -0.126014 -0.201303 0.0881748 0.0125
10 -0.111478 -0.187176 0.0912881 0.0125
9 -0.0986344 -0.171542 0.0922883 0.0125
4 -0.0166119 0.0949121 0.0681221 0.0125
1 -0.0357966 0.229537 0.04152 0.0125
8 -0.0916462 -0.152706 0.0901809 0.0125
5 -0.0763009 -0.0902087 0.0916695 0.0125
6 -0.0799381 -0.11105 0.0905272 0.0125
7 -0.086244 -0.132735 0.0904953 0.0125
e_1_4 1 4 1 0.0125 -0.0262043 0.162224 0.0548209 -0.76597 -0.63553 -0.0104407 -0.0963448 0.138563
e_4_5 4 5 2 0.0125 -0.0464559 0.0023516 0.0798959 -0.74835 -0.633424 0.196675 0.0081195 0.195926
e_5_6 5 6 3 0.0125 -0.078119 -0.10063 0.0910984 -0.687138 -0.709103 0.155379 -0.0295222 0.021188
e_6_7 6 7 4 0.0125 -0.083091 -0.121893 0.0905112 -0.706619 -0.679121 0.198701 -0.00115877 0.022583
e_7_8 7 8 5 0.0125 -0.0889454 -0.14272 0.0903377 -0.701668 -0.686119 0.192006 -0.0060667 0.020691
e_8_9 8 9 6 0.0125 -0.0951408 -0.162124 0.0912341 -0.742857 -0.632973 0.217188 0.0183665 0.020202
e_9_10 9 10 7 0.0125 -0.105057 -0.179359 0.091788 -0.682363 -0.619631 0.375162 0.0984507 0.020257
e_10_11 10 11 8 0.0125 -0.118746 -0.19424 0.0897311 -0.639115 -0.623558 0.43252 0.125035 0.020508
e_11_12 11 12 9 0.0125 -0.133371 -0.208096 0.0874538 -0.668362 -0.591296 0.431603 0.131837 0.020078
e_12_2 12 2 10 0.0125 -0.145741 -0.223544 0.0866949 -0.703324 -0.640446 0.302843 0.0587323 0.020005
