9
1 11 10
2 0.189387 -0.278162 0.0122898 0.0125
12 0.172809 -0.267503 0.0172052 0.0125
11 0.156427 -0.256846 0.0219377 0.0125
10 0.138759 -0.246402 0.0270061 0.0125
9 0.118109 -0.240624 0.0239391 0.0125
4 0.0361566 -0.0692991 0.0114963 0.0125
1 -0.006734 0.139304 0.0175545 0.0125
8 0.0975542 -0.230304 0.0184631 0.0125
5 0.0551926 -0.161423 0.0114909 0.0125
6 0.0608109 -0.192117 0.0157284 0.0125
7 0.0727626 -0.213486 0.0164313 0.0125
e_1_4 1 4 1 0.0125 0.0147115 0.0350031 0.0145253 0.585595 0.668463 -0.259568 0.377969 0.213053
e_4_5 4 5 2 0.0125 0.0456744 -0.115361 0.0114936 0.595788 0.660559 -0.25237 0.380798 0.09407
e_5_6 5 6 3 0.0125 0.0580018 -0.17677 0.0136096 0.647666 0.616863 -0.228456 0.38447 0.031491
e_6_7 6 7 4 0.0125 0.0667874 -0.202802 0.01608 0.547478 0.684053 -0.133177 0.463253 0.024494
e_7_8 7 8 5 0.0125 0.0851589 -0.221894 0.0174475 0.459818 0.680315 0.0577181 0.567809 0.030027
e_8_9 8 9 6 0.0125 0.107832 -0.235464 0.0212012 0.510431 0.601653 0.149063 0.596031 0.023643
e_9_10 9 10 7 0.0125 0.128434 -0.243513 0.0254719 0.424129 0.621208 0.208076 0.625236 0.021661
e_10_11 10 11 8 0.0125 0.147593 -0.251624 0.0244716 0.300953 0.787097 -0.0188352 0.538099 0.02114
e_11_12 11 12 9 0.0125 0.164618 -0.262175 0.0195712 0.315601 0.785261 -0.0322586 0.531715 0.020108
e_12_2 12 2 10 0.0125 0.181098 -0.272832 0.0147479 0.311011 0.787343 -0.0329368 0.531298 0.020312
2 7 6
2 -0.115361 -0.288154 0.0326794 0.0125
4 0.0709472 -0.0970037 0.0391057 0.0125
1 0.283619 -0.03812 0.0119665 0.0125
8 -0.107741 -0.26834 0.024654 0.0125
5 -0.0663152 -0.193551 0.0203378 0.0125
6 -0.0896463 -0.229567 0.0228081 0.0125
7 -0.0969704 -0.250207 0.0223318 0.0125
e_1_4 1 4 1 0.0125 0.177283 -0.0675621 0.0255364 0.464772 0.610432 -0.257564 -0.587385 0.222335
e_4_5 4 5 2 0.0125 0.00231643 -0.145278 0.0297216 0.454608 0.738341 -0.102098 -0.487606 0.168863
e_5_6 5 6 3 0.0125 -0.0779805 -0.211559 0.0215729 0.654685 0.681167 -0.0853251 -0.316416 0.042984
e_6_7 6 7 4 0.0125 -0.0933086 -0.239887 0.0225706 0.660128 0.714741 -0.00313244 -0.23101 0.021906
e_7_8 7 8 5 0.0125 -0.102356 -0.259274 0.0234934 0.685753 0.661217 -0.0899207 -0.290602 0.021217
e_8_2 8 2 6 0.0125 -0.111551 -0.278247 0.0286665 0.807326 0.559952 -0.0981784 -0.158236 0.022695
3 6 5
2 -0.135192 0.207802 0.0125053 0.0125
7 -0.118305 0.178772 0.0332473 0.0125
6 -0.0251054 0.0617437 0.0529436 0.0125
5 -0.00474927 0.0535158 0.0542178 0.0125
1 0.266352 -0.0343081 0.0376228 0.0125
4 0.114988 0.00498758 0.0616959 0.0125
e_1_4 1 4 1 0.0125 0.19067 -0.01466 0.0496592 -0.257415 -0.537367 0.367649 0.714009 0.158224
e_4_5 4 5 2 0.0125 0.0551197 0.0292521 0.0579572 -0.203344 -0.562813 0.460575 0.655563 0.129414
e_5_6 5 6 3 0.0125 -0.0149277 0.05763 0.0535806 -0.204037 -0.562788 0.460704 0.655279 0.021993
e_6_7 6 7 4 0.0125 -0.0717053 0.120257 0.0430948 0.118768 -0.566655 0.494132 0.648559 0.150896
e_7_2 7 2 5 0.0125 -0.126748 0.193287 0.0228761 0.0978751 -0.58186 0.651282 0.477169 0.039473
4 11 10
2 -0.0071969 0.22041 0.0162605 0.0125
12 0.00596757 0.205361 0.0153025 0.0125
11 0.0171237 0.188994 0.0124886 0.0125
10 0.0283884 0.172218 0.0130698 0.0125
9 0.0427297 0.144708 0.0144689 0.0125
4 0.284196 -0.00773039 0.0114708 0.0125
1 0.377894 -0.073473 0.0182459 0.0125
8 0.0538381 0.123702 0.0135263 0.0125
5 0.130904 0.0510843 0.0125189 0.0125
6 0.0992259 0.0818501 0.0158415 0.0125
7 0.0709136 0.107701 0.0139932 0.0125
e_1_4 1 4 1 0.0125 0.331044 -0.0406014 0.0148584 -0.134405 -0.502239 0.526593 0.6726 0.114662
e_4_5 4 5 2 0.0125 0.20755 0.0216774 0.0119954 -0.302298 -0.487724 0.508855 0.641722 0.16419
e_5_6 5 6 3 0.0125 0.115065 0.0664678 0.0141805 -0.0567794 -0.449699 0.510161 0.730946 0.044284
e_6_7 6 7 4 0.0125 0.0850692 0.0947761 0.0149178 -0.0519449 -0.496335 0.526996 0.687916 0.038383
e_7_8 7 8 5 0.0125 0.0623754 0.115701 0.01376 -0.0487315 -0.485837 0.523395 0.698315 0.023405
e_8_9 8 9 6 0.0125 0.0482835 0.134205 0.0139978 0.18239 -0.468381 0.510694 0.697528 0.023781
e_9_10 9 10 7 0.0125 0.035559 0.158463 0.0137693 0.194401 -0.50098 0.521092 0.663091 0.031055
e_10_11 10 11 8 0.0125 0.0227563 0.180606 0.0127793 0.113073 -0.49113 0.522659 0.687629 0.020217
e_11_12 11 12 9 0.0125 0.0115456 0.197177 0.0138956 0.0801837 -0.424599 0.499369 0.750944 0.020005
e_12_2 12 2 10 0.0125 -0.000614792 0.212885 0.0157811 0.0080453 -0.460034 0.514257 0.723771 0.020017
5 9 8
2 -0.302985 0.00296558 0.0131469 0.0125
10 -0.285735 -0.00753225 0.0132749 0.0125
9 -0.266922 -0.0158292 0.012408 0.0125
4 -0.0657372 -0.106999 0.0314677 0.0125
1 0.0584785 -0.283932 0.0913735 0.0125
8 -0.24145 -0.0211116 0.0149556 0.0125
5 -0.11997 -0.0473395 0.0122191 0.0125
6 -0.14337 -0.0354832 0.0127678 0.0125
7 -0.207498 -0.0281113 0.0183881 0.0125
e_1_4 1 4 1 0.0125 -0.00362933 -0.195465 0.0614209 0.407406 -0.100129 -0.789618 -0.44777 0.22433
e_4_5 4 5 2 0.0125 -0.0928534 -0.0771687 0.0218437 0.450824 -0.0604304 -0.782596 -0.425027 0.08289
e_5_6 5 6 3 0.0125 -0.131669 -0.0414109 0.0124937 0.616556 0.0424856 -0.69838 -0.360996 0.026239
e_6_7 6 7 4 0.0125 -0.175434 -0.0317972 0.0155779 0.688446 0.167867 -0.654561 -0.263464 0.064795
e_7_8 7 8 5 0.0125 -0.224474 -0.0246121 0.0166719 0.613737 0.157421 -0.724215 -0.272138 0.034835
e_8_9 8 9 6 0.0125 -0.254186 -0.0184707 0.0136822 0.613968 0.156867 -0.723968 -0.272592 0.026139
e_9_10 9 10 7 0.0125 -0.276329 -0.011681 0.0128419 0.632508 0.0604088 -0.689404 -0.34786 0.020579
e_10_2 10 2 8 0.0125 -0.29436 -0.00228345 0.0132103 0.593722 0.015973 -0.709178 -0.379876 0.020194
6 7 6
2 0.0838962 -0.231168 0.0402296 0.0125
4 -0.0290619 0.0685396 0.0261197 0.0125
1 -0.0963308 0.216278 0.0122393 0.0125
8 0.082416 -0.200679 0.0525133 0.0125
5 -0.016786 0.0487575 0.030979 0.0125
6 0.0691126 -0.086249 0.0633739 0.0125
7 0.0816473 -0.165093 0.0636332 0.0125
e_1_4 1 4 1 0.0125 -0.0626963 0.142409 0.0191795 0.542754 0.264046 0.622641 -0.498012 0.162925
e_4_5 4 5 2 0.0125 -0.0229243 0.0586487 0.0285497 0.632711 0.244443 0.581451 -0.449264 0.023783
e_5_6 5 6 3 0.0125 0.026163 -0.0187462 0.0471764 0.630426 0.237796 0.586722 -0.449192 0.163263
e_6_7 6 7 4 0.0125 0.0753799 -0.125671 0.0635043 0.443219 0.349847 0.613175 -0.552432 0.079834
e_7_8 7 8 5 0.0125 0.0820317 -0.182886 0.0580733 0.104354 0.124764 0.795946 -0.583107 0.037291
e_8_2 8 2 6 0.0125 0.0831564 -0.215924 0.0463718 0.0488383 0.0321825 0.82802 -0.55764 0.032904
7 8 7
2 0.270036 -0.0972708 0.175062 0.0125
9 0.257264 -0.102939 0.160531 0.0125
4 0.150581 -0.113398 0.113957 0.0125
1 -0.167368 0.00604672 0.013855 0.0125
8 0.241538 -0.110508 0.150457 0.0125
5 0.184207 -0.127154 0.12173 0.0125
6 0.20356 -0.125258 0.126455 0.0125
7 0.228289 -0.115496 0.136124 0.0125
e_1_4 1 4 1 0.0125 -0.00839355 -0.0536758 0.0639062 -0.120172 0.522667 -0.292348 0.791776 0.354089
e_4_5 4 5 2 0.0125 0.167394 -0.120276 0.117844 -0.103841 0.544972 -0.313674 0.770605 0.037153
e_5_6 5 6 3 0.0125 0.193883 -0.126206 0.124092 -0.336604 0.58166 -0.208882 0.710449 0.020012
e_6_7 6 7 4 0.0125 0.215925 -0.120376 0.131289 -0.461794 0.55947 -0.126866 0.676495 0.02829
e_7_8 7 8 5 0.0125 0.234914 -0.113002 0.14329 -0.422861 0.377331 -0.0434767 0.822751 0.020146
e_8_9 8 9 6 0.0125 0.249401 -0.106723 0.155494 -0.488213 0.494414 -0.0749032 0.715257 0.020151
e_9_2 9 2 7 0.0125 0.26365 -0.100105 0.167797 -0.442447 0.372427 -0.0296679 0.815266 0.02016
8 10 9
2 0.250089 0.0205023 0.0311326 0.0125
11 0.245693 0.0402024 0.0326898 0.0125
10 0.240275 0.0587489 0.0384644 0.0125
9 0.234332 0.0764111 0.0460593 0.0125
4 0.102591 0.313989 0.231262 0.0125
1 0.0480993 0.39372 0.271748 0.0125
8 0.221864 0.0926811 0.0555457 0.0125
5 0.189182 0.163974 0.0838857 0.0125
6 0.201148 0.124201 0.0742423 0.0125
7 0.211186 0.108747 0.0651848 0.0125
e_1_4 1 4 1 0.0125 0.0753457 0.353855 0.251505 0.497113 0.824138 0.11877 0.244066 0.104717
e_4_5 4 5 2 0.0125 0.145887 0.238982 0.157574 0.257829 0.84116 -0.341264 0.330928 0.227425
e_5_6 5 6 3 0.0125 0.195165 0.144087 0.0790648 0.447754 0.696308 -0.358109 0.431774 0.04264
e_6_7 6 7 4 0.0125 0.206167 0.116473 0.0697136 0.464935 0.846128 0.0679333 0.251572 0.020534
e_7_8 7 8 5 0.0125 0.216525 0.100714 0.0603652 0.467451 0.845365 0.0940829 0.240825 0.021564
e_8_9 8 9 6 0.0125 0.228097 0.0845457 0.0508026 0.504413 0.805945 0.245897 0.18856 0.022587
e_9_10 9 10 7 0.0125 0.237303 0.0675795 0.0422613 0.370354 0.720035 -0.412611 0.417301 0.020124
e_10_11 10 11 8 0.0125 0.242984 0.0494748 0.0355772 0.411121 0.692971 -0.40369 0.433365 0.020166
e_11_2 11 2 9 0.0125 0.247891 0.030352 0.0319113 0.499328 0.634775 -0.368142 0.460656 0.020244
9 10 9
2 0.388095 -0.00287011 0.0241664 0.0125
11 0.34825 -0.00579506 0.0293213 0.0125
10 0.324462 0.00374753 0.0307264 0.0125
9 0.284369 0.0112739 0.0403563 0.0125
4 -0.0467635 -0.0287517 0.0887451 0.0125
1 -0.0871569 -0.0394124 0.0896496 0.0125
8 0.261808 0.0181027 0.0539811 0.0125
5 0.0645113 0.000466154 0.086623 0.0125
6 0.208751 0.021019 0.0845429 0.0125
7 0.242063 0.0242553 0.0681907 0.0125
e_1_4 1 4 1 0.0125 -0.0669602 -0.0340827 0.0891974 0.662557 -0.394134 0.596224 -0.224038 0.041786
e_4_5 4 5 2 0.0125 0.00887342 -0.0141428 0.0876841 0.663781 -0.392403 0.59602 -0.223999 0.115067
e_5_6 5 6 3 0.0125 0.136631 0.0107419 0.085583 0.658725 -0.33807 0.626774 -0.242783 0.145712
e_6_7 6 7 4 0.0125 0.225408 0.0226365 0.0763668 0.455848 -0.500449 0.684863 -0.26966 0.03725
e_7_8 7 8 5 0.0125 0.251936 0.0211794 0.0610861 0.329041 -0.411794 0.783316 -0.329505 0.025092
e_8_9 8 9 6 0.0125 0.273088 0.0146879 0.0471685 0.373543 -0.363234 0.786302 -0.332048 0.027227
e_9_10 9 10 7 0.0125 0.304415 0.00751029 0.0355411 0.538206 -0.258214 0.740407 -0.308963 0.041914
e_10_11 10 11 8 0.0125 0.336355 -0.00102417 0.0300236 0.613331 -0.0633051 0.723427 -0.310596 0.025669
e_11_2 11 2 9 0.0125 0.368172 -0.00433189 0.0267439 0.605634 -0.348842 0.665058 -0.263086 0.040284
