1
1 20 19
3 -0.0828957 0.0833098 0.331743 0.0125
21 -0.0586507 0.0672715 0.316359 0.0125
20 -0.0284197 0.0418729 0.306659 0.0125
4 0.0341374 -0.0495174 0.253127 0.0125
11 0.110906 0.0201786 0.0166016 0.0125
10 0.091151 0.0227171 0.0147966 0.0125
6 0.0299061 -0.0491799 0.134812 0.0125
9 0.0395019 -0.0297618 0.102145 0.0125
2 0.0716403 0.0261369 0.012033 0.0125
19 0.0209671 -0.0191613 0.273951 0.0125
8 0.046154 -0.0181761 0.0834717 0.0125
12 0.130811 0.0201005 0.0146479 0.0125
13 0.150693 0.02226 0.0148894 0.0125
5 0.170527 0.0221989 0.0123237 0.0125
14 0.0519513 0.0172666 0.122931 0.0125
15 0.0377983 0.0174887 0.160434 0.0125
16 0.0267297 0.0200465 0.192765 0.0125
17 0.00777937 0.0292271 0.230372 0.0125
18 -0.000808222 0.0326035 0.25165 0.0125
1 -0.00681644 0.0296344 0.297534 0.0125
e_2_8 2 8 1 0.0125 0.0588969 0.0039806 0.0477521 0.926411 0.222537 -0.209425 0.219958 0.087844
e_8_9 8 9 2 0.0125 0.0428279 -0.023969 0.0928075 0.926416 0.222646 -0.209239 0.220004 0.02296
e_9_6 9 6 3 0.0125 0.034704 -0.0394709 0.118479 0.929238 0.220274 -0.186429 0.230737 0.039196
e_2_10 2 10 1 0.0125 0.0813956 0.0244263 0.0134145 0.664987 0.405219 0.516436 0.356207 0.02
e_10_11 10 11 2 0.0125 0.101029 0.021448 0.0156994 0.644785 0.400936 0.542338 0.359682 0.02
e_11_12 11 12 3 0.0125 0.120859 0.0201394 0.0156251 0.566396 0.400666 0.623134 0.361064 0.02
e_12_13 12 13 4 0.0125 0.140752 0.0211809 0.0147689 0.593129 0.322465 0.624496 0.392707 0.02
e_13_5 13 5 5 0.0125 0.16061 0.0222298 0.0136064 0.55509 0.408549 0.630268 0.357385 0.02
e_2_14 2 14 1 0.0125 0.0617965 0.0217019 0.0674821 0.94019 0.00850526 -0.0956333 0.32684 0.112981
e_14_15 14 15 2 0.0125 0.044875 0.0173779 0.141681 0.932677 -0.0597407 -0.169242 0.312893 0.040085
e_15_16 15 16 3 0.0125 0.0322642 0.0187673 0.176599 0.928744 -0.090573 -0.141666 0.330396 0.034269
e_16_17 16 17 4 0.0125 0.0172543 0.0246371 0.211569 0.908426 -0.181575 -0.175391 0.333214 0.043102
e_17_18 17 18 5 0.0125 0.00348523 0.0309149 0.241011 0.920241 -0.134462 -0.152316 0.334478 0.023191
e_18_1 18 1 6 0.0125 -0.00381277 0.0311185 0.274591 0.939138 0.00835356 -0.0719707 0.335812 0.046372
e_1_19 1 19 1 0.0125 0.00707483 0.00523702 0.285743 0.543028 0.78988 0.26401 0.107275 0.060902
e_19_4 19 4 2 0.0125 0.0275518 -0.0343389 0.263539 0.479531 0.840695 0.244007 0.0611694 0.039098
e_1_20 1 20 1 0.0125 -0.0176184 0.0357533 0.302097 0.775663 -0.428419 -0.379457 0.266113 0.026452
e_20_21 20 21 2 0.0125 -0.0435346 0.0545723 0.311509 0.718656 -0.554959 -0.269691 0.320657 0.040658
e_21_3 21 3 3 0.0125 -0.0707732 0.0752906 0.324051 0.800781 -0.418898 -0.301093 0.304332 0.03289
