1
1 23 22
3 -0.335964 0.00319198 0.0835094 0.0125
24 -0.347678 -0.0078379 0.0716289 0.0125
23 -0.35655 -0.0168139 0.0561146 0.0125
22 -0.36246 -0.0257464 0.0392237 0.0125
21 -0.371697 -0.0366404 0.025224 0.0125
4 -0.294425 -0.0803743 0.0556506 0.0125
20 -0.331804 -0.0711802 0.0292013 0.0125
6 -0.295598 0.0887551 0.20044 0.0125
11 -0.302759 0.108546 0.195564 0.0125
10 -0.314382 0.124405 0.188885 0.0125
9 -0.321536 0.143715 0.184987 0.0125
2 -0.356877 0.213471 0.147723 0.0125
19 -0.37221 -0.0278403 0.0178291 0.0125
8 -0.330227 0.163702 0.174331 0.0125
12 -0.368026 0.199601 0.156851 0.0125
13 -0.374702 0.184448 0.168068 0.0125
14 -0.378051 0.167853 0.178717 0.0125
15 -0.383179 0.151208 0.188546 0.0125
5 -0.387877 0.135029 0.199324 0.0125
16 -0.359184 0.130771 0.0910613 0.0125
17 -0.362438 0.0433973 0.0430179 0.0125
18 -0.369549 -0.00854025 0.024638 0.0125
1 -0.377565 -0.0501822 0.011726 0.0125
e_2_8 2 8 1 0.0125 -0.343552 0.188587 0.161027 0.755514 0.309429 0.437126 -0.377324 0.062411
e_8_9 8 9 2 0.0125 -0.325882 0.153708 0.17966 0.776709 0.359734 0.388569 -0.34107 0.024261
e_9_10 9 10 3 0.0125 -0.317959 0.13406 0.186936 0.770056 0.599104 0.21927 0.00306628 0.020959
e_10_11 10 11 4 0.0125 -0.30857 0.116476 0.192225 0.71384 0.247781 0.527058 -0.388906 0.020764
e_11_6 11 6 5 0.0125 -0.299179 0.0986512 0.198002 0.781288 0.570645 0.248061 -0.0491866 0.021605
e_2_12 2 12 1 0.0125 -0.36245 0.206536 0.152287 0.789941 0.499709 -0.14863 -0.322789 0.02
e_12_13 12 13 2 0.0125 -0.371364 0.192024 0.16246 0.810872 0.468563 -0.00326628 -0.350607 0.02
e_13_14 13 14 3 0.0125 -0.376377 0.176151 0.173393 0.81679 0.476659 0.0811879 -0.314735 0.02
e_14_15 14 15 4 0.0125 -0.380615 0.159531 0.183631 0.814117 0.503823 0.0207386 -0.288003 0.02
e_15_5 15 5 5 0.0125 -0.385529 0.143118 0.193935 0.815358 0.477978 0.0455838 -0.323496 0.02
e_2_16 2 16 1 0.0125 -0.358031 0.172122 0.119392 0.3338 0.615722 -0.635151 0.325649 0.100275
e_16_17 16 17 2 0.0125 -0.360812 0.0870841 0.0670403 0.396149 0.649107 -0.565193 0.319818 0.099766
e_17_18 17 18 3 0.0125 -0.365994 0.0174282 0.0338282 0.523577 0.684551 -0.443653 0.245824 0.05555
e_18_19 18 19 4 0.0125 -0.370879 -0.0181899 0.0212334 0.524365 0.684645 -0.442961 0.245128 0.020639
e_19_1 19 1 5 0.0125 -0.374888 -0.0390116 0.0147777 0.58328 0.683817 -0.400947 0.177261 0.023771
e_1_20 1 20 1 0.0125 -0.354684 -0.0606807 0.0204639 0.0454511 -0.512573 0.270776 -0.813562 0.053295
e_20_4 20 4 2 0.0125 -0.313114 -0.0757773 0.0424259 0.174088 -0.421474 0.198003 -0.867668 0.046705
e_1_21 1 21 1 0.0125 -0.374632 -0.043411 0.018475 0.248706 -0.254808 -0.312463 -0.880673 0.02
e_21_22 21 22 2 0.0125 -0.367079 -0.0311926 0.0322241 0.213725 -0.312135 -0.229284 -0.89684 0.02
e_22_23 22 23 3 0.0125 -0.359505 -0.0212806 0.0476689 0.33616 -0.225513 -0.16397 -0.899586 0.02
e_23_24 23 24 4 0.0125 -0.352114 -0.0123253 0.0638711 0.260938 -0.292147 -0.163644 -0.905418 0.02
e_24_3 24 3 5 0.0125 -0.341821 -0.00232311 0.0775687 0.128516 -0.369061 -0.258446 -0.88345 0.02
