1
1 24 23
3 -0.164396 -0.259677 0.115164 0.0125
25 -0.159555 -0.264319 0.136097 0.0125
24 -0.15379 -0.270807 0.155393 0.0125
23 -0.148598 -0.279127 0.178274 0.0125
4 -0.12258 -0.195533 0.187396 0.0125
22 -0.121479 -0.215294 0.19028 0.0125
21 -0.120373 -0.234518 0.195685 0.0125
20 -0.125437 -0.253731 0.197965 0.0125
12 -0.0674474 0.0410784 0.0150461 0.0125
11 -0.0825038 0.0280593 0.0173499 0.0125
10 -0.0959856 0.0123013 0.0210162 0.0125
9 -0.114368 -0.0076488 0.02716 0.0125
2 -0.153081 -0.0544925 0.0243326 0.0125
19 -0.133054 -0.271804 0.201885 0.0125
8 -0.137009 -0.0356592 0.0275433 0.0125
6 -0.0518762 0.0534466 0.0121018 0.0125
13 -0.211614 -0.0641808 0.0157891 0.0125
5 -0.250115 -0.0743785 0.0114992 0.0125
14 -0.157577 -0.20839 0.144869 0.0125
15 -0.154081 -0.225687 0.159978 0.0125
16 -0.148978 -0.239995 0.173381 0.0125
17 -0.146702 -0.258233 0.182428 0.0125
18 -0.143801 -0.273913 0.194793 0.0125
1 -0.140583 -0.289481 0.207436 0.0125
e_2_8 2 8 1 0.0125 -0.145045 -0.0450755 0.0259387 0.75077 -0.487259 0.445278 0.0255048 0.024967
e_8_9 8 9 2 0.0125 -0.125688 -0.0216534 0.0273515 0.70314 -0.542339 0.459563 0.0162886 0.036019
e_9_10 9 10 3 0.0125 -0.105177 0.00232594 0.0240875 0.623726 -0.554572 0.550347 0.0231223 0.027815
e_10_11 10 11 4 0.0125 -0.0892441 0.0201799 0.019183 0.6424 -0.569282 0.512807 0.0164121 0.02106
e_11_12 11 12 5 0.0125 -0.0749756 0.0345688 0.016198 0.663357 -0.444832 0.599679 0.049679 0.020037
e_12_6 12 6 6 0.0125 -0.0596613 0.0472625 0.0135741 0.650682 -0.41619 0.632462 0.0582383 0.020103
e_2_13 2 13 1 0.0125 -0.182348 -0.0593368 0.0200612 0.653348 0.172414 -0.735893 -0.043251 0.059941
e_13_5 13 5 2 0.0125 -0.230865 -0.0692798 0.0136446 0.66747 0.223322 -0.709697 -0.0306856 0.040059
e_2_14 2 14 1 0.0125 -0.15533 -0.13144 0.0846005 0.892684 0.433139 -0.0645486 0.106491 0.195534
e_14_15 14 15 2 0.0125 -0.155829 -0.217038 0.152423 0.900731 0.417114 0.0290351 0.117715 0.023231
e_15_16 15 16 3 0.0125 -0.151529 -0.232841 0.166679 0.90309 0.402573 0.0844349 0.123429 0.020259
e_16_17 16 17 4 0.0125 -0.14784 -0.249114 0.177904 0.839584 0.528218 -0.0131723 0.126138 0.020485
e_17_18 17 18 5 0.0125 -0.145251 -0.266073 0.18861 0.889975 0.439496 0.021674 0.119656 0.020178
e_18_1 18 1 6 0.0125 -0.142192 -0.281698 0.201114 0.892645 0.433407 0.0304269 0.120077 0.020312
e_1_19 1 19 1 0.0125 -0.136819 -0.280643 0.20466 0.59855 -0.760674 0.24525 -0.0544609 0.02
e_19_20 19 20 2 0.0125 -0.129246 -0.262767 0.199925 0.632197 -0.733438 0.245059 -0.0483933 0.02
e_20_21 20 21 3 0.0125 -0.122906 -0.244125 0.196825 0.662341 -0.736897 0.118345 -0.0654331 0.02
e_21_22 21 22 4 0.0125 -0.120927 -0.224906 0.192983 0.591949 -0.770543 -0.203404 -0.120363 0.02
e_22_4 22 4 5 0.0125 -0.12203 -0.205413 0.188838 0.645356 -0.738162 -0.164923 -0.106925 0.02
e_1_23 1 23 1 0.0125 -0.14459 -0.284304 0.192854 0.146981 -0.116248 -0.970884 -0.149223 0.031967
e_23_24 23 24 2 0.0125 -0.151194 -0.274966 0.166833 0.129718 -0.139741 -0.969552 -0.153673 0.024894
e_24_25 24 25 3 0.0125 -0.156673 -0.267563 0.145745 0.152299 -0.0838922 -0.974143 -0.144266 0.021158
e_25_3 25 3 4 0.0125 -0.161976 -0.261997 0.125631 0.0993981 0.105347 -0.982376 -0.11815 0.021981
