1
1 25 24
3 -0.178956 -0.11483 0.0369756 0.0125
26 -0.109507 -0.105445 0.0181949 0.0125
4 -0.0491924 -0.0811282 0.101481 0.0125
25 -0.0537395 -0.0893495 0.0811718 0.0125
24 -0.0588795 -0.0977179 0.0633971 0.0125
23 -0.0666686 -0.101158 0.0367423 0.0125
1 -0.082821 -0.102875 0.0123168 0.0125
22 -0.0804676 -0.0831256 0.014419 0.0125
21 -0.0771787 -0.06363 0.0174895 0.0125
12 -0.0479653 0.262091 0.0832691 0.0125
11 -0.05489 0.247482 0.0713127 0.0125
10 -0.0635086 0.233478 0.0594007 0.0125
9 -0.0833852 0.213679 0.034727 0.0125
2 -0.117908 0.179764 0.0180467 0.0125
19 -0.0741537 -0.0241798 0.0173899 0.0125
8 -0.0993611 0.201639 0.0246305 0.0125
6 -0.0385067 0.273975 0.0968759 0.0125
13 -0.151781 0.215758 0.0154919 0.0125
5 -0.17834 0.257989 0.0233848 0.0125
14 -0.0712963 0.100651 0.0202166 0.0125
15 -0.0621765 0.0644423 0.0192519 0.0125
16 -0.0594342 0.042674 0.0200219 0.0125
17 -0.0638262 0.0159186 0.0183791 0.0125
18 -0.0685351 -0.00493259 0.0163672 0.0125
20 -0.0788457 -0.0436834 0.0184374 0.0125
e_2_8 2 8 1 0.0125 -0.108634 0.190701 0.0213386 0.339316 -0.569137 -0.253386 -0.704801 0.029426
e_8_9 8 9 2 0.0125 -0.0913728 0.20766 0.0296793 0.392011 -0.516797 -0.0873694 -0.756052 0.022408
e_9_10 9 10 3 0.0125 -0.0734469 0.223579 0.0470639 0.540638 -0.407548 -0.0608507 -0.733425 0.037361
e_10_11 10 11 4 0.0125 -0.059199 0.24048 0.0653567 0.54293 -0.424895 -0.161688 -0.706079 0.020305
e_11_12 11 12 5 0.0125 -0.0514274 0.254786 0.0772914 0.568818 -0.407804 -0.190736 -0.688303 0.020109
e_12_6 12 6 6 0.0125 -0.0432353 0.268033 0.0900726 0.563235 -0.396807 -0.0944898 -0.718597 0.020392
e_2_13 2 13 1 0.0125 -0.134845 0.197761 0.0167687 0.61582 -0.249864 -0.680722 -0.308143 0.049492
e_13_5 13 5 2 0.0125 -0.16506 0.236873 0.0194379 0.64378 -0.281548 -0.585316 -0.404577 0.050508
e_2_14 2 14 1 0.0125 -0.0946016 0.140208 0.0191317 0.286974 0.566373 -0.40916 0.655329 0.091849
e_14_15 14 15 2 0.0125 -0.066736 0.082547 0.0197338 0.366773 0.513782 -0.498929 0.593781 0.037352
e_15_16 15 16 3 0.0125 -0.0608046 0.053558 0.019637 0.49993 0.541335 -0.435224 0.517307 0.021954
e_16_17 16 17 4 0.0125 -0.0616306 0.0292967 0.019201 0.494394 0.436628 -0.582753 0.474688 0.027164
e_17_18 17 18 5 0.0125 -0.0661806 0.00549301 0.0173727 0.487133 0.40956 -0.615732 0.464582 0.021471
e_18_19 18 19 6 0.0125 -0.0713443 -0.0145562 0.0168781 0.608067 0.449586 -0.5219 0.394649 0.020077
e_19_20 19 20 7 0.0125 -0.0764991 -0.0339317 0.0179143 0.599497 0.462602 -0.509832 0.408257 0.020087
e_20_21 20 21 8 0.0125 -0.0780122 -0.0536567 0.0179635 0.416653 0.483394 -0.538511 0.550214 0.020039
e_21_22 21 22 9 0.0125 -0.0788228 -0.0733775 0.0159543 0.420556 0.387652 -0.653025 0.496404 0.020008
e_22_1 22 1 10 0.0125 -0.081644 -0.0930001 0.0133684 0.441787 0.421457 -0.612326 0.502251 0.02
e_1_23 1 23 1 0.0125 -0.0747445 -0.102017 0.0245295 0.642521 -0.233719 0.170391 -0.709583 0.029334
e_23_24 23 24 2 0.0125 -0.062774 -0.0994379 0.0500697 0.764779 -0.137356 0.0696349 -0.625617 0.027982
e_24_25 24 25 3 0.0125 -0.0563092 -0.0935341 0.0722845 0.710889 -0.244933 -0.0485276 -0.657487 0.020308
e_25_4 25 4 4 0.0125 -0.0514664 -0.0852392 0.0913271 0.739526 -0.210386 -0.0440777 -0.637884 0.022377
e_1_26 1 26 1 0.0125 -0.0961645 -0.10416 0.0152563 0.777762 0.0972961 -0.619231 -0.0466174 0.027447
e_26_3 26 3 2 0.0125 -0.144232 -0.110137 0.0275852 0.792093 0.115547 -0.59768 -0.0449142 0.072553
