1
1 31 30
3 0.177411 -0.0421324 0.0873995 0.0125
32 0.181125 -0.0505665 0.0696488 0.0125
31 0.179161 -0.0612398 0.0528494 0.0125
30 0.171528 -0.0733734 0.0389025 0.0125
29 0.164285 -0.0864375 0.0256039 0.0125
4 0.186079 -0.141147 0.0967296 0.0125
28 0.179324 -0.128662 0.0826415 0.0125
27 0.172398 -0.11948 0.0662781 0.0125
26 0.168152 -0.11343 0.0476938 0.0125
25 0.163986 -0.107653 0.0290063 0.0125
1 0.158654 -0.0994958 0.0115406 0.0125
24 0.136325 -0.0999712 0.0189544 0.0125
23 0.118519 -0.0997957 0.0285091 0.0125
22 0.102334 -0.101218 0.042178 0.0125
21 0.088394 -0.0974783 0.057138 0.0125
12 -0.135527 -0.13031 0.309451 0.0125
11 -0.123757 -0.12432 0.294395 0.0125
10 -0.112222 -0.119724 0.278681 0.0125
9 -0.103847 -0.115537 0.257496 0.0125
2 -0.0640911 -0.107643 0.204998 0.0125
19 0.0578807 -0.0949615 0.0892684 0.0125
8 -0.0804292 -0.109491 0.223592 0.0125
6 -0.148921 -0.133134 0.324462 0.0125
13 -0.0758102 -0.108092 0.221199 0.0125
14 -0.085569 -0.105227 0.238419 0.0125
15 -0.0911891 -0.100252 0.256958 0.0125
16 -0.098452 -0.0974336 0.275378 0.0125
5 -0.108433 -0.0965397 0.292687 0.0125
17 -0.000398608 -0.0995793 0.131767 0.0125
18 0.0351473 -0.0959136 0.10437 0.0125
20 0.0753569 -0.0953465 0.0729085 0.0125
e_2_8 2 8 1 0.0125 -0.0722599 -0.108568 0.214295 0.922432 0.0971858 -0.340583 -0.153875 0.024821
e_8_9 8 9 2 0.0125 -0.0921382 -0.112515 0.240544 0.941697 0.119468 -0.280508 -0.1423 0.041647
e_9_10 9 10 3 0.0125 -0.108034 -0.117631 0.268089 0.968959 0.117125 -0.170163 -0.135812 0.023162
e_10_11 10 11 4 0.0125 -0.11799 -0.122023 0.286538 0.936125 0.161173 -0.285856 -0.126408 0.020028
e_11_12 11 12 5 0.0125 -0.129642 -0.127315 0.301923 0.929066 0.196448 -0.292438 -0.112798 0.020026
e_12_6 12 6 6 0.0125 -0.142225 -0.131722 0.316956 0.921543 0.127574 -0.338058 -0.14213 0.020316
e_2_13 2 13 1 0.0125 -0.0699506 -0.107868 0.213099 0.937054 0.064778 -0.301311 -0.16415 0.02
e_13_14 13 14 2 0.0125 -0.08069 -0.10666 0.229809 0.945 -0.0219777 -0.262674 -0.193637 0.02
e_14_15 14 15 3 0.0125 -0.0883794 -0.10274 0.247688 0.958399 -0.0927955 -0.167134 -0.211958 0.02
e_15_16 15 16 4 0.0125 -0.0948212 -0.0988429 0.266168 0.960764 -0.0339152 -0.195807 -0.1935 0.02
e_16_5 16 5 5 0.0125 -0.103442 -0.0969871 0.284032 0.949485 0.0244835 -0.258251 -0.176592 0.02
e_2_17 2 17 1 0.0125 -0.0322452 -0.103611 0.168383 -0.332283 -0.196702 -0.915032 -0.116672 0.097389
e_17_18 17 18 2 0.0125 0.0173736 -0.0977468 0.118068 0.439484 -0.195047 0.875309 -0.0514198 0.045028
e_18_19 18 19 3 0.0125 0.046514 -0.0954378 0.09682 0.472678 -0.020903 0.880946 0.0085595 0.027309
e_19_20 19 20 4 0.0125 0.0666184 -0.0951538 0.0810882 0.327561 0.537352 0.743583 0.225921 0.023942
e_20_21 20 21 5 0.0125 0.0818756 -0.0964119 0.0650234 0.0419328 0.93912 -0.0366787 0.339042 0.020572
e_21_22 21 22 6 0.0125 0.0953637 -0.0993476 0.0496578 0.17717 0.902679 0.212171 0.329795 0.020787
e_22_23 22 23 7 0.0125 0.110426 -0.100507 0.0353439 0.421845 -0.107559 0.900169 -0.0132055 0.021233
e_23_24 23 24 8 0.0125 0.127422 -0.099883 0.0237319 0.51269 0.0536281 0.856471 0.027047 0.020208
e_24_1 24 1 9 0.0125 0.147489 -0.0997335 0.0152475 0.58423 -0.0642929 0.808324 -0.0339829 0.023532
e_1_25 1 25 1 0.0125 0.161319 -0.103575 0.0202734 0.965301 0.200292 0.152496 -0.0694357 0.02
e_25_26 25 26 2 0.0125 0.166069 -0.110542 0.0383502 0.978446 0.135409 0.120211 -0.09928 0.02
e_26_27 26 27 3 0.0125 0.170276 -0.116455 0.0569862 0.977427 0.142672 0.122626 -0.0961434 0.02
e_27_28 27 28 4 0.0125 0.175861 -0.124071 0.0744602 0.952063 0.230589 0.194315 -0.051436 0.02
e_28_4 28 4 5 0.0125 0.182701 -0.134904 0.0896858 0.923112 0.336517 0.185891 -0.00805663 0.02
e_1_29 1 29 1 0.0125 0.16147 -0.0929666 0.0185719 0.877682 -0.383599 0.0358494 -0.285028 0.02
e_29_30 29 30 2 0.0125 0.167907 -0.0799052 0.0322525 0.866517 -0.402107 0.0763808 -0.2857 0.02
e_30_31 30 31 3 0.0125 0.175344 -0.0673066 0.0458763 0.879027 -0.376162 0.0991237 -0.27566 0.02
e_31_32 31 32 4 0.0125 0.180143 -0.0559027 0.0612493 0.922886 -0.281627 -0.026557 -0.261271 0.02
e_32_3 32 3 5 0.0125 0.179268 -0.0463494 0.0785242 0.940922 -0.186443 -0.146532 -0.24173 0.02
