1
1 25 24
3 0.0476076 -0.19124 0.245544 0.0125
26 0.07938 -0.146074 0.195219 0.0125
4 0.181213 -0.15903 0.205509 0.0125
25 0.164268 -0.158412 0.194903 0.0125
24 0.147318 -0.153092 0.185719 0.0125
23 0.129237 -0.145847 0.181176 0.0125
22 0.110284 -0.13988 0.178896 0.0125
1 0.0913226 -0.133995 0.176485 0.0125
21 0.0726296 -0.132347 0.166652 0.0125
11 -0.0953384 0.0693703 0.0462532 0.0125
10 -0.0938649 0.0554417 0.0310629 0.0125
6 -0.199942 -0.0712298 0.0141673 0.0125
9 -0.163771 -0.0548815 0.0125084 0.0125
2 -0.0871455 0.022667 0.0114929 0.0125
19 0.0355183 -0.116428 0.148711 0.0125
8 -0.13845 -0.0393251 0.0140964 0.0125
12 -0.0962498 0.0821202 0.0616942 0.0125
5 -0.0969432 0.0916625 0.0798617 0.0125
13 -0.0673598 -0.00435118 0.0387547 0.0125
14 -0.0548086 -0.0183897 0.0548338 0.0125
15 -0.0279322 -0.067 0.0963302 0.0125
16 -0.0109556 -0.0818414 0.115843 0.0125
17 0.00139393 -0.0936769 0.12733 0.0125
18 0.0158772 -0.107452 0.137047 0.0125
20 0.0547284 -0.125725 0.159903 0.0125
e_2_8 2 8 1 0.0125 -0.112798 -0.00832843 0.0127948 0.714745 0.48813 -0.49554 0.0728542 0.080511
e_8_9 8 9 2 0.0125 -0.151111 -0.0471027 0.0133026 0.68728 0.407434 -0.600566 -0.031056 0.02976
e_9_6 9 6 3 0.0125 -0.181857 -0.0630551 0.013338 0.720242 0.324819 -0.611241 -0.0461467 0.039729
e_2_10 2 10 1 0.0125 -0.0905048 0.0390545 0.0212782 0.83472 -0.496203 0.0364495 0.236003 0.03876
e_10_11 10 11 2 0.0125 -0.0946017 0.0624065 0.0386579 0.872815 -0.352457 0.0904878 0.325239 0.020662
e_11_12 11 12 3 0.0125 -0.0957937 0.0757454 0.053974 0.876979 -0.323832 0.0998753 0.340683 0.020045
e_12_5 12 5 4 0.0125 -0.0965965 0.0868913 0.070778 0.903138 -0.229071 0.0716079 0.356005 0.020533
e_2_13 2 13 1 0.0125 -0.0772523 0.0091578 0.0251235 0.78011 0.427029 0.0445725 0.45507 0.043181
e_13_14 13 14 2 0.0125 -0.0610838 -0.0113706 0.0467939 0.776137 0.411675 0.0764643 0.471474 0.024762
e_14_15 14 15 3 0.0125 -0.0413707 -0.0426947 0.0755824 0.783027 0.448048 0.000660482 0.431419 0.069335
e_15_16 15 16 4 0.0125 -0.0194442 -0.0744206 0.106087 0.765549 0.399295 0.115721 0.491026 0.02982
e_16_17 16 17 5 0.0125 -0.00478079 -0.0877589 0.121587 0.736363 0.458722 0.104015 0.486338 0.020604
e_17_18 17 18 6 0.0125 0.00863556 -0.100565 0.132188 0.69457 0.519917 0.105344 0.485965 0.022226
e_18_19 18 19 7 0.0125 0.0256977 -0.111941 0.142879 0.665919 0.459269 0.226775 0.542399 0.024544
e_19_20 19 20 8 0.0125 0.0451233 -0.121077 0.154307 0.664407 0.46858 0.219603 0.539231 0.024099
e_20_21 20 21 9 0.0125 0.063679 -0.129037 0.163278 0.599845 0.514521 0.261921 0.553942 0.020244
e_21_1 21 1 10 0.0125 0.0819754 -0.133171 0.171569 0.622559 0.386777 0.343969 0.586949 0.021186
e_1_22 1 22 1 0.0125 0.100804 -0.136938 0.177692 0.505583 0.599778 0.282835 0.551957 0.02
e_22_23 22 23 2 0.0125 0.119761 -0.142864 0.180036 0.503628 0.603408 0.280909 0.55077 0.02
e_23_24 23 24 3 0.0125 0.138277 -0.14947 0.183447 0.561773 0.567949 0.252738 0.545865 0.02
e_24_25 24 25 4 0.0125 0.155793 -0.155752 0.190311 0.644384 0.443147 0.27204 0.5607 0.02
e_25_4 25 4 5 0.0125 0.17274 -0.158721 0.200207 0.648382 0.338173 0.347115 0.587154 0.02
e_1_26 1 26 1 0.0125 0.0853509 -0.140034 0.185852 0.909447 0.193076 -0.303833 0.20812 0.025287
e_26_3 26 3 2 0.0125 0.0634938 -0.168657 0.220381 0.888469 0.265603 -0.304412 0.217743 0.074713
