1
1 23 22
3 0.0796531 -0.287611 0.051685 0.0125
24 0.0739119 -0.23362 0.0236119 0.0125
4 0.0500024 -0.279895 0.0601118 0.0125
23 0.0540476 -0.265229 0.0417479 0.0125
22 0.0555215 -0.248088 0.0298539 0.0125
21 0.0572661 -0.225366 0.0224373 0.0125
1 0.0662869 -0.197365 0.0118298 0.0125
11 -0.229872 -0.166298 0.0886121 0.0125
10 -0.226286 -0.158589 0.0705095 0.0125
6 -0.215676 -0.287453 0.0193347 0.0125
9 -0.221788 -0.149461 0.0532916 0.0125
2 -0.21945 -0.138512 0.0367185 0.0125
19 0.0269468 -0.192487 0.0281281 0.0125
8 -0.217778 -0.214232 0.0279857 0.0125
12 -0.232755 -0.177518 0.104915 0.0125
5 -0.235004 -0.188625 0.121394 0.0125
13 -0.192847 -0.141538 0.0379185 0.0125
14 -0.111262 -0.15271 0.031762 0.0125
15 -0.0896063 -0.151368 0.0352749 0.0125
16 -0.0465626 -0.159071 0.0374794 0.0125
17 -0.027331 -0.168593 0.0363121 0.0125
18 0.0082537 -0.184251 0.0309788 0.0125
20 0.0468939 -0.195628 0.0237812 0.0125
e_2_8 2 8 1 0.0125 -0.218615 -0.176372 0.0323517 0.402768 0.46489 -0.584082 0.529626 0.07624
e_8_6 8 6 2 0.0125 -0.216727 -0.250842 0.0236598 0.396774 0.463409 -0.586425 0.532849 0.07376
e_2_9 2 9 1 0.0125 -0.22062 -0.143986 0.0450051 -0.954651 -0.282313 0.0773313 -0.0544158 0.02
e_9_10 9 10 2 0.0125 -0.224037 -0.154025 0.0619005 -0.937944 -0.202809 0.168557 -0.225208 0.02
e_10_11 10 11 3 0.0125 -0.228079 -0.162443 0.0795608 -0.956615 -0.175331 0.129193 -0.193534 0.02
e_11_12 11 12 4 0.0125 -0.231314 -0.171908 0.0967633 -0.949168 -0.286919 0.100571 -0.081501 0.02
e_12_5 12 5 5 0.0125 -0.23388 -0.183072 0.113155 -0.953969 -0.287741 0.0722112 -0.0439695 0.02
e_2_13 2 13 1 0.0125 -0.206149 -0.140026 0.0373187 -0.562832 0.36996 -0.583732 0.45344 0.026802
e_13_14 13 14 2 0.0125 -0.152055 -0.147125 0.0348398 -0.5026 0.415895 -0.603582 0.458382 0.082576
e_14_15 14 15 3 0.0125 -0.100434 -0.152039 0.0335185 -0.657152 0.361446 -0.538001 0.384788 0.02198
e_15_16 15 16 4 0.0125 -0.0680836 -0.155219 0.0363771 -0.546408 0.354061 -0.591155 0.476041 0.043783
e_16_17 16 17 5 0.0125 -0.0369463 -0.163831 0.036896 -0.394727 0.347842 -0.637306 0.56306 0.021492
e_17_18 17 18 6 0.0125 -0.00953814 -0.176422 0.033645 -0.373412 0.395246 -0.641676 0.540921 0.039241
e_18_19 18 19 7 0.0125 0.0175999 -0.188369 0.0295531 -0.372113 0.396273 -0.641926 0.540768 0.020625
e_19_20 19 20 8 0.0125 0.0369203 -0.194058 0.0259547 -0.435083 0.470633 -0.619446 0.453315 0.020655
e_20_1 20 1 9 0.0125 0.05659 -0.196496 0.0178058 -0.313834 0.615886 -0.618261 0.374094 0.022846
e_1_21 1 21 1 0.0125 0.0617763 -0.211366 0.0171338 0.787855 0.479161 -0.317518 0.22107 0.031273
e_21_22 21 22 2 0.0125 0.0563936 -0.236727 0.0261451 -0.00531768 -0.0488291 -0.585554 0.809144 0.023965
e_22_23 22 23 3 0.0125 0.0547844 -0.256658 0.0358003 -0.791092 -0.431195 -0.172464 0.398121 0.020916
e_23_4 23 4 4 0.0125 0.0520254 -0.272562 0.0509296 -0.93696 -0.317452 0.11914 -0.0844717 0.023847
e_1_24 1 24 1 0.0125 0.0700994 -0.215492 0.0177209 -0.218305 -0.0392591 -0.589008 0.777091 0.038876
e_24_3 24 3 2 0.0125 0.0767828 -0.260616 0.0376482 -0.491089 -0.252273 -0.454661 0.698909 0.061124
