14
1 9 8
2 -0.172594 0.051942 0.011493 0.0125
10 -0.160554 0.0384402 0.0200273 0.0125
9 -0.148604 0.0237992 0.0304824 0.0125
4 -0.0390567 -0.276471 0.202734 0.0125
1 0.0129939 -0.335062 0.226887 0.0125
8 -0.140092 -0.00135378 0.0349518 0.0125
5 -0.0842047 -0.1936 0.129618 0.0125
6 -0.140022 -0.0764984 0.0465611 0.0125
7 -0.139846 -0.0517707 0.0422058 0.0125
e_1_4 1 4 1 0.0125 -0.0130311 -0.305766 0.21481 0.270691 -0.749728 0.291831 0.528649 0.082009
e_4_5 4 5 2 0.0125 -0.0616311 -0.235036 0.166176 0.0211865 -0.467016 0.766895 0.439681 0.119381
e_5_6 5 6 3 0.0125 -0.112113 -0.135049 0.088089 0.128448 -0.575616 0.66202 0.46249 0.154035
e_6_7 6 7 4 0.0125 -0.139934 -0.0641343 0.0443833 0.605014 -0.719027 0.264054 0.217333 0.025109
e_7_8 7 8 5 0.0125 -0.139969 -0.0265625 0.0385791 0.622266 -0.719344 0.231845 0.203906 0.050936
e_8_9 8 9 6 0.0125 -0.144349 0.0112225 0.0327169 0.58181 -0.757817 0.0932933 0.28019 0.026928
e_9_10 9 10 7 0.0125 -0.154579 0.0311191 0.0252546 -0.0588153 -0.463746 0.725941 0.50447 0.021598
e_10_2 10 2 8 0.0125 -0.166574 0.0451908 0.0157603 -0.0570269 -0.491776 0.68664 0.532382 0.020003
2 8 7
2 -0.0365069 0.0863749 0.011496 0.0125
9 -0.064935 0.0796345 0.0153002 0.0125
4 -0.328683 0.0479224 0.180909 0.0125
1 -0.460368 0.0320465 0.23939 0.0125
8 -0.0912426 0.0733712 0.0210812 0.0125
5 -0.160446 0.0707685 0.09224 0.0125
6 -0.143767 0.0610988 0.0709715 0.0125
7 -0.115063 0.0590782 0.0334904 0.0125
e_1_4 1 4 1 0.0125 -0.394526 0.039984 0.21015 0.525172 0.131894 0.827237 0.149926 0.144959
e_4_5 4 5 2 0.0125 -0.244564 0.059345 0.136575 0.487227 0.180419 0.83601 0.176484 0.191541
e_5_6 5 6 3 0.0125 -0.152106 0.0659337 0.0816059 -0.039968 0.750192 -0.554682 0.357691 0.028706
e_6_7 6 7 4 0.0125 -0.129415 0.0600885 0.052231 -0.268064 0.466241 -0.824149 0.177596 0.047253
e_7_8 7 8 5 0.0125 -0.103153 0.0662247 0.0272858 0.315479 -0.836453 0.0653904 -0.443333 0.030425
e_8_9 8 9 6 0.0125 -0.0780885 0.0765028 0.0181911 0.624593 -0.266894 0.730268 -0.0732079 0.027654
e_9_2 9 2 7 0.0125 -0.0507207 0.0830052 0.0133986 0.657308 -0.237113 0.71298 -0.0581591 0.029462
3 9 8
2 0.0406962 0.151477 0.0556318 0.0125
10 0.0523953 0.138042 0.0464472 0.0125
9 0.0716307 0.132806 0.0441892 0.0125
4 0.115527 -0.0919217 0.0877021 0.0125
1 0.130781 -0.18417 0.277329 0.0125
8 0.0823842 0.117438 0.0369076 0.0125
5 0.115997 0.0544513 0.0353652 0.0125
6 0.107691 0.0725202 0.0386915 0.0125
7 0.0920225 0.100899 0.0428728 0.0125
e_1_4 1 4 1 0.0125 0.123154 -0.138046 0.182516 -0.148646 0.508939 0.830319 0.171628 0.211425
e_4_5 4 5 2 0.0125 0.115761 -0.018735 0.0615337 0.394938 -0.558721 0.596802 0.419145 0.155449
e_5_6 5 6 3 0.0125 0.111844 0.0634859 0.037028 0.724783 -0.472971 -0.440228 -0.239138 0.020163
e_6_7 6 7 4 0.0125 0.0998573 0.0867099 0.0407823 0.687463 -0.40074 -0.524832 -0.302247 0.032685
e_7_8 7 8 5 0.0125 0.0872038 0.109168 0.0398899 0.424911 -0.216188 -0.775894 -0.413161 0.020051
e_8_9 8 9 6 0.0125 0.0770072 0.125122 0.0405488 0.729856 -0.25823 -0.502357 -0.385051 0.020121
e_9_10 9 10 7 0.0125 0.0620131 0.135425 0.0453188 0.40161 0.447403 -0.493517 -0.628475 0.020062
e_10_2 10 2 8 0.0125 0.0465459 0.14476 0.05104 0.735652 -0.16462 -0.493739 -0.433518 0.020043
4 10 9
2 -0.089168 -0.163028 0.137459 0.0125
11 -0.0697386 -0.162286 0.132267 0.0125
10 -0.0500451 -0.159311 0.127808 0.0125
9 -0.0304276 -0.158279 0.12354 0.0125
4 0.0155397 -0.093078 0.0490014 0.0125
1 0.270254 0.107422 0.0114975 0.0125
8 -0.0166437 -0.149264 0.110619 0.0125
5 0.00356651 -0.102789 0.0667879 0.0125
6 -0.00401019 -0.120139 0.080317 0.0125
7 -0.0154014 -0.132339 0.0947602 0.0125
e_1_4 1 4 1 0.0125 0.142898 0.00717247 0.0302494 0.408242 0.662638 0.0586978 -0.625143 0.326322
e_4_5 4 5 2 0.0125 0.00955347 -0.0979331 0.057895 0.686327 0.346091 -0.0489776 -0.637791 0.023538
e_5_6 5 6 3 0.0125 -0.000221487 -0.111464 0.0735528 0.704455 0.443861 0.110803 -0.542635 0.02327
e_6_7 6 7 4 0.0125 -0.00970588 -0.126239 0.0875387 0.662598 0.415726 0.0014564 -0.623003 0.022072
e_7_8 7 8 5 0.0125 -0.0160225 -0.140802 0.10269 0.796474 0.359341 0.1717 -0.454996 0.023227
e_8_9 8 9 6 0.0125 -0.0235354 -0.153772 0.117079 0.5945 0.433005 -0.0623917 -0.674673 0.020933
e_9_10 9 10 7 0.0125 -0.0402359 -0.158795 0.125675 0.235189 0.607389 -0.157877 -0.742186 0.020103
e_10_11 10 11 8 0.0125 -0.0598916 -0.160798 0.130037 0.273185 0.611683 -0.128874 -0.731167 0.02041
e_11_2 11 2 9 0.0125 -0.0794526 -0.162657 0.134863 0.254786 0.583859 -0.173495 -0.751061 0.020124
5 10 9
2 0.299619 0.174073 0.0122975 0.0125
11 0.284872 0.163773 0.0210442 0.0125
10 0.271144 0.149337 0.0191957 0.0125
9 0.257103 0.135102 0.0186755 0.0125
4 0.170163 0.105671 0.0120174 0.0125
1 -0.120142 0.274727 0.011499 0.0125
8 0.237856 0.130755 0.0220629 0.0125
5 0.191773 0.0964812 0.0124584 0.0125
6 0.211383 0.102416 0.0121725 0.0125
7 0.224084 0.116984 0.017478 0.0125
e_1_4 1 4 1 0.0125 0.0250098 0.190199 0.0117588 0.441342 -0.255527 0.658738 -0.553162 0.335942
e_4_5 4 5 2 0.0125 0.180967 0.101076 0.0122375 0.482283 -0.289903 0.637638 -0.526096 0.023487
e_5_6 5 6 3 0.0125 0.201578 0.099448 0.0123149 0.604809 -0.523842 0.482242 -0.356705 0.020491
e_6_7 6 7 4 0.0125 0.217734 0.1097 0.0148257 0.77991 -0.526025 0.301557 -0.15525 0.020042
e_7_8 7 8 5 0.0125 0.230971 0.12387 0.0197699 0.762729 -0.52854 0.325705 -0.181124 0.020009
e_8_9 8 9 6 0.0125 0.24748 0.132929 0.0203692 0.516626 -0.580953 0.497074 -0.385368 0.02002
e_9_10 9 10 7 0.0125 0.264124 0.14222 0.0189355 0.687878 -0.613689 0.332243 -0.199559 0.020001
e_10_11 10 11 8 0.0125 0.278007 0.156555 0.0201195 0.714737 -0.590206 0.324746 -0.18801 0.020006
e_11_2 11 2 9 0.0125 0.292245 0.168924 0.0166714 0.45993 -0.767128 0.360753 -0.264266 0.020002
6 8 7
2 -0.201473 -0.0168428 0.012369 0.0125
9 -0.189784 -0.012742 0.0285208 0.0125
4 -0.0725583 0.0400545 0.0689014 0.0125
1 0.258042 0.0759016 0.0543995 0.0125
8 -0.179228 -0.0050531 0.0444806 0.0125
5 -0.0930778 0.0333781 0.0728886 0.0125
6 -0.14837 0.0123145 0.0677011 0.0125
7 -0.167817 0.00650943 0.0616849 0.0125
e_1_4 1 4 1 0.0125 0.0927417 0.0579781 0.0616505 0.699148 -0.100679 -0.684164 0.18159 0.332854
e_4_5 4 5 2 0.0125 -0.0828179 0.0367168 0.0708945 0.733386 0.00666073 -0.63961 0.230215 0.021944
e_5_6 5 6 3 0.0125 -0.120724 0.0228464 0.0702945 0.638899 0.0244615 -0.736933 0.219407 0.059395
e_6_7 6 7 4 0.0125 -0.158093 0.00941173 0.0646938 0.568295 -0.0221775 -0.801006 0.186919 0.021169
e_7_8 7 8 5 0.0125 -0.173522 0.000727723 0.0530829 0.305554 0.18029 -0.911613 0.207592 0.023662
e_8_9 8 9 6 0.0125 -0.184506 -0.00889801 0.0365012 0.289897 0.0925321 -0.937229 0.17029 0.020622
e_9_2 9 2 7 0.0125 -0.195629 -0.0147929 0.0204454 0.298228 -0.0415874 -0.946061 0.119582 0.020355
7 6 5
2 -0.107105 -0.242086 0.195157 0.0125
7 -0.0988484 -0.221475 0.192311 0.0125
6 -0.096963 -0.200351 0.193138 0.0125
5 -0.0837144 -0.184099 0.197634 0.0125
1 0.279586 -0.00875778 0.0550652 0.0125
4 0.156521 -0.0322625 0.0821543 0.0125
e_1_4 1 4 1 0.0125 0.218054 -0.0205106 0.0686097 0.709052 -0.146922 -0.610531 0.320797 0.128185
e_4_5 4 5 2 0.0125 0.0364036 -0.108181 0.139895 0.810567 0.190974 -0.524696 0.176647 0.306762
e_5_6 5 6 3 0.0125 -0.0903386 -0.192225 0.195387 0.628576 0.597833 -0.497441 0.00632238 0.021444
e_6_7 6 7 4 0.0125 -0.0979055 -0.210914 0.192725 0.635013 0.683345 0.229184 -0.277979 0.021224
e_7_2 7 2 5 0.0125 -0.102977 -0.231781 0.193734 0.739632 0.646252 -0.136985 -0.128598 0.022384
8 10 9
2 0.261969 -0.136642 0.0122127 0.0125
11 0.260387 -0.13481 0.0320878 0.0125
10 0.252035 -0.131759 0.0500179 0.0125
9 0.245413 -0.119144 0.0640556 0.0125
4 0.22358 0.0922282 0.0765011 0.0125
1 0.36496 0.218307 0.0124297 0.0125
8 0.244282 -0.10553 0.0815907 0.0125
5 0.216039 -0.00852691 0.0959972 0.0125
6 0.215791 -0.0761463 0.102246 0.0125
7 0.229801 -0.095049 0.094956 0.0125
e_1_4 1 4 1 0.0125 0.29427 0.155268 0.0444659 0.606772 0.579078 -0.0668574 -0.540394 0.199974
e_4_5 4 5 2 0.0125 0.219809 0.0418511 0.0862492 0.597075 0.521577 0.365002 -0.488091 0.102901
e_5_6 5 6 3 0.0125 0.215915 -0.0423366 0.0991218 0.558835 0.511175 0.438961 -0.483444 0.067908
e_6_7 6 7 4 0.0125 0.222797 -0.085598 0.0986006 0.515381 0.324321 0.736756 -0.293921 0.024632
e_7_8 7 8 5 0.0125 0.237042 -0.100289 0.0882734 0.412132 0.198828 0.871708 -0.175326 0.02232
e_8_9 8 9 6 0.0125 0.244848 -0.112336 0.0728232 0.121289 0.279204 0.903588 -0.301433 0.022228
e_9_10 9 10 7 0.0125 0.248724 -0.125452 0.0570371 0.272464 0.272574 0.881257 -0.273594 0.020001
e_10_11 10 11 8 0.0125 0.256211 -0.133285 0.0410528 0.2193 0.0686162 0.971201 -0.0629934 0.020015
e_11_2 11 2 9 0.0125 0.261179 -0.135726 0.0221507 0.0408982 0.0288668 0.997747 -0.0446654 0.020021
9 6 5
2 0.0338416 0.288436 0.0114892 0.0125
7 0.0518833 0.280353 0.0168082 0.0125
6 0.0616287 0.263005 0.0147328 0.0125
5 0.0845674 0.204817 0.0154821 0.0125
1 0.291285 -0.0933178 0.176586 0.0125
4 0.111302 0.164988 0.0355998 0.0125
e_1_4 1 4 1 0.0125 0.201293 0.0358357 0.106093 0.540975 -0.73336 -0.408089 0.0546993 0.344954
e_4_5 4 5 2 0.0125 0.0979347 0.184902 0.0255405 0.551262 -0.732109 -0.396727 0.0522907 0.052018
e_5_6 5 6 3 0.0125 0.073098 0.233911 0.0151075 0.702519 -0.669599 -0.240045 0.0219864 0.062551
e_6_7 6 7 4 0.0125 0.056756 0.271678 0.0157708 0.741825 -0.600296 -0.296257 0.0396449 0.020005
e_7_2 7 2 5 0.0125 0.042862 0.284394 0.0141484 0.595257 -0.466923 -0.6418 0.125477 0.020473
10 6 5
2 -0.150999 0.217927 0.0114898 0.0125
7 -0.141791 0.155721 0.0433792 0.0125
6 -0.138512 0.137677 0.0539028 0.0125
5 -0.0723617 0.0389228 0.099329 0.0125
1 0.119046 -0.129002 0.218121 0.0125
4 -0.0181506 -0.0134027 0.132952 0.0125
e_1_4 1 4 1 0.0125 0.050447 -0.0712022 0.175536 0.338871 -0.845165 0.0112328 0.413203 0.198595
e_4_5 4 5 2 0.0125 -0.0452561 0.0127597 0.116141 0.366581 -0.83856 0.024108 0.402311 0.082505
e_5_6 5 6 3 0.0125 -0.105437 0.0883001 0.0766159 0.435288 -0.819139 0.0866357 0.363358 0.127248
e_6_7 6 7 4 0.0125 -0.140151 0.146699 0.0486415 0.42109 -0.799323 0.331591 0.271688 0.021143
e_7_2 7 2 5 0.0125 -0.146395 0.186824 0.0274348 0.450449 -0.789102 0.321655 0.266367 0.070508
11 9 8
2 -0.296173 0.13241 0.0114987 0.0125
10 -0.305169 0.147959 0.0282409 0.0125
9 -0.306039 0.16632 0.0383965 0.0125
4 -0.101495 0.218246 0.0346025 0.0125
1 0.0950287 0.121171 0.0114986 0.0125
8 -0.298768 0.187655 0.0399073 0.0125
5 -0.228403 0.226181 0.0403726 0.0125
6 -0.257868 0.216177 0.0444877 0.0125
7 -0.286993 0.204261 0.0460534 0.0125
e_1_4 1 4 1 0.0125 -0.00323381 0.169709 0.0230505 0.348238 -0.668742 -0.0192861 0.656615 0.220407
e_4_5 4 5 2 0.0125 -0.164949 0.222214 0.0374878 0.204433 -0.673596 -0.153628 0.69345 0.127286
e_5_6 5 6 3 0.0125 -0.243136 0.221179 0.0424299 0.0791808 -0.598352 -0.276469 0.747843 0.031388
e_6_7 6 7 4 0.0125 -0.272431 0.210219 0.0452703 0.0421588 -0.621716 -0.297691 0.723237 0.031508
e_7_8 7 8 5 0.0125 -0.29288 0.195958 0.0429803 -0.215981 -0.670033 -0.442232 0.555733 0.021264
e_8_9 8 9 6 0.0125 -0.302403 0.176987 0.0391526 -0.292363 -0.508839 -0.523942 0.617326 0.02259
e_9_10 9 10 7 0.0125 -0.305604 0.157139 0.0333191 -0.427342 -0.701495 -0.49971 0.274906 0.021001
e_10_2 10 2 8 0.0125 -0.300671 0.140184 0.0198703 -0.394695 -0.851862 -0.339425 -0.0577711 0.024556
12 9 8
2 0.219289 0.255965 0.114025 0.0125
10 0.210086 0.238164 0.11147 0.0125
9 0.196573 0.223331 0.114123 0.0125
4 0.0517497 0.0741122 0.0762632 0.0125
1 -0.173867 0.0508439 0.147054 0.0125
8 0.183501 0.20661 0.109818 0.0125
5 0.129371 0.112503 0.0814524 0.0125
6 0.156116 0.150804 0.0915087 0.0125
7 0.177845 0.184139 0.100547 0.0125
e_1_4 1 4 1 0.0125 -0.0610583 0.0624786 0.111659 0.564267 -0.323041 0.737977 -0.180656 0.237603
e_4_5 4 5 2 0.0125 0.0905597 0.093308 0.0788581 0.69607 -0.47053 0.498692 -0.213057 0.086751
e_5_6 5 6 3 0.0125 0.142744 0.131653 0.0864812 0.744049 -0.597737 0.193617 -0.227188 0.047785
e_6_7 6 7 4 0.0125 0.166981 0.167471 0.0960284 0.747889 -0.599033 0.174379 -0.226747 0.040805
e_7_8 7 8 5 0.0125 0.180672 0.195375 0.105183 0.800061 -0.560533 -0.00805799 -0.213634 0.024958
e_8_9 8 9 6 0.0125 0.190037 0.214971 0.111971 0.740073 -0.59112 0.226279 -0.227301 0.021657
e_9_10 9 10 7 0.0125 0.20333 0.230747 0.112796 0.614441 -0.701555 0.27086 -0.238574 0.020239
e_10_2 10 2 8 0.0125 0.214687 0.247065 0.112747 0.714374 -0.651832 0.10901 -0.230003 0.020201
13 9 8
2 -0.112742 -0.141025 0.0122773 0.0125
10 -0.139947 -0.115557 0.0189707 0.0125
9 -0.165132 -0.0971505 0.0313985 0.0125
4 -0.202125 0.0940903 0.135339 0.0125
1 -0.188067 0.25793 0.0476358 0.0125
8 -0.179178 -0.0753118 0.049802 0.0125
5 -0.205375 0.0594574 0.144314 0.0125
6 -0.205518 -0.0234268 0.112493 0.0125
7 -0.193105 -0.0432258 0.0861536 0.0125
e_1_4 1 4 1 0.0125 -0.195096 0.17601 0.0914872 -0.0215938 -0.0568778 -0.511337 0.857224 0.186367
e_4_5 4 5 2 0.0125 -0.203749 0.0767741 0.139827 -0.00655454 -0.0622831 -0.609268 0.790488 0.035924
e_5_6 5 6 3 0.0125 -0.205447 0.0180156 0.128404 -0.0336313 -0.0503649 -0.822598 0.565389 0.088783
e_6_7 6 7 4 0.0125 -0.199312 -0.0333263 0.0993234 -0.185793 0.00851614 -0.934849 0.302433 0.035212
e_7_8 7 8 5 0.0125 -0.186142 -0.0592692 0.0679781 -0.150593 -0.00476219 -0.927509 0.342091 0.050448
e_8_9 8 9 6 0.0125 -0.172155 -0.0862312 0.0406003 -0.23831 0.0230008 -0.888028 0.392537 0.031827
e_9_10 9 10 7 0.0125 -0.152539 -0.106354 0.0251842 -0.416721 0.0849356 -0.823313 0.375881 0.033579
e_10_2 10 2 8 0.0125 -0.126344 -0.128291 0.0156238 -0.418602 0.0823277 -0.762632 0.486197 0.037861
14 11 10
2 -0.0326561 0.228435 0.0851634 0.0125
12 -0.0309009 0.210301 0.0768882 0.0125
11 -0.0196256 0.194473 0.0721497 0.0125
10 -0.00176552 0.185607 0.0737698 0.0125
9 0.0159328 0.176029 0.0743703 0.0125
4 0.196394 -0.0902981 0.120602 0.0125
1 0.237261 -0.153658 0.0820116 0.0125
8 0.0331723 0.167549 0.0809681 0.0125
5 0.13813 -0.00242237 0.106639 0.0125
6 0.0438234 0.126674 0.100561 0.0125
7 0.0432043 0.150796 0.0940312 0.0125
e_1_4 1 4 1 0.0125 0.216828 -0.121978 0.101307 0.849715 -0.411453 -0.320776 -0.0761202 0.084697
e_4_5 4 5 2 0.0125 0.167262 -0.0463604 0.113619 0.614631 -0.434566 -0.613837 -0.237879 0.106357
e_5_6 5 6 3 0.0125 0.0909768 0.0621263 0.103599 0.66051 -0.424431 -0.582112 -0.211495 0.15999
e_6_7 6 7 4 0.0125 0.0435144 0.138735 0.0972962 0.51891 -0.667128 -0.430725 -0.316462 0.024997
e_7_8 7 8 5 0.0125 0.0381886 0.159172 0.0874995 0.361655 -0.290478 -0.832852 -0.301971 0.023494
e_8_9 8 9 6 0.0125 0.0245523 0.171788 0.0776689 0.556259 -0.132852 -0.802958 -0.167881 0.020314
e_9_10 9 10 7 0.0125 0.00708391 0.180817 0.0740699 0.682986 -0.211299 -0.685759 -0.136446 0.020132
e_10_11 10 11 8 0.0125 -0.0106953 0.190039 0.0729596 0.663799 -0.186582 -0.711102 -0.137449 0.020006
e_11_12 11 12 9 0.0125 -0.0252632 0.202387 0.0745189 0.773409 -0.429911 -0.443564 -0.142362 0.020003
e_12_2 12 2 10 0.0125 -0.0317788 0.219368 0.081026 0.838001 -0.533072 -0.0951666 -0.0673148 0.02001
