14
1 8 7
2 0.233481 -0.13022 0.0306066 0.0125
9 0.222697 -0.109192 0.0330918 0.0125
4 0.122194 0.0233012 0.0326763 0.0125
1 -0.00676523 0.288398 0.114786 0.0125
8 0.213032 -0.0890469 0.036395 0.0125
5 0.143722 0.00385914 0.0244849 0.0125
6 0.180607 -0.0346258 0.0333682 0.0125
7 0.197367 -0.0635605 0.0357755 0.0125
e_1_4 1 4 1 0.0125 0.0577152 0.155849 0.0737309 0.526039 0.450856 0.65642 -0.298539 0.306021
e_4_5 4 5 2 0.0125 0.132958 0.0135798 0.0285801 0.576629 0.336363 0.72301 -0.177809 0.030142
e_5_6 5 6 3 0.0125 0.162165 -0.0153837 0.0289265 0.715489 0.282201 0.581521 -0.265087 0.054043
e_6_7 6 7 4 0.0125 0.188987 -0.0490931 0.0345723 0.653917 0.373078 0.570012 -0.329076 0.033524
e_7_8 7 8 5 0.0125 0.205199 -0.076304 0.0360852 0.641784 0.374623 0.591022 -0.313791 0.029922
e_8_9 8 9 6 0.0125 0.217865 -0.0991193 0.0347439 0.5691 0.433683 0.620521 -0.320933 0.022586
e_9_2 9 2 7 0.0125 0.228089 -0.119705 0.0318492 0.587944 0.419181 0.613667 -0.319409 0.023763
2 10 9
2 -0.0390653 0.137361 0.0605934 0.0125
11 -0.0401199 0.118542 0.0673257 0.0125
10 -0.0316715 0.102255 0.0753967 0.0125
9 -0.0233288 0.0848513 0.0700171 0.0125
4 0.142598 0.0832455 0.0114836 0.0125
1 0.377687 0.0344617 0.0796091 0.0125
8 -0.0158888 0.0696827 0.058795 0.0125
5 0.0383863 0.0712491 0.0398652 0.0125
6 0.0177258 0.0741589 0.0414966 0.0125
7 0.000799528 0.0653388 0.0483038 0.0125
e_1_4 1 4 1 0.0125 0.260142 0.0588535 0.0455466 0.575094 0.079973 -0.79378 -0.181066 0.249575
e_4_5 4 5 2 0.0125 0.0904922 0.0772467 0.0256747 0.712427 0.32907 -0.51101 -0.350755 0.108671
e_5_6 5 6 3 0.0125 0.0280561 0.072704 0.0406809 0.700103 0.112108 -0.669656 -0.221015 0.020929
e_6_7 6 7 4 0.0125 0.00926252 0.0697484 0.0449003 0.686224 0.501135 -0.284419 -0.443923 0.020263
e_7_8 7 8 5 0.0125 -0.00754485 0.0675109 0.0535498 0.857711 -0.0368195 -0.488652 -0.155549 0.020185
e_8_9 8 9 6 0.0125 -0.0196088 0.0772664 0.0644057 0.875772 -0.444887 -0.159485 0.0982964 0.020282
e_9_10 9 10 7 0.0125 -0.0274998 0.0935535 0.0727064 0.767712 -0.595238 -0.10693 0.211838 0.020036
e_10_11 10 11 8 0.0125 -0.0358951 0.110399 0.0713614 0.357711 -0.778099 0.309637 0.413194 0.020044
e_11_2 11 2 9 0.0125 -0.039592 0.127952 0.0639597 0.479323 -0.653766 0.490694 0.319467 0.020015
3 10 9
2 -0.31148 0.0378104 0.0114699 0.0125
11 -0.299091 0.0178652 0.0218616 0.0125
10 -0.284008 0.00472522 0.0209362 0.0125
9 -0.265013 -0.0119113 0.0308196 0.0125
4 -0.0946607 -0.115792 0.0225429 0.0125
1 0.0994442 -0.0430716 0.0130266 0.0125
8 -0.249384 -0.0359599 0.0257399 0.0125
5 -0.119193 -0.119107 0.0114932 0.0125
6 -0.145454 -0.112138 0.015215 0.0125
7 -0.185999 -0.104924 0.0251098 0.0125
e_1_4 1 4 1 0.0125 0.00239128 -0.0794318 0.0177848 0.567409 0.591115 -0.357283 -0.448306 0.207499
e_4_5 4 5 2 0.0125 -0.106927 -0.11745 0.0170181 0.333032 0.726298 -0.419875 -0.430449 0.027108
e_5_6 5 6 3 0.0125 -0.132323 -0.115622 0.0133546 0.453664 0.405821 -0.517164 -0.601698 0.027425
e_6_7 6 7 4 0.0125 -0.165727 -0.108531 0.0201624 0.519391 0.385437 -0.484383 -0.589105 0.042354
e_7_8 7 8 5 0.0125 -0.217692 -0.0704423 0.0254249 0.218164 0.294236 -0.640361 -0.675105 0.09367
e_8_9 8 9 6 0.0125 -0.257198 -0.0239356 0.0282793 0.292515 0.117927 -0.631586 -0.708256 0.029128
e_9_10 9 10 7 0.0125 -0.27451 -0.00359323 0.0258778 0.0568649 0.563289 -0.604106 -0.560829 0.027116
e_10_11 10 11 8 0.0125 -0.291549 0.0112955 0.0213984 0.277422 0.306891 -0.618641 -0.667935 0.020025
e_11_2 11 2 9 0.0125 -0.305286 0.0278373 0.0166658 -0.0966678 0.561359 -0.622273 -0.536943 0.025676
4 9 8
2 0.275049 -0.180549 0.0114952 0.0125
10 0.258887 -0.184686 0.0248415 0.0125
9 0.239818 -0.178643 0.028914 0.0125
4 0.145433 0.0869614 0.0367304 0.0125
1 0.150378 0.234552 0.0249553 0.0125
8 0.216643 -0.170824 0.0274538 0.0125
5 0.151713 -0.00715995 0.0736607 0.0125
6 0.163455 -0.0360765 0.0732696 0.0125
7 0.204664 -0.155446 0.0368064 0.0125
e_1_4 1 4 1 0.0125 0.147905 0.160757 0.0308431 0.608245 0.574102 0.361476 -0.412044 0.148142
e_4_5 4 5 2 0.0125 0.148574 0.0399012 0.0551953 0.727644 0.477686 0.299227 -0.390913 0.101302
e_5_6 5 6 3 0.0125 0.157584 -0.0216181 0.0734647 0.647357 0.50325 0.502996 -0.273246 0.031213
e_6_7 6 7 4 0.0125 0.18406 -0.095761 0.0550376 0.539732 0.56356 0.56666 -0.264547 0.131442
e_7_8 7 8 5 0.0125 0.210654 -0.163135 0.0321301 0.513572 0.505886 0.678508 -0.141244 0.02162
e_8_9 8 9 6 0.0125 0.228231 -0.174734 0.0281839 0.727499 0.239941 0.642362 0.0233418 0.024503
e_9_10 9 10 7 0.0125 0.249352 -0.181665 0.026878 0.630871 0.288625 0.718642 0.0474475 0.020414
e_10_2 10 2 8 0.0125 0.266968 -0.182618 0.0181683 0.372462 0.253596 0.864897 0.221166 0.021365
5 11 10
2 -0.0293717 0.215993 0.0493844 0.0125
12 -0.0314519 0.196341 0.0463074 0.0125
11 -0.0314473 0.177272 0.040277 0.0125
10 -0.028441 0.161925 0.0278091 0.0125
9 -0.034559 0.144895 0.0192551 0.0125
4 0.0226458 0.0528079 0.0115907 0.0125
1 0.272287 -0.127047 0.0114963 0.0125
8 -0.0296807 0.126612 0.012775 0.0125
5 0.013291 0.070013 0.0182941 0.0125
6 -0.00468556 0.0945168 0.0138596 0.0125
7 -0.0166612 0.111218 0.0114996 0.0125
e_1_4 1 4 1 0.0125 0.147467 -0.0371201 0.0115435 -0.298107 0.694382 -0.132966 -0.641316 0.307683
e_4_5 4 5 2 0.0125 0.0179688 0.0614101 0.0149424 -0.485586 0.527731 -0.244094 -0.652782 0.020699
e_5_6 5 6 3 0.0125 0.00430265 0.0822641 0.0160772 -0.372708 0.715226 -0.24624 -0.537499 0.030713
e_6_7 6 7 4 0.0125 -0.0106731 0.102868 0.0126797 -0.381613 0.704117 -0.247554 -0.545259 0.020686
e_7_8 7 8 5 0.0125 -0.0231706 0.118915 0.0121373 -0.387454 0.652101 -0.207816 -0.617622 0.020202
e_8_9 8 9 6 0.0125 -0.0321193 0.135754 0.0160157 -0.550135 0.490243 -0.312519 -0.599454 0.020002
e_9_10 9 10 7 0.0125 -0.0315002 0.153411 0.0235326 -0.691631 0.308398 -0.437274 -0.485107 0.020015
e_10_11 10 11 8 0.0125 -0.0299447 0.169599 0.0340424 -0.586311 0.340481 -0.269051 -0.684049 0.02
e_11_12 11 12 9 0.0125 -0.0314489 0.186807 0.0432924 -0.611232 0.447842 -0.385579 -0.526461 0.02
e_12_2 12 2 10 0.0125 -0.0304118 0.206167 0.0478459 -0.615703 0.484239 -0.434267 -0.444786 0.02
6 10 9
2 0.174218 0.349524 0.179353 0.0125
11 0.175817 0.33857 0.196241 0.0125
10 0.176895 0.325294 0.211409 0.0125
9 0.184743 0.304223 0.215674 0.0125
4 0.118137 -0.037027 0.0480813 0.0125
1 0.127208 -0.0547434 0.0114966 0.0125
8 0.191871 0.285198 0.212047 0.0125
5 0.168745 0.224907 0.186032 0.0125
6 0.182273 0.245596 0.185656 0.0125
7 0.192164 0.268932 0.199761 0.0125
e_1_4 1 4 1 0.0125 0.122673 -0.045885 0.0297896 0.968157 -0.224272 -0.102446 0.0433351 0.041649
e_4_5 4 5 2 0.0125 0.143441 0.0939402 0.117057 0.85361 -0.513818 0.0795618 -0.0317986 0.300334
e_5_6 5 6 3 0.0125 0.17551 0.235251 0.185844 0.695988 -0.641147 0.310683 -0.0894786 0.024722
e_6_7 6 7 4 0.0125 0.187218 0.257264 0.192708 0.861294 -0.474517 0.178046 -0.0361245 0.029006
e_7_8 7 8 5 0.0125 0.192017 0.277065 0.205904 0.895139 -0.445567 -0.0117761 -0.00757795 0.020386
e_8_9 8 9 6 0.0125 0.188307 0.294711 0.213861 0.766571 -0.596573 -0.237145 -0.0152445 0.020638
e_9_10 9 10 7 0.0125 0.180819 0.314758 0.213541 0.636918 -0.706372 -0.306947 -0.0340188 0.022886
e_10_11 10 11 8 0.0125 0.176356 0.331933 0.203825 0.342239 -0.88721 -0.297581 -0.0847182 0.020186
e_11_2 11 2 9 0.0125 0.175018 0.344047 0.187797 0.275443 -0.87568 -0.389051 -0.0771635 0.020192
7 11 10
2 -0.0345174 -0.119431 0.0172439 0.0125
12 -0.0147307 -0.117623 0.0149602 0.0125
11 0.00465062 -0.121964 0.0126126 0.0125
10 0.024221 -0.125922 0.0137781 0.0125
9 0.0403428 -0.121781 0.0248741 0.0125
4 0.202286 0.229583 0.0593467 0.0125
1 0.21624 0.243725 0.0519115 0.0125
8 0.0514945 -0.106211 0.0307308 0.0125
5 0.108319 0.023152 0.063115 0.0125
6 0.0539534 -0.0487723 0.0446041 0.0125
7 0.0482904 -0.0777429 0.0360474 0.0125
e_1_4 1 4 1 0.0125 0.209263 0.236653 0.0556292 0.810599 0.46582 -0.328277 -0.134813 0.021213
e_4_5 4 5 2 0.0125 0.155302 0.126367 0.0612305 0.710542 0.659929 -0.237038 -0.0586319 0.226843
e_5_6 5 6 3 0.0125 0.0811365 -0.0128095 0.0538594 0.625748 0.677714 -0.375856 -0.0887495 0.092039
e_6_7 6 7 4 0.0125 0.051122 -0.0632574 0.0403254 0.600663 0.783848 -0.157408 0.00308029 0.030734
e_7_8 7 8 5 0.0125 0.0498927 -0.0919774 0.0333896 0.637123 0.768604 0.0221023 0.0532341 0.029137
e_8_9 8 9 6 0.0125 0.0459184 -0.113997 0.0278028 0.589559 0.709803 -0.377341 -0.0788303 0.020028
e_9_10 9 10 7 0.0125 0.0322817 -0.123852 0.0193265 0.432555 0.54229 -0.695165 -0.188582 0.020004
e_10_11 10 11 8 0.0125 0.0144352 -0.123943 0.0131959 0.624688 0.163745 -0.708759 -0.283925 0.02
e_11_12 11 12 9 0.0125 -0.00503999 -0.119793 0.0137867 0.691248 0.112336 -0.654741 -0.284379 0.02
e_12_2 12 2 10 0.0125 -0.0246242 -0.118527 0.0161027 0.705641 0.273277 -0.606808 -0.243258 0.02
8 9 8
2 -0.063413 0.00831383 0.0115001 0.0125
10 -0.0760731 -0.00463015 0.0200391 0.0125
9 -0.0759067 -0.020894 0.0317404 0.0125
4 0.186212 -0.00805923 0.104859 0.0125
1 0.31798 0.0707348 0.107858 0.0125
8 -0.065658 -0.0381365 0.0320247 0.0125
5 0.0109812 -0.0583742 0.0659643 0.0125
6 -0.0296902 -0.0685566 0.0564657 0.0125
7 -0.0562944 -0.0558156 0.0345285 0.0125
e_1_4 1 4 1 0.0125 0.252096 0.031338 0.106358 0.287659 -0.408129 -0.58583 0.638346 0.153559
e_4_5 4 5 2 0.0125 0.0985968 -0.0332164 0.0854115 0.308368 -0.546069 -0.553289 0.54826 0.186414
e_5_6 5 6 3 0.0125 -0.00935459 -0.0634653 0.0612155 0.315725 -0.557813 -0.547107 0.538365 0.042989
e_6_7 6 7 4 0.0125 -0.0429922 -0.0621854 0.045497 0.355233 -0.798242 -0.401477 0.274656 0.036761
e_7_8 7 8 5 0.0125 -0.0609759 -0.0469764 0.0332767 0.644545 -0.724804 -0.191741 0.149854 0.020162
e_8_9 8 9 6 0.0125 -0.0707816 -0.0295154 0.0318822 0.678417 -0.685166 -0.193988 0.180739 0.020061
e_9_10 9 10 7 0.0125 -0.0759902 -0.0127617 0.0258897 0.452072 -0.880892 -0.126611 -0.0602432 0.020036
e_10_2 10 2 8 0.0125 -0.0697438 0.001842 0.01577 0.42433 -0.838651 0.0996966 -0.326602 0.020019
9 10 9
2 0.270888 -0.0439804 0.0716262 0.0125
11 0.257943 -0.0319004 0.0809302 0.0125
10 0.247187 -0.0327419 0.0977772 0.0125
9 0.232974 -0.0302221 0.111634 0.0125
4 -0.0166026 -0.188962 0.100211 0.0125
1 -0.0465005 -0.288502 0.161317 0.0125
8 0.211879 -0.0256512 0.113253 0.0125
5 0.0557016 -0.106871 0.0847192 0.0125
6 0.083783 -0.0779251 0.0805828 0.0125
7 0.103991 -0.0566256 0.079033 0.0125
e_1_4 1 4 1 0.0125 -0.031552 -0.238732 0.130764 0.342188 -0.39191 0.774482 0.359849 0.120565
e_4_5 4 5 2 0.0125 0.0195494 -0.147917 0.0924651 0.607426 -0.337055 0.675651 0.246826 0.110485
e_5_6 5 6 3 0.0125 0.0697423 -0.0923983 0.0826502 0.627281 -0.317027 0.671197 0.235599 0.040541
e_6_7 6 7 4 0.0125 0.0938869 -0.0672753 0.0798079 0.651027 -0.335936 0.643035 0.223198 0.029401
e_7_8 7 8 5 0.0125 0.157935 -0.0411388 0.0961425 0.796625 -0.0874924 0.588678 0.105793 0.117347
e_8_9 8 9 6 0.0125 0.222426 -0.027937 0.112444 0.674162 0.24883 0.68954 0.0901363 0.021645
e_9_10 9 10 7 0.0125 0.24008 -0.0314823 0.104706 0.365911 0.475174 0.787714 0.140802 0.020009
e_10_11 10 11 8 0.0125 0.252565 -0.0323208 0.0893534 0.22419 0.517025 0.808536 0.169393 0.020006
e_11_2 11 2 9 0.0125 0.264415 -0.0379396 0.0762784 0.517078 0.591533 0.618611 0.00626396 0.020001
10 6 5
2 -0.311187 -0.0459866 0.0776109 0.0125
7 -0.29287 -0.0456663 0.0687031 0.0125
6 -0.270052 -0.0473599 0.0678947 0.0125
5 -0.254649 -0.0593805 0.0634045 0.0125
1 0.160086 0.031768 0.112091 0.0125
4 -0.219692 -0.0692806 0.0498126 0.0125
e_1_4 1 4 1 0.0125 -0.029803 -0.0187563 0.080952 0.648268 0.151541 -0.745182 0.0385675 0.397896
e_4_5 4 5 2 0.0125 -0.237171 -0.0643305 0.0566091 0.819797 -0.192237 -0.536518 0.0559186 0.038791
e_5_6 5 6 3 0.0125 -0.262351 -0.0533702 0.0656502 0.77932 -0.4246 -0.455766 0.0682141 0.020048
e_6_7 6 7 4 0.0125 -0.281462 -0.0465136 0.068299 0.717322 -0.104782 -0.68657 0.055608 0.022895
e_7_2 7 2 5 0.0125 -0.302029 -0.045827 0.0731571 0.846628 -0.0177131 -0.53014 0.0431157 0.02037
11 6 5
2 0.217159 0.216721 0.251366 0.0125
7 0.200922 0.19449 0.231832 0.0125
6 0.181656 0.178375 0.217498 0.0125
5 0.161748 0.127966 0.198083 0.0125
1 -0.0631673 -0.149595 0.0930625 0.0125
4 -0.0162009 -0.0678929 0.090944 0.0125
e_1_4 1 4 1 0.0125 -0.0396843 -0.108745 0.0920034 0.684888 -0.678795 0.224667 -0.140323 0.094263
e_4_5 4 5 2 0.0125 0.0727732 0.0300366 0.144513 0.825245 -0.37482 0.414574 0.0812972 0.285492
e_5_6 5 6 3 0.0125 0.171703 0.15317 0.20779 0.795202 -0.569937 0.0809294 -0.190465 0.05757
e_6_7 6 7 4 0.0125 0.191289 0.186432 0.224665 0.854636 -0.259625 0.42984 0.132023 0.02892
e_7_2 7 2 5 0.0125 0.20904 0.205606 0.2416 0.888405 -0.373444 0.266812 -0.00932669 0.033755
12 10 9
2 -0.107887 0.189736 0.130253 0.0125
11 -0.122953 0.185718 0.116853 0.0125
10 -0.127583 0.171858 0.102961 0.0125
9 -0.122103 0.156786 0.0886963 0.0125
4 -0.169229 -0.208504 0.111681 0.0125
1 -0.167707 -0.242823 0.0933774 0.0125
8 -0.116601 0.139236 0.067898 0.0125
5 -0.123896 -0.0952809 0.0992116 0.0125
6 -0.0857737 0.052402 0.082519 0.0125
7 -0.111973 0.119938 0.0637751 0.0125
e_1_4 1 4 1 0.0125 -0.168468 -0.225664 0.102529 0.81996 -0.485043 -0.172076 -0.250576 0.038924
e_4_5 4 5 2 0.0125 -0.146563 -0.151893 0.105446 0.603604 -0.740446 -0.050939 -0.291217 0.122598
e_5_6 5 6 3 0.0125 -0.104835 -0.0214391 0.0908656 0.612442 -0.735477 -0.116059 -0.265554 0.153435
e_6_7 6 7 4 0.0125 -0.0988733 0.0861703 0.0731465 0.600289 -0.666841 -0.424942 -0.120002 0.074825
e_7_8 7 8 5 0.0125 -0.114287 0.129587 0.0658366 0.751039 -0.55738 -0.296011 -0.194023 0.020269
e_8_9 8 9 6 0.0125 -0.119352 0.14801 0.0782973 0.905882 -0.301048 -0.18657 -0.232248 0.027764
e_9_10 9 10 7 0.0125 -0.124843 0.164322 0.0958283 0.886019 -0.340469 -0.227581 -0.217387 0.021464
e_10_11 10 11 8 0.0125 -0.125267 0.178788 0.109907 0.864168 -0.394177 -0.00976815 -0.312638 0.020162
e_11_2 11 2 9 0.0125 -0.11542 0.187727 0.123554 0.811494 -0.277523 0.311609 -0.409095 0.02056
13 6 5
2 -0.167873 0.0968645 0.0115639 0.0125
7 -0.138473 0.119093 0.0245368 0.0125
6 -0.0936644 0.133358 0.0487472 0.0125
5 -0.0380611 0.120466 0.101224 0.0125
1 0.239391 0.0656464 0.265453 0.0125
4 -0.0232494 0.112948 0.124793 0.0125
e_1_4 1 4 1 0.0125 0.108071 0.0892976 0.195124 0.256114 -0.807065 -0.285981 0.448627 0.301666
e_4_5 4 5 2 0.0125 -0.0306548 0.116708 0.113009 0.190241 -0.932041 -0.200017 0.234738 0.028834
e_5_6 5 6 3 0.0125 -0.0658628 0.126911 0.0749855 0.192019 -0.882426 -0.244395 0.353164 0.077536
e_6_7 6 7 4 0.0125 -0.116069 0.126226 0.036642 0.0144192 -0.806033 -0.281388 0.520502 0.052891
e_7_2 7 2 5 0.0125 -0.153173 0.107979 0.0180508 -0.181638 -0.772672 -0.262657 0.548632 0.039073
14 11 10
2 0.186929 0.153845 0.187818 0.0125
12 0.168481 0.154085 0.180049 0.0125
11 0.15014 0.146307 0.177559 0.0125
10 0.140404 0.136589 0.163014 0.0125
9 0.123085 0.133848 0.152996 0.0125
4 -0.085484 0.140841 0.110735 0.0125
1 -0.291018 0.146613 0.094118 0.0125
8 0.1041 0.138546 0.148705 0.0125
5 -0.0157246 0.139701 0.125408 0.0125
6 0.0491445 0.139386 0.137782 0.0125
7 0.0732892 0.139012 0.142027 0.0125
e_1_4 1 4 1 0.0125 -0.188251 0.143727 0.102427 0.298154 -0.611777 0.29232 -0.67185 0.206286
e_4_5 4 5 2 0.0125 -0.0506045 0.14027 0.118072 0.483458 -0.486626 0.400359 -0.607599 0.071295
e_5_6 5 6 3 0.0125 0.0167102 0.139543 0.131595 0.454651 -0.512799 0.378618 -0.622075 0.066039
e_6_7 6 7 4 0.0125 0.061217 0.1392 0.139904 0.43861 -0.521348 0.376327 -0.62785 0.024518
e_7_8 7 8 5 0.0125 0.0886948 0.138779 0.145366 0.4908 -0.481202 0.403177 -0.604159 0.03153
e_8_9 8 9 6 0.0125 0.113593 0.136197 0.150851 0.647171 -0.213825 0.589164 -0.433976 0.020023
e_9_10 9 10 7 0.0125 0.131745 0.135219 0.158005 0.716662 -0.34258 0.366905 -0.484165 0.020193
e_10_11 10 11 8 0.0125 0.145272 0.141448 0.170286 0.829069 -0.351227 0.115618 -0.419423 0.020021
e_11_12 11 12 9 0.0125 0.159311 0.150196 0.178805 0.3737 -0.656981 0.0797088 -0.649901 0.020077
e_12_2 12 2 10 0.0125 0.177705 0.153965 0.183934 0.676987 -0.31649 0.453654 -0.485511 0.020018
