14
1 10 9
2 0.0969929 -0.0703491 0.0257549 0.0125
11 0.0794609 -0.0625451 0.0329861 0.0125
10 0.0624708 -0.0490943 0.0307304 0.0125
9 0.0533429 -0.0328709 0.0209544 0.0125
4 -0.164353 0.181714 0.0133064 0.0125
1 -0.19469 0.288514 0.0606986 0.0125
8 0.0388915 -0.00711451 0.0192373 0.0125
5 -0.0841469 0.0764846 0.0186181 0.0125
6 -0.0357956 0.0505278 0.0124016 0.0125
7 0.0114031 0.0310142 0.0114225 0.0125
e_1_4 1 4 1 0.0125 -0.179521 0.235114 0.0370031 0.30091 0.247269 0.796965 -0.461691 0.120717
e_4_5 4 5 2 0.0125 -0.12425 0.129099 0.0159629 0.666095 0.347978 0.599045 -0.276359 0.132418
e_5_6 5 6 3 0.0125 -0.0599712 0.0635066 0.0155101 0.602866 0.0397763 0.744783 -0.283318 0.055229
e_6_7 6 7 4 0.0125 -0.0121962 0.0407714 0.0119122 0.655865 0.0241922 0.71344 -0.24548 0.051082
e_7_8 7 8 5 0.0125 0.0251467 0.0119505 0.0153301 0.729608 0.391107 0.514813 -0.222879 0.04765
e_8_9 8 9 6 0.0125 0.0461172 -0.0199927 0.0200958 0.679724 0.439822 0.52682 -0.258828 0.029584
e_9_10 9 10 7 0.0125 0.0579069 -0.0409826 0.0258424 0.853152 0.429186 0.288626 -0.0680085 0.021025
e_10_11 10 11 8 0.0125 0.0709655 -0.0558198 0.0318586 0.700794 0.218049 0.633003 -0.246272 0.021787
e_11_2 11 2 9 0.0125 0.0882265 -0.0664472 0.0293708 0.47922 -0.123271 0.813082 -0.306677 0.020508
2 11 10
2 0.249886 0.0637915 0.12558 0.0125
12 0.244327 0.0757591 0.11054 0.0125
11 0.242643 0.087721 0.0945891 0.0125
10 0.240943 0.0996873 0.0786238 0.0125
9 0.235942 0.112396 0.0637838 0.0125
4 0.0936947 0.173144 0.0371513 0.0125
1 -0.137973 0.156753 0.0719994 0.0125
8 0.229527 0.123082 0.0479335 0.0125
5 0.15956 0.161969 0.0189492 0.0125
6 0.183952 0.15789 0.0118081 0.0125
7 0.207022 0.147338 0.0205012 0.0125
e_1_4 1 4 1 0.0125 -0.0221386 0.164949 0.0545758 0.425319 0.53839 0.533226 0.494884 0.234846
e_4_5 4 5 2 0.0125 0.126628 0.167556 0.0280505 0.458469 0.613932 0.504504 0.397957 0.069241
e_5_6 5 6 3 0.0125 0.171756 0.159929 0.0153788 0.453138 0.617253 0.507656 0.394906 0.025742
e_6_7 6 7 4 0.0125 0.195487 0.152614 0.016154 0.686742 0.487611 0.316471 0.436425 0.026816
e_7_8 7 8 5 0.0125 0.218274 0.13521 0.0342169 0.824784 0.403224 0.135254 0.372624 0.042982
e_8_9 8 9 6 0.0125 0.232735 0.117738 0.0558585 0.871107 0.323712 0.0464494 0.366369 0.020164
e_9_10 9 10 7 0.0125 0.238443 0.106041 0.0712038 0.883668 0.362941 0.0191389 0.295023 0.020167
e_10_11 10 11 8 0.0125 0.241793 0.0937035 0.0866063 0.908422 0.314846 -0.0471858 0.270954 0.020025
e_11_12 11 12 9 0.0125 0.243485 0.0817406 0.102564 0.908504 0.314862 -0.0474557 0.270611 0.020009
e_12_2 12 2 10 0.0125 0.247107 0.0697753 0.11806 0.879402 0.351078 0.0301411 0.320138 0.020008
3 11 10
2 0.0766313 0.226992 0.0433115 0.0125
12 0.0616396 0.214361 0.0375687 0.0125
11 0.0462316 0.210313 0.0254158 0.0125
10 0.0287784 0.204704 0.0157102 0.0125
9 0.0136665 0.190801 0.0122384 0.0125
4 -0.212357 0.0466139 0.0330475 0.0125
1 -0.346381 0.00998537 0.0123356 0.0125
8 0.00134767 0.1759 0.0218986 0.0125
5 -0.113381 0.10935 0.0409973 0.0125
6 -0.0565238 0.139353 0.0450597 0.0125
7 -0.0434069 0.15504 0.0343347 0.0125
e_1_4 1 4 1 0.0125 -0.279369 0.0282996 0.0226916 0.755694 -0.128942 0.640042 0.0514488 0.140475
e_4_5 4 5 2 0.0125 -0.162869 0.0779822 0.0370225 0.730544 -0.355935 0.58264 0.0120938 0.117453
e_5_6 5 6 3 0.0125 -0.0849524 0.124351 0.0430285 0.728675 -0.299452 0.615461 0.0238525 0.064416
e_6_7 6 7 4 0.0125 -0.049966 0.147196 0.0396975 0.514985 -0.706815 0.482352 -0.0503972 0.02309
e_7_8 7 8 5 0.0125 -0.0210303 0.16547 0.028117 0.613552 -0.28851 0.734085 0.0378885 0.05092
e_8_9 8 9 6 0.0125 0.00750698 0.18335 0.0170689 0.5234 -0.704817 0.47614 -0.0507489 0.021613
e_9_10 9 10 7 0.0125 0.0212225 0.197753 0.0139743 0.763661 -0.445186 0.467393 -0.0132082 0.020825
e_10_11 10 11 8 0.0125 0.0375045 0.207508 0.0205629 0.855977 -0.137531 0.497147 0.0351274 0.020743
e_11_12 11 12 9 0.0125 0.0539356 0.212337 0.0314924 0.89559 -0.0961905 0.432995 0.0343848 0.020037
e_12_2 12 2 10 0.0125 0.0691361 0.220677 0.0404399 0.800337 -0.389902 0.455409 -0.00633447 0.020427
4 7 6
2 -0.236054 -0.1646 0.0290349 0.0125
4 0.0080064 0.00465374 0.0403265 0.0125
1 0.0812316 0.176052 0.0124555 0.0125
8 -0.215846 -0.155902 0.0223163 0.0125
5 -0.143438 -0.142468 0.012868 0.0125
6 -0.167117 -0.150828 0.0114657 0.0125
7 -0.189509 -0.153633 0.0137485 0.0125
e_1_4 1 4 1 0.0125 0.0446196 0.0903532 0.0263907 0.229108 -0.0629048 -0.649691 0.722117 0.188457
e_4_5 4 5 2 0.0125 -0.0677155 -0.0689076 0.0265976 0.309596 -0.230323 -0.715144 0.582813 0.212918
e_5_6 5 6 3 0.0125 -0.155277 -0.146648 0.0121673 0.469314 -0.335172 -0.644633 0.50185 0.025151
e_6_7 6 7 4 0.0125 -0.178313 -0.15223 0.0126066 0.56812 -0.364051 -0.563154 0.477037 0.022682
e_7_8 7 8 5 0.0125 -0.202678 -0.154767 0.0180329 0.624922 -0.332938 -0.48475 0.513461 0.027788
e_8_2 8 2 6 0.0125 -0.22595 -0.160251 0.0256757 0.532164 -0.253834 -0.538092 0.602351 0.023003
5 11 10
2 0.306503 -0.153999 0.0447157 0.0125
12 0.290356 -0.151162 0.0325064 0.0125
11 0.274328 -0.145041 0.0206897 0.0125
10 0.254655 -0.146367 0.0166609 0.0125
9 0.237617 -0.15728 0.0160325 0.0125
4 0.146855 -0.11418 0.0159814 0.0125
1 0.0228869 0.133635 0.0595094 0.0125
8 0.2162 -0.16478 0.0124284 0.0125
5 0.162145 -0.161547 0.0199185 0.0125
6 0.177337 -0.176796 0.020038 0.0125
7 0.197646 -0.17733 0.0174609 0.0125
e_1_4 1 4 1 0.0125 0.0848716 0.0097274 0.0377458 0.647234 0.645952 0.400424 -0.059114 0.280491
e_4_5 4 5 2 0.0125 0.1545 -0.137863 0.0179498 0.733185 0.632483 0.246056 -0.0431465 0.049928
e_5_6 5 6 3 0.0125 0.169741 -0.169171 0.0199783 0.707727 0.467872 0.527547 -0.0437299 0.021526
e_6_7 6 7 4 0.0125 0.187492 -0.177063 0.0187494 0.661051 0.00918329 0.750227 -0.00929454 0.020478
e_7_8 7 8 5 0.0125 0.206923 -0.171055 0.014945 0.623639 -0.396868 0.672381 0.0383929 0.022957
e_8_9 8 9 6 0.0125 0.226908 -0.16103 0.0142299 0.760062 -0.192828 0.620001 0.0268457 0.022977
e_9_10 9 10 7 0.0125 0.246136 -0.151824 0.0163472 0.716808 -0.340837 0.606867 0.041582 0.020243
e_10_11 10 11 8 0.0125 0.264491 -0.145704 0.0186754 0.774594 -0.0348394 0.631427 0.00945631 0.020125
e_11_12 11 12 9 0.0125 0.282342 -0.148101 0.0265984 0.885201 0.168637 0.433533 0.00546888 0.020833
e_12_2 12 2 10 0.0125 0.29843 -0.15258 0.0386114 0.893548 0.0849726 0.440605 0.014791 0.020441
6 8 7
2 0.202025 0.287771 0.0210867 0.0125
9 0.187341 0.273783 0.0301131 0.0125
4 0.0809722 -0.0612625 0.0649063 0.0125
1 0.0622561 -0.160556 0.0521038 0.0125
8 0.171961 0.257193 0.0356112 0.0125
5 0.0738872 0.0326295 0.0660001 0.0125
6 0.0667731 0.0575344 0.0757375 0.0125
7 0.0845558 0.115564 0.0692727 0.0125
e_1_4 1 4 1 0.0125 0.0716142 -0.110909 0.0585051 0.749406 -0.643259 0.152859 0.0352438 0.101849
e_4_5 4 5 2 0.0125 0.0774291 -0.0143163 0.0654529 0.701088 -0.699919 0.0656378 0.119501 0.094165
e_5_6 5 6 3 0.0125 0.0703304 0.0450815 0.0708682 0.80152 -0.568435 -0.0305324 0.18307 0.027671
e_6_7 6 7 4 0.0125 0.0756643 0.0865488 0.0725051 0.668582 -0.713012 0.21112 -0.0063324 0.061037
e_7_8 7 8 5 0.0125 0.128258 0.186379 0.0524421 0.626423 -0.710792 0.306422 -0.0920534 0.169798
e_8_9 8 9 6 0.0125 0.179651 0.265487 0.0328626 0.598238 -0.692184 0.372778 -0.155015 0.023281
e_9_2 9 2 7 0.0125 0.194683 0.280777 0.0255999 0.517347 -0.739357 0.395821 -0.170378 0.022199
7 8 7
2 0.371138 0.152156 0.0507464 0.0125
9 0.351218 0.155603 0.0523465 0.0125
4 0.200533 0.0921998 0.101481 0.0125
1 -0.0248654 -0.0991646 0.0796512 0.0125
8 0.335368 0.155405 0.0663699 0.0125
5 0.264167 0.129736 0.10298 0.0125
6 0.291174 0.144228 0.0922331 0.0125
7 0.322682 0.156522 0.0824126 0.0125
e_1_4 1 4 1 0.0125 0.0878336 -0.00348252 0.0905666 -0.485552 0.680434 -0.0139621 0.548683 0.296481
e_4_5 4 5 2 0.0125 0.232349 0.110968 0.10223 -0.429442 0.695503 -0.0783087 0.570722 0.073895
e_5_6 5 6 3 0.0125 0.27767 0.136982 0.0976069 -0.315747 0.812798 -0.0692173 0.484637 0.03248
e_6_7 6 7 4 0.0125 0.306929 0.150375 0.0873229 -0.299776 0.790578 -0.120055 0.520296 0.035218
e_7_8 7 8 5 0.0125 0.329025 0.155963 0.0743916 -0.0204232 0.933673 -0.140951 0.32859 0.020483
e_8_9 8 9 6 0.0125 0.343293 0.155504 0.0593582 -0.0809876 0.896032 -0.168602 0.402668 0.021165
e_9_2 9 2 7 0.0125 0.361178 0.15388 0.0515461 -0.206787 0.651138 -0.339806 0.646366 0.020278
8 10 9
2 -0.120823 0.124006 0.0780548 0.0125
11 -0.105904 0.113098 0.067873 0.0125
10 -0.101194 0.0943111 0.0613234 0.0125
9 -0.107334 0.076677 0.0515001 0.0125
4 -0.0557631 -0.0929501 0.0500678 0.0125
1 0.156955 -0.18961 0.011477 0.0125
8 -0.105577 0.0573985 0.0445246 0.0125
5 -0.0928664 -0.0618707 0.0487671 0.0125
6 -0.108831 -0.00238162 0.0278676 0.0125
7 -0.109937 0.0414658 0.0290623 0.0125
e_1_4 1 4 1 0.0125 0.0505954 -0.14128 0.0307723 0.684362 0.0195948 -0.646636 -0.336344 0.236815
e_4_5 4 5 2 0.0125 -0.0743153 -0.0774106 0.049417 0.591603 -0.0992088 -0.709638 -0.369564 0.048418
e_5_6 5 6 3 0.0125 -0.10085 -0.0321266 0.0383172 0.421191 -0.422065 -0.694636 -0.402418 0.065044
e_6_7 6 7 4 0.0125 -0.109384 0.0195421 0.0284649 0.631436 -0.605963 -0.34524 -0.33898 0.043877
e_7_8 7 8 5 0.0125 -0.107756 0.0494323 0.0367932 0.895094 -0.397471 0.0182642 -0.20122 0.022626
e_8_9 8 9 6 0.0125 -0.106455 0.0670381 0.0480127 0.75784 -0.510591 -0.26418 -0.308521 0.020577
e_9_10 9 10 7 0.0125 -0.104264 0.085494 0.0564118 0.831504 -0.514593 0.049074 -0.20344 0.021098
e_10_11 10 11 8 0.0125 -0.103549 0.103705 0.0645982 0.741737 -0.45832 -0.360215 -0.331683 0.020445
e_11_2 11 2 9 0.0125 -0.113364 0.118552 0.0729639 0.797729 -0.123708 -0.493392 -0.323865 0.0211
9 11 10
2 -0.142566 -0.1092 0.0871508 0.0125
12 -0.122948 -0.110922 0.0834039 0.0125
11 -0.102917 -0.110696 0.0804347 0.0125
10 -0.0878332 -0.095177 0.0775179 0.0125
9 -0.075849 -0.0773065 0.0734887 0.0125
4 -0.0184114 0.24168 0.190036 0.0125
1 0.00212763 0.295202 0.211508 0.0125
8 -0.0597056 -0.0495843 0.0740452 0.0125
5 -0.0129207 0.148743 0.151722 0.0125
6 -0.00922308 0.0844037 0.121822 0.0125
7 -0.0174362 0.0644225 0.114464 0.0125
e_1_4 1 4 1 0.0125 -0.00814237 0.268441 0.200772 -0.0122884 -0.310911 -0.76073 0.569625 0.061217
e_4_5 4 5 2 0.0125 -0.0156667 0.195211 0.170879 -0.529178 -0.773464 -0.303376 0.172303 0.100675
e_5_6 5 6 3 0.0125 -0.011072 0.116573 0.136772 -0.501842 -0.767329 -0.348784 0.194193 0.071044
e_6_7 6 7 4 0.0125 -0.0133295 0.0744131 0.118143 0.0478732 -0.246251 -0.774948 0.580106 0.022822
e_7_8 7 8 5 0.0125 -0.0385712 0.00741919 0.0942542 -0.00717199 -0.291234 -0.756908 0.584997 0.128132
e_8_9 8 9 6 0.0125 -0.0677773 -0.0634454 0.0737669 0.64648 0.429723 -0.569211 0.270927 0.032085
e_9_10 9 10 7 0.0125 -0.0818409 -0.0862423 0.0755039 0.763006 0.571932 -0.284377 -0.0992212 0.021891
e_10_11 10 11 8 0.0125 -0.0953748 -0.102937 0.0789769 0.752854 0.471246 -0.459496 0.00119402 0.021836
e_11_12 11 12 9 0.0125 -0.112932 -0.110809 0.0819199 0.733475 0.169245 -0.630924 -0.187899 0.020251
e_12_2 12 2 10 0.0125 -0.132756 -0.110061 0.0852771 0.732652 0.143271 -0.621303 -0.23807 0.020046
10 9 8
2 -0.266777 0.0671701 0.0505948 0.0125
10 -0.268925 0.060975 0.0695912 0.0125
9 -0.259027 0.0505975 0.0835497 0.0125
4 -0.110319 -0.0196492 0.104027 0.0125
1 0.131181 -0.177436 0.106902 0.0125
8 -0.235708 0.04258 0.0896413 0.0125
5 -0.138415 -0.00216423 0.103658 0.0125
6 -0.161582 0.0120882 0.103597 0.0125
7 -0.191107 0.0367974 0.103974 0.0125
e_1_4 1 4 1 0.0125 0.0104314 -0.0985431 0.105465 0.613434 -0.0475575 -0.709028 -0.344553 0.288491
e_4_5 4 5 2 0.0125 -0.124367 -0.0109067 0.103843 0.606201 -0.018014 -0.710814 -0.356285 0.033094
e_5_6 5 6 3 0.0125 -0.149998 0.00496158 0.103628 0.612029 -0.0204288 -0.707602 -0.352566 0.0272
e_6_7 6 7 4 0.0125 -0.176345 0.0244431 0.103786 0.666639 -0.236939 -0.662552 -0.245922 0.038503
e_7_8 7 8 5 0.0125 -0.213407 0.039689 0.0968073 0.333756 0.601563 -0.538459 -0.486611 0.047203
e_8_9 8 9 6 0.0125 -0.247367 0.0465884 0.0865957 0.357844 0.457724 -0.640626 -0.502031 0.025401
e_9_10 9 10 7 0.0125 -0.263976 0.0557856 0.0765707 -0.340626 0.890757 0.235162 -0.187679 0.020012
e_10_2 10 2 8 0.0125 -0.267851 0.0640721 0.0600938 -0.0865966 0.763078 0.624777 0.140951 0.020097
11 11 10
2 -0.0966767 -0.0516382 0.0847329 0.0125
12 -0.132722 -0.0920374 0.0528854 0.0125
11 -0.139713 -0.115202 0.0418291 0.0125
10 -0.119518 -0.158441 0.0349972 0.0125
9 -0.0894351 -0.196982 0.0120774 0.0125
4 0.141226 -0.234017 0.0115047 0.0125
1 0.179824 -0.242464 0.0170577 0.0125
8 -0.0615606 -0.228692 0.0233299 0.0125
5 0.0404705 -0.260966 0.0463394 0.0125
6 -0.00297744 -0.263774 0.0312516 0.0125
7 -0.0397365 -0.241739 0.0263432 0.0125
e_1_4 1 4 1 0.0125 0.160525 -0.23824 0.0142815 0.655608 -0.188637 -0.730753 0.0243833 0.0399
e_4_5 4 5 2 0.0125 0.0908483 -0.247492 0.0289221 0.811296 0.160681 -0.561949 -0.0139147 0.109961
e_5_6 5 6 3 0.0125 0.0187462 -0.26237 0.0387951 0.563676 0.242022 -0.77791 -0.136203 0.046079
e_6_7 6 7 4 0.0125 -0.0213571 -0.252756 0.0287977 0.641511 -0.540603 -0.514434 0.177675 0.043136
e_7_8 7 8 5 0.0125 -0.0506486 -0.235216 0.0248372 0.640152 -0.540784 -0.51614 0.17708 0.025605
e_8_9 8 9 6 0.0125 -0.0754982 -0.212837 0.0177037 0.524988 -0.778855 -0.148836 0.309225 0.043693
e_9_10 9 10 7 0.0125 -0.104477 -0.177712 0.0235377 0.798055 -0.507233 -0.174586 0.274487 0.053998
e_10_11 10 11 8 0.0125 -0.129616 -0.136821 0.038413 0.675512 -0.654851 0.018003 0.338423 0.048208
e_11_12 11 12 9 0.0125 -0.136218 -0.10362 0.0473572 0.762678 -0.403186 0.360042 0.355152 0.026603
e_12_2 12 2 10 0.0125 -0.1147 -0.0718376 0.0688096 0.804424 -0.219103 0.445522 0.326201 0.062814
12 10 9
2 -0.388502 -0.232813 0.0182661 0.0125
11 -0.373947 -0.217964 0.0216165 0.0125
10 -0.358003 -0.207338 0.015254 0.0125
9 -0.335298 -0.204558 0.0167149 0.0125
4 -0.214558 -0.0644085 0.0184123 0.0125
1 -0.0261433 0.0428536 0.133753 0.0125
8 -0.311717 -0.181359 0.017088 0.0125
5 -0.248969 -0.124455 0.0123021 0.0125
6 -0.263129 -0.142793 0.0217172 0.0125
7 -0.282406 -0.159653 0.0161901 0.0125
e_1_4 1 4 1 0.0125 -0.120351 -0.0107769 0.0760821 -0.265902 -0.856955 0.0214949 0.440978 0.245578
e_4_5 4 5 2 0.0125 -0.231764 -0.0944316 0.0153568 -0.564949 -0.736243 -0.0437702 0.369949 0.069477
e_5_6 5 6 3 0.0125 -0.256049 -0.133623 0.0170091 -0.704989 -0.555439 0.0570454 0.437292 0.025008
e_6_7 6 7 4 0.0125 -0.272767 -0.151222 0.0189542 -0.434021 -0.77736 0.034412 0.454041 0.026199
e_7_8 7 8 5 0.0125 -0.297061 -0.170506 0.0166388 -0.504334 -0.691079 0.100528 0.507889 0.036485
e_8_9 8 9 6 0.0125 -0.323508 -0.192959 0.0169018 -0.528541 -0.709167 0.0521909 0.463684 0.033081
e_9_10 9 10 7 0.0125 -0.34665 -0.205947 0.0159843 -0.292352 -0.692354 0.229161 0.618596 0.02292
e_10_11 10 11 8 0.0125 -0.365975 -0.21265 0.0184346 -0.609749 -0.565032 0.152219 0.534579 0.02019
e_11_2 11 2 9 0.0125 -0.381224 -0.225389 0.0199406 -0.475947 -0.760963 0.0218989 0.440375 0.021061
13 7 6
2 0.00992906 0.0671266 0.197856 0.0125
4 -0.0848612 -0.0489921 0.127085 0.0125
1 -0.337851 -0.227341 0.0460936 0.0125
8 0.00886392 0.0515117 0.184978 0.0125
5 -0.0389053 -0.0181403 0.134792 0.0125
6 -0.00524066 0.0135652 0.146347 0.0125
7 0.00616398 0.0373968 0.169869 0.0125
e_1_4 1 4 1 0.0125 -0.211356 -0.138166 0.086589 0.0396923 0.481174 0.376702 0.790565 0.319955
e_4_5 4 5 2 0.0125 -0.0618836 -0.0335662 0.130938 0.112022 0.484705 0.442839 0.745926 0.055886
e_5_6 5 6 3 0.0125 -0.0220729 -0.00228706 0.14057 -0.11258 0.50372 0.353636 0.780085 0.047667
e_6_7 6 7 4 0.0125 0.000462194 0.0254806 0.158109 -0.760334 0.405317 0.0568602 0.504358 0.035373
e_7_8 7 8 5 0.0125 0.00751374 0.0444547 0.177424 -0.875221 0.36684 0.0560669 0.31028 0.020852
e_8_2 8 2 6 0.0125 0.00939714 0.0593194 0.191417 -0.841458 0.407056 0.12894 0.331102 0.020267
14 6 5
2 -0.0319067 -0.124276 0.159347 0.0125
7 -0.0259983 -0.102271 0.153903 0.0125
6 -0.011096 -0.0927 0.142886 0.0125
5 0.0414715 -0.0635604 0.107797 0.0125
1 0.38851 0.0787637 0.0344886 0.0125
4 0.16212 0.00210951 0.0586632 0.0125
e_1_4 1 4 1 0.0125 0.275315 0.0404365 0.046576 0.706813 0.0120634 -0.670477 0.225237 0.240234
e_4_5 4 5 2 0.0125 0.101795 -0.0307254 0.0832302 0.79765 0.157669 -0.553843 0.179309 0.145887
e_5_6 5 6 3 0.0125 0.0151872 -0.0781305 0.125342 0.85613 0.168856 -0.468401 0.138312 0.069596
e_6_7 6 7 4 0.0125 -0.0185477 -0.0974859 0.148395 0.864519 0.199183 -0.442987 0.129211 0.020859
e_7_2 7 2 5 0.0125 -0.0289525 -0.113273 0.156625 0.781806 0.581443 -0.213815 0.070611 0.023424
