14
1 6 5
2 0.1465 -0.0661843 0.0488388 0.0125
7 -0.0184975 -0.040573 0.0119844 0.0125
6 -0.0523866 -0.0112596 0.0117306 0.0125
5 -0.192653 0.00769529 0.0346311 0.0125
1 -0.320092 -0.0369859 0.0113675 0.0125
4 -0.287242 -0.012797 0.0271638 0.0125
e_1_4 1 4 1 0.0125 -0.303667 -0.0248915 0.0192657 0.156251 0.383413 0.41527 0.810019 0.043746
e_4_5 4 5 2 0.0125 -0.239948 -0.00255174 0.0308974 0.231127 0.584861 0.345649 0.696452 0.097072
e_5_6 5 6 3 0.0125 -0.12252 -0.00178215 0.0231809 0.301808 0.715314 0.261126 0.57363 0.143382
e_6_7 6 7 4 0.0125 -0.0354423 -0.0259157 0.0118572 0.522359 0.700442 0.0808884 0.479562 0.044808
e_7_2 7 2 5 0.0125 0.0640007 -0.0533784 0.0304117 0.398904 0.580876 0.23413 0.669808 0.170992
2 10 9
2 0.0749125 -0.0565068 0.0824336 0.0125
11 0.0670614 -0.045974 0.0673515 0.0125
10 0.0579337 -0.0356458 0.0528394 0.0125
9 0.048598 -0.0247925 0.038865 0.0125
4 0.016418 0.0703373 0.0385456 0.0125
1 0.0852448 0.309718 0.221928 0.0125
8 0.0298876 -0.0196714 0.0323163 0.0125
5 0.0115232 0.0399947 0.0171225 0.0125
6 0.0087003 0.0140754 0.01149 0.0125
7 0.0169971 -0.00765979 0.0210812 0.0125
e_1_4 1 4 1 0.0125 0.0508314 0.190028 0.130237 0.35154 0.82286 0.345463 -0.282801 0.309305
e_4_5 4 5 2 0.0125 0.0139712 0.0551657 0.0278339 0.388078 0.810952 0.358153 -0.251951 0.037465
e_5_6 5 6 3 0.0125 0.0101118 0.0270354 0.014306 0.600564 0.764424 0.14572 -0.183698 0.026674
e_6_7 6 7 4 0.0125 0.0128487 0.00320779 0.0162856 0.826453 0.537583 0.142939 0.0868823 0.025164
e_7_8 7 8 5 0.0125 0.0234423 -0.0136649 0.0266989 0.847271 0.407276 0.255549 0.225727 0.020897
e_8_9 8 9 6 0.0125 0.0392435 -0.0222319 0.0355902 0.757387 0.346934 0.468735 0.293751 0.020474
e_9_10 9 10 7 0.0125 0.0532666 -0.030219 0.0458517 0.886247 0.352476 0.162816 0.25262 0.020006
e_10_11 10 11 8 0.0125 0.0624977 -0.0408095 0.0600952 0.890426 0.336137 0.156416 0.263983 0.020015
e_11_2 11 2 9 0.0125 0.070987 -0.0512404 0.0748926 0.899032 0.328598 0.122442 0.262245 0.020001
3 11 10
2 -0.105203 -0.0874654 0.0290137 0.0125
12 -0.0897673 -0.0960176 0.0195777 0.0125
11 -0.0718359 -0.103937 0.0154741 0.0125
10 -0.0538906 -0.111971 0.0114926 0.0125
9 -0.0346003 -0.10655 0.01193 0.0125
4 0.196657 -0.198026 0.0124208 0.0125
1 0.336557 -0.197663 0.0124327 0.0125
8 -0.0226016 -0.0902855 0.0119135 0.0125
5 0.0321735 -0.0947684 0.0178461 0.0125
6 0.0121312 -0.0815244 0.0245018 0.0125
7 -0.007818 -0.0803373 0.0217721 0.0125
e_1_4 1 4 1 0.0125 0.266607 -0.197844 0.0124261 0.699691 -0.100115 -0.700015 0.101922 0.139901
e_4_5 4 5 2 0.0125 0.114415 -0.146397 0.0151331 0.716845 -0.378688 -0.585349 0.0097779 0.194284
e_5_6 5 6 3 0.0125 0.0221525 -0.0881467 0.0211735 0.795674 -0.32099 -0.513292 -0.0199661 0.024928
e_6_7 6 7 4 0.0125 0.00215631 -0.0809309 0.0231376 0.648116 -0.17096 -0.733772 0.110892 0.020171
e_7_8 7 8 5 0.0125 -0.0152099 -0.0853111 0.0168431 0.449505 0.0929957 -0.856396 0.236394 0.020364
e_8_9 8 9 6 0.0125 -0.0286006 -0.0984174 0.0119223 0.693152 0.47354 -0.524733 0.141265 0.020211
e_9_10 9 10 7 0.0125 -0.0442457 -0.109261 0.0117119 0.68598 0.0558457 -0.712602 0.136051 0.020043
e_10_11 10 11 8 0.0125 -0.0628633 -0.107954 0.0134837 0.773981 -0.269166 -0.572979 0.0140834 0.02006
e_11_12 11 12 9 0.0125 -0.080801 -0.0999769 0.0175258 0.776043 -0.265161 -0.572057 0.0140803 0.020027
e_12_2 12 2 10 0.0125 -0.0974852 -0.091741 0.0242952 0.857072 -0.230829 -0.459298 -0.0344991 0.02001
4 7 6
2 -0.259207 -0.0309546 0.0116002 0.0125
4 -0.14874 -0.0440095 0.0187123 0.0125
1 0.182952 -0.186675 0.13498 0.0125
8 -0.243634 -0.0440249 0.015103 0.0125
5 -0.180601 -0.0516086 0.0170154 0.0125
6 -0.202764 -0.0521566 0.0231971 0.0125
7 -0.22237 -0.0545336 0.0190324 0.0125
e_1_4 1 4 1 0.0125 0.0171055 -0.115343 0.0768464 0.560355 -0.532073 -0.6084 0.180969 0.37933
e_4_5 4 5 2 0.0125 -0.16467 -0.0478091 0.0178639 0.437901 0.65135 -0.318782 -0.531379 0.032798
e_5_6 5 6 3 0.0125 -0.191683 -0.0518824 0.0201061 0.718155 0.274849 -0.538662 -0.344318 0.023016
e_6_7 6 7 4 0.0125 -0.212567 -0.0533445 0.0211148 0.276953 0.733576 -0.25501 -0.565803 0.020184
e_7_8 7 8 5 0.0125 -0.233003 -0.0492786 0.0170677 0.6206 -0.516694 -0.561025 0.182027 0.024043
e_8_2 8 2 6 0.0125 -0.251421 -0.0374898 0.013352 0.389911 -0.763893 0.0369094 0.512909 0.02063
5 11 10
2 -0.30264 0.207077 0.012266 0.0125
12 -0.296143 0.188168 0.0128212 0.0125
11 -0.284869 0.171753 0.0148306 0.0125
10 -0.273627 0.151928 0.016355 0.0125
9 -0.259905 0.134729 0.0165293 0.0125
4 -0.0690579 0.0816322 0.0142322 0.0125
1 0.134587 0.0865334 0.0114993 0.0125
8 -0.244814 0.11556 0.0165591 0.0125
5 -0.104092 0.0803454 0.0124041 0.0125
6 -0.154254 0.0822311 0.0119037 0.0125
7 -0.23046 0.0961754 0.0146603 0.0125
e_1_4 1 4 1 0.0125 0.032764 0.0840832 0.0128656 -0.452386 -0.552853 0.433181 0.549595 0.203722
e_4_5 4 5 2 0.0125 -0.0865751 0.0809884 0.013318 -0.434795 -0.578775 0.437096 0.533779 0.035105
e_5_6 5 6 3 0.0125 -0.129173 0.0812878 0.0121537 -0.437011 -0.53994 0.462013 0.551389 0.0502
e_6_7 6 7 4 0.0125 -0.192357 0.0892034 0.0132816 -0.431408 -0.471766 0.509565 0.575906 0.07752
e_7_8 7 8 5 0.0125 -0.237637 0.105867 0.01561 -0.366559 -0.077739 0.674324 0.636301 0.024195
e_8_9 8 9 6 0.0125 -0.25236 0.125144 0.0165442 -0.339052 -0.117253 0.697759 0.620022 0.024397
e_9_10 9 10 7 0.0125 -0.266766 0.143328 0.0164423 -0.337066 -0.123178 0.699134 0.618406 0.022003
e_10_11 10 11 8 0.0125 -0.279248 0.161841 0.0155925 -0.303763 -0.0401728 0.729214 0.61185 0.022842
e_11_12 11 12 9 0.0125 -0.290506 0.179961 0.0138256 -0.296439 -0.106408 0.734083 0.6016 0.020016
e_12_2 12 2 10 0.0125 -0.299391 0.197623 0.0125443 -0.312589 0.0957326 0.71042 0.623239 0.020001
6 10 9
2 0.08994 -0.246927 0.0121589 0.0125
11 0.0849093 -0.227649 0.0141981 0.0125
10 0.0750339 -0.210959 0.0190884 0.0125
9 0.0638589 -0.196746 0.0276429 0.0125
4 0.0436306 -0.0714818 0.0693346 0.0125
1 0.0486308 0.174333 0.227417 0.0125
8 0.0524657 -0.181778 0.0347364 0.0125
5 0.0229992 -0.114116 0.0531635 0.0125
6 0.0324006 -0.145345 0.0388492 0.0125
7 0.0415474 -0.164967 0.0369893 0.0125
e_1_4 1 4 1 0.0125 0.0461309 0.0514253 0.148375 0.372699 0.693802 0.537634 -0.301139 0.292302
e_4_5 4 5 2 0.0125 0.0333152 -0.0927988 0.0612486 -0.308951 -0.0886038 0.808516 -0.492951 0.050048
e_5_6 5 6 3 0.0125 0.0277003 -0.12973 0.0460067 0.543384 0.823729 0.149764 0.0614381 0.035616
e_6_7 6 7 4 0.0125 0.036974 -0.155156 0.0379193 0.497605 0.702163 -0.223074 0.457815 0.021729
e_7_8 7 8 5 0.0125 0.0470061 -0.173372 0.0358626 0.47744 0.731254 -0.145308 0.464978 0.020172
e_8_9 8 9 6 0.0125 0.0581625 -0.189262 0.0311892 0.486543 0.81783 0.0870328 0.294713 0.020103
e_9_10 9 10 7 0.0125 0.0694466 -0.203852 0.0233657 0.475713 0.829486 0.160625 0.24464 0.020002
e_10_11 10 11 8 0.0125 0.0799714 -0.219304 0.0166425 0.512575 0.787838 -0.0395843 0.339133 0.02
e_11_2 11 2 9 0.0125 0.0874248 -0.237288 0.0131786 0.535972 0.68688 -0.281242 0.402284 0.020027
7 10 9
2 0.268747 -0.00282031 0.013651 0.0125
11 0.250617 0.00550549 0.0120619 0.0125
10 0.232165 0.0131519 0.013423 0.0125
9 0.214613 0.0196343 0.0204966 0.0125
4 -0.174967 -0.0223571 0.0410055 0.0125
1 -0.196614 -0.0413523 0.0437256 0.0125
8 0.198696 0.0120827 0.0303356 0.0125
5 0.11737 0.0211112 0.0672042 0.0125
6 0.16301 0.00870212 0.0470112 0.0125
7 0.183391 0.00275391 0.0399818 0.0125
e_1_4 1 4 1 0.0125 -0.18579 -0.0318547 0.0423656 0.672414 -0.511324 0.534382 -0.0290206 0.028928
e_4_5 4 5 2 0.0125 -0.0287977 -0.000622947 0.0541046 0.706873 -0.28609 0.611559 -0.210901 0.29671
e_5_6 5 6 3 0.0125 0.14019 0.0149061 0.0571077 0.46493 -0.247561 0.796893 -0.29583 0.051427
e_6_7 6 7 4 0.0125 0.173201 0.00572802 0.0434965 0.496947 -0.218772 0.780579 -0.309642 0.022366
e_7_8 7 8 5 0.0125 0.191044 0.00741831 0.0351587 0.509002 -0.53343 0.672612 -0.0629519 0.020354
e_8_9 8 9 6 0.0125 0.206654 0.0158583 0.025416 0.49773 -0.505176 0.698993 -0.0920383 0.020179
e_9_10 9 10 7 0.0125 0.223389 0.0163928 0.0169594 0.467733 -0.204143 0.796954 -0.323134 0.020004
e_10_11 10 11 8 0.0125 0.241392 0.00932842 0.0127421 0.582237 -0.11387 0.72181 -0.356404 0.02002
e_11_2 11 2 9 0.0125 0.259683 0.00134224 0.0128566 0.634739 -0.0657771 0.67526 -0.369871 0.020013
8 10 9
2 -0.0364408 0.184778 0.0951165 0.0125
11 -0.0306846 0.16974 0.107035 0.0125
10 -0.0157079 0.157249 0.111661 0.0125
9 0.00223904 0.148231 0.111972 0.0125
4 0.22766 -0.165757 0.0220398 0.0125
1 0.248175 -0.18157 0.0303532 0.0125
8 0.0167818 0.134236 0.110098 0.0125
5 0.13275 -0.0174904 0.0124851 0.0125
6 0.0460764 0.10447 0.094732 0.0125
7 0.0335328 0.116825 0.105767 0.0125
e_1_4 1 4 1 0.0125 0.237918 -0.173664 0.0261968 0.192655 0.443495 -0.67536 -0.556853 0.027203
e_4_5 4 5 2 0.0125 0.180205 -0.0916243 0.0172628 0.0681476 0.328897 -0.647244 -0.684294 0.176302
e_5_6 5 6 3 0.0125 0.0894131 0.0434899 0.0536085 0.198105 0.191468 -0.471677 -0.837625 0.170738
e_6_7 6 7 4 0.0125 0.0398045 0.110647 0.100249 0.297503 0.20889 -0.436845 -0.822814 0.020778
e_7_8 7 8 5 0.0125 0.0251573 0.125531 0.107932 0.207738 0.303014 -0.565656 -0.738282 0.024546
e_8_9 8 9 6 0.0125 0.00951086 0.141234 0.111035 0.211751 0.331198 -0.586569 -0.7081 0.02027
e_9_10 9 10 7 0.0125 -0.00673395 0.152741 0.111816 0.333394 0.408178 -0.584066 -0.617338 0.020088
e_10_11 10 11 8 0.0125 -0.0231959 0.163495 0.109348 0.189101 0.420578 -0.662195 -0.590637 0.020043
e_11_2 11 2 9 0.0125 -0.0335626 0.177259 0.101076 -0.0722528 0.449 -0.771932 -0.444184 0.020032
9 8 7
2 0.191569 0.140825 0.114256 0.0125
9 0.179904 0.137727 0.0902147 0.0125
4 0.2519 0.029449 0.0356665 0.0125
1 0.133671 -0.254962 0.0494002 0.0125
8 0.178814 0.123107 0.0731106 0.0125
5 0.244962 0.0616103 0.023323 0.0125
6 0.233133 0.0788744 0.0255956 0.0125
7 0.202823 0.0955507 0.0430649 0.0125
e_1_4 1 4 1 0.0125 0.192786 -0.112756 0.0425331 0.638923 -0.511062 0.510968 0.263636 0.308312
e_4_5 4 5 2 0.0125 0.248431 0.04553 0.0294951 0.465398 -0.756468 0.321522 0.328305 0.035141
e_5_6 5 6 3 0.0125 0.239048 0.0702423 0.02446 0.654864 -0.664149 -0.0703081 0.353717 0.02105
e_6_7 6 7 4 0.0125 0.217978 0.0872126 0.0343307 0.795847 -0.399568 -0.339063 0.303328 0.038756
e_7_8 7 8 5 0.0125 0.190818 0.109329 0.0580885 0.852196 -0.397332 -0.15687 0.302127 0.047313
e_8_9 8 9 6 0.0125 0.179359 0.130417 0.0816626 0.898568 -0.324096 0.123839 0.268704 0.022527
e_9_2 9 2 7 0.0125 0.185736 0.139276 0.102235 0.958477 -0.0198588 0.229685 0.167847 0.026901
10 7 6
2 0.387672 0.00683807 0.0811666 0.0125
4 0.0392875 -0.00283758 0.146161 0.0125
1 -0.0491084 -0.068527 0.166913 0.0125
8 0.363716 0.0234949 0.0667531 0.0125
5 0.170346 -0.000486104 0.0935779 0.0125
6 0.28238 0.0397777 0.0495336 0.0125
7 0.343949 0.0348013 0.0562316 0.0125
e_1_4 1 4 1 0.0125 -0.0049101 -0.0356826 0.156537 0.245874 -0.747055 -0.185715 -0.589037 0.11207
e_4_5 4 5 2 0.0125 0.104817 -0.00166155 0.119869 -0.0944373 -0.813858 -0.154257 -0.552198 0.141233
e_5_6 5 6 3 0.0125 0.226363 0.0196461 0.0715554 0.0714649 -0.800952 -0.17879 -0.566924 0.126936
e_6_7 6 7 4 0.0125 0.313164 0.0372895 0.0528819 -0.0996791 -0.666945 -0.0358441 -0.737539 0.062132
e_7_8 7 8 5 0.0125 0.353832 0.0291484 0.0614925 -0.30894 -0.533194 0.0773775 -0.783755 0.025085
e_8_2 8 2 6 0.0125 0.375694 0.0151656 0.0739598 -0.360262 -0.52021 0.0890501 -0.769196 0.032544
11 8 7
2 0.367258 0.0925738 0.0120286 0.0125
9 0.359037 0.10132 0.028483 0.0125
4 0.0675311 0.034514 0.168385 0.0125
1 -0.0451214 0.0131717 0.231374 0.0125
8 0.341395 0.105897 0.0369019 0.0125
5 0.191871 0.0559065 0.108555 0.0125
6 0.267257 0.105328 0.0490138 0.0125
7 0.309619 0.113418 0.029106 0.0125
e_1_4 1 4 1 0.0125 0.011205 0.0238422 0.199879 0.404066 -0.641664 0.5736 -0.309808 0.13082
e_4_5 4 5 2 0.0125 0.129701 0.0452101 0.13847 0.425475 -0.618282 0.576166 -0.323622 0.139634
e_5_6 5 6 3 0.0125 0.229564 0.0806174 0.0787843 0.427306 -0.753509 0.455845 -0.204543 0.108031
e_6_7 6 7 4 0.0125 0.288438 0.109373 0.0390597 0.432816 -0.619887 0.570349 -0.321112 0.047501
e_7_8 7 8 5 0.0125 0.325507 0.109657 0.0330037 0.626366 -0.249493 0.567131 -0.473055 0.033571
e_8_9 8 9 6 0.0125 0.350216 0.103609 0.032692 0.345631 -0.489822 0.68539 -0.413345 0.020077
e_9_2 9 2 7 0.0125 0.363147 0.0969471 0.020256 0.0110767 -0.626034 0.715559 -0.309732 0.020366
12 10 9
2 0.086662 0.0602134 0.254495 0.0125
11 0.0836626 0.0745082 0.239778 0.0125
10 0.0837744 0.0808579 0.220081 0.0125
9 0.0902462 0.0795913 0.198111 0.0125
4 -0.0127986 -0.0705033 0.0841085 0.0125
1 -0.126548 -0.218435 0.105769 0.0125
8 0.0939495 0.0781697 0.178493 0.0125
5 0.0412424 -0.00162441 0.0814672 0.0125
6 0.0759736 0.0673898 0.142707 0.0125
7 0.0862567 0.0737502 0.160423 0.0125
e_1_4 1 4 1 0.0125 -0.0696728 -0.144469 0.094939 0.505104 -0.153446 0.730824 0.43269 0.187861
e_4_5 4 5 2 0.0125 0.0142217 -0.0360636 0.0827882 0.616523 -0.293935 0.654738 0.32376 0.087588
e_5_6 5 6 3 0.0125 0.0586079 0.0328833 0.112087 0.899781 -0.395326 0.182028 -0.0312643 0.098588
e_6_7 6 7 4 0.0125 0.0811154 0.0705704 0.151565 0.943706 -0.11396 0.272087 0.149666 0.021449
e_7_8 7 8 5 0.0125 0.0901039 0.07596 0.169458 0.966842 -0.0879742 0.208419 0.118485 0.020131
e_8_9 8 9 6 0.0125 0.0920982 0.0788797 0.188302 0.993241 -0.0300537 -0.0949621 -0.0596006 0.020015
e_9_10 9 10 7 0.0125 0.0870099 0.0802248 0.209096 0.985589 -0.0153235 -0.144484 -0.0866247 0.022938
e_10_11 10 11 8 0.0125 0.0837181 0.0776832 0.229929 0.985162 0.154655 -0.0142015 0.0730461 0.020695
e_11_2 11 2 9 0.0125 0.0851624 0.0673612 0.247135 0.906844 0.380924 0.00401475 0.180316 0.020735
13 7 6
2 -0.233671 -0.130383 0.0114805 0.0125
4 0.0311405 0.0572821 0.121385 0.0125
1 0.15617 0.107626 0.0599988 0.0125
8 -0.162066 -0.0411787 0.0562992 0.0125
5 -0.0643011 0.0187966 0.0869506 0.0125
6 -0.112819 -0.0124284 0.0724095 0.0125
7 -0.128937 -0.0300918 0.0653526 0.0125
e_1_4 1 4 1 0.0125 0.0936547 0.0824533 0.0906917 0.212598 0.536702 0.0686557 -0.813658 0.148105
e_4_5 4 5 2 0.0125 -0.0165804 0.0380391 0.104168 -0.0193339 0.742233 0.328247 -0.583927 0.108517
e_5_6 5 6 3 0.0125 -0.0885601 0.00318426 0.0796807 0.0850938 0.716007 0.33095 -0.608741 0.059501
e_6_7 6 7 4 0.0125 -0.120878 -0.0212601 0.068881 0.190387 0.7 0.389273 -0.567643 0.024932
e_7_8 7 8 5 0.0125 -0.145502 -0.0356353 0.0608258 -0.0357732 0.734006 0.29438 -0.610979 0.03609
e_8_2 8 2 6 0.0125 -0.197869 -0.0857808 0.0338898 0.194848 0.707949 0.425692 -0.528799 0.122855
14 10 9
2 -0.299114 -0.250254 0.0114873 0.0125
11 -0.296297 -0.23126 0.0170767 0.0125
10 -0.285358 -0.214598 0.0187373 0.0125
9 -0.269666 -0.207192 0.0286829 0.0125
4 -0.0247197 0.0202411 0.0781193 0.0125
1 0.0385044 0.0697239 0.0627129 0.0125
8 -0.25548 -0.193171 0.0301949 0.0125
5 -0.0624455 -0.0826938 0.0769465 0.0125
6 -0.217898 -0.165827 0.0323228 0.0125
7 -0.239155 -0.181608 0.0287905 0.0125
e_1_4 1 4 1 0.0125 0.00689195 0.0449828 0.0704156 0.73016 0.211034 -0.601032 0.247168 0.081751
e_4_5 4 5 2 0.0125 -0.0435834 -0.0312263 0.0775325 0.589792 0.426459 -0.568752 0.383144 0.109637
e_5_6 5 6 3 0.0125 -0.140172 -0.124261 0.0546342 0.596962 0.197736 -0.763936 0.144701 0.181846
e_6_7 6 7 4 0.0125 -0.228526 -0.173718 0.0305562 0.626499 0.239978 -0.713109 0.203431 0.026709
e_7_8 7 8 5 0.0125 -0.247318 -0.187389 0.0294928 0.697521 0.208375 -0.649285 0.220166 0.020055
e_8_9 8 9 6 0.0125 -0.262573 -0.200182 0.0294394 0.631306 0.285138 -0.675636 0.252318 0.020002
e_9_10 9 10 7 0.0125 -0.277512 -0.210895 0.0237106 0.491794 0.21009 -0.839344 0.0974846 0.02
e_10_11 10 11 8 0.0125 -0.290827 -0.222929 0.0179076 0.600918 0.359793 -0.641919 0.312067 0.02
e_11_2 11 2 9 0.0125 -0.297705 -0.240756 0.0142824 0.450516 0.516313 -0.610875 0.396596 0.02
