14
1 6 5
2 -0.0376504 -0.40731 0.153137 0.0125
7 -0.0360221 -0.387212 0.165102 0.0125
6 -0.0362369 -0.33963 0.212015 0.0125
5 -0.0420376 -0.302704 0.215879 0.0125
1 -0.0796284 0.00574783 0.011524 0.0125
4 -0.0678696 -0.0861758 0.0651655 0.0125
e_1_4 1 4 1 0.0125 -0.0737486 -0.0402142 0.0383445 0.785456 0.475978 -0.15154 0.365431 0.107078
e_4_5 4 5 2 0.0125 -0.0549537 -0.19444 0.140523 0.805261 0.442247 -0.141903 0.368559 0.265078
e_5_6 5 6 3 0.0125 -0.0391372 -0.321167 0.213947 0.592728 0.702864 -0.239589 0.311853 0.037578
e_6_7 6 7 4 0.0125 -0.0361295 -0.363421 0.188558 0.343984 0.824068 -0.414666 0.175039 0.06682
e_7_2 7 2 5 0.0125 -0.0368366 -0.397261 0.159119 0.452048 0.762793 -0.416315 0.201198 0.023447
2 6 5
2 0.218563 0.287758 0.0799373 0.0125
7 0.1421 0.242477 0.0114949 0.0125
6 0.0676653 0.14638 0.0134415 0.0125
5 0.0250951 0.122128 0.0154317 0.0125
1 -0.164543 0.0163968 0.0114966 0.0125
4 -0.0154069 0.0991041 0.0123134 0.0125
e_1_4 1 4 1 0.0125 -0.0899757 0.0577502 0.0119051 0.70847 -0.323186 0.627022 0.0215673 0.170537
e_4_5 4 5 2 0.0125 0.00484346 0.110616 0.0138727 0.729834 -0.315262 0.605982 0.0271581 0.046693
e_5_6 5 6 3 0.0125 0.04638 0.134254 0.0144364 0.69224 -0.336541 0.637997 0.0224524 0.049034
e_6_7 6 7 4 0.0125 0.104882 0.194429 0.012468 0.690261 -0.476957 0.529638 0.12464 0.121569
e_7_2 7 2 5 0.0125 0.180332 0.265118 0.0457162 0.895218 -0.198766 0.394206 0.0606468 0.112167
3 7 6
2 0.135541 0.105021 0.0114966 0.0125
4 0.0366316 -2.23844e-05 0.0416074 0.0125
1 -0.0651353 -0.265795 0.218138 0.0125
8 0.138392 0.0915057 0.0311566 0.0125
5 0.0635677 0.01977 0.0390143 0.0125
6 0.110676 0.0564482 0.0374733 0.0125
7 0.129749 0.0708602 0.039383 0.0125
e_1_4 1 4 1 0.0125 -0.0142518 -0.132909 0.129873 0.310632 -0.761712 -0.428202 -0.374094 0.334895
e_4_5 4 5 2 0.0125 0.0500992 0.00987374 0.0403106 0.180204 -0.685552 -0.26209 -0.654869 0.033527
e_5_6 5 6 3 0.0125 0.0871218 0.0381091 0.0382438 0.243406 -0.68305 -0.215274 -0.654105 0.059723
e_6_7 6 7 4 0.0125 0.120212 0.0636537 0.0384286 0.314781 -0.664258 -0.137641 -0.663874 0.023982
e_7_8 7 8 5 0.0125 0.13407 0.0811829 0.0352696 0.393512 -0.750078 -0.331494 -0.415503 0.023846
e_8_2 8 2 6 0.0125 0.136966 0.0982636 0.0213266 0.270402 -0.749809 -0.588989 -0.13327 0.024027
4 10 9
2 -0.0761251 -0.289446 0.211151 0.0125
11 -0.0926105 -0.286974 0.197546 0.0125
10 -0.10008 -0.278847 0.172609 0.0125
9 -0.105631 -0.26415 0.155719 0.0125
4 -0.118947 -0.0292435 0.0537554 0.0125
1 -0.140605 0.120225 0.0146998 0.0125
8 -0.106049 -0.251015 0.140617 0.0125
5 -0.104259 -0.205122 0.0928243 0.0125
6 -0.102209 -0.22794 0.0994832 0.0125
7 -0.105376 -0.239819 0.117471 0.0125
e_1_4 1 4 1 0.0125 -0.129776 0.0454906 0.0342273 0.374882 0.364567 -0.491843 0.696164 0.155998
e_4_5 4 5 2 0.0125 -0.111604 -0.117183 0.07329 0.38413 0.352667 -0.517263 0.678608 0.180763
e_5_6 5 6 3 0.0125 -0.103234 -0.216531 0.0961542 0.398587 0.344603 -0.491608 0.693325 0.023858
e_6_7 6 7 4 0.0125 -0.103792 -0.233879 0.108477 0.623813 0.128701 -0.265781 0.72364 0.021787
e_7_8 7 8 5 0.0125 -0.105712 -0.245417 0.129044 0.616747 0.130901 -0.181408 0.754705 0.025721
e_8_9 8 9 6 0.0125 -0.10584 -0.257582 0.148168 0.548614 0.214236 -0.277373 0.759071 0.020019
e_9_10 9 10 7 0.0125 -0.102855 -0.271498 0.164163 0.474122 0.285633 -0.228679 0.800829 0.023067
e_10_11 10 11 8 0.0125 -0.0963459 -0.28291 0.185077 0.53422 0.200429 -0.0511714 0.819646 0.027271
e_11_2 11 2 9 0.0125 -0.084368 -0.28821 0.204348 0.242232 0.425554 0.0524357 0.870332 0.021517
5 10 9
2 -0.263452 0.181222 0.0211596 0.0125
11 -0.252989 0.177548 0.0378343 0.0125
10 -0.2398 0.171322 0.0515392 0.0125
9 -0.22934 0.155033 0.0569992 0.0125
4 -0.264405 -0.14028 0.0451725 0.0125
1 -0.340419 -0.24122 0.0199755 0.0125
8 -0.222239 0.135989 0.0553507 0.0125
5 -0.232921 -0.0441055 0.0570213 0.0125
6 -0.205246 0.0845922 0.0566352 0.0125
7 -0.208158 0.120606 0.0543741 0.0125
e_1_4 1 4 1 0.0125 -0.302411 -0.190749 0.0325745 0.734799 -0.600168 0.204983 -0.240524 0.128849
e_4_5 4 5 2 0.0125 -0.248663 -0.0921927 0.0510971 0.710987 -0.664717 0.00279836 -0.229436 0.101888
e_5_6 5 6 3 0.0125 -0.219084 0.0202439 0.0568279 0.669109 -0.70361 -0.0799811 -0.225456 0.13164
e_6_7 6 7 4 0.0125 -0.206702 0.102599 0.0555047 0.656326 -0.67967 -0.263195 -0.19497 0.036202
e_7_8 7 8 5 0.0125 -0.215199 0.128298 0.054863 0.71604 -0.437483 -0.53407 -0.103273 0.020877
e_8_9 8 9 6 0.0125 -0.22579 0.145511 0.0561754 0.717882 -0.569269 -0.368107 -0.158352 0.020392
e_9_10 9 10 7 0.0125 -0.23457 0.163177 0.0542696 0.590774 -0.568579 -0.558981 -0.123465 0.020113
e_10_11 10 11 8 0.0125 -0.246394 0.174434 0.0446871 0.396631 -0.356644 -0.845702 -0.0166519 0.020013
e_11_2 11 2 9 0.0125 -0.25822 0.179385 0.029497 0.289229 -0.332605 -0.897606 0.00494324 0.020026
6 11 10
2 -0.295923 -0.0717535 0.107788 0.0125
12 -0.305133 -0.068917 0.0900251 0.0125
11 -0.303472 -0.0649991 0.0607823 0.0125
10 -0.293644 -0.0557357 0.0386709 0.0125
9 -0.278927 -0.0428234 0.0316121 0.0125
4 -0.23052 0.212957 0.0341982 0.0125
1 -0.262286 0.28853 0.131803 0.0125
8 -0.256998 -0.0156939 0.0207265 0.0125
5 -0.222182 0.16947 0.0114668 0.0125
6 -0.240253 0.0489081 0.0125083 0.0125
7 -0.249001 0.00894992 0.0134527 0.0125
e_1_4 1 4 1 0.0125 -0.246403 0.250743 0.0830004 -0.279122 -0.495777 -0.798172 0.198036 0.127464
e_4_5 4 5 2 0.0125 -0.226351 0.191213 0.0228321 -0.520871 -0.831861 -0.190662 0.0186883 0.049773
e_5_6 5 6 3 0.0125 -0.231218 0.109189 0.0119878 -0.707858 -0.685761 0.159567 -0.0566285 0.121913
e_6_7 6 7 4 0.0125 -0.244627 0.0289293 0.0129809 -0.711748 -0.664713 0.215916 -0.0703636 0.040915
e_7_8 7 8 5 0.0125 -0.253 -0.00337227 0.0170892 -0.794556 -0.558339 0.230459 -0.0618679 0.02691
e_8_9 8 9 6 0.0125 -0.267963 -0.0292587 0.0261692 -0.798668 -0.408194 0.429461 -0.105221 0.036543
e_9_10 9 10 7 0.0125 -0.286285 -0.0492796 0.0351416 -0.810653 -0.316658 0.479714 -0.111552 0.020813
e_10_11 10 11 8 0.0125 -0.298558 -0.0603676 0.0497274 -0.962518 -0.182369 0.200102 -0.0161369 0.02591
e_11_12 11 12 9 0.0125 -0.304302 -0.0669578 0.0754041 -0.996485 -0.0676118 0.0253306 0.0424763 0.02955
e_12_2 12 2 10 0.0125 -0.300528 -0.0703359 0.0989065 -0.962292 -0.0437217 -0.242091 0.116078 0.020209
7 8 7
2 0.0896396 -0.250714 0.0352828 0.0125
9 0.0793317 -0.230997 0.0198372 0.0125
4 0.122669 0.119906 0.0798025 0.0125
1 0.112621 0.20486 0.0362524 0.0125
8 0.080887 -0.209098 0.0178065 0.0125
5 0.151949 -0.0185972 0.0637154 0.0125
6 0.0972827 -0.148945 0.0168631 0.0125
7 0.0890256 -0.173492 0.0115628 0.0125
e_1_4 1 4 1 0.0125 0.117645 0.162383 0.0580275 -0.0123119 0.0538861 -0.51986 0.852461 0.095993
e_4_5 4 5 2 0.0125 0.137309 0.0506547 0.0717584 0.370209 0.277439 0.692449 -0.553613 0.142476
e_5_6 5 6 3 0.0125 0.124615 -0.083771 0.0402894 -0.371564 -0.232266 0.77677 -0.452351 0.14891
e_6_7 6 7 4 0.0125 0.0931548 -0.161218 0.0142132 -0.391064 -0.26009 0.729795 -0.496812 0.026435
e_7_8 7 8 5 0.0125 0.0849561 -0.191296 0.0146842 -0.674089 -0.486612 0.423042 -0.360344 0.037055
e_8_9 8 9 6 0.0125 0.0801093 -0.220047 0.0188217 -0.328672 -0.256158 0.623155 -0.661843 0.022047
e_9_2 9 2 7 0.0125 0.0844856 -0.240856 0.02756 0.397274 0.376149 -0.270892 0.792024 0.027084
8 10 9
2 -0.117986 -0.16751 0.175197 0.0125
11 -0.1022 -0.155729 0.170707 0.0125
10 -0.0871857 -0.143449 0.164694 0.0125
9 -0.0727588 -0.135248 0.152374 0.0125
4 0.192946 -0.0303698 0.0774187 0.0125
1 0.303541 0.0121621 0.0115012 0.0125
8 -0.0324029 -0.118292 0.151358 0.0125
5 0.157726 -0.0345704 0.0995402 0.0125
6 0.0335916 -0.0988569 0.131806 0.0125
7 -0.015339 -0.104959 0.140967 0.0125
e_1_4 1 4 1 0.0125 0.248244 -0.00910379 0.0444602 0.700614 -0.12775 -0.490518 0.502207 0.135592
e_4_5 4 5 2 0.0125 0.175337 -0.0324702 0.0884793 0.775815 -0.171263 -0.453958 0.403363 0.041803
e_5_6 5 6 3 0.0125 0.0956587 -0.0667139 0.115672 0.467157 -0.272616 -0.559669 0.627866 0.143469
e_6_7 6 7 4 0.0125 0.00912674 -0.101908 0.136387 0.576804 -0.360191 -0.52814 0.508555 0.050153
e_7_8 7 8 5 0.0125 -0.0238705 -0.111625 0.146163 0.580496 -0.0804791 -0.526519 0.615893 0.02402
e_8_9 8 9 6 0.0125 -0.0525809 -0.12677 0.151866 0.370133 -0.411242 -0.565049 0.612047 0.043785
e_9_10 9 10 7 0.0125 -0.0799727 -0.139349 0.158534 0.764197 -0.0123639 -0.449223 0.462655 0.020668
e_10_11 10 11 8 0.0125 -0.0946934 -0.149589 0.1677 0.432018 -0.185918 -0.563374 0.679268 0.020307
e_11_2 11 2 9 0.0125 -0.110093 -0.161619 0.172952 0.385479 -0.250888 -0.570899 0.680099 0.020203
9 11 10
2 0.00820008 -0.201909 0.197794 0.0125
12 0.0125935 -0.182299 0.198265 0.0125
11 0.0167554 -0.162769 0.196824 0.0125
10 0.0304797 -0.147726 0.198283 0.0125
9 0.0458251 -0.134244 0.200962 0.0125
4 0.0346035 -0.0070926 0.089804 0.0125
1 -0.00173525 0.214447 0.0118032 0.0125
8 0.0514005 -0.113407 0.198634 0.0125
5 0.0326126 -0.0688269 0.127512 0.0125
6 0.0391008 -0.0776401 0.150701 0.0125
7 0.0476925 -0.0982502 0.184055 0.0125
e_1_4 1 4 1 0.0125 0.0164343 0.103677 0.0508032 0.178664 0.03386 0.57858 -0.795096 0.237664
e_4_5 4 5 2 0.0125 0.033608 -0.0379603 0.108657 0.100789 0.0721892 0.484001 -0.866241 0.072367
e_5_6 5 6 3 0.0125 0.0358575 -0.0732334 0.139106 0.119405 -0.107127 0.190656 -0.968461 0.025642
e_6_7 6 7 4 0.0125 0.0433973 -0.087945 0.167378 0.131783 -0.0738342 0.281174 -0.947693 0.040139
e_7_8 7 8 5 0.0125 0.0495464 -0.105829 0.191344 0.148253 -0.0308626 0.397105 -0.905194 0.021355
e_8_9 8 9 6 0.0125 0.0486131 -0.123826 0.199798 0.0503237 0.215924 0.632245 -0.742368 0.021696
e_9_10 9 10 7 0.0125 0.0381528 -0.140985 0.199622 -0.14576 0.441116 0.608639 -0.643218 0.020601
e_10_11 10 11 8 0.0125 0.0236174 -0.155247 0.197553 -0.110028 0.399507 0.613273 -0.672447 0.020415
e_11_12 11 12 9 0.0125 0.0146746 -0.172534 0.197544 0.0688867 0.204048 0.649903 -0.728865 0.020021
e_12_2 12 2 10 0.0125 0.0103966 -0.192104 0.19803 0.0675407 0.223134 0.679663 -0.695491 0.020101
10 8 7
2 -0.253713 -0.18619 0.0122457 0.0125
9 -0.237597 -0.174227 0.0158669 0.0125
4 -0.238316 0.029821 0.0399638 0.0125
1 -0.16926 0.286674 0.0124792 0.0125
8 -0.226194 -0.15808 0.0127089 0.0125
5 -0.22423 -0.0878502 0.0226117 0.0125
6 -0.219503 -0.112492 0.0200889 0.0125
7 -0.220946 -0.137147 0.0132946 0.0125
e_1_4 1 4 1 0.0125 -0.203787 0.158248 0.0262215 0.741158 0.634909 -0.213296 0.0456088 0.267391
e_4_5 4 5 2 0.0125 -0.231272 -0.029015 0.0312881 0.638262 0.752824 -0.075453 0.142074 0.119775
e_5_6 5 6 3 0.0125 -0.221867 -0.100171 0.0213502 0.650563 0.740436 -0.0420879 0.163556 0.025218
e_6_7 6 7 4 0.0125 -0.220225 -0.12482 0.016692 0.599907 0.779267 -0.159292 0.0864895 0.025615
e_7_8 7 8 5 0.0125 -0.22357 -0.147614 0.0130019 0.696039 0.68262 -0.218148 0.0443901 0.021589
e_8_9 8 9 6 0.0125 -0.231895 -0.166154 0.0142878 0.759318 0.552711 -0.340042 -0.0481507 0.020017
e_9_2 9 2 7 0.0125 -0.245654 -0.180208 0.0140557 0.622234 0.592737 -0.487286 -0.155051 0.020396
11 7 6
2 0.076609 0.10176 0.0437285 0.0125
4 -0.353358 0.251549 0.0449268 0.0125
1 -0.376794 0.248782 0.0493611 0.0125
8 0.0591716 0.103761 0.058779 0.0125
5 -0.0432306 0.104833 0.0651878 0.0125
6 -0.0156346 0.107086 0.0729337 0.0125
7 0.0148921 0.108509 0.0795986 0.0125
e_1_4 1 4 1 0.0125 -0.365077 0.250166 0.0471436 0.519788 -0.517325 0.569844 -0.370775 0.024011
e_4_5 4 5 2 0.0125 -0.198295 0.17819 0.0550568 0.508834 -0.238119 0.643292 -0.520157 0.34368
e_5_6 5 6 3 0.0125 -0.0294326 0.105959 0.0690608 0.70236 -0.327698 0.507846 -0.376028 0.028751
e_6_7 6 7 4 0.0125 -0.00037096 0.107797 0.076266 0.674166 -0.338983 0.527777 -0.389926 0.031278
e_7_8 7 8 5 0.0125 0.037032 0.106134 0.0691881 0.356714 -0.567163 0.624566 -0.401247 0.04916
e_8_2 8 2 6 0.0125 0.0678906 0.10276 0.0512536 0.238725 -0.681536 0.600817 -0.342837 0.02312
12 6 5
2 0.0337214 -0.161115 0.144343 0.0125
7 0.0724238 -0.102873 0.146304 0.0125
6 0.0927536 -0.0615127 0.141332 0.0125
5 0.191705 0.0845823 0.0587639 0.0125
1 0.250022 0.25579 0.0357898 0.0125
4 0.234767 0.228763 0.0584061 0.0125
e_1_4 1 4 1 0.0125 0.242394 0.242277 0.0470976 0.565938 0.42284 0.163514 -0.68861 0.038401
e_4_5 4 5 2 0.0125 0.213235 0.156672 0.0585845 -0.200856 0.00181156 0.706261 -0.678859 0.150474
e_5_6 5 6 3 0.0125 0.142229 0.0115353 0.100048 0.275786 0.429714 0.321606 -0.797407 0.194814
e_6_7 6 7 4 0.0125 0.0825886 -0.0821925 0.143818 -0.24499 0.0808593 0.663204 -0.702569 0.046354
e_7_2 7 2 5 0.0125 0.0530723 -0.131994 0.145323 -0.475385 -0.116964 0.70734 -0.5099 0.069956
13 10 9
2 0.189988 0.11364 0.0192695 0.0125
11 0.197786 0.0924564 0.0229806 0.0125
10 0.203897 0.073036 0.0274279 0.0125
9 0.210153 0.053492 0.0316684 0.0125
4 0.262274 -0.102295 0.189153 0.0125
1 0.279403 -0.264519 0.300432 0.0125
8 0.214914 0.0342411 0.0492128 0.0125
5 0.271489 -0.0831255 0.162507 0.0125
6 0.245766 -0.061519 0.120424 0.0125
7 0.21883 0.0185302 0.0634797 0.0125
e_1_4 1 4 1 0.0125 0.270839 -0.183407 0.244792 0.466315 -0.883273 -0.0399141 0.0280329 0.197466
e_4_5 4 5 2 0.0125 0.266881 -0.0927108 0.17583 -0.296315 0.943751 0.0101273 0.146388 0.034094
e_5_6 5 6 3 0.0125 0.258628 -0.0723219 0.141465 0.246064 0.0305482 -0.943308 -0.220655 0.053847
e_6_7 6 7 4 0.0125 0.232297 -0.0214947 0.0919516 0.43915 -0.682917 -0.559587 -0.166233 0.101863
e_7_8 7 8 5 0.0125 0.216872 0.0263861 0.056346 0.217225 -0.27942 -0.867459 -0.349647 0.02158
e_8_9 8 9 6 0.0125 0.212533 0.0438659 0.0404405 0.211648 -0.268521 -0.871323 -0.351992 0.026478
e_9_10 9 10 7 0.0125 0.207024 0.0632637 0.0295477 0.583782 -0.77279 0.0631072 0.240857 0.020955
e_10_11 10 11 8 0.0125 0.200841 0.0827459 0.0252039 0.580678 -0.776259 0.0641939 0.236883 0.020839
e_11_2 11 2 9 0.0125 0.193887 0.103048 0.0211251 0.600467 -0.761971 0.0226479 0.24151 0.022877
14 6 5
2 -0.0491097 -0.161097 0.174141 0.0125
7 -0.0289084 -0.167062 0.182382 0.0125
6 -0.00723414 -0.165778 0.180113 0.0125
5 0.015516 -0.159522 0.170014 0.0125
1 0.434449 -0.0764394 0.2168 0.0125
4 0.0802774 -0.14337 0.173239 0.0125
e_1_4 1 4 1 0.0125 0.257363 -0.109904 0.195019 0.387849 0.677769 -0.317209 -0.538127 0.363064
e_4_5 4 5 2 0.0125 0.0478962 -0.151446 0.171626 0.447367 0.648322 -0.322183 -0.525109 0.066822
e_5_6 5 6 3 0.0125 0.00414113 -0.16265 0.175063 0.683091 0.424648 -0.350631 -0.479707 0.025665
e_6_7 6 7 4 0.0125 -0.0180718 -0.16642 0.181247 0.440365 0.561605 -0.364152 -0.598391 0.02183
e_7_2 7 2 5 0.0125 -0.0390089 -0.164079 0.178261 0.0194505 0.783597 -0.26109 -0.563408 0.022618
