8
1 9 8
2 0.0200999 -0.215932 0.0114963 0.0125
10 0.0109968 -0.197324 0.0128339 0.0125
9 -0.00794325 -0.170984 0.0172735 0.0125
4 -0.0711565 -0.00368028 0.0114919 0.0125
1 -0.28707 0.142126 0.0185529 0.0125
8 -0.0142565 -0.151324 0.0263141 0.0125
5 -0.0452596 -0.0369519 0.017156 0.0125
6 -0.0321564 -0.0638848 0.0214216 0.0125
7 -0.0181449 -0.113675 0.0302668 0.0125
e_1_4 1 4 1 0.0125 -0.179113 0.0692227 0.0150219 0.670164 0.549883 0.459537 0.193223 0.26063
e_4_5 4 5 2 0.0125 -0.0582083 -0.0203162 0.0143243 0.728877 0.604028 0.26185 0.187944 0.042541
e_5_6 5 6 3 0.0125 -0.0387073 -0.0504178 0.0192888 0.73196 0.641846 0.13247 0.186332 0.030253
e_6_7 6 7 4 0.0125 -0.0251505 -0.08878 0.0258449 0.743843 0.64419 0.0270376 0.176025 0.052475
e_7_8 7 8 5 0.0125 -0.0162003 -0.132499 0.0282909 0.642084 0.730446 -0.135629 0.189161 0.038056
e_8_9 8 9 6 0.0125 -0.0111 -0.161154 0.0217931 0.497437 0.831034 -0.099551 0.2281 0.022541
e_9_10 9 10 7 0.0125 0.00152664 -0.184154 0.015053 0.618553 0.724625 0.20668 0.222696 0.032744
e_10_2 10 2 8 0.0125 0.0155481 -0.206628 0.0121656 0.650762 0.722167 0.103327 0.21049 0.020759
2 9 8
2 0.200907 0.204403 0.0150457 0.0125
10 0.181014 0.200206 0.0217173 0.0125
9 0.163091 0.187133 0.0236626 0.0125
4 0.0840956 0.105878 0.0167191 0.0125
1 -0.142946 -0.143036 0.059851 0.0125
8 0.146921 0.170493 0.016757 0.0125
5 0.100778 0.118183 0.0127347 0.0125
6 0.122433 0.135656 0.0144691 0.0125
7 0.135511 0.152554 0.0114821 0.0125
e_1_4 1 4 1 0.0125 -0.0294246 -0.0185787 0.0382851 0.618199 -0.697421 0.277663 -0.233104 0.339656
e_4_5 4 5 2 0.0125 0.0924369 0.112031 0.0147267 0.573395 -0.682071 0.359387 -0.277196 0.021109
e_5_6 5 6 3 0.0125 0.111605 0.12692 0.0136014 0.67426 -0.600054 0.329891 -0.27655 0.027879
e_6_7 6 7 4 0.0125 0.128972 0.144105 0.0129749 0.621049 -0.713942 0.243945 -0.212308 0.021576
e_7_8 7 8 5 0.0125 0.141215 0.161524 0.014119 0.761373 -0.587226 0.186433 -0.201791 0.021903
e_8_9 8 9 6 0.0125 0.155005 0.178812 0.0202095 0.761684 -0.537241 0.262185 -0.249935 0.02421
e_9_10 9 10 7 0.0125 0.172053 0.19367 0.0226898 0.613117 -0.644449 0.358284 -0.283558 0.022269
e_10_2 10 2 8 0.0125 0.190961 0.202304 0.0183816 0.461662 -0.620446 0.520517 -0.361908 0.021398
3 8 7
2 0.351314 -0.0842426 0.0273487 0.0125
9 0.305326 -0.0725867 0.0145991 0.0125
4 -0.000323219 -0.184171 0.0422454 0.0125
1 -0.109434 -0.16703 0.0881065 0.0125
8 0.275151 -0.0791991 0.0120027 0.0125
5 0.0219012 -0.178986 0.0318498 0.0125
6 0.130264 -0.121816 0.0119503 0.0125
7 0.254297 -0.0868577 0.0119935 0.0125
e_1_4 1 4 1 0.0125 -0.0548785 -0.175601 0.0651753 0.48233 0.519069 0.649852 0.274987 0.119592
e_4_5 4 5 2 0.0125 0.010789 -0.181579 0.0370473 0.432648 0.338992 0.769639 0.324893 0.025077
e_5_6 5 6 3 0.0125 0.0760824 -0.1504 0.0219 0.566359 0.0166081 0.7615 0.314769 0.124125
e_6_7 6 7 4 0.0125 0.19228 -0.104336 0.0119719 0.645998 0.101762 0.699627 0.287842 0.128865
e_7_8 7 8 5 0.0125 0.264724 -0.083028 0.0119985 0.645246 0.0494048 0.705233 0.289592 0.022215
e_8_9 8 9 6 0.0125 0.290238 -0.0758929 0.0133009 0.683404 0.111195 0.66765 0.273566 0.031001
e_9_2 9 2 7 0.0125 0.328321 -0.078415 0.0209742 0.764044 0.303345 0.527461 0.214484 0.049126
4 8 7
2 -0.020907 0.218667 0.026117 0.0125
9 -0.0269767 0.200002 0.0304943 0.0125
4 0.00826451 0.0821393 0.0537121 0.0125
1 0.2126 -0.202061 0.0295587 0.0125
8 -0.0277091 0.179912 0.0291921 0.0125
5 -0.00327739 0.106324 0.0446046 0.0125
6 -0.0132284 0.139289 0.0334609 0.0125
7 -0.0230105 0.158222 0.0275046 0.0125
e_1_4 1 4 1 0.0125 0.110432 -0.0599607 0.0416354 0.499737 -0.0879973 -0.676638 -0.533555 0.350865
e_4_5 4 5 2 0.0125 0.00249287 0.0942318 0.0491584 0.252475 -0.00256764 -0.812946 -0.524756 0.028303
e_5_6 5 6 3 0.0125 -0.00825263 0.122806 0.0390326 0.189052 -0.0275204 -0.808201 -0.557057 0.036192
e_6_7 6 7 4 0.0125 -0.0181192 0.148755 0.0304825 0.288979 -0.017125 -0.796429 -0.530941 0.022127
e_7_8 7 8 5 0.0125 -0.0253598 0.169067 0.0283488 0.34171 -0.182193 -0.654904 -0.648953 0.022258
e_8_9 8 9 6 0.0125 -0.0273426 0.189957 0.029843 0.208851 -0.219517 -0.647689 -0.699065 0.020145
e_9_2 9 2 7 0.0125 -0.0239419 0.209335 0.0283057 -0.13783 -0.0718535 -0.776972 -0.610045 0.020109
5 10 9
2 -0.0200798 0.223224 0.121544 0.0125
11 -0.0201761 0.206296 0.103563 0.0125
10 -0.0242989 0.189175 0.0921789 0.0125
9 -0.0265691 0.168618 0.0774852 0.0125
4 0.0171384 0.00847712 0.0530552 0.0125
1 0.175807 -0.192072 0.0300246 0.0125
8 -0.031525 0.145676 0.0741651 0.0125
5 -0.00631516 0.058997 0.0609298 0.0125
6 -0.0200813 0.0899169 0.0620158 0.0125
7 -0.0256297 0.126876 0.069096 0.0125
e_1_4 1 4 1 0.0125 0.0964723 -0.0917978 0.0415394 0.302376 -0.598598 0.311179 0.673362 0.256761
e_4_5 4 5 2 0.0125 0.00541164 0.0337371 0.0569925 0.414165 -0.557145 0.345818 0.631243 0.056252
e_5_6 5 6 3 0.0125 -0.0131986 0.0744575 0.0614724 0.387762 -0.581251 0.382259 0.604703 0.033864
e_6_7 6 7 4 0.0125 -0.0228554 0.108396 0.0655552 0.530591 -0.503275 0.391971 0.558162 0.038037
e_7_8 7 8 5 0.0125 -0.0285779 0.136276 0.0716305 0.49608 -0.509697 0.340031 0.615218 0.020344
e_8_9 8 9 6 0.0125 -0.0290472 0.157146 0.0758254 0.623629 -0.451376 0.475635 0.42558 0.023706
e_9_10 9 10 7 0.0125 -0.0254339 0.178897 0.0848318 0.716914 -0.338094 0.310001 0.525001 0.02537
e_10_11 10 11 8 0.0125 -0.0222377 0.197735 0.0978711 0.737575 -0.329533 0.346364 0.476889 0.02097
e_11_2 11 2 9 0.0125 -0.0201279 0.21476 0.112554 0.734374 -0.290004 0.227689 0.569868 0.024696
6 6 5
2 -0.0511807 0.284783 0.0517368 0.0125
7 -0.0268 0.27137 0.0418587 0.0125
6 -0.0104745 0.253967 0.0386055 0.0125
5 0.0473498 0.191939 0.0413054 0.0125
1 0.377123 0.0476493 0.0257525 0.0125
4 0.188881 0.145819 0.037921 0.0125
e_1_4 1 4 1 0.0125 0.283002 0.0967342 0.0318372 -0.492424 0.662906 0.178735 -0.534909 0.212651
e_4_5 4 5 2 0.0125 0.118116 0.168879 0.0396132 -0.409637 0.668838 0.203206 -0.58614 0.148894
e_5_6 5 6 3 0.0125 0.0184378 0.222953 0.0399548 -0.552302 0.714921 0.0692648 -0.423147 0.084844
e_6_7 6 7 4 0.0125 -0.0186373 0.262669 0.0402321 -0.628889 0.64809 0.111524 -0.414777 0.024083
e_7_2 7 2 5 0.0125 -0.0389906 0.278077 0.0467973 -0.656826 0.52404 0.241079 -0.485636 0.029528
7 9 8
2 0.000211512 -0.251012 0.0750529 0.0125
10 -0.00489526 -0.224665 0.0835115 0.0125
9 -0.00233234 -0.205183 0.09043 0.0125
4 0.0188081 -0.0669278 0.0769991 0.0125
1 0.18603 0.18583 0.0606567 0.0125
8 -0.00485896 -0.185685 0.0944518 0.0125
5 0.001942 -0.119109 0.093066 0.0125
6 -0.00590093 -0.144413 0.101222 0.0125
7 -0.00859434 -0.164997 0.100256 0.0125
e_1_4 1 4 1 0.0125 0.102419 0.059451 0.0688275 0.660067 0.679527 -0.106403 -0.302048 0.303507
e_4_5 4 5 2 0.0125 0.0103751 -0.0930185 0.0850332 0.761111 0.59951 0.00112466 -0.247581 0.057145
e_5_6 5 6 3 0.0125 -0.00197946 -0.131761 0.0971438 0.766399 0.594027 0.0048446 -0.244422 0.027719
e_6_7 6 7 4 0.0125 -0.00724726 -0.154705 0.100739 0.636425 0.697468 0.191734 -0.267844 0.020782
e_7_8 7 8 5 0.0125 -0.00672661 -0.175341 0.0973548 0.562019 0.673745 0.423254 -0.225961 0.021809
e_8_9 8 9 6 0.0125 -0.00359531 -0.195435 0.0924411 0.587582 0.677207 0.376292 -0.233544 0.020068
e_9_10 9 10 7 0.0125 -0.0036138 -0.214924 0.0869708 0.50395 0.757749 0.303119 -0.282789 0.020831
e_10_2 10 2 8 0.0125 -0.00234255 -0.237838 0.0792824 0.547264 0.674516 0.441968 -0.224042 0.028139
8 11 10
2 0.375271 0.252529 0.012052 0.0125
12 0.356601 0.250568 0.018957 0.0125
11 0.338202 0.246636 0.0257539 0.0125
10 0.320458 0.241109 0.0331547 0.0125
9 0.300893 0.239372 0.0377644 0.0125
4 -0.081626 0.262329 0.0905129 0.0125
1 -0.103197 0.257462 0.0911463 0.0125
8 0.281385 0.24412 0.0394526 0.0125
5 0.0619911 0.274967 0.0341979 0.0125
6 0.0877905 0.275649 0.0294636 0.0125
7 0.261847 0.247135 0.0363446 0.0125
e_1_4 1 4 1 0.0125 -0.0924117 0.259895 0.0908296 0.530413 -0.573913 0.430037 -0.452055 0.022122
e_4_5 4 5 2 0.0125 -0.00981763 0.268649 0.0623554 0.396322 -0.636128 0.526556 -0.401258 0.154781
e_5_6 5 6 3 0.0125 0.0748903 0.275308 0.0318306 0.442111 -0.569419 0.515725 -0.462956 0.026239
e_6_7 6 7 4 0.0125 0.174819 0.261391 0.032904 0.463249 -0.452034 0.525522 -0.55217 0.176511
e_7_8 7 8 5 0.0125 0.271617 0.245627 0.0378982 0.499596 -0.418904 0.496857 -0.572762 0.020012
e_8_9 8 9 6 0.0125 0.29114 0.241746 0.0386085 0.40731 -0.466476 0.569477 -0.540549 0.020148
e_9_10 9 10 7 0.0125 0.310675 0.24024 0.0354594 0.441119 -0.598772 0.505666 -0.43725 0.020175
e_10_11 10 11 8 0.0125 0.329329 0.243872 0.0294546 0.438369 -0.685713 0.46346 -0.350479 0.020004
e_11_12 11 12 9 0.0125 0.347402 0.248602 0.022355 0.430687 -0.657973 0.486767 -0.380312 0.020005
e_12_2 12 2 10 0.0125 0.365936 0.251548 0.0155045 0.406391 -0.635043 0.518966 -0.402792 0.020003
