8
1 8 7
2 -0.24934 0.184444 0.0115133 0.0125
9 -0.229758 0.183221 0.0154018 0.0125
4 0.0304123 0.213131 0.0216739 0.0125
1 0.229805 0.288501 0.0118618 0.0125
8 -0.210431 0.181074 0.0200807 0.0125
5 -0.0609247 0.187894 0.0114974 0.0125
6 -0.170941 0.180207 0.0264445 0.0125
7 -0.190712 0.180458 0.0234207 0.0125
e_1_4 1 4 1 0.0125 0.130109 0.250816 0.0167673 -0.698368 -0.403604 0.560458 0.187813 0.213388
e_4_5 4 5 2 0.0125 -0.0152557 0.200512 0.0165851 -0.643294 -0.384979 0.636537 0.181064 0.095305
e_5_6 5 6 3 0.0125 -0.115933 0.18405 0.0189714 -0.725306 -0.220813 0.619745 0.202704 0.111293
e_6_7 6 7 4 0.0125 -0.180827 0.180333 0.0249322 -0.623871 -0.209177 0.72928 0.187564 0.020003
e_7_8 7 8 5 0.0125 -0.200572 0.180766 0.0217506 -0.617719 -0.198457 0.737606 0.187017 0.020009
e_8_9 8 9 6 0.0125 -0.220095 0.182147 0.0177417 -0.590764 -0.149852 0.771053 0.184445 0.020001
e_9_2 9 2 7 0.0125 -0.239549 0.183832 0.013458 -0.60681 -0.179965 0.751537 0.185976 0.020002
2 6 5
2 -0.0569933 0.106986 0.105725 0.0125
7 -0.0419242 0.115073 0.0948633 0.0125
6 -0.0256843 0.125469 0.0790471 0.0125
5 0.0132206 0.133392 0.0376897 0.0125
1 0.388502 0.243383 0.0294755 0.0125
4 0.0673358 0.143949 0.0120341 0.0125
e_1_4 1 4 1 0.0125 0.227919 0.193667 0.020755 -0.0884003 -0.714553 -0.123765 0.682849 0.336659
e_4_5 4 5 2 0.0125 0.0402779 0.138671 0.0248622 0.622272 -0.280103 -0.458919 0.568958 0.060812
e_5_6 5 6 3 0.0125 -0.0062315 0.129431 0.0583683 0.897665 -0.0203058 -0.372684 0.234289 0.05733
e_6_7 6 7 4 0.0125 -0.0338044 0.120271 0.0869548 0.901214 0.201996 -0.376968 0.070042 0.024939
e_7_2 7 2 5 0.0125 -0.0494586 0.11103 0.100293 0.834308 0.0868808 -0.473706 0.268301 0.02026
3 6 5
2 -0.0105871 -0.0718901 0.011491 0.0125
7 0.109196 -0.0670985 0.0385231 0.0125
6 0.132219 -0.070283 0.049405 0.0125
5 0.21151 -0.0849145 0.0792453 0.0125
1 0.420119 -0.11472 0.234319 0.0125
4 0.310088 -0.113037 0.132353 0.0125
e_1_4 1 4 1 0.0125 0.365104 -0.113878 0.183336 -0.0448219 0.912122 0.0887058 -0.397688 0.150022
e_4_5 4 5 2 0.0125 0.260799 -0.0989756 0.105799 0.463549 0.162131 -0.838878 -0.234776 0.115451
e_5_6 5 6 3 0.0125 0.171864 -0.0775987 0.0643252 0.515682 0.213117 -0.792542 -0.246031 0.085975
e_6_7 6 7 4 0.0125 0.120707 -0.0686913 0.0439642 0.419779 0.430305 -0.725843 -0.334327 0.025663
e_7_2 7 2 5 0.0125 0.0493045 -0.0694946 0.0250077 0.543404 0.411757 -0.663658 -0.307775 0.122889
4 10 9
2 -0.324546 0.0582436 0.0559879 0.0125
11 -0.312795 0.0443007 0.0470582 0.0125
10 -0.29992 0.0283307 0.0371019 0.0125
9 -0.288274 0.0136505 0.0235603 0.0125
4 0.0470985 -0.00128883 0.0114983 0.0125
1 0.129547 -0.00302177 0.026843 0.0125
8 -0.265075 -0.00814772 0.0121802 0.0125
5 -0.181297 -0.0179418 0.0124688 0.0125
6 -0.218606 -0.0205034 0.0133378 0.0125
7 -0.24682 -0.0192135 0.0139965 0.0125
e_1_4 1 4 1 0.0125 0.0883233 -0.00215558 0.0191711 0.527863 -0.446905 -0.625892 0.360412 0.083882
e_4_5 4 5 2 0.0125 -0.0670989 -0.00961544 0.0119835 0.570011 -0.376794 -0.59658 0.420959 0.229004
e_5_6 5 6 3 0.0125 -0.199952 -0.0192231 0.0129036 0.576814 -0.37368 -0.590548 0.422969 0.037407
e_6_7 6 7 4 0.0125 -0.232713 -0.0198587 0.0136665 0.599348 -0.407779 -0.567509 0.390424 0.028251
e_7_8 7 8 5 0.0125 -0.255947 -0.0136805 0.0130879 0.640793 -0.563477 -0.474205 0.216811 0.021425
e_8_9 8 9 6 0.0125 -0.276675 0.00275186 0.0178704 0.78583 -0.494789 -0.294732 0.225364 0.033805
e_9_10 9 10 7 0.0125 -0.294097 0.0209905 0.0303311 0.857003 -0.419944 -0.175477 0.241663 0.02312
e_10_11 10 11 8 0.0125 -0.306358 0.036316 0.0420796 0.822295 -0.481567 -0.223116 0.205288 0.022801
e_11_2 11 2 9 0.0125 -0.318671 0.0512724 0.0515226 0.821428 -0.477204 -0.228838 0.212523 0.020304
5 10 9
2 -0.336155 -0.167854 0.0316278 0.0125
11 -0.320367 -0.161097 0.0212672 0.0125
10 -0.301168 -0.158398 0.0163118 0.0125
9 -0.28208 -0.163086 0.0123526 0.0125
4 -0.166564 -0.141667 0.0170488 0.0125
1 0.0514634 0.082438 0.0488954 0.0125
8 -0.259517 -0.167399 0.0159163 0.0125
5 -0.193379 -0.162325 0.0143706 0.0125
6 -0.219469 -0.168893 0.011913 0.0125
7 -0.239573 -0.169999 0.0183141 0.0125
e_1_4 1 4 1 0.0125 -0.0575506 -0.029614 0.0329723 0.653231 0.40221 -0.623613 0.150412 0.314282
e_4_5 4 5 2 0.0125 -0.179971 -0.151996 0.0157097 0.670014 0.35005 -0.645684 0.107884 0.033956
e_5_6 5 6 3 0.0125 -0.206424 -0.165609 0.0131412 0.673852 0.202241 -0.710346 -0.0207371 0.027016
e_6_7 6 7 4 0.0125 -0.229521 -0.169446 0.0151131 0.805812 0.0663602 -0.5866 -0.0465087 0.021127
e_7_8 7 8 5 0.0125 -0.249545 -0.1687 0.0171153 0.649334 0.0601792 -0.745354 -0.138531 0.020256
e_8_9 8 9 6 0.0125 -0.270799 -0.165243 0.0141346 0.631068 0.0433129 -0.758142 -0.158423 0.023246
e_9_10 9 10 7 0.0125 -0.291624 -0.160743 0.0143322 0.760426 -0.0347067 -0.632508 -0.143114 0.020051
e_10_11 10 11 8 0.0125 -0.310768 -0.159748 0.0187896 0.789337 0.106607 -0.604002 -0.0276389 0.020011
e_11_2 11 2 9 0.0125 -0.328261 -0.164476 0.0264475 0.867745 0.154975 -0.46658 0.0728291 0.020056
6 11 10
2 -0.408031 -0.0139655 0.220675 0.0125
12 -0.391886 -0.0179195 0.209508 0.0125
11 -0.374478 -0.0222869 0.200542 0.0125
10 -0.357545 -0.0175284 0.190228 0.0125
9 -0.34033 -0.0132612 0.18088 0.0125
4 -0.172917 -0.00393198 0.0939431 0.0125
1 0.0474832 0.00596002 0.0483822 0.0125
8 -0.321876 -0.00930582 0.169842 0.0125
5 -0.270288 -0.00748812 0.125128 0.0125
6 -0.290472 -0.0058696 0.138552 0.0125
7 -0.304655 -0.00562184 0.159536 0.0125
e_1_4 1 4 1 0.0125 -0.0627166 0.00101362 0.0711629 0.283829 -0.576769 -0.257322 0.721501 0.225278
e_4_5 4 5 2 0.0125 -0.221602 -0.00571045 0.109536 0.300819 -0.538775 -0.239397 0.749612 0.102304
e_5_6 5 6 3 0.0125 -0.28038 -0.00667851 0.13184 0.364931 -0.444802 -0.160865 0.801935 0.024295
e_6_7 6 7 4 0.0125 -0.297564 -0.00574532 0.149044 0.386157 -0.269934 -0.113581 0.87471 0.02533
e_7_8 7 8 5 0.0125 -0.313266 -0.00746343 0.16469 0.283011 -0.425879 -0.257071 0.820028 0.020405
e_8_9 8 9 6 0.0125 -0.331103 -0.0112835 0.175362 0.282866 -0.42593 -0.257239 0.819999 0.021864
e_9_10 9 10 7 0.0125 -0.348938 -0.0153944 0.185554 0.267808 -0.437376 -0.274881 0.813278 0.020049
e_10_11 10 11 8 0.0125 -0.366011 -0.0199073 0.195385 0.266403 -0.414153 -0.27491 0.825791 0.020389
e_11_12 11 12 9 0.0125 -0.383182 -0.0201035 0.205025 0.395357 -0.511086 -0.123801 0.753098 0.020062
e_12_2 12 2 10 0.0125 -0.399959 -0.0159428 0.215091 0.404986 -0.457192 -0.11021 0.784102 0.020026
7 7 6
2 0.15484 -0.0367649 0.0535385 0.0125
4 -0.125146 -0.158755 0.0235956 0.0125
1 -0.279533 -0.266217 0.0122913 0.0125
8 0.134451 -0.0378523 0.0525129 0.0125
5 0.0775688 -0.0563724 0.0544109 0.0125
6 0.0961262 -0.0469531 0.0572321 0.0125
7 0.114476 -0.038961 0.0584718 0.0125
e_1_4 1 4 1 0.0125 -0.20234 -0.212486 0.0179431 0.29321 0.357278 0.585114 0.666349 0.188444
e_4_5 4 5 2 0.0125 -0.0237888 -0.107564 0.0390026 0.396117 0.343447 0.561088 0.640559 0.229184
e_5_6 5 6 3 0.0125 0.0868479 -0.0516624 0.0558213 0.395171 0.343163 0.561305 0.641106 0.021001
e_6_7 6 7 4 0.0125 0.105301 -0.0429573 0.0578522 0.388443 0.385466 0.566124 0.616467 0.020053
e_7_8 7 8 5 0.0125 0.124464 -0.0384071 0.0554929 0.389696 0.577969 0.555596 0.453213 0.020874
e_8_2 8 2 6 0.0125 0.144645 -0.0373082 0.053026 0.523504 0.44931 0.52254 0.501014 0.020444
8 7 6
2 0.256181 0.140989 0.0364749 0.0125
4 0.203643 -0.0989393 0.112077 0.0125
1 0.136022 -0.305092 0.216755 0.0125
8 0.25242 0.120886 0.0426097 0.0125
5 0.237371 0.0306192 0.0579439 0.0125
6 0.246398 0.0794822 0.0539999 0.0125
7 0.247854 0.10099 0.0487143 0.0125
e_1_4 1 4 1 0.0125 0.169832 -0.202016 0.164416 -0.461443 0.567213 -0.628921 -0.264194 0.240893
e_4_5 4 5 2 0.0125 0.220507 -0.0341606 0.0850105 -0.426577 0.477188 -0.678029 -0.361387 0.144407
e_5_6 5 6 3 0.0125 0.241885 0.0550507 0.0559714 0.60716 -0.70591 -0.203112 -0.302976 0.049847
e_6_7 6 7 4 0.0125 0.247126 0.090236 0.0513566 0.0860375 -0.16204 -0.76994 -0.611173 0.022195
e_7_8 7 8 5 0.0125 0.250137 0.110938 0.0456614 -0.404908 0.398051 -0.696286 -0.43908 0.021306
e_8_2 8 2 6 0.0125 0.2543 0.130938 0.0395417 -0.299855 0.268567 -0.755996 -0.516168 0.021353
