2
1 8 7
2 -0.028185 0.0958896 0.0592155 0.0125
9 -0.0206904 0.0848724 0.0405708 0.0125
4 -0.211403 -0.231459 0.0238506 0.0125
1 -0.266987 -0.278708 0.0121613 0.0125
8 -0.0130438 0.0630932 0.0321756 0.0125
5 -0.187119 -0.211122 0.0291746 0.0125
6 -0.0482515 -0.0839024 0.0241975 0.0125
7 -0.00520827 0.0149243 0.020187 0.0125
e_1_4 1 4 1 0.0125 -0.239195 -0.255083 0.0180057 -0.415954 -0.184259 -0.622049 -0.637249 0.073883
e_4_5 4 5 2 0.0125 -0.199261 -0.22129 0.0265127 -0.429275 -0.176315 -0.62131 -0.631356 0.032119
e_5_6 5 6 3 0.0125 -0.117686 -0.147512 0.0266862 -0.400336 -0.154949 -0.699427 -0.571422 0.188398
e_6_7 6 7 4 0.0125 -0.0267295 -0.0344888 0.0221925 0.129403 -0.405648 -0.595013 -0.681662 0.107867
e_7_8 7 8 5 0.0125 -0.00912568 0.039009 0.0261815 0.665621 -0.462284 -0.408674 -0.419796 0.050253
e_8_9 8 9 6 0.0125 -0.0168668 0.0739827 0.0363728 0.762185 -0.434081 -0.375064 -0.299958 0.024562
e_9_2 9 2 7 0.0125 -0.0244383 0.0903809 0.0498933 0.943395 -0.273444 -0.135782 0.129602 0.022917
2 6 5
2 -0.0443055 -0.0565496 0.0467173 0.0125
7 -0.0697709 -0.0568014 0.0438301 0.0125
6 -0.0864651 -0.0460223 0.0476249 0.0125
5 -0.112115 -0.0345831 0.0455419 0.0125
1 -0.387612 0.274769 0.0432932 0.0125
4 -0.190316 0.108601 0.0133421 0.0125
e_1_4 1 4 1 0.0125 -0.288964 0.191686 0.0283177 0.261908 -0.335587 0.667122 -0.611338 0.259681
e_4_5 4 5 2 0.0125 -0.151216 0.0370095 0.029442 0.577677 0.61879 -0.142423 0.512937 0.166296
e_5_6 5 6 3 0.0125 -0.0992903 -0.0403027 0.0465834 0.587289 -0.149571 0.663812 -0.438262 0.028162
e_6_7 6 7 4 0.0125 -0.078118 -0.0514119 0.045728 0.180971 -0.502023 0.584613 -0.611105 0.020231
e_7_2 7 2 5 0.0125 -0.0570383 -0.0566755 0.0452732 0.638243 -0.350291 0.566542 -0.385969 0.02563
