2
1 7 6
2 0.328544 -0.00215075 0.0195655 0.0125
4 -0.130976 0.077699 0.0148471 0.0125
1 -0.155022 0.0874508 0.0314529 0.0125
8 0.305296 0.00869735 0.0144143 0.0125
5 0.00268182 0.0608744 0.0123493 0.0125
6 0.198628 0.0144299 0.014449 0.0125
7 0.270013 0.0124878 0.015034 0.0125
e_1_4 1 4 1 0.0125 -0.142999 0.0825749 0.02315 0.339954 0.807451 0.342831 0.339001 0.030807
e_4_5 4 5 2 0.0125 -0.0641474 0.0692868 0.0135977 0.625604 0.398176 0.592222 0.315196 0.134736
e_5_6 5 6 3 0.0125 0.100656 0.0376521 0.0133986 0.646562 0.431887 0.55521 0.295251 0.201387
e_6_7 6 7 4 0.0125 0.234321 0.0134587 0.0147422 0.637094 0.327894 0.623211 0.313376 0.071414
e_7_8 7 8 5 0.0125 0.287654 0.0105924 0.0147237 0.625361 0.388229 0.598345 0.316519 0.035491
e_8_2 8 2 6 0.0125 0.31692 0.00327313 0.0169906 0.742558 0.41823 0.47606 0.21693 0.026166
2 6 5
2 -0.064691 -0.287768 0.0128491 0.0125
7 -0.0655376 -0.264829 0.018543 0.0125
6 -0.0594542 -0.242827 0.0239078 0.0125
5 -0.0466237 -0.0662256 0.0122955 0.0125
1 0.0385291 0.188179 0.0680643 0.0125
4 0.0357159 0.159608 0.0560247 0.0125
e_1_4 1 4 1 0.0125 0.0371229 0.173893 0.0620448 -0.17182 -0.334685 -0.762462 0.526417 0.031131
e_4_5 4 5 2 0.0125 -0.00545391 0.0466912 0.0341601 -0.0972303 -0.369421 -0.673067 0.633289 0.244321
e_5_6 5 6 3 0.0125 -0.0530392 -0.154526 0.0181015 -0.235931 -0.267258 -0.62917 0.690692 0.177447
e_6_7 6 7 4 0.0125 -0.0624959 -0.253828 0.0212248 -0.124673 -0.356305 -0.698167 0.60833 0.02345
e_7_2 7 2 5 0.0125 -0.0651139 -0.276299 0.0156964 -0.242338 -0.282865 -0.73509 0.566482 0.023651
