2
1 8 7
2 -0.0498105 0.149766 0.0341734 0.0125
9 -0.0542071 0.137439 0.0172598 0.0125
4 -0.148308 -0.0850198 0.0137531 0.0125
1 -0.260986 -0.288504 0.0124068 0.0125
8 -0.0587091 0.117838 0.014403 0.0125
5 -0.0864102 0.0146437 0.0123729 0.0125
6 -0.0678873 0.0778197 0.0190994 0.0125
7 -0.0615182 0.0969205 0.0129964 0.0125
e_1_4 1 4 1 0.0125 -0.204646 -0.186762 0.01308 0.615078 -0.364987 0.603233 0.352951 0.232603
e_4_5 4 5 2 0.0125 -0.117359 -0.0351883 0.0130635 0.602774 -0.325062 0.632628 0.361635 0.117329
e_5_6 5 6 3 0.0125 -0.0771487 0.0462317 0.0157361 0.692814 -0.532741 0.40665 0.266142 0.066178
e_6_7 6 7 4 0.0125 -0.0647025 0.0873694 0.0160474 0.366144 -0.267831 0.757172 0.469995 0.021039
e_7_8 7 8 5 0.0125 -0.0601143 0.107379 0.0136996 0.696508 -0.618529 0.290133 0.219366 0.021152
e_8_9 8 9 6 0.0125 -0.0564582 0.127639 0.0158312 0.721726 -0.567351 0.328311 0.222341 0.020313
e_9_2 9 2 7 0.0125 -0.0520094 0.143603 0.0257167 0.945209 -0.309377 0.0940508 -0.0449514 0.021386
2 7 6
2 0.139656 0.115019 0.0118751 0.0125
4 -0.162059 -0.199222 0.0359977 0.0125
1 -0.190627 -0.191607 0.0332059 0.0125
8 0.129277 0.0830393 0.0356782 0.0125
5 -0.0862842 -0.17692 0.0127515 0.0125
6 -0.0328441 -0.145129 0.0175912 0.0125
7 0.128417 0.0629721 0.0385845 0.0125
e_1_4 1 4 1 0.0125 -0.176343 -0.195415 0.0346025 -0.736488 -0.232257 -0.631697 -0.0678327 0.029697
e_4_5 4 5 2 0.0125 -0.124171 -0.188071 0.0243753 -0.295799 -0.556326 -0.575905 -0.520901 0.082338
e_5_6 5 6 3 0.0125 -0.0595637 -0.161025 0.0151716 0.00663202 -0.586766 -0.34192 -0.733997 0.062369
e_6_7 6 7 4 0.0125 0.0477864 -0.041079 0.0280874 0.354453 -0.622716 -0.269226 -0.64351 0.264107
e_7_8 7 8 5 0.0125 0.128847 0.0730057 0.0371314 0.550916 -0.653246 -0.380615 -0.353404 0.020294
e_8_2 8 2 6 0.0125 0.134466 0.0990291 0.0237764 0.250081 -0.689853 -0.559474 -0.385422 0.041195
