2
1 9 8
2 -0.0103739 -0.0231932 0.132236 0.0125
10 0.0234324 -0.029686 0.107226 0.0125
9 0.0442285 -0.0330703 0.0935957 0.0125
4 0.231512 0.17135 0.0122365 0.0125
1 0.244479 0.274769 0.0288152 0.0125
8 0.0566021 -0.0245127 0.0532126 0.0125
5 0.0949914 0.0334365 0.0116141 0.0125
6 0.0738862 0.0162684 0.0132264 0.0125
7 0.0663299 -0.0103923 0.0266409 0.0125
e_1_4 1 4 1 0.0125 0.237996 0.22306 0.0205264 0.649187 0.754163 -0.0989019 0.00367592 0.105539
e_4_5 4 5 2 0.0125 0.163252 0.102393 0.0119253 0.705931 0.498059 -0.503531 0.00744181 0.194058
e_5_6 5 6 3 0.0125 0.0844383 0.0248525 0.0124208 0.727685 0.427157 -0.536611 0.0076986 0.027254
e_6_7 6 7 4 0.0125 0.0701076 0.00293806 0.0199337 0.847256 0.51032 -0.147352 0.00416721 0.030787
e_7_8 7 8 5 0.0125 0.061466 -0.017452 0.0399273 0.959219 0.232067 -0.161329 0.00406756 0.031624
e_8_9 8 9 6 0.0125 0.0504148 -0.028791 0.0734046 0.984138 0.100332 -0.14626 0.0037423 0.043094
e_9_10 9 10 7 0.0125 0.0338309 -0.0313781 0.100411 0.878377 -0.0802367 -0.47114 0.00648597 0.025094
e_10_2 10 2 8 0.0125 0.00652976 -0.0264401 0.119731 0.890984 -0.0887496 -0.445232 0.00623665 0.042551
2 8 7
2 0.381768 0.0654727 0.0285222 0.0125
9 0.3629 0.0573621 0.0257325 0.0125
4 0.245592 -0.0214809 0.0121879 0.0125
1 0.0407276 -0.284126 0.0124998 0.0125
8 0.343906 0.0507203 0.0237767 0.0125
5 0.297293 0.0147597 0.0186583 0.0125
6 0.310694 0.0288359 0.0292035 0.0125
7 0.32833 0.037888 0.026026 0.0125
e_1_4 1 4 1 0.0125 0.14316 -0.152803 0.0123436 0.407779 -0.677211 -0.20458 -0.577277 0.333095
e_4_5 4 5 2 0.0125 0.271443 -0.00336048 0.0154227 0.540695 -0.656112 0.136181 -0.508547 0.063468
e_5_6 5 6 3 0.0125 0.303993 0.0217982 0.0239306 0.61629 -0.511394 -0.00523241 -0.598862 0.022112
e_6_7 6 7 4 0.0125 0.319512 0.0333618 0.0276155 0.504764 -0.695666 0.3085 -0.40754 0.020077
e_7_8 7 8 5 0.0125 0.336118 0.0443042 0.0249014 0.432002 -0.745164 0.0116736 -0.507907 0.020306
e_8_9 8 9 6 0.0125 0.353403 0.0540418 0.0247544 0.619161 -0.533462 0.408724 -0.406206 0.020217
e_9_2 9 2 7 0.0125 0.372334 0.0614175 0.0271267 0.610128 -0.564775 0.337217 -0.441653 0.020726
