2
1 6 5
2 -0.166759 0.219353 0.0162218 0.0125
7 -0.147632 0.193482 0.0224962 0.0125
6 -0.130483 0.185734 0.0152704 0.0125
5 -0.0942214 0.144863 0.0114984 0.0125
1 -0.0520939 -0.245024 0.011499 0.0125
4 -0.0907925 0.105261 0.014517 0.0125
e_1_4 1 4 1 0.0125 -0.0714431 -0.0698806 0.0130081 0.706312 -0.688047 -0.14936 -0.0735293 0.35243
e_4_5 4 5 2 0.0125 -0.0925074 0.125062 0.0130077 0.675999 -0.719888 -0.140098 -0.0718224 0.039864
e_5_6 5 6 3 0.0125 -0.112353 0.165299 0.0133844 0.722538 -0.435533 -0.525235 -0.111254 0.054768
e_6_7 6 7 4 0.0125 -0.139058 0.189608 0.0188838 0.81676 -0.162103 -0.542671 -0.110149 0.020158
e_7_2 7 2 5 0.0125 -0.157196 0.206417 0.019359 0.625649 -0.528866 -0.562146 -0.113384 0.03278
2 9 8
2 -0.0691038 -0.162033 0.0623935 0.0125
10 -0.077556 -0.144513 0.0673076 0.0125
9 -0.0861418 -0.128683 0.0760151 0.0125
4 -0.0465244 0.0266637 0.0700311 0.0125
1 0.140455 0.233776 0.0120282 0.0125
8 -0.0904833 -0.109759 0.0817662 0.0125
5 -0.0805876 -0.04882 0.0914045 0.0125
6 -0.078919 -0.0699435 0.0977932 0.0125
7 -0.0834527 -0.091091 0.0974944 0.0125
e_1_4 1 4 1 0.0125 0.0469659 0.130219 0.0410292 -0.357186 0.159703 0.610518 -0.688608 0.284993
e_4_5 4 5 2 0.0125 -0.0635556 -0.0110783 0.080718 0.0951191 0.317239 0.52384 -0.784795 0.085527
e_5_6 5 6 3 0.0125 -0.0797537 -0.0593815 0.0945987 0.591566 0.406404 0.436477 -0.542562 0.022131
e_6_7 6 7 4 0.0125 -0.0811863 -0.080517 0.0976436 0.201702 0.342915 0.623941 -0.672625 0.02163
e_7_8 7 8 5 0.0125 -0.0869681 -0.100425 0.08963 -0.0343963 0.249733 0.864417 -0.43501 0.025403
e_8_9 8 9 6 0.0125 -0.0883119 -0.119221 0.0788905 0.385975 0.366894 0.712314 -0.457188 0.02025
e_9_10 9 10 7 0.0125 -0.0818485 -0.136599 0.0716612 0.42617 0.356038 0.768702 -0.317353 0.020002
e_10_2 10 2 8 0.0125 -0.0733299 -0.153273 0.0648506 0.498817 0.376689 0.693225 -0.358785 0.020063
