7
1 23 22
3 0.353144 -0.158061 0.0726675 0.0125
24 0.337311 -0.141033 0.0556595 0.0125
23 0.324193 -0.132758 0.0414775 0.0125
22 0.309516 -0.121577 0.0279491 0.0125
4 0.286293 -0.202898 0.0425272 0.0125
21 0.292271 -0.183019 0.0333648 0.0125
1 0.291845 -0.108875 0.0114727 0.0125
6 0.107026 0.112034 0.0231842 0.0125
11 0.127708 0.121387 0.0245238 0.0125
10 0.14691 0.130707 0.026252 0.0125
9 0.166716 0.139507 0.0272077 0.0125
2 0.238936 0.179712 0.0114994 0.0125
19 0.289956 -0.0688371 0.0165839 0.0125
8 0.222025 0.169454 0.0153576 0.0125
12 0.275507 0.207547 0.0114559 0.0125
13 0.299971 0.228803 0.0125869 0.0125
5 0.314956 0.243626 0.0173675 0.0125
14 0.265096 0.10198 0.0182339 0.0125
15 0.293716 0.0257889 0.0208063 0.0125
16 0.297666 -0.00885433 0.0194301 0.0125
17 0.29638 -0.0293877 0.0211637 0.0125
18 0.293158 -0.0493391 0.0197871 0.0125
20 0.289847 -0.0891162 0.0140653 0.0125
e_2_8 2 8 1 0.0125 0.23048 0.174583 0.0134292 0.708653 0.0873378 -0.629793 0.30585 0.020152
e_8_9 8 9 2 0.0125 0.19437 0.15448 0.0212824 0.622355 -0.084623 -0.632668 0.453039 0.064002
e_9_10 9 10 3 0.0125 0.156813 0.135107 0.0267296 -0.216302 -0.718913 -0.0720367 0.65665 0.021694
e_10_11 10 11 4 0.0125 0.137309 0.126047 0.0253872 -0.370127 -0.729299 0.0920735 0.568025 0.021414
e_11_6 11 6 5 0.0125 0.117368 0.11671 0.0238538 -0.267439 -0.727414 -0.0176071 0.631692 0.022738
e_2_12 2 12 1 0.0125 0.257221 0.19363 0.0114783 0.704347 -0.380375 0.596476 0.0585265 0.045959
e_12_13 12 13 2 0.0125 0.287739 0.218175 0.0120221 0.714594 -0.39254 0.573132 0.0823862 0.032428
e_13_5 13 5 3 0.0125 0.307464 0.236214 0.0149772 0.773864 -0.37317 0.500159 0.108258 0.021613
e_2_14 2 14 1 0.0125 0.252016 0.140846 0.014866 0.496873 0.274501 0.619462 -0.542248 0.082293
e_14_15 14 15 2 0.0125 0.279406 0.0638841 0.0195197 0.476432 0.249028 0.649759 -0.537412 0.081429
e_15_16 15 16 3 0.0125 0.295691 0.00846729 0.0201182 0.35846 0.300612 0.655251 -0.593114 0.034895
e_16_17 16 17 4 0.0125 0.297023 -0.0191208 0.0202973 0.397709 0.400459 0.545579 -0.619519 0.020646
e_17_18 17 18 5 0.0125 0.294769 -0.039363 0.0204752 0.234491 0.357237 0.637455 -0.64113 0.020257
e_18_19 18 19 6 0.0125 0.291558 -0.059088 0.0181862 0.155169 0.299722 0.700122 -0.629221 0.020017
e_19_20 19 20 7 0.0125 0.289902 -0.0789767 0.0153246 0.254965 0.292328 0.690054 -0.611034 0.020435
e_20_1 20 1 8 0.0125 0.290846 -0.0989948 0.0127687 0.292923 0.264216 0.703503 -0.591159 0.020028
e_1_21 1 21 1 0.0125 0.292058 -0.145947 0.0224187 0.569582 0.423293 0.423365 -0.563172 0.07731
e_21_4 21 4 2 0.0125 0.289282 -0.192958 0.0379455 0.664194 0.510354 0.194006 -0.510634 0.02269
e_1_22 1 22 1 0.0125 0.30068 -0.115226 0.0197107 0.84758 0.129369 0.425977 -0.288817 0.027296
e_22_23 22 23 2 0.0125 0.316855 -0.127168 0.0347131 0.840399 0.137564 0.430616 -0.298958 0.02288
e_23_24 23 24 3 0.0125 0.330752 -0.136896 0.0485685 0.879841 0.113094 0.387031 -0.251587 0.021016
e_24_3 24 3 4 0.0125 0.345228 -0.149547 0.0641642 0.826069 0.190951 0.410297 -0.335864 0.028808
2 21 20
3 0.127644 0.0753451 0.0385638 0.0125
22 0.0905257 0.0939289 0.0303374 0.0125
4 0.112255 0.193897 0.0142095 0.0125
21 0.091256 0.175426 0.0169023 0.0125
20 0.0680443 0.153818 0.0210518 0.0125
6 0.00488949 -0.0870501 0.0858946 0.0125
11 0.024044 -0.0991826 0.0831793 0.0125
10 0.041203 -0.110006 0.0803301 0.0125
9 0.0650294 -0.124015 0.0702733 0.0125
2 0.124226 -0.161522 0.0382436 0.0125
19 0.0486815 0.0954314 0.0192978 0.0125
8 0.0912003 -0.137291 0.0574355 0.0125
12 0.108692 -0.162355 0.0566965 0.0125
13 0.0900242 -0.163558 0.0786501 0.0125
14 0.0709918 -0.158988 0.0943928 0.0125
5 0.0529004 -0.155103 0.106113 0.0125
15 0.103139 -0.0909315 0.0282886 0.0125
16 0.0741238 0.00742836 0.0114785 0.0125
17 0.0612728 0.0342057 0.0141741 0.0125
18 0.0537656 0.0682442 0.0162945 0.0125
1 0.0418632 0.12369 0.0217614 0.0125
e_2_8 2 8 1 0.0125 0.107713 -0.149407 0.0478392 0.702101 -0.504054 -0.183831 0.468177 0.045234
e_8_9 8 9 2 0.0125 0.0781152 -0.130653 0.0638546 0.681847 -0.484781 -0.254127 0.485276 0.032031
e_9_10 9 10 3 0.0125 0.0531157 -0.11701 0.0753021 0.661535 -0.526417 -0.227889 0.483036 0.029413
e_10_11 10 11 4 0.0125 0.0326232 -0.104594 0.0817545 0.579816 -0.624131 -0.202291 0.483065 0.020486
e_11_6 11 6 5 0.0125 0.0144672 -0.0931162 0.0845375 0.571502 -0.633098 -0.199295 0.482549 0.022836
e_2_12 2 12 1 0.0125 0.116459 -0.161938 0.04747 0.834201 -0.141126 -0.312738 0.431725 0.024135
e_12_13 12 13 2 0.0125 0.0993576 -0.162957 0.0676734 0.832946 -0.139119 -0.316345 0.432172 0.028843
e_13_14 13 14 3 0.0125 0.0805085 -0.161274 0.0865211 0.770363 -0.304573 -0.306377 0.468945 0.025118
e_14_5 14 5 4 0.0125 0.0619463 -0.157046 0.100252 0.729921 -0.345058 -0.336741 0.484516 0.021904
e_2_15 2 15 1 0.0125 0.113683 -0.126226 0.0332661 0.560441 -0.72739 0.19457 0.344894 0.074342
e_15_16 15 16 2 0.0125 0.0886314 -0.0417511 0.019883 0.550125 -0.734862 0.202136 0.341293 0.103919
e_16_17 16 17 3 0.0125 0.0676988 0.0208175 0.0128262 0.624792 -0.669966 0.0770953 0.393494 0.029823
e_17_18 17 18 4 0.0125 0.0575192 0.051225 0.0152343 0.640537 -0.658848 0.188593 0.346503 0.034921
e_18_19 18 19 5 0.0125 0.0512239 0.0818375 0.0177964 0.660493 -0.639129 0.193709 0.343131 0.027821
e_19_1 19 1 6 0.0125 0.0452727 0.10956 0.0205298 0.646688 -0.653529 0.17518 0.352145 0.029174
e_1_20 1 20 1 0.0125 0.0549543 0.138754 0.0214062 0.689298 -0.445225 0.557371 0.126415 0.03992
e_20_21 20 21 2 0.0125 0.07965 0.164622 0.0189768 0.653758 -0.434199 0.613465 0.0879367 0.031983
e_21_4 21 4 3 0.0125 0.101756 0.184661 0.0155559 0.666973 -0.414715 0.613137 0.0849769 0.028097
e_1_22 1 22 1 0.0125 0.066195 0.108809 0.026049 0.747481 0.243991 0.605089 -0.124934 0.057682
e_22_3 22 3 2 0.0125 0.109084 0.084637 0.0344498 0.765805 0.205447 0.60049 -0.103657 0.042318
3 26 25
3 0.0617253 0.17924 0.0114918 0.0125
27 0.0469349 0.191172 0.0516826 0.0125
4 -0.0123385 0.265618 0.0643708 0.0125
26 -0.00466953 0.251291 0.0760291 0.0125
25 0.00324175 0.237362 0.0880053 0.0125
24 0.0132665 0.221441 0.0947883 0.0125
23 0.0232528 0.205523 0.101635 0.0125
1 0.0327963 0.188338 0.105321 0.0125
22 0.0229274 0.172172 0.098739 0.0125
21 0.00982866 0.158636 0.0918483 0.0125
12 -0.0660378 -0.16582 0.0416261 0.0125
11 -0.0735868 -0.146328 0.0384035 0.0125
10 -0.0796104 -0.125378 0.0337729 0.0125
9 -0.0852781 -0.105728 0.0294156 0.0125
2 -0.114373 -0.049699 0.0225842 0.0125
19 -0.0174851 0.131582 0.0803792 0.0125
8 -0.098955 -0.0715908 0.0256473 0.0125
6 -0.0524459 -0.181818 0.0472638 0.0125
13 -0.144655 -0.000544043 0.0120488 0.0125
5 -0.170938 0.0312367 0.0144848 0.0125
14 -0.0953572 -0.0145907 0.0485445 0.0125
15 -0.0845561 0.0219501 0.0601432 0.0125
16 -0.0576004 0.0746502 0.0613774 0.0125
17 -0.0448074 0.0961319 0.0699054 0.0125
18 -0.0317775 0.11731 0.0786838 0.0125
20 -0.00333256 0.145102 0.0851716 0.0125
e_2_8 2 8 1 0.0125 -0.106664 -0.060645 0.0241162 0.654359 0.293022 0.59775 -0.358674 0.026952
e_8_9 8 9 2 0.0125 -0.092116 -0.0886601 0.0275317 0.733744 0.577232 0.340353 -0.112173 0.036967
e_9_10 9 10 3 0.0125 -0.0824446 -0.115554 0.0315945 0.774662 0.588062 0.223563 -0.0640432 0.02091
e_10_11 10 11 4 0.0125 -0.0765991 -0.135853 0.036088 0.774531 0.588755 0.222458 -0.0630993 0.022285
e_11_12 11 12 5 0.0125 -0.0698119 -0.156073 0.0400146 0.749692 0.562684 0.327395 -0.119005 0.02115
e_12_6 12 6 6 0.0125 -0.0592418 -0.173819 0.044445 0.679935 0.194269 0.576695 -0.40911 0.021737
e_2_13 2 13 1 0.0125 -0.129514 -0.0251219 0.0173159 0.610927 -0.502677 -0.580582 -0.192375 0.058687
e_13_5 13 5 2 0.0125 -0.157796 0.015347 0.0132668 0.704256 -0.401623 -0.556069 -0.183056 0.041313
e_2_14 2 14 1 0.0125 -0.104866 -0.0321445 0.0355645 0.735174 -0.475253 -0.0398535 -0.481731 0.047625
e_14_15 14 15 2 0.0125 -0.0899573 0.0036795 0.0543436 0.669909 -0.56915 -0.174533 -0.443655 0.03983
e_15_16 15 16 3 0.0125 -0.0710785 0.0483006 0.0607605 0.542918 -0.6805 -0.162783 -0.464393 0.059207
e_16_17 16 17 4 0.0125 -0.0512035 0.0853913 0.0656412 0.646915 -0.578105 -0.0661388 -0.492871 0.026417
e_17_18 17 18 5 0.0125 -0.0382922 0.10672 0.0742944 0.648747 -0.574611 -0.0580843 -0.495555 0.026369
e_18_19 18 19 6 0.0125 -0.0246308 0.124445 0.0795317 0.513738 -0.676838 -0.0082575 -0.527158 0.020269
e_19_20 19 20 7 0.0125 -0.0104094 0.138342 0.0827758 0.5748 -0.616327 0.0349706 -0.537144 0.020151
e_20_21 20 21 8 0.0125 0.00324819 0.151869 0.08851 0.619586 -0.576201 0.0358548 -0.531808 0.020024
e_21_22 21 22 9 0.0125 0.0163779 0.165405 0.0952932 0.624091 -0.571751 0.0364587 -0.531303 0.020057
e_22_1 22 1 10 0.0125 0.0278618 0.180255 0.10203 0.647464 -0.576375 -0.0604439 -0.494902 0.020051
e_1_23 1 23 1 0.0125 0.0280245 0.19693 0.103478 0.605161 -0.518057 -0.568987 -0.204084 0.02
e_23_24 23 24 2 0.0125 0.01826 0.213482 0.0982115 0.548026 -0.535167 -0.620318 -0.168731 0.02
e_24_25 24 25 3 0.0125 0.00825451 0.229402 0.0913966 0.549514 -0.533959 -0.620039 -0.16874 0.02
e_25_26 25 26 4 0.0125 -0.000713407 0.244326 0.0820174 0.425336 -0.600008 -0.662875 -0.140272 0.02
e_26_4 26 4 5 0.0125 -0.00850376 0.258454 0.0702003 0.431598 -0.604061 -0.653112 -0.149259 0.02
e_1_27 1 27 1 0.0125 0.0398665 0.189755 0.0785017 -0.0549847 -0.800325 -0.585095 -0.11883 0.055543
e_27_3 27 3 2 0.0125 0.0543298 0.185206 0.0315868 -0.212396 -0.779817 -0.586432 -0.0535878 0.044457
4 18 17
3 0.0577952 -0.0326102 0.0158992 0.0125
19 0.0346949 -0.034669 0.0318697 0.0125
11 0.247297 0.143436 0.0513154 0.0125
10 0.226093 0.154358 0.0631012 0.0125
6 0.110834 0.063355 0.110269 0.0125
9 0.154113 0.114059 0.105536 0.0125
2 0.207048 0.165859 0.068994 0.0125
8 0.174013 0.133984 0.0968682 0.0125
12 0.270647 0.131122 0.0383658 0.0125
5 0.283343 0.123908 0.0233059 0.0125
13 0.0561781 0.043413 0.0532158 0.0125
14 0.0209775 0.0193689 0.0522141 0.0125
15 0.00616948 0.00549358 0.0577997 0.0125
16 -0.0105362 -0.00729072 0.0611488 0.0125
1 -0.0271366 -0.0180645 0.0644631 0.0125
18 0.0144178 -0.0610171 0.0315862 0.0125
17 -0.0137971 -0.0316373 0.0523302 0.0125
4 0.0334748 -0.0777213 0.0125107 0.0125
e_2_8 2 8 1 0.0125 0.190531 0.149922 0.0829311 0.605441 0.490399 -0.000232944 -0.626858 0.053705
e_8_9 8 9 2 0.0125 0.164063 0.124022 0.101202 0.417395 0.57698 0.141487 -0.687646 0.029465
e_9_6 9 6 3 0.0125 0.132474 0.0887065 0.107902 0.305576 0.618579 0.28626 -0.66486 0.066831
e_2_10 2 10 1 0.0125 0.216571 0.160109 0.0660478 0.6099 0.406027 0.680554 -0.00326732 0.023016
e_10_11 10 11 2 0.0125 0.236695 0.148897 0.0572079 0.527454 0.412751 0.742393 0.0167678 0.026604
e_11_12 11 12 3 0.0125 0.258972 0.137279 0.0448397 0.528792 0.414428 0.740577 0.0131678 0.029403
e_12_5 12 5 4 0.0125 0.276996 0.127515 0.0308358 0.375487 0.444248 0.813397 -0.00630687 0.020976
e_2_13 2 13 1 0.0125 0.131612 0.104636 0.0611055 0.107219 0.636912 0.367166 -0.669355 0.194945
e_13_14 13 14 2 0.0125 0.0385776 0.0313914 0.0527155 0.0807339 0.633375 0.332546 -0.694069 0.04264
e_14_15 14 15 3 0.0125 0.0135735 0.0124312 0.0550069 0.378691 0.586207 0.153867 -0.699485 0.021048
e_15_16 15 16 4 0.0125 -0.00218304 -0.000898552 0.0594749 0.238467 0.613198 0.212992 -0.722327 0.021302
e_16_1 16 1 5 0.0125 -0.0188369 -0.0126775 0.0628062 0.193612 0.613452 0.202749 -0.738298 0.020066
e_1_17 1 17 1 0.0125 -0.020467 -0.0248505 0.0583963 0.469882 0.480586 0.733366 -0.102092 0.02257
e_17_18 17 18 2 0.0125 0.000310416 -0.0463275 0.0419586 0.510974 0.477431 0.706368 -0.109587 0.045711
e_18_4 18 4 3 0.0125 0.0239466 -0.0693691 0.0220491 0.440364 0.471178 0.760715 -0.0733824 0.031719
e_1_19 1 19 1 0.0125 0.00377844 -0.026367 0.0481664 0.513563 0.370087 0.768036 0.0969986 0.071841
e_19_3 19 3 2 0.0125 0.0462446 -0.0336395 0.0238847 0.418127 0.315916 0.826905 0.203952 0.028159
5 21 20
3 -0.320366 0.0408437 0.0713966 0.0125
22 -0.294605 0.0307056 0.0562843 0.0125
4 -0.327109 -0.0369805 0.0657908 0.0125
21 -0.312761 -0.030207 0.0492945 0.0125
20 -0.297697 -0.0202883 0.0336698 0.0125
11 -0.174932 -0.284436 0.014336 0.0125
6 -0.0837598 -0.22804 0.132575 0.0125
10 -0.103644 -0.233492 0.10893 0.0125
9 -0.114768 -0.241749 0.0812387 0.0125
2 -0.150981 -0.280176 0.0122209 0.0125
19 -0.277621 -0.0075741 0.0228311 0.0125
8 -0.129289 -0.25021 0.0556334 0.0125
12 -0.206937 -0.287078 0.018981 0.0125
13 -0.229966 -0.285904 0.0185095 0.0125
5 -0.248662 -0.279354 0.0217265 0.0125
14 -0.230858 -0.109082 0.0155733 0.0125
15 -0.242856 -0.083269 0.0131072 0.0125
16 -0.247347 -0.0618047 0.0124906 0.0125
17 -0.2479 -0.0414842 0.0130454 0.0125
18 -0.24962 -0.021556 0.0124449 0.0125
1 -0.253377 -0.00161488 0.0122115 0.0125
e_2_8 2 8 1 0.0125 -0.140135 -0.265193 0.0339267 0.937503 -0.270895 0.214591 0.0406652 0.057036
e_8_9 8 9 2 0.0125 -0.122029 -0.245979 0.0684353 0.942728 -0.0976845 0.269175 0.171075 0.030628
e_9_10 9 10 3 0.0125 -0.109206 -0.23762 0.0950841 0.965938 -0.113424 0.199925 0.118865 0.030964
e_10_6 10 6 4 0.0125 -0.093702 -0.230766 0.120753 0.89294 0.013426 0.350663 0.281981 0.031372
e_2_11 2 11 1 0.0125 -0.162957 -0.282306 0.0132785 0.710283 0.291863 -0.609515 -0.19699 0.024418
e_11_12 11 12 2 0.0125 -0.190934 -0.285757 0.0166582 0.722714 0.242984 -0.607769 -0.221947 0.032449
e_12_13 12 13 3 0.0125 -0.218451 -0.286491 0.0187456 0.646023 0.240774 -0.67249 -0.269146 0.023064
e_13_5 13 5 4 0.0125 -0.239314 -0.282629 0.0201184 0.683047 0.078474 -0.643196 -0.337027 0.02007
e_2_14 2 14 1 0.0125 -0.190919 -0.194629 0.0138973 0.484792 -0.21407 -0.667305 -0.523311 0.188851
e_14_15 14 15 2 0.0125 -0.236857 -0.096175 0.0143406 0.415184 -0.165414 -0.718197 -0.533341 0.028571
e_15_16 15 16 3 0.0125 -0.245102 -0.0725369 0.0127989 0.411457 -0.295667 -0.653168 -0.562722 0.021937
e_16_17 16 17 4 0.0125 -0.247624 -0.0516446 0.0127673 0.439181 -0.412216 -0.562533 -0.566352 0.020336
e_17_18 17 18 5 0.0125 -0.24876 -0.0315197 0.0127451 0.390952 -0.350295 -0.626328 -0.576336 0.020011
e_18_1 18 1 6 0.0125 -0.251499 -0.0115856 0.0123287 0.421788 -0.313968 -0.638107 -0.56244 0.020292
e_1_19 1 19 1 0.0125 -0.265499 -0.00459474 0.017521 0.819444 0.229296 -0.501714 -0.155621 0.027131
e_19_20 19 20 2 0.0125 -0.287659 -0.0139319 0.0282502 0.838933 0.321617 -0.434815 -0.0607466 0.026118
e_20_21 20 21 3 0.0125 -0.305229 -0.0252478 0.0414825 0.908844 0.242482 -0.33737 -0.0372423 0.023864
e_21_4 21 4 4 0.0125 -0.319935 -0.0335943 0.0575431 0.925457 0.181914 -0.326407 -0.0624057 0.022887
e_1_22 1 22 1 0.0125 -0.27399 0.0145453 0.0342478 0.859327 -0.140984 -0.397794 -0.28886 0.06846
e_22_3 22 3 2 0.0125 -0.307485 0.0357747 0.0638405 0.808054 -0.0130705 -0.510146 -0.294327 0.03154
6 22 21
3 0.082857 -0.0733571 0.10306 0.0125
23 0.0607417 -0.0749372 0.102778 0.0125
22 0.0340118 -0.0828188 0.109479 0.0125
4 0.0404606 -0.171218 0.0895088 0.0125
21 0.00121621 -0.127078 0.108363 0.0125
1 -0.012519 -0.0939141 0.120833 0.0125
12 0.0876967 0.0294161 0.033721 0.0125
11 0.107347 0.0340875 0.0317792 0.0125
10 0.125628 0.0398231 0.0253886 0.0125
9 0.143696 0.0501405 0.0241121 0.0125
2 0.202737 0.0814055 0.0188202 0.0125
19 0.0535171 -0.041362 0.0773649 0.0125
8 0.169505 0.0641543 0.0214623 0.0125
6 0.0673026 0.0264908 0.0403475 0.0125
13 0.220202 0.0764942 0.0272362 0.0125
14 0.238997 0.0778011 0.0339486 0.0125
15 0.257627 0.0797511 0.0409594 0.0125
16 0.277019 0.083744 0.0437884 0.0125
5 0.295092 0.0875836 0.0514448 0.0125
17 0.174994 0.0668464 0.02284 0.0125
18 0.108513 0.0192201 0.0402633 0.0125
20 0.0118663 -0.0755854 0.105821 0.0125
e_2_8 2 8 1 0.0125 0.186121 0.0727799 0.0201413 0.714079 0.175065 -0.658902 0.159033 0.037536
e_8_9 8 9 2 0.0125 0.1566 0.0571475 0.0227876 0.720841 0.186572 -0.648285 0.159079 0.029488
e_9_10 9 10 3 0.0125 0.134662 0.0449817 0.0247498 0.710583 0.200508 -0.655114 0.160295 0.020846
e_10_11 10 11 4 0.0125 0.116488 0.0369553 0.0285839 0.797898 0.0711533 -0.580286 0.146846 0.020197
e_11_12 11 12 5 0.0125 0.097522 0.0317518 0.0327501 0.724968 0.0204427 -0.672115 0.149215 0.020291
e_12_6 12 6 6 0.0125 0.0774992 0.0279529 0.0370343 0.795839 -0.019036 -0.588666 0.140538 0.021643
e_2_13 2 13 1 0.0125 0.21147 0.0789501 0.0230287 0.842793 0.152099 0.516194 0.0104836 0.02
e_13_14 13 14 2 0.0125 0.229599 0.0771483 0.0305927 0.817045 -0.0509907 0.574101 -0.0156594 0.02
e_14_15 14 15 3 0.0125 0.248311 0.0787766 0.0374543 0.821587 -0.0701462 0.565533 -0.0156953 0.02
e_15_16 15 16 4 0.0125 0.267322 0.0817475 0.0423738 0.754528 -0.164061 0.634306 -0.0377872 0.02
e_16_5 16 5 5 0.0125 0.286055 0.0856635 0.0476173 0.831355 -0.125955 0.541039 -0.0161384 0.02
e_2_17 2 17 1 0.0125 0.188865 0.0741254 0.0208302 0.733978 0.177177 -0.636387 0.157783 0.031589
e_17_18 17 18 2 0.0125 0.141753 0.0430326 0.0315513 0.761065 0.254763 -0.575243 0.158022 0.083615
e_18_19 18 19 3 0.0125 0.0810146 -0.0110705 0.0588139 0.827052 0.329763 -0.42985 0.149901 0.08984
e_19_20 19 20 4 0.0125 0.0326922 -0.0584733 0.0915922 0.843552 0.25406 -0.449494 0.147744 0.060956
e_20_1 20 1 5 0.0125 -0.000326314 -0.0847494 0.113326 0.835834 0.238525 -0.47153 0.148821 0.034
e_1_21 1 21 1 0.0125 -0.00565144 -0.110495 0.114597 0.573706 0.789566 0.201645 0.0823787 0.038
e_21_4 21 4 2 0.0125 0.0208379 -0.149148 0.0989357 0.589095 0.630218 0.504853 0.030272 0.062
e_1_22 1 22 1 0.0125 0.0107464 -0.0883665 0.115156 0.616038 -0.268093 0.737284 -0.0709631 0.049164
e_22_23 22 23 2 0.0125 0.0473771 -0.0788773 0.106129 0.614708 -0.308649 0.722246 -0.0723251 0.028663
e_23_3 23 3 3 0.0125 0.0717994 -0.0741471 0.102919 0.710235 -0.093212 0.696384 -0.0439076 0.022173
7 28 27
3 0.15614 0.33464 0.169592 0.0125
29 0.140388 0.331497 0.181508 0.0125
28 0.124904 0.333552 0.193999 0.0125
27 0.110254 0.335937 0.207404 0.0125
26 0.0946037 0.34051 0.218987 0.0125
4 0.0306206 0.315422 0.311876 0.0125
25 0.0401628 0.322364 0.295728 0.0125
24 0.0495883 0.32915 0.279446 0.0125
23 0.058283 0.336416 0.262966 0.0125
22 0.067099 0.340739 0.245542 0.0125
1 0.0783942 0.345299 0.229679 0.0125
21 0.0734511 0.3269 0.22328 0.0125
11 -0.0776922 0.111447 0.0582451 0.0125
6 0.0121194 0.198167 0.180407 0.0125
10 0.0064069 0.193524 0.15915 0.0125
9 0.000802554 0.189075 0.138845 0.0125
2 -0.0346324 0.142435 0.0506455 0.0125
19 0.063208 0.290728 0.208757 0.0125
8 -0.0144193 0.171851 0.101711 0.0125
12 -0.0948835 0.0949103 0.0677816 0.0125
5 -0.109654 0.0862738 0.0794635 0.0125
13 -0.00481511 0.180028 0.101789 0.0125
14 0.0208056 0.205953 0.132757 0.0125
15 0.0324277 0.229862 0.154088 0.0125
16 0.041152 0.248652 0.16886 0.0125
17 0.0492262 0.262163 0.181386 0.0125
18 0.0561984 0.276807 0.195222 0.0125
20 0.0685434 0.308596 0.216862 0.0125
e_2_8 2 8 1 0.0125 -0.0245258 0.157143 0.0761785 0.628999 -0.291058 -0.0739104 -0.717066 0.062303
e_8_9 8 9 2 0.0125 -0.00680831 0.180464 0.120279 0.48731 -0.260085 -0.0849708 -0.829256 0.043672
e_9_10 9 10 3 0.0125 0.00360478 0.1913 0.148998 0.0368498 -0.135883 -0.0998089 -0.984995 0.021528
e_10_6 10 6 4 0.0125 0.0092632 0.195846 0.169778 0.0347593 -0.132344 -0.100055 -0.985528 0.022497
e_2_11 2 11 1 0.0125 -0.0561623 0.126941 0.0544453 -0.540873 -0.645162 0.113429 0.527594 0.053592
e_11_12 11 12 2 0.0125 -0.0862877 0.103179 0.0630133 -0.67555 -0.550803 0.104934 0.478787 0.02569
e_12_5 12 5 3 0.0125 -0.102269 0.0905926 0.0736224 -0.618974 -0.45288 0.113841 0.631515 0.020718
e_2_13 2 13 1 0.0125 -0.0197233 0.161232 0.0762177 0.611094 -0.361758 -0.0670045 -0.700861 0.070129
e_13_14 13 14 2 0.0125 0.00799516 0.19299 0.117274 0.538963 -0.414769 -0.0650184 -0.730246 0.047828
e_14_15 14 15 3 0.0125 0.0266167 0.217908 0.143422 0.770228 -0.43061 -0.040677 -0.46869 0.034084
e_15_16 15 16 4 0.0125 0.0367899 0.239258 0.161474 0.774929 -0.456583 -0.0354306 -0.435617 0.025444
e_16_17 16 17 5 0.0125 0.0451892 0.255408 0.175122 0.717852 -0.431711 -0.0476491 -0.544099 0.020115
e_17_18 17 18 6 0.0125 0.0527117 0.269485 0.188305 0.776661 -0.416802 -0.0419377 -0.470441 0.021319
e_18_19 18 19 7 0.0125 0.0597037 0.283767 0.20199 0.764035 -0.412539 -0.0445148 -0.494046 0.020642
e_19_20 19 20 8 0.0125 0.0658763 0.299663 0.21281 0.796849 -0.548266 -0.00988383 -0.253651 0.020333
e_20_21 20 21 9 0.0125 0.0709978 0.317748 0.220071 0.783824 -0.582754 -0.00299055 -0.214499 0.020007
e_21_1 21 1 10 0.0125 0.0759231 0.336099 0.22648 0.783049 -0.583768 -0.00291264 -0.214572 0.020098
e_1_22 1 22 1 0.0125 0.072747 0.343018 0.237611 -0.637407 -0.301595 0.111724 0.700194 0.02
e_22_23 22 23 2 0.0125 0.0626909 0.338577 0.254254 -0.73722 -0.232652 0.101346 0.626185 0.02
e_23_24 23 24 3 0.0125 0.0539357 0.332784 0.271206 -0.811148 -0.281698 0.0929429 0.50403 0.02
e_24_25 24 25 4 0.0125 0.0448756 0.325758 0.287588 -0.775292 -0.288695 0.0979581 0.553156 0.02
e_25_4 25 4 5 0.0125 0.0353917 0.318893 0.303803 -0.773815 -0.294391 0.0981967 0.55218 0.02
e_1_26 1 26 1 0.0125 0.0864989 0.342904 0.224333 -0.131136 -0.8759 0.0104912 -0.464212 0.02
e_26_27 26 27 2 0.0125 0.102429 0.338223 0.213195 -0.121929 -0.888476 0.013525 -0.442222 0.02
e_27_28 27 28 3 0.0125 0.117579 0.334745 0.200702 -0.057277 -0.913672 0.0181064 -0.40199 0.02
e_28_29 28 29 4 0.0125 0.132646 0.332525 0.187754 -0.0503525 -0.901148 0.0140011 -0.430349 0.02
e_29_3 29 3 5 0.0125 0.148264 0.333069 0.17555 0.0924781 -0.893209 0.00908979 -0.439936 0.02
