7
1 22 21
3 0.131961 -0.178094 0.0470903 0.0125
23 0.116743 -0.123506 0.0828535 0.0125
4 0.137174 -0.115072 0.190874 0.0125
22 0.124792 -0.107071 0.15724 0.0125
1 0.102809 -0.0980802 0.0985894 0.0125
21 0.101923 -0.0791802 0.0912651 0.0125
11 0.00118356 0.201729 0.118091 0.0125
10 0.0163199 0.194017 0.104996 0.0125
6 -0.106616 0.184906 0.0482122 0.0125
9 -0.0688381 0.17945 0.0593701 0.0125
2 0.0388331 0.185488 0.0750375 0.0125
19 0.0969196 -0.0391833 0.0736708 0.0125
8 -0.034487 0.176379 0.0703794 0.0125
12 -0.014747 0.205328 0.129655 0.0125
5 -0.0298151 0.210918 0.141736 0.0125
13 0.0652093 0.111664 0.0667586 0.0125
14 0.0769629 0.0735953 0.0621049 0.0125
15 0.0839454 0.0527905 0.0599438 0.0125
16 0.0900183 0.0227515 0.0620792 0.0125
17 0.0918774 0.00259571 0.0640935 0.0125
18 0.0928319 -0.018097 0.0660149 0.0125
20 0.100233 -0.0604511 0.0819411 0.0125
e_2_8 2 8 1 0.0125 0.00217301 0.180934 0.072708 -0.56622 0.332167 0.648945 -0.384617 0.07403
e_8_9 8 9 2 0.0125 -0.0516626 0.177915 0.0648747 -0.575729 0.245279 0.769339 -0.128423 0.036203
e_9_6 9 6 3 0.0125 -0.0877269 0.182178 0.0537907 -0.590473 0.251423 0.759656 -0.105119 0.039767
e_2_10 2 10 1 0.0125 0.0275768 0.189752 0.0900166 -0.0867354 0.320004 -0.0885837 -0.939269 0.038433
e_10_11 10 11 2 0.0125 0.00875146 0.197874 0.111544 -0.312932 0.438394 -0.0506535 -0.841022 0.02145
e_11_12 11 12 3 0.0125 -0.00678196 0.203529 0.123874 -0.396306 0.446209 0.109341 -0.794911 0.020012
e_12_5 12 5 4 0.0125 -0.0222818 0.208123 0.135696 -0.35803 0.446033 0.0252191 -0.819898 0.020105
e_2_13 2 13 1 0.0125 0.0520205 0.148576 0.0708981 0.142125 -0.0956594 0.73713 -0.653673 0.078829
e_13_14 13 14 2 0.0125 0.0710859 0.09263 0.0644324 0.123269 -0.0842237 0.742235 -0.653299 0.040113
e_14_15 14 15 3 0.0125 0.0804546 0.0631929 0.0610248 0.135167 -0.0895391 0.735513 -0.657825 0.022051
e_15_16 15 16 4 0.0125 0.0869816 0.0377714 0.0610116 0.103722 -0.0389648 0.680979 -0.723873 0.030721
e_16_17 16 17 5 0.0125 0.0909483 0.0126737 0.0630869 0.0624463 -0.00513626 0.671157 -0.738663 0.020341
e_17_18 17 18 6 0.0125 0.0923549 -0.00775123 0.0650545 0.0423729 0.00760053 0.67362 -0.737823 0.020804
e_18_19 18 19 7 0.0125 0.0948757 -0.0286402 0.0698429 0.134779 -0.0148552 0.576116 -0.806042 0.022803
e_19_20 19 20 8 0.0125 0.0985764 -0.0498178 0.0778063 0.123227 -0.00254397 0.566272 -0.814951 0.023058
e_20_21 20 21 9 0.0125 0.101078 -0.0698155 0.0866027 0.111137 0.0216847 0.526709 -0.84247 0.02099
e_21_1 21 1 10 0.0125 0.102367 -0.0886305 0.0949276 0.0800836 0.0284634 0.564521 -0.821031 0.020289
e_1_22 1 22 1 0.0125 0.113801 -0.102575 0.127915 0.462095 -0.122054 0.147164 -0.865976 0.063277
e_22_4 22 4 2 0.0125 0.130983 -0.111072 0.174058 0.432224 -0.105379 0.175946 -0.878135 0.036723
e_1_23 1 23 1 0.0125 0.109776 -0.110793 0.0907221 0.152596 -0.169295 0.842524 -0.488065 0.032988
e_23_3 23 3 2 0.0125 0.124352 -0.1508 0.0649725 0.0653798 -0.118773 0.867604 -0.478415 0.067012
2 23 22
3 -0.0565018 -0.00807863 0.0114971 0.0125
24 -0.0200708 -0.0622658 0.0351873 0.0125
4 0.0711244 -0.121287 0.100251 0.0125
23 0.0554187 -0.115502 0.0887447 0.0125
22 0.0414353 -0.108982 0.0754308 0.0125
21 0.0182068 -0.0992462 0.0631522 0.0125
1 -0.00425024 -0.0861684 0.0457241 0.0125
6 0.265762 -0.353546 0.231088 0.0125
11 0.248111 -0.342767 0.225649 0.0125
10 0.235763 -0.328431 0.219144 0.0125
9 0.19505 -0.300291 0.211496 0.0125
2 0.153203 -0.26031 0.220019 0.0125
19 0.0091763 -0.131008 0.0701264 0.0125
8 0.169309 -0.276665 0.217183 0.0125
12 0.142622 -0.236547 0.206613 0.0125
13 0.1312 -0.217056 0.190728 0.0125
5 0.112333 -0.187075 0.166142 0.0125
14 0.112322 -0.226607 0.178834 0.0125
15 0.0665278 -0.183059 0.126237 0.0125
16 0.0449045 -0.173097 0.105906 0.0125
17 0.031499 -0.160115 0.0947807 0.0125
18 0.0183547 -0.147546 0.0829922 0.0125
20 0.000514577 -0.108279 0.0549822 0.0125
e_2_8 2 8 1 0.0125 0.161256 -0.268487 0.218601 0.192695 -0.34766 0.663666 -0.633679 0.023128
e_8_9 8 9 2 0.0125 0.182179 -0.288478 0.214338 0.203268 -0.371249 0.665205 -0.615109 0.0354
e_9_10 9 10 3 0.0125 0.215407 -0.314362 0.215319 0.272591 -0.366842 0.537648 -0.708559 0.05008
e_10_11 10 11 4 0.0125 0.241937 -0.3356 0.222397 0.216311 -0.248474 0.52505 -0.784725 0.020007
e_11_6 11 6 5 0.0125 0.256937 -0.348157 0.228368 0.29564 -0.364666 0.489765 -0.734674 0.021385
e_2_12 2 12 1 0.0125 0.147912 -0.248429 0.213315 0.405163 -0.825193 0.219331 0.326792 0.029264
e_12_13 12 13 2 0.0125 0.136911 -0.226801 0.19867 0.167162 -0.695831 0.55083 0.42949 0.027617
e_13_5 13 5 3 0.0125 0.121767 -0.202065 0.178434 0.135814 -0.670921 0.578756 0.443239 0.043119
e_2_14 2 14 1 0.0125 0.132763 -0.243459 0.199427 -0.263934 -0.211026 0.873113 0.351397 0.067107
e_14_15 14 15 2 0.0125 0.0894249 -0.204833 0.152535 -0.180104 -0.329364 0.843433 0.384321 0.082219
e_15_16 15 16 3 0.0125 0.0557161 -0.178078 0.116072 -0.383886 0.0191586 0.907924 0.16715 0.031308
e_16_17 16 17 4 0.0125 0.0382015 -0.166606 0.100343 -0.229597 -0.271858 0.825916 0.437311 0.021725
e_17_18 17 18 5 0.0125 0.0249269 -0.153831 0.0888865 -0.221666 -0.280605 0.832598 0.422973 0.021673
e_18_19 18 19 6 0.0125 0.0137654 -0.139278 0.07656 0.204384 -0.723506 0.507706 0.420715 0.022875
e_19_20 19 20 7 0.0125 0.00484541 -0.119645 0.0625541 0.356231 -0.810919 0.326629 0.329884 0.028653
e_20_1 20 1 8 0.0125 -0.00186781 -0.097224 0.0503527 0.543874 -0.830277 0.00648123 0.121649 0.02444
e_1_21 1 21 1 0.0125 0.00697828 -0.0927073 0.0544381 0.316195 -0.294822 0.366862 -0.823719 0.03129
e_21_22 21 22 2 0.0125 0.0298207 -0.104113 0.0692918 0.343791 -0.363779 0.385431 -0.775188 0.02802
e_22_23 22 23 3 0.0125 0.0484271 -0.112241 0.0820876 0.337713 -0.285 0.303526 -0.844155 0.020379
e_23_4 23 4 4 0.0125 0.0632712 -0.118395 0.0944984 0.356057 -0.335175 0.323084 -0.810246 0.020311
e_1_24 1 24 1 0.0125 -0.0121609 -0.0742174 0.0404558 0.461973 -0.819182 0.0381956 0.337732 0.030539
e_24_3 24 3 2 0.0125 -0.0382856 -0.0351724 0.0233418 0.464176 -0.818297 0.0302965 0.337659 0.069461
3 20 19
3 0.110864 0.0925745 0.107435 0.0125
21 0.106639 0.0889548 0.088164 0.0125
20 0.10007 0.0865762 0.0653793 0.0125
4 0.109078 0.166723 0.0547996 0.0125
11 0.103994 0.302422 0.217666 0.0125
10 0.0840243 0.301324 0.217726 0.0125
6 0.000849753 0.41083 0.283045 0.0125
9 0.00959325 0.391909 0.278474 0.0125
2 0.0650974 0.297144 0.212796 0.0125
19 0.102566 0.1243 0.0409034 0.0125
8 0.0219219 0.374849 0.271323 0.0125
12 0.123824 0.300146 0.216404 0.0125
13 0.142622 0.29609 0.210909 0.0125
5 0.161784 0.290693 0.208994 0.0125
14 0.0833113 0.185297 0.116388 0.0125
15 0.0932881 0.139993 0.0732182 0.0125
16 0.0967084 0.125108 0.0554812 0.0125
17 0.0974686 0.109595 0.0377306 0.0125
18 0.0937211 0.0958738 0.0231842 0.0125
1 0.0851546 0.0813188 0.0115446 0.0125
e_2_8 2 8 1 0.0125 0.0435089 0.335997 0.24206 0.856589 -0.35037 -0.319825 -0.202998 0.106432
e_8_9 8 9 2 0.0125 0.0157571 0.383379 0.274899 0.797781 -0.39769 -0.425434 -0.156185 0.02223
e_9_6 9 6 3 0.0125 0.00522114 0.40137 0.280759 0.759193 -0.495279 -0.384198 -0.175263 0.021338
e_2_10 2 10 1 0.0125 0.0745609 0.299234 0.21526 0.665911 -0.433578 0.434461 -0.424047 0.02
e_10_11 10 11 2 0.0125 0.0940092 0.301873 0.217696 0.558364 -0.46353 0.535378 -0.432134 0.02
e_11_12 11 12 3 0.0125 0.113908 0.301284 0.217036 0.526021 -0.399515 0.60985 -0.437918 0.02
e_12_13 12 13 4 0.0125 0.133222 0.298118 0.213657 0.419333 -0.442831 0.664288 -0.432184 0.02
e_13_5 13 5 5 0.0125 0.152202 0.293392 0.209952 0.508688 -0.314138 0.670229 -0.439712 0.02
e_2_14 2 14 1 0.0125 0.0742039 0.241221 0.164592 0.396166 0.798018 0.432618 -0.138066 0.148781
e_14_15 14 15 2 0.0125 0.0882993 0.162645 0.0948037 0.316925 0.590913 0.70103 -0.242771 0.063369
e_15_16 15 16 3 0.0125 0.0949986 0.13255 0.0643499 -0.0912466 -0.442202 0.82665 -0.33583 0.023407
e_16_17 16 17 4 0.0125 0.0970885 0.117352 0.0466063 0.153554 0.449426 -0.821169 0.316414 0.023586
e_17_18 17 18 5 0.0125 0.0955956 0.102735 0.0304574 0.247722 0.402114 -0.834141 0.284862 0.020345
e_18_1 18 1 6 0.0125 0.089438 0.0885958 0.0173649 0.4107 0.463128 -0.75448 0.218168 0.020512
e_1_19 1 19 1 0.0125 0.0938605 0.102809 0.0262242 0.813557 -0.482226 0.00236051 -0.324926 0.054887
e_19_4 19 4 2 0.0125 0.105822 0.145512 0.0478515 0.758146 -0.57612 -0.118675 -0.281454 0.045113
e_1_20 1 20 1 0.0125 0.0926123 0.0839472 0.0384616 0.932028 -0.0897796 0.110506 -0.333245 0.056109
e_20_21 20 21 2 0.0125 0.103355 0.0877652 0.0767713 0.930537 -0.0946815 0.114056 -0.334856 0.023832
e_21_3 21 3 3 0.0125 0.108752 0.0907653 0.0977999 0.935165 -0.121017 0.0705068 -0.325347 0.020059
4 26 25
3 -0.0303957 -0.23888 0.0114939 0.0125
27 -0.0347072 -0.219507 0.0139616 0.0125
26 -0.037718 -0.199742 0.0134117 0.0125
25 -0.0442429 -0.180917 0.0151562 0.0125
24 -0.0458592 -0.161193 0.018046 0.0125
4 0.0309566 -0.0854475 0.0287618 0.0125
23 0.0154698 -0.102364 0.022733 0.0125
22 0.000817432 -0.116739 0.0186855 0.0125
21 -0.0171912 -0.127928 0.0177036 0.0125
1 -0.0469843 -0.142665 0.0254932 0.0125
12 -0.304149 0.184987 0.0186464 0.0125
11 -0.292621 0.170113 0.0256618 0.0125
10 -0.278599 0.156066 0.0299997 0.0125
9 -0.266554 0.14117 0.0377895 0.0125
2 -0.233507 0.0841609 0.056274 0.0125
19 -0.066821 -0.107256 0.033714 0.0125
8 -0.254971 0.126539 0.0451613 0.0125
6 -0.314402 0.200689 0.0114957 0.0125
13 -0.267345 0.126076 0.0471137 0.0125
14 -0.28176 0.144115 0.0374788 0.0125
5 -0.292811 0.154858 0.0242105 0.0125
15 -0.144859 -0.0412748 0.0307578 0.0125
16 -0.128439 -0.0585384 0.0303676 0.0125
17 -0.0999136 -0.0802346 0.0345241 0.0125
18 -0.0828061 -0.0920215 0.0339115 0.0125
20 -0.055893 -0.124054 0.0289236 0.0125
e_2_8 2 8 1 0.0125 -0.244239 0.10535 0.0507175 0.569691 -0.782191 -0.0454691 0.248116 0.048786
e_8_9 8 9 2 0.0125 -0.260763 0.133855 0.0414754 0.486285 -0.818382 -0.118087 0.282548 0.020065
e_9_10 9 10 3 0.0125 -0.272576 0.148618 0.0338944 0.480775 -0.820749 -0.121327 0.283737 0.020679
e_10_11 10 11 4 0.0125 -0.28561 0.16309 0.0278309 0.533489 -0.758236 -0.178447 0.329581 0.020316
e_11_12 11 12 5 0.0125 -0.298385 0.17755 0.0221547 0.495533 -0.81319 -0.115617 0.282494 0.020084
e_12_6 12 6 6 0.0125 -0.309275 0.192838 0.0150715 0.503465 -0.819434 -0.0817684 0.261467 0.02007
e_2_13 2 13 1 0.0125 -0.250426 0.105119 0.051694 0.566688 -0.75161 -0.13749 0.308291 0.054642
e_13_14 13 14 2 0.0125 -0.274552 0.135095 0.0422967 0.477934 -0.823753 -0.118152 0.281161 0.025021
e_14_5 14 5 3 0.0125 -0.287286 0.149486 0.0308444 0.328325 -0.900615 -0.122974 0.25685 0.020337
e_2_15 2 15 1 0.0125 -0.189184 0.0214431 0.0435156 0.495249 0.19413 0.737735 -0.415678 0.155703
e_15_16 15 16 2 0.0125 -0.136649 -0.0499065 0.0305625 0.606139 0.199334 0.684435 -0.35272 0.023829
e_16_17 16 17 3 0.0125 -0.114176 -0.0693865 0.0324459 0.682028 0.152204 0.647472 -0.304058 0.036079
e_17_18 17 18 4 0.0125 -0.0913596 -0.0861287 0.0342181 0.595724 0.041898 0.716236 -0.361059 0.020784
e_18_19 18 19 5 0.0125 -0.0748128 -0.0996394 0.0338128 0.609138 0.166312 0.690513 -0.352822 0.022083
e_19_20 19 20 6 0.0125 -0.0613563 -0.115655 0.0313191 0.424607 0.139309 0.772556 -0.451065 0.020603
e_20_1 20 1 7 0.0125 -0.0514392 -0.133359 0.0272087 0.523047 0.363124 0.670926 -0.380028 0.020918
e_1_21 1 21 1 0.0125 -0.0320884 -0.135297 0.0215979 0.590606 -0.548097 0.560073 -0.192592 0.03414
e_21_22 21 22 2 0.0125 -0.00818702 -0.122333 0.0181939 0.710418 -0.468125 0.507652 -0.13585 0.021224
e_22_23 22 23 3 0.0125 0.00814336 -0.109551 0.020709 0.770266 -0.477748 0.418365 -0.0584611 0.020922
e_23_4 23 4 4 0.0125 0.0232137 -0.093906 0.0257471 0.791095 -0.468578 0.391564 -0.0357959 0.023714
e_1_24 1 24 1 0.0125 -0.0464219 -0.15193 0.021769 -0.346028 -0.471231 -0.68127 0.440542 0.02
e_24_25 24 25 2 0.0125 -0.0450508 -0.171056 0.0166013 0.633565 0.745666 -0.127338 0.162366 0.02
e_25_26 25 26 3 0.0125 -0.0409802 -0.19033 0.0142842 0.634078 0.570542 0.467003 -0.233099 0.02
e_26_27 26 27 4 0.0125 -0.0362124 -0.209624 0.0136871 0.712775 0.696588 0.0317915 0.0755325 0.02
e_27_3 27 3 5 0.0125 -0.0325513 -0.229193 0.0127284 0.651015 0.689774 0.2931 -0.120347 0.02
5 23 22
3 -0.0258112 0.0069367 0.0124341 0.0125
24 -0.0158927 -0.00355591 0.026814 0.0125
23 0.00130975 -0.0252407 0.0509746 0.0125
4 0.116846 -0.0208652 0.0921816 0.0125
22 0.0757326 -0.0295672 0.0891888 0.0125
21 0.0535292 -0.0343908 0.0880092 0.0125
1 0.0192587 -0.0418416 0.0862039 0.0125
11 0.34978 0.0404607 0.0168318 0.0125
10 0.329951 0.0424135 0.0151066 0.0125
6 0.224835 0.164826 0.0114563 0.0125
9 0.310149 0.0397252 0.0159223 0.0125
2 0.292004 0.0319919 0.0192292 0.0125
19 0.0531637 -0.0416325 0.0655787 0.0125
8 0.243692 0.142286 0.0128937 0.0125
12 0.369275 0.0360047 0.0171859 0.0125
5 0.388528 0.0332437 0.0125295 0.0125
13 0.211646 -0.0040657 0.0241274 0.0125
14 0.180906 -0.0165502 0.02447 0.0125
15 0.13613 -0.0263335 0.0287444 0.0125
16 0.106368 -0.029918 0.0404143 0.0125
17 0.0880096 -0.0328854 0.0480916 0.0125
18 0.0696218 -0.0370027 0.0550351 0.0125
20 0.0352253 -0.043968 0.0742493 0.0125
e_2_8 2 8 1 0.0125 0.267848 0.0871397 0.0160619 0.355345 -0.592341 0.41881 0.589457 0.120578
e_8_6 8 6 2 0.0125 0.234263 0.153556 0.012175 0.263558 -0.641679 0.33568 0.637263 0.029422
e_2_9 2 9 1 0.0125 0.301077 0.0358592 0.0175757 0.631714 -0.145754 0.749285 0.135147 0.02
e_9_10 9 10 2 0.0125 0.32005 0.0410698 0.0155145 0.690866 -0.0470521 0.719838 0.048203 0.02
e_10_11 10 11 3 0.0125 0.339866 0.0414366 0.0159697 0.736448 0.0408978 0.674687 -0.0277402 0.02
e_11_12 11 12 4 0.0125 0.359528 0.0382327 0.0170083 0.709253 0.0823636 0.695977 -0.0761142 0.02
e_12_5 12 5 5 0.0125 0.378901 0.0346241 0.0148572 0.616687 0.038985 0.784147 -0.0573679 0.02
e_2_13 2 13 1 0.0125 0.251825 0.0139633 0.0216783 0.37666 0.681978 -0.0845079 -0.621202 0.088213
e_13_14 13 14 2 0.0125 0.196276 -0.0103083 0.0242992 0.175605 0.696944 0.095463 -0.688708 0.03318
e_14_15 14 15 3 0.0125 0.158517 -0.021442 0.0266072 0.572035 -0.305494 -0.600204 0.468193 0.046031
e_15_16 15 16 4 0.0125 0.121249 -0.0281258 0.0345794 0.741703 -0.185327 -0.533159 0.362313 0.032168
e_16_17 16 17 5 0.0125 0.0971885 -0.0314012 0.044253 0.777012 -0.111887 -0.544704 0.295011 0.020119
e_17_18 17 18 6 0.0125 0.0788152 -0.0349442 0.0515638 0.792508 -0.023313 -0.571452 0.21173 0.020082
e_18_19 18 19 7 0.0125 0.0613928 -0.0393176 0.0603069 0.864895 0.0662331 -0.482867 0.120038 0.020087
e_19_20 19 20 8 0.0125 0.0441945 -0.0428003 0.069914 0.78695 -0.130299 -0.516635 0.311157 0.02006
e_20_1 20 1 9 0.0125 0.0272419 -0.0429044 0.0802271 0.785668 -0.264216 -0.363602 0.425099 0.020059
e_1_21 1 21 1 0.0125 0.0363943 -0.0381156 0.087106 0.720554 -0.0705312 0.685071 0.0806515 0.035117
e_21_22 21 22 2 0.0125 0.0646304 -0.0319791 0.0885985 0.720707 -0.0704747 0.684918 0.0806363 0.022752
e_22_4 22 4 3 0.0125 0.0962887 -0.0252159 0.0906847 0.727439 -0.0676799 0.678161 0.0796816 0.042131
e_1_23 1 23 1 0.0125 0.0102841 -0.0335407 0.0685888 -0.112102 -0.406255 0.863555 0.276882 0.042882
e_23_24 23 24 2 0.0125 -0.00729159 -0.0143978 0.0388938 -0.028823 -0.514714 0.750914 0.412755 0.036741
e_24_3 24 3 3 0.0125 -0.0208521 0.00169088 0.0196241 -0.0758946 -0.489111 0.78333 0.376038 0.020377
6 26 25
3 0.137904 0.181548 0.154286 0.0125
27 0.121822 0.173972 0.145119 0.0125
26 0.105674 0.167146 0.135489 0.0125
25 0.0900302 0.158793 0.125125 0.0125
4 0.156186 0.119424 0.0982796 0.0125
24 0.136735 0.12369 0.10015 0.0125
23 0.1175 0.128016 0.103504 0.0125
22 0.0980201 0.131479 0.106433 0.0125
21 0.0790404 0.137742 0.107178 0.0125
1 0.0598568 0.143031 0.105177 0.0125
12 -0.0170587 -0.0197354 0.0746418 0.0125
11 -0.0212967 -0.0386136 0.0800285 0.0125
10 -0.0270618 -0.0578838 0.0850631 0.0125
9 -0.0313219 -0.0766201 0.0926282 0.0125
2 -0.0301255 -0.138516 0.119282 0.0125
19 0.0543389 0.102918 0.115824 0.0125
8 -0.0351181 -0.102576 0.106621 0.0125
6 -0.0126598 -0.000478264 0.0696675 0.0125
13 -0.0249561 -0.141341 0.10017 0.0125
14 -0.0169261 -0.143782 0.0820163 0.0125
15 -0.0105498 -0.145091 0.063105 0.0125
16 -0.00263866 -0.144194 0.0447577 0.0125
5 0.00401059 -0.14144 0.0260975 0.0125
17 0.0264554 -0.0163049 0.124956 0.0125
18 0.0487569 0.0787505 0.117234 0.0125
20 0.0559996 0.123029 0.113873 0.0125
e_2_8 2 8 1 0.0125 -0.0326216 -0.120547 0.112952 0.54005 -0.793657 0.186642 0.208855 0.03843
e_8_9 8 9 2 0.0125 -0.03322 -0.0895981 0.0996246 0.473658 -0.732764 0.445412 0.20078 0.029731
e_9_10 9 10 3 0.0125 -0.0291917 -0.0672515 0.0888456 0.532251 -0.702481 0.435528 0.183152 0.020651
e_10_11 10 11 4 0.0125 -0.0241791 -0.0482482 0.0825458 0.593144 -0.667923 0.418658 0.163657 0.020734
e_11_12 11 12 5 0.0125 -0.0191773 -0.0291746 0.0773348 0.579392 -0.694113 0.390281 0.173758 0.020084
e_12_6 12 6 6 0.0125 -0.0148589 -0.0101069 0.0721543 0.590541 -0.689839 0.382374 0.170803 0.020369
e_2_13 2 13 1 0.0125 -0.0275404 -0.139928 0.109726 0.140027 0.150352 0.977351 -0.050718 0.02
e_13_14 13 14 2 0.0125 -0.0209407 -0.142562 0.0910927 0.210793 0.0980526 0.971713 -0.0415458 0.02
e_14_15 14 15 3 0.0125 -0.0137377 -0.144437 0.0725604 0.163382 0.0613683 0.984383 -0.0230403 0.02
e_15_16 15 16 4 0.0125 -0.00659413 -0.144642 0.0539313 0.202947 -0.0545105 0.977602 0.0116067 0.02
e_16_5 16 5 5 0.0125 0.00068624 -0.142818 0.0354273 0.177472 -0.14273 0.972693 0.044734 0.02
e_2_17 2 17 1 0.0125 -0.00183474 -0.077411 0.122119 0.712417 -0.573013 0.388084 0.116224 0.134793
e_17_18 17 18 2 0.0125 0.0376058 0.0312229 0.121095 0.661681 -0.659858 0.322503 0.150854 0.097941
e_18_19 18 19 3 0.0125 0.0515471 0.090834 0.116529 0.670529 -0.656191 0.312722 0.148352 0.024844
e_19_20 19 20 4 0.0125 0.0551689 0.112973 0.114848 0.651798 -0.700514 0.23958 0.164442 0.020273
e_20_1 20 1 5 0.0125 0.0579281 0.13303 0.109525 0.517597 -0.715297 0.429706 0.189201 0.022149
e_1_21 1 21 1 0.0125 0.0694488 0.140386 0.106178 0.734053 0.0841909 0.665491 -0.105827 0.02
e_21_22 21 22 2 0.0125 0.0885304 0.134611 0.106806 0.685099 0.114852 0.71095 -0.109538 0.02
e_22_23 22 23 3 0.0125 0.10776 0.129747 0.104969 0.648479 0.0412238 0.755984 -0.07914 0.02
e_23_24 23 24 4 0.0125 0.127117 0.125853 0.101827 0.639254 0.0662228 0.761244 -0.0864623 0.02
e_24_4 24 4 5 0.0125 0.146461 0.121557 0.0992146 0.667357 0.0617858 0.736839 -0.0887969 0.02
e_1_25 1 25 1 0.0125 0.0749442 0.150912 0.115151 0.867486 -0.238311 0.436371 -0.0160174 0.039456
e_25_26 25 26 2 0.0125 0.0978519 0.162969 0.130307 0.867208 -0.241876 0.435002 -0.014791 0.020541
e_26_27 26 27 3 0.0125 0.113749 0.170559 0.140304 0.860321 -0.211227 0.463313 -0.0239115 0.020003
e_27_3 27 3 4 0.0125 0.129862 0.17776 0.149703 0.853756 -0.230788 0.466443 -0.0163786 0.02
7 22 21
3 0.0898646 0.161391 0.231275 0.0125
23 0.0757175 0.136025 0.19931 0.0125
22 0.0701785 0.118521 0.176485 0.0125
4 0.127695 0.156916 0.105887 0.0125
21 0.116731 0.147741 0.119873 0.0125
20 0.106292 0.139102 0.134583 0.0125
5 0.214069 -0.1123 0.103485 0.0125
10 0.203629 -0.118856 0.0784622 0.0125
6 0.0497089 -0.0352785 0.0236 0.0125
9 0.17715 -0.121378 0.0377398 0.0125
2 0.169428 -0.124113 0.0157494 0.0125
19 0.0945984 0.127542 0.145969 0.0125
8 0.130072 -0.0943624 0.011477 0.0125
11 0.119087 -0.0518088 0.0958237 0.0125
12 0.104295 -0.0356589 0.11493 0.0125
13 0.0895621 -0.0101232 0.130277 0.0125
14 0.0806613 0.00883617 0.134928 0.0125
15 0.0763579 0.0272371 0.142074 0.0125
16 0.0742141 0.0558869 0.148888 0.0125
17 0.0726 0.0775928 0.152609 0.0125
1 0.065565 0.101851 0.155082 0.0125
18 0.0796904 0.115683 0.152062 0.0125
e_2_8 2 8 1 0.0125 0.14975 -0.109238 0.0136127 0.591489 -0.673426 -0.29939 0.327115 0.049521
e_8_6 8 6 2 0.0125 0.0898898 -0.0648205 0.0175385 0.687622 -0.571918 -0.335534 0.295809 0.100479
e_2_9 2 9 1 0.0125 0.17329 -0.122746 0.0267443 0.983127 -0.066774 0.16431 -0.0447866 0.023467
e_9_10 9 10 2 0.0125 0.190389 -0.120117 0.0581008 0.954895 -0.0513578 0.280619 -0.0824057 0.048639
e_10_5 10 5 3 0.0125 0.208849 -0.115578 0.0909729 0.973504 -0.126233 0.188533 -0.0284707 0.027894
e_2_11 2 11 1 0.0125 0.144258 -0.0879607 0.0557872 0.89939 -0.368411 -0.167279 0.165498 0.119056
e_11_12 11 12 2 0.0125 0.111691 -0.0437334 0.105376 0.893669 -0.352861 -0.216327 0.17334 0.029063
e_12_13 12 13 3 0.0125 0.0969287 -0.0228912 0.122603 0.828689 -0.499283 -0.140828 0.210138 0.033236
e_13_14 13 14 4 0.0125 0.0851114 -0.000643745 0.132602 0.741684 -0.620974 -0.0775778 0.241407 0.021455
e_14_15 14 15 5 0.0125 0.0785096 0.0180366 0.138501 0.798947 -0.568397 0.00641967 0.196385 0.020204
e_15_16 15 16 6 0.0125 0.0752864 0.0415619 0.145481 0.761817 -0.611635 0.10259 0.187116 0.029527
e_16_17 16 17 7 0.0125 0.0734074 0.0667402 0.150748 0.739681 -0.634295 0.115816 0.192685 0.022081
e_17_1 17 1 8 0.0125 0.0690826 0.0897211 0.153845 0.703162 -0.671287 0.0253251 0.233015 0.025378
e_1_18 1 18 1 0.0125 0.0726277 0.108767 0.153572 0.651094 -0.510857 0.560847 0.0235143 0.02
e_18_19 18 19 2 0.0125 0.0871448 0.121613 0.149016 0.589652 -0.501422 0.633155 0.00128436 0.02
e_19_20 19 20 3 0.0125 0.100445 0.133322 0.140276 0.463272 -0.584541 0.66554 0.0273353 0.02
e_20_21 20 21 4 0.0125 0.111512 0.143421 0.127228 0.363529 -0.576908 0.731403 0.00855175 0.02
e_21_4 21 4 5 0.0125 0.122213 0.152329 0.11288 0.387645 -0.57389 0.721311 0.0096013 0.02
e_1_22 1 22 1 0.0125 0.0678724 0.110187 0.165783 0.940479 -0.314265 0.111225 0.0660799 0.027518
e_22_23 22 23 2 0.0125 0.0729479 0.127274 0.187897 0.941182 -0.309532 0.120707 0.0616032 0.029294
e_23_3 23 3 3 0.0125 0.0827909 0.148709 0.215293 0.931839 -0.306686 0.189446 0.041591 0.043188
