7
1 24 23
3 0.21832 -0.0166935 0.102063 0.0125
25 0.237779 -0.0206143 0.0996201 0.0125
24 0.257326 -0.0216643 0.0955147 0.0125
23 0.276747 -0.0171887 0.0938439 0.0125
22 0.294798 -0.00923153 0.0905524 0.0125
4 0.386976 -0.014417 0.0241538 0.0125
21 0.368599 -0.0088618 0.0423418 0.0125
20 0.330326 -0.002765 0.0762443 0.0125
11 0.225467 0.268916 0.0813701 0.0125
6 0.34587 0.264382 0.0266101 0.0125
10 0.328154 0.267433 0.0401853 0.0125
9 0.308191 0.272145 0.0553631 0.0125
2 0.220964 0.278478 0.106294 0.0125
19 0.307504 0.0155818 0.0971194 0.0125
8 0.264096 0.281354 0.0830898 0.0125
12 0.231765 0.263081 0.0471728 0.0125
5 0.233357 0.249636 0.0120207 0.0125
13 0.236174 0.226328 0.0975748 0.0125
14 0.246284 0.191726 0.0918803 0.0125
15 0.275814 0.121194 0.101866 0.0125
16 0.28739 0.0720305 0.101627 0.0125
17 0.293762 0.0529595 0.102265 0.0125
18 0.300763 0.0337375 0.102909 0.0125
1 0.313594 -0.00239973 0.0906224 0.0125
e_2_8 2 8 1 0.0125 0.24253 0.279916 0.0946923 0.329573 -0.693175 0.505947 -0.393582 0.049061
e_8_9 8 9 2 0.0125 0.286144 0.27675 0.0692264 0.110165 -0.792145 0.366878 -0.475153 0.052896
e_9_10 9 10 3 0.0125 0.318172 0.269788 0.0477741 0.167085 -0.730834 0.513115 -0.417944 0.025516
e_10_6 10 6 4 0.0125 0.337011 0.265907 0.0333973 0.217638 -0.6957 0.563319 -0.388983 0.022526
e_2_11 2 11 1 0.0125 0.223215 0.273697 0.0938322 -0.00911183 -0.457579 0.866572 -0.198974 0.027071
e_11_12 11 12 2 0.0125 0.228616 0.265999 0.0642719 0.0569217 -0.331997 0.935269 -0.108677 0.035259
e_12_5 12 5 3 0.0125 0.23256 0.256359 0.0295965 -0.0584465 -0.421696 0.888122 -0.173192 0.03767
e_2_13 2 13 1 0.0125 0.228569 0.252403 0.101934 -0.494275 -0.694741 0.31077 -0.420059 0.055017
e_13_14 13 14 2 0.0125 0.241229 0.209027 0.0947269 -0.495497 -0.694517 0.30928 -0.420089 0.036496
e_14_15 14 15 3 0.0125 0.261049 0.15646 0.096873 -0.628289 -0.648571 0.120877 -0.412307 0.077113
e_15_16 15 16 4 0.0125 0.281602 0.0966122 0.101746 -0.57909 -0.659112 0.260639 -0.402857 0.050509
e_16_17 16 17 5 0.0125 0.290576 0.062495 0.101946 -0.586569 -0.666229 0.200728 -0.414469 0.020117
e_17_18 17 18 6 0.0125 0.297263 0.0433485 0.102587 -0.58359 -0.670131 0.187552 -0.418535 0.020467
e_18_19 18 19 7 0.0125 0.304133 0.0246596 0.100015 -0.412293 -0.72094 0.351362 -0.432209 0.020214
e_19_1 19 1 8 0.0125 0.310549 0.00659061 0.0938703 -0.396557 -0.716427 0.385536 -0.425248 0.020066
e_1_20 1 20 1 0.0125 0.32196 -0.00258241 0.0834338 0.344279 -0.4972 0.760667 -0.235905 0.022063
e_20_21 20 21 2 0.0125 0.349462 -0.00581296 0.0592936 0.257032 -0.615078 0.671483 -0.32361 0.051491
e_21_4 21 4 3 0.0125 0.377787 -0.0116395 0.033248 0.187334 -0.648206 0.650925 -0.347896 0.026446
e_1_22 1 22 1 0.0125 0.304196 -0.00581612 0.0905873 -0.704071 -0.193842 0.681301 -0.050376 0.02
e_22_23 22 23 2 0.0125 0.285772 -0.0132102 0.0921983 -0.760093 -0.207401 0.612123 -0.0674427 0.02
e_23_24 23 24 3 0.0125 0.267036 -0.0194264 0.0946788 -0.735879 -0.137712 0.66277 -0.0159274 0.02
e_24_25 24 25 4 0.0125 0.247553 -0.0211394 0.0975679 -0.773955 -0.0151788 0.630181 0.0602943 0.02
e_25_3 25 3 5 0.0125 0.22805 -0.0186539 0.100842 -0.742162 0.0418628 0.661198 0.101294 0.02
2 22 21
3 -0.126866 -0.0538607 0.0219698 0.0125
23 -0.144463 -0.0424215 0.0200821 0.0125
22 -0.158027 -0.0278278 0.0218274 0.0125
21 -0.168812 -0.0104766 0.0257617 0.0125
4 -0.287416 0.00952096 0.0164125 0.0125
20 -0.268158 0.0133084 0.0125233 0.0125
11 0.0713808 0.157335 0.0450453 0.0125
6 0.146061 0.252275 0.119063 0.0125
10 0.124142 0.22818 0.100524 0.0125
9 0.112208 0.207951 0.0910638 0.0125
2 0.083315 0.13985 0.0468827 0.0125
19 -0.248313 0.0173802 0.0133052 0.0125
8 0.0987418 0.191566 0.078912 0.0125
12 0.0540426 0.191801 0.0453739 0.0125
13 0.0482863 0.21101 0.0448638 0.0125
5 0.0429165 0.230367 0.0439275 0.0125
14 -0.0906989 0.0605427 0.0259722 0.0125
15 -0.135014 0.0506768 0.0261625 0.0125
16 -0.154191 0.0399592 0.0250611 0.0125
17 -0.171662 0.029943 0.0242251 0.0125
1 -0.18976 0.0212914 0.0234704 0.0125
18 -0.222677 0.0169669 0.0172699 0.0125
e_2_8 2 8 1 0.0125 0.0910281 0.165708 0.062897 0.854171 -0.492075 0.0517616 -0.159924 0.062757
e_8_9 8 9 2 0.0125 0.105475 0.199759 0.0849883 0.837487 -0.454898 0.210932 -0.217237 0.024443
e_9_10 9 10 3 0.0125 0.118176 0.218066 0.0957939 0.81062 -0.53061 0.177907 -0.17233 0.02532
e_10_6 10 6 4 0.0125 0.135101 0.240227 0.109793 0.834713 -0.44703 0.229868 -0.2249 0.03748
e_2_11 2 11 1 0.0125 0.0773476 0.148593 0.0459642 0.670654 -0.655488 -0.336995 0.0836269 0.021249
e_11_12 11 12 2 0.0125 0.0627117 0.174568 0.0452096 0.708515 -0.648778 -0.273549 0.0475818 0.038584
e_12_13 12 13 3 0.0125 0.0511648 0.201405 0.0451187 0.697221 -0.695132 -0.171796 0.0340793 0.020059
e_13_5 13 5 4 0.0125 0.0456012 0.220688 0.044396 0.689521 -0.706119 -0.157109 0.0356952 0.020109
e_2_14 2 14 1 0.0125 -0.00369211 0.100196 0.0364277 0.630341 0.514643 -0.538044 -0.21982 0.192374
e_14_15 14 15 2 0.0125 -0.112856 0.0556095 0.0260675 0.696511 0.277346 -0.648831 -0.130267 0.0454
e_15_16 15 16 3 0.0125 -0.144602 0.0453181 0.0256121 0.633679 0.573713 -0.442591 -0.270957 0.021997
e_16_17 16 17 4 0.0125 -0.162927 0.0349503 0.0246429 0.634387 0.579511 -0.430015 -0.27714 0.020156
e_17_1 17 1 5 0.0125 -0.180711 0.0256175 0.0238479 0.651358 0.515245 -0.503287 -0.238658 0.020073
e_1_18 1 18 1 0.0125 -0.206218 0.019129 0.0203708 0.638322 0.132763 -0.757741 -0.0273387 0.033775
e_18_19 18 19 2 0.0125 -0.235495 0.0171739 0.0152877 0.650326 -0.0421532 -0.758052 0.0256391 0.025944
e_19_20 19 20 3 0.0125 -0.258236 0.0153441 0.0129139 0.68439 0.256039 -0.673591 -0.11104 0.020274
e_20_4 20 4 4 0.0125 -0.277786 0.0114143 0.0144677 0.755159 0.251947 -0.582508 -0.164139 0.020008
e_1_21 1 21 1 0.0125 -0.179286 0.00540736 0.024616 0.554762 0.19171 0.658183 -0.471467 0.038122
e_21_22 21 22 2 0.0125 -0.163419 -0.0191517 0.0237946 0.445506 0.167361 0.752681 -0.454957 0.020805
e_22_23 22 23 3 0.0125 -0.151245 -0.0351243 0.0209549 0.510204 0.0788641 0.733087 -0.442782 0.02
e_23_3 23 3 4 0.0125 -0.135664 -0.0481414 0.0210263 0.604273 -0.0237719 0.67427 -0.423849 0.021073
3 23 22
3 0.275155 -0.00500326 0.0113991 0.0125
24 0.26832 0.00551444 0.0300749 0.0125
23 0.26044 0.0169475 0.0501063 0.0125
22 0.255511 0.0314893 0.0694432 0.0125
4 0.251934 0.0934637 0.177441 0.0125
21 0.255763 0.0834172 0.142457 0.0125
20 0.253449 0.0720594 0.1224 0.0125
11 0.376386 -0.229575 0.0700988 0.0125
10 0.373192 -0.219428 0.0531624 0.0125
6 0.216862 -0.167962 0.0539662 0.0125
9 0.365584 -0.214498 0.0353357 0.0125
2 0.356315 -0.207286 0.0191464 0.0125
19 0.265741 0.0397258 0.0818474 0.0125
8 0.30203 -0.184516 0.0287344 0.0125
12 0.383538 -0.234507 0.0881141 0.0125
5 0.387898 -0.239468 0.106992 0.0125
13 0.323871 -0.095294 0.0267071 0.0125
14 0.322132 -0.0756835 0.0328067 0.0125
15 0.31332 -0.0359247 0.0493243 0.0125
16 0.307483 -0.0138172 0.061128 0.0125
17 0.298867 0.00417772 0.0691539 0.0125
18 0.284554 0.0202625 0.0754235 0.0125
1 0.250414 0.0533396 0.0869148 0.0125
e_2_8 2 8 1 0.0125 0.329172 -0.195901 0.0239409 -0.724859 0.0545818 0.645477 0.234434 0.059644
e_8_6 8 6 2 0.0125 0.259446 -0.176239 0.0413503 -0.797536 0.158155 0.57911 -0.0596278 0.090356
e_2_9 2 9 1 0.0125 0.360949 -0.210893 0.0272406 0.546787 -0.0903563 0.295141 -0.778301 0.02
e_9_10 9 10 2 0.0125 0.369388 -0.216963 0.0442487 0.576911 -0.08228 0.218071 -0.782846 0.02
e_10_11 10 11 3 0.0125 0.37479 -0.224501 0.0616303 0.334646 0.0140216 0.276392 -0.90079 0.02
e_11_12 11 12 4 0.0125 0.379963 -0.232041 0.0791062 0.56815 -0.075308 0.209666 -0.792196 0.02
e_12_5 12 5 5 0.0125 0.385718 -0.236987 0.0975525 0.503723 -0.0307566 0.164639 -0.847473 0.02
e_2_13 2 13 1 0.0125 0.340093 -0.15129 0.0229272 0.183809 -0.349624 0.587712 0.706096 0.116842
e_13_14 13 14 2 0.0125 0.323002 -0.0854886 0.0297577 0.499169 -0.407598 0.431161 0.631502 0.02061
e_14_15 14 15 3 0.0125 0.317726 -0.0558039 0.0410656 0.446391 -0.39541 0.39461 0.699048 0.043946
e_15_16 15 16 4 0.0125 0.310402 -0.0248709 0.0552255 0.489678 -0.397225 0.335957 0.699686 0.025731
e_16_17 16 17 5 0.0125 0.303175 -0.00482024 0.0651405 0.153896 -0.331312 0.451244 0.814203 0.021505
e_17_18 17 18 6 0.0125 0.291711 0.0122193 0.0722886 -0.345291 -0.166362 0.576654 0.721504 0.022426
e_18_19 18 19 7 0.0125 0.275147 0.0299939 0.0786353 -0.399989 -0.143402 0.603318 0.674872 0.027821
e_19_1 19 1 8 0.0125 0.258077 0.0465331 0.0843807 -0.500981 -0.0951045 0.609077 0.607453 0.021118
e_1_20 1 20 1 0.0125 0.251931 0.0626993 0.104657 0.914808 -0.239094 -0.0430917 -0.322651 0.040235
e_20_21 20 21 2 0.0125 0.254605 0.0777384 0.132428 0.926057 -0.258043 -0.0225503 -0.274452 0.023165
e_21_4 21 4 3 0.0125 0.253848 0.0884398 0.159949 0.695615 -0.0600258 -0.135846 -0.702896 0.0366
e_1_22 1 22 1 0.0125 0.252962 0.0424148 0.0781786 0.0402513 -0.123062 0.889968 -0.437255 0.028438
e_22_23 22 23 2 0.0125 0.257976 0.0242181 0.0597744 0.0512658 -0.160199 0.930543 -0.325266 0.024692
e_23_24 23 24 3 0.0125 0.26438 0.0112312 0.040091 0.115794 -0.19431 0.934433 -0.275082 0.024373
e_24_3 24 3 4 0.0125 0.271737 0.000255342 0.0207369 0.106401 -0.192446 0.937034 -0.271312 0.022498
4 27 26
3 -0.241817 -0.0415707 0.0889359 0.0125
28 -0.227694 -0.0571655 0.083062 0.0125
27 -0.214199 -0.0725282 0.0780266 0.0125
26 -0.198234 -0.0942259 0.0719658 0.0125
4 -0.148414 -0.173274 0.142477 0.0125
25 -0.157236 -0.162785 0.127214 0.0125
24 -0.168705 -0.151864 0.113361 0.0125
23 -0.178691 -0.134846 0.0858464 0.0125
1 -0.183317 -0.119247 0.0674115 0.0125
22 -0.16369 -0.118517 0.0635805 0.0125
21 -0.144354 -0.118828 0.0584315 0.0125
12 -0.00524382 0.170563 0.0144046 0.0125
11 0.00396057 0.145575 0.0138469 0.0125
10 0.0111837 0.126189 0.0133133 0.0125
9 0.0186916 0.101609 0.0152839 0.0125
2 0.0347376 0.04773 0.0224366 0.0125
19 -0.108763 -0.108937 0.0439927 0.0125
8 0.0272036 0.0726781 0.0181748 0.0125
6 -0.0111419 0.189613 0.0112445 0.0125
13 0.0418502 -0.00910793 0.0255427 0.0125
5 0.0504806 -0.0505522 0.0204811 0.0125
14 -0.0240733 -0.0280392 0.0139164 0.0125
15 -0.0417296 -0.0427197 0.0124999 0.0125
16 -0.0675029 -0.0719123 0.0202116 0.0125
17 -0.0809158 -0.0862681 0.0260335 0.0125
18 -0.0933275 -0.0995645 0.0345751 0.0125
20 -0.125423 -0.115909 0.0525942 0.0125
e_2_8 2 8 1 0.0125 0.0309708 0.0602036 0.0203057 -0.501958 0.42631 0.631625 0.409082 0.026406
e_8_9 8 9 2 0.0125 0.0229474 0.087143 0.01673 0.027664 -0.237926 0.700791 0.671951 0.030296
e_9_10 9 10 3 0.0125 0.0149371 0.113899 0.0142982 0.251325 -0.458618 0.572624 0.631354 0.025776
e_10_11 10 11 4 0.0125 0.00757189 0.135881 0.0135807 0.714796 -0.667866 -0.2026 0.0444512 0.020695
e_11_12 11 12 5 0.0125 -0.000641116 0.158069 0.0141262 0.711689 -0.675305 -0.183014 0.0629811 0.026635
e_12_6 12 6 6 0.0125 -0.00819253 0.180088 0.0128249 -0.513535 0.436727 0.622511 0.397532 0.020191
e_2_13 2 13 1 0.0125 0.0382933 0.0193114 0.0239901 0.725994 0.682751 0.0823016 0.00328103 0.057365
e_13_5 13 5 2 0.0125 0.0461654 -0.0298301 0.0230119 0.663387 0.737141 0.12644 0.0235267 0.042635
e_2_14 2 14 1 0.0125 0.0053326 0.00984555 0.0181764 0.623731 0.711504 -0.194943 -0.258302 0.096292
e_14_15 14 15 2 0.0125 -0.032901 -0.0353793 0.0132081 0.604207 0.674779 -0.274709 -0.322711 0.023006
e_15_16 15 16 3 0.0125 -0.0546158 -0.0573158 0.0163557 0.72853 0.58865 -0.237418 -0.257618 0.039698
e_16_17 16 17 4 0.0125 -0.074209 -0.0790901 0.023122 0.759852 0.544191 -0.248558 -0.254362 0.020492
e_17_18 17 18 5 0.0125 -0.0871212 -0.0929161 0.0303042 0.811956 0.477036 -0.244769 -0.230764 0.020094
e_18_19 18 19 6 0.0125 -0.101045 -0.104251 0.0392834 0.805289 0.40247 -0.326838 -0.287584 0.020367
e_19_20 19 20 7 0.0125 -0.117093 -0.112423 0.0482935 0.779614 0.380699 -0.374256 -0.327418 0.020003
e_20_21 20 21 8 0.0125 -0.134888 -0.117369 0.0555129 0.690323 0.379021 -0.458909 -0.411338 0.020025
e_21_22 21 22 9 0.0125 -0.154022 -0.118672 0.061006 0.65337 0.337111 -0.507639 -0.449185 0.020012
e_22_1 22 1 10 0.0125 -0.173503 -0.118882 0.0654955 0.622112 0.395143 -0.498141 -0.45683 0.020011
e_1_23 1 23 1 0.0125 -0.181004 -0.127047 0.0766289 0.931334 0.346968 0.0687427 0.0866302 0.024588
e_23_24 23 24 2 0.0125 -0.173698 -0.143355 0.0996039 0.941467 0.28405 0.114009 0.14127 0.033858
e_24_25 24 25 3 0.0125 -0.16297 -0.157325 0.120288 0.884394 0.348078 0.222768 0.216943 0.02104
e_25_4 25 4 4 0.0125 -0.152826 -0.168029 0.134846 0.915676 0.313628 0.172088 0.183194 0.020513
e_1_26 1 26 1 0.0125 -0.190775 -0.106737 0.0696881 0.691203 -0.369865 -0.534753 -0.315401 0.029486
e_26_27 26 27 2 0.0125 -0.206216 -0.0833766 0.0749962 0.695018 -0.279085 -0.558886 -0.355961 0.027611
e_27_28 27 28 3 0.0125 -0.220947 -0.0648465 0.0805448 0.677133 -0.191111 -0.586454 -0.401297 0.021059
e_28_3 28 3 4 0.0125 -0.234755 -0.0493681 0.085999 0.697105 -0.195867 -0.571998 -0.385355 0.021844
5 24 23
3 0.146651 0.0133499 0.0701747 0.0125
25 0.148699 -0.00261722 0.0583073 0.0125
24 0.147004 -0.0202517 0.0490257 0.0125
23 0.14685 -0.0347479 0.0352471 0.0125
22 0.146256 -0.0493001 0.0215406 0.0125
4 0.0933295 -0.150398 0.0114901 0.0125
21 0.102556 -0.13255 0.0129874 0.0125
20 0.112414 -0.113043 0.0146859 0.0125
6 -0.160708 0.0824333 0.0114953 0.0125
11 -0.154875 0.0752616 0.0334137 0.0125
10 -0.144731 0.0638818 0.0569845 0.0125
9 -0.13419 0.055189 0.076962 0.0125
2 -0.10181 0.0373017 0.140914 0.0125
19 0.127003 -0.0879717 0.0155151 0.0125
8 -0.114036 0.0424627 0.117755 0.0125
12 -0.138276 0.0355754 0.12616 0.0125
13 -0.156502 0.0322263 0.117734 0.0125
14 -0.173128 0.0272035 0.107532 0.0125
5 -0.190737 0.0198907 0.101091 0.0125
15 0.0701579 -0.0337906 0.0378054 0.0125
16 0.0931504 -0.0405108 0.0294648 0.0125
17 0.111106 -0.0487501 0.0242306 0.0125
18 0.129613 -0.0571419 0.0188963 0.0125
1 0.146185 -0.0666857 0.0116544 0.0125
e_2_8 2 8 1 0.0125 -0.107923 0.0398827 0.129334 -0.212224 -0.193099 0.946856 0.145389 0.026692
e_8_9 8 9 2 0.0125 -0.124113 0.0488263 0.0973583 -0.166707 -0.299811 0.917505 0.201264 0.047245
e_9_10 9 10 3 0.0125 -0.139461 0.0595355 0.0669739 -0.119617 -0.427828 0.854213 0.270141 0.024203
e_10_11 10 11 4 0.0125 -0.149803 0.0695712 0.0451992 -0.0660464 -0.453553 0.845065 0.275305 0.028071
e_11_6 11 6 5 0.0125 -0.157791 0.0788469 0.0224548 -0.0711837 -0.304186 0.931756 0.185027 0.023789
e_2_12 2 12 1 0.0125 -0.120043 0.0364381 0.133537 0.243245 0.762727 -0.324963 -0.503466 0.039376
e_12_13 12 13 2 0.0125 -0.147389 0.0339008 0.121947 0.114378 0.8404 -0.0261854 -0.529112 0.020357
e_13_14 13 14 3 0.0125 -0.164815 0.0297144 0.112633 -0.0165336 0.822001 0.278497 -0.496469 0.020142
e_14_5 14 5 4 0.0125 -0.181932 0.0235475 0.104312 0.231302 0.81233 -0.0116152 -0.535243 0.020125
e_2_15 2 15 1 0.0125 -0.0158258 0.00175495 0.0893594 0.484336 0.0757644 0.858252 -0.151927 0.21274
e_15_16 15 16 2 0.0125 0.081654 -0.0371512 0.0336352 0.562043 0.0323345 0.814473 -0.140339 0.025365
e_16_17 16 17 3 0.0125 0.102128 -0.0446305 0.026847 0.581598 0.0983157 0.786364 -0.183602 0.020437
e_17_18 17 18 4 0.0125 0.120359 -0.052946 0.0215635 0.582817 0.0963753 0.78592 -0.182663 0.021009
e_18_1 18 1 5 0.0125 0.137898 -0.0619142 0.0152752 0.532768 0.136954 0.811368 -0.197696 0.020448
e_1_19 1 19 1 0.0125 0.136593 -0.0773289 0.013585 0.55725 0.658201 0.00263103 -0.506199 0.028912
e_19_20 19 20 2 0.0125 0.119708 -0.100507 0.0151002 0.475089 0.686433 0.207616 -0.509898 0.029019
e_20_21 20 21 3 0.0125 0.107484 -0.122797 0.0138368 0.453978 0.684112 0.265935 -0.505147 0.021922
e_21_4 21 4 4 0.0125 0.0979426 -0.141474 0.0122388 0.454701 0.685502 0.259343 -0.506039 0.020147
e_1_22 1 22 1 0.0125 0.146219 -0.0579931 0.0165978 0.85431 -0.496678 0.0785463 0.13151 0.02
e_22_23 22 23 2 0.0125 0.146553 -0.0420245 0.0283939 0.916126 -0.394481 0.0412981 0.0582502 0.02
e_23_24 23 24 3 0.0125 0.146926 -0.0275001 0.0421367 0.917141 -0.393332 0.0288778 0.0575239 0.02
e_24_25 24 25 4 0.0125 0.147852 -0.0114345 0.0536659 0.84483 -0.500967 0.130376 0.135261 0.02
e_25_3 25 3 5 0.0125 0.147675 0.00536625 0.0642413 0.887119 -0.450827 -0.00762743 0.0985753 0.02
6 25 24
3 0.0489166 -0.188654 0.0459682 0.0125
26 0.0344455 -0.176409 0.0395922 0.0125
25 0.0190864 -0.164562 0.0347197 0.0125
24 0.00379696 -0.151781 0.0364175 0.0125
23 -0.00978889 -0.138058 0.0416218 0.0125
4 -0.112767 -0.144836 0.0262152 0.0125
22 -0.0930789 -0.143679 0.0352952 0.0125
21 -0.0740047 -0.141894 0.0424302 0.0125
1 -0.0198457 -0.123309 0.050641 0.0125
12 0.240997 0.00811624 0.0156921 0.0125
11 0.247583 -0.0109215 0.0150367 0.0125
10 0.254254 -0.0334188 0.0141001 0.0125
9 0.257958 -0.0555158 0.0121856 0.0125
2 0.276094 -0.11558 0.0118452 0.0125
19 0.0234724 -0.119117 0.0509696 0.0125
8 0.260208 -0.0806444 0.0114992 0.0125
6 0.237286 0.0276109 0.0116358 0.0125
13 0.282944 -0.103117 0.0264976 0.0125
14 0.297925 -0.0809457 0.0503658 0.0125
15 0.309099 -0.0644432 0.063204 0.0125
5 0.318498 -0.0505252 0.0740963 0.0125
16 0.198991 -0.117856 0.0228627 0.0125
17 0.071387 -0.116244 0.046398 0.0125
18 0.0437419 -0.120326 0.0476462 0.0125
20 0.00286432 -0.120209 0.0529396 0.0125
e_2_8 2 8 1 0.0125 0.268152 -0.098112 0.0116723 -0.702368 0.664635 0.250532 -0.0466228 0.038379
e_8_9 8 9 2 0.0125 0.259084 -0.0680798 0.0118426 -0.711567 0.682316 0.144391 0.0852575 0.025238
e_9_10 9 10 3 0.0125 0.256107 -0.0444677 0.013143 -0.734829 0.657677 0.157752 0.051012 0.022487
e_10_11 10 11 4 0.0125 0.250919 -0.0221702 0.014568 -0.721039 0.662813 0.201873 0.00531137 0.023484
e_11_12 11 12 5 0.0125 0.244289 -0.00140296 0.0153647 -0.718424 0.661001 0.216332 -0.0120458 0.020156
e_12_6 12 6 6 0.0125 0.239141 0.0178633 0.0136643 -0.629746 0.744809 0.213094 0.0571883 0.020255
e_2_13 2 13 1 0.0125 0.279519 -0.109349 0.019172 -0.911789 0.35636 -0.119223 0.16563 0.020419
e_13_14 13 14 2 0.0125 0.290435 -0.0920319 0.0384317 -0.887225 0.382963 -0.143242 0.213665 0.035856
e_14_15 14 15 3 0.0125 0.303513 -0.0726948 0.056785 -0.838259 0.458311 -0.138463 0.260961 0.023707
e_15_5 15 5 4 0.0125 0.313799 -0.0574842 0.0686497 -0.839404 0.456958 -0.138283 0.259747 0.020017
e_2_16 2 16 1 0.0125 0.237542 -0.116718 0.0173538 -0.58133 0.403375 0.516325 -0.482445 0.07792
e_16_17 16 17 2 0.0125 0.135188 -0.11705 0.0346302 -0.606991 0.398783 0.500288 -0.471429 0.129766
e_17_18 17 18 3 0.0125 0.0575648 -0.118285 0.0470222 -0.511941 0.411125 0.555575 -0.510126 0.027973
e_18_19 18 19 4 0.0125 0.0336077 -0.119721 0.0493086 -0.610936 0.417254 0.495105 -0.455552 0.020575
e_19_20 19 20 5 0.0125 0.0131684 -0.119663 0.0519546 -0.55747 0.41487 0.529519 -0.486538 0.020731
e_20_1 20 1 6 0.0125 -0.0084906 -0.12176 0.0517898 -0.458403 0.467976 0.575226 -0.489878 0.023035
e_1_21 1 21 1 0.0125 -0.0469252 -0.132601 0.0465356 -0.378883 0.441142 0.613484 -0.534302 0.057845
e_21_22 21 22 2 0.0125 -0.0835413 -0.142787 0.0388623 -0.371867 0.570242 0.591061 -0.43265 0.020443
e_22_4 22 4 3 0.0125 -0.102923 -0.144258 0.0307552 -0.353554 0.602485 0.588297 -0.40733 0.021712
e_1_23 1 23 1 0.0125 -0.0148173 -0.130683 0.0461314 0.521817 0.744159 0.414367 0.0472771 0.02
e_23_24 23 24 2 0.0125 -0.00299643 -0.144919 0.03902 0.530451 0.765193 0.211168 0.297507 0.02
e_24_25 24 25 3 0.0125 0.011442 -0.158172 0.0355687 0.415779 0.736086 -0.0252682 0.533542 0.02
e_25_26 25 26 4 0.0125 0.0267655 -0.170485 0.0371553 -0.269661 0.329141 -0.519459 0.74102 0.02
e_26_3 26 3 5 0.0125 0.0416807 -0.182532 0.0427801 -0.5143 0.105998 -0.573903 0.628407 0.02
7 24 23
3 -0.0351315 0.198153 0.0747065 0.0125
25 -0.040503 0.17777 0.0746052 0.0125
24 -0.0515963 0.155073 0.0697682 0.0125
4 -0.033719 0.181828 0.0116712 0.0125
23 -0.047203 0.155404 0.0272067 0.0125
22 -0.050798 0.136138 0.0364923 0.0125
1 -0.06632 0.104284 0.0639463 0.0125
21 -0.0847961 0.0974182 0.0674373 0.0125
11 -0.357323 -0.061914 0.0379128 0.0125
10 -0.341293 -0.0619763 0.0498731 0.0125
6 -0.33826 -0.124013 0.199166 0.0125
9 -0.325632 -0.0572399 0.0613742 0.0125
2 -0.310854 -0.0496968 0.0725426 0.0125
19 -0.121838 0.0878049 0.078906 0.0125
8 -0.336435 -0.104948 0.174768 0.0125
12 -0.372636 -0.0620827 0.0250487 0.0125
5 -0.387332 -0.062685 0.0114961 0.0125
13 -0.228994 0.016974 0.0888481 0.0125
14 -0.212763 0.0314639 0.0935413 0.0125
15 -0.190192 0.0513664 0.0977101 0.0125
16 -0.172849 0.0619276 0.0973708 0.0125
17 -0.155172 0.069857 0.092214 0.0125
18 -0.138441 0.0787839 0.0855008 0.0125
20 -0.103134 0.0914221 0.0727707 0.0125
e_2_8 2 8 1 0.0125 -0.323645 -0.0773222 0.123656 0.736637 0.255924 0.0701808 -0.622048 0.118984
e_8_6 8 6 2 0.0125 -0.337348 -0.114481 0.186967 0.777032 0.285049 0.159534 -0.538068 0.031016
e_2_9 2 9 1 0.0125 -0.318243 -0.0534678 0.0669584 0.0663936 0.835046 0.286189 -0.465173 0.02
e_9_10 9 10 2 0.0125 -0.333463 -0.0596073 0.0556233 -0.00565923 0.846218 0.267318 -0.460895 0.02
e_10_11 10 11 3 0.0125 -0.349309 -0.0619455 0.0438926 -0.125579 0.859058 0.247022 -0.430383 0.02
e_11_12 11 12 4 0.0125 -0.36498 -0.0619986 0.0314802 -0.121118 0.865426 0.269514 -0.404635 0.02
e_12_5 12 5 5 0.0125 -0.379985 -0.0623841 0.0182728 -0.110665 0.869314 0.288262 -0.385943 0.02
e_2_13 2 13 1 0.0125 -0.269925 -0.0163607 0.080695 0.497708 0.111608 0.64127 0.573239 0.106827
e_13_14 13 14 2 0.0125 -0.220879 0.0242196 0.0911945 0.521098 0.067851 0.62447 0.577833 0.022258
e_14_15 14 15 3 0.0125 -0.201477 0.0414149 0.0956251 0.465889 0.118992 0.645938 0.592918 0.03038
e_15_16 15 16 4 0.0125 -0.18152 0.0566475 0.0975405 0.451692 0.226844 0.675935 0.53631 0.020308
e_16_17 16 17 5 0.0125 -0.164011 0.0658923 0.0947924 0.377254 0.367269 0.70266 0.478605 0.020049
e_17_18 17 18 6 0.0125 -0.146807 0.0743198 0.0888576 0.305717 0.407514 0.707657 0.489582 0.020116
e_18_19 18 19 7 0.0125 -0.13014 0.0832942 0.0822038 0.304067 0.405248 0.707487 0.492726 0.020013
e_19_20 19 20 8 0.0125 -0.112486 0.0896133 0.0758388 0.442938 0.407439 0.698035 0.388003 0.020015
e_20_21 20 21 9 0.0125 -0.0939651 0.0944204 0.0701046 0.41729 0.377726 0.700403 0.438894 0.020017
e_21_1 21 1 10 0.0125 -0.0755578 0.100851 0.0656914 0.448908 0.327377 0.692846 0.459643 0.020016
e_1_22 1 22 1 0.0125 -0.0585595 0.120211 0.0502191 -0.145382 0.637836 0.631975 0.415496 0.044826
e_22_23 22 23 2 0.0125 -0.0490012 0.145771 0.0318495 -0.329496 0.633933 0.558751 0.421141 0.021687
e_23_4 23 4 3 0.0125 -0.040461 0.168617 0.0194392 -0.125615 0.562165 0.644931 0.502249 0.033488
e_1_24 1 24 1 0.0125 -0.0589586 0.129678 0.0668571 -0.0973846 0.26801 0.611109 0.738399 0.0532
e_24_25 24 25 2 0.0125 -0.0460499 0.166422 0.0721861 0.223866 0.101448 0.629034 0.737501 0.025721
e_25_3 25 3 3 0.0125 -0.0378175 0.187961 0.074655 -0.212337 0.375842 0.596935 0.676257 0.021079
