6
1 19 18
3 0.00781675 -0.172178 0.0114951 0.0125
20 -0.00817597 -0.183012 0.0166824 0.0125
19 -0.0241928 -0.193702 0.0220808 0.0125
11 0.178824 -0.242831 0.0519694 0.0125
10 0.197757 -0.237607 0.0392336 0.0125
6 0.166358 -0.229783 0.150379 0.0125
9 0.189196 -0.228335 0.102186 0.0125
2 0.221035 -0.232847 0.0114999 0.0125
8 0.202712 -0.229084 0.0761944 0.0125
5 0.140883 -0.243758 0.0648312 0.0125
12 0.0402237 -0.224326 0.0446893 0.0125
13 0.00756381 -0.222524 0.0502631 0.0125
14 -0.0251747 -0.219505 0.0507382 0.0125
15 -0.052128 -0.218435 0.0509085 0.0125
1 -0.0741215 -0.215264 0.0452371 0.0125
18 -0.0401752 -0.204443 0.0274837 0.0125
16 -0.0906802 -0.245914 0.0655651 0.0125
4 -0.109922 -0.288502 0.10266 0.0125
17 -0.056195 -0.211279 0.0373147 0.0125
e_2_8 2 8 1 0.0125 0.211873 -0.230966 0.0438473 -0.560171 -0.0973338 0.101008 0.816414 0.067344
e_8_9 8 9 2 0.0125 0.195954 -0.22871 0.0891902 -0.896008 -0.0795281 0.224076 0.375012 0.029306
e_9_6 9 6 3 0.0125 0.177778 -0.229059 0.126283 -0.73513 -0.15471 0.156185 0.641292 0.05335
e_2_10 2 10 1 0.0125 0.209396 -0.235227 0.025367 -0.179988 0.320145 0.133402 -0.920497 0.036519
e_10_11 10 11 2 0.0125 0.188291 -0.24022 0.0456014 0.137148 0.474446 0.0535838 -0.867882 0.023408
e_11_5 11 5 3 0.0125 0.159854 -0.243294 0.0583999 -0.187582 0.563489 0.148294 -0.79076 0.040072
e_2_12 2 12 1 0.0125 0.130629 -0.228586 0.0280939 -0.228027 0.619593 0.161028 -0.733606 0.18403
e_12_13 12 13 2 0.0125 0.0238938 -0.223425 0.0474762 -0.232919 0.624188 0.162454 -0.727837 0.033181
e_13_14 13 14 3 0.0125 -0.00880476 -0.221014 0.0505005 -0.228158 0.682832 0.16286 -0.674657 0.032881
e_14_15 14 15 4 0.0125 -0.0386515 -0.21897 0.0508233 -0.178263 0.688732 0.149962 -0.686573 0.026975
e_15_1 15 1 5 0.0125 -0.0631247 -0.21685 0.0480728 -0.207954 0.773559 0.158937 -0.57715 0.022933
e_1_16 1 16 1 0.0125 -0.0824008 -0.230589 0.0554011 0.864558 0.455204 -0.201977 -0.0673352 0.040334
e_16_4 16 4 2 0.0125 -0.100301 -0.267209 0.0841132 0.893103 0.370213 -0.228215 0.115013 0.059666
e_1_17 1 17 1 0.0125 -0.0651579 -0.213272 0.0412755 -0.080186 0.833318 0.0603337 0.543609 0.02
e_17_18 17 18 2 0.0125 -0.0481855 -0.207861 0.0323989 -0.150647 0.859264 0.0862129 0.481184 0.02
e_18_19 18 19 3 0.0125 -0.0321841 -0.199072 0.0247823 -0.265197 0.789423 0.108996 0.542772 0.02
e_19_20 19 20 4 0.0125 -0.0161839 -0.188357 0.0193818 -0.263814 0.789424 0.108559 0.543532 0.02
e_20_3 20 3 5 0.0125 -0.00017996 -0.177594 0.0140892 -0.268551 0.785932 0.10945 0.546088 0.02
2 28 27
3 -0.128596 -0.078303 0.0114219 0.0125
29 -0.119496 -0.0911798 0.0255885 0.0125
28 -0.109645 -0.111879 0.0419711 0.0125
27 -0.102174 -0.128694 0.0521416 0.0125
4 -0.00775014 -0.128488 0.110912 0.0125
26 -0.0255555 -0.135236 0.102813 0.0125
25 -0.0458179 -0.146828 0.0963029 0.0125
24 -0.0637121 -0.151623 0.0858776 0.0125
1 -0.0931463 -0.151112 0.0692377 0.0125
23 -0.0781698 -0.141453 0.0601186 0.0125
22 -0.0645664 -0.130508 0.0503395 0.0125
21 -0.0491374 -0.119279 0.0440003 0.0125
6 0.135631 -0.0679528 0.012439 0.0125
11 0.124304 -0.0487917 0.0138145 0.0125
10 0.118658 -0.0277036 0.0158995 0.0125
9 0.109021 0.00394733 0.0186879 0.0125
2 0.0881687 0.072525 0.0113762 0.0125
19 -0.0249338 -0.0867072 0.0408321 0.0125
8 0.0951366 0.0388632 0.0178605 0.0125
12 0.0597068 0.0631373 0.0304314 0.0125
13 0.0435876 0.0569599 0.0408016 0.0125
14 0.0279607 0.0479415 0.0530049 0.0125
5 0.0095817 0.0460182 0.0659545 0.0125
15 0.0557354 0.00940433 0.022744 0.0125
16 0.040376 -0.0139659 0.0276614 0.0125
17 0.00257681 -0.0570314 0.0358778 0.0125
18 -0.0102104 -0.0723782 0.0390816 0.0125
20 -0.0358784 -0.104351 0.0420982 0.0125
e_2_8 2 8 1 0.0125 0.0916528 0.055694 0.014619 0.767497 0.612917 0.177896 -0.0602738 0.034982
e_8_9 8 9 2 0.0125 0.102079 0.0214049 0.0182745 0.714715 0.644789 0.27064 -0.0135354 0.037584
e_9_10 9 10 3 0.0125 0.113839 -0.0118774 0.0172937 0.676228 0.695125 0.242453 -0.0270795 0.033203
e_10_11 10 11 4 0.0125 0.121481 -0.0382476 0.0148571 0.671778 0.704065 0.227652 -0.0343693 0.02193
e_11_6 11 6 5 0.0125 0.129967 -0.0583729 0.0131267 0.684445 0.640863 0.346626 0.026056 0.022301
e_2_12 2 12 1 0.0125 0.0739379 0.0678311 0.0209045 0.823789 0.297873 -0.378151 -0.299409 0.035515
e_12_13 12 13 2 0.0125 0.0516467 0.0600487 0.0356166 0.817718 0.323054 -0.371705 -0.29801 0.020137
e_13_14 13 14 3 0.0125 0.0357747 0.0524502 0.0469035 0.839289 0.349233 -0.312891 -0.27519 0.021782
e_14_5 14 5 4 0.0125 0.0187712 0.0469798 0.0594797 0.831733 0.204688 -0.413735 -0.308458 0.022566
e_2_15 2 15 1 0.0125 0.071952 0.0409646 0.0170601 0.733147 0.635408 -0.131031 -0.203918 0.07187
e_15_16 15 16 2 0.0125 0.0480554 -0.0022804 0.0252032 0.732088 0.61735 -0.179681 -0.225037 0.028395
e_16_17 16 17 3 0.0125 0.0214759 -0.0354982 0.0317694 0.712401 0.608162 -0.243262 -0.251887 0.057887
e_17_18 17 18 4 0.0125 -0.00381643 -0.0647051 0.0374792 0.719896 0.606126 -0.231145 -0.246847 0.020231
e_18_19 18 19 5 0.0125 -0.0175721 -0.0795427 0.0399568 0.686341 0.615476 -0.280606 -0.267181 0.02062
e_19_20 19 20 6 0.0125 -0.0304067 -0.0955292 0.0414649 0.694342 0.664184 -0.168579 -0.21984 0.020801
e_20_21 20 21 7 0.0125 -0.0425078 -0.111815 0.0430496 0.695104 0.625598 -0.2474 -0.253478 0.020057
e_21_22 21 22 8 0.0125 -0.056852 -0.124894 0.0471695 0.759722 0.488036 -0.3228 -0.283626 0.020108
e_22_23 22 23 9 0.0125 -0.0713681 -0.13598 0.0552287 0.82149 0.422174 -0.278274 -0.263604 0.020012
e_23_1 23 1 10 0.0125 -0.0856581 -0.146282 0.0646781 0.80553 0.411389 -0.320922 -0.280873 0.020019
e_1_24 1 24 1 0.0125 -0.0784292 -0.151368 0.077558 0.854045 0.0838972 0.496917 0.129002 0.033817
e_24_25 24 25 2 0.0125 -0.0547655 -0.149225 0.0910901 0.851141 -0.0474216 0.502535 0.144117 0.021257
e_25_26 25 26 3 0.0125 -0.0356868 -0.141032 0.0995578 0.770458 -0.157507 0.583846 0.201769 0.024235
e_26_4 26 4 4 0.0125 -0.0166533 -0.131862 0.106863 0.816247 -0.0851981 0.545015 0.171586 0.020692
e_1_27 1 27 1 0.0125 -0.0976606 -0.139903 0.0606898 0.135975 0.0731668 -0.885097 -0.439045 0.029603
e_27_28 27 28 2 0.0125 -0.10591 -0.120286 0.0470564 0.291732 -0.165648 -0.845249 -0.415942 0.021024
e_28_29 28 29 3 0.0125 -0.114571 -0.101529 0.0337796 0.122952 0.152254 -0.876095 -0.440635 0.028175
e_29_3 29 3 4 0.0125 -0.124047 -0.0847406 0.0185054 0.0131267 0.502779 -0.762477 -0.407026 0.021197
3 24 23
3 -0.1582 -0.165744 0.0162359 0.0125
25 -0.114325 -0.209002 0.0505162 0.0125
4 -0.0319156 -0.176649 0.125512 0.0125
24 -0.0449932 -0.192513 0.112794 0.0125
23 -0.0631458 -0.202819 0.0967232 0.0125
1 -0.101197 -0.223367 0.0726769 0.0125
22 -0.118613 -0.228747 0.0812436 0.0125
21 -0.139161 -0.235123 0.0939166 0.0125
6 -0.490673 -0.32886 0.240606 0.0125
11 -0.474344 -0.320218 0.232474 0.0125
10 -0.454615 -0.316575 0.223574 0.0125
9 -0.403532 -0.308752 0.215354 0.0125
2 -0.351067 -0.292098 0.212567 0.0125
19 -0.181835 -0.248357 0.113047 0.0125
8 -0.380817 -0.304489 0.212315 0.0125
12 -0.342734 -0.284894 0.195875 0.0125
13 -0.33431 -0.27774 0.179206 0.0125
14 -0.326559 -0.267157 0.164109 0.0125
15 -0.322778 -0.25363 0.149871 0.0125
5 -0.317764 -0.24208 0.134332 0.0125
16 -0.280833 -0.256206 0.165703 0.0125
17 -0.248537 -0.246372 0.146581 0.0125
18 -0.206369 -0.249921 0.120701 0.0125
20 -0.1627 -0.242659 0.107805 0.0125
e_2_8 2 8 1 0.0125 -0.365942 -0.298294 0.212441 0.264593 0.709843 0.00677516 -0.652739 0.032228
e_8_9 8 9 2 0.0125 -0.392175 -0.306621 0.213834 0.217882 0.655521 -0.0714236 -0.719526 0.02331
e_9_10 9 10 3 0.0125 -0.429073 -0.312664 0.219464 0.211089 0.643779 -0.0836779 -0.730745 0.052328
e_10_11 10 11 4 0.0125 -0.46448 -0.318397 0.228023 0.25944 0.540471 -0.0717938 -0.797137 0.021948
e_11_6 11 6 5 0.0125 -0.482508 -0.324539 0.236539 0.348712 0.545486 0.0313036 -0.761489 0.020186
e_2_12 2 12 1 0.0125 -0.3469 -0.288496 0.204221 -0.198868 0.956529 -0.0485793 0.20771 0.02
e_12_13 12 13 2 0.0125 -0.338522 -0.281316 0.18754 -0.196986 0.956386 -0.045358 0.210866 0.02
e_13_14 13 14 3 0.0125 -0.330434 -0.272448 0.171657 -0.31972 0.915652 -0.197491 0.142678 0.02
e_14_15 14 15 4 0.0125 -0.324668 -0.260393 0.15699 -0.377606 0.861528 -0.337241 -0.038099 0.02
e_15_5 15 5 5 0.0125 -0.320271 -0.247854 0.142101 -0.330733 0.908438 -0.251393 0.0464591 0.02
e_2_16 2 16 1 0.0125 -0.31595 -0.274152 0.189135 -0.192787 0.866885 0.0625278 0.455448 0.091745
e_16_17 16 17 2 0.0125 -0.264685 -0.251289 0.156142 0.0256206 0.812605 0.293414 0.502916 0.038801
e_17_18 17 18 3 0.0125 -0.227453 -0.248146 0.133641 0.321151 0.703531 0.515669 0.36877 0.049603
e_18_19 18 19 4 0.0125 -0.194102 -0.249138 0.116874 0.442227 0.496977 0.633755 0.394719 0.025747
e_19_20 19 20 5 0.0125 -0.172268 -0.245508 0.110426 0.271405 0.579447 0.53965 0.547136 0.020642
e_20_21 20 21 6 0.0125 -0.150931 -0.238891 0.100861 0.00995019 0.816668 0.27927 0.504938 0.02835
e_21_22 21 22 7 0.0125 -0.128888 -0.231936 0.0875802 0.0124762 0.822455 0.278107 0.496054 0.02497
e_22_1 22 1 8 0.0125 -0.109906 -0.226058 0.0769598 0.0601643 0.773524 0.338128 0.532645 0.020141
e_1_23 1 23 1 0.0125 -0.0821718 -0.213093 0.0847001 0.346451 -0.505275 -0.0412775 -0.789281 0.049481
e_23_24 23 24 2 0.0125 -0.0540698 -0.197665 0.104759 0.349297 -0.438587 -0.0513388 -0.826437 0.026344
e_24_4 24 4 3 0.0125 -0.0384542 -0.18458 0.119153 0.0500012 -0.330623 -0.357261 -0.872097 0.024175
e_1_25 1 25 1 0.0125 -0.107761 -0.216185 0.0615968 -0.183015 0.898172 -0.262667 -0.301326 0.029491
e_25_3 25 3 2 0.0125 -0.136262 -0.187374 0.0333763 -0.18219 0.790358 -0.344133 -0.472984 0.070509
4 20 19
3 0.0588087 0.0367755 0.0422477 0.0125
21 0.0771922 0.0453908 0.0427896 0.0125
20 0.0942578 0.0572918 0.040741 0.0125
19 0.112063 0.0693048 0.0310667 0.0125
11 0.350375 -0.083693 0.0326952 0.0125
10 0.344819 -0.0994687 0.0436605 0.0125
6 0.305797 -0.259728 0.0186797 0.0125
9 0.338566 -0.111622 0.0582623 0.0125
2 0.331231 -0.12241 0.073422 0.0125
8 0.315765 -0.205349 0.0402596 0.0125
12 0.355163 -0.0663553 0.0239481 0.0125
5 0.356637 -0.0500342 0.0124841 0.0125
13 0.219974 -0.042938 0.044075 0.0125
14 0.175402 0.00656271 0.0342506 0.0125
15 0.151055 0.0418221 0.0196955 0.0125
16 0.143314 0.0648879 0.0158526 0.0125
1 0.138652 0.0873401 0.0166186 0.0125
18 0.178582 0.114158 0.0469915 0.0125
17 0.158785 0.101131 0.0335631 0.0125
4 0.206523 0.142859 0.0627692 0.0125
e_2_8 2 8 1 0.0125 0.323498 -0.163879 0.0568406 0.521883 0.809804 0.164707 -0.211488 0.090652
e_8_6 8 6 2 0.0125 0.310781 -0.232539 0.0294697 0.523592 0.809271 0.163987 -0.209858 0.059348
e_2_9 2 9 1 0.0125 0.334899 -0.117015 0.0658427 0.237098 -0.142693 0.926623 0.254545 0.02
e_9_10 9 10 2 0.0125 0.341693 -0.105545 0.0509608 0.231424 -0.19053 0.910356 0.285293 0.02
e_10_11 10 11 3 0.0125 0.347597 -0.091581 0.038177 0.285681 -0.265304 0.838903 0.379793 0.02
e_11_12 11 12 4 0.0125 0.352769 -0.0750241 0.028321 0.313974 -0.30184 0.792186 0.427497 0.02
e_12_5 12 5 5 0.0125 0.3559 -0.058195 0.0182158 0.224303 -0.35915 0.810933 0.403841 0.02
e_2_13 2 13 1 0.0125 0.275603 -0.0826739 0.0587491 0.140353 -0.717863 0.299339 0.612674 0.139839
e_13_14 13 14 2 0.0125 0.197688 -0.0181877 0.0391628 0.209265 -0.659953 0.370697 0.619075 0.067331
e_14_15 14 15 3 0.0125 0.163229 0.0241921 0.0269728 0.161488 -0.62928 0.514617 0.559551 0.045254
e_15_16 15 16 4 0.0125 0.147185 0.0533547 0.0177738 0.287532 -0.535922 0.539249 0.582515 0.024632
e_16_1 16 1 5 0.0125 0.140983 0.076114 0.0162356 0.38037 -0.480141 0.502766 0.609926 0.022944
e_1_17 1 17 1 0.0125 0.148718 0.0942354 0.0250906 0.725259 0.00530939 0.46347 0.509085 0.02971
e_17_18 17 18 2 0.0125 0.168684 0.107645 0.0402778 0.710022 0.0122088 0.503345 0.492305 0.027239
e_18_4 18 4 3 0.0125 0.192553 0.128509 0.0548806 0.650037 -0.0746184 0.557843 0.510584 0.043051
e_1_19 1 19 1 0.0125 0.125357 0.0783225 0.0238426 0.663877 -0.034156 -0.541991 0.514147 0.035227
e_19_20 19 20 2 0.0125 0.103161 0.0632982 0.0359044 0.663226 -0.036304 -0.541627 0.515221 0.023557
e_20_21 20 21 3 0.0125 0.0857254 0.0513407 0.0417654 0.578909 -0.0436942 -0.670135 0.462467 0.020906
e_21_3 21 3 4 0.0125 0.0680005 0.0410828 0.042519 0.41956 -0.335446 -0.633116 0.557323 0.02031
5 23 22
3 -0.0587892 0.0689715 0.0713721 0.0125
24 -0.044949 0.128432 0.0936154 0.0125
4 -0.0328193 0.172244 0.0114967 0.0125
23 -0.026161 0.171749 0.030349 0.0125
22 -0.0220427 0.168808 0.0496981 0.0125
21 -0.0234809 0.169116 0.0696439 0.0125
20 -0.0292075 0.166479 0.0886246 0.0125
11 0.27007 0.122865 0.148691 0.0125
6 0.388504 0.134177 0.147846 0.0125
10 0.35032 0.134702 0.160358 0.0125
9 0.32357 0.133677 0.170042 0.0125
2 0.249613 0.164378 0.173406 0.0125
19 -0.0199346 0.169454 0.108828 0.0125
8 0.289119 0.140768 0.173304 0.0125
12 0.276844 0.102391 0.135442 0.0125
5 0.284501 0.082398 0.129479 0.0125
13 0.150359 0.17679 0.148827 0.0125
14 0.10141 0.181587 0.136811 0.0125
15 0.0593952 0.18149 0.123808 0.0125
16 0.0382006 0.181423 0.116983 0.0125
17 0.0188803 0.178581 0.112295 0.0125
18 -0.000642733 0.174469 0.110476 0.0125
1 -0.037519 0.160425 0.105778 0.0125
e_2_8 2 8 1 0.0125 0.269366 0.152573 0.173355 0.570568 -0.0648205 0.704913 -0.416351 0.046023
e_8_9 8 9 2 0.0125 0.306344 0.137222 0.171673 0.5659 -0.26759 0.68889 -0.365491 0.035325
e_9_10 9 10 3 0.0125 0.336945 0.134189 0.1652 0.481868 -0.471432 0.669216 -0.312578 0.028468
e_10_6 10 6 4 0.0125 0.369412 0.134439 0.154102 0.488263 -0.439832 0.679863 -0.325474 0.040185
e_2_11 2 11 1 0.0125 0.259841 0.143621 0.161049 0.151784 -0.135144 0.846917 -0.491354 0.052466
e_11_12 11 12 2 0.0125 0.273456 0.112628 0.142067 0.0514724 -0.185235 0.852896 -0.485393 0.02531
e_12_5 12 5 3 0.0125 0.280672 0.0923942 0.13246 0.326265 0.161308 0.779816 -0.509331 0.022224
e_2_13 2 13 1 0.0125 0.199985 0.170584 0.161117 0.443441 -0.613145 -0.493318 0.429012 0.103003
e_13_14 13 14 2 0.0125 0.125885 0.179189 0.142819 0.439774 -0.604173 -0.503633 0.433505 0.05063
e_14_15 14 15 3 0.0125 0.080403 0.181538 0.13031 0.388235 -0.607522 -0.527955 0.448836 0.043981
e_15_16 15 16 4 0.0125 0.048798 0.181457 0.120396 0.381395 -0.614125 -0.525478 0.448621 0.022266
e_16_17 16 17 5 0.0125 0.0285404 0.180001 0.114639 0.403101 -0.515277 -0.592617 0.469898 0.020083
e_17_18 17 18 6 0.0125 0.00911893 0.176526 0.111386 0.487104 -0.389727 -0.627308 0.466184 0.020034
e_18_19 18 19 7 0.0125 -0.0102885 0.171962 0.109652 0.488717 -0.359428 -0.64188 0.468995 0.020001
e_19_1 19 1 8 0.0125 -0.0287267 0.164939 0.107304 0.426777 -0.28259 -0.704538 0.491559 0.020002
e_1_20 1 20 1 0.0125 -0.0333632 0.163452 0.0972014 0.241597 -0.844163 0.465009 -0.113075 0.02
e_20_21 20 21 2 0.0125 -0.0263436 0.167798 0.0791343 0.125712 -0.877941 0.451357 -0.0984523 0.02
e_21_22 21 22 3 0.0125 -0.0227617 0.168962 0.0596715 0.00601601 -0.929837 0.36613 -0.0362775 0.02
e_22_23 22 23 4 0.0125 -0.0241018 0.170279 0.0400234 0.0587227 -0.981897 0.140046 0.113211 0.02
e_23_4 23 4 5 0.0125 -0.0294902 0.171997 0.0209229 0.00414721 -0.984338 0.0489336 0.169315 0.02
e_1_24 1 24 1 0.0125 -0.0412342 0.144428 0.0996962 0.39568 0.687661 0.448068 -0.412061 0.035024
e_24_3 24 3 2 0.0125 -0.0518692 0.098701 0.082494 0.412937 0.703441 0.419918 -0.397899 0.064976
6 26 25
3 -0.453708 -0.014324 0.205451 0.0125
27 -0.435395 -0.0277515 0.212882 0.0125
26 -0.415234 -0.0409654 0.213553 0.0125
25 -0.38537 -0.0504162 0.210292 0.0125
4 -0.317113 -0.0557907 0.295804 0.0125
24 -0.332562 -0.0557724 0.280647 0.0125
23 -0.34276 -0.0570216 0.263371 0.0125
22 -0.358907 -0.0585311 0.234463 0.0125
1 -0.365617 -0.0558972 0.210409 0.0125
21 -0.34475 -0.052236 0.194681 0.0125
11 -0.0688219 -0.0775761 0.0926469 0.0125
10 -0.0839298 -0.0645196 0.091511 0.0125
6 0.0456177 -0.053935 0.0520612 0.0125
9 0.0167661 -0.0478904 0.0578706 0.0125
2 -0.0979309 -0.0502383 0.09139 0.0125
19 -0.308259 -0.0512912 0.172381 0.0125
8 -0.00503465 -0.0458021 0.0610569 0.0125
12 -0.0504267 -0.0853344 0.0938279 0.0125
13 -0.0324101 -0.093985 0.0930618 0.0125
5 -0.0145214 -0.102878 0.0940079 0.0125
14 -0.123579 -0.0458337 0.097484 0.0125
15 -0.158525 -0.0399017 0.105948 0.0125
16 -0.20344 -0.039729 0.117652 0.0125
17 -0.263389 -0.0533875 0.139044 0.0125
18 -0.289513 -0.0540193 0.157749 0.0125
20 -0.326677 -0.0507664 0.184608 0.0125
e_2_8 2 8 1 0.0125 -0.0514824 -0.0480198 0.0762236 0.447401 -0.553163 0.590802 -0.380522 0.097824
e_8_9 8 9 2 0.0125 0.00586613 -0.0468462 0.0594643 0.581742 -0.280305 0.702446 -0.29929 0.02213
e_9_6 9 6 3 0.0125 0.0311922 -0.0509124 0.0549661 0.55585 -0.227056 0.738316 -0.307191 0.030046
e_2_10 2 10 1 0.0125 -0.0909304 -0.0573787 0.0914501 0.62513 0.676821 0.19723 0.335001 0.02
e_10_11 10 11 2 0.0125 -0.0763759 -0.0710476 0.0920785 0.681223 0.60212 0.330211 0.253668 0.02
e_11_12 11 12 3 0.0125 -0.0596242 -0.0814548 0.0932382 0.726891 0.23665 0.643789 -0.0340836 0.02
e_12_13 12 13 4 0.0125 -0.0414187 -0.0896594 0.0934451 0.69176 0.265985 0.669625 -0.048186 0.02
e_13_5 13 5 5 0.0125 -0.0234657 -0.0984311 0.0935352 0.723569 0.315582 0.613808 0.00979903 0.02
e_2_14 2 14 1 0.0125 -0.110755 -0.048036 0.094437 0.700204 -0.368827 -0.499966 0.351733 0.026727
e_14_15 14 15 2 0.0125 -0.141052 -0.0428671 0.101716 0.701377 -0.366906 -0.499253 0.352416 0.036443
e_15_16 15 16 3 0.0125 -0.180982 -0.0398148 0.1118 0.688944 -0.302779 -0.53126 0.389158 0.046414
e_16_17 16 17 4 0.0125 -0.233413 -0.0465582 0.128348 0.688256 -0.193915 -0.545986 0.436577 0.065101
e_17_18 17 18 5 0.0125 -0.276451 -0.0537036 0.148397 0.795229 -0.194768 -0.413572 0.398289 0.032137
e_18_19 18 19 6 0.0125 -0.298887 -0.0526558 0.165065 0.81872 -0.236722 -0.371917 0.367882 0.023936
e_19_20 19 20 7 0.0125 -0.317468 -0.0510297 0.178494 0.79038 -0.221016 -0.417958 0.389566 0.022113
e_20_21 20 21 8 0.0125 -0.335714 -0.0515012 0.189644 0.757921 -0.204508 -0.464088 0.410311 0.020742
e_21_1 21 1 9 0.0125 -0.355184 -0.0540672 0.202544 0.78711 -0.140912 -0.426735 0.422492 0.026386
e_1_22 1 22 1 0.0125 -0.362262 -0.0572144 0.222436 0.953121 0.0872932 0.115866 0.265548 0.025111
e_22_23 22 23 2 0.0125 -0.350833 -0.0577761 0.248916 0.952829 0.0205125 0.252009 0.167894 0.033145
e_23_24 23 24 3 0.0125 -0.337661 -0.0563972 0.272009 0.951347 0.0110639 0.264841 0.157086 0.020101
e_24_4 24 4 4 0.0125 -0.324837 -0.0557815 0.288226 0.917431 0.0391295 0.385098 0.0921309 0.021642
e_1_25 1 25 1 0.0125 -0.375494 -0.053157 0.21035 0.633258 -0.470763 -0.530306 0.310069 0.0205
e_25_26 25 26 2 0.0125 -0.400303 -0.0456905 0.211923 0.674506 -0.450804 -0.494971 0.311161 0.031493
e_26_27 26 27 3 0.0125 -0.425315 -0.0343583 0.213217 0.657866 -0.569335 -0.435637 0.230849 0.024115
e_27_3 27 3 4 0.0125 -0.444552 -0.0210378 0.209167 0.557136 -0.659821 -0.469208 0.184608 0.023893
