6
1 28 27
3 -0.0980834 -0.285329 0.0114964 0.0125
29 -0.0827069 -0.281728 0.0247903 0.0125
28 -0.0639256 -0.278677 0.0345329 0.0125
27 -0.0358495 -0.279009 0.0508096 0.0125
4 -0.107668 -0.265482 0.0410242 0.0125
26 -0.0881829 -0.267552 0.0450295 0.0125
25 -0.0686834 -0.26962 0.0489669 0.0125
24 -0.048891 -0.269773 0.0518358 0.0125
23 -0.029961 -0.276207 0.0523191 0.0125
1 -0.0114032 -0.281265 0.0577988 0.0125
22 0.00547358 -0.276078 0.0477592 0.0125
21 0.0245669 -0.276285 0.0404475 0.0125
12 0.362745 -0.185378 0.0695853 0.0125
11 0.349816 -0.197035 0.0591672 0.0125
10 0.335669 -0.209163 0.0474261 0.0125
9 0.319557 -0.226113 0.0385192 0.0125
2 0.272513 -0.251648 0.0120265 0.0125
19 0.0653645 -0.270426 0.0319182 0.0125
8 0.293768 -0.24374 0.0243124 0.0125
6 0.373383 -0.172825 0.0850111 0.0125
13 0.25386 -0.25727 0.0449659 0.0125
14 0.241992 -0.260504 0.0621272 0.0125
15 0.229764 -0.264282 0.077625 0.0125
5 0.213056 -0.264568 0.0895295 0.0125
16 0.195178 -0.284946 0.0149248 0.0125
17 0.174336 -0.288234 0.0163496 0.0125
18 0.0903744 -0.273124 0.0288073 0.0125
20 0.045264 -0.273905 0.0381229 0.0125
e_2_8 2 8 1 0.0125 0.283141 -0.247694 0.0181692 0.704132 0.128562 0.49529 0.492298 0.025792
e_8_9 8 9 2 0.0125 0.306662 -0.234927 0.031416 0.646258 0.0511202 0.538872 0.537917 0.034316
e_9_10 9 10 3 0.0125 0.327613 -0.217638 0.0429729 0.590226 -0.0222243 0.567054 0.574099 0.025026
e_10_11 10 11 4 0.0125 0.342743 -0.203098 0.0532965 0.672111 -0.00634168 0.483116 0.561093 0.022024
e_11_12 11 12 5 0.0125 0.356281 -0.191206 0.0643766 0.661243 -0.0130104 0.493026 0.565256 0.020287
e_12_6 12 6 6 0.0125 0.368064 -0.179102 0.0772984 0.711822 -0.073083 0.390757 0.579031 0.022554
e_2_13 2 13 1 0.0125 0.263186 -0.254458 0.0284963 0.913358 -0.00912642 -0.263728 0.310068 0.038269
e_13_14 13 14 2 0.0125 0.247926 -0.258886 0.0535463 0.907113 -0.0129606 -0.305695 0.289015 0.021115
e_14_15 14 15 3 0.0125 0.235878 -0.262393 0.0698761 0.904849 0.00728631 -0.338258 0.258412 0.020099
e_15_5 15 5 4 0.0125 0.221411 -0.264425 0.0835767 0.845067 -0.134604 -0.437908 0.275646 0.020517
e_2_16 2 16 1 0.0125 0.233845 -0.268298 0.0134763 0.675922 0.476233 -0.505963 -0.245629 0.084249
e_16_17 16 17 2 0.0125 0.184757 -0.28659 0.0156375 0.720423 0.216715 -0.647588 -0.121061 0.021148
e_17_18 17 18 3 0.0125 0.132355 -0.280679 0.022578 0.691493 -0.366894 -0.541423 0.306737 0.086215
e_18_19 18 19 4 0.0125 0.0778698 -0.271776 0.0303631 0.719985 -0.250452 -0.613118 0.207321 0.025347
e_19_20 19 20 5 0.0125 0.055314 -0.272166 0.0350212 0.802246 0.0694839 -0.591324 0.0436901 0.021322
e_20_21 20 21 6 0.0125 0.0349152 -0.275095 0.0392859 0.743623 0.120082 -0.655851 -0.0496467 0.020963
e_21_22 21 22 7 0.0125 0.0150196 -0.276182 0.0441035 0.796782 -0.150071 -0.546522 0.209596 0.020446
e_22_1 22 1 8 0.0125 -0.00296424 -0.278672 0.0527787 0.85798 0.0882161 -0.49503 0.105038 0.02031
e_1_23 1 23 1 0.0125 -0.0206817 -0.278737 0.0550589 -0.175891 -0.675225 0.425525 0.576248 0.02
e_23_24 23 24 2 0.0125 -0.0394256 -0.272991 0.0520774 0.460496 -0.661268 -0.273526 0.525215 0.02
e_24_25 24 25 3 0.0125 -0.0587872 -0.269697 0.0504013 0.609855 0.268828 -0.706712 -0.237415 0.02
e_25_26 25 26 4 0.0125 -0.0784331 -0.268586 0.0469982 0.608962 0.13434 -0.761843 -0.175252 0.02
e_26_4 26 4 5 0.0125 -0.0979256 -0.266517 0.0430264 0.604284 0.148806 -0.760247 -0.18634 0.02
e_1_27 1 27 1 0.0125 -0.023626 -0.280137 0.0543046 0.328594 0.626132 -0.494842 -0.50509 0.025527
e_27_28 27 28 2 0.0125 -0.0498877 -0.278843 0.0426715 -0.208334 0.791631 0.352234 -0.453705 0.032454
e_28_29 28 29 3 0.0125 -0.0733164 -0.280203 0.0296618 0.0546505 0.851832 0.0477918 -0.51876 0.021377
e_29_3 29 3 4 0.0125 -0.0903952 -0.283528 0.0181437 -0.0729139 0.833751 0.356166 -0.415559 0.020642
2 17 16
3 -0.232403 0.0974611 0.0842568 0.0125
10 -0.0544165 -0.0254899 0.0144827 0.0125
5 0.064024 0.0127273 0.0114972 0.0125
6 -0.1636 -0.0394234 0.0579058 0.0125
9 0.044994 0.000463143 0.0137651 0.0125
2 -0.0211969 -0.0393401 0.015022 0.0125
8 -0.0499638 -0.0371415 0.0160181 0.0125
11 -0.123807 0.00185153 0.0128624 0.0125
12 -0.190018 0.0229039 0.0126383 0.0125
13 -0.256717 0.0439359 0.0116402 0.0125
14 -0.281694 0.0496876 0.0184742 0.0125
1 -0.302219 0.0552487 0.0283758 0.0125
18 -0.252997 0.0887751 0.0721361 0.0125
15 -0.313656 0.0908478 0.0438541 0.0125
16 -0.321004 0.12372 0.0564584 0.0125
4 -0.320593 0.145586 0.0652383 0.0125
17 -0.27885 0.0747554 0.0456715 0.0125
e_2_8 2 8 1 0.0125 -0.0355803 -0.0382407 0.0155196 0.621596 -0.394227 -0.572133 0.361757 0.028868
e_8_6 8 6 2 0.0125 -0.106782 -0.0382827 0.0369614 0.799237 -0.117573 -0.559711 0.184718 0.121132
e_2_9 2 9 1 0.0125 0.0118982 -0.0194388 0.0143934 0.620092 -0.610194 0.368507 -0.327645 0.077247
e_9_5 9 5 2 0.0125 0.0545093 0.00659481 0.0126316 0.596201 -0.642814 0.369641 -0.307734 0.022753
e_2_10 2 10 1 0.0125 -0.0378064 -0.0324147 0.0147529 0.623726 -0.545038 -0.458715 0.321683 0.035995
e_10_11 10 11 2 0.0125 -0.0891112 -0.0118192 0.0136726 0.617668 -0.543333 -0.464381 0.328064 0.074601
e_11_12 11 12 3 0.0125 -0.156912 0.0123775 0.0127498 0.620361 -0.510733 -0.490684 0.336948 0.069477
e_12_13 12 13 4 0.0125 -0.223368 0.0334197 0.0121386 0.613691 -0.517057 -0.489672 0.340964 0.069943
e_13_14 13 14 5 0.0125 -0.269206 0.0468121 0.0150572 0.755508 -0.310598 -0.524146 0.240849 0.026526
e_14_1 14 1 6 0.0125 -0.291957 0.0524686 0.0234245 0.829374 -0.231979 -0.484899 0.152308 0.023457
e_1_15 1 15 1 0.0125 -0.307937 0.0730483 0.0361149 0.831415 -0.52897 -0.170119 -0.00022996 0.040468
e_15_16 15 16 2 0.0125 -0.31733 0.107284 0.0501567 0.821569 -0.553608 -0.135212 -0.0161287 0.035965
e_16_4 16 4 3 0.0125 -0.320799 0.134653 0.0608489 0.823885 -0.558058 -0.0480029 -0.0864914 0.023568
e_1_17 1 17 1 0.0125 -0.290534 0.0650025 0.0370233 0.794942 -0.448005 0.228637 -0.339241 0.035011
e_17_18 17 18 2 0.0125 -0.265923 0.0817656 0.0589039 0.822072 -0.330502 0.237312 -0.398308 0.039564
e_18_3 18 3 3 0.0125 -0.2427 0.0931177 0.0781969 0.75375 -0.400667 0.317981 -0.412572 0.025425
3 24 23
3 -0.30437 -0.014074 0.134317 0.0125
25 -0.310036 -0.0070759 0.107719 0.0125
24 -0.318478 0.00731155 0.0684995 0.0125
4 -0.241647 0.062701 0.0539291 0.0125
23 -0.259651 0.0537174 0.0522805 0.0125
22 -0.279384 0.0457329 0.0488979 0.0125
21 -0.305767 0.0342074 0.0444011 0.0125
1 -0.331028 0.019744 0.0451245 0.0125
12 -0.0244281 -0.139113 0.0309483 0.0125
11 -0.0489465 -0.143323 0.035112 0.0125
10 -0.0674667 -0.151468 0.0344538 0.0125
9 -0.0858004 -0.15826 0.0299212 0.0125
2 -0.127644 -0.193465 0.0123437 0.0125
19 -0.297921 -0.00590898 0.0382875 0.0125
8 -0.103385 -0.167567 0.022539 0.0125
6 0.00116202 -0.139798 0.0248246 0.0125
13 -0.144496 -0.246162 0.0134583 0.0125
14 -0.154564 -0.267335 0.0132569 0.0125
5 -0.158107 -0.288251 0.012871 0.0125
15 -0.221423 -0.0764801 0.0400633 0.0125
16 -0.244265 -0.0525299 0.0399897 0.0125
17 -0.264521 -0.0323957 0.0341183 0.0125
18 -0.282358 -0.0185595 0.0362357 0.0125
20 -0.314683 0.00711414 0.0418709 0.0125
e_2_8 2 8 1 0.0125 -0.115515 -0.180516 0.0174412 0.640977 -0.106901 0.592035 0.476671 0.036921
e_8_9 8 9 2 0.0125 -0.0945935 -0.162913 0.0262306 0.657236 0.0885383 0.56411 0.491916 0.021222
e_9_10 9 10 3 0.0125 -0.0766335 -0.154863 0.0321873 0.593984 0.216104 0.583435 0.509985 0.02007
e_10_11 10 11 4 0.0125 -0.0582066 -0.147395 0.0347827 0.485069 0.280674 0.636356 0.530077 0.020243
e_11_12 11 12 5 0.0125 -0.0366871 -0.141219 0.0330299 0.401865 0.508673 0.569038 0.505917 0.025223
e_12_6 12 6 6 0.0125 -0.0116333 -0.139456 0.0278861 0.399971 0.612816 0.49069 0.472972 0.026322
e_2_13 2 13 1 0.0125 -0.13607 -0.219813 0.0129003 0.710818 0.642847 -0.276912 0.0693214 0.055336
e_13_14 13 14 2 0.0125 -0.14953 -0.256749 0.0133572 0.703384 0.627222 -0.332979 0.0311014 0.023447
e_14_5 14 5 3 0.0125 -0.156336 -0.277794 0.0130634 0.692832 0.677934 -0.222519 0.10428 0.021216
e_2_15 2 15 1 0.0125 -0.174533 -0.134973 0.0262031 0.733167 -0.355762 -0.531541 -0.231007 0.152474
e_15_16 15 16 2 0.0125 -0.232844 -0.064505 0.0400265 0.631227 -0.238609 -0.666468 -0.31692 0.033096
e_16_17 16 17 3 0.0125 -0.254393 -0.0424624 0.0370538 0.501046 -0.098273 -0.768776 -0.38507 0.029158
e_17_18 17 18 4 0.0125 -0.273439 -0.0254777 0.0351768 0.681259 -0.173455 -0.650557 -0.28736 0.022673
e_18_19 18 19 5 0.0125 -0.290139 -0.0122345 0.037261 0.685726 -0.191519 -0.642207 -0.284025 0.020161
e_19_20 19 20 6 0.0125 -0.306302 0.000602578 0.0400792 0.717494 -0.197505 -0.614628 -0.261585 0.021528
e_20_1 20 1 7 0.0125 -0.322856 0.0134293 0.0434981 0.712233 -0.192633 -0.62056 -0.265559 0.02091
e_1_21 1 21 1 0.0125 -0.318398 0.0269756 0.0447626 0.444779 0.252329 0.669884 0.538291 0.029118
e_21_22 21 22 2 0.0125 -0.292575 0.0399702 0.0466497 0.553808 0.218143 0.612577 0.520057 0.029139
e_22_23 22 23 3 0.0125 -0.269518 0.0497249 0.0505886 0.556177 0.232448 0.606228 0.51877 0.021554
e_23_4 23 4 4 0.0125 -0.250649 0.0582087 0.0531048 0.511144 0.225628 0.638953 0.528738 0.020189
e_1_24 1 24 1 0.0125 -0.324753 0.0135273 0.0568122 0.896147 0.285264 0.140457 0.309544 0.0293
e_24_25 24 25 2 0.0125 -0.314257 0.000117982 0.0881084 0.946769 0.192483 0.053272 0.25247 0.042619
e_25_3 25 3 3 0.0125 -0.307202 -0.0105744 0.121018 0.953162 0.148427 0.0661448 0.255101 0.028081
4 23 22
3 0.362916 -0.0473664 0.0774253 0.0125
24 0.352881 -0.0645653 0.0806489 0.0125
23 0.345318 -0.084832 0.0874878 0.0125
22 0.330904 -0.112124 0.0956559 0.0125
4 0.341449 -0.170681 0.0114968 0.0125
21 0.332023 -0.166778 0.0339726 0.0125
20 0.327374 -0.158332 0.0536244 0.0125
12 -0.0100213 0.00279217 0.076637 0.0125
11 0.0112353 0.00924644 0.0662737 0.0125
10 0.0314725 0.0153804 0.0564056 0.0125
9 0.0524191 0.0271802 0.0409214 0.0125
2 0.0908064 0.0342362 0.011491 0.0125
19 0.323824 -0.148049 0.0724078 0.0125
8 0.0691278 0.0308326 0.0288769 0.0125
6 -0.0282858 -0.00399296 0.0917195 0.0125
13 0.031741 0.0668487 0.0391865 0.0125
5 0.00882444 0.0775919 0.0487782 0.0125
14 0.180584 -0.0172023 0.0334934 0.0125
15 0.196315 -0.0281905 0.0397313 0.0125
16 0.260292 -0.0902137 0.0789612 0.0125
17 0.275412 -0.103036 0.0853047 0.0125
18 0.298819 -0.123848 0.0960763 0.0125
1 0.318843 -0.133775 0.100295 0.0125
e_2_8 2 8 1 0.0125 0.0799669 0.0325343 0.0201835 -0.0392547 0.426703 0.0862058 -0.899417 0.027997
e_8_9 8 9 2 0.0125 0.0607737 0.0290062 0.0348985 -0.189749 0.418494 0.19227 -0.867116 0.020918
e_9_10 9 10 3 0.0125 0.0419458 0.0212803 0.0486635 -0.332347 0.297167 0.375439 -0.812578 0.028597
e_10_11 10 11 4 0.0125 0.0213539 0.0123134 0.0613396 -0.517808 0.310162 0.43859 -0.665818 0.023335
e_11_12 11 12 5 0.0125 0.000606538 0.00601938 0.0714555 -0.517893 0.309877 0.438845 -0.665716 0.024513
e_12_6 12 6 6 0.0125 -0.0191531 -0.000600937 0.0841782 -0.192126 0.37044 0.238138 -0.877013 0.024639
e_2_13 2 13 1 0.0125 0.0612732 0.0505421 0.0253391 0.789012 -0.408007 -0.379025 0.259482 0.072934
e_13_5 13 5 2 0.0125 0.0202822 0.0722199 0.0439827 0.744158 -0.437708 -0.362251 0.351305 0.027066
e_2_14 2 14 1 0.0125 0.135696 0.00851706 0.0224924 0.257772 -0.411342 0.476234 -0.73318 0.105783
e_14_15 14 15 2 0.0125 0.188449 -0.0226966 0.0366131 0.240658 -0.359912 0.464635 -0.772439 0.020177
e_15_16 15 16 3 0.0125 0.228304 -0.0592015 0.0593465 0.196156 -0.292314 0.46161 -0.814243 0.09736
e_16_17 16 17 4 0.0125 0.267852 -0.0966251 0.0821328 0.202079 -0.339938 0.481734 -0.782009 0.020815
e_17_18 17 18 5 0.0125 0.287115 -0.113442 0.0906903 0.196758 -0.327935 0.479438 -0.789863 0.033122
e_18_1 18 1 6 0.0125 0.308831 -0.128812 0.0981855 0.277658 -0.431051 0.470571 -0.718097 0.022743
e_1_19 1 19 1 0.0125 0.321333 -0.140911 0.0863514 -0.0969676 -0.654461 0.715009 -0.225922 0.031722
e_19_20 19 20 2 0.0125 0.325599 -0.15319 0.0630155 -0.101247 -0.646426 0.717509 -0.238882 0.021706
e_20_21 20 21 3 0.0125 0.329698 -0.162555 0.0437985 -0.0590955 -0.676439 0.700942 -0.218216 0.021889
e_21_4 21 4 4 0.0125 0.336736 -0.168729 0.0227353 0.0680095 -0.734732 0.644558 -0.200222 0.024683
e_1_22 1 22 1 0.0125 0.324873 -0.122949 0.097975 0.621161 -0.740906 0.20751 -0.148853 0.025214
e_22_23 22 23 2 0.0125 0.338111 -0.0984783 0.091572 0.598298 -0.759368 0.226429 -0.118871 0.031927
e_23_24 23 24 3 0.0125 0.349099 -0.0746991 0.0840687 0.588854 -0.776977 0.2169 -0.0501214 0.022688
e_24_3 24 3 4 0.0125 0.357898 -0.0559653 0.0790369 0.626931 -0.733601 0.20424 -0.164538 0.020172
5 25 24
3 0.219861 0.287994 0.311296 0.0125
26 0.209189 0.293944 0.294856 0.0125
25 0.194845 0.297763 0.280916 0.0125
24 0.169194 0.305658 0.254447 0.0125
4 0.159769 0.362706 0.156156 0.0125
23 0.163254 0.351134 0.172189 0.0125
22 0.161053 0.339458 0.190063 0.0125
1 0.154101 0.309236 0.239619 0.0125
21 0.170028 0.305421 0.227996 0.0125
6 0.261658 0.285776 0.0895185 0.0125
11 0.257523 0.270076 0.0777092 0.0125
10 0.251931 0.251159 0.0667701 0.0125
9 0.248537 0.234055 0.0565242 0.0125
2 0.248635 0.159629 0.011765 0.0125
19 0.193591 0.286939 0.201411 0.0125
8 0.245178 0.207853 0.0412287 0.0125
12 0.24058 0.142203 0.0173738 0.0125
13 0.231842 0.124769 0.0218106 0.0125
14 0.220674 0.108696 0.0259273 0.0125
15 0.21401 0.0898748 0.0270848 0.0125
5 0.208392 0.0707368 0.0285581 0.0125
16 0.244732 0.201531 0.0792123 0.0125
17 0.212265 0.274402 0.167406 0.0125
18 0.203127 0.282795 0.184176 0.0125
20 0.184075 0.296771 0.216676 0.0125
e_2_8 2 8 1 0.0125 0.246907 0.183741 0.0264965 0.784591 -0.424266 -0.244547 -0.38028 0.056617
e_8_9 8 9 2 0.0125 0.246857 0.220953 0.0488766 0.723344 -0.448576 -0.219615 -0.476783 0.030526
e_9_10 9 10 3 0.0125 0.250234 0.242606 0.0616468 0.702072 -0.450949 -0.208226 -0.510276 0.020224
e_10_11 10 11 4 0.0125 0.254727 0.260617 0.0722395 0.664674 -0.466911 -0.198744 -0.548365 0.022557
e_11_6 11 6 5 0.0125 0.25959 0.277926 0.0836144 0.699268 -0.415954 -0.181309 -0.552388 0.020076
e_2_12 2 12 1 0.0125 0.244607 0.150917 0.0145695 -0.442893 -0.510988 -0.314147 0.66637 0.02
e_12_13 12 13 2 0.0125 0.236211 0.133486 0.0195914 -0.408853 -0.529881 -0.329079 0.666163 0.02
e_13_14 13 14 3 0.0125 0.226258 0.116733 0.0238696 -0.262219 -0.513202 -0.365646 0.730868 0.02
e_14_15 14 15 4 0.0125 0.217342 0.0992857 0.0265067 -0.4986 -0.610317 -0.31395 0.529477 0.02
e_15_5 15 5 5 0.0125 0.211201 0.0803058 0.0278214 -0.542268 -0.612222 -0.297274 0.492705 0.02
e_2_16 2 16 1 0.0125 0.246683 0.180581 0.0454886 0.848822 -0.230054 -0.151243 -0.451334 0.079499
e_16_17 16 17 2 0.0125 0.228499 0.237966 0.123309 0.8976 -0.275807 -0.230487 -0.255187 0.118921
e_17_18 17 18 3 0.0125 0.207696 0.278599 0.17579 0.946585 -0.192454 -0.247031 -0.0769072 0.020862
e_18_19 18 19 4 0.0125 0.198359 0.284867 0.192793 0.962888 -0.114758 -0.242285 0.0312448 0.020128
e_19_20 19 20 5 0.0125 0.188834 0.291855 0.209043 0.931456 -0.237802 -0.266704 -0.0686203 0.020501
e_20_21 20 21 6 0.0125 0.177051 0.301096 0.222336 0.870247 -0.311992 -0.346059 0.159918 0.020007
e_21_1 21 1 7 0.0125 0.162064 0.307328 0.233807 0.815714 -0.275036 -0.367398 0.352115 0.020083
e_1_22 1 22 1 0.0125 0.157576 0.324347 0.214841 0.219749 -0.876265 -0.394981 -0.16691 0.058459
e_22_23 22 23 2 0.0125 0.162154 0.345296 0.181126 0.236505 -0.871473 -0.396135 -0.166364 0.021463
e_23_4 23 4 3 0.0125 0.161512 0.35692 0.164172 0.312547 -0.846574 -0.427292 -0.055217 0.020078
e_1_24 1 24 1 0.0125 0.161647 0.307448 0.247033 -0.0566508 -0.387314 0.0669313 -0.917768 0.021458
e_24_25 24 25 2 0.0125 0.18202 0.30171 0.267682 -0.0890557 -0.37805 0.0773769 -0.918238 0.037696
e_25_26 25 26 3 0.0125 0.202017 0.295853 0.287885 -0.0793591 -0.391172 0.0686323 -0.914318 0.020362
e_26_3 26 3 4 0.0125 0.214525 0.290968 0.303076 -0.0929236 -0.288045 0.125398 -0.944813 0.020483
6 17 16
3 0.320002 0.184393 0.0177347 0.0125
11 0.0543824 -0.0269712 0.0574675 0.0125
6 0.128156 -0.134254 0.0519596 0.0125
10 0.120408 -0.115387 0.0559047 0.0125
9 0.106014 -0.0992992 0.0597041 0.0125
2 0.0553315 -0.00498311 0.0546355 0.0125
8 0.0863569 -0.0623289 0.0601511 0.0125
5 0.0365768 -0.102492 0.0632971 0.0125
12 0.195456 0.162453 0.029918 0.0125
13 0.206384 0.179083 0.0278178 0.0125
14 0.216055 0.196509 0.0257157 0.0125
15 0.225175 0.212631 0.0181235 0.0125
1 0.234527 0.229621 0.0124628 0.0125
18 0.280184 0.194143 0.0183868 0.0125
16 0.190083 0.239028 0.0328153 0.0125
4 0.147667 0.26025 0.049327 0.0125
17 0.252911 0.209764 0.0127014 0.0125
e_2_8 2 8 1 0.0125 0.0708444 -0.0336557 0.0573936 0.723704 0.525625 0.426109 -0.135653 0.065433
e_8_9 8 9 2 0.0125 0.0961852 -0.0808142 0.059928 0.689995 0.551119 0.449008 -0.136259 0.041874
e_9_10 9 10 3 0.0125 0.11321 -0.107344 0.0578045 0.640681 0.526433 0.556367 -0.0533951 0.021919
e_10_6 10 6 4 0.0125 0.124282 -0.124821 0.0539329 0.615323 0.614964 0.465574 -0.162596 0.020774
e_2_11 2 11 1 0.0125 0.0548572 -0.015977 0.0560511 0.687486 0.615585 0.239264 -0.301945 0.02219
e_11_5 11 5 2 0.0125 0.0454797 -0.0647323 0.060382 0.640872 0.654452 0.18502 -0.35601 0.07781
e_2_12 2 12 1 0.0125 0.125393 0.0787355 0.0422774 0.481729 -0.083008 0.741185 0.460099 0.219729
e_12_13 12 13 2 0.0125 0.20092 0.170768 0.0288683 0.459368 -0.12981 0.731878 0.486296 0.020009
e_13_14 13 14 3 0.0125 0.211219 0.187796 0.0267667 0.441705 -0.158206 0.726221 0.502464 0.020041
e_14_15 14 15 4 0.0125 0.220615 0.20457 0.0219196 0.28141 -0.0122095 0.830364 0.480786 0.020018
e_15_1 15 1 5 0.0125 0.229851 0.221126 0.0152931 0.336427 -0.0736102 0.796659 0.496723 0.020203
e_1_16 1 16 1 0.0125 0.212305 0.234324 0.0226387 0.688629 0.211697 -0.500761 -0.479805 0.04978
e_16_4 16 4 2 0.0125 0.168875 0.249638 0.0410709 0.700449 0.0421942 -0.577776 -0.416852 0.05022
e_1_17 1 17 1 0.0125 0.243719 0.219693 0.0125817 0.708276 0.479897 0.515071 -0.052399 0.027061
e_17_18 17 18 2 0.0125 0.266547 0.201954 0.015544 0.766317 0.34859 0.538032 0.0420114 0.03194
e_18_3 18 3 3 0.0125 0.300093 0.189268 0.0180604 0.687456 0.303773 0.644728 0.139469 0.040999
