6
1 16 15
3 -0.174852 -0.288479 0.139667 0.0125
17 -0.194 -0.277133 0.113847 0.0125
16 -0.206101 -0.270243 0.0977183 0.0125
4 -0.189902 -0.268089 0.152321 0.0125
15 -0.206446 -0.261871 0.11698 0.0125
1 -0.230253 -0.260977 0.0613829 0.0125
14 -0.215536 -0.247718 0.0650358 0.0125
13 -0.201867 -0.232997 0.0647435 0.0125
12 -0.188731 -0.218358 0.0606896 0.0125
11 -0.150017 -0.175499 0.0481187 0.0125
8 -0.110362 -0.0678724 0.0504339 0.0125
2 -0.0429414 -0.0345234 0.0124993 0.0125
9 -0.132153 -0.0718408 0.0572974 0.0125
6 -0.169262 -0.0785497 0.0770465 0.0125
10 -0.0755666 -0.0297037 0.0125321 0.0125
5 -0.138073 -0.005524 0.0124475 0.0125
e_2_8 2 8 1 0.0125 -0.0766519 -0.0511979 0.0314666 0.649499 -0.126624 -0.50874 0.550728 0.084243
e_8_9 8 9 2 0.0125 -0.121258 -0.0698565 0.0538663 0.668807 -0.23653 -0.544103 0.447998 0.023188
e_9_6 9 6 3 0.0125 -0.150708 -0.0751953 0.0671716 0.701557 -0.216067 -0.470486 0.489669 0.042569
e_2_10 2 10 1 0.0125 -0.0592546 -0.0321135 0.0125161 0.649031 -0.372986 -0.600316 0.281533 0.03298
e_10_5 10 5 2 0.0125 -0.10682 -0.0176135 0.0124901 0.673335 -0.443496 -0.55131 0.214451 0.06702
e_2_11 2 11 1 0.0125 -0.0964786 -0.105011 0.0303089 0.491167 0.0241969 -0.633077 0.597815 0.180576
e_11_12 11 12 2 0.0125 -0.169373 -0.196929 0.0544038 0.515478 -0.00699316 -0.627393 0.583619 0.059108
e_12_13 12 13 3 0.0125 -0.195299 -0.225678 0.0627162 0.512047 -0.00621793 -0.63167 0.582033 0.020082
e_13_14 13 14 4 0.0125 -0.208701 -0.240357 0.0648899 0.468714 -0.0210994 -0.701637 0.536252 0.02009
e_14_1 14 1 5 0.0125 -0.222894 -0.254347 0.0632092 0.437327 -0.0651386 -0.765778 0.466998 0.020143
e_1_15 1 15 1 0.0125 -0.21835 -0.261424 0.0891814 0.628133 0.158996 0.123032 0.751687 0.060486
e_15_4 15 4 2 0.0125 -0.198173 -0.26498 0.134651 0.575565 0.221265 0.0620182 0.784806 0.039514
e_1_16 1 16 1 0.0125 -0.218177 -0.26561 0.0795513 0.504168 0.298872 0.0579202 0.808168 0.044603
e_16_17 16 17 2 0.0125 -0.200051 -0.273688 0.105783 0.447472 0.348562 -0.00691984 0.823544 0.021308
e_17_3 17 3 3 0.0125 -0.184426 -0.282807 0.126756 0.447284 0.34802 -0.0130629 0.823801 0.034089
2 17 16
3 0.0856145 0.0459345 0.0114913 0.0125
10 -0.109809 -0.0235202 0.0408445 0.0125
5 -0.269028 0.000980786 0.026294 0.0125
6 -0.12599 -0.0539602 0.146492 0.0125
9 -0.224152 -0.031375 0.0176131 0.0125
2 -0.188773 -0.0568054 0.0114847 0.0125
8 -0.16548 -0.0513931 0.0806179 0.0125
11 0.0237933 0.0025652 0.093672 0.0125
12 0.0454193 0.00644271 0.0980728 0.0125
13 0.0647609 0.0132953 0.100263 0.0125
1 0.0831105 0.0211682 0.104231 0.0125
18 0.0826622 0.0357326 0.0284383 0.0125
14 0.050884 -0.014596 0.143585 0.0125
4 0.0387192 -0.0428999 0.165521 0.0125
15 0.0769105 0.0231385 0.0853181 0.0125
16 0.0757297 0.0232874 0.0653536 0.0125
17 0.0798333 0.0267669 0.0460904 0.0125
e_2_8 2 8 1 0.0125 -0.177126 -0.0540988 0.0460518 0.983045 -0.0245546 0.163914 0.0784346 0.073152
e_8_6 8 6 2 0.0125 -0.145735 -0.0526763 0.113555 0.962564 0.0299248 0.265516 0.0455785 0.076848
e_2_9 2 9 1 0.0125 -0.206463 -0.0440902 0.0145496 0.73464 -0.494834 -0.430689 0.173061 0.044
e_9_5 9 5 2 0.0125 -0.24659 -0.0151971 0.0219542 0.73991 -0.490368 -0.426653 0.173318 0.056
e_2_10 2 10 1 0.0125 -0.14929 -0.0401632 0.0261648 0.796528 -0.330423 0.478288 -0.166145 0.090582
e_10_11 10 11 2 0.0125 -0.0430075 -0.0104776 0.0672588 0.810989 -0.208713 0.524923 -0.152288 0.146017
e_11_12 11 12 3 0.0125 0.0346068 0.00450417 0.0958725 0.747349 -0.268767 0.574079 -0.199168 0.022407
e_12_13 12 13 4 0.0125 0.0550902 0.00986867 0.0991684 0.709586 -0.401657 0.534415 -0.222622 0.020636
e_13_1 13 1 5 0.0125 0.0739362 0.017232 0.102247 0.746905 -0.391805 0.499053 -0.198915 0.020358
e_1_14 1 14 1 0.0125 0.0669977 0.0032863 0.123908 0.834461 0.183918 -0.386936 0.346597 0.06218
e_14_4 14 4 2 0.0125 0.0448018 -0.0287474 0.154553 0.815084 0.313918 -0.333833 0.35447 0.03782
e_1_15 1 15 1 0.0125 0.0800107 0.0221539 0.0947748 0.137834 -0.765701 -0.621698 0.0905242 0.02
e_15_16 15 16 2 0.0125 0.0763198 0.0232136 0.0753358 0.0193447 -0.834971 -0.549487 0.0226382 0.02
e_16_17 16 17 3 0.0125 0.0777816 0.025028 0.0557221 0.0564529 -0.953664 -0.268492 -0.123487 0.02
e_17_18 17 18 4 0.0125 0.0812482 0.03125 0.0372645 0.209459 -0.946696 -0.212337 -0.121679 0.02
e_18_3 18 3 5 0.0125 0.0841379 0.0408337 0.0199643 0.245575 -0.943004 -0.185518 -0.126566 0.02
3 23 22
3 -0.372433 -0.114451 0.0407464 0.0125
24 -0.341676 -0.121953 0.0422255 0.0125
23 -0.32196 -0.12563 0.0442986 0.0125
4 -0.347636 -0.196141 0.0305037 0.0125
22 -0.324323 -0.175827 0.0320297 0.0125
21 -0.307496 -0.161725 0.0336566 0.0125
20 -0.292727 -0.147191 0.0367204 0.0125
6 -0.0184556 0.0325081 0.135998 0.0125
11 -0.0228106 0.0410639 0.118232 0.0125
10 -0.0275641 0.0504669 0.0992054 0.0125
9 -0.0410989 0.0578668 0.0736056 0.0125
2 -0.0760103 0.0874815 0.0114932 0.0125
19 -0.247653 -0.0871809 0.0355564 0.0125
8 -0.0592255 0.0675808 0.0387017 0.0125
12 -0.0839058 0.0947047 0.0283895 0.0125
13 -0.0916649 0.101496 0.0455258 0.0125
14 -0.0955586 0.107992 0.0640368 0.0125
15 -0.100777 0.113717 0.0824756 0.0125
5 -0.104892 0.117731 0.101632 0.0125
16 -0.111553 0.052837 0.0226279 0.0125
17 -0.170875 -0.0137868 0.0394276 0.0125
18 -0.231284 -0.068907 0.0379238 0.0125
1 -0.274105 -0.130868 0.0449009 0.0125
e_2_8 2 8 1 0.0125 -0.0676176 0.0775305 0.0250973 0.878822 0.192456 0.318903 -0.298216 0.037658
e_8_9 8 9 2 0.0125 -0.050162 0.0627236 0.0561532 0.942415 0.071751 0.253111 -0.206495 0.040511
e_9_10 9 10 3 0.0125 -0.0343315 0.0541669 0.0864055 0.940448 0.0743655 0.257314 -0.209325 0.029888
e_10_11 10 11 4 0.0125 -0.0251872 0.0457656 0.108718 0.935288 0.186485 0.166739 -0.250315 0.021749
e_11_6 11 6 5 0.0125 -0.0206337 0.036786 0.127115 0.937443 0.182938 0.163258 -0.247145 0.020193
e_2_12 2 12 1 0.0125 -0.0799576 0.0910933 0.0199415 0.954084 -0.21035 -0.182598 0.110156 0.02
e_12_13 12 13 2 0.0125 -0.0877859 0.0981008 0.0369572 0.958264 -0.196302 -0.181809 0.100705 0.02
e_13_14 13 14 3 0.0125 -0.0936121 0.104745 0.0547815 0.979765 -0.170622 -0.0900843 0.0532251 0.02
e_14_15 14 15 4 0.0125 -0.0981682 0.110854 0.0732564 0.978837 -0.153037 -0.124908 0.0534374 0.02
e_15_5 15 5 5 0.0125 -0.102834 0.115724 0.0920539 0.989296 -0.102885 -0.102558 0.0138032 0.02
e_2_16 2 16 1 0.0125 -0.0937814 0.0701591 0.0170601 0.684453 0.597683 -0.182558 -0.375463 0.050867
e_16_17 16 17 2 0.0125 -0.141214 0.0195247 0.031028 0.643954 0.631379 -0.0939163 -0.421739 0.090775
e_17_18 17 18 3 0.0125 -0.20108 -0.0413471 0.0386755 0.520965 0.710099 -0.0704143 -0.468399 0.081791
e_18_19 18 19 4 0.0125 -0.239469 -0.0780439 0.0367403 0.403709 0.726088 0.144327 -0.537573 0.024647
e_19_1 19 1 5 0.0125 -0.260879 -0.109024 0.0402286 0.60241 0.635337 0.0797208 -0.476544 0.051919
e_1_20 1 20 1 0.0125 -0.283416 -0.13903 0.0408107 0.0928165 0.686408 0.430916 -0.578395 0.026079
e_20_21 20 21 2 0.0125 -0.300111 -0.154458 0.0351881 0.360686 0.743067 0.144843 -0.544773 0.020946
e_21_22 21 22 3 0.0125 -0.315909 -0.168776 0.0328433 0.484473 0.729477 -0.0693011 -0.477856 0.022015
e_22_4 22 4 4 0.0125 -0.335979 -0.185985 0.0312663 0.500922 0.720962 -0.0698204 -0.473726 0.030959
e_1_23 1 23 1 0.0125 -0.298032 -0.12825 0.0445997 0.557649 -0.491774 -0.51421 0.427521 0.048144
e_23_24 23 24 2 0.0125 -0.331817 -0.123792 0.0432618 0.464899 -0.619996 -0.408675 0.48214 0.020162
e_24_3 24 3 3 0.0125 -0.357053 -0.118202 0.041486 0.511178 -0.599319 -0.405159 0.464069 0.031693
4 26 25
3 0.197349 -0.000833119 0.0114931 0.0125
27 0.20239 0.0157565 0.0214612 0.0125
26 0.209503 0.0286655 0.0349805 0.0125
25 0.21488 0.0408377 0.0499103 0.0125
24 0.22523 0.0485015 0.0652132 0.0125
4 0.154862 0.117823 0.108672 0.0125
23 0.17446 0.100973 0.0997509 0.0125
22 0.193531 0.0865385 0.093362 0.0125
1 0.230894 0.0591585 0.0811606 0.0125
21 0.216015 0.0701814 0.0736038 0.0125
12 0.088124 0.142043 0.0291202 0.0125
11 0.0687684 0.151017 0.0261456 0.0125
10 0.0531074 0.16416 0.0270574 0.0125
9 0.0349411 0.18121 0.0288538 0.0125
2 -0.00568996 0.224888 0.0117371 0.0125
19 0.181345 0.0876519 0.0647422 0.0125
8 0.0106544 0.200841 0.0215757 0.0125
6 0.105627 0.133075 0.0339631 0.0125
13 -0.00843185 0.20264 0.0216389 0.0125
14 -0.0149386 0.178472 0.033018 0.0125
5 -0.0288147 0.137448 0.0537208 0.0125
15 0.10326 0.132949 0.0449624 0.0125
16 0.121027 0.116197 0.0519524 0.0125
17 0.140148 0.105048 0.0550704 0.0125
18 0.163828 0.0954528 0.0590512 0.0125
20 0.198747 0.0798888 0.0708422 0.0125
e_2_8 2 8 1 0.0125 0.00248172 0.212865 0.0166564 0.666741 0.208267 0.544388 -0.46446 0.030695
e_8_9 8 9 2 0.0125 0.0227977 0.191025 0.0252148 0.669823 0.0836086 0.616061 -0.405974 0.032065
e_9_10 9 10 3 0.0125 0.0440246 0.172685 0.0279559 0.568623 0.124243 0.721462 -0.375132 0.024979
e_10_11 10 11 4 0.0125 0.0609376 0.157588 0.0266017 0.584114 0.0966316 0.716195 -0.36951 0.020465
e_11_12 11 12 5 0.0125 0.0784467 0.146531 0.0276334 0.668536 -0.0311481 0.655742 -0.349416 0.021541
e_12_6 12 6 6 0.0125 0.0968757 0.137559 0.0315411 0.693827 -0.0112808 0.616701 -0.371694 0.020254
e_2_13 2 13 1 0.0125 -0.00706091 0.213764 0.016688 0.625847 0.449071 0.310336 -0.557084 0.024506
e_13_14 13 14 2 0.0125 -0.0116856 0.190556 0.0273287 0.619813 0.480433 0.249473 -0.568137 0.027494
e_14_5 14 5 3 0.0125 -0.021877 0.15796 0.0433691 0.622803 0.487517 0.216057 -0.572506 0.048001
e_2_15 2 15 1 0.0125 0.0487854 0.178919 0.0283504 0.667633 0.0932978 0.614658 -0.409583 0.146379
e_15_16 15 16 2 0.0125 0.112144 0.124573 0.0484569 0.676015 0.116531 0.59062 -0.424962 0.025399
e_16_17 16 17 3 0.0125 0.130588 0.110622 0.0535117 0.659708 0.01341 0.655791 -0.366803 0.022353
e_17_18 17 18 4 0.0125 0.151988 0.100251 0.0570611 0.677827 -0.0540777 0.648161 -0.342802 0.025858
e_18_19 18 19 5 0.0125 0.172587 0.0915529 0.0618972 0.711566 -0.0353353 0.59706 -0.368707 0.020003
e_19_20 19 20 6 0.0125 0.190046 0.0837704 0.0677922 0.717083 -0.0345938 0.588529 -0.371792 0.020007
e_20_21 20 21 7 0.0125 0.207381 0.0750359 0.0722228 0.660861 0.00592515 0.656456 -0.363723 0.02
e_21_1 21 1 8 0.0125 0.223455 0.0646706 0.0773824 0.716944 0.0609477 0.554407 -0.418222 0.02
e_1_22 1 22 1 0.0125 0.212212 0.0728483 0.0872611 0.73325 -0.147836 -0.592269 -0.299511 0.047902
e_22_23 22 23 2 0.0125 0.183995 0.0937558 0.096557 0.736279 -0.160703 -0.587482 -0.294844 0.024756
e_23_4 23 4 3 0.0125 0.164661 0.109398 0.104212 0.760588 -0.196171 -0.546237 -0.290943 0.027342
e_1_24 1 24 1 0.0125 0.228062 0.0538298 0.0731862 0.0445749 0.557738 0.766562 -0.315157 0.02
e_24_25 24 25 2 0.0125 0.220055 0.0446692 0.0575619 -0.0326838 0.698265 0.628473 -0.341144 0.02
e_25_26 25 26 3 0.0125 0.212192 0.0347514 0.0424457 0.0869297 0.574879 0.736727 -0.345241 0.02
e_26_27 26 27 4 0.0125 0.205946 0.0222105 0.0282213 0.108403 0.641419 0.653114 -0.38765 0.02
e_27_3 27 3 5 0.0125 0.19987 0.00746151 0.0164775 0.237375 0.614112 0.609973 -0.440967 0.02
5 23 22
3 -0.277848 0.257476 0.0236079 0.0125
24 -0.262746 0.239456 0.0140957 0.0125
23 -0.248684 0.218874 0.0125223 0.0125
22 -0.234288 0.193038 0.0134153 0.0125
4 -0.161709 0.102328 0.0403413 0.0125
21 -0.177538 0.121267 0.0343794 0.0125
20 -0.19108 0.134785 0.0277724 0.0125
12 -0.00302181 0.0158234 0.147774 0.0125
11 -0.0191835 0.0052177 0.138077 0.0125
10 -0.0338341 -0.00953418 0.126793 0.0125
9 -0.0550846 -0.0295683 0.119937 0.0125
2 -0.09525 -0.0647305 0.11642 0.0125
19 -0.202801 0.14985 0.0213076 0.0125
8 -0.0714166 -0.0454948 0.116589 0.0125
6 0.0150912 0.0255352 0.152251 0.0125
13 -0.028479 -0.105785 0.119891 0.0125
5 -0.00751052 -0.110357 0.121736 0.0125
14 -0.121102 -0.0287681 0.0815791 0.0125
15 -0.152614 0.0635506 0.0367568 0.0125
16 -0.180195 0.113063 0.0205904 0.0125
17 -0.19289 0.132353 0.0182459 0.0125
18 -0.20468 0.150747 0.0161086 0.0125
1 -0.220727 0.178646 0.0168559 0.0125
e_2_8 2 8 1 0.0125 -0.0833333 -0.0551127 0.116504 0.708324 -0.417445 0.568309 0.0322559 0.030628
e_8_9 8 9 2 0.0125 -0.0632503 -0.0375318 0.118263 0.753437 -0.411068 0.508359 0.0701896 0.023057
e_9_10 9 10 3 0.0125 -0.0444602 -0.0195512 0.123365 0.780699 -0.384547 0.48771 0.0690719 0.029999
e_10_11 10 11 4 0.0125 -0.0265083 -0.00215867 0.132435 0.854367 -0.321912 0.39732 0.0925575 0.023656
e_11_12 11 12 5 0.0125 -0.0111024 0.0105204 0.142925 0.850488 -0.2728 0.448761 0.0293808 0.021627
e_12_6 12 6 6 0.0125 0.00603499 0.020679 0.150013 0.778572 -0.30789 0.546595 -0.0162209 0.021034
e_2_13 2 13 1 0.0125 -0.0618644 -0.085258 0.118156 0.634387 0.0359546 0.690352 -0.345941 0.07846
e_13_5 13 5 2 0.0125 -0.0179944 -0.108072 0.120814 0.694208 -0.0855403 0.670718 -0.246771 0.02154
e_2_14 2 14 1 0.0125 -0.108175 -0.0467491 0.0989992 0.231436 -0.832242 0.341342 0.370536 0.056351
e_14_15 14 15 2 0.0125 -0.136858 0.0173912 0.059168 0.400554 -0.773615 0.332084 0.361658 0.107354
e_15_16 15 16 3 0.0125 -0.166405 0.0883071 0.0286737 0.424667 -0.767095 0.220702 0.427216 0.058937
e_16_17 16 17 4 0.0125 -0.186542 0.122708 0.0194188 0.484557 -0.729843 0.13354 0.463359 0.023211
e_17_18 17 18 5 0.0125 -0.198786 0.14155 0.0171772 0.48886 -0.727988 0.136847 0.460785 0.021952
e_18_1 18 1 6 0.0125 -0.212704 0.164697 0.0164823 0.551298 -0.688919 0.117418 0.455714 0.032194
e_1_19 1 19 1 0.0125 -0.211764 0.164249 0.0190815 0.608951 0.249207 0.6106 -0.44073 0.034211
e_19_20 19 20 2 0.0125 -0.19694 0.142318 0.0245397 0.721945 0.244331 0.529071 -0.373071 0.020154
e_20_21 20 21 3 0.0125 -0.184309 0.128026 0.0310757 0.735723 0.194293 0.546845 -0.349174 0.020242
e_21_4 21 4 4 0.0125 -0.169623 0.111797 0.0373606 0.682132 0.215139 0.579928 -0.389993 0.025394
e_1_22 1 22 1 0.0125 -0.227507 0.185843 0.0151356 0.410567 -0.759493 0.0942155 0.495711 0.02007
e_22_23 22 23 2 0.0125 -0.241485 0.205956 0.0129685 0.531301 -0.704171 0.138705 0.450138 0.02959
e_23_24 23 24 3 0.0125 -0.255716 0.229165 0.0133091 0.552857 -0.680277 0.0756029 0.475244 0.024976
e_24_3 24 3 4 0.0125 -0.270298 0.248466 0.0188519 0.674161 -0.557383 -0.0424937 0.482727 0.025363
6 27 26
3 0.0118116 -0.139005 0.0893544 0.0125
28 0.0247897 -0.127691 0.099531 0.0125
27 0.0335194 -0.117863 0.114604 0.0125
26 0.0388834 -0.106011 0.129795 0.0125
25 0.0401244 -0.0916337 0.143642 0.0125
4 -0.0380546 -0.06958 0.104211 0.0125
24 -0.0239615 -0.0769112 0.116362 0.0125
23 -0.00870874 -0.0827806 0.12789 0.0125
22 0.00595326 -0.0831466 0.141488 0.0125
21 0.0227107 -0.0802108 0.152003 0.0125
1 0.0417546 -0.0770506 0.157233 0.0125
6 0.0190712 0.0590108 0.0932151 0.0125
11 0.0118188 0.0779261 0.0874843 0.0125
10 0.00493816 0.0998998 0.0803753 0.0125
9 -0.00409723 0.121265 0.0760955 0.0125
2 -0.0165597 0.201137 0.07524 0.0125
19 0.0274778 -0.0443197 0.139377 0.0125
8 -0.0136554 0.156024 0.0757052 0.0125
12 -0.00157827 0.182339 0.0830828 0.0125
13 0.0168525 0.158221 0.0934639 0.0125
14 0.0341877 0.146304 0.0997277 0.0125
5 0.0522016 0.136821 0.103401 0.0125
15 0.0140171 0.0295012 0.105953 0.0125
16 0.0170684 0.0105933 0.115652 0.0125
17 0.0214064 -0.0093394 0.120528 0.0125
18 0.0219151 -0.0272529 0.130178 0.0125
20 0.0337871 -0.0604987 0.149302 0.0125
e_2_8 2 8 1 0.0125 -0.0151074 0.178581 0.0754721 -0.130626 -0.0846007 -0.698355 0.698627 0.045209
e_8_9 8 9 2 0.0125 -0.00887619 0.138645 0.0758999 -0.263582 -0.424593 0.560632 -0.660255 0.036052
e_9_10 9 10 3 0.0125 0.000420464 0.110583 0.0782354 0.440971 0.133981 0.625555 -0.629504 0.023589
e_10_11 10 11 4 0.0125 0.00837797 0.0889124 0.0839301 0.726574 0.435362 0.403695 -0.345803 0.024098
e_11_6 11 6 5 0.0125 0.0154445 0.0684684 0.0903495 0.639647 0.32272 0.509645 -0.476409 0.021053
e_2_12 2 12 1 0.0125 -0.00906882 0.191738 0.079161 0.514562 0.00945457 0.587218 -0.624749 0.025285
e_12_13 12 13 2 0.0125 0.00763752 0.170279 0.088274 0.53645 0.0392443 0.580218 -0.611578 0.03208
e_13_14 13 14 3 0.0125 0.0255206 0.152263 0.0965959 0.470786 -0.19986 0.563353 -0.648884 0.021949
e_14_5 14 5 4 0.0125 0.0431944 0.141563 0.101565 0.391168 -0.335866 0.546267 -0.660131 0.020686
e_2_15 2 15 1 0.0125 -0.00127091 0.11532 0.0905965 0.765504 0.628453 0.135281 -0.027359 0.177023
e_15_16 15 16 2 0.0125 0.0155429 0.0200473 0.110802 0.851808 0.515018 0.0941461 -0.0177514 0.021469
e_16_17 16 17 3 0.0125 0.019238 0.000626528 0.11809 0.76599 0.561803 0.261017 -0.171776 0.020974
e_17_18 17 18 4 0.0125 0.0216606 -0.0182962 0.125354 0.843776 0.506434 -0.080322 0.158479 0.020354
e_18_19 18 19 5 0.0125 0.0246963 -0.0357863 0.134778 0.818165 0.429617 0.295666 -0.242109 0.02017
e_19_20 19 20 6 0.0125 0.0306324 -0.0524087 0.144339 0.816691 0.381465 0.326157 -0.284818 0.020002
e_20_1 20 1 7 0.0125 0.0377708 -0.0687747 0.153267 0.710831 0.295878 0.462902 -0.439199 0.020009
e_1_21 1 21 1 0.0125 0.0322322 -0.0786308 0.154618 0.389537 -0.517988 -0.602021 0.46639 0.02
e_21_22 21 22 2 0.0125 0.014332 -0.0816787 0.146745 0.254074 -0.655304 -0.577446 0.415427 0.02
e_22_23 22 23 3 0.0125 -0.00137735 -0.082963 0.134689 0.232193 -0.759376 -0.513137 0.325768 0.02
e_23_24 23 24 4 0.0125 -0.016335 -0.0798459 0.122125 0.367825 -0.752784 -0.47066 0.276587 0.02
e_24_4 24 4 5 0.0125 -0.0310078 -0.0732461 0.110286 0.371746 -0.779791 -0.442352 0.240946 0.02
e_1_25 1 25 1 0.0125 0.040939 -0.0843423 0.150437 -0.342958 -0.832727 -0.382513 0.206469 0.02
e_25_26 25 26 2 0.0125 0.0395039 -0.0988227 0.136719 -0.345258 -0.844322 -0.365113 0.186038 0.02
e_26_27 26 27 3 0.0125 0.0362019 -0.111936 0.122199 -0.205975 -0.818729 -0.457661 0.278934 0.02
e_27_28 27 28 4 0.0125 0.029155 -0.122777 0.107068 -0.0913943 -0.782686 -0.514033 0.338851 0.02
e_28_3 28 3 5 0.0125 0.0183007 -0.133348 0.0944422 0.0461284 -0.598755 -0.629212 0.493413 0.02
