12
1 23 22
3 0.0456345 -0.135995 0.0146337 0.0125
24 0.0499703 -0.116508 0.0158381 0.0125
23 0.0567735 -0.0977015 0.0156547 0.0125
22 0.0609903 -0.0786008 0.0114867 0.0125
21 0.0697408 -0.0606167 0.0115869 0.0125
4 0.0316305 0.0148232 0.0836279 0.0125
20 0.0483311 -0.0171396 0.0536721 0.0125
6 0.0462527 0.177501 0.0171807 0.0125
11 0.0349491 0.178302 0.0383842 0.0125
10 0.0234864 0.178192 0.0656679 0.0125
9 0.0153769 0.179869 0.0886512 0.0125
2 -0.00396806 0.210447 0.150508 0.0125
19 0.0741632 -0.0236798 0.0248373 0.0125
8 0.00887403 0.18634 0.107896 0.0125
12 -0.00619733 0.231288 0.160582 0.0125
13 -0.00816626 0.250038 0.169398 0.0125
5 -0.00644072 0.291133 0.207303 0.0125
14 0.0495449 0.0881287 0.0726473 0.0125
15 0.0548951 0.0555535 0.061742 0.0125
16 0.0618159 0.032882 0.0495256 0.0125
17 0.0647618 0.0130897 0.0391263 0.0125
18 0.070671 -0.00547384 0.0332504 0.0125
1 0.0736066 -0.0410935 0.0135614 0.0125
e_2_8 2 8 1 0.0125 0.00245299 0.198394 0.129202 -0.279996 -0.884554 -0.372171 -0.0256172 0.050615
e_8_9 8 9 2 0.0125 0.0121255 0.183104 0.0982737 -0.19253 -0.938004 -0.26736 -0.107696 0.02132
e_9_10 9 10 3 0.0125 0.0194317 0.179031 0.0771596 -0.0697758 -0.962667 -0.20898 -0.157263 0.02443
e_10_11 10 11 4 0.0125 0.0292176 0.178248 0.0520262 -0.028462 -0.96866 -0.150531 -0.195517 0.029594
e_11_6 11 6 5 0.0125 0.0406015 0.177901 0.0277825 -0.0348216 -0.967454 -0.0707573 -0.240447 0.024042
e_2_12 2 12 1 0.0125 -0.00508269 0.220868 0.155545 0.836205 -0.514074 -0.138317 -0.131745 0.023255
e_12_13 12 13 2 0.0125 -0.0071818 0.240664 0.16499 0.833234 -0.518503 -0.13912 -0.132368 0.020812
e_13_5 13 5 3 0.0125 -0.00730288 0.270585 0.18835 0.903005 -0.398273 -0.0504152 -0.153033 0.055932
e_2_14 2 14 1 0.0125 0.0227882 0.149287 0.111577 -0.497694 -0.80801 -0.314647 -0.0204445 0.154557
e_14_15 14 15 2 0.0125 0.0522196 0.0718403 0.0671946 0.354467 0.588504 -0.55723 0.46638 0.034766
e_15_16 15 16 3 0.0125 0.0583559 0.0442171 0.0556342 -0.173443 -0.0370665 -0.853039 0.490784 0.026668
e_16_17 16 17 4 0.0125 0.0632884 0.0229851 0.0443259 -0.00970902 0.109987 -0.847636 0.518963 0.022551
e_17_18 17 18 5 0.0125 0.0677158 0.00380829 0.0361883 0.537566 0.794927 -0.111649 0.258163 0.020348
e_18_19 18 19 6 0.0125 0.0724168 -0.0145766 0.0290432 0.103695 0.313485 -0.779976 0.531612 0.020357
e_19_1 19 1 7 0.0125 0.0738847 -0.0323869 0.0191997 -0.0346479 -0.0916138 -0.87365 0.476594 0.020753
e_1_20 1 20 1 0.0125 0.0609693 -0.0291171 0.0336172 0.936763 -0.242331 -0.252414 0.0060545 0.053118
e_20_4 20 4 2 0.0125 0.0399805 -0.00115802 0.0686506 0.903965 -0.365546 -0.216552 -0.0482505 0.046882
e_1_21 1 21 1 0.0125 0.0716741 -0.0508557 0.0125746 0.515712 0.466376 -0.576068 0.429744 0.02
e_21_22 21 22 2 0.0125 0.0653656 -0.0696094 0.011537 0.570137 0.33268 -0.62597 0.415246 0.02
e_22_23 22 23 3 0.0125 0.0588819 -0.0881511 0.0135707 0.713089 0.509577 -0.368939 0.309386 0.02
e_23_24 23 24 4 0.0125 0.0533719 -0.107105 0.0157464 0.582427 0.405621 -0.575233 0.406642 0.02
e_24_3 24 3 5 0.0125 0.047802 -0.126252 0.0152356 0.543329 0.466931 -0.55866 0.417932 0.02
2 23 22
3 0.124342 -0.266783 0.0114965 0.0125
24 0.0991978 -0.257899 0.0232217 0.0125
23 0.082242 -0.249221 0.0330124 0.0125
22 0.064162 -0.231334 0.046821 0.0125
4 0.106234 -0.149 0.105518 0.0125
21 0.0932794 -0.165279 0.0909651 0.0125
1 0.0529092 -0.215446 0.0532785 0.0125
11 -0.129402 -0.0229288 0.0362573 0.0125
6 -0.174438 0.0977133 0.0310918 0.0125
10 -0.172244 0.0780106 0.0271922 0.0125
9 -0.168082 0.0584884 0.025785 0.0125
2 -0.163755 -0.0502621 0.0114869 0.0125
19 0.0175159 -0.200565 0.0645109 0.0125
8 -0.166829 0.0381515 0.0225958 0.0125
5 -0.0873976 -0.00853682 0.0583482 0.0125
12 -0.11989 -0.130238 0.0226354 0.0125
13 -0.0943651 -0.154971 0.0338307 0.0125
14 -0.0743588 -0.173179 0.0411567 0.0125
15 -0.0580741 -0.184394 0.0501785 0.0125
16 -0.0411334 -0.193239 0.057245 0.0125
17 -0.0223166 -0.197515 0.0629527 0.0125
18 -0.00222389 -0.197316 0.0637359 0.0125
20 0.0360496 -0.207847 0.0617828 0.0125
e_2_8 2 8 1 0.0125 -0.165292 -0.006055 0.0170418 0.726623 -0.635019 -0.185613 -0.185251 0.089162
e_8_9 8 9 2 0.0125 -0.167455 0.0483207 0.0241902 0.737921 -0.620703 -0.193459 -0.181036 0.020624
e_9_10 9 10 3 0.0125 -0.170163 0.0682499 0.0264881 0.717526 -0.626308 -0.269395 -0.142554 0.02001
e_10_6 10 6 4 0.0125 -0.173341 0.087862 0.029142 0.752849 -0.599685 -0.209441 -0.172429 0.020204
e_2_11 2 11 1 0.0125 -0.146579 -0.0365954 0.0238721 0.787169 -0.448452 0.230616 -0.355067 0.050406
e_11_5 11 5 2 0.0125 -0.1084 -0.0157328 0.0473028 0.752194 -0.383142 0.361227 -0.396134 0.049594
e_2_12 2 12 1 0.0125 -0.141823 -0.0902505 0.0170611 0.683628 0.400553 0.528109 -0.305469 0.091894
e_12_13 12 13 2 0.0125 -0.107128 -0.142604 0.028233 0.713176 0.165795 0.567708 -0.376298 0.037264
e_13_14 13 14 3 0.0125 -0.0843619 -0.164076 0.0374934 0.692147 0.136133 0.592262 -0.38939 0.028027
e_14_15 14 15 4 0.0125 -0.066217 -0.178787 0.0456674 0.746311 0.0666656 0.53665 -0.38805 0.021733
e_15_16 15 16 5 0.0125 -0.0496037 -0.188816 0.0537117 0.707954 -0.027999 0.5708 -0.414975 0.020375
e_16_17 16 17 6 0.0125 -0.0317254 -0.195377 0.0600986 0.670486 -0.208398 0.561026 -0.438485 0.020123
e_17_18 17 18 7 0.0125 -0.0122705 -0.197416 0.0633446 0.562379 -0.438927 0.536537 -0.450779 0.020109
e_18_19 18 19 8 0.0125 0.00764595 -0.19894 0.0641237 0.554375 -0.350465 0.598161 -0.460485 0.020021
e_19_20 19 20 9 0.0125 0.0267831 -0.204206 0.0631473 0.455546 -0.314656 0.684739 -0.473923 0.020099
e_20_1 20 1 10 0.0125 0.0444798 -0.211646 0.0575311 0.266103 -0.497153 0.679524 -0.469334 0.020355
e_1_21 1 21 1 0.0125 0.073094 -0.190362 0.0721224 0.804777 -0.475945 0.144625 -0.323874 0.074611
e_21_4 21 4 2 0.0125 0.0997572 -0.157139 0.0982422 0.827657 -0.440699 0.138565 -0.318696 0.025389
e_1_22 1 22 1 0.0125 0.0585356 -0.22339 0.0500497 0.389203 0.08998 0.805794 -0.437173 0.020513
e_22_23 22 23 2 0.0125 0.0732025 -0.240278 0.0399167 0.190778 -0.3413 0.788725 -0.474374 0.02894
e_23_24 23 24 3 0.0125 0.0907203 -0.25356 0.0281173 0.230637 -0.509192 0.685057 -0.467147 0.021416
e_24_3 24 3 4 0.0125 0.11177 -0.262341 0.0173596 0.285954 -0.526913 0.650849 -0.46582 0.029132
3 23 22
3 0.0577996 -0.0306128 0.0767692 0.0125
24 0.0386483 -0.0388517 0.0638157 0.0125
23 0.0202717 -0.045793 0.0496576 0.0125
4 0.0164982 0.022809 0.0575435 0.0125
22 0.00955505 0.00542268 0.0500368 0.0125
21 0.00403881 -0.0103881 0.0385007 0.0125
20 -0.0020853 -0.0306416 0.0290248 0.0125
5 -0.301848 0.102023 0.16257 0.0125
10 -0.288672 0.102732 0.141678 0.0125
6 -0.35464 0.0434762 0.0114986 0.0125
9 -0.304633 0.0682805 0.0489393 0.0125
2 -0.241637 0.108887 0.0832107 0.0125
19 -0.0298722 -0.0531103 0.0116407 0.0125
8 -0.281176 0.0809618 0.0576949 0.0125
11 -0.15021 0.0605869 0.0539152 0.0125
12 -0.132461 0.0511343 0.0484345 0.0125
13 -0.1112 0.0290629 0.0434232 0.0125
14 -0.0975817 0.0153354 0.0373394 0.0125
15 -0.084554 0.000815635 0.0315949 0.0125
16 -0.0713905 -0.0133576 0.0264185 0.0125
17 -0.0598414 -0.0278289 0.0188526 0.0125
18 -0.0454654 -0.0407639 0.0137516 0.0125
1 -0.0119053 -0.0617715 0.0131196 0.0125
e_2_8 2 8 1 0.0125 -0.261406 0.0949247 0.0704527 0.422079 0.806829 -0.286676 -0.297815 0.054719
e_8_9 8 9 2 0.0125 -0.292904 0.074621 0.0533165 0.458376 0.745529 -0.316468 -0.365959 0.028066
e_9_6 9 6 3 0.0125 -0.329636 0.0558785 0.0302189 0.351079 0.81888 -0.328565 -0.313408 0.067214
e_2_10 2 10 1 0.0125 -0.265155 0.10581 0.112444 0.762566 0.229859 -0.242662 -0.553872 0.075291
e_10_5 10 5 2 0.0125 -0.29526 0.102377 0.152123 0.786271 0.171669 -0.218612 -0.55183 0.024709
e_2_11 2 11 1 0.0125 -0.195924 0.0847379 0.0685626 0.470726 0.731729 0.317594 0.376992 0.107471
e_11_12 11 12 2 0.0125 -0.141335 0.055861 0.0511749 0.476836 0.727496 0.319728 0.375701 0.020843
e_12_13 12 13 3 0.0125 -0.12183 0.0400987 0.0459288 0.593977 0.713954 0.266359 0.257902 0.031052
e_13_14 13 14 4 0.0125 -0.10439 0.0221994 0.0403819 0.525081 0.769596 0.240392 0.27244 0.020271
e_14_15 14 15 5 0.0125 -0.0910681 0.00807501 0.0344676 0.542521 0.766491 0.231802 0.253833 0.020336
e_15_16 15 16 6 0.0125 -0.0779721 -0.00627169 0.0290066 0.551183 0.755544 0.24167 0.258739 0.020024
e_16_17 16 17 7 0.0125 -0.0656155 -0.0205937 0.0226359 0.504926 0.807205 0.193836 0.236425 0.02
e_17_18 17 18 8 0.0125 -0.0526534 -0.0342963 0.0163016 0.536649 0.74637 0.265434 0.290662 0.020001
e_18_19 18 19 9 0.0125 -0.0376688 -0.046937 0.0126957 0.597283 0.674381 0.313027 0.300795 0.020001
e_19_1 19 1 10 0.0125 -0.0208888 -0.0574408 0.0123797 0.644908 0.551098 0.399141 0.347953 0.02
e_1_20 1 20 1 0.0125 -0.006995 -0.0462062 0.0210723 0.456685 -0.406635 -0.340052 -0.714459 0.036311
e_20_21 20 21 2 0.0125 0.000977159 -0.0205152 0.0337627 0.406313 -0.389659 -0.379202 -0.734358 0.023184
e_21_22 21 22 3 0.0125 0.00679733 -0.00248301 0.0442687 0.623666 -0.418132 -0.203741 -0.628248 0.020335
e_22_4 22 4 4 0.0125 0.0130266 0.0141158 0.0537907 0.423805 -0.444761 -0.340741 -0.711669 0.020171
e_1_23 1 23 1 0.0125 0.00418348 -0.0537818 0.0313882 0.923123 -0.192263 0.326362 -0.0660805 0.051242
e_23_24 23 24 2 0.0125 0.0294603 -0.0423218 0.0567363 0.882721 -0.104735 0.443475 0.114736 0.024214
e_24_3 24 3 3 0.0125 0.0482232 -0.0347323 0.070292 0.859089 -0.10666 0.474081 0.160736 0.024544
4 24 23
3 -0.0923839 0.109072 0.12907 0.0125
25 -0.0800167 0.0842182 0.128587 0.0125
24 -0.070412 0.063932 0.126365 0.0125
4 -0.142288 0.0288601 0.166298 0.0125
23 -0.122463 0.0283162 0.162459 0.0125
22 -0.104727 0.0298812 0.153292 0.0125
21 -0.0844166 0.0277263 0.144524 0.0125
1 -0.0496599 0.0192976 0.133094 0.0125
12 0.0710283 -0.268965 0.129185 0.0125
11 0.0744118 -0.252747 0.116811 0.0125
10 0.0778417 -0.240627 0.0990459 0.0125
9 0.0866517 -0.23151 0.0827069 0.0125
2 0.120308 -0.19994 0.0344594 0.0125
19 -0.0182918 -0.00575014 0.111895 0.0125
8 0.10212 -0.217649 0.0593243 0.0125
6 0.0680665 -0.285184 0.140601 0.0125
13 0.101189 -0.207869 0.031663 0.0125
5 0.0294216 -0.234351 0.0114852 0.0125
14 0.0701534 -0.116537 0.0564183 0.0125
15 0.0368013 -0.0732274 0.0667518 0.0125
16 0.0182218 -0.0512133 0.0774419 0.0125
17 0.00757525 -0.0319162 0.0880542 0.0125
18 -0.00725163 -0.0174338 0.0995428 0.0125
20 -0.0333742 0.00543432 0.122702 0.0125
e_2_8 2 8 1 0.0125 0.111214 -0.208794 0.0468914 0.909539 0.311961 -0.229803 -0.150365 0.035534
e_8_9 8 9 2 0.0125 0.0943864 -0.22458 0.0710151 0.929122 0.264702 -0.236886 -0.102714 0.031276
e_9_10 9 10 3 0.0125 0.0822471 -0.236068 0.0908764 0.937497 0.26108 -0.191836 -0.127025 0.020681
e_10_11 10 11 4 0.0125 0.0761265 -0.246687 0.107928 0.907846 0.303365 0.00991766 -0.289286 0.021778
e_11_12 11 12 5 0.0125 0.0727196 -0.260856 0.122998 0.749864 0.417743 0.162077 -0.48675 0.020679
e_12_6 12 6 6 0.0125 0.0695477 -0.277074 0.134894 0.724353 0.421326 0.194599 -0.509832 0.020053
e_2_13 2 13 1 0.0125 0.110749 -0.203904 0.0330611 -0.464955 -0.695999 0.287294 0.465688 0.020886
e_13_5 13 5 2 0.0125 0.0653047 -0.22111 0.0215746 -0.468885 -0.686411 0.395425 0.390673 0.079114
e_2_14 2 14 1 0.0125 0.0952311 -0.158238 0.0454388 0.597461 -0.616638 0.0985268 0.503081 0.099768
e_14_15 14 15 2 0.0125 0.0534777 -0.0948826 0.0615849 0.553224 -0.633999 0.0719075 0.535553 0.055632
e_15_16 15 16 3 0.0125 0.0275118 -0.0622198 0.0720972 0.631777 -0.570978 -0.00477473 0.524232 0.030725
e_16_17 16 17 4 0.0125 0.0128986 -0.041565 0.0827476 0.710378 -0.530707 0.0378631 0.460738 0.024462
e_17_18 17 18 5 0.0125 0.000161975 -0.0246744 0.0937982 0.696035 -0.500505 -0.0842663 0.507867 0.023697
e_18_19 18 19 6 0.0125 -0.0127719 -0.0115916 0.105719 0.774377 -0.43053 -0.0999036 0.452774 0.020272
e_19_20 19 20 7 0.0125 -0.0258333 -0.000158438 0.117298 0.689304 -0.480681 -0.1398 0.5237 0.021665
e_20_1 20 1 8 0.0125 -0.041517 0.0123659 0.127898 0.65756 -0.521708 -0.0963474 0.534933 0.023779
e_1_21 1 21 1 0.0125 -0.0670386 0.0235125 0.138809 0.493372 -0.538654 -0.240098 0.639366 0.037546
e_21_22 21 22 2 0.0125 -0.0945721 0.0288043 0.148908 0.577512 -0.435346 -0.336501 0.603093 0.022227
e_22_23 22 23 3 0.0125 -0.113595 0.0290996 0.157876 0.674193 -0.282065 -0.437673 0.52378 0.020026
e_23_4 23 4 4 0.0125 -0.132375 0.0285881 0.164379 0.34054 -0.578508 -0.265204 0.692119 0.0202
e_1_24 1 24 1 0.0125 -0.0600359 0.0416148 0.129729 0.45473 -0.701983 0.27376 0.474864 0.04968
e_24_25 24 25 2 0.0125 -0.0752139 0.0740754 0.127476 0.562033 -0.647445 0.177681 0.483076 0.022555
e_25_3 25 3 3 0.0125 -0.0862003 0.096645 0.128828 0.51904 -0.670841 0.203155 0.48918 0.027765
5 26 25
3 -0.0789397 0.086663 0.0452263 0.0125
27 -0.0812709 0.107344 0.0498687 0.0125
26 -0.0908705 0.13645 0.0615309 0.0125
4 -0.00732026 0.205184 0.0859548 0.0125
25 -0.0267134 0.201059 0.0833247 0.0125
24 -0.0460893 0.196847 0.0807104 0.0125
23 -0.0653608 0.192366 0.0777919 0.0125
22 -0.0847278 0.187484 0.0767408 0.0125
1 -0.101938 0.177502 0.0787824 0.0125
21 -0.113608 0.160909 0.0771207 0.0125
11 -0.208597 -0.108173 0.0798974 0.0125
10 -0.219978 -0.0965744 0.0682377 0.0125
6 -0.099604 -0.0574165 0.0267386 0.0125
9 -0.233435 -0.083731 0.0608916 0.0125
2 -0.246212 -0.074371 0.0486792 0.0125
19 -0.134768 0.125057 0.0821377 0.0125
8 -0.123097 -0.0639671 0.0347112 0.0125
12 -0.2004 -0.12252 0.0911648 0.0125
5 -0.195806 -0.136027 0.105182 0.0125
13 -0.228117 -0.0481829 0.0675581 0.0125
14 -0.192133 0.0107856 0.0838214 0.0125
15 -0.180435 0.0305817 0.0844378 0.0125
16 -0.166779 0.0486201 0.0854091 0.0125
17 -0.155805 0.07941 0.0890678 0.0125
18 -0.148232 0.102397 0.0841926 0.0125
20 -0.124111 0.14375 0.0783647 0.0125
e_2_8 2 8 1 0.0125 -0.184654 -0.0691693 0.0416958 -0.0471626 -0.736808 -0.115245 -0.664536 0.124341
e_8_6 8 6 2 0.0125 -0.111351 -0.0606915 0.0307251 -0.128037 -0.713595 -0.382292 -0.572924 0.025659
e_2_9 2 9 1 0.0125 -0.239824 -0.0790514 0.0547857 0.568231 -0.110373 0.427192 -0.694577 0.02
e_9_10 9 10 2 0.0125 -0.226706 -0.0901526 0.064565 0.562855 -0.0337041 0.561455 -0.605663 0.02
e_10_11 10 11 3 0.0125 -0.214288 -0.102374 0.074067 0.614932 -0.00582771 0.456593 -0.642922 0.02
e_11_12 11 12 4 0.0125 -0.204499 -0.115347 0.0855308 0.688221 0.17027 0.435081 -0.555036 0.02
e_12_5 12 5 5 0.0125 -0.198103 -0.129274 0.0981737 0.728292 0.212782 0.322998 -0.565673 0.02
e_2_13 2 13 1 0.0125 -0.237164 -0.061277 0.0581187 0.345166 -0.419926 -0.261915 -0.797448 0.037008
e_13_14 13 14 2 0.0125 -0.210124 -0.0186989 0.0756899 0.242682 -0.471557 -0.403802 -0.745442 0.07097
e_14_15 14 15 3 0.0125 -0.186284 0.0206836 0.0841296 0.174054 -0.490117 -0.496365 -0.695063 0.023002
e_15_16 15 16 4 0.0125 -0.173607 0.0396005 0.0849237 0.154782 -0.526076 -0.44923 -0.705322 0.022645
e_16_17 16 17 5 0.0125 -0.161292 0.064015 0.0872385 0.244805 -0.417613 -0.519599 -0.70405 0.032892
e_17_18 17 18 6 0.0125 -0.152018 0.0909038 0.0866306 0.155614 -0.415258 -0.652906 -0.614051 0.024689
e_18_19 18 19 7 0.0125 -0.1415 0.113727 0.083165 0.138413 -0.495718 -0.541421 -0.664808 0.026437
e_19_20 19 20 8 0.0125 -0.12944 0.134403 0.0802503 0.112045 -0.489345 -0.588979 -0.633318 0.021846
e_20_21 20 21 9 0.0125 -0.118859 0.152329 0.0777425 0.140602 -0.499843 -0.530104 -0.670356 0.020157
e_21_1 21 1 10 0.0125 -0.107773 0.169205 0.0779515 0.176141 -0.511235 -0.444763 -0.714002 0.020354
e_1_22 1 22 1 0.0125 -0.0933325 0.182493 0.0777614 0.0174196 -0.651586 -0.355636 -0.669817 0.02
e_22_23 22 23 2 0.0125 -0.0750444 0.189925 0.0772657 0.0579911 -0.67872 -0.114305 -0.723126 0.02
e_23_24 23 24 3 0.0125 -0.0557249 0.194606 0.0792503 0.10983 -0.65124 -0.054114 -0.74893 0.02
e_24_25 24 25 4 0.0125 -0.0364011 0.198954 0.0820172 0.101157 -0.657201 -0.052113 -0.745076 0.02
e_25_4 25 4 5 0.0125 -0.017017 0.203121 0.08464 0.101574 -0.657173 -0.0487825 -0.74527 0.02
e_1_26 1 26 1 0.0125 -0.0964042 0.156976 0.070157 0.512551 0.820686 -0.120252 0.222047 0.045884
e_26_27 26 27 2 0.0125 -0.0860702 0.121897 0.0556993 0.526291 0.821548 -0.053707 0.212585 0.032792
e_27_3 27 3 3 0.0125 -0.0801053 0.0970036 0.0475475 0.621128 0.780273 -0.00398746 0.0731983 0.021324
6 25 24
3 0.369872 0.0896241 0.045567 0.0125
26 0.36135 0.0708313 0.0442961 0.0125
25 0.352702 0.0529025 0.0395816 0.0125
24 0.335601 0.0350763 0.0340432 0.0125
4 0.290924 -0.084056 0.0170643 0.0125
23 0.292598 -0.0645705 0.0212483 0.0125
22 0.298454 -0.045456 0.0206389 0.0125
21 0.308787 -0.0283932 0.0220844 0.0125
20 0.314161 -0.00922417 0.024001 0.0125
6 0.151506 0.117375 0.0120614 0.0125
11 0.136994 0.108091 0.0314734 0.0125
10 0.117214 0.099371 0.0554984 0.0125
9 0.104455 0.0936765 0.0710736 0.0125
2 0.0544296 0.0746963 0.116989 0.0125
19 0.300241 0.0250222 0.0234917 0.0125
8 0.0870302 0.0874602 0.091081 0.0125
12 0.0710522 0.130508 0.1205 0.0125
5 0.0823827 0.170339 0.125041 0.0125
13 0.0819972 0.0771304 0.094613 0.0125
14 0.118919 0.077961 0.070108 0.0125
15 0.162731 0.0676422 0.0489791 0.0125
16 0.235855 0.056371 0.0236905 0.0125
17 0.264501 0.0455928 0.0208658 0.0125
18 0.283062 0.0361901 0.0216932 0.0125
1 0.314047 0.0106856 0.0258906 0.0125
e_2_8 2 8 1 0.0125 0.0707298 0.081078 0.104035 0.274663 0.460067 0.765353 0.356557 0.043554
e_8_9 8 9 2 0.0125 0.0957421 0.0905683 0.081077 0.161409 0.647848 0.668878 0.326867 0.02725
e_9_10 9 10 3 0.0125 0.110835 0.0965238 0.063286 0.131273 0.65351 0.667168 0.332533 0.020924
e_10_11 10 11 4 0.0125 0.127104 0.103731 0.0434859 0.133454 0.652483 0.667802 0.33241 0.032318
e_11_6 11 6 5 0.0125 0.144249 0.112733 0.0217678 0.0813029 0.651179 0.670773 0.345572 0.025954
e_2_12 2 12 1 0.0125 0.0627416 0.102602 0.118745 0.7221 -0.676603 0.110067 -0.0930894 0.05834
e_12_5 12 5 2 0.0125 0.0767182 0.150424 0.122771 0.736539 -0.661878 0.0861962 -0.109539 0.04166
e_2_13 2 13 1 0.0125 0.0682133 0.0759131 0.105801 0.302613 0.584133 0.687866 0.306684 0.035589
e_13_14 13 14 2 0.0125 0.100458 0.0775458 0.0823606 0.367313 0.539304 0.696846 0.29772 0.044322
e_14_15 14 15 3 0.0125 0.140825 0.0728022 0.0595437 0.477487 0.546174 0.643552 0.244009 0.049723
e_15_16 15 16 4 0.0125 0.199293 0.0620068 0.0363341 0.52507 0.457692 0.67248 0.25018 0.07819
e_16_17 16 17 5 0.0125 0.250178 0.0509819 0.0222782 0.649058 0.43642 0.596231 0.181024 0.030736
e_17_18 17 18 6 0.0125 0.273781 0.040892 0.0212793 0.707244 0.427399 0.545396 0.14028 0.020823
e_18_19 18 19 7 0.0125 0.291651 0.0306063 0.0225925 0.728761 0.45016 0.503628 0.112351 0.02057
e_19_1 19 1 8 0.0125 0.307145 0.017854 0.0246915 0.745676 0.514174 0.419274 0.06165 0.020048
e_1_20 1 20 1 0.0125 0.314104 0.000730295 0.0249461 0.666258 0.731878 0.107666 -0.0941458 0.02
e_20_21 20 21 2 0.0125 0.311474 -0.0188085 0.0230428 0.652467 0.739895 -0.0217546 -0.162385 0.02
e_21_22 21 22 3 0.0125 0.303621 -0.0369246 0.0213616 0.641528 0.717316 -0.146981 -0.228684 0.02
e_22_23 22 23 4 0.0125 0.295526 -0.0550135 0.0209432 0.695478 0.695474 -0.03286 -0.177613 0.02
e_23_4 23 4 5 0.0125 0.291762 -0.0743127 0.0191564 0.61964 0.77473 0.0662541 -0.107006 0.02
e_1_24 1 24 1 0.0125 0.324824 0.0228803 0.0299667 0.784396 -0.418001 0.451433 0.0787804 0.033554
e_24_25 24 25 2 0.0125 0.344151 0.0439895 0.0368125 0.77415 -0.391605 0.487083 0.100435 0.025316
e_25_26 25 26 3 0.0125 0.357025 0.061867 0.0419389 0.783666 -0.569504 0.245869 -0.0328743 0.020456
e_26_3 26 3 4 0.0125 0.365611 0.0802273 0.0449318 0.728533 -0.623774 0.2831 0.000252012 0.020673
7 20 19
3 -0.238281 -0.213178 0.169993 0.0125
21 -0.22428 -0.205008 0.15828 0.0125
20 -0.212991 -0.192578 0.147416 0.0125
19 -0.204257 -0.184093 0.131549 0.0125
6 0.12313 -0.162414 0.013943 0.0125
11 0.119845 -0.139788 0.0238764 0.0125
10 0.110285 -0.118041 0.0369487 0.0125
9 0.10425 -0.100236 0.0482787 0.0125
2 0.0905257 -0.0416323 0.0937576 0.0125
8 0.100759 -0.0740701 0.0729643 0.0125
12 0.104834 -0.0405131 0.0717989 0.0125
5 0.147105 -0.0447525 0.0114929 0.0125
13 -0.10063 -0.119446 0.109723 0.0125
14 -0.126528 -0.133166 0.113707 0.0125
15 -0.146878 -0.138579 0.113511 0.0125
16 -0.164313 -0.148753 0.11315 0.0125
1 -0.182959 -0.159903 0.108726 0.0125
18 -0.194999 -0.17321 0.117554 0.0125
17 -0.184542 -0.160021 0.079381 0.0125
4 -0.165147 -0.158649 0.0114981 0.0125
e_2_8 2 8 1 0.0125 0.095642 -0.0578518 0.0833605 0.48908 0.833365 0.257478 0.00289162 0.039866
e_8_9 8 9 2 0.0125 0.102505 -0.087153 0.0606212 0.395035 0.887245 0.233048 -0.0493192 0.036141
e_9_10 9 10 3 0.0125 0.107267 -0.109139 0.042614 0.491696 0.831417 0.258505 0.0124547 0.02195
e_10_11 10 11 4 0.0125 0.115065 -0.128914 0.0304119 0.506155 0.81956 0.263396 0.0524499 0.027115
e_11_6 11 6 5 0.0125 0.121488 -0.151101 0.018909 0.539965 0.793769 0.263 -0.0959131 0.024927
e_2_12 2 12 1 0.0125 0.0976798 -0.0410732 0.0827782 0.0204191 0.947692 0.142891 0.284684 0.026233
e_12_5 12 5 2 0.0125 0.12597 -0.0426332 0.0416456 0.0803175 0.939678 0.160513 0.291188 0.073767
e_2_13 2 13 1 0.0125 -0.00505191 -0.0805392 0.10174 0.170241 0.67141 0.103174 -0.71385 0.207004
e_13_14 13 14 2 0.0125 -0.11358 -0.126306 0.111715 0.228006 0.647174 0.117519 -0.717892 0.029577
e_14_15 14 15 3 0.0125 -0.136703 -0.135872 0.113609 0.097246 0.705168 0.086034 -0.697051 0.021058
e_15_16 15 16 4 0.0125 -0.155596 -0.143666 0.11333 0.236825 0.701424 0.130142 -0.659531 0.02019
e_16_1 16 1 5 0.0125 -0.173636 -0.154328 0.110938 0.223327 0.76219 0.137239 -0.59191 0.022171
e_1_17 1 17 1 0.0125 -0.183751 -0.159962 0.0940532 -0.00139514 0.991622 0.126321 -0.0269681 0.029388
e_17_4 17 4 2 0.0125 -0.174844 -0.159335 0.0454395 0.00938851 0.980835 0.136505 0.13871 0.070612
e_1_18 1 18 1 0.0125 -0.188979 -0.166557 0.11314 0.428244 0.503836 0.159533 -0.733011 0.02
e_18_19 18 19 2 0.0125 -0.199628 -0.178652 0.124552 0.438272 0.361161 0.140267 -0.811052 0.02
e_19_20 19 20 3 0.0125 -0.208624 -0.188336 0.139482 0.381119 0.301249 0.112253 -0.866831 0.02
e_20_21 20 21 4 0.0125 -0.218636 -0.198793 0.152847 0.429276 0.453206 0.151642 -0.766376 0.02
e_21_3 21 3 5 0.0125 -0.231282 -0.209093 0.164136 0.272048 0.444395 0.0983131 -0.847843 0.02
8 30 29
3 0.30377 -0.10585 0.0818588 0.0125
31 0.29578 -0.109046 0.0638047 0.0125
30 0.287144 -0.113209 0.0462522 0.0125
29 0.273328 -0.118606 0.0328372 0.0125
28 0.257914 -0.125502 0.0221194 0.0125
4 0.213913 -0.108098 0.103702 0.0125
27 0.223396 -0.116234 0.0863889 0.0125
26 0.229574 -0.123548 0.0687848 0.0125
25 0.236753 -0.128811 0.0362797 0.0125
1 0.242074 -0.132705 0.0122608 0.0125
24 0.222622 -0.13723 0.014677 0.0125
23 0.203113 -0.141478 0.0173453 0.0125
22 0.181445 -0.14075 0.0226792 0.0125
21 0.16179 -0.143064 0.0304993 0.0125
12 -0.0703148 -0.225818 0.101474 0.0125
11 -0.0641298 -0.206607 0.110316 0.0125
10 -0.0578592 -0.188341 0.117069 0.0125
9 -0.045143 -0.168324 0.122913 0.0125
2 -0.0175699 -0.115684 0.142615 0.0125
19 0.117634 -0.14417 0.0557771 0.0125
8 -0.0265745 -0.137572 0.133534 0.0125
6 -0.0770223 -0.243159 0.0933948 0.0125
13 -0.0246658 -0.124446 0.126097 0.0125
14 -0.028291 -0.133892 0.108843 0.0125
15 -0.0312184 -0.148602 0.0956129 0.0125
16 -0.0334939 -0.161293 0.0803238 0.0125
5 -0.0390902 -0.168775 0.0626415 0.0125
17 0.0102075 -0.128109 0.129999 0.0125
18 0.0625183 -0.135993 0.0973993 0.0125
20 0.136836 -0.146133 0.04124 0.0125
e_2_8 2 8 1 0.0125 -0.0220716 -0.126629 0.138075 0.543912 0.644138 -0.513992 0.158302 0.02535
e_8_9 8 9 2 0.0125 -0.0358583 -0.152948 0.128224 0.57367 0.539202 -0.592477 0.170692 0.037461
e_9_10 9 10 3 0.0125 -0.051501 -0.178333 0.119992 0.592378 0.520737 -0.590312 0.171621 0.024423
e_10_11 10 11 4 0.0125 -0.0609945 -0.197474 0.113693 0.558565 0.67504 -0.457549 0.151574 0.02046
e_11_12 11 12 5 0.0125 -0.0672223 -0.216212 0.105895 0.526064 0.695664 -0.465535 0.150284 0.022034
e_12_6 12 6 6 0.0125 -0.0736686 -0.234488 0.0974342 0.525549 0.661206 -0.511916 0.156675 0.020273
e_2_13 2 13 1 0.0125 -0.0211183 -0.120065 0.134356 0.232678 0.215963 -0.930769 0.181356 0.02
e_13_14 13 14 2 0.0125 -0.0264784 -0.129169 0.11747 0.197096 0.449691 -0.853869 0.172738 0.02
e_14_15 14 15 3 0.0125 -0.0297547 -0.141246 0.102229 0.386827 0.77998 -0.471575 0.140046 0.02
e_15_16 15 16 4 0.0125 -0.0323557 -0.154947 0.0879688 0.312115 0.771921 -0.535136 0.142661 0.02
e_16_5 16 5 5 0.0125 -0.0362926 -0.165034 0.0714826 0.163674 0.102411 -0.965188 0.176452 0.02
e_2_17 2 17 1 0.0125 -0.00368134 -0.121896 0.136307 0.551483 0.246701 0.794121 -0.0661627 0.032941
e_17_18 17 18 2 0.0125 0.0363629 -0.132051 0.113699 0.478128 -0.0411776 0.872131 -0.095314 0.06214
e_18_19 18 19 3 0.0125 0.0900764 -0.140081 0.0765887 0.435911 -0.0769995 0.890676 -0.10368 0.069548
e_19_20 19 20 4 0.0125 0.127235 -0.145151 0.048509 0.433882 -0.120226 0.886761 -0.104624 0.024165
e_20_21 20 21 5 0.0125 0.149313 -0.144599 0.0358696 0.54462 -0.225995 0.803346 -0.0833725 0.027339
e_21_22 21 22 6 0.0125 0.171617 -0.141907 0.0265896 0.556503 -0.214044 0.798699 -0.0810517 0.02128
e_22_23 22 23 7 0.0125 0.192279 -0.141113 0.0200126 0.613096 -0.0607918 0.784703 -0.0682567 0.022327
e_23_24 23 24 8 0.0125 0.212867 -0.139354 0.0160111 0.656016 -0.224605 0.718185 -0.0583672 0.020142
e_24_1 24 1 9 0.0125 0.232348 -0.134967 0.0134683 0.660831 -0.231615 0.71162 -0.0570451 0.020118
e_1_25 1 25 1 0.0125 0.239414 -0.130758 0.0242703 0.984762 -0.0904958 -0.0982142 0.111389 0.024908
e_25_26 25 26 2 0.0125 0.233163 -0.12618 0.0525324 0.984805 -0.0903543 -0.0979543 0.111356 0.033702
e_26_27 26 27 3 0.0125 0.226485 -0.119891 0.077587 0.962688 -0.205392 -0.136259 0.111716 0.020039
e_27_4 27 4 4 0.0125 0.218655 -0.112165 0.0950459 0.94389 -0.228161 -0.206156 0.120475 0.021351
e_1_28 1 28 1 0.0125 0.249994 -0.129104 0.0171901 0.863968 -0.205745 0.459568 0.00501938 0.02
e_28_29 28 29 2 0.0125 0.265622 -0.122054 0.0274778 0.876274 -0.191921 0.441835 0.00956937 0.02
e_29_30 29 30 3 0.0125 0.280236 -0.115907 0.0395452 0.913654 -0.137338 0.381785 0.0247947 0.02
e_30_31 30 31 4 0.0125 0.291462 -0.111128 0.0550284 0.967284 -0.0942446 0.228689 0.056399 0.02
e_31_3 31 3 5 0.0125 0.299775 -0.107448 0.0728319 0.973463 -0.0689817 0.209519 0.060934 0.02
9 21 20
3 0.234105 0.213721 0.0114938 0.0125
22 0.263201 0.201778 0.0214321 0.0125
21 0.299446 0.182819 0.0390591 0.0125
4 0.235698 0.223368 0.0695337 0.0125
20 0.27953 0.201303 0.0524475 0.0125
5 0.0357918 0.0336312 0.150509 0.0125
10 0.0758036 0.00348559 0.139925 0.0125
6 0.142548 -0.155592 0.0648682 0.0125
9 0.138938 -0.109027 0.0804447 0.0125
2 0.114243 -0.0231529 0.125999 0.0125
19 0.30807 0.154869 0.0547036 0.0125
8 0.120054 -0.0507668 0.116069 0.0125
11 0.172804 0.0153426 0.100338 0.0125
12 0.218699 0.0490211 0.0954529 0.0125
13 0.235884 0.0592056 0.0919227 0.0125
14 0.256088 0.0739522 0.0885341 0.0125
15 0.268538 0.0905874 0.0832768 0.0125
16 0.280435 0.106667 0.0779517 0.0125
17 0.287738 0.123099 0.0680287 0.0125
18 0.297393 0.139451 0.0617023 0.0125
1 0.316814 0.171401 0.0476078 0.0125
e_2_8 2 8 1 0.0125 0.117149 -0.0369594 0.121034 0.436167 0.492432 0.650761 -0.379183 0.029915
e_8_9 8 9 2 0.0125 0.129496 -0.0798972 0.0982566 0.363746 0.418763 0.758969 -0.341017 0.070852
e_9_6 9 6 3 0.0125 0.140743 -0.13231 0.0726571 0.42301 0.541949 0.603722 -0.403575 0.049233
e_2_10 2 10 1 0.0125 0.0950233 -0.00983407 0.132963 0.751284 -0.49052 -0.341597 0.279773 0.048797
e_10_5 10 5 2 0.0125 0.0557982 0.018559 0.145217 0.710231 -0.550204 -0.306483 0.314509 0.051203
e_2_11 2 11 1 0.0125 0.143523 -0.00390511 0.113169 0.564898 -0.330804 0.749992 0.0947176 0.074631
e_11_12 11 12 2 0.0125 0.195751 0.0321824 0.0978956 0.668293 -0.340161 0.653481 0.103137 0.057135
e_12_13 12 13 3 0.0125 0.227291 0.0541133 0.0936876 0.637639 -0.305693 0.702559 0.0798623 0.020285
e_13_14 13 14 4 0.0125 0.245985 0.0665788 0.0902282 0.649687 -0.342322 0.670763 0.103921 0.025242
e_14_15 14 15 5 0.0125 0.262313 0.0822698 0.0859057 0.586599 -0.462856 0.639063 0.182387 0.021433
e_15_16 15 16 6 0.0125 0.274486 0.0986273 0.0806143 0.580966 -0.465334 0.641961 0.183927 0.020699
e_16_17 16 17 7 0.0125 0.284086 0.114883 0.07299 0.451889 -0.539293 0.671366 0.232866 0.020538
e_17_18 17 18 8 0.0125 0.292566 0.131275 0.0648655 0.54587 -0.504153 0.635511 0.209718 0.020016
e_18_19 18 19 9 0.0125 0.302731 0.14716 0.0582031 0.536969 -0.478494 0.667722 0.191974 0.020017
e_19_1 19 1 10 0.0125 0.312442 0.163136 0.0511556 0.523349 -0.520737 0.637343 0.220754 0.020004
e_1_20 1 20 1 0.0125 0.298172 0.186352 0.0500272 0.651858 -0.618357 -0.25934 0.354202 0.048039
e_20_4 20 4 2 0.0125 0.257614 0.212335 0.0609904 0.782373 -0.395195 -0.423564 0.228708 0.051961
e_1_21 1 21 1 0.0125 0.308131 0.17711 0.0433329 0.289794 -0.830299 0.0281823 0.475214 0.022475
e_21_22 21 22 2 0.0125 0.281323 0.192298 0.0302449 0.261418 -0.835305 -0.0114525 0.483524 0.044541
e_22_3 22 3 3 0.0125 0.248652 0.20775 0.0164633 0.370792 -0.77327 -0.229589 0.460277 0.032985
10 20 19
3 0.134001 0.239136 0.109565 0.0125
21 0.082423 0.213873 0.139732 0.0125
4 0.0788503 0.286911 0.189112 0.0125
20 0.0749063 0.26794 0.175707 0.0125
12 -0.0231858 -0.0688206 0.255067 0.0125
11 -0.0245524 -0.0726007 0.235007 0.0125
10 -0.0252953 -0.0756732 0.2135 0.0125
9 -0.026058 -0.0784459 0.193707 0.0125
2 -0.0303583 -0.0852488 0.127214 0.0125
19 0.0691849 0.25147 0.165727 0.0125
8 -0.0273153 -0.0844804 0.156503 0.0125
6 -0.0274416 -0.0635864 0.274568 0.0125
13 -0.0117997 -0.0501797 0.178543 0.0125
5 -0.00401738 -0.0341368 0.208804 0.0125
14 -0.00847136 0.00787988 0.137713 0.0125
15 0.00460524 0.0499515 0.1404 0.0125
16 0.025798 0.129298 0.158922 0.0125
17 0.0458515 0.169684 0.156477 0.0125
1 0.0539127 0.198718 0.153566 0.0125
18 0.0598123 0.222226 0.157468 0.0125
e_2_8 2 8 1 0.0125 -0.0288368 -0.0848651 0.141858 0.997788 -0.0151029 0.0511736 -0.0396532 0.029457
e_8_9 8 9 2 0.0125 -0.0266861 -0.0814637 0.175105 0.996101 -0.0807839 0.0140981 -0.0325226 0.037711
e_9_10 9 10 3 0.0125 -0.0256766 -0.0770595 0.203603 0.996835 -0.0701131 0.0167669 -0.0335253 0.020001
e_10_11 10 11 4 0.0125 -0.0249237 -0.0741369 0.224254 0.996784 -0.071373 0.0147537 -0.0333203 0.021739
e_11_12 11 12 5 0.0125 -0.023869 -0.0707101 0.245037 0.99459 -0.0938977 0.0305197 -0.032287 0.020458
e_12_6 12 6 6 0.0125 -0.0253141 -0.066203 0.264817 0.985917 -0.126205 -0.107438 -0.0222827 0.020634
e_2_13 2 13 1 0.0125 -0.0210785 -0.0677143 0.152878 0.946122 -0.28889 0.144746 -0.0210646 0.064876
e_13_5 13 5 2 0.0125 -0.00790812 -0.0421583 0.193673 0.964477 -0.239474 0.108953 -0.0237867 0.035124
e_2_14 2 14 1 0.0125 -0.0194147 -0.0386839 0.132464 0.744555 -0.646807 0.164597 0.0136705 0.096241
e_14_15 14 15 2 0.0125 -0.00193295 0.0289162 0.139057 0.728211 -0.65091 0.214196 0.0120505 0.044139
e_15_16 15 16 3 0.0125 0.0152017 0.0896252 0.149661 0.780979 -0.601545 0.167756 0.00856621 0.08419
e_16_17 16 17 4 0.0125 0.0358242 0.149491 0.157699 0.687658 -0.646789 0.329752 0.00729782 0.045156
e_17_1 17 1 5 0.0125 0.0498815 0.184201 0.155021 0.672005 -0.70762 0.217583 0.0184703 0.030274
e_1_18 1 18 1 0.0125 0.0568619 0.210473 0.155516 0.761142 -0.626564 0.167189 0.0113158 0.024548
e_18_19 18 19 2 0.0125 0.0644987 0.236848 0.161598 0.793625 -0.578147 0.189417 0.00512781 0.031801
e_19_20 19 20 3 0.0125 0.0720456 0.259705 0.170717 0.865085 -0.474647 0.162232 -0.00431137 0.020089
e_20_4 20 4 4 0.0125 0.0768784 0.277425 0.18241 0.885686 -0.454878 0.0929367 -0.00306177 0.023562
e_1_21 1 21 1 0.0125 0.0681674 0.206296 0.146649 0.549963 -0.424835 0.718633 -0.0249516 0.035126
e_21_3 21 3 2 0.0125 0.108212 0.226504 0.124648 0.516538 -0.41468 0.7487 -0.0260278 0.064874
11 22 21
3 -0.0485666 -0.333748 0.209984 0.0125
23 -0.0637331 -0.320795 0.211467 0.0125
22 -0.0761031 -0.306584 0.218178 0.0125
21 -0.0878033 -0.290367 0.218445 0.0125
20 -0.0999968 -0.274514 0.218592 0.0125
4 -0.173959 -0.332194 0.211219 0.0125
11 0.104494 0.0050804 0.0762492 0.0125
10 0.0972619 -0.00959467 0.0889185 0.0125
6 -0.039456 -0.122631 0.183962 0.0125
9 0.0886719 -0.0197298 0.105661 0.0125
2 0.0727962 -0.0357036 0.135591 0.0125
19 -0.159782 -0.317538 0.212243 0.0125
8 0.0256257 -0.0733792 0.156052 0.0125
5 0.112456 0.0173897 0.0619514 0.0125
12 -0.0293608 -0.145168 0.172092 0.0125
13 -0.0560793 -0.184345 0.182271 0.0125
14 -0.0765655 -0.214219 0.189327 0.0125
15 -0.0875471 -0.228909 0.197607 0.0125
16 -0.0987824 -0.24319 0.206735 0.0125
1 -0.109829 -0.25736 0.215574 0.0125
18 -0.14396 -0.304552 0.214024 0.0125
17 -0.131125 -0.284097 0.219097 0.0125
e_2_8 2 8 1 0.0125 0.049211 -0.0545414 0.145822 0.202776 -0.350147 -0.465728 0.787005 0.063743
e_8_6 8 6 2 0.0125 -0.00691587 -0.098005 0.170007 0.209956 -0.357456 -0.458739 0.78594 0.086257
e_2_9 2 9 1 0.0125 0.0807341 -0.0277164 0.120627 -0.0101387 -0.646709 -0.693754 -0.316813 0.037457
e_9_10 9 10 2 0.0125 0.0929669 -0.0146614 0.09729 0.0411142 -0.695733 -0.638458 -0.326554 0.021373
e_10_11 10 11 3 0.0125 0.100878 -0.00225684 0.0825837 0.328535 -0.865191 -0.239989 -0.293112 0.020693
e_11_5 11 5 4 0.0125 0.108475 0.0112351 0.0690997 0.17775 -0.799034 -0.458964 -0.345401 0.020477
e_2_12 2 12 1 0.0125 0.0217181 -0.0904358 0.153841 0.155813 -0.323625 -0.526161 0.770808 0.154113
e_12_13 12 13 2 0.0125 -0.04272 -0.164755 0.177182 0.110664 -0.276666 -0.56437 0.769867 0.048501
e_13_14 13 14 3 0.0125 -0.0663228 -0.199282 0.1858 0.109457 -0.281621 -0.57018 0.763939 0.036905
e_14_15 14 15 4 0.0125 -0.082056 -0.221565 0.193467 0.143555 -0.245764 -0.483602 0.827721 0.020123
e_15_16 15 16 5 0.0125 -0.0931648 -0.23605 0.202171 0.153901 -0.244632 -0.464445 0.837114 0.020334
e_16_1 16 1 6 0.0125 -0.104305 -0.250275 0.211153 0.151966 -0.245057 -0.468236 0.835229 0.020024
e_1_17 1 17 1 0.0125 -0.120476 -0.270729 0.217335 0.121105 -0.3263 -0.585026 0.732534 0.034362
e_17_18 17 18 2 0.0125 -0.137542 -0.294324 0.216561 0.0589661 -0.349334 -0.693367 0.62748 0.024675
e_18_19 18 19 3 0.0125 -0.151871 -0.311045 0.213133 0.164462 -0.438819 -0.592263 0.65545 0.020547
e_19_4 19 4 4 0.0125 -0.166871 -0.324866 0.211731 0.134637 -0.392333 -0.609242 0.675849 0.020416
e_1_20 1 20 1 0.0125 -0.104913 -0.265937 0.217082 -0.192109 0.170288 -0.628927 0.733857 0.02
e_20_21 20 21 2 0.0125 -0.0939004 -0.28244 0.218518 -0.253454 0.201359 -0.680522 0.657347 0.02
e_21_22 21 22 3 0.0125 -0.0819536 -0.298476 0.218312 -0.247464 0.186354 -0.686975 0.657343 0.02
e_22_23 22 23 4 0.0125 -0.0699181 -0.31369 0.214822 -0.308497 0.123297 -0.80784 0.486849 0.02
e_23_3 23 3 5 0.0125 -0.0561502 -0.327272 0.210725 -0.311223 0.27787 -0.678122 0.605045 0.02
12 22 21
3 0.146532 0.0357372 0.0965009 0.0125
23 0.149105 0.0387998 0.117367 0.0125
22 0.149566 0.0469464 0.136902 0.0125
21 0.156026 0.0604811 0.163229 0.0125
4 0.189515 0.150491 0.244333 0.0125
20 0.175209 0.110113 0.218906 0.0125
11 -0.107185 -0.0240838 0.239052 0.0125
6 -0.2296 0.00588325 0.27238 0.0125
10 -0.215523 0.000836428 0.258795 0.0125
9 -0.203159 -0.00392849 0.243549 0.0125
2 -0.110799 -0.020554 0.188575 0.0125
19 0.147802 0.0617671 0.181418 0.0125
8 -0.18933 -0.00729061 0.229275 0.0125
5 -0.117556 -0.024548 0.287217 0.0125
12 -0.00983518 0.00177177 0.191625 0.0125
13 0.0275782 0.0111742 0.180571 0.0125
14 0.0481549 0.0161224 0.171193 0.0125
15 0.0752781 0.0273118 0.166366 0.0125
16 0.0980957 0.0328958 0.165203 0.0125
17 0.115508 0.0423266 0.168117 0.0125
18 0.131777 0.052337 0.174046 0.0125
1 0.16224 0.0750018 0.185478 0.0125
e_2_8 2 8 1 0.0125 -0.150065 -0.013922 0.208925 0.810475 -0.242998 -0.461983 0.265807 0.089441
e_8_9 8 9 2 0.0125 -0.196244 -0.00560947 0.236412 0.894923 -0.180026 -0.336875 0.230692 0.020156
e_9_10 9 10 3 0.0125 -0.209341 -0.00154672 0.251172 0.910678 -0.198886 -0.288238 0.219155 0.0202
e_10_6 10 6 4 0.0125 -0.222561 0.00335952 0.265588 0.884251 -0.229168 -0.333544 0.233092 0.020203
e_2_11 2 11 1 0.0125 -0.108991 -0.0223192 0.213813 0.993124 0.0384239 0.0317634 0.10592 0.05073
e_11_5 11 5 2 0.0125 -0.11237 -0.0243161 0.263134 0.982619 -0.0115501 -0.105308 0.152438 0.04927
e_2_12 2 12 1 0.0125 -0.060317 -0.00939141 0.190099 0.710967 -0.240304 0.653846 -0.0962572 0.103448
e_12_13 12 13 2 0.0125 0.00887183 0.00647317 0.186097 0.589568 -0.34661 0.719431 -0.121202 0.040129
e_13_14 13 14 3 0.0125 0.0378671 0.0136484 0.175882 0.529148 -0.387437 0.743279 -0.132028 0.023148
e_14_15 14 15 4 0.0125 0.061717 0.0217172 0.168779 0.640681 -0.387366 0.656594 -0.091429 0.029735
e_15_16 15 16 5 0.0125 0.0866872 0.030104 0.165783 0.681857 -0.274137 0.670501 -0.101728 0.023519
e_16_17 16 17 6 0.0125 0.106802 0.0376116 0.16666 0.755243 -0.347874 0.553339 -0.049064 0.020016
e_17_18 17 18 7 0.0125 0.123643 0.0473311 0.171081 0.804678 -0.327377 0.494578 -0.0266618 0.02
e_18_19 18 19 8 0.0125 0.13979 0.0570521 0.177732 0.82694 -0.297356 0.476757 -0.0212838 0.020001
e_19_1 19 1 9 0.0125 0.155021 0.0683845 0.183448 0.775496 -0.432112 0.460215 -0.00932272 0.020003
e_1_20 1 20 1 0.0125 0.168724 0.0925573 0.202192 0.908382 -0.36767 0.178215 0.088885 0.050185
e_20_4 20 4 2 0.0125 0.182362 0.130302 0.23162 0.865156 -0.44868 0.208493 0.0819846 0.049815
e_1_21 1 21 1 0.0125 0.159133 0.0677414 0.174353 -0.0297905 -0.458956 -0.834904 0.302337 0.027285
e_21_22 21 22 2 0.0125 0.152796 0.0537138 0.150065 -0.152746 -0.854644 -0.451701 0.205474 0.030298
e_22_23 22 23 3 0.0125 0.149335 0.0428728 0.127134 -0.178562 -0.866321 0.4592 -0.0820885 0.021172
e_23_3 23 3 4 0.0125 0.147818 0.0372685 0.106933 -0.0784351 -0.989938 0.105256 0.0528303 0.021245
