12
1 20 19
3 -0.18848 -0.0287689 0.0664858 0.0125
21 -0.152414 -0.0483659 0.0883153 0.0125
4 -0.0521616 -0.0730137 0.0128464 0.0125
20 -0.0880258 -0.0671058 0.0817914 0.0125
11 -0.250382 0.12336 0.157902 0.0125
6 -0.264416 0.253519 0.0130401 0.0125
10 -0.266398 0.238994 0.0370503 0.0125
9 -0.267279 0.226843 0.0552492 0.0125
2 -0.263575 0.178371 0.141673 0.0125
19 -0.116434 -0.051516 0.0990414 0.0125
8 -0.260567 0.20549 0.0867943 0.0125
5 -0.232016 0.087828 0.167559 0.0125
12 -0.244619 0.16141 0.133101 0.0125
13 -0.215112 0.11936 0.118431 0.0125
14 -0.18041 0.0628674 0.113728 0.0125
15 -0.166556 0.0395203 0.109804 0.0125
16 -0.146468 0.00366205 0.105306 0.0125
17 -0.138136 -0.0144176 0.10264 0.0125
18 -0.128456 -0.0345163 0.0998951 0.0125
1 -0.103531 -0.0681236 0.0974501 0.0125
e_2_8 2 8 1 0.0125 -0.262071 0.191931 0.114234 0.0450312 -0.295785 -0.927484 -0.22418 0.061288
e_8_9 8 9 2 0.0125 -0.263923 0.216166 0.0710213 0.161972 -0.243089 -0.921243 -0.256872 0.038679
e_9_10 9 10 3 0.0125 -0.266839 0.232918 0.0461498 0.0813407 -0.333413 -0.896834 -0.279119 0.021901
e_10_6 10 6 4 0.0125 -0.265407 0.246257 0.0250452 0.0585352 -0.333428 -0.903091 -0.264246 0.028132
e_2_11 2 11 1 0.0125 -0.256978 0.150865 0.149787 0.796691 0.573862 0.181142 -0.0561566 0.058853
e_11_5 11 5 2 0.0125 -0.241199 0.105594 0.16273 0.778324 0.505471 0.356572 -0.107551 0.041147
e_2_12 2 12 1 0.0125 -0.254097 0.16989 0.137387 0.523992 0.752522 0.305592 0.25643 0.026843
e_12_13 12 13 2 0.0125 -0.229865 0.140385 0.125766 0.5189 0.795789 0.0634132 0.305681 0.053423
e_13_14 13 14 3 0.0125 -0.197761 0.0911132 0.11608 0.675088 0.670416 0.293123 0.094219 0.066467
e_14_15 14 15 4 0.0125 -0.173482 0.0511933 0.111766 0.63094 0.729405 0.19875 0.174305 0.02743
e_15_16 15 16 5 0.0125 -0.156511 0.0215915 0.107555 0.65065 0.714497 0.209494 0.149204 0.041346
e_16_17 16 17 6 0.0125 -0.142303 -0.0053781 0.103973 0.629676 0.745741 0.10108 0.192771 0.020085
e_17_18 17 18 7 0.0125 -0.133297 -0.0244673 0.101268 0.637603 0.737769 0.129498 0.17997 0.022477
e_18_19 18 19 8 0.0125 -0.122445 -0.043017 0.0994682 0.692027 0.60363 0.395107 0.0249159 0.020839
e_19_1 19 1 9 0.0125 -0.109982 -0.0598195 0.098246 0.67948 0.594711 0.428999 0.0242062 0.02109
e_1_20 1 20 1 0.0125 -0.0957783 -0.0676147 0.0896207 -0.278504 -0.585135 -0.715913 -0.259847 0.02206
e_20_4 20 4 2 0.0125 -0.070093 -0.0700594 0.0473185 -0.238158 -0.281438 -0.929026 -0.0313534 0.07794
e_1_21 1 21 1 0.0125 -0.127973 -0.0582445 0.0928829 0.57669 0.0588342 -0.76282 -0.286486 0.053511
e_21_3 21 3 2 0.0125 -0.170447 -0.0385677 0.0774004 0.451718 0.00273675 -0.857188 -0.247329 0.046489
2 21 20
3 -0.201434 -0.125637 0.0508065 0.0125
22 -0.188905 -0.0846569 0.041462 0.0125
4 -0.119704 -0.0221745 0.111647 0.0125
21 -0.131698 -0.0256429 0.0955332 0.0125
20 -0.139341 -0.0296804 0.0774701 0.0125
11 -0.276391 -0.285473 0.114327 0.0125
6 -0.402628 -0.274019 0.215695 0.0125
10 -0.3733 -0.278058 0.199925 0.0125
9 -0.344486 -0.281852 0.180412 0.0125
2 -0.277976 -0.285562 0.13518 0.0125
19 -0.161849 -0.0318019 0.0499668 0.0125
8 -0.29768 -0.287621 0.14318 0.0125
12 -0.275657 -0.283437 0.0943315 0.0125
13 -0.275205 -0.281331 0.0690393 0.0125
5 -0.271158 -0.286165 0.0360459 0.0125
14 -0.228116 -0.224673 0.100738 0.0125
15 -0.216713 -0.198839 0.0912964 0.0125
16 -0.209566 -0.176097 0.08176 0.0125
17 -0.189833 -0.0858417 0.0414294 0.0125
18 -0.179075 -0.0577889 0.0367203 0.0125
1 -0.174588 -0.0316749 0.0296422 0.0125
e_2_8 2 8 1 0.0125 -0.287828 -0.286592 0.13918 0.801365 -0.0861909 -0.552588 0.212207 0.021366
e_8_9 8 9 2 0.0125 -0.321083 -0.284737 0.161796 0.868872 -0.16419 -0.404003 0.234276 0.060086
e_9_10 9 10 3 0.0125 -0.358894 -0.279955 0.190168 0.856606 -0.171643 -0.437986 0.211975 0.035006
e_10_6 10 6 4 0.0125 -0.387964 -0.276039 0.20781 0.83747 -0.177803 -0.48302 0.183635 0.033543
e_2_11 2 11 1 0.0125 -0.277184 -0.285517 0.124753 -0.0355838 0.401555 -0.915047 0.0132801 0.020913
e_11_12 11 12 2 0.0125 -0.276024 -0.284454 0.104329 -0.034323 0.337327 -0.939844 -0.0415438 0.020113
e_12_13 12 13 3 0.0125 -0.275432 -0.282384 0.0816853 -0.0223627 0.336245 -0.940817 -0.036087 0.025383
e_13_5 13 5 4 0.0125 -0.273182 -0.283748 0.0525426 -0.018366 0.478079 -0.873244 0.092454 0.033591
e_2_14 2 14 1 0.0125 -0.253046 -0.255117 0.117958 -0.4391 0.203017 -0.811942 -0.326688 0.085906
e_14_15 14 15 2 0.0125 -0.222415 -0.211755 0.096017 0.379235 -0.731112 -0.352152 -0.444572 0.029775
e_15_16 15 16 3 0.0125 -0.21314 -0.187468 0.0865288 0.311194 -0.645029 -0.519279 -0.466309 0.025675
e_16_17 16 17 4 0.0125 -0.199699 -0.13097 0.0615954 0.303017 -0.6011 -0.581996 -0.456224 0.100806
e_17_18 17 18 5 0.0125 -0.184453 -0.0718154 0.0390753 0.602145 -0.759724 -0.0153448 -0.24496 0.030412
e_18_1 18 1 6 0.0125 -0.176831 -0.0447317 0.0331817 0.483284 -0.70198 -0.369151 -0.37066 0.027426
e_1_19 1 19 1 0.0125 -0.168219 -0.0317383 0.039804 0.747341 0.175856 0.213127 0.604262 0.023987
e_19_20 19 20 2 0.0125 -0.150596 -0.0307408 0.0637184 0.710625 0.196356 0.274204 0.61747 0.035603
e_20_21 20 21 3 0.0125 -0.13552 -0.0276622 0.0865013 0.819655 0.0191325 0.220495 0.528376 0.020025
e_21_4 21 4 4 0.0125 -0.125701 -0.0239079 0.103591 0.742335 0.122226 0.299692 0.586672 0.020385
e_1_22 1 22 1 0.0125 -0.181747 -0.0581653 0.0355519 0.615669 0.37978 -0.500495 0.47563 0.05614
e_22_3 22 3 2 0.0125 -0.195169 -0.105147 0.0461342 0.621969 0.368692 -0.50748 0.468705 0.04386
3 21 20
3 -0.156381 -0.0967045 0.0141058 0.0125
22 -0.169141 -0.11114 0.0194687 0.0125
21 -0.184691 -0.122879 0.0239889 0.0125
20 -0.199044 -0.136576 0.0265163 0.0125
19 -0.209727 -0.15335 0.0243932 0.0125
10 -0.0853198 -0.140967 0.0186065 0.0125
5 -0.0316779 -0.0419554 0.060903 0.0125
6 0.191909 -0.119232 0.020336 0.0125
9 0.00906323 -0.0571154 0.0398856 0.0125
2 0.0519944 -0.0658464 0.0124052 0.0125
8 0.0984753 -0.0821311 0.0142424 0.0125
11 -0.10402 -0.148013 0.0212764 0.0125
12 -0.125173 -0.156797 0.0236552 0.0125
13 -0.142194 -0.166557 0.0278273 0.0125
14 -0.161764 -0.169981 0.0306484 0.0125
15 -0.181573 -0.170054 0.0277519 0.0125
16 -0.2014 -0.170324 0.0249848 0.0125
1 -0.221095 -0.169562 0.0215737 0.0125
18 -0.219099 -0.245056 0.0138091 0.0125
17 -0.215027 -0.225284 0.0169689 0.0125
4 -0.225678 -0.267313 0.0114736 0.0125
e_2_8 2 8 1 0.0125 0.0752353 -0.0739887 0.0133236 0.646527 0.494384 0.486771 0.317239 0.049286
e_8_6 8 6 2 0.0125 0.145192 -0.100681 0.0172892 0.662431 0.494617 0.474449 0.302385 0.100714
e_2_9 2 9 1 0.0125 0.0305286 -0.0614815 0.026146 0.655948 0.241644 -0.419426 -0.579157 0.051716
e_9_5 9 5 2 0.0125 -0.0113078 -0.0495355 0.0503945 0.570241 0.243543 -0.47228 -0.626469 0.048284
e_2_10 2 10 1 0.0125 -0.0166626 -0.103406 0.0155064 0.539783 0.652018 -0.234684 -0.477944 0.156641
e_10_11 10 11 2 0.0125 -0.0946696 -0.144489 0.0199408 0.545426 0.592936 -0.286769 -0.518363 0.020162
e_11_12 11 12 3 0.0125 -0.114597 -0.152405 0.0224653 0.540738 0.61087 -0.274176 -0.509183 0.023027
e_12_13 12 13 4 0.0125 -0.133683 -0.161677 0.0257411 0.615499 0.581233 -0.241185 -0.47451 0.020059
e_13_14 13 14 5 0.0125 -0.151978 -0.168269 0.0292382 0.501012 0.558082 -0.343886 -0.565044 0.020067
e_14_15 14 15 6 0.0125 -0.171669 -0.170018 0.0292008 0.304051 0.671106 -0.34922 -0.578977 0.02002
e_15_16 15 16 7 0.0125 -0.191487 -0.170189 0.0263684 0.310851 0.669228 -0.348209 -0.57815 0.020022
e_16_1 16 1 8 0.0125 -0.211248 -0.169942 0.0232799 0.275208 0.678491 -0.353415 -0.582245 0.020002
e_1_17 1 17 1 0.0125 -0.218061 -0.197423 0.0192711 0.672542 0.716116 0.167681 -0.0821466 0.056241
e_17_18 17 18 2 0.0125 -0.217063 -0.23517 0.015389 0.62175 0.75652 0.070862 -0.189953 0.020432
e_18_4 18 4 3 0.0125 -0.222389 -0.256185 0.0126408 0.632827 0.740711 0.0374914 -0.222422 0.023327
e_1_19 1 19 1 0.0125 -0.215411 -0.161455 0.0229833 0.398427 0.0365853 0.654367 0.641656 0.02
e_19_20 19 20 2 0.0125 -0.204386 -0.144963 0.0254542 0.350407 0.0511 0.666553 0.65598 0.02
e_20_21 20 21 3 0.0125 -0.191867 -0.129727 0.0252524 0.243091 0.314273 0.68149 0.614581 0.02
e_21_22 21 22 4 0.0125 -0.176916 -0.11701 0.0217288 0.229255 0.407072 0.668789 0.578321 0.02
e_22_3 22 3 5 0.0125 -0.162761 -0.103923 0.0167879 0.100784 0.420617 0.676134 0.596463 0.02
4 21 20
3 -0.0935605 -0.0047863 0.0680776 0.0125
22 -0.10749 -0.0128761 0.0800939 0.0125
21 -0.12182 -0.0214842 0.0925392 0.0125
4 -0.0969996 0.0134427 0.0848189 0.0125
20 -0.113624 -0.00105363 0.0894442 0.0125
11 -0.320907 -0.359905 0.233533 0.0125
6 -0.176429 -0.208308 0.199722 0.0125
10 -0.203462 -0.227459 0.201532 0.0125
9 -0.234443 -0.245389 0.203872 0.0125
2 -0.298258 -0.29129 0.218292 0.0125
19 -0.126872 -0.0155909 0.0958558 0.0125
8 -0.277994 -0.275748 0.207456 0.0125
5 -0.330857 -0.380693 0.245895 0.0125
12 -0.278546 -0.221449 0.205769 0.0125
13 -0.22473 -0.123517 0.156357 0.0125
14 -0.215859 -0.107499 0.148308 0.0125
15 -0.205378 -0.0880917 0.138936 0.0125
16 -0.19286 -0.0733376 0.133176 0.0125
17 -0.18009 -0.059058 0.127421 0.0125
1 -0.165084 -0.0461888 0.124262 0.0125
18 -0.147697 -0.031777 0.108589 0.0125
e_2_8 2 8 1 0.0125 -0.288126 -0.283519 0.212874 0.484014 -0.126864 0.824138 0.265392 0.027741
e_8_9 8 9 2 0.0125 -0.256218 -0.260568 0.205664 0.682855 -0.412689 0.602797 0.00576808 0.053209
e_9_10 9 10 3 0.0125 -0.218953 -0.236423 0.202702 0.671819 -0.242225 0.688439 0.12664 0.035872
e_10_6 10 6 4 0.0125 -0.189946 -0.217883 0.200628 0.687488 -0.427599 0.586886 -0.00912587 0.033177
e_2_11 2 11 1 0.0125 -0.309582 -0.325597 0.225912 0.773779 0.578988 -0.248155 0.0667757 0.073847
e_11_5 11 5 2 0.0125 -0.325882 -0.370299 0.239714 0.858033 0.46032 -0.227524 0.010841 0.026153
e_2_12 2 12 1 0.0125 -0.288402 -0.256369 0.212031 0.345715 -0.570357 -0.509623 -0.543561 0.073642
e_12_13 12 13 2 0.0125 -0.251638 -0.172483 0.181064 0.040914 -0.457493 -0.702076 -0.544165 0.122181
e_13_14 13 14 3 0.0125 -0.220295 -0.115508 0.152332 0.0432596 -0.462393 -0.698136 -0.544911 0.020002
e_14_15 14 15 4 0.0125 -0.210619 -0.0977955 0.143623 0.0643008 -0.479109 -0.682628 -0.548032 0.023965
e_15_16 15 16 5 0.0125 -0.199119 -0.0807152 0.136057 0.313507 -0.762164 -0.248483 -0.508995 0.020188
e_16_17 16 17 6 0.0125 -0.186475 -0.0661984 0.130299 0.333363 -0.777791 -0.197298 -0.494959 0.020002
e_17_1 17 1 7 0.0125 -0.172588 -0.0526236 0.125842 0.625903 -0.630195 0.426339 -0.171273 0.02002
e_1_18 1 18 1 0.0125 -0.15639 -0.0389832 0.116425 -0.463398 0.54404 -0.69934 -0.0143449 0.027488
e_18_19 18 19 2 0.0125 -0.137284 -0.0236844 0.102223 -0.52486 0.619435 -0.577656 0.0844685 0.029288
e_19_20 19 20 3 0.0125 -0.120248 -0.00832276 0.0926505 0.289938 -0.769348 -0.25114 -0.510851 0.020688
e_20_4 20 4 4 0.0125 -0.105311 0.00619394 0.0871315 0.594825 -0.675131 0.383175 -0.208707 0.022536
e_1_21 1 21 1 0.0125 -0.143452 -0.0338368 0.108401 -0.308667 0.862857 -0.154993 0.369026 0.059062
e_21_22 21 22 2 0.0125 -0.114655 -0.0171796 0.0863166 -0.367904 0.815942 -0.36446 0.257012 0.020842
e_22_3 22 3 3 0.0125 -0.100525 -0.0088312 0.0740857 -0.353957 0.82884 -0.334642 0.275234 0.020096
5 24 23
3 -0.0204641 -0.226138 0.0731006 0.0125
25 0.0146928 -0.235504 0.0473463 0.0125
24 0.0403629 -0.241157 0.0264318 0.0125
4 -0.0325298 -0.27081 0.0424096 0.0125
23 -0.0133017 -0.265116 0.030743 0.0125
22 0.00658806 -0.254772 0.0218232 0.0125
21 0.031724 -0.246088 0.0144019 0.0125
1 0.0566722 -0.244821 0.0123855 0.0125
11 0.164301 0.0129087 0.0288428 0.0125
10 0.193745 0.0051902 0.0364961 0.0125
6 0.109468 0.0242811 0.143213 0.0125
9 0.140899 0.0238734 0.108809 0.0125
2 0.215782 -0.00277174 0.0429599 0.0125
19 0.069546 -0.209995 0.0272125 0.0125
8 0.15755 0.0163279 0.0909002 0.0125
12 0.144392 0.0150176 0.0207009 0.0125
5 0.123496 0.0173381 0.0121532 0.0125
13 0.179426 -0.0477082 0.0496612 0.0125
14 0.137996 -0.119883 0.0390458 0.0125
15 0.115697 -0.14946 0.0458772 0.0125
16 0.101203 -0.163428 0.0464627 0.0125
17 0.0883093 -0.178399 0.0427371 0.0125
18 0.078035 -0.193274 0.0341812 0.0125
20 0.0628772 -0.22711 0.0192997 0.0125
e_2_8 2 8 1 0.0125 0.186666 0.00677738 0.0669301 0.790528 -0.318244 -0.301084 0.427942 0.077808
e_8_9 8 9 2 0.0125 0.149224 0.0201006 0.0998544 0.68315 -0.355454 -0.154117 0.619036 0.02559
e_9_6 9 6 3 0.0125 0.125184 0.0240771 0.12601 0.828954 0.161331 -0.323796 -0.426572 0.046602
e_2_10 2 10 1 0.0125 0.204763 0.00120855 0.039728 -0.598476 0.383329 0.697152 -0.094155 0.024307
e_10_11 10 11 2 0.0125 0.179023 0.00904875 0.0326695 -0.586674 0.41919 0.667985 -0.184092 0.031386
e_11_12 11 12 3 0.0125 0.154347 0.0139629 0.0247725 -0.483408 0.48837 0.670705 -0.279224 0.021612
e_12_5 12 5 4 0.0125 0.133945 0.0161778 0.0164276 -0.4855 0.48673 0.671871 -0.275631 0.022695
e_2_13 2 13 1 0.0125 0.197604 -0.0252404 0.0463108 0.315083 0.597482 0.292281 -0.676986 0.058189
e_13_14 13 14 2 0.0125 0.158711 -0.0837961 0.0443538 0.290293 0.621571 0.420618 -0.593683 0.083895
e_14_15 14 15 3 0.0125 0.126847 -0.134671 0.0424612 0.371533 0.584112 0.261007 -0.672794 0.037666
e_15_16 15 16 4 0.0125 0.108451 -0.156444 0.0461693 0.191862 0.612728 0.331703 -0.691178 0.020138
e_16_17 16 17 5 0.0125 0.094757 -0.170914 0.0446002 0.15743 0.630757 0.441352 -0.618522 0.020106
e_17_18 17 18 6 0.0125 0.0831723 -0.185837 0.0384589 0.131888 0.636772 0.555353 -0.518373 0.020001
e_18_19 18 19 7 0.0125 0.073791 -0.201635 0.0306969 0.227859 0.633042 0.522898 -0.52337 0.020005
e_19_20 19 20 8 0.0125 0.0662117 -0.218553 0.0232564 0.255566 0.630376 0.548132 -0.486686 0.02
e_20_1 20 1 9 0.0125 0.0597754 -0.235965 0.0158426 0.290697 0.627025 0.528856 -0.492592 0.02
e_1_21 1 21 1 0.0125 0.0441988 -0.245455 0.0133936 -0.425332 0.532407 0.419904 -0.59943 0.025062
e_21_22 21 22 2 0.0125 0.0191564 -0.25043 0.0181128 -0.00300951 0.570758 0.199608 -0.796481 0.02761
e_22_23 22 23 3 0.0125 -0.00335614 -0.259944 0.0262831 0.225524 0.549791 0.113498 -0.796233 0.024129
e_23_4 23 4 4 0.0125 -0.0229162 -0.267963 0.0365766 0.265606 0.498438 -0.0117189 -0.825152 0.0232
e_1_24 1 24 1 0.0125 0.0485177 -0.242989 0.0194089 0.775801 0.133859 -0.400539 -0.468809 0.021834
e_24_25 24 25 2 0.0125 0.0275279 -0.23833 0.0368891 0.614667 0.246334 -0.357769 -0.658412 0.033591
e_25_3 25 3 3 0.0125 -0.00288523 -0.230821 0.0602232 -0.192417 0.459073 -0.0192834 -0.867096 0.044575
6 21 20
3 -0.298486 0.249589 0.0158948 0.0125
22 -0.311525 0.234474 0.0171384 0.0125
21 -0.326133 0.220823 0.0166287 0.0125
20 -0.34199 0.208637 0.0168543 0.0125
19 -0.359217 0.198499 0.0161717 0.0125
10 -0.25876 0.0598398 0.0861616 0.0125
5 -0.233402 -0.0840261 0.139613 0.0125
6 -0.0322274 -0.00424437 0.145592 0.0125
9 -0.197711 -0.0339232 0.125807 0.0125
2 -0.177972 -0.00444893 0.11545 0.0125
8 -0.153997 -0.00778689 0.126809 0.0125
11 -0.294174 0.111638 0.0625815 0.0125
12 -0.305814 0.129553 0.0493516 0.0125
13 -0.317096 0.143889 0.0401407 0.0125
14 -0.332933 0.153983 0.0331373 0.0125
15 -0.348363 0.163794 0.0249438 0.0125
16 -0.363335 0.174168 0.0166815 0.0125
1 -0.376446 0.188832 0.0130591 0.0125
18 -0.353633 0.235425 0.0529217 0.0125
17 -0.361333 0.220808 0.0394374 0.0125
4 -0.34487 0.263344 0.0712987 0.0125
e_2_8 2 8 1 0.0125 -0.165985 -0.00611828 0.12113 0.424225 -0.422023 0.330898 -0.729682 0.026739
e_8_6 8 6 2 0.0125 -0.0931123 -0.00601563 0.136201 0.366316 -0.57908 0.297452 -0.664832 0.123261
e_2_9 2 9 1 0.0125 -0.187842 -0.0191864 0.120628 0.57252 0.589849 0.109306 -0.558884 0.036954
e_9_5 9 5 2 0.0125 -0.215557 -0.0589746 0.13271 0.573186 0.619851 0.0793639 -0.530041 0.063046
e_2_10 2 10 1 0.0125 -0.218366 0.0276951 0.100806 0.601612 -0.45414 -0.655905 -0.0401016 0.10732
e_10_11 10 11 2 0.0125 -0.276467 0.0857385 0.0743722 0.561514 -0.592896 -0.569533 -0.0938513 0.067031
e_11_12 11 12 3 0.0125 -0.299994 0.120595 0.0559665 0.48401 -0.679821 -0.548708 -0.049976 0.02513
e_12_13 12 13 4 0.0125 -0.311455 0.136722 0.0447467 0.521967 -0.619312 -0.584628 -0.0470514 0.020437
e_13_14 13 14 5 0.0125 -0.325015 0.148936 0.036639 0.570209 -0.456336 -0.682985 0.0123322 0.020042
e_14_15 14 15 6 0.0125 -0.340648 0.158889 0.0290411 0.542699 -0.491098 -0.680651 0.0318599 0.020037
e_15_16 15 16 7 0.0125 -0.355849 0.168981 0.0208132 0.541236 -0.507034 -0.670428 0.0225073 0.020001
e_16_1 16 1 8 0.0125 -0.36989 0.1815 0.0148703 0.629879 -0.47368 -0.605124 -0.112714 0.020001
e_1_17 1 17 1 0.0125 -0.36889 0.204819 0.026248 0.680539 -0.432893 -0.116935 -0.57948 0.04412
e_17_18 17 18 2 0.0125 -0.357483 0.228116 0.0461795 0.680855 -0.417251 -0.0987531 -0.59379 0.021327
e_18_4 18 4 3 0.0125 -0.349251 0.249385 0.0621105 0.687873 -0.45239 -0.171511 -0.541072 0.034553
e_1_19 1 19 1 0.0125 -0.367831 0.193666 0.0146153 0.470143 -0.641918 0.100666 -0.597305 0.02
e_19_20 19 20 2 0.0125 -0.350603 0.203568 0.0165126 0.44191 -0.689083 0.0900277 -0.567251 0.02
e_20_21 20 21 3 0.0125 -0.334062 0.21473 0.0167409 0.455855 -0.710176 0.0356444 -0.535328 0.02
e_21_22 21 22 4 0.0125 -0.318829 0.227648 0.0168844 0.485439 -0.698026 -0.00461929 -0.526391 0.02
e_22_3 22 3 5 0.0125 -0.305006 0.242031 0.0165164 0.48366 -0.726735 -0.0544137 -0.484735 0.02
7 20 19
3 0.229233 -0.261192 0.0741174 0.0125
21 0.223614 -0.22798 0.0659405 0.0125
20 0.220335 -0.207862 0.0613315 0.0125
19 0.213375 -0.188596 0.0563304 0.0125
10 0.251028 0.062455 0.0114946 0.0125
5 0.192299 0.136868 0.067284 0.0125
6 0.37379 0.226069 0.0127121 0.0125
9 0.219769 0.123286 0.0502403 0.0125
2 0.274663 0.115692 0.0163947 0.0125
8 0.29422 0.151718 0.0172883 0.0125
11 0.221383 -0.00934547 0.0151149 0.0125
12 0.216121 -0.0608993 0.0187066 0.0125
13 0.215554 -0.0987167 0.0308236 0.0125
14 0.213469 -0.122991 0.0381783 0.0125
1 0.205687 -0.167319 0.0505375 0.0125
18 0.135815 -0.187771 0.0222781 0.0125
15 0.189159 -0.176829 0.0445019 0.0125
16 0.17245 -0.184931 0.0370773 0.0125
17 0.153291 -0.187614 0.0320015 0.0125
4 0.119097 -0.189844 0.0114982 0.0125
e_2_8 2 8 1 0.0125 0.284441 0.133705 0.0168416 0.713841 -0.596852 0.364517 0.0364108 0.041002
e_8_6 8 6 2 0.0125 0.334005 0.188894 0.0149997 0.689236 -0.442789 0.570026 0.0629467 0.108998
e_2_9 2 9 1 0.0125 0.247216 0.119489 0.033317 0.871913 -0.0562103 -0.486034 -0.0194876 0.064935
e_9_5 9 5 2 0.0125 0.206034 0.130077 0.0587622 0.86165 -0.211845 -0.460541 -0.0241512 0.035065
e_2_10 2 10 1 0.0125 0.262846 0.0890737 0.0139453 0.676474 0.662894 -0.320131 0.0217032 0.058453
e_10_11 10 11 2 0.0125 0.236206 0.0265548 0.0133048 0.722934 0.628571 -0.285696 0.0253482 0.077764
e_11_12 11 12 3 0.0125 0.218752 -0.035123 0.0169111 0.729748 0.673133 -0.11102 0.0451106 0.051946
e_12_13 12 13 4 0.0125 0.215838 -0.079808 0.0247652 0.806211 0.58767 -0.0458044 0.0506929 0.039715
e_13_14 13 14 5 0.0125 0.214511 -0.110853 0.0345005 0.801452 0.590082 -0.085456 0.0466405 0.025449
e_14_1 14 1 6 0.0125 0.209577 -0.145155 0.0443583 0.794164 0.5909 -0.135754 0.041357 0.046673
e_1_15 1 15 1 0.0125 0.197423 -0.172074 0.0475196 0.590193 0.434631 -0.67971 -0.0276241 0.02
e_15_16 15 16 2 0.0125 0.180804 -0.180879 0.0407892 0.559667 0.406065 -0.721604 -0.0342093 0.02
e_16_17 16 17 3 0.0125 0.16287 -0.186273 0.0345398 0.608942 0.17098 -0.773084 -0.0479295 0.02
e_17_18 17 18 4 0.0125 0.144553 -0.187693 0.0271403 0.502998 0.113949 -0.854461 -0.062481 0.02
e_18_4 18 4 5 0.0125 0.127456 -0.188807 0.0168887 0.4765 0.213557 -0.850821 -0.0586983 0.02
e_1_19 1 19 1 0.0125 0.209531 -0.177957 0.053434 0.786795 0.59297 0.156107 0.070506 0.023353
e_19_20 19 20 2 0.0125 0.216855 -0.198229 0.058831 0.783327 0.59735 0.156785 0.0706407 0.021087
e_20_21 20 21 3 0.0125 0.221975 -0.217921 0.063636 0.778814 0.622108 0.0519992 0.0610365 0.020899
e_21_3 21 3 4 0.0125 0.226424 -0.244587 0.0700294 0.783707 0.615625 0.0552883 0.0612602 0.034661
8 27 26
3 0.267748 -0.345596 0.358461 0.0125
28 0.270889 -0.346599 0.338734 0.0125
27 0.271653 -0.353173 0.319861 0.0125
26 0.272608 -0.35978 0.301008 0.0125
25 0.276874 -0.36152 0.281546 0.0125
4 0.372968 -0.391822 0.286489 0.0125
24 0.337009 -0.371589 0.270492 0.0125
23 0.31456 -0.367609 0.262788 0.0125
1 0.283206 -0.363068 0.262638 0.0125
22 0.277171 -0.348384 0.250416 0.0125
21 0.269761 -0.335434 0.236287 0.0125
12 0.0563008 -0.109312 0.0232337 0.0125
11 0.0715468 -0.117256 0.0346025 0.0125
10 0.0885911 -0.127734 0.0469722 0.0125
9 0.105805 -0.133331 0.0623855 0.0125
2 0.150645 -0.161 0.0937502 0.0125
19 0.253711 -0.303913 0.217645 0.0125
8 0.126349 -0.141064 0.077587 0.0125
6 0.039759 -0.0994889 0.0175816 0.0125
13 0.172474 -0.142898 0.0834286 0.0125
14 0.194845 -0.124252 0.0691644 0.0125
5 0.222812 -0.100875 0.0608202 0.0125
15 0.200441 -0.228732 0.136933 0.0125
16 0.225758 -0.25804 0.170536 0.0125
17 0.232859 -0.26685 0.188595 0.0125
18 0.239785 -0.282503 0.203513 0.0125
20 0.262885 -0.320521 0.224347 0.0125
e_2_8 2 8 1 0.0125 0.138497 -0.151032 0.0856691 0.458921 -0.164887 -0.837549 -0.246406 0.03534
e_8_9 8 9 2 0.0125 0.116077 -0.137197 0.0699863 0.29981 0.431126 -0.773823 -0.354178 0.026701
e_9_10 9 10 3 0.0125 0.0971981 -0.130532 0.0546786 0.215402 0.596518 -0.68434 -0.359788 0.023774
e_10_11 10 11 4 0.0125 0.0800693 -0.122495 0.040788 0.366333 0.146055 -0.861161 -0.320733 0.023522
e_11_12 11 12 5 0.0125 0.0639232 -0.113284 0.0289179 0.328322 0.280566 -0.834921 -0.341167 0.020611
e_12_6 12 6 6 0.0125 0.0480298 -0.1044 0.0204076 0.542165 -0.0766803 -0.796899 -0.255205 0.020051
e_2_13 2 13 1 0.0125 0.16156 -0.151949 0.0885894 0.500802 -0.149134 0.805465 0.279613 0.030179
e_13_14 13 14 2 0.0125 0.18366 -0.133574 0.0762966 0.446693 -0.109048 0.841448 0.283795 0.032429
e_14_5 14 5 3 0.0125 0.208829 -0.112564 0.0649918 0.560808 -0.189561 0.758716 0.271866 0.037393
e_2_15 2 15 1 0.0125 0.175542 -0.194865 0.115342 0.853383 0.414757 0.315468 -0.0139072 0.094509
e_15_16 15 16 2 0.0125 0.213099 -0.243386 0.153734 0.909746 0.312289 0.273493 -0.00619497 0.051275
e_16_17 16 17 3 0.0125 0.229309 -0.262445 0.179565 0.960952 0.212067 0.177 -0.0164493 0.02131
e_17_18 17 18 4 0.0125 0.236321 -0.274676 0.196053 0.909024 0.369546 0.186846 -0.0469114 0.022706
e_18_19 18 19 5 0.0125 0.246748 -0.293208 0.210578 0.861109 0.417998 0.288467 -0.023562 0.02919
e_19_20 19 20 6 0.0125 0.258298 -0.312217 0.220996 0.815664 0.493019 0.300657 -0.0350827 0.020123
e_20_21 20 21 7 0.0125 0.266323 -0.327977 0.230318 0.889922 0.401801 0.21095 -0.0457841 0.020303
e_21_22 21 22 8 0.0125 0.273466 -0.341908 0.243352 0.917992 0.335852 0.208388 -0.032697 0.020549
e_22_1 22 1 9 0.0125 0.280188 -0.355726 0.256527 0.895746 0.398099 0.191049 -0.0515476 0.020035
e_1_23 1 23 1 0.0125 0.298883 -0.365338 0.262713 0.694389 0.239016 0.66371 0.142073 0.031681
e_23_24 23 24 2 0.0125 0.325784 -0.369599 0.26664 0.804119 0.182721 0.553659 0.11605 0.024065
e_24_4 24 4 3 0.0125 0.354988 -0.381705 0.278491 0.822887 0.312157 0.470971 0.0600037 0.044254
e_1_25 1 25 1 0.0125 0.28004 -0.362294 0.272092 0.983505 -0.0271218 -0.162984 -0.0736168 0.02
e_25_26 25 26 2 0.0125 0.274741 -0.36065 0.291277 0.991771 -0.0378799 -0.109622 -0.0542123 0.02
e_26_27 26 27 3 0.0125 0.27213 -0.356477 0.310435 0.985554 -0.167662 -0.0237956 0.00257923 0.02
e_27_28 27 28 4 0.0125 0.271271 -0.349886 0.329297 0.985805 -0.166803 -0.0186508 0.00404268 0.02
e_28_3 28 3 5 0.0125 0.269319 -0.346097 0.348597 0.995395 -0.0213003 -0.0799401 -0.0484169 0.02
9 22 21
3 0.133477 0.0557101 0.183532 0.0125
23 0.129273 0.0552896 0.161856 0.0125
22 0.119731 0.0524329 0.14399 0.0125
21 0.106801 0.0492753 0.127113 0.0125
4 -0.0035288 0.00116529 0.121196 0.0125
20 0.0321107 0.0185889 0.116129 0.0125
11 -0.164503 -0.106865 0.109615 0.0125
6 -0.321108 -0.0824371 0.103977 0.0125
10 -0.281935 -0.0792547 0.105865 0.0125
9 -0.261634 -0.0827134 0.107754 0.0125
2 -0.174588 -0.0941107 0.121261 0.0125
19 0.0551807 0.0322082 0.106802 0.0125
8 -0.209129 -0.0955129 0.112138 0.0125
12 -0.154631 -0.119931 0.0981333 0.0125
13 -0.150093 -0.134639 0.0853629 0.0125
14 -0.1429 -0.149708 0.0743548 0.0125
5 -0.136289 -0.165079 0.0634002 0.0125
15 -0.141674 -0.0701139 0.128336 0.0125
16 -0.0825577 -0.0222959 0.117444 0.0125
17 0.00129366 0.0110628 0.0960109 0.0125
18 0.0502086 0.0338524 0.0989568 0.0125
1 0.0837153 0.0440787 0.100026 0.0125
e_2_8 2 8 1 0.0125 -0.191859 -0.0948113 0.116699 0.456858 -0.50074 -0.613872 0.4046 0.035754
e_8_9 8 9 2 0.0125 -0.235381 -0.0891125 0.109946 0.527825 -0.583754 -0.446828 0.425413 0.054219
e_9_10 9 10 3 0.0125 -0.271784 -0.0809837 0.106809 0.536802 -0.539208 -0.504896 0.40765 0.02068
e_10_6 10 6 4 0.0125 -0.301521 -0.0808458 0.104921 0.659777 -0.15489 -0.707115 0.201721 0.039347
e_2_11 2 11 1 0.0125 -0.169545 -0.100487 0.115438 0.357975 0.203569 0.865857 -0.284087 0.02
e_11_12 11 12 2 0.0125 -0.159566 -0.113398 0.103874 0.358977 0.214498 0.860826 -0.290008 0.02
e_12_13 12 13 3 0.0125 -0.152362 -0.127285 0.0917484 0.254091 0.303022 0.852896 -0.340856 0.02
e_13_14 13 14 4 0.0125 -0.146497 -0.142173 0.0798593 0.336152 0.295877 0.829255 -0.334357 0.02
e_14_5 14 5 5 0.0125 -0.139595 -0.157393 0.0688773 0.330078 0.310705 0.823005 -0.342307 0.02
e_2_15 2 15 1 0.0125 -0.158131 -0.0821122 0.124799 0.760678 -0.320361 0.558386 0.0833203 0.041343
e_15_16 15 16 2 0.0125 -0.112116 -0.0462049 0.12289 0.646772 -0.376053 0.655353 0.103835 0.076811
e_16_17 16 17 3 0.0125 -0.0406317 -0.00561714 0.106727 0.619684 -0.264797 0.738526 0.0213039 0.092754
e_17_18 17 18 4 0.0125 0.0257512 0.0224571 0.097484 0.725329 -0.260894 0.636143 0.0339718 0.054043
e_18_1 18 1 5 0.0125 0.066962 0.0389651 0.0994916 0.717799 -0.207042 0.664741 -0.00410044 0.035049
e_1_19 1 19 1 0.0125 0.0694475 0.0381438 0.103414 0.76688 0.339282 -0.527078 -0.137738 0.03164
e_19_20 19 20 2 0.0125 0.0436453 0.025398 0.111465 0.789878 0.408553 -0.410708 -0.201239 0.028367
e_20_4 20 4 3 0.0125 0.0142905 0.00987701 0.118663 0.721509 0.442561 -0.490706 -0.206813 0.039993
e_1_21 1 21 1 0.0125 0.0952587 0.0466764 0.113569 0.935831 -0.0872266 0.340368 -0.0276033 0.035968
e_21_22 21 22 2 0.0125 0.113266 0.0508541 0.135551 0.944461 -0.0859608 0.316238 -0.0244344 0.021494
e_22_23 22 23 3 0.0125 0.124502 0.0538612 0.152922 0.967677 -0.0765358 0.239652 -0.0176206 0.020455
e_23_3 23 3 4 0.0125 0.131375 0.0555002 0.172693 0.994832 -0.0126993 0.0952221 -0.0328671 0.022084
10 25 24
3 0.157668 -0.242701 0.195785 0.0125
26 0.167794 -0.283453 0.220607 0.0125
25 0.17556 -0.311516 0.231683 0.0125
4 0.182089 -0.251479 0.17574 0.0125
24 0.1821 -0.267495 0.187718 0.0125
23 0.179717 -0.282601 0.200606 0.0125
22 0.178306 -0.297161 0.214246 0.0125
21 0.179813 -0.311821 0.227766 0.0125
1 0.183799 -0.328913 0.237357 0.0125
11 0.117258 -0.00856515 0.0981886 0.0125
10 0.109033 -0.0261526 0.103005 0.0125
6 0.0445562 0.0239604 0.0121738 0.0125
9 0.0915971 -0.0607235 0.111668 0.0125
2 0.0850043 -0.0799188 0.111567 0.0125
19 0.166918 -0.293869 0.228793 0.0125
8 0.0527567 -0.0150435 0.0493375 0.0125
5 0.12491 0.00937971 0.0936755 0.0125
12 0.116324 -0.171491 0.162573 0.0125
13 0.123757 -0.191317 0.179848 0.0125
14 0.135047 -0.207181 0.189994 0.0125
15 0.142452 -0.224026 0.199925 0.0125
16 0.150339 -0.240282 0.208938 0.0125
17 0.158505 -0.256156 0.218386 0.0125
18 0.162769 -0.274946 0.223817 0.0125
20 0.174812 -0.311225 0.23483 0.0125
e_2_8 2 8 1 0.0125 0.0688806 -0.0474815 0.0804523 -0.41419 0.857457 0.300931 -0.0515271 0.095505
e_8_6 8 6 2 0.0125 0.0486566 0.0044588 0.030756 -0.0107621 -0.16439 0.902197 0.398625 0.054495
e_2_9 2 9 1 0.0125 0.0883005 -0.0703215 0.111617 0.675584 -0.566397 0.42036 0.214659 0.020296
e_9_10 9 10 2 0.0125 0.100314 -0.043438 0.107336 0.555783 -0.458626 0.631538 0.286231 0.039676
e_10_11 10 11 3 0.0125 0.113146 -0.0173589 0.100596 0.542851 -0.470725 0.631492 0.29146 0.020004
e_11_5 11 5 4 0.0125 0.121084 0.000406883 0.0959315 0.552411 -0.497724 0.60412 0.286623 0.020024
e_2_12 2 12 1 0.0125 0.100665 -0.125705 0.13707 0.84256 0.451254 0.251495 -0.152359 0.109399
e_12_13 12 13 2 0.0125 0.120041 -0.181404 0.171211 0.890538 0.370572 0.215854 -0.151744 0.027327
e_13_14 13 14 3 0.0125 0.129402 -0.199249 0.184922 0.84938 0.385202 0.347198 -0.0981205 0.021956
e_14_15 14 15 4 0.0125 0.138749 -0.215603 0.19496 0.847763 0.430189 0.278351 -0.136954 0.020909
e_15_16 15 16 5 0.0125 0.146395 -0.232154 0.204431 0.840605 0.43314 0.29867 -0.128725 0.020193
e_16_17 16 17 6 0.0125 0.154422 -0.248219 0.213662 0.847465 0.419265 0.30054 -0.125282 0.020197
e_17_18 17 18 7 0.0125 0.160637 -0.265551 0.221102 0.779449 0.547403 0.254364 -0.167658 0.020018
e_18_19 18 19 8 0.0125 0.164844 -0.284407 0.226305 0.772007 0.556892 0.255904 -0.168492 0.020001
e_19_20 19 20 9 0.0125 0.170865 -0.302547 0.231811 0.796705 0.492478 0.326384 -0.127277 0.02
e_20_1 20 1 10 0.0125 0.179306 -0.320069 0.236094 0.742377 0.539116 0.382336 -0.109769 0.02
e_1_21 1 21 1 0.0125 0.181806 -0.320367 0.232562 0.445101 -0.826287 0.238787 0.24923 0.02
e_21_22 21 22 2 0.0125 0.179059 -0.304491 0.221006 0.057227 -0.222092 0.888084 0.39838 0.02
e_22_23 22 23 3 0.0125 0.179012 -0.289882 0.207426 0.114294 -0.176895 0.899832 0.382031 0.02
e_23_24 23 24 4 0.0125 0.180909 -0.275048 0.194162 0.179707 -0.253924 0.870471 0.381455 0.02
e_24_4 24 4 5 0.0125 0.182094 -0.259487 0.181729 0.220664 -0.44112 0.777736 0.389677 0.02
e_1_25 1 25 1 0.0125 0.17968 -0.320215 0.234521 0.59381 -0.673275 -0.433671 -0.077586 0.020068
e_25_26 25 26 2 0.0125 0.171677 -0.297485 0.226145 0.554971 -0.821877 -0.0479058 0.119287 0.031153
e_26_3 26 3 3 0.0125 0.162731 -0.263077 0.208196 0.415913 -0.821356 0.282496 0.269419 0.048779
11 22 21
3 -0.15974 -0.25083 0.0496437 0.0125
23 -0.12544 -0.216295 0.0392444 0.0125
4 -0.100795 -0.10202 0.087417 0.0125
22 -0.0951759 -0.122226 0.0662991 0.0125
21 -0.0933813 -0.142113 0.0524299 0.0125
20 -0.0940135 -0.159047 0.0406548 0.0125
12 0.107586 -0.123571 0.023533 0.0125
11 0.1156 -0.109338 0.0350748 0.0125
10 0.121686 -0.0940687 0.0464921 0.0125
9 0.127913 -0.0788065 0.0579844 0.0125
2 0.155861 -0.0244793 0.0901406 0.0125
19 -0.07233 -0.173494 0.0306742 0.0125
8 0.135183 -0.0612717 0.0735286 0.0125
6 0.100581 -0.138464 0.0121701 0.0125
13 0.182112 0.00345142 0.102681 0.0125
5 0.221032 0.0459465 0.118169 0.0125
14 0.0614848 -0.0840779 0.0652481 0.0125
15 0.0280165 -0.105099 0.0564935 0.0125
16 -0.01946 -0.133337 0.0454301 0.0125
17 -0.0396268 -0.151363 0.0390079 0.0125
18 -0.0542204 -0.164453 0.0336791 0.0125
1 -0.0909442 -0.181263 0.0289669 0.0125
e_2_8 2 8 1 0.0125 0.145522 -0.0428758 0.0818344 -0.0313262 -0.444421 -0.696863 0.562041 0.045357
e_8_9 8 9 2 0.0125 0.131549 -0.0700392 0.0657566 -0.0715869 -0.480881 -0.7652 0.422017 0.024534
e_9_10 9 10 3 0.0125 0.124799 -0.0864375 0.0522386 -0.0761712 -0.465492 -0.754502 0.456334 0.020095
e_10_11 10 11 4 0.0125 0.118644 -0.101703 0.040783 -0.0790864 -0.463712 -0.755132 0.456609 0.020013
e_11_12 11 12 5 0.0125 0.111593 -0.116455 0.0293039 -0.032215 -0.488834 -0.741329 0.458732 0.020001
e_12_6 12 6 6 0.0125 0.104083 -0.131018 0.0178513 -0.0579907 -0.473919 -0.747976 0.461052 0.020001
e_2_13 2 13 1 0.0125 0.168986 -0.0105139 0.0964114 0.0821056 -0.443283 -0.384731 -0.805444 0.04033
e_13_5 13 5 2 0.0125 0.201572 0.0246993 0.110425 0.0863291 -0.457333 -0.401339 -0.788873 0.05967
e_2_14 2 14 1 0.0125 0.108673 -0.0542789 0.0776941 0.17671 -0.515143 -0.586056 0.59995 0.114361
e_14_15 14 15 2 0.0125 0.0447507 -0.0945883 0.0608708 0.177822 -0.515362 -0.585261 0.600208 0.04048
e_15_16 15 16 3 0.0125 0.00427849 -0.119218 0.050962 0.189241 -0.51638 -0.575798 0.604976 0.056337
e_16_17 16 17 4 0.0125 -0.029544 -0.142349 0.0422192 0.108087 -0.484854 -0.616777 0.610589 0.0278
e_17_18 17 18 5 0.0125 -0.0469239 -0.157908 0.0363433 0.105355 -0.4904 -0.625028 0.598121 0.020316
e_18_19 18 19 6 0.0125 -0.0632753 -0.168974 0.0321772 0.22312 -0.5212 -0.549332 0.613843 0.020463
e_19_1 19 1 7 0.0125 -0.0816372 -0.177379 0.0298211 0.25569 -0.521956 -0.519371 0.626449 0.020243
e_1_20 1 20 1 0.0125 -0.0924795 -0.170155 0.034811 0.807045 -0.508308 0.102684 0.282413 0.02529
e_20_21 20 21 2 0.0125 -0.0936971 -0.15058 0.0465419 0.802912 -0.412211 0.211615 0.375012 0.020635
e_21_22 21 22 3 0.0125 -0.0942782 -0.132169 0.0593641 0.790538 -0.430575 0.171374 0.400357 0.024313
e_22_4 22 4 4 0.0125 -0.0979856 -0.112123 0.0768587 0.698939 -0.344404 0.163133 0.605193 0.029762
e_1_23 1 23 1 0.0125 -0.108192 -0.19878 0.0341056 0.103522 -0.378571 -0.504355 0.769151 0.050227
e_23_3 23 3 2 0.0125 -0.142589 -0.233563 0.0444442 0.105606 -0.378469 -0.502287 0.77027 0.049773
12 19 18
3 -0.105844 0.109136 0.0828455 0.0125
20 -0.151471 0.145309 0.0482443 0.0125
4 -0.0923479 0.0981599 0.0190196 0.0125
10 -0.105031 0.226742 0.148069 0.0125
5 0.0454269 0.207254 0.225334 0.0125
6 -0.0173068 0.146299 0.21407 0.0125
9 0.0163287 0.249027 0.218126 0.0125
2 -9.08399e-05 0.294214 0.211139 0.0125
19 -0.109749 0.10753 0.0226809 0.0125
8 -0.00480491 0.251732 0.203934 0.0125
11 -0.117574 0.216057 0.134567 0.0125
12 -0.133603 0.201616 0.117709 0.0125
13 -0.144664 0.19124 0.103437 0.0125
14 -0.152174 0.177141 0.0823835 0.0125
15 -0.159894 0.169868 0.0642216 0.0125
16 -0.166246 0.163604 0.0452278 0.0125
1 -0.172959 0.154578 0.026028 0.0125
18 -0.127668 0.116829 0.0241172 0.0125
17 -0.144316 0.127429 0.02813 0.0125
e_2_8 2 8 1 0.0125 -0.00244734 0.272973 0.207537 0.0962309 0.029841 -0.763033 0.638459 0.043346
e_8_6 8 6 2 0.0125 -0.0110558 0.199016 0.209002 0.586277 0.480939 -0.470299 0.451438 0.106654
e_2_9 2 9 1 0.0125 0.00811893 0.271621 0.214632 0.620173 0.376432 0.535157 -0.432771 0.048583
e_9_5 9 5 2 0.0125 0.0308781 0.22814 0.22173 0.436093 0.00479402 0.655653 -0.616375 0.051417
e_2_10 2 10 1 0.0125 -0.0525608 0.260478 0.179604 0.242227 -0.422273 -0.739775 0.464483 0.139795
e_10_11 10 11 2 0.0125 -0.111302 0.2214 0.141318 0.0824182 -0.562272 -0.707641 0.419882 0.021302
e_11_12 11 12 3 0.0125 -0.125588 0.208836 0.126137 0.0808505 -0.54536 -0.714447 0.430826 0.027381
e_12_13 12 13 4 0.0125 -0.139134 0.196428 0.110573 0.0361954 -0.609429 -0.68648 0.395008 0.020826
e_13_14 13 14 5 0.0125 -0.148419 0.184191 0.0929102 -0.129889 -0.747658 -0.582511 0.291234 0.026428
e_14_15 14 15 6 0.0125 -0.156034 0.173505 0.0733024 -0.0315366 -0.77739 -0.572227 0.25928 0.021031
e_15_16 15 16 7 0.0125 -0.16307 0.166736 0.0547247 -0.0441738 -0.819467 -0.530131 0.21327 0.020985
e_16_1 16 1 8 0.0125 -0.169602 0.159092 0.035628 -0.0819979 -0.789475 -0.555097 0.248742 0.022252
e_1_17 1 17 1 0.0125 -0.158638 0.141004 0.0270788 0.303676 -0.255453 0.638875 -0.659063 0.039522
e_17_18 17 18 2 0.0125 -0.135992 0.122129 0.0261236 0.107367 -0.573174 0.520664 -0.62358 0.02014
e_18_19 18 19 3 0.0125 -0.118709 0.112179 0.0233988 0.239468 -0.489657 0.543797 -0.638104 0.020239
e_19_4 19 4 4 0.0125 -0.101048 0.102845 0.0208502 0.148183 -0.574036 0.511422 -0.622071 0.0201
e_1_20 1 20 1 0.0125 -0.162216 0.149944 0.037136 0.794273 -0.0470498 0.391843 -0.461926 0.032267
e_20_3 20 3 2 0.0125 -0.128658 0.127222 0.0655446 0.699855 0.0175849 0.494233 -0.51539 0.067733
