12
1 20 19
3 -0.375033 -0.195205 0.123862 0.0125
21 -0.324019 -0.195243 0.081595 0.0125
4 -0.21332 -0.238068 0.0808728 0.0125
20 -0.231099 -0.227432 0.0806297 0.0125
12 -0.0792543 0.114079 0.0184657 0.0125
11 -0.076087 0.0946845 0.0140275 0.0125
10 -0.0730453 0.0749157 0.0122815 0.0125
9 -0.0698395 0.0550566 0.0116156 0.0125
2 -0.0764869 -0.0136113 0.0194438 0.0125
19 -0.250946 -0.218249 0.0806205 0.0125
8 -0.0723593 0.0202487 0.0168697 0.0125
6 -0.0795147 0.132984 0.0254315 0.0125
13 -0.119846 -0.0353794 0.05345 0.0125
5 -0.148144 -0.0494674 0.0791699 0.0125
14 -0.202275 -0.128084 0.0121282 0.0125
15 -0.235676 -0.14861 0.0215103 0.0125
16 -0.258799 -0.164966 0.0357034 0.0125
17 -0.281114 -0.184272 0.0474592 0.0125
1 -0.299632 -0.198796 0.0585354 0.0125
18 -0.275668 -0.205001 0.0713302 0.0125
e_2_8 2 8 1 0.0125 -0.0744231 0.00331871 0.0181568 0.623789 -0.703004 -0.208341 -0.270678 0.034207
e_8_9 8 9 2 0.0125 -0.0710994 0.0376527 0.0142427 0.585033 -0.702141 -0.285373 -0.288613 0.035293
e_9_10 9 10 3 0.0125 -0.071443 0.0649858 0.0119484 0.686638 -0.623087 -0.308589 -0.212282 0.020127
e_10_11 10 11 4 0.0125 -0.0745655 0.0847998 0.0131543 0.710118 -0.615657 -0.278358 -0.198032 0.020077
e_11_12 11 12 5 0.0125 -0.0776703 0.104382 0.0162464 0.765209 -0.583454 -0.22233 -0.156863 0.020147
e_12_6 12 6 6 0.0125 -0.0793843 0.123532 0.021949 0.811515 -0.564656 -0.0911586 -0.119571 0.020149
e_2_13 2 13 1 0.0125 -0.0981668 -0.0244951 0.0364464 0.849572 0.0795806 -0.454624 0.255366 0.059247
e_13_5 13 5 2 0.0125 -0.133995 -0.0424234 0.06631 0.865184 0.0731545 -0.423187 0.258879 0.040753
e_2_14 2 14 1 0.0125 -0.139381 -0.070848 0.0157856 0.636751 0.238709 -0.681547 0.270296 0.170236
e_14_15 14 15 2 0.0125 -0.218977 -0.138348 0.016819 0.744712 0.140544 -0.603218 0.248552 0.040311
e_15_16 15 16 3 0.0125 -0.247237 -0.156787 0.0286066 0.804005 0.14626 -0.50457 0.278556 0.031679
e_16_17 16 17 4 0.0125 -0.269956 -0.174618 0.0415814 0.77318 0.191543 -0.527511 0.295357 0.031763
e_17_1 17 1 5 0.0125 -0.290373 -0.191534 0.0529968 0.793721 0.167072 -0.509083 0.287972 0.026011
e_1_18 1 18 1 0.0125 -0.287649 -0.201898 0.0649331 0.706939 0.390418 0.343486 0.479404 0.027865
e_18_19 18 19 2 0.0125 -0.263307 -0.211625 0.0759754 0.60876 0.548463 0.204889 0.53537 0.029547
e_19_20 19 20 3 0.0125 -0.241022 -0.222841 0.0806254 0.425839 0.691013 0.149292 0.564689 0.021869
e_20_4 20 4 4 0.0125 -0.222209 -0.23275 0.0807517 0.432368 0.698361 0.0801889 0.564729 0.020719
e_1_21 1 21 1 0.0125 -0.311826 -0.197019 0.0700651 0.904428 -0.122567 -0.378624 0.153722 0.033751
e_21_3 21 3 2 0.0125 -0.349526 -0.195223 0.102729 0.888638 -0.0808138 -0.417691 0.171247 0.066249
2 21 20
3 -0.194911 -0.206155 0.225761 0.0125
22 -0.185289 -0.216055 0.210783 0.0125
21 -0.174554 -0.231489 0.191697 0.0125
4 -0.186311 -0.308183 0.222981 0.0125
20 -0.186761 -0.29107 0.206133 0.0125
11 -0.0887026 0.0413264 0.0365944 0.0125
6 0.0389093 0.106417 0.0116961 0.0125
10 0.0221471 0.0949003 0.0140955 0.0125
9 0.00724765 0.0826106 0.0196191 0.0125
2 -0.0692342 0.00965255 0.0478894 0.0125
19 -0.181269 -0.277388 0.187607 0.0125
8 -0.00663077 0.0692167 0.0255974 0.0125
12 -0.0976319 0.0585761 0.0294344 0.0125
13 -0.107172 0.0743204 0.0209602 0.0125
5 -0.117068 0.0894167 0.011947 0.0125
14 -0.135949 -0.133321 0.0874206 0.0125
15 -0.144669 -0.166778 0.0976552 0.0125
16 -0.152428 -0.19816 0.114426 0.0125
17 -0.151558 -0.221585 0.126352 0.0125
1 -0.161206 -0.253592 0.145597 0.0125
18 -0.174057 -0.267782 0.171029 0.0125
e_2_8 2 8 1 0.0125 -0.0379324 0.0394339 0.0367434 -0.324849 -0.19649 -0.765694 -0.519209 0.089241
e_8_9 8 9 2 0.0125 0.000309129 0.0759137 0.0226084 -0.294904 -0.224748 -0.772998 -0.514776 0.020193
e_9_10 9 10 3 0.0125 0.0146982 0.0887555 0.0168569 -0.400354 -0.122209 -0.789009 -0.449718 0.020088
e_10_6 10 6 4 0.0125 0.0305274 0.100658 0.0128961 -0.601579 0.121781 -0.737402 -0.281977 0.020477
e_2_11 2 11 1 0.0125 -0.0789685 0.0254902 0.0422424 0.595316 -0.695544 -0.401942 0.0161512 0.038857
e_11_12 11 12 2 0.0125 -0.0931671 0.0499513 0.0330139 0.570477 -0.700241 -0.427325 -0.0401545 0.020702
e_12_13 12 13 3 0.0125 -0.102401 0.0664483 0.0251975 0.538415 -0.692881 -0.47853 -0.0321522 0.020266
e_13_5 13 5 4 0.0125 -0.11212 0.0818685 0.0164536 0.525385 -0.68865 -0.499123 -0.0246532 0.020176
e_2_14 2 14 1 0.0125 -0.102591 -0.0618339 0.0676556 0.127303 -0.166703 -0.592187 0.778022 0.16265
e_14_15 14 15 2 0.0125 -0.140309 -0.150049 0.0925385 0.0638238 -0.104334 -0.589235 0.798651 0.036058
e_15_16 15 16 3 0.0125 -0.148549 -0.182469 0.106041 0.0839483 -0.0745084 -0.513996 0.850417 0.036419
e_16_17 16 17 4 0.0125 -0.151993 -0.209873 0.12039 -0.0160328 0.00958364 -0.52267 0.85233 0.0263
e_17_1 17 1 5 0.0125 -0.156382 -0.237589 0.135975 0.107612 -0.0837655 -0.493493 0.858992 0.038573
e_1_18 1 18 1 0.0125 -0.167631 -0.260687 0.158312 0.282966 -0.133037 -0.287802 0.905208 0.031832
e_18_19 18 19 2 0.0125 -0.177663 -0.272585 0.179318 0.260281 -0.110618 -0.287882 0.914955 0.020473
e_19_20 19 20 3 0.0125 -0.184015 -0.284229 0.196871 0.186844 -0.0598348 -0.324314 0.925381 0.023677
e_20_4 20 4 4 0.0125 -0.186536 -0.299626 0.214557 0.050383 0.031231 -0.385105 0.920967 0.024018
e_1_21 1 21 1 0.0125 -0.16788 -0.242541 0.168647 0.558408 -0.231369 0.101189 0.790196 0.05284
e_21_22 21 22 2 0.0125 -0.179922 -0.223772 0.201241 0.659149 -0.373706 0.064246 0.649414 0.02679
e_22_3 22 3 3 0.0125 -0.190101 -0.211105 0.218273 0.634067 -0.363325 0.0185068 0.682358 0.02037
3 25 24
3 0.0368127 0.0809068 0.0419074 0.0125
26 0.0165355 0.0792993 0.0455436 0.0125
25 -0.00409903 0.076909 0.0494513 0.0125
24 -0.0243323 0.0719041 0.0552266 0.0125
4 -0.146953 0.050004 0.0311751 0.0125
23 -0.129771 0.0534583 0.0422303 0.0125
22 -0.0878954 0.0632434 0.0580469 0.0125
1 -0.0577761 0.0715424 0.0700209 0.0125
21 -0.052639 0.0519626 0.0686023 0.0125
6 0.319251 -0.107977 0.0104663 0.0125
11 0.299502 -0.103489 0.017614 0.0125
10 0.280701 -0.0949388 0.0197162 0.0125
9 0.257776 -0.0920918 0.0235244 0.0125
2 0.175761 -0.0953524 0.0402316 0.0125
19 -0.0320826 0.0177142 0.0605833 0.0125
8 0.235145 -0.0892386 0.0257385 0.0125
12 0.180638 -0.0838641 0.0617244 0.0125
13 0.185998 -0.0682967 0.0802536 0.0125
14 0.195784 -0.0573527 0.104427 0.0125
5 0.203376 -0.0485423 0.123192 0.0125
15 0.0622707 -0.0261792 0.0484229 0.0125
16 0.0211541 -0.00769847 0.0543804 0.0125
17 0.00196095 -0.00229812 0.0564297 0.0125
18 -0.0166963 0.00471231 0.058492 0.0125
20 -0.0421911 0.0348001 0.0646507 0.0125
e_2_8 2 8 1 0.0125 0.205453 -0.0922952 0.0329855 -0.148289 0.778448 -0.109453 0.60004 0.061432
e_8_9 8 9 2 0.0125 0.24646 -0.0906655 0.0246317 0.147 0.737128 0.0703138 0.655812 0.022917
e_9_10 9 10 3 0.0125 0.269239 -0.0935152 0.0216198 0.102553 0.761971 0.0271541 0.638863 0.023414
e_10_11 10 11 4 0.0125 0.290102 -0.0992145 0.0186644 0.356523 0.735399 0.0990809 0.567682 0.02076
e_11_6 11 6 5 0.0125 0.309376 -0.105733 0.0140401 0.0921021 0.814699 -0.051637 0.57019 0.021477
e_2_12 2 12 1 0.0125 0.1782 -0.0896077 0.0509776 0.593519 -0.227281 -0.12634 -0.761654 0.024854
e_12_13 12 13 2 0.0125 0.183318 -0.0760803 0.0709885 0.388518 -0.244821 -0.257466 -0.850193 0.024787
e_13_14 13 14 3 0.0125 0.190891 -0.0628248 0.0923395 0.680243 -0.269102 -0.0153056 -0.68163 0.028282
e_14_5 14 5 4 0.0125 0.199581 -0.0529479 0.113809 0.667812 -0.272695 -0.0251639 -0.692121 0.022077
e_2_15 2 15 1 0.0125 0.119016 -0.0607663 0.0443277 0.278928 0.403862 -0.553298 -0.673021 0.133162
e_15_16 15 16 2 0.0125 0.0417127 -0.0169393 0.0514017 0.351094 0.405507 -0.519666 -0.665015 0.045471
e_16_17 16 17 3 0.0125 0.011558 -0.00499862 0.0554057 0.398099 0.447052 -0.49902 -0.626611 0.020043
e_17_18 17 18 4 0.0125 -0.00736784 0.00120699 0.0574613 0.366434 0.429043 -0.514273 -0.645888 0.020038
e_18_19 18 19 5 0.0125 -0.0243895 0.0112133 0.0595377 0.227734 0.354296 -0.568194 -0.706942 0.020252
e_19_20 19 20 6 0.0125 -0.0371364 0.0262574 0.0626172 0.11569 0.237037 -0.586039 -0.766151 0.020264
e_20_21 20 21 7 0.0125 -0.0474142 0.0433813 0.0666262 0.118149 0.243431 -0.586749 -0.763222 0.020478
e_21_1 21 1 8 0.0125 -0.0552071 0.0617527 0.0693118 -0.0736298 0.23858 -0.638843 -0.727693 0.020292
e_1_22 1 22 1 0.0125 -0.0728356 0.067393 0.0640334 0.427725 0.686244 -0.45608 -0.371632 0.033458
e_22_23 22 23 2 0.0125 -0.108833 0.058351 0.0501381 0.421953 0.677009 -0.462875 -0.386473 0.045821
e_23_4 23 4 3 0.0125 -0.138362 0.0517313 0.0367022 0.34417 0.725223 -0.490715 -0.338819 0.020721
e_1_24 1 24 1 0.0125 -0.0410539 0.071724 0.0626235 -0.111284 0.822195 -0.162031 0.534188 0.036571
e_24_25 24 25 2 0.0125 -0.0142158 0.0744064 0.0523394 -0.294999 0.767839 -0.209628 0.528635 0.021628
e_25_26 25 26 3 0.0125 0.00621784 0.0781039 0.0474972 -0.143451 0.76494 -0.0854917 0.622077 0.021136
e_26_3 26 3 4 0.0125 0.0266737 0.0801028 0.0437253 -0.100752 0.764433 -0.0601154 0.633938 0.020664
4 26 25
3 0.0418843 0.165233 0.0686812 0.0125
27 0.0233964 0.160699 0.0622952 0.0125
26 0.0054376 0.153438 0.0559374 0.0125
4 0.0110886 0.194847 0.0153826 0.0125
25 -0.00166048 0.18309 0.025344 0.0125
24 -0.0111714 0.166766 0.0319074 0.0125
23 -0.0202773 0.150433 0.0390006 0.0125
22 -0.0343201 0.138621 0.0469547 0.0125
1 -0.0499313 0.131606 0.0573022 0.0125
21 -0.0298114 0.122324 0.0563366 0.0125
11 0.22402 0.055199 0.0950139 0.0125
6 0.110015 0.0234385 0.0119302 0.0125
10 0.128644 0.0303974 0.0262687 0.0125
9 0.146516 0.0351064 0.0414109 0.0125
2 0.237182 0.0575403 0.0801383 0.0125
19 0.0111109 0.105405 0.0673658 0.0125
8 0.1637 0.0413408 0.0527704 0.0125
12 0.209929 0.0497032 0.1081 0.0125
13 0.195073 0.0433617 0.119892 0.0125
14 0.179482 0.0404386 0.132075 0.0125
5 0.160805 0.0398606 0.139204 0.0125
15 0.169245 0.06934 0.0813058 0.0125
16 0.111919 0.0854011 0.0802331 0.0125
17 0.0821465 0.0913678 0.0772207 0.0125
18 0.032777 0.102514 0.0711524 0.0125
20 -0.00974845 0.114349 0.0614032 0.0125
e_2_8 2 8 1 0.0125 0.200441 0.0494399 0.0664542 0.548942 0.401055 -0.714183 -0.166615 0.080069
e_8_9 8 9 2 0.0125 0.155108 0.0382233 0.0470912 0.466386 0.516595 -0.705005 -0.136315 0.021522
e_9_10 9 10 3 0.0125 0.13758 0.0327517 0.0338399 0.406242 0.493365 -0.757272 -0.13453 0.023893
e_10_6 10 6 4 0.0125 0.11933 0.0269178 0.0190996 0.436852 0.535381 -0.711199 -0.129317 0.024517
e_2_11 2 11 1 0.0125 0.230601 0.0563703 0.0875762 0.909599 0.140684 -0.329107 -0.21101 0.02
e_11_12 11 12 2 0.0125 0.216975 0.0524511 0.101557 0.887471 0.232122 -0.34492 -0.19886 0.02
e_12_13 12 13 3 0.0125 0.202501 0.0465323 0.113997 0.869916 0.264686 -0.367603 -0.195076 0.02
e_13_14 13 14 4 0.0125 0.187278 0.0418996 0.125983 0.872066 0.180872 -0.403414 -0.209867 0.02
e_14_5 14 5 5 0.0125 0.170144 0.04015 0.13564 0.794663 0.165782 -0.54246 -0.21625 0.02
e_2_15 2 15 1 0.0125 0.203213 0.0634401 0.080722 0.677617 0.101082 -0.693768 -0.222044 0.068964
e_15_16 15 16 2 0.0125 0.140582 0.0773705 0.080769 0.662491 0.0417995 -0.712227 -0.228237 0.059543
e_16_17 16 17 3 0.0125 0.0970325 0.0883841 0.0787263 0.634402 0.0999636 -0.734415 -0.219492 0.030514
e_17_18 17 18 4 0.0125 0.0574616 0.0969406 0.074187 0.625995 0.0870279 -0.74293 -0.220482 0.050975
e_18_19 18 19 5 0.0125 0.0219434 0.10396 0.0692595 0.60846 0.152607 -0.749706 -0.210781 0.022184
e_19_20 19 20 6 0.0125 0.000680755 0.109877 0.0643844 0.566771 -0.0185802 -0.791644 -0.227431 0.023466
e_20_21 20 21 7 0.0125 -0.0197793 0.118337 0.0588701 0.578171 -0.00348599 -0.78373 -0.226877 0.022177
e_21_1 21 1 8 0.0125 -0.0398717 0.126965 0.0568189 0.681222 -0.0643417 -0.688547 -0.240206 0.022179
e_1_22 1 22 1 0.0125 -0.0421256 0.135113 0.052128 0.490314 -0.405694 0.770761 -0.0305332 0.02
e_22_23 22 23 2 0.0125 -0.0272987 0.144527 0.0429783 0.539296 -0.647158 0.529201 -0.101453 0.02
e_23_24 23 24 3 0.0125 -0.0157242 0.1586 0.0354535 0.54144 -0.806369 0.164649 -0.171762 0.02
e_24_25 24 25 4 0.0125 -0.00641637 0.174929 0.0286257 0.554173 -0.793393 0.186 -0.169776 0.02
e_25_4 25 4 5 0.0125 0.00471366 0.188969 0.0203639 0.490534 -0.703684 0.503846 -0.101708 0.02
e_1_26 1 26 1 0.0125 -0.0222473 0.142522 0.0566198 0.69392 -0.340207 0.629057 -0.0837966 0.059534
e_26_27 26 27 2 0.0125 0.0144164 0.157069 0.0591167 0.801271 -0.296647 0.506047 -0.117826 0.020387
e_27_3 27 3 3 0.0125 0.0326403 0.162966 0.0654882 0.805167 -0.210258 0.544775 -0.103524 0.020079
5 23 22
3 -0.266321 -0.025387 0.0826865 0.0125
24 -0.274319 -0.00736048 0.0672892 0.0125
23 -0.28215 0.0054551 0.0499444 0.0125
22 -0.291605 0.0257202 0.0360648 0.0125
4 -0.277506 -0.0481281 0.0162983 0.0125
21 -0.285228 -0.0153492 0.0117508 0.0125
1 -0.297924 0.0480648 0.0250115 0.0125
6 -0.0768176 -0.106953 0.0125489 0.0125
11 -0.082493 -0.116675 0.0330515 0.0125
10 -0.0923489 -0.134911 0.0542982 0.0125
9 -0.100171 -0.148229 0.0693683 0.0125
2 -0.133255 -0.17788 0.129885 0.0125
19 -0.277393 0.0139466 0.0363769 0.0125
8 -0.112506 -0.156998 0.0858306 0.0125
12 -0.119068 -0.190657 0.135843 0.0125
13 -0.105831 -0.204638 0.141256 0.0125
14 -0.095338 -0.217109 0.152848 0.0125
15 -0.0895771 -0.229384 0.167549 0.0125
5 -0.0839879 -0.237325 0.185033 0.0125
16 -0.17432 -0.114825 0.0989113 0.0125
17 -0.227535 -0.0430422 0.0722121 0.0125
18 -0.252742 -0.0140124 0.0533985 0.0125
20 -0.285998 0.0318731 0.0302793 0.0125
e_2_8 2 8 1 0.0125 -0.122881 -0.167439 0.107858 -0.076882 -0.470625 -0.833209 -0.279935 0.052985
e_8_9 8 9 2 0.0125 -0.106338 -0.152613 0.0775994 0.302414 -0.870027 0.333379 -0.201138 0.022362
e_9_10 9 10 3 0.0125 -0.0962599 -0.14157 0.0618326 0.19716 -0.805456 -0.447677 -0.334594 0.021579
e_10_11 10 11 4 0.0125 -0.0874216 -0.125793 0.0436751 0.1712 -0.762398 -0.525965 -0.335858 0.029683
e_11_6 11 6 5 0.0125 -0.0796555 -0.111814 0.0228006 -0.0839667 -0.176891 -0.95236 -0.233816 0.023391
e_2_12 2 12 1 0.0125 -0.126162 -0.184269 0.132864 0.805303 0.407478 0.430159 0.0202813 0.02
e_12_13 12 13 2 0.0125 -0.11245 -0.197647 0.138549 0.79664 0.451993 0.400466 0.026339 0.02
e_13_14 13 14 3 0.0125 -0.100585 -0.210873 0.147051 0.887778 0.336974 0.310891 -0.040556 0.02
e_14_15 14 15 4 0.0125 -0.0924576 -0.223246 0.160198 0.927749 0.314471 0.183227 -0.0825718 0.02
e_15_5 15 5 5 0.0125 -0.0867823 -0.233354 0.176291 0.960103 0.184941 0.169368 -0.12375 0.02
e_2_16 2 16 1 0.0125 -0.153788 -0.146353 0.114398 0.444428 -0.283147 -0.781119 -0.334909 0.081373
e_16_17 16 17 2 0.0125 -0.200927 -0.0789339 0.0855619 0.494089 -0.264421 -0.757116 -0.335758 0.09326
e_17_18 17 18 3 0.0125 -0.240138 -0.0285274 0.0628051 0.424352 -0.180968 -0.828865 -0.316479 0.042802
e_18_19 18 19 4 0.0125 -0.265068 -3.34636e-05 0.0448879 0.43722 -0.183029 -0.821098 -0.31802 0.040978
e_19_20 19 20 5 0.0125 -0.281696 0.0229097 0.0333285 0.480443 -0.380897 -0.70816 -0.350146 0.020799
e_20_1 20 1 6 0.0125 -0.291961 0.0399692 0.0276452 0.509138 -0.271635 -0.743588 -0.337742 0.020788
e_1_21 1 21 1 0.0125 -0.291576 0.0163575 0.0183813 0.628561 0.771632 0.0708178 0.06693 0.066017
e_21_4 21 4 2 0.0125 -0.281367 -0.0317388 0.014025 0.75258 0.64489 0.131175 0.0231019 0.033983
e_1_22 1 22 1 0.0125 -0.294765 0.036892 0.0305379 0.845203 0.509631 0.159292 -0.0231376 0.025717
e_22_23 22 23 2 0.0125 -0.286878 0.0155874 0.0430042 0.873227 0.432228 0.222495 -0.0339045 0.026319
e_23_24 23 24 3 0.0125 -0.278235 -0.000952186 0.0586173 0.933022 0.279993 0.208834 -0.0863838 0.022944
e_24_3 24 3 4 0.0125 -0.27032 -0.0163732 0.0749877 0.897101 0.389449 0.201574 -0.0539171 0.02502
6 19 18
3 -0.0941678 0.147135 0.0454226 0.0125
20 -0.0924614 0.124627 0.054063 0.0125
19 -0.0908632 0.103601 0.062438 0.0125
5 0.0658234 -0.0790611 0.0236607 0.0125
10 0.101189 -0.104393 0.0466741 0.0125
6 0.19445 -0.255724 0.0133043 0.0125
9 0.175109 -0.218575 0.0319621 0.0125
2 0.137638 -0.130614 0.0704045 0.0125
8 0.152907 -0.183239 0.0447593 0.0125
11 0.00192064 0.00612045 0.093636 0.0125
12 -0.0287761 0.026335 0.0893738 0.0125
13 -0.047288 0.0388271 0.0908295 0.0125
14 -0.0679667 0.0520815 0.090809 0.0125
1 -0.0890822 0.0581745 0.0896585 0.0125
18 -0.0917793 0.0767874 0.0787372 0.0125
15 -0.0940012 0.0225684 0.0910698 0.0125
16 -0.0950377 -0.000146022 0.0929394 0.0125
17 -0.0992099 -0.0200447 0.0927711 0.0125
4 -0.099045 -0.0408303 0.0907764 0.0125
e_2_8 2 8 1 0.0125 0.145272 -0.156927 0.0575822 0.491945 0.836767 -0.108465 0.214582 0.060499
e_8_9 8 9 2 0.0125 0.164008 -0.200907 0.0383602 0.51978 0.80293 0.0436263 0.288495 0.04365
e_9_6 9 6 3 0.0125 0.184779 -0.23715 0.0226326 0.478362 0.838584 -0.0152747 0.260219 0.04585
e_2_10 2 10 1 0.0125 0.119413 -0.117503 0.0585392 0.38026 0.101578 -0.850478 -0.348958 0.050786
e_10_5 10 5 2 0.0125 0.0835065 -0.0917275 0.035167 0.380325 0.102866 -0.85043 -0.348627 0.049214
e_2_11 2 11 1 0.0125 0.0697791 -0.0622463 0.0820204 0.701861 -0.279702 -0.601587 -0.259328 0.19405
e_11_12 11 12 2 0.0125 -0.0134273 0.0162278 0.0915051 0.592293 -0.0819263 -0.742212 -0.302653 0.037001
e_12_13 12 13 3 0.0125 -0.0380318 0.0325814 0.0901022 0.679416 -0.149292 -0.667233 -0.26628 0.02238
e_13_14 13 14 4 0.0125 -0.0576274 0.045455 0.0908194 0.649478 -0.115778 -0.697859 -0.278868 0.024562
e_14_1 14 1 5 0.0125 -0.0785249 0.055128 0.0902335 0.641087 0.066566 -0.722293 -0.250738 0.022007
e_1_15 1 15 1 0.0125 -0.0915424 0.0403713 0.0903645 0.706242 0.65368 -0.230409 0.144346 0.035971
e_15_16 15 16 2 0.0125 -0.0945195 0.0112113 0.0920038 0.715944 0.651756 -0.185089 0.168465 0.022815
e_16_17 16 17 3 0.0125 -0.0971239 -0.0100953 0.0928544 0.693025 0.658055 -0.266626 0.12486 0.020332
e_17_4 17 4 4 0.0125 -0.0991277 -0.0304371 0.0917732 0.649826 0.716667 -0.184804 0.173094 0.020882
e_1_18 1 18 1 0.0125 -0.0904306 0.0674802 0.0841978 0.2247 -0.275362 -0.821748 -0.445439 0.021748
e_18_19 18 19 2 0.0125 -0.091321 0.0901941 0.0705873 0.173761 -0.336507 -0.803971 -0.458477 0.031393
e_19_20 19 20 3 0.0125 -0.091662 0.114114 0.0582499 0.428538 -0.588962 -0.581111 -0.363028 0.022689
e_20_3 20 3 4 0.0125 -0.0933145 0.135882 0.0497425 0.442515 -0.60243 -0.56197 -0.354188 0.02417
7 22 21
3 0.008882 -0.0227487 0.19406 0.0125
23 0.00683873 -0.0175932 0.174135 0.0125
22 0.00595417 -0.00736288 0.156301 0.0125
21 0.00539094 0.011573 0.128182 0.0125
4 -0.0506796 0.102365 0.123855 0.0125
20 -0.0325864 0.0804721 0.118883 0.0125
11 0.268938 -0.194207 0.0545856 0.0125
10 0.246532 -0.188066 0.0507681 0.0125
6 0.354954 -0.220322 0.0126832 0.0125
9 0.316771 -0.213262 0.0320193 0.0125
2 0.216531 -0.178821 0.0430519 0.0125
19 -0.0136763 0.0574808 0.113599 0.0125
8 0.282805 -0.201467 0.0374239 0.0125
12 0.288541 -0.201395 0.058393 0.0125
5 0.306002 -0.215754 0.0620778 0.0125
13 0.129595 -0.0912595 0.0612719 0.0125
14 0.100298 -0.0615715 0.067211 0.0125
15 0.0884111 -0.0412198 0.0740917 0.0125
16 0.0635705 -0.0111096 0.0861081 0.0125
17 0.0461532 -0.000179854 0.0945312 0.0125
18 0.0280513 0.0119167 0.103057 0.0125
1 0.0118133 0.0258059 0.108872 0.0125
e_2_8 2 8 1 0.0125 0.249668 -0.190145 0.0402383 0.678189 0.234058 0.69661 -0.00347024 0.070262
e_8_9 8 9 2 0.0125 0.299788 -0.207365 0.0347215 0.652419 0.242746 0.71791 -0.00532317 0.03636
e_9_6 9 6 3 0.0125 0.335863 -0.216791 0.0223508 0.525037 0.214663 0.822682 0.038088 0.043378
e_2_10 2 10 1 0.0125 0.231532 -0.183444 0.04691 0.786946 0.187291 0.587862 0.007481 0.032328
e_10_11 10 11 2 0.0125 0.257735 -0.191137 0.0526762 0.762102 0.18466 0.620342 0.0166246 0.023544
e_11_12 11 12 3 0.0125 0.27874 -0.197801 0.0564891 0.76787 0.213695 0.60385 -0.00865637 0.021224
e_12_5 12 5 4 0.0125 0.297272 -0.208574 0.0602354 0.753856 0.334812 0.554507 -0.110113 0.022905
e_2_13 2 13 1 0.0125 0.173063 -0.135041 0.0521613 0.590292 -0.649802 -0.0687035 0.473911 0.124727
e_13_14 13 14 2 0.0125 0.114947 -0.0764155 0.0642414 0.585323 -0.652441 -0.0619317 0.477371 0.042131
e_14_15 14 15 3 0.0125 0.0943541 -0.0513962 0.0706516 0.651548 -0.597437 0.0542734 0.464337 0.024553
e_15_16 15 16 4 0.0125 0.0759911 -0.0261641 0.0800996 0.680812 -0.58919 -0.0758746 0.428477 0.040841
e_16_17 16 17 5 0.0125 0.0548622 -0.00564535 0.0903196 0.796487 -0.417548 -0.368941 0.234826 0.022221
e_17_18 17 18 6 0.0125 0.0371021 0.00586795 0.0987937 0.783982 -0.444823 -0.346144 0.260172 0.023381
e_18_1 18 1 7 0.0125 0.0199322 0.0188608 0.105964 0.697839 -0.567282 -0.216575 0.379879 0.022146
e_1_19 1 19 1 0.0125 -0.000931348 0.0416435 0.111235 0.544906 -0.663134 0.0500987 0.510706 0.040931
e_19_20 19 20 2 0.0125 -0.0231317 0.0689762 0.11624 0.594657 -0.642341 -0.00364386 0.483495 0.030234
e_20_4 20 4 3 0.0125 -0.041633 0.0914186 0.121369 0.593224 -0.64324 -0.00400821 0.484058 0.028835
e_1_21 1 21 1 0.0125 0.0086022 0.0186899 0.118527 0.910476 0.329137 -0.0535846 -0.244604 0.024834
e_21_22 21 22 2 0.0125 0.00567256 0.00210505 0.142241 0.938516 0.284859 0.0646889 -0.18401 0.033905
e_22_23 22 23 3 0.0125 0.00639599 -0.0124779 0.165218 0.953031 0.250176 0.0640916 -0.158228 0.020579
e_23_3 23 3 4 0.0125 0.0078598 -0.0201713 0.184097 0.988712 0.122299 0.0579067 -0.0643248 0.020682
8 20 19
3 -0.377765 -0.0181246 0.126411 0.0125
21 -0.354246 -0.0505431 0.149753 0.0125
20 -0.340239 -0.0748972 0.155921 0.0125
4 -0.346554 -0.0909269 0.0653254 0.0125
11 -0.15767 0.124575 0.0155944 0.0125
10 -0.154185 0.104888 0.0150835 0.0125
6 -0.247651 0.0344233 0.112042 0.0125
9 -0.226481 0.0378842 0.0928719 0.0125
2 -0.148652 0.0857466 0.0133541 0.0125
19 -0.340899 -0.0930191 0.0975148 0.0125
8 -0.205502 0.048739 0.0704903 0.0125
12 -0.156803 0.143692 0.0214097 0.0125
13 -0.155301 0.162352 0.0284489 0.0125
5 -0.153614 0.180537 0.0366012 0.0125
14 -0.207467 0.0124732 0.0585777 0.0125
15 -0.263036 -0.0420902 0.112509 0.0125
16 -0.289388 -0.0582879 0.132124 0.0125
17 -0.305481 -0.072343 0.140465 0.0125
1 -0.330052 -0.0961849 0.163797 0.0125
18 -0.334807 -0.095083 0.131734 0.0125
e_2_8 2 8 1 0.0125 -0.177078 0.0672431 0.0419219 0.889673 0.157592 -0.391223 0.174903 0.08869
e_8_9 8 9 2 0.0125 -0.215992 0.0433115 0.0816807 0.904196 0.11672 -0.377453 0.162279 0.03254
e_9_6 9 6 3 0.0125 -0.237067 0.036154 0.102457 0.906989 0.0201549 -0.407953 0.102659 0.028769
e_2_10 2 10 1 0.0125 -0.151418 0.0953173 0.0142184 0.696748 -0.552577 -0.389131 -0.240371 0.02
e_10_11 10 11 2 0.0125 -0.155927 0.114732 0.0153387 0.666547 -0.595321 -0.364459 -0.261684 0.02
e_11_12 11 12 3 0.0125 -0.157237 0.134133 0.0185016 0.793694 -0.591882 -0.0653862 -0.124302 0.02
e_12_13 12 13 4 0.0125 -0.156052 0.153022 0.0249297 0.817274 -0.569004 -0.0164437 -0.0895917 0.02
e_13_5 13 5 5 0.0125 -0.154457 0.171444 0.0325247 0.83657 -0.544157 0.0095584 -0.0628653 0.02
e_2_14 2 14 1 0.0125 -0.17806 0.04911 0.0359667 0.816845 0.312727 -0.430526 0.222741 0.104275
e_14_15 14 15 2 0.0125 -0.235252 -0.0148084 0.085544 0.86125 0.238683 -0.397961 0.207137 0.094729
e_15_16 15 16 3 0.0125 -0.276212 -0.0501887 0.122317 0.862082 0.174811 -0.44908 0.156787 0.036628
e_16_17 16 17 4 0.0125 -0.297435 -0.0653154 0.136295 0.806575 0.27148 -0.494442 0.176812 0.022937
e_17_1 17 1 5 0.0125 -0.317767 -0.0842636 0.152131 0.859872 0.23862 -0.401854 0.205411 0.041431
e_1_18 1 18 1 0.0125 -0.33243 -0.095634 0.147765 0.0571238 0.464679 -0.882257 -0.0493328 0.032433
e_18_19 18 19 2 0.0125 -0.337854 -0.0940511 0.114624 0.0658386 0.437452 -0.894444 -0.0653459 0.034818
e_19_4 19 4 3 0.0125 -0.343726 -0.091973 0.0814201 0.0639056 0.436045 -0.895163 -0.0668123 0.032749
e_1_20 1 20 1 0.0125 -0.335145 -0.085541 0.159859 0.483698 -0.408945 -0.700763 -0.328224 0.024879
e_20_21 20 21 2 0.0125 -0.347243 -0.0627209 0.152836 0.551295 -0.409399 -0.663018 -0.298116 0.028764
e_21_3 21 3 3 0.0125 -0.366005 -0.0343342 0.138082 0.391185 -0.235691 -0.834393 -0.308565 0.046358
9 21 20
3 0.0446759 0.170855 0.0930581 0.0125
22 0.0708623 0.143585 0.105974 0.0125
21 0.0837248 0.127833 0.119788 0.0125
4 0.13832 0.0315365 0.194457 0.0125
20 0.12834 0.0427102 0.181208 0.0125
5 -0.0482003 -0.175741 0.131861 0.0125
10 -0.0298167 -0.165409 0.0822996 0.0125
6 -0.0689615 -0.0572742 0.145652 0.0125
9 -0.0202072 -0.157374 0.0646114 0.0125
2 -0.0135723 -0.150518 0.0420838 0.0125
19 0.119745 0.056628 0.1697 0.0125
8 -0.042546 -0.102332 0.0934983 0.0125
11 0.0505503 -0.0391811 0.114584 0.0125
12 0.0643148 -0.0101159 0.123603 0.0125
13 0.0796865 0.0201781 0.130164 0.0125
14 0.0882329 0.0407831 0.127895 0.0125
15 0.0953147 0.0612085 0.127173 0.0125
16 0.0957063 0.0814688 0.128896 0.0125
1 0.101236 0.100218 0.133514 0.0125
18 0.112131 0.0708283 0.157852 0.0125
17 0.104277 0.0848792 0.145983 0.0125
e_2_8 2 8 1 0.0125 -0.0280593 -0.126425 0.0677904 0.897161 -0.379732 -0.135618 0.180317 0.076189
e_8_6 8 6 2 0.0125 -0.0557544 -0.079803 0.119575 0.906701 -0.361363 -0.126973 0.176603 0.073811
e_2_9 2 9 1 0.0125 -0.0168892 -0.153946 0.0533478 0.970116 0.121927 -0.157224 0.138889 0.024465
e_9_10 9 10 2 0.0125 -0.0250115 -0.161392 0.0734554 0.938511 0.151292 -0.262814 0.165034 0.021674
e_10_5 10 5 3 0.0125 -0.0390086 -0.170575 0.10708 0.967684 0.0693201 -0.187377 0.15386 0.053861
e_2_11 2 11 1 0.0125 0.0184891 -0.0948492 0.0783342 0.861941 -0.420796 0.277868 0.052708 0.147526
e_11_12 11 12 2 0.0125 0.0574326 -0.0246485 0.119093 0.795152 -0.527781 0.293979 0.0524973 0.0334
e_12_13 12 13 3 0.0125 0.0720008 0.00503068 0.126884 0.769976 -0.550207 0.320087 0.0441985 0.034598
e_13_14 13 14 4 0.0125 0.0839602 0.0304807 0.12903 0.668937 -0.665424 0.328369 0.0436774 0.022423
e_14_15 14 15 5 0.0125 0.0917738 0.0509958 0.127534 0.69286 -0.657506 0.290462 0.057124 0.021631
e_15_16 15 16 6 0.0125 0.0955105 0.0713393 0.128034 0.727389 -0.666012 0.118656 0.115123 0.020336
e_16_1 16 1 7 0.0125 0.0984711 0.0908429 0.131205 0.780555 -0.57551 0.231989 0.0755124 0.020086
e_1_17 1 17 1 0.0125 0.102756 0.0925491 0.139748 0.900581 0.427884 0.0720119 0.0261475 0.02
e_17_18 17 18 2 0.0125 0.108204 0.0778533 0.151918 0.892396 0.388798 0.228271 -0.0189015 0.02
e_18_19 18 19 3 0.0125 0.115938 0.0637282 0.163776 0.89214 0.393667 0.220946 -0.0171964 0.02
e_19_20 19 20 4 0.0125 0.124043 0.0496695 0.175454 0.887101 0.384527 0.253897 -0.02695 0.02
e_20_4 20 4 5 0.0125 0.13333 0.037123 0.187833 0.911421 0.299265 0.281435 -0.0233982 0.02
e_1_21 1 21 1 0.0125 0.0924802 0.114025 0.126651 0.517119 -0.816176 -0.165473 0.197647 0.035463
e_21_22 21 22 2 0.0125 0.0772934 0.13571 0.112881 0.421101 -0.859814 -0.204134 0.204262 0.024585
e_22_3 22 3 3 0.0125 0.0577691 0.15722 0.099516 0.534077 -0.761912 -0.284835 0.230482 0.039952
10 25 24
3 0.0320558 -0.0988556 0.0241794 0.0125
26 0.036435 -0.103856 0.0430431 0.0125
25 0.0393778 -0.105944 0.0627148 0.0125
24 0.0390689 -0.10802 0.0826036 0.0125
23 0.0344749 -0.106595 0.102017 0.0125
4 0.130457 -0.118867 0.110505 0.0125
22 0.109184 -0.118596 0.111025 0.0125
21 0.0847847 -0.110826 0.113149 0.0125
20 0.0530026 -0.103287 0.115511 0.0125
6 -0.093052 0.167004 0.116478 0.0125
11 -0.106563 0.155744 0.106 0.0125
10 -0.121834 0.141772 0.099894 0.0125
9 -0.143332 0.129276 0.0978155 0.0125
2 -0.204525 0.0760126 0.110335 0.0125
19 -0.0123774 -0.0610962 0.123008 0.0125
8 -0.164387 0.110576 0.0963067 0.0125
12 -0.174647 0.0933201 0.0725599 0.0125
13 -0.15951 0.104344 0.0525877 0.0125
5 -0.144658 0.110918 0.0385854 0.0125
14 -0.18644 0.0666425 0.115037 0.0125
15 -0.168166 0.0521478 0.121412 0.0125
16 -0.110002 0.0052447 0.118074 0.0125
17 -0.054486 -0.0297161 0.117682 0.0125
18 -0.0344677 -0.0424744 0.121165 0.0125
1 0.0336632 -0.101947 0.121453 0.0125
e_2_8 2 8 1 0.0125 -0.184455 0.0932946 0.103321 0.476431 -0.0290027 0.791935 0.380804 0.054795
e_8_9 8 9 2 0.0125 -0.153859 0.119927 0.0970613 0.638131 -0.156641 0.669858 0.345749 0.0282
e_9_10 9 10 3 0.0125 -0.132583 0.135524 0.0988548 0.673222 -0.0747286 0.672882 0.297352 0.024952
e_10_11 10 11 4 0.0125 -0.114198 0.148758 0.102947 0.746059 -0.215812 0.558533 0.291309 0.021581
e_11_6 11 6 5 0.0125 -0.0998074 0.161374 0.111239 0.844605 -0.217266 0.443746 0.206221 0.020471
e_2_12 2 12 1 0.0125 -0.189586 0.0846659 0.0914474 0.226716 0.335964 0.869587 0.282039 0.051178
e_12_13 12 13 2 0.0125 -0.167078 0.0988316 0.0625735 0.207972 0.310353 0.876604 0.303305 0.027377
e_13_5 13 5 3 0.0125 -0.152084 0.107631 0.045587 0.305751 0.294511 0.86008 0.282916 0.021445
e_2_14 2 14 1 0.0125 -0.195482 0.0713277 0.112687 0.782556 0.293272 0.549092 0.00979934 0.020904
e_14_15 14 15 2 0.0125 -0.177303 0.0593951 0.118224 0.793291 0.346481 0.498144 -0.0499366 0.02418
e_15_16 15 16 3 0.0125 -0.139084 0.0286962 0.119743 0.690616 0.431225 0.579965 -0.0271333 0.074793
e_16_17 16 17 4 0.0125 -0.0822444 -0.012236 0.117878 0.704968 0.382696 0.597103 0.00561412 0.065608
e_17_18 17 18 5 0.0125 -0.0444771 -0.0360948 0.119424 0.756651 0.344951 0.555347 -0.00878905 0.023993
e_18_19 18 19 6 0.0125 -0.023422 -0.0517856 0.122086 0.728052 0.410113 0.547706 -0.0420221 0.028951
e_19_1 19 1 7 0.0125 0.0106432 -0.081522 0.122231 0.696793 0.441295 0.563816 -0.0430226 0.061571
e_1_20 1 20 1 0.0125 0.0433328 -0.102618 0.118482 0.568909 0.286174 0.75141 0.172713 0.020276
e_20_21 20 21 2 0.0125 0.068894 -0.107057 0.11433 0.672099 0.282344 0.675537 0.11052 0.03275
e_21_22 21 22 3 0.0125 0.0969847 -0.114711 0.112088 0.671414 0.313153 0.665782 0.0887289 0.025694
e_22_4 22 4 4 0.0125 0.119821 -0.118731 0.110765 0.677189 0.183925 0.691663 0.170848 0.02128
e_1_23 1 23 1 0.0125 0.0340687 -0.104272 0.111735 0.103258 0.765988 0.631789 -0.0586787 0.02
e_23_24 23 24 2 0.0125 0.0367722 -0.107307 0.0923106 0.109743 0.66788 0.734343 0.0513038 0.02
e_24_25 24 25 3 0.0125 0.0392225 -0.106982 0.0726592 -0.0312854 0.706331 0.70593 0.0421933 0.02
e_25_26 25 26 4 0.0125 0.0379064 -0.1049 0.0528783 -0.0873648 0.770321 0.63119 -0.0239149 0.02
e_26_3 26 3 5 0.0125 0.0342451 -0.101356 0.033611 -0.168514 0.760314 0.627297 -0.00496396 0.02
11 21 20
3 -0.0106995 -0.189875 0.1761 0.0125
22 -0.0363365 -0.188736 0.173933 0.0125
21 -0.0602157 -0.187713 0.169733 0.0125
20 -0.0815674 -0.190077 0.170467 0.0125
4 -0.127922 -0.283112 0.212524 0.0125
12 0.27174 -0.27959 0.0720057 0.0125
11 0.250438 -0.271434 0.0674148 0.0125
10 0.226474 -0.262456 0.0644225 0.0125
9 0.203339 -0.255663 0.0591998 0.0125
2 0.156379 -0.233467 0.0401586 0.0125
19 -0.108811 -0.225886 0.184982 0.0125
8 0.17228 -0.24287 0.0488528 0.0125
6 0.29039 -0.288051 0.0752345 0.0125
13 0.141163 -0.245588 0.047323 0.0125
14 0.112616 -0.260375 0.0600088 0.0125
5 0.075731 -0.279318 0.0767233 0.0125
15 0.00326274 -0.205554 0.114129 0.0125
16 -0.0308287 -0.198453 0.132255 0.0125
17 -0.0608558 -0.196768 0.15157 0.0125
18 -0.0812471 -0.195736 0.159969 0.0125
1 -0.109597 -0.195051 0.171461 0.0125
e_2_8 2 8 1 0.0125 0.164329 -0.238168 0.0445054 0.578246 0.522849 0.117105 0.615262 0.020416
e_8_9 8 9 2 0.0125 0.18781 -0.249266 0.0540263 0.508725 0.568508 0.172055 0.623214 0.03515
e_9_10 9 10 3 0.0125 0.214907 -0.259059 0.0618114 0.456315 0.5917 0.20988 0.63057 0.02467
e_10_11 10 11 4 0.0125 0.238456 -0.266944 0.0659191 0.46441 0.632597 0.204299 0.585155 0.025765
e_11_12 11 12 5 0.0125 0.261089 -0.275512 0.0697106 0.482391 0.603811 0.191763 0.604929 0.023267
e_12_6 12 6 6 0.0125 0.281065 -0.283821 0.07362 0.495482 0.623679 0.182092 0.57651 0.020732
e_2_13 2 13 1 0.0125 0.148771 -0.239527 0.0437405 0.780012 0.477321 -0.315242 -0.253708 0.020731
e_13_14 13 14 2 0.0125 0.126889 -0.252981 0.0536653 0.751166 0.443759 -0.345762 -0.345365 0.034561
e_14_5 14 5 3 0.0125 0.0941733 -0.269847 0.0683658 0.755474 0.437699 -0.348548 -0.340871 0.044707
e_2_15 2 15 1 0.0125 0.0798211 -0.219511 0.0771429 0.23344 0.478653 -0.237206 -0.812484 0.172323
e_15_16 15 16 2 0.0125 -0.0137829 -0.202004 0.123192 0.387919 0.404588 -0.324728 -0.761826 0.039259
e_16_17 16 17 3 0.0125 -0.0458427 -0.19761 0.141913 0.862904 0.060823 -0.475503 -0.15998 0.035742
e_17_18 17 18 4 0.0125 -0.0710512 -0.196252 0.15577 0.406807 0.47092 -0.296709 -0.724366 0.022078
e_18_1 18 1 5 0.0125 -0.0954225 -0.195394 0.165715 0.439182 0.466688 -0.307249 -0.703506 0.030598
e_1_19 1 19 1 0.0125 -0.109204 -0.210469 0.178221 0.805433 0.529992 -0.135565 0.228053 0.033678
e_19_4 19 4 2 0.0125 -0.118366 -0.254499 0.198753 0.837518 0.494548 -0.218574 0.0788092 0.066322
e_1_20 1 20 1 0.0125 -0.0955819 -0.192564 0.170964 0.226585 0.628536 0.349851 0.656663 0.028485
e_20_21 20 21 2 0.0125 -0.070891 -0.188896 0.1701 0.254188 0.636256 0.335028 0.646778 0.021495
e_21_22 21 22 3 0.0125 -0.0482759 -0.188225 0.171832 0.356109 0.581537 0.274368 0.678029 0.024267
e_22_3 22 3 4 0.0125 -0.0235178 -0.189305 0.175017 0.339824 0.613574 0.285386 0.653147 0.025753
12 28 27
3 0.00803844 -0.196563 0.0801032 0.0125
29 0.0312908 -0.18407 0.0868725 0.0125
28 0.0476469 -0.172621 0.0921661 0.0125
4 0.0870087 -0.137239 0.20843 0.0125
27 0.0884924 -0.142156 0.189101 0.0125
26 0.0896729 -0.147998 0.170009 0.0125
25 0.0912879 -0.154454 0.151149 0.0125
24 0.095903 -0.15596 0.131748 0.0125
1 0.0936451 -0.158341 0.112018 0.0125
23 0.110729 -0.150461 0.104739 0.0125
22 0.128101 -0.142546 0.0973294 0.0125
21 0.145674 -0.132734 0.0935579 0.0125
6 0.381381 0.0296824 0.221249 0.0125
11 0.373468 0.0189142 0.201552 0.0125
10 0.366897 0.0116399 0.181076 0.0125
9 0.354933 0.00180272 0.151523 0.0125
2 0.341712 -0.000643448 0.0834775 0.0125
19 0.177563 -0.106591 0.092765 0.0125
8 0.349958 -0.00370061 0.130471 0.0125
12 0.350028 0.0102112 0.0980731 0.0125
13 0.360239 0.0211582 0.111336 0.0125
14 0.369467 0.0292009 0.127152 0.0125
15 0.378329 0.0400599 0.141418 0.0125
5 0.387795 0.048695 0.156775 0.0125
16 0.244894 -0.0547585 0.0814431 0.0125
17 0.211855 -0.0840025 0.0829826 0.0125
18 0.193305 -0.0950999 0.087938 0.0125
20 0.162965 -0.121335 0.0919746 0.0125
e_2_8 2 8 1 0.0125 0.345835 -0.00217173 0.106974 0.857567 -0.0163654 0.0909162 -0.50601 0.047809
e_8_9 8 9 2 0.0125 0.352445 -0.000949245 0.140997 0.879134 -0.162651 0.0442662 -0.445766 0.022321
e_9_10 9 10 3 0.0125 0.360915 0.0067212 0.1663 0.858956 -0.220406 0.0925298 -0.45283 0.033367
e_10_11 10 11 4 0.0125 0.370182 0.0152767 0.191314 0.871304 -0.213443 0.0587918 -0.437966 0.022701
e_11_6 11 6 5 0.0125 0.377424 0.024298 0.2114 0.863038 -0.288408 0.0552674 -0.411013 0.023803
e_2_12 2 12 1 0.0125 0.34587 0.00478426 0.0907751 0.84138 -0.359232 0.0779278 -0.396181 0.02
e_12_13 12 13 2 0.0125 0.355133 0.0156848 0.104704 0.81809 -0.392902 0.118557 -0.402866 0.02
e_13_14 13 14 3 0.0125 0.364852 0.0251799 0.119244 0.838834 -0.301198 0.117798 -0.437905 0.02
e_14_15 14 15 4 0.0125 0.373898 0.0346308 0.134285 0.835272 -0.367822 0.0896556 -0.398736 0.02
e_15_5 15 5 5 0.0125 0.383062 0.0443778 0.149097 0.835326 -0.319504 0.118271 -0.431462 0.02
e_2_16 2 16 1 0.0125 0.293303 -0.0277009 0.0824599 0.696547 0.412963 -0.581923 -0.0751638 0.110934
e_16_17 16 17 2 0.0125 0.228374 -0.0693803 0.0822121 0.632433 0.652637 -0.237966 -0.342731 0.04415
e_17_18 17 18 3 0.0125 0.20258 -0.0895512 0.0854603 0.748247 0.461741 -0.418407 -0.22772 0.022176
e_18_19 18 19 4 0.0125 0.185435 -0.100845 0.090351 0.727601 0.526147 -0.320867 -0.301349 0.020079
e_19_20 19 20 5 0.0125 0.170263 -0.113962 0.0923702 0.557211 0.713116 -0.102453 -0.412898 0.020764
e_20_21 20 21 6 0.0125 0.154319 -0.127035 0.0927667 0.704423 0.517549 -0.440488 -0.204699 0.02077
e_21_22 21 22 7 0.0125 0.136888 -0.13764 0.0954436 0.745933 0.438715 -0.464165 -0.18885 0.020477
e_22_23 22 23 8 0.0125 0.119415 -0.146504 0.101034 0.797061 0.359253 -0.435925 -0.213541 0.020478
e_23_1 23 1 9 0.0125 0.102187 -0.154401 0.108378 0.796205 0.362703 -0.433604 -0.21562 0.020172
e_1_24 1 24 1 0.0125 0.0947734 -0.15715 0.121883 0.885626 -0.0790315 0.0229466 -0.457049 0.02
e_24_25 24 25 2 0.0125 0.0935956 -0.155208 0.141448 0.91051 0.0114551 -0.121728 -0.394996 0.02
e_25_26 25 26 3 0.0125 0.0904801 -0.151227 0.160579 0.912925 -0.136213 -0.0997009 -0.371584 0.02
e_26_27 26 27 4 0.0125 0.0890823 -0.145078 0.179555 0.910985 -0.124555 -0.0848591 -0.383916 0.02
e_27_4 27 4 5 0.0125 0.0877512 -0.139697 0.198766 0.910905 -0.0991254 -0.0833571 -0.391763 0.02
e_1_28 1 28 1 0.0125 0.0706457 -0.165481 0.102092 0.376056 -0.418255 -0.718054 0.40993 0.052095
e_28_29 28 29 2 0.0125 0.0394685 -0.178345 0.0895193 0.609233 0.426137 -0.668248 0.0262267 0.020655
e_29_3 29 3 3 0.0125 0.0196646 -0.190317 0.0834879 0.580265 0.129461 -0.779379 0.197741 0.02725
