12
1 26 25
3 -0.111396 0.228988 0.0202111 0.0125
27 -0.0926009 0.192412 0.0133904 0.0125
26 -0.0797973 0.16626 0.0115085 0.0125
4 -0.0802882 0.230713 0.0516181 0.0125
25 -0.0762879 0.211772 0.0465972 0.0125
24 -0.0722585 0.192725 0.0420133 0.0125
23 -0.0696958 0.173724 0.0363234 0.0125
22 -0.0699806 0.156428 0.0262853 0.0125
1 -0.0715686 0.138835 0.0169071 0.0125
21 -0.0662735 0.119665 0.0144859 0.0125
11 -0.184405 -0.161039 0.0447923 0.0125
6 -0.21337 -0.186157 0.139467 0.0125
10 -0.200717 -0.181202 0.122773 0.0125
9 -0.192649 -0.171773 0.100932 0.0125
2 -0.153682 -0.138842 0.0119641 0.0125
19 -0.0615265 0.0798842 0.0173022 0.0125
8 -0.160315 -0.141935 0.0343201 0.0125
12 -0.207518 -0.172449 0.0561883 0.0125
5 -0.227194 -0.181277 0.0583599 0.0125
13 -0.124878 -0.0833892 0.0114936 0.0125
14 -0.10652 -0.0504159 0.0130493 0.0125
15 -0.097762 -0.0308365 0.0125987 0.0125
16 -0.0721534 0.0198229 0.0163269 0.0125
17 -0.0666032 0.0395193 0.0176145 0.0125
18 -0.0635662 0.0595395 0.0172921 0.0125
20 -0.0639329 0.099824 0.0158998 0.0125
e_2_8 2 8 1 0.0125 -0.156998 -0.140389 0.0231421 0.506217 -0.0884695 -0.130327 0.847899 0.023524
e_8_9 8 9 2 0.0125 -0.176482 -0.156854 0.0676256 0.489303 -0.0820798 -0.275788 0.823278 0.079831
e_9_10 9 10 3 0.0125 -0.196684 -0.176488 0.111852 0.428841 -0.0627686 -0.247638 0.866505 0.025121
e_10_6 10 6 4 0.0125 -0.207044 -0.18368 0.131121 0.656955 -0.138413 -0.305058 0.67542 0.021525
e_2_11 2 11 1 0.0125 -0.169043 -0.149941 0.0283781 0.570512 -0.1097 -0.400775 0.708422 0.050142
e_11_12 11 12 2 0.0125 -0.195961 -0.166743 0.0504899 0.635617 -0.135633 -0.5286 0.546056 0.028183
e_12_5 12 5 3 0.0125 -0.217355 -0.176863 0.0572736 0.604251 -0.131176 -0.657801 0.430082 0.021675
e_2_13 2 13 1 0.0125 -0.13928 -0.111116 0.0117292 -0.404957 0.0943785 -0.703458 -0.576411 0.06249
e_13_14 13 14 2 0.0125 -0.115699 -0.0669023 0.0122718 -0.442597 0.105097 -0.684373 -0.569821 0.037771
e_14_15 14 15 3 0.0125 -0.102141 -0.0406265 0.0128235 -0.353957 0.0783105 -0.710197 -0.603492 0.021454
e_15_16 15 16 4 0.0125 -0.0849572 -0.00550681 0.0144627 -0.417511 0.0959913 -0.676766 -0.598713 0.056886
e_16_17 16 17 5 0.0125 -0.0693783 0.0296707 0.016971 -0.237645 0.0392778 -0.683413 -0.689151 0.020504
e_17_18 17 18 6 0.0125 -0.0650847 0.0495294 0.0174533 -0.1078 0.002683 -0.712708 -0.693123 0.020252
e_18_19 18 19 7 0.0125 -0.0625469 0.0697119 0.0172972 -0.058367 -0.0122505 -0.706826 -0.704869 0.020447
e_19_20 19 20 8 0.0125 -0.0627297 0.0898541 0.016601 0.143263 -0.0668311 -0.728259 -0.66682 0.020133
e_20_21 20 21 9 0.0125 -0.0651031 0.109744 0.0151935 0.140686 -0.066101 -0.728647 -0.667017 0.020028
e_21_1 21 1 10 0.0125 -0.0689206 0.12925 0.0156965 0.328187 -0.121494 -0.651789 -0.672833 0.020035
e_1_22 1 22 1 0.0125 -0.0707741 0.147632 0.0215961 -0.0123082 -0.0389714 -0.513826 -0.856921 0.02
e_22_23 22 23 2 0.0125 -0.0698376 0.165076 0.031305 0.119831 -0.0771232 -0.493045 -0.858254 0.02
e_23_24 23 24 3 0.0125 -0.0709771 0.183225 0.0391688 0.244336 -0.1046 -0.588922 -0.763236 0.02
e_24_25 24 25 4 0.0125 -0.0742727 0.202248 0.0443052 0.306667 -0.119312 -0.609223 -0.721503 0.02
e_25_4 25 4 5 0.0125 -0.078288 0.221242 0.0491077 0.314382 -0.121975 -0.599675 -0.725725 0.02
e_1_26 1 26 1 0.0125 -0.0756829 0.152548 0.0142085 0.255936 -0.0930225 -0.764185 -0.584691 0.029138
e_26_27 26 27 2 0.0125 -0.0861986 0.179336 0.0124491 0.458059 -0.1516 -0.666922 -0.567815 0.029178
e_27_3 27 3 3 0.0125 -0.101998 0.210699 0.0168003 0.512812 -0.167898 -0.624497 -0.564657 0.041684
2 24 23
3 -0.284111 0.0134843 0.0114884 0.0125
25 -0.264452 0.008822 0.0145013 0.0125
24 -0.246463 -0.000134152 0.0131764 0.0125
23 -0.226451 -0.0102188 0.0115566 0.0125
4 -0.141312 0.0501168 0.0565804 0.0125
22 -0.154312 0.0359289 0.0511319 0.0125
21 -0.163783 0.0194306 0.0449566 0.0125
20 -0.175698 0.00567345 0.0366642 0.0125
11 -0.291031 0.249577 0.176406 0.0125
10 -0.292058 0.229752 0.178834 0.0125
6 -0.332633 0.0789933 0.273855 0.0125
9 -0.295537 0.21048 0.182894 0.0125
2 -0.294777 0.19052 0.183917 0.0125
19 -0.182272 -0.0102715 0.0265365 0.0125
8 -0.32904 0.121081 0.236379 0.0125
12 -0.290591 0.269055 0.171884 0.0125
5 -0.294468 0.288507 0.169321 0.0125
13 -0.261908 0.134193 0.12276 0.0125
14 -0.254449 0.115353 0.102111 0.0125
15 -0.228947 0.0689225 0.0537898 0.0125
16 -0.220445 0.0301932 0.0326783 0.0125
17 -0.215954 0.0110718 0.0228203 0.0125
18 -0.205311 -0.0053635 0.0149764 0.0125
1 -0.191685 -0.0225636 0.0138763 0.0125
e_2_8 2 8 1 0.0125 -0.311908 0.155801 0.210148 0.866953 0.372493 -0.284246 0.169839 0.093531
e_8_6 8 6 2 0.0125 -0.330837 0.100038 0.255117 0.904857 0.401005 -0.085816 0.1143 0.056469
e_2_9 2 9 1 0.0125 -0.295157 0.2005 0.183405 0.686239 -0.719398 -0.0896826 -0.0591512 0.02
e_9_10 9 10 2 0.0125 -0.293797 0.220116 0.180864 0.623089 -0.775452 0.0136068 -0.101235 0.02
e_10_11 10 11 3 0.0125 -0.291544 0.239664 0.17762 0.658328 -0.747234 -0.0482987 -0.0768988 0.02
e_11_12 11 12 4 0.0125 -0.290811 0.259316 0.174146 0.617608 -0.779253 -0.0760765 -0.0744137 0.02
e_12_5 12 5 5 0.0125 -0.292529 0.27878 0.170603 0.659409 -0.728427 -0.183053 -0.032637 0.02
e_2_13 2 13 1 0.0125 -0.278343 0.162357 0.153339 0.39408 0.72555 0.56178 -0.0517761 0.089406
e_13_14 13 14 2 0.0125 -0.258178 0.124773 0.112436 0.328359 0.916262 -0.131691 0.187888 0.02893
e_14_15 14 15 3 0.0125 -0.241697 0.0921383 0.0779505 0.403599 0.788243 0.464363 -0.0121502 0.071701
e_15_16 15 16 4 0.0125 -0.224696 0.0495579 0.0432342 0.482958 0.849226 -0.117478 0.178229 0.044922
e_16_17 16 17 5 0.0125 -0.2182 0.0206324 0.0277491 0.498104 0.847506 -0.0775544 0.166169 0.021976
e_17_18 17 18 6 0.0125 -0.210632 0.00285418 0.0188983 0.559389 0.666694 0.491381 -0.0338788 0.021094
e_18_1 18 1 7 0.0125 -0.198497 -0.0139637 0.0144261 0.68743 0.534477 0.489247 -0.0491014 0.021971
e_1_19 1 19 1 0.0125 -0.186978 -0.0164179 0.0202068 0.898522 -0.365779 0.222949 -0.0956965 0.02
e_19_20 19 20 2 0.0125 -0.178985 -0.00229929 0.0316 0.863362 -0.476174 0.141636 -0.0883356 0.02
e_20_21 20 21 3 0.0125 -0.169741 0.012552 0.0408104 0.830728 -0.459195 0.286049 -0.131173 0.02
e_21_22 21 22 4 0.0125 -0.159048 0.0276794 0.0480438 0.799569 -0.548367 0.211949 -0.122724 0.02
e_22_4 22 4 5 0.0125 -0.147812 0.0430226 0.0538558 0.783382 -0.513438 0.316482 -0.15011 0.02
e_1_23 1 23 1 0.0125 -0.209068 -0.0163913 0.0127171 0.667613 -0.38982 -0.615964 0.151398 0.036966
e_23_24 23 24 2 0.0125 -0.236456 -0.00517615 0.012367 0.720785 -0.40848 -0.545081 0.128453 0.022468
e_24_25 24 25 3 0.0125 -0.255457 0.00434393 0.0138389 0.718453 -0.408193 -0.548149 0.129367 0.020139
e_25_3 25 3 4 0.0125 -0.274281 0.0111532 0.0129949 0.630349 -0.360688 -0.666077 0.170015 0.020428
3 27 26
3 -0.297036 -0.192812 0.0114229 0.0125
28 -0.302578 -0.175805 0.0203708 0.0125
27 -0.308082 -0.157736 0.0269465 0.0125
26 -0.311989 -0.138319 0.0297182 0.0125
25 -0.31706 -0.119104 0.0319789 0.0125
4 -0.291486 -0.0128432 0.0578097 0.0125
24 -0.303466 -0.0267742 0.049911 0.0125
23 -0.312442 -0.0437338 0.0442717 0.0125
22 -0.318831 -0.0621271 0.0397023 0.0125
21 -0.324913 -0.0809403 0.0366886 0.0125
1 -0.324641 -0.100642 0.03326 0.0125
6 0.0513097 -0.113196 0.0118584 0.0125
11 0.042305 -0.0957586 0.0189526 0.0125
10 0.0290108 -0.0813958 0.0245835 0.0125
9 0.0169152 -0.0674422 0.0324684 0.0125
2 -0.0435175 -0.0050781 0.0448876 0.0125
19 -0.287793 -0.0885467 0.0235087 0.0125
8 0.00442967 -0.0527185 0.0406413 0.0125
12 -0.0492543 -0.0361655 0.0530905 0.0125
13 -0.0570819 -0.0550021 0.0550965 0.0125
14 -0.0640529 -0.0739468 0.0570359 0.0125
5 -0.0727806 -0.0983463 0.0628805 0.0125
15 -0.207726 -0.0656009 0.0233201 0.0125
16 -0.228477 -0.0745096 0.0212926 0.0125
17 -0.248719 -0.0792897 0.0220652 0.0125
18 -0.268315 -0.0839755 0.022682 0.0125
20 -0.306389 -0.0943639 0.0280182 0.0125
e_2_8 2 8 1 0.0125 -0.0195435 -0.0288986 0.0427645 -0.609994 -0.223095 -0.693959 0.310736 0.067725
e_8_9 8 9 2 0.0125 0.0106723 -0.0600805 0.0365544 -0.550669 -0.675651 -0.488293 -0.0427782 0.020963
e_9_10 9 10 3 0.0125 0.0229629 -0.0744192 0.0285255 -0.547872 -0.685498 -0.475859 -0.0590564 0.02008
e_10_11 10 11 4 0.0125 0.0356582 -0.0885769 0.0217679 -0.600765 -0.611678 -0.513905 -0.0288745 0.020364
e_11_6 11 6 5 0.0125 0.0468071 -0.104478 0.0154057 -0.515241 -0.486193 -0.658476 0.254072 0.020868
e_2_12 2 12 1 0.0125 -0.0463862 -0.0206213 0.0489895 0.0765871 -0.05226 -0.609654 0.787226 0.032659
e_12_13 12 13 2 0.0125 -0.0531685 -0.0455835 0.0540935 0.0451169 -0.219483 -0.634754 0.739512 0.020497
e_13_14 13 14 3 0.0125 -0.0605677 -0.0644748 0.0560664 0.0306655 -0.205871 -0.640151 0.739516 0.02028
e_14_5 14 5 4 0.0125 -0.0684172 -0.0861464 0.0599578 0.0965721 -0.135999 -0.609494 0.775045 0.026564
e_2_15 2 15 1 0.0125 -0.125622 -0.0353396 0.0341034 0.243941 -0.558095 -0.499687 0.615902 0.176331
e_15_16 15 16 2 0.0125 -0.218102 -0.0700554 0.0223059 0.236715 -0.532933 -0.510566 0.631879 0.022673
e_16_17 16 17 3 0.0125 -0.238598 -0.0768995 0.0216794 0.333056 -0.524958 -0.453715 0.638464 0.020813
e_17_18 17 18 4 0.0125 -0.258517 -0.0816329 0.0223738 0.330125 -0.526795 -0.455184 0.637426 0.020158
e_18_19 18 19 5 0.0125 -0.278054 -0.0862614 0.0230955 0.33479 -0.523706 -0.452881 0.639176 0.020024
e_19_20 19 20 6 0.0125 -0.297091 -0.0914558 0.025763 0.372375 -0.434038 -0.445939 0.688539 0.02
e_20_1 20 1 7 0.0125 -0.315515 -0.0975029 0.0306391 0.37666 -0.41204 -0.446299 0.699405 0.02
e_1_21 1 21 1 0.0125 -0.324777 -0.0907908 0.0349743 0.742833 -0.626806 0.146261 0.184177 0.02
e_21_22 21 22 2 0.0125 -0.321872 -0.0715335 0.0381959 0.755387 -0.599368 0.25579 0.068702 0.02
e_22_23 22 23 3 0.0125 -0.315636 -0.0529303 0.0419874 0.779034 -0.560853 0.266816 0.0857909 0.02
e_23_24 23 24 4 0.0125 -0.307953 -0.0352542 0.0470918 0.798604 -0.508532 0.316922 0.0564558 0.02
e_24_4 24 4 5 0.0125 -0.297476 -0.0198092 0.0538599 0.834055 -0.398064 0.379556 0.0428274 0.02
e_1_25 1 25 1 0.0125 -0.32085 -0.109873 0.0326195 -0.340851 -0.095968 -0.723064 0.593118 0.02
e_25_26 25 26 2 0.0125 -0.314524 -0.128712 0.0308479 -0.318999 -0.17843 -0.724358 0.584558 0.02
e_26_27 26 27 3 0.0125 -0.310036 -0.148027 0.0283323 -0.30769 -0.215308 -0.723135 0.579694 0.02
e_27_28 27 28 4 0.0125 -0.30533 -0.166771 0.0236583 -0.431207 -0.421804 -0.697478 0.386867 0.02
e_28_3 28 3 5 0.0125 -0.299808 -0.184308 0.015897 -0.446325 -0.547535 -0.651077 0.277665 0.02
4 19 18
3 -0.0663644 0.136702 0.162152 0.0125
20 -0.0358486 0.103131 0.10113 0.0125
4 0.0370094 0.115587 0.0114668 0.0125
10 -0.15214 0.0705802 0.0765374 0.0125
5 -0.342906 0.0345462 0.0114705 0.0125
6 -0.209197 -0.0442349 0.0532389 0.0125
9 -0.330649 0.0321709 0.0451053 0.0125
2 -0.317473 0.04474 0.106588 0.0125
19 0.0242863 0.104194 0.0218754 0.0125
8 -0.289868 0.0200171 0.092055 0.0125
11 -0.129632 0.0738512 0.0731212 0.0125
12 -0.109345 0.0773089 0.0704404 0.0125
13 -0.0836916 0.0821255 0.0711407 0.0125
14 -0.0639663 0.0850218 0.0732839 0.0125
15 -0.0441773 0.087292 0.0756382 0.0125
1 -0.0263987 0.0949632 0.0806825 0.0125
18 0.00971599 0.0977569 0.03397 0.0125
16 -0.0160496 0.092687 0.0637206 0.0125
17 -0.00133648 0.0942322 0.0502612 0.0125
e_2_8 2 8 1 0.0125 -0.30367 0.0323788 0.099322 0.546559 0.684166 0.463091 0.136881 0.039806
e_8_6 8 6 2 0.0125 -0.249532 -0.0121094 0.0726471 0.556276 0.636497 0.520579 0.120114 0.110194
e_2_9 2 9 1 0.0125 -0.324061 0.038456 0.0758466 0.0925848 -0.106216 -0.983938 0.1096 0.064122
e_9_5 9 5 2 0.0125 -0.336777 0.0333589 0.0282873 0.17202 -0.40496 -0.897082 0.0407607 0.035878
e_2_10 2 10 1 0.0125 -0.234806 0.0576601 0.0915626 0.635878 -0.218216 0.735361 -0.0853536 0.170018
e_10_11 10 11 2 0.0125 -0.140885 0.0722153 0.0748296 0.647578 -0.199937 0.730956 -0.0798241 0.022999
e_11_12 11 12 3 0.0125 -0.119489 0.0755806 0.0717811 0.654814 -0.216603 0.719501 -0.0813606 0.020753
e_12_13 12 13 4 0.0125 -0.0965185 0.0797177 0.0707904 0.713629 -0.189771 0.671253 -0.0643477 0.026112
e_13_14 13 14 5 0.0125 -0.0738288 0.0835736 0.0722118 0.742341 -0.140298 0.653343 -0.0488744 0.020051
e_14_15 14 15 6 0.0125 -0.0540713 0.0861565 0.0744613 0.746228 -0.11344 0.654551 -0.0428712 0.020057
e_15_1 15 1 7 0.0125 -0.0352878 0.0911278 0.0781609 0.788784 -0.285585 0.540747 -0.0620734 0.020009
e_1_16 1 16 1 0.0125 -0.0212241 0.0938251 0.0722015 0.186117 -0.55294 0.786325 -0.203251 0.02
e_16_17 16 17 2 0.0125 -0.00869281 0.0934595 0.0569904 0.367416 -0.466718 0.786543 -0.168907 0.02
e_17_18 17 18 3 0.0125 0.00419021 0.0959946 0.0421158 0.210331 -0.85607 0.417665 -0.220139 0.02
e_18_19 18 19 4 0.0125 0.0170011 0.100975 0.0279227 0.404009 -0.670883 0.593526 -0.185526 0.02
e_19_4 19 4 5 0.0125 0.0306478 0.109891 0.0166711 0.455847 -0.778729 0.392145 -0.178906 0.02
e_1_20 1 20 1 0.0125 -0.0311239 0.099047 0.0909069 0.960372 -0.190702 -0.192205 0.0661505 0.023961
e_20_3 20 3 2 0.0125 -0.0511066 0.119917 0.131641 0.947799 -0.244206 -0.197753 0.0541742 0.076039
5 25 24
3 -0.230986 -0.0666048 0.0794717 0.0125
26 -0.211968 -0.0604272 0.0781769 0.0125
25 -0.194786 -0.0506815 0.0818946 0.0125
24 -0.177028 -0.0409867 0.0857012 0.0125
4 -0.0393859 -0.0274257 0.0907318 0.0125
23 -0.0593461 -0.0266809 0.0897051 0.0125
22 -0.0792841 -0.0267525 0.0912736 0.0125
21 -0.0989413 -0.0302438 0.0924556 0.0125
20 -0.118812 -0.0325186 0.0925446 0.0125
11 -0.220932 0.258809 0.0567414 0.0125
6 -0.291287 0.245671 0.0497532 0.0125
10 -0.260319 0.250145 0.0569497 0.0125
9 -0.235198 0.253569 0.0643551 0.0125
2 -0.146304 0.262531 0.0838153 0.0125
19 -0.137097 -0.0154567 0.094936 0.0125
8 -0.204738 0.256546 0.072368 0.0125
5 -0.237702 0.262387 0.0454606 0.0125
12 -0.147642 0.166448 0.084566 0.0125
13 -0.142877 0.109718 0.0936896 0.0125
14 -0.140218 0.0885537 0.0992235 0.0125
15 -0.139006 0.0648105 0.0986028 0.0125
16 -0.138026 0.0448165 0.0984599 0.0125
17 -0.137684 0.0247132 0.0976414 0.0125
18 -0.137318 0.00451707 0.0968585 0.0125
1 -0.138609 -0.0350761 0.0913223 0.0125
e_2_8 2 8 1 0.0125 -0.175521 0.259538 0.0780921 0.635794 0.0922275 -0.766246 -0.011271 0.059844
e_8_9 8 9 2 0.0125 -0.219968 0.255058 0.0683621 0.610892 0.0936204 -0.786053 -0.0129018 0.031637
e_9_10 9 10 3 0.0125 -0.247759 0.251857 0.0606518 0.599841 0.106779 -0.792961 0.000954458 0.026412
e_10_6 10 6 4 0.0125 -0.275803 0.247909 0.053351 0.622822 0.106892 -0.775017 0.00400042 0.032106
e_2_11 2 11 1 0.0125 -0.183618 0.26067 0.0702778 0.5734 0.0829753 -0.814523 -0.0296623 0.079475
e_11_5 11 5 2 0.0125 -0.229317 0.260597 0.0511003 0.461534 0.021585 -0.879964 -0.110382 0.020525
e_2_12 2 12 1 0.0125 -0.146973 0.214489 0.0841912 0.510028 0.499188 -0.496892 0.493742 0.096095
e_12_13 12 13 2 0.0125 -0.145259 0.138083 0.0891279 0.555583 0.509088 -0.402139 0.520039 0.057657
e_13_14 13 14 3 0.0125 -0.141547 0.0991356 0.0964566 0.592031 0.505045 -0.345504 0.524457 0.022036
e_14_15 14 15 4 0.0125 -0.139611 0.0766822 0.0989127 0.475679 0.51434 -0.49849 0.51058 0.023782
e_15_16 15 16 5 0.0125 -0.138516 0.054813 0.0985313 0.485254 0.513348 -0.489953 0.510831 0.020018
e_16_17 16 17 6 0.0125 -0.137854 0.0347644 0.0980506 0.478747 0.507407 -0.512697 0.50048 0.020124
e_17_18 17 18 7 0.0125 -0.137501 0.0146157 0.0972501 0.479329 0.507598 -0.511577 0.500876 0.020214
e_18_19 18 19 8 0.0125 -0.137207 -0.00546987 0.0958977 0.454737 0.506645 -0.539648 0.495284 0.020067
e_19_1 19 1 9 0.0125 -0.137854 -0.025266 0.0931291 0.441828 0.486045 -0.595049 0.463105 0.020007
e_1_20 1 20 1 0.0125 -0.128711 -0.0337974 0.0919334 -0.718784 0.196709 -0.656298 0.11802 0.02
e_20_21 20 21 2 0.0125 -0.108877 -0.0313812 0.0925 -0.692031 0.216071 -0.674948 0.1373 0.02
e_21_22 21 22 3 0.0125 -0.0891126 -0.0284987 0.091865 -0.672901 -0.0140092 -0.727558 -0.132921 0.02
e_22_23 22 23 4 0.0125 -0.0693146 -0.0267172 0.0904898 -0.548929 0.434113 -0.592244 0.399338 0.02
e_23_4 23 4 5 0.0125 -0.0493655 -0.0270532 0.0902185 -0.264611 0.631389 -0.275106 0.675016 0.02
e_1_24 1 24 1 0.0125 -0.157818 -0.0380308 0.0885113 0.654513 0.106279 -0.748505 0.00760057 0.039275
e_24_25 24 25 2 0.0125 -0.185907 -0.0458347 0.0837978 0.623872 0.217198 -0.738432 0.135379 0.020587
e_25_26 25 26 3 0.0125 -0.203377 -0.0555542 0.0800353 0.622557 0.222168 -0.736959 0.141264 0.0201
e_26_3 26 3 4 0.0125 -0.221477 -0.0635155 0.0788244 0.72632 0.148778 -0.667503 0.0690227 0.020038
6 25 24
3 0.18112 -0.175188 0.151033 0.0125
26 0.187682 -0.184813 0.126592 0.0125
25 0.193971 -0.19696 0.0982812 0.0125
4 0.2291 -0.284404 0.0114 0.0125
24 0.222008 -0.267489 0.0203826 0.0125
23 0.214364 -0.251119 0.0299197 0.0125
22 0.205878 -0.229673 0.0455146 0.0125
1 0.201582 -0.201167 0.0577201 0.0125
21 0.209299 -0.183119 0.0538219 0.0125
11 0.288842 0.0681004 0.0348073 0.0125
6 0.133743 0.0348448 0.012425 0.0125
10 0.152233 0.0446577 0.0124176 0.0125
9 0.17001 0.0542381 0.0127759 0.0125
2 0.275929 0.0790165 0.0125249 0.0125
19 0.22301 -0.145988 0.0471393 0.0125
8 0.197838 0.0608323 0.0146712 0.0125
12 0.298215 0.0534126 0.0536562 0.0125
5 0.309496 0.0204362 0.0842258 0.0125
13 0.266403 -0.00177085 0.0401231 0.0125
14 0.260376 -0.0453003 0.0416653 0.0125
15 0.255272 -0.0738558 0.041591 0.0125
16 0.252016 -0.0936533 0.0399789 0.0125
17 0.245154 -0.112098 0.0441163 0.0125
18 0.233284 -0.129044 0.0442437 0.0125
20 0.216142 -0.164544 0.0509536 0.0125
e_2_8 2 8 1 0.0125 0.236883 0.0699244 0.0135981 -0.696372 0.00616289 0.697555 -0.168658 0.080209
e_8_9 8 9 2 0.0125 0.183924 0.0575352 0.0137233 -0.664035 0.00402953 0.730103 -0.161219 0.028661
e_9_10 9 10 3 0.0125 0.161121 0.0494479 0.0125968 -0.582688 0.0675263 0.710139 -0.389381 0.020198
e_10_6 10 6 4 0.0125 0.142988 0.0397508 0.0124213 -0.590111 0.0676409 0.703739 -0.3898 0.020932
e_2_11 2 11 1 0.0125 0.282386 0.073559 0.0236664 0.884338 0.10447 0.301302 -0.340953 0.027972
e_11_12 11 12 2 0.0125 0.293528 0.060756 0.0442322 0.775404 0.147283 0.333394 -0.51566 0.025668
e_12_5 12 5 3 0.0125 0.303856 0.0369239 0.0689408 0.638366 0.178352 0.372146 -0.649759 0.046359
e_2_13 2 13 1 0.0125 0.271166 0.0386228 0.0263245 0.18656 0.199188 0.547435 -0.791097 0.085901
e_13_14 13 14 2 0.0125 0.263389 -0.0235356 0.0408947 0.0812949 0.172386 0.672865 -0.714792 0.043972
e_14_15 14 15 3 0.0125 0.257825 -0.059578 0.041628 0.0445953 0.168333 0.687715 -0.704786 0.029008
e_15_16 15 16 4 0.0125 0.253644 -0.083754 0.040785 0.0381809 0.159908 0.717266 -0.677127 0.020127
e_16_17 16 17 5 0.0125 0.248585 -0.102876 0.042048 -0.0419593 0.1875 0.601646 -0.77531 0.020111
e_17_18 17 18 6 0.0125 0.239219 -0.120571 0.0441804 -0.277669 0.146131 0.689621 -0.652663 0.020689
e_18_19 18 19 7 0.0125 0.228147 -0.137516 0.0456915 -0.211539 0.169197 0.631723 -0.726326 0.020026
e_19_20 19 20 8 0.0125 0.219575 -0.155265 0.0490467 -0.045054 0.185737 0.608974 -0.76982 0.02015
e_20_21 20 21 9 0.0125 0.21272 -0.173831 0.0523875 -0.05531 0.180675 0.629023 -0.754074 0.020003
e_21_1 21 1 10 0.0125 0.20544 -0.192143 0.0557703 -0.0842584 0.184387 0.607123 -0.768312 0.020012
e_1_22 1 22 1 0.0125 0.20373 -0.21542 0.0516173 0.160191 0.120204 0.82492 -0.52858 0.031306
e_22_23 22 23 2 0.0125 0.210121 -0.240396 0.0377167 0.216138 0.0900707 0.878605 -0.416202 0.027842
e_23_24 23 24 3 0.0125 0.218186 -0.259304 0.0251512 0.270807 0.0985425 0.850714 -0.43959 0.020429
e_24_4 24 4 4 0.0125 0.225553 -0.275947 0.015891 0.26284 0.103863 0.842097 -0.459348 0.020424
e_1_25 1 25 1 0.0125 0.197776 -0.199063 0.0780007 0.905337 -0.0845822 -0.0628848 0.411408 0.041482
e_25_26 25 26 2 0.0125 0.190827 -0.190886 0.112436 0.570265 -0.199142 0.100693 0.79057 0.031443
e_26_3 26 3 3 0.0125 0.184401 -0.18 0.138812 0.542572 -0.20462 0.0823154 0.810537 0.027075
7 22 21
3 0.0394496 -0.0769739 0.0788522 0.0125
23 0.0690179 -0.0915879 0.067422 0.0125
22 0.0866596 -0.0978261 0.0533622 0.0125
4 0.0449173 -0.0973836 0.0954441 0.0125
21 0.0643581 -0.101032 0.0770249 0.0125
20 0.091596 -0.105465 0.0516315 0.0125
11 -0.133673 -0.138497 0.102971 0.0125
6 -0.201932 0.0228018 0.0640187 0.0125
10 -0.179881 -0.0124625 0.0989695 0.0125
9 -0.173909 -0.0333253 0.110263 0.0125
2 -0.155106 -0.0977813 0.133892 0.0125
19 0.101542 -0.100693 0.0360977 0.0125
8 -0.164969 -0.0612236 0.121318 0.0125
5 -0.113812 -0.171147 0.0800497 0.0125
12 -0.0789362 -0.0939723 0.0888259 0.0125
13 -0.0459375 -0.0921053 0.0800989 0.0125
14 -0.0104739 -0.0894496 0.072518 0.0125
15 0.0295363 -0.0878487 0.0653832 0.0125
16 0.0488082 -0.0867621 0.0596828 0.0125
17 0.0657805 -0.0887023 0.0491713 0.0125
18 0.0841278 -0.0946869 0.0438884 0.0125
1 0.117975 -0.10889 0.0281685 0.0125
e_2_8 2 8 1 0.0125 -0.160037 -0.0795028 0.127605 0.578496 -0.805799 -0.090874 0.0881569 0.039898
e_8_9 8 9 2 0.0125 -0.169439 -0.0472751 0.115791 0.560551 -0.81445 -0.114889 0.0961943 0.031312
e_9_10 9 10 3 0.0125 -0.176895 -0.0228933 0.104616 0.513053 -0.847716 -0.11045 0.0771655 0.024463
e_10_6 10 6 4 0.0125 -0.190907 0.00516948 0.0814934 0.404646 -0.873922 -0.240696 0.120778 0.054326
e_2_11 2 11 1 0.0125 -0.144389 -0.118139 0.118431 -0.447381 -0.869592 -0.150644 -0.144796 0.055437
e_11_5 11 5 2 0.0125 -0.123742 -0.154822 0.0915104 0.0889709 -0.31056 0.81285 -0.484677 0.044563
e_2_12 2 12 1 0.0125 -0.117021 -0.095877 0.111358 0.361658 -0.62478 0.603337 -0.338878 0.088584
e_12_13 12 13 2 0.0125 -0.062437 -0.0930384 0.0844627 0.528585 -0.433973 0.662805 -0.304885 0.034184
e_13_14 13 14 3 0.0125 -0.0282059 -0.0907771 0.0763087 0.556852 -0.412031 0.65915 -0.29269 0.036363
e_14_15 14 15 4 0.0125 0.00953075 -0.0886494 0.0689506 0.57317 -0.37263 0.669971 -0.289415 0.040673
e_15_16 15 16 5 0.0125 0.0391722 -0.0873054 0.062533 0.511922 -0.453164 0.66049 -0.310372 0.020127
e_16_17 16 17 6 0.0125 0.0572951 -0.0877326 0.0544272 0.320404 -0.588904 0.644371 -0.367858 0.020058
e_17_18 17 18 7 0.0125 0.0749546 -0.0916943 0.0465299 0.502177 -0.219888 0.76398 -0.340297 0.020009
e_18_19 18 19 8 0.0125 0.0928346 -0.0976907 0.0399933 0.401176 -0.344408 0.759048 -0.379851 0.02
e_19_1 19 1 9 0.0125 0.109758 -0.104792 0.0321331 0.385059 -0.2719 0.790114 -0.391816 0.020003
e_1_20 1 20 1 0.0125 0.104785 -0.107177 0.0398996 0.828982 -0.217755 -0.349046 0.378866 0.03547
e_20_21 20 21 2 0.0125 0.0779769 -0.103249 0.0643279 0.836382 -0.220425 -0.33593 0.372867 0.037502
e_21_4 21 4 3 0.0125 0.0546378 -0.099208 0.0862338 0.839302 -0.225324 -0.329388 0.369195 0.027028
e_1_22 1 22 1 0.0125 0.102317 -0.103358 0.0407658 0.823014 -0.301572 -0.326915 0.35331 0.041687
e_22_23 22 23 2 0.0125 0.0778387 -0.0947068 0.0603928 0.821833 -0.303292 -0.328122 0.353469 0.023406
e_23_3 23 3 3 0.0125 0.0542334 -0.0842814 0.0731375 0.742102 -0.448558 -0.367525 0.336164 0.034907
8 23 22
3 0.167953 0.242548 0.011866 0.0125
24 0.149837 0.248235 0.0219691 0.0125
23 0.13122 0.253455 0.0279915 0.0125
22 0.11322 0.264404 0.0379514 0.0125
4 0.148322 0.28021 0.12527 0.0125
21 0.134608 0.277232 0.110937 0.0125
20 0.115944 0.281889 0.0921093 0.0125
11 0.0816878 -0.00685436 0.110428 0.0125
10 0.082122 -0.00404271 0.0864823 0.0125
6 0.21317 -0.0509901 0.0569301 0.0125
9 0.0752423 -0.00688735 0.0592245 0.0125
2 0.0706537 -0.00771682 0.0392698 0.0125
19 0.10478 0.288307 0.0689467 0.0125
8 0.119775 -0.023698 0.0453184 0.0125
5 0.0819423 -0.00663459 0.137564 0.0125
12 0.0940664 0.127788 0.0447427 0.0125
13 0.0999285 0.163676 0.0459095 0.0125
14 0.0988992 0.188355 0.0455696 0.0125
15 0.0987358 0.208777 0.0416674 0.0125
16 0.0997066 0.228919 0.0423792 0.0125
17 0.0974631 0.248865 0.042874 0.0125
18 0.0900735 0.267234 0.0457757 0.0125
1 0.0887697 0.287322 0.0478247 0.0125
e_2_8 2 8 1 0.0125 0.0952148 -0.0157072 0.0422937 0.640715 -0.148736 0.647862 -0.384236 0.052009
e_8_6 8 6 2 0.0125 0.166473 -0.0373437 0.0511246 0.643028 -0.165206 0.643008 -0.381789 0.097991
e_2_9 2 9 1 0.0125 0.072948 -0.00730251 0.0492469 0.988002 -0.0320167 0.109964 -0.10361 0.020492
e_9_10 9 10 2 0.0125 0.0786822 -0.00546434 0.0728533 0.985296 -0.0637961 0.116604 -0.107357 0.028256
e_10_11 10 11 3 0.0125 0.0819049 -0.00544853 0.0984554 0.997474 0.0587062 -0.00670563 -0.0394121 0.024115
e_11_5 11 5 4 0.0125 0.0818155 -0.0067445 0.123996 0.998919 -0.0042544 0.00449866 -0.0460608 0.027137
e_2_12 2 12 1 0.0125 0.08236 0.0600353 0.0420066 0.717985 -0.690734 0.0547851 -0.0662016 0.137621
e_12_13 12 13 2 0.0125 0.0969969 0.145731 0.0453262 0.715509 -0.693831 0.0506668 -0.063857 0.036382
e_13_14 13 14 3 0.0125 0.0994133 0.176015 0.0457397 0.702114 -0.7107 -0.0422632 -0.0124344 0.024702
e_14_15 14 15 4 0.0125 0.098817 0.198566 0.0436185 0.637068 -0.770096 -0.0278252 -0.017931 0.020792
e_15_16 15 16 5 0.0125 0.0992212 0.218848 0.0420238 0.718571 -0.694538 -0.00100885 -0.0356599 0.020179
e_16_17 16 17 6 0.0125 0.0985844 0.238893 0.0426266 0.715755 -0.694428 -0.0737909 0.00437284 0.020078
e_17_18 17 18 7 0.0125 0.0937689 0.258049 0.0443242 0.753692 -0.625737 -0.189608 0.0667078 0.02001
e_18_1 18 1 8 0.0125 0.0894222 0.277278 0.0467995 0.741988 -0.66838 -0.0514074 -0.00886218 0.020235
e_1_19 1 19 1 0.0125 0.0967752 0.287815 0.0583853 0.924423 -0.0892974 0.306313 -0.208905 0.026523
e_19_20 19 20 2 0.0125 0.110362 0.285098 0.080528 0.952855 0.0848012 0.236234 -0.170497 0.026502
e_20_21 20 21 3 0.0125 0.125276 0.27956 0.101523 0.886923 -0.0121894 0.38744 -0.251213 0.026916
e_21_4 21 4 4 0.0125 0.141465 0.278721 0.118103 0.897891 -0.167864 0.338476 -0.225936 0.02006
e_1_22 1 22 1 0.0125 0.100995 0.275863 0.0428881 0.390378 -0.0861134 0.796173 -0.454201 0.034936
e_22_23 22 23 2 0.0125 0.12222 0.258929 0.0329712 0.305493 -0.341936 0.7725 -0.439314 0.023304
e_23_24 23 24 3 0.0125 0.140529 0.250845 0.0249807 0.427448 -0.380418 0.70992 -0.410589 0.020252
e_24_3 24 3 4 0.0125 0.158896 0.245391 0.0169173 0.318017 -0.484688 0.707059 -0.404981 0.021508
9 23 22
3 0.0964839 -0.039211 0.0126811 0.0125
24 0.0794441 -0.0343466 0.0234459 0.0125
23 0.0611043 -0.0299583 0.0341165 0.0125
22 0.0408076 -0.0231065 0.0457366 0.0125
4 0.01317 0.070586 0.12034 0.0125
21 0.00926804 0.0557079 0.107285 0.0125
20 0.00798107 0.0267989 0.0861316 0.0125
12 -0.175966 0.0252607 0.0941455 0.0125
11 -0.189559 0.03575 0.105414 0.0125
10 -0.200219 0.044323 0.121151 0.0125
9 -0.209608 0.0577568 0.133646 0.0125
2 -0.237692 0.103849 0.173633 0.0125
19 -0.00370729 0.00224573 0.0671042 0.0125
8 -0.218228 0.0726446 0.149359 0.0125
6 -0.162826 0.0183738 0.0797995 0.0125
13 -0.26296 0.0954608 0.15721 0.0125
14 -0.294068 0.0868589 0.131148 0.0125
5 -0.314337 0.0809076 0.113959 0.0125
15 -0.129676 0.0544787 0.121159 0.0125
16 -0.0978723 0.0451919 0.112635 0.0125
17 -0.0429843 0.0252528 0.0890252 0.0125
18 -0.0237424 0.0134171 0.0777687 0.0125
1 0.014913 -0.00621318 0.0579115 0.0125
e_2_8 2 8 1 0.0125 -0.227959 0.0882464 0.161497 -0.451058 -0.568223 -0.672718 0.145326 0.044066
e_8_9 8 9 2 0.0125 -0.213918 0.0652007 0.141503 -0.402482 -0.757536 -0.513166 0.0284484 0.023299
e_9_10 9 10 3 0.0125 -0.204914 0.0510395 0.127399 -0.443669 -0.733538 -0.514858 0.000895413 0.020609
e_10_11 10 11 4 0.0125 -0.19489 0.0400365 0.113283 -0.222821 -0.936606 -0.0116089 -0.270157 0.020851
e_11_12 11 12 5 0.0125 -0.182762 0.0305058 0.0997797 -0.154346 -0.83353 0.282063 -0.449272 0.020539
e_12_6 12 6 6 0.0125 -0.169396 0.0218173 0.0869725 -0.0688238 -0.877996 0.276961 -0.384291 0.020636
e_2_13 2 13 1 0.0125 -0.250325 0.0996545 0.165422 0.150142 -0.703661 -0.517076 0.463627 0.031281
e_13_14 13 14 2 0.0125 -0.278514 0.0911592 0.144179 0.126481 -0.76085 -0.485 0.412171 0.041485
e_14_5 14 5 3 0.0125 -0.304202 0.0838826 0.122554 0.12145 -0.759183 -0.489111 0.4119 0.027234
e_2_15 2 15 1 0.0125 -0.183683 0.0791637 0.147396 0.382355 -0.299856 0.782406 -0.389528 0.129841
e_15_16 15 16 2 0.0125 -0.113774 0.0498353 0.116897 0.571361 -0.0673791 0.787433 -0.221262 0.03421
e_16_17 16 17 3 0.0125 -0.070428 0.0352224 0.10083 0.440093 -0.257805 0.787999 -0.344837 0.06299
e_17_18 17 18 4 0.0125 -0.0333634 0.0193354 0.0833975 0.237282 -0.445637 0.724166 -0.469775 0.025239
e_18_19 18 19 5 0.0125 -0.0137249 0.00783175 0.0724358 0.322335 -0.343343 0.769997 -0.430488 0.025297
e_19_1 19 1 6 0.0125 0.00560344 -0.00198367 0.0625074 0.373341 -0.316501 0.777703 -0.394489 0.022423
e_1_20 1 20 1 0.0125 0.0114473 0.0102932 0.0720214 0.785989 -0.402645 0.130571 0.450611 0.04398
e_20_21 20 21 2 0.0125 0.00862542 0.0412535 0.0967084 0.801153 -0.397479 0.216628 0.391456 0.035845
e_21_4 21 4 3 0.0125 0.0112194 0.0631463 0.113813 0.825264 -0.325189 0.265908 0.377471 0.020175
e_1_22 1 22 1 0.0125 0.0278606 -0.0146594 0.0518238 0.43467 -0.0910541 0.821523 -0.357592 0.033228
e_22_23 22 23 2 0.0125 0.050956 -0.0265324 0.0399266 0.308698 -0.483247 0.710547 -0.4078 0.024371
e_23_24 23 24 3 0.0125 0.0702747 -0.032152 0.0287814 0.323641 -0.514645 0.693817 -0.386025 0.021668
e_24_3 24 3 4 0.0125 0.0879643 -0.0367791 0.0180633 0.273338 -0.562389 0.66582 -0.407048 0.020734
10 22 21
3 0.0373233 -0.218883 0.0178753 0.0125
23 0.0222079 -0.222649 0.0304191 0.0125
22 0.00511059 -0.22206 0.0407796 0.0125
21 -0.0135178 -0.218772 0.0472742 0.0125
20 -0.0319487 -0.21844 0.0550338 0.0125
4 0.0359608 -0.207648 0.0119015 0.0125
11 -0.19723 0.0544827 0.161318 0.0125
6 -0.226256 -0.133304 0.201039 0.0125
10 -0.220502 -0.114559 0.191599 0.0125
9 -0.213391 -0.0956914 0.188543 0.0125
2 -0.193883 0.0102492 0.191506 0.0125
19 -0.0240265 -0.212986 0.0475158 0.0125
8 -0.209534 -0.0739834 0.190843 0.0125
12 -0.196889 0.0734541 0.144023 0.0125
5 -0.198033 0.0885968 0.130002 0.0125
13 -0.105188 -0.114198 0.131031 0.0125
14 -0.0948604 -0.138465 0.117041 0.0125
15 -0.0884875 -0.15689 0.106656 0.0125
16 -0.078433 -0.174111 0.09487 0.0125
17 -0.0699161 -0.188734 0.083512 0.0125
18 -0.061248 -0.203687 0.0732682 0.0125
1 -0.0508835 -0.215443 0.0607307 0.0125
e_2_8 2 8 1 0.0125 -0.201708 -0.0318672 0.191174 0.55146 0.627071 0.33265 -0.438199 0.085677
e_8_9 8 9 2 0.0125 -0.211463 -0.0848377 0.189694 0.495331 0.628621 0.395847 -0.45032 0.022167
e_9_10 9 10 3 0.0125 -0.216946 -0.105125 0.190072 0.643902 0.63952 0.126918 -0.40037 0.020393
e_10_6 10 6 4 0.0125 -0.223379 -0.123931 0.196319 0.775872 0.528627 0.0605274 -0.338988 0.021763
e_2_11 2 11 1 0.0125 -0.195557 0.0323659 0.176412 0.393907 -0.778362 0.418879 0.252052 0.053657
e_11_12 11 12 2 0.0125 -0.197059 0.0639684 0.15267 0.337897 -0.756042 0.514991 0.221383 0.025674
e_12_5 12 5 3 0.0125 -0.197461 0.0810256 0.137013 0.32222 -0.775056 0.488341 0.238717 0.020669
e_2_13 2 13 1 0.0125 -0.149535 -0.0519751 0.161268 0.441567 0.231961 0.793837 -0.347902 0.164351
e_13_14 13 14 2 0.0125 -0.100024 -0.126332 0.124036 0.353232 0.295924 0.804201 -0.375388 0.029853
e_14_15 14 15 3 0.0125 -0.0916736 -0.147677 0.111849 0.34021 0.325263 0.79327 -0.386242 0.022089
e_15_16 15 16 4 0.0125 -0.0834599 -0.1655 0.100763 0.352204 0.224982 0.838913 -0.348655 0.023164
e_16_17 16 17 5 0.0125 -0.0741746 -0.181422 0.089191 0.324291 0.203851 0.858549 -0.340842 0.020381
e_17_18 17 18 6 0.0125 -0.0655822 -0.19621 0.0783892 0.35108 0.225869 0.838991 -0.349027 0.020092
e_18_1 18 1 7 0.0125 -0.0560657 -0.209565 0.0669994 0.31808 0.0917848 0.896617 -0.294074 0.02007
e_1_19 1 19 1 0.0125 -0.037455 -0.214215 0.0541233 0.516736 -0.257422 0.808541 -0.113929 0.030033
e_19_4 19 4 2 0.0125 0.00596743 -0.210317 0.0297081 0.482996 -0.267942 0.826268 -0.110466 0.069967
e_1_20 1 20 1 0.0125 -0.0414154 -0.216941 0.0578819 0.569676 -0.121265 0.792286 -0.181786 0.02
e_20_21 20 21 2 0.0125 -0.0227329 -0.218605 0.0511541 0.534306 -0.201212 0.808401 -0.143244 0.02
e_21_22 21 22 3 0.0125 -0.00420397 -0.220417 0.0440269 0.551112 -0.119857 0.804974 -0.184193 0.02
e_22_23 22 23 4 0.0125 0.0136592 -0.222355 0.0355993 0.470856 -0.217592 0.843598 -0.138889 0.02
e_23_3 23 3 5 0.0125 0.0297653 -0.220766 0.0241478 0.426608 -0.35009 0.831283 -0.0664146 0.02
11 21 20
3 0.106675 0.083324 0.0680296 0.0125
22 0.0970366 0.085942 0.0873644 0.0125
21 0.0749731 0.0963329 0.121436 0.0125
4 0.102275 0.0990273 0.0649765 0.0125
20 0.0924455 0.101853 0.0821638 0.0125
5 -0.0927275 -0.1739 0.136834 0.0125
10 -0.0706986 -0.177038 0.128836 0.0125
6 -0.110864 -0.28229 0.0628251 0.0125
9 -0.0917593 -0.265615 0.0704918 0.0125
2 -0.00114074 -0.186957 0.0989458 0.0125
19 0.0827281 0.104803 0.0993938 0.0125
8 -0.0702956 -0.244242 0.0755359 0.0125
11 0.0419322 -0.0453786 0.122353 0.0125
12 0.0564152 0.00124809 0.129245 0.0125
13 0.0602664 0.0202038 0.136299 0.0125
14 0.0629489 0.0391843 0.14209 0.0125
15 0.0648959 0.058788 0.146758 0.0125
16 0.0616159 0.0783791 0.149149 0.0125
1 0.0552661 0.0971354 0.151955 0.0125
18 0.073388 0.102599 0.116941 0.0125
17 0.0640253 0.101823 0.134597 0.0125
e_2_8 2 8 1 0.0125 -0.0357182 -0.215599 0.0872412 0.157144 0.718629 0.331211 -0.590913 0.092801
e_8_9 8 9 2 0.0125 -0.0810281 -0.254928 0.0730138 0.295411 0.726916 0.231789 -0.574977 0.030707
e_9_6 9 6 3 0.0125 -0.101312 -0.273953 0.0666585 0.141851 0.713194 0.368862 -0.578942 0.026492
e_2_10 2 10 1 0.0125 -0.0359197 -0.181997 0.113891 0.55697 -0.458497 -0.306681 0.620896 0.076355
e_10_5 10 5 2 0.0125 -0.0817131 -0.175468 0.132835 0.496066 -0.501986 -0.280818 0.650438 0.023645
e_2_11 2 11 1 0.0125 0.0203952 -0.116167 0.11065 0.44487 -0.210263 0.614552 0.616609 0.149825
e_11_12 11 12 2 0.0125 0.0491737 -0.0220652 0.1258 0.439898 -0.206857 0.622355 0.613494 0.049308
e_12_13 12 13 3 0.0125 0.0583414 0.0107257 0.132772 0.49875 -0.251466 0.515237 0.650033 0.020589
e_13_14 13 14 4 0.0125 0.0616077 0.029694 0.139195 0.459565 -0.269471 0.53176 0.658344 0.020026
e_14_15 14 15 5 0.0125 0.0639224 0.0489865 0.144424 0.421871 -0.28027 0.553344 0.661275 0.020245
e_15_16 15 16 6 0.0125 0.0632564 0.0685832 0.147953 0.291195 -0.355615 0.56014 0.689193 0.020007
e_16_1 16 1 7 0.0125 0.0584415 0.0877574 0.150553 0.252614 -0.405879 0.514897 0.711569 0.02
e_1_17 1 17 1 0.0125 0.0596457 0.0994795 0.143276 0.194176 0.213588 0.942518 0.168334 0.02
e_17_18 17 18 2 0.0125 0.0687071 0.102211 0.125769 0.224075 0.291785 0.925342 0.0916198 0.02
e_18_19 18 19 3 0.0125 0.0780585 0.103701 0.108167 0.216374 0.263986 0.932204 0.120374 0.02
e_19_20 19 20 4 0.0125 0.0875863 0.103328 0.0907781 0.262127 0.361041 0.894647 0.0233577 0.02
e_20_4 20 4 5 0.0125 0.0973599 0.100441 0.0735705 0.263837 0.358623 0.895021 0.0267837 0.02
e_1_21 1 21 1 0.0125 0.0651201 0.0967345 0.136695 0.270935 0.313675 0.906393 0.081569 0.036338
e_21_22 21 22 2 0.0125 0.0860049 0.0911367 0.1044 0.305623 0.394783 0.866445 -0.00385502 0.041901
e_22_3 22 3 3 0.0125 0.101856 0.084633 0.077697 0.23484 0.352271 0.905612 0.0249409 0.021762
12 22 21
3 0.030862 -0.13948 0.0123263 0.0125
23 0.0232691 -0.154332 0.023362 0.0125
22 0.020387 -0.167317 0.0382981 0.0125
21 0.0230525 -0.181832 0.051796 0.0125
20 0.0279941 -0.195362 0.065671 0.0125
4 0.0977595 -0.151838 0.0265781 0.0125
11 0.186081 0.00514846 0.0510013 0.0125
10 0.207227 0.00505635 0.0640904 0.0125
6 0.189215 0.142947 0.0201962 0.0125
9 0.208554 0.0863574 0.0325621 0.0125
2 0.235024 0.0140227 0.075399 0.0125
19 0.0799671 -0.166554 0.0334688 0.0125
8 0.214743 0.0619224 0.0410475 0.0125
12 0.169716 0.0040565 0.0363891 0.0125
5 0.155308 -0.0032442 0.0216836 0.0125
13 0.126209 -0.09881 0.0790722 0.0125
14 0.110524 -0.115126 0.079411 0.0125
15 0.0919223 -0.138403 0.0780213 0.0125
16 0.0719909 -0.160081 0.0740578 0.0125
17 0.0533334 -0.183886 0.0756908 0.0125
1 0.0359129 -0.209117 0.0778409 0.0125
18 0.0634118 -0.181708 0.046094 0.0125
e_2_8 2 8 1 0.0125 0.224884 0.0379729 0.0582235 0.415612 -0.546566 -0.69051 -0.22744 0.062336
e_8_9 8 9 2 0.0125 0.211648 0.0741405 0.036805 0.547603 -0.669932 -0.459028 -0.201532 0.026597
e_9_6 9 6 3 0.0125 0.198885 0.114652 0.026379 0.595867 -0.609371 -0.479495 -0.209031 0.061067
e_2_10 2 10 1 0.0125 0.221125 0.00953983 0.0697443 0.534484 0.49482 -0.660064 -0.183834 0.031321
e_10_11 10 11 2 0.0125 0.196654 0.00510254 0.0575458 0.440737 0.366989 -0.792772 -0.206356 0.024869
e_11_12 11 12 3 0.0125 0.177899 0.00460312 0.0436949 0.363203 0.473108 -0.780233 -0.188384 0.021967
e_12_5 12 5 4 0.0125 0.162511 0.00040628 0.0290363 0.377469 0.677991 -0.613945 -0.144631 0.021844
e_2_13 2 13 1 0.0125 0.180617 -0.0423939 0.0772349 0.701402 0.588469 -0.376822 -0.140515 0.156798
e_13_14 13 14 2 0.0125 0.118366 -0.106968 0.0792409 0.698475 0.591688 -0.377376 -0.140094 0.022634
e_14_15 14 15 3 0.0125 0.101223 -0.126764 0.0787157 0.67862 0.638632 -0.33977 -0.1272 0.029829
e_15_16 15 16 4 0.0125 0.0819565 -0.149242 0.07604 0.644768 0.645441 -0.38742 -0.13261 0.029714
e_16_17 16 17 5 0.0125 0.0626622 -0.171984 0.0748743 0.714298 0.60827 -0.321024 -0.129342 0.030289
e_17_1 17 1 6 0.0125 0.0446233 -0.196501 0.0767656 0.721065 0.61819 -0.287849 -0.122677 0.030735
e_1_18 1 18 1 0.0125 0.0496619 -0.195412 0.0619681 0.421135 -0.510101 0.745859 0.0783372 0.050153
e_18_19 18 19 2 0.0125 0.0716893 -0.174131 0.0397812 0.501437 -0.505066 0.70003 0.0585409 0.025751
e_19_4 19 4 3 0.0125 0.0888632 -0.159196 0.0300239 0.596368 -0.47176 0.648394 0.0370542 0.024096
e_1_20 1 20 1 0.0125 0.0319535 -0.202239 0.0717555 0.373269 -0.415498 -0.794749 -0.237499 0.02
e_20_21 20 21 2 0.0125 0.0255228 -0.188597 0.0587335 0.317836 -0.517889 -0.76069 -0.228301 0.02
e_21_22 21 22 3 0.0125 0.0217198 -0.174574 0.0450466 0.345787 -0.687005 -0.604553 -0.207297 0.02
e_22_23 22 23 4 0.0125 0.0218286 -0.160824 0.0308296 0.338826 -0.930627 -0.0856392 -0.108608 0.02
e_23_3 23 3 5 0.0125 0.027066 -0.146906 0.0178441 0.472723 -0.804595 0.358497 -0.025286 0.02
