12
1 26 25
3 0.153491 0.244773 0.136904 0.0125
27 0.15993 0.225379 0.117554 0.0125
26 0.159311 0.200051 0.09391 0.0125
4 0.186949 0.24986 0.0114981 0.0125
25 0.185371 0.232876 0.0219417 0.0125
24 0.18229 0.216995 0.0337001 0.0125
23 0.177111 0.204839 0.048714 0.0125
22 0.168447 0.19095 0.0602046 0.0125
1 0.158653 0.174746 0.0666472 0.0125
21 0.145187 0.158652 0.0599943 0.0125
11 -0.0095759 -0.0791287 0.0486518 0.0125
6 -0.0363963 0.0805672 0.011818 0.0125
10 -0.0227871 0.0504006 0.0194004 0.0125
9 -0.0202184 0.0323342 0.0279377 0.0125
2 -0.00598722 -0.0617096 0.0395031 0.0125
19 0.114324 0.127793 0.0444544 0.0125
8 -0.0109159 -0.0211933 0.0361825 0.0125
12 -0.00868735 -0.0969559 0.0576737 0.0125
13 -0.00696119 -0.115856 0.0639824 0.0125
14 -0.00763301 -0.133007 0.0742492 0.0125
5 -0.00186526 -0.14891 0.0849174 0.0125
15 0.00727119 -0.00932426 0.0475733 0.0125
16 0.040546 0.039833 0.0548691 0.0125
17 0.0842042 0.0962122 0.0420994 0.0125
18 0.100208 0.110807 0.0398775 0.0125
20 0.133627 0.142851 0.0542635 0.0125
e_2_8 2 8 1 0.0125 -0.00845134 -0.0414517 0.0378422 0.571125 -0.662765 0.318265 0.365057 0.04095
e_8_9 8 9 2 0.0125 -0.0155677 0.00557097 0.0320601 0.586398 -0.72875 0.209614 0.284821 0.054952
e_9_10 9 10 3 0.0125 -0.0215035 0.0413672 0.0236689 0.523939 -0.841172 0.0656271 0.116661 0.020146
e_10_6 10 6 4 0.0125 -0.0295918 0.0654844 0.015609 0.620552 -0.680532 -0.385418 -0.0569507 0.033952
e_2_11 2 11 1 0.0125 -0.00778138 -0.0704184 0.0440776 0.75198 0.399625 -0.334028 0.404044 0.02
e_11_12 11 12 2 0.0125 -0.00913163 -0.0880423 0.0531628 0.721705 0.457183 -0.255812 0.452422 0.02
e_12_13 12 13 3 0.0125 -0.00782427 -0.106406 0.0608281 0.682687 0.519174 -0.269729 0.437771 0.02
e_13_14 13 14 4 0.0125 -0.00729759 -0.124431 0.0691158 0.746742 0.413227 -0.269367 0.446164 0.02
e_14_5 14 5 5 0.0125 -0.00474891 -0.140958 0.0795837 0.704973 0.463247 -0.136742 0.519343 0.02
e_2_15 2 15 1 0.0125 0.000641315 -0.0355171 0.043538 0.461143 -0.258166 0.599581 0.600999 0.054636
e_15_16 15 16 2 0.0125 0.0239086 0.0152544 0.0512212 0.340643 0.0812338 0.657576 0.667051 0.059808
e_16_17 16 17 3 0.0125 0.0623751 0.0680226 0.0484843 0.127271 0.33996 0.687431 0.629021 0.072441
e_17_18 17 18 4 0.0125 0.0922062 0.103509 0.0409887 0.182028 0.392009 0.630369 0.644849 0.021772
e_18_19 18 19 5 0.0125 0.107266 0.1193 0.0421657 0.376462 0.117056 0.620359 0.678033 0.022555
e_19_20 19 20 6 0.0125 0.123976 0.135322 0.0493588 0.455026 0.179851 0.530742 0.692039 0.026374
e_20_21 20 21 7 0.0125 0.139407 0.150751 0.0571289 0.430891 0.037735 0.598425 0.674385 0.020399
e_21_1 21 1 8 0.0125 0.15192 0.166698 0.0633206 0.433825 0.0760611 0.585753 0.68037 0.022014
e_1_22 1 22 1 0.0125 0.16355 0.182847 0.0634255 0.00710206 0.41204 0.700921 0.582135 0.02
e_22_23 22 23 2 0.0125 0.172779 0.197894 0.0544592 -0.194066 0.742762 0.485342 0.418434 0.02
e_23_24 23 24 3 0.0125 0.1797 0.210917 0.0412071 -0.301106 0.925563 0.136683 0.184352 0.02
e_24_25 24 25 4 0.0125 0.183831 0.224935 0.0278209 -0.353748 0.788056 0.415867 0.284403 0.02
e_25_4 25 4 5 0.0125 0.18616 0.241369 0.0167199 -0.337922 0.658884 0.5718 0.353165 0.02
e_1_26 1 26 1 0.0125 0.158982 0.187399 0.0802786 0.757073 -0.291665 0.220297 0.541518 0.037203
e_26_27 26 27 2 0.0125 0.15962 0.212716 0.105732 0.742931 -0.317055 0.241511 0.537775 0.034654
e_27_3 27 3 3 0.0125 0.15671 0.235076 0.12723 0.802459 -0.388292 0.0737564 0.447044 0.028142
2 21 20
3 0.0496551 0.0614438 0.119068 0.0125
22 0.0474684 0.0450854 0.105869 0.0125
21 0.0429122 0.0179062 0.0779542 0.0125
4 0.0364985 -0.10381 0.0287229 0.0125
20 0.0375466 -0.0829217 0.0318027 0.0125
6 0.40716 0.16878 0.217187 0.0125
11 0.382852 0.160903 0.203575 0.0125
10 0.36277 0.161497 0.187071 0.0125
9 0.346226 0.160611 0.173886 0.0125
2 0.28763 0.142986 0.133284 0.0125
19 0.0393935 -0.0601906 0.0348002 0.0125
8 0.31845 0.148056 0.154018 0.0125
12 0.30857 0.179666 0.178446 0.0125
5 0.328608 0.20652 0.196722 0.0125
13 0.244965 0.121124 0.125779 0.0125
14 0.129488 0.0294628 0.0767072 0.0125
15 0.104737 0.0177443 0.0636335 0.0125
16 0.0859841 0.00706841 0.0583576 0.0125
17 0.066424 -0.00318359 0.0537618 0.0125
1 0.0468936 -0.00619929 0.046738 0.0125
18 0.041271 -0.0393097 0.0386902 0.0125
e_2_8 2 8 1 0.0125 0.30304 0.145521 0.143652 0.826476 0.0898619 0.464103 0.30573 0.03749
e_8_9 8 9 2 0.0125 0.332338 0.154334 0.163953 0.808485 -0.00984302 0.476322 0.345504 0.036385
e_9_10 9 10 3 0.0125 0.354498 0.161054 0.180479 0.849491 0.12231 0.416774 0.299507 0.021173
e_10_11 10 11 4 0.0125 0.372812 0.1612 0.195322 0.856425 0.148845 0.400577 0.28969 0.026
e_11_6 11 6 5 0.0125 0.395006 0.164841 0.210381 0.795697 0.035097 0.513503 0.319295 0.028951
e_2_12 2 12 1 0.0125 0.298101 0.161326 0.155865 0.821046 -0.195921 0.310536 0.437111 0.061834
e_12_5 12 5 2 0.0125 0.31859 0.193093 0.187584 0.752232 -0.209989 0.465268 0.416626 0.038166
e_2_13 2 13 1 0.0125 0.266297 0.132055 0.129532 0.62273 0.137653 -0.74725 0.186753 0.048524
e_13_14 13 14 2 0.0125 0.187226 0.0752936 0.101243 0.584882 0.507009 -0.633126 -0.00251722 0.155385
e_14_15 14 15 3 0.0125 0.117113 0.0236037 0.0701707 0.51787 0.167817 -0.829 0.128093 0.030346
e_15_16 15 16 4 0.0125 0.0953609 0.0124067 0.0609952 0.602715 0.231443 -0.751799 0.134042 0.022215
e_16_17 16 17 5 0.0125 0.0762043 0.00194322 0.0560599 0.60818 0.164094 -0.758246 0.168091 0.022557
e_17_1 17 1 6 0.0125 0.0566596 -0.00469138 0.0502498 0.432336 -0.440827 -0.687836 0.381628 0.020973
e_1_18 1 18 1 0.0125 0.0440823 -0.0227545 0.0427141 0.607897 0.784964 0.0185858 -0.118099 0.034535
e_18_19 18 19 2 0.0125 0.0403328 -0.0497497 0.0367452 0.631554 0.767207 0.0512233 -0.0995489 0.021322
e_19_20 19 20 3 0.0125 0.0384695 -0.0715566 0.0333014 0.654238 0.751016 0.0334724 -0.0826304 0.023003
e_20_4 20 4 4 0.0125 0.037022 -0.0933658 0.0302632 0.64781 0.754278 0.0625567 -0.0865662 0.02114
e_1_21 1 21 1 0.0125 0.0449029 0.00585344 0.0623461 0.812814 -0.303651 0.118567 0.482775 0.039641
e_21_22 21 22 2 0.0125 0.0451902 0.0314964 0.0919112 0.796306 -0.290405 0.244652 0.470858 0.039226
e_22_3 22 3 3 0.0125 0.0485621 0.0532647 0.112469 0.763997 -0.333562 0.276473 0.478129 0.021133
3 25 24
3 0.00876928 -0.07433 0.0162067 0.0125
26 0.0241533 -0.0491662 0.016366 0.0125
25 0.0429367 -0.0071314 0.0134181 0.0125
4 -0.0228754 -0.0503541 0.0114852 0.0125
24 -0.00689524 -0.0384858 0.013427 0.0125
23 0.00834487 -0.0258143 0.0161082 0.0125
22 0.0237797 -0.0130988 0.0163616 0.0125
21 0.0366161 0.00213167 0.0145573 0.0125
1 0.051017 0.0158372 0.012376 0.0125
12 0.220943 0.250767 0.09826 0.0125
11 0.235318 0.234703 0.0829798 0.0125
10 0.247244 0.222628 0.0716665 0.0125
9 0.260639 0.212167 0.0575769 0.0125
2 0.291612 0.192023 0.0114955 0.0125
19 0.0890434 0.0341089 0.0191068 0.0125
8 0.273872 0.200437 0.0398391 0.0125
6 0.210469 0.261842 0.113532 0.0125
13 0.280968 0.176913 0.0191374 0.0125
14 0.27065 0.160313 0.0233775 0.0125
15 0.261346 0.142637 0.024389 0.0125
16 0.251556 0.125299 0.0262661 0.0125
5 0.244295 0.106702 0.0250721 0.0125
17 0.168195 0.0937545 0.0137836 0.0125
18 0.124868 0.0591785 0.0149099 0.0125
20 0.0696117 0.025849 0.017126 0.0125
e_2_8 2 8 1 0.0125 0.282742 0.19623 0.0256675 0.635176 0.116108 -0.27478 -0.712437 0.03448
e_8_9 8 9 2 0.0125 0.267256 0.206302 0.0487072 0.670325 0.0129856 -0.381762 -0.636202 0.025046
e_9_10 9 10 3 0.0125 0.253941 0.217397 0.0646218 0.707526 0.00440908 -0.425285 -0.564377 0.022077
e_10_11 10 11 4 0.0125 0.241281 0.228665 0.0773228 0.697634 -0.0629143 -0.467667 -0.539108 0.020397
e_11_12 11 12 5 0.0125 0.22813 0.242735 0.0906197 0.68205 -0.0665391 -0.454344 -0.569168 0.026423
e_12_6 12 6 6 0.0125 0.215706 0.256305 0.105895 0.652699 -0.0102547 -0.382111 -0.654117 0.021577
e_2_13 2 13 1 0.0125 0.286291 0.184468 0.0153166 -0.808841 -0.516038 0.206566 0.191861 0.02
e_13_14 13 14 2 0.0125 0.275809 0.168613 0.021257 -0.644351 -0.627198 -0.0248351 0.436826 0.02
e_14_15 14 15 3 0.0125 0.265998 0.151476 0.023883 -0.581895 -0.680807 -0.105829 0.432088 0.02
e_15_16 15 16 4 0.0125 0.256451 0.133969 0.0253277 -0.585174 -0.666165 -0.0965078 0.452197 0.02
e_16_5 16 5 5 0.0125 0.247925 0.116001 0.0256687 -0.593487 -0.719469 -0.110457 0.343419 0.02
e_2_17 2 17 1 0.0125 0.229904 0.14289 0.0126396 0.0911031 -0.488706 -0.503901 0.706364 0.157777
e_17_18 17 18 2 0.0125 0.146532 0.0764668 0.0143465 0.0915431 -0.486581 -0.503073 0.708362 0.055444
e_18_19 18 19 3 0.0125 0.106956 0.0466434 0.0170079 0.250827 -0.387707 -0.549467 0.696316 0.043926
e_19_20 19 20 4 0.0125 0.0793272 0.0299792 0.0181163 0.387572 -0.389882 -0.628236 0.550545 0.021207
e_20_1 20 1 5 0.0125 0.0603148 0.0208431 0.0147516 0.227986 -0.505032 -0.595535 0.581638 0.021646
e_1_21 1 21 1 0.0125 0.0438166 0.00898473 0.013467 -0.0580426 -0.517878 -0.421046 0.742397 0.02
e_21_22 21 22 2 0.0125 0.0301976 -0.00548358 0.01546 -0.296661 -0.605227 -0.297616 0.676104 0.02
e_22_23 22 23 3 0.0125 0.0160627 -0.0194568 0.016235 0.0524157 -0.513932 -0.492163 0.700644 0.02
e_23_24 23 24 4 0.0125 0.000724818 -0.0321501 0.0147676 0.0163006 -0.566921 -0.495613 0.657801 0.02
e_24_4 24 4 5 0.0125 -0.0148853 -0.04442 0.0124561 0.102687 -0.520092 -0.527302 0.664013 0.02
e_1_25 1 25 1 0.0125 0.0469769 0.00435234 0.0128974 -0.67357 -0.691506 -0.0209664 0.260159 0.024372
e_25_26 25 26 2 0.0125 0.0335451 -0.0281494 0.0148924 -0.64229 -0.6823 -0.050143 0.345567 0.046134
e_26_3 26 3 3 0.0125 0.016461 -0.0617484 0.0162866 -0.477005 -0.681559 -0.195399 0.519387 0.029494
4 26 25
3 0.119479 -0.102984 0.0114701 0.0125
27 0.12375 -0.123323 0.0167383 0.0125
26 0.123813 -0.143436 0.0183825 0.0125
25 0.129102 -0.164513 0.0257457 0.0125
4 0.150044 -0.240183 0.121396 0.0125
24 0.152661 -0.232853 0.100305 0.0125
23 0.150315 -0.223037 0.0811051 0.0125
22 0.143948 -0.211585 0.0586761 0.0125
1 0.136414 -0.198427 0.0329615 0.0125
21 0.136896 -0.17876 0.0366518 0.0125
11 0.134318 0.0729849 0.0386659 0.0125
6 0.22625 0.13314 0.135543 0.0125
10 0.212102 0.129594 0.118763 0.0125
9 0.200713 0.127224 0.0998362 0.0125
2 0.12265 0.0962946 0.036152 0.0125
19 0.138023 -0.136452 0.0437637 0.0125
8 0.170318 0.117063 0.0726863 0.0125
12 0.148074 0.0435765 0.0396147 0.0125
13 0.161048 0.0267714 0.0380525 0.0125
5 0.172579 0.0103768 0.0379463 0.0125
14 0.132277 0.0432874 0.0486082 0.0125
15 0.129501 0.00332956 0.0520342 0.0125
16 0.134086 -0.0627133 0.0519064 0.0125
17 0.135795 -0.0896931 0.0538015 0.0125
18 0.139066 -0.116897 0.0489244 0.0125
20 0.13606 -0.157223 0.0388146 0.0125
e_2_8 2 8 1 0.0125 0.146484 0.10668 0.054419 0.887295 -0.178106 0.425237 0.0126617 0.063547
e_8_9 8 9 2 0.0125 0.185515 0.122144 0.0862608 0.906703 -0.14768 0.393698 -0.0328987 0.042003
e_9_10 9 10 3 0.0125 0.206407 0.128409 0.109299 0.946379 -0.102734 0.251942 -0.174179 0.022216
e_10_6 10 6 4 0.0125 0.219176 0.131368 0.127153 0.930999 -0.121989 0.328252 -0.103008 0.022234
e_2_11 2 11 1 0.0125 0.128484 0.0846393 0.0374087 0.711242 0.494174 0.455843 -0.205266 0.026188
e_11_12 11 12 2 0.0125 0.141196 0.0582809 0.0391406 0.687885 0.521417 0.46209 -0.203497 0.03248
e_12_13 12 13 3 0.0125 0.15456 0.0351738 0.0388333 0.669726 0.4906 0.544054 -0.121592 0.021288
e_13_5 13 5 4 0.0125 0.166813 0.0185746 0.0379997 0.69008 0.483353 0.518673 -0.145387 0.020044
e_2_14 2 14 1 0.0125 0.127463 0.069791 0.0423801 0.720761 0.520545 0.341179 -0.305176 0.055295
e_14_15 14 15 2 0.0125 0.130889 0.0233083 0.0503209 0.644612 0.613085 0.285501 -0.3565 0.040201
e_15_16 15 16 3 0.0125 0.131793 -0.0296913 0.0519706 0.636459 0.614888 0.35054 -0.306519 0.066201
e_16_17 16 17 4 0.0125 0.13494 -0.0762031 0.0528543 0.65871 0.594182 0.334635 -0.317911 0.0271
e_17_18 17 18 5 0.0125 0.13743 -0.103295 0.0513625 0.584083 0.654216 0.399533 -0.266875 0.027831
e_18_19 18 19 6 0.0125 0.138545 -0.126675 0.0463442 0.530491 0.708267 0.354619 -0.301964 0.020252
e_19_20 19 20 7 0.0125 0.137042 -0.146838 0.0412892 0.532992 0.708961 0.335835 -0.317032 0.021443
e_20_21 20 21 8 0.0125 0.136478 -0.167992 0.0377336 0.599493 0.64925 0.358326 -0.301139 0.021661
e_21_1 21 1 9 0.0125 0.136655 -0.188594 0.0348066 0.560646 0.684425 0.351768 -0.305773 0.020016
e_1_22 1 22 1 0.0125 0.140181 -0.205007 0.0458185 0.908558 0.171171 0.200011 -0.324373 0.029852
e_22_23 22 23 2 0.0125 0.147131 -0.217311 0.0698909 0.908227 0.171861 0.196797 -0.326893 0.025975
e_23_24 23 24 3 0.0125 0.151488 -0.227945 0.0907049 0.896435 0.193806 0.140919 -0.372807 0.021692
e_24_4 24 4 4 0.0125 0.151353 -0.236518 0.110851 0.879091 0.174493 0.0217405 -0.443034 0.022481
e_1_25 1 25 1 0.0125 0.132758 -0.18147 0.0293537 0.0444698 0.109642 -0.767983 -0.629447 0.035436
e_25_26 25 26 2 0.0125 0.126457 -0.153974 0.0220642 -0.560778 0.812336 -0.0238112 -0.15834 0.022944
e_26_27 26 27 3 0.0125 0.123781 -0.133379 0.0175604 0.634504 -0.689303 0.256138 0.238032 0.02018
e_27_3 27 3 4 0.0125 0.121615 -0.113154 0.0141039 -0.486011 0.710377 -0.343833 -0.375414 0.02144
5 26 25
3 -0.0529745 -0.286093 0.0852274 0.0125
27 -0.0362014 -0.276889 0.071054 0.0125
26 -0.0213336 -0.267478 0.0557402 0.0125
25 -0.0106795 -0.260245 0.0394078 0.0125
4 -0.0232138 -0.161025 0.0303369 0.0125
24 -0.0156455 -0.178008 0.0229682 0.0125
23 -0.00784144 -0.196138 0.0197407 0.0125
22 -0.00050958 -0.214349 0.0159176 0.0125
21 0.00552913 -0.233311 0.0179122 0.0125
1 0.0103502 -0.252663 0.0164213 0.0125
12 0.277051 0.0352095 0.0191669 0.0125
11 0.265268 0.0210163 0.0276254 0.0125
10 0.250407 0.0106851 0.0399949 0.0125
9 0.236331 -0.000427909 0.0530068 0.0125
2 0.206006 -0.0433195 0.0896159 0.0125
19 0.0294557 -0.221979 0.0338673 0.0125
8 0.216586 -0.0269897 0.0725255 0.0125
6 0.287385 0.0522136 0.0115504 0.0125
13 0.219105 -0.0604847 0.102407 0.0125
14 0.227954 -0.0761216 0.111803 0.0125
15 0.242761 -0.101658 0.127642 0.0125
5 0.256531 -0.115005 0.136508 0.0125
16 0.161902 -0.106705 0.0746886 0.0125
17 0.130872 -0.137018 0.0690699 0.0125
18 0.0446849 -0.206197 0.043897 0.0125
20 0.0202497 -0.237588 0.025224 0.0125
e_2_8 2 8 1 0.0125 0.211295 -0.0351545 0.0810702 0.103497 0.28758 0.864446 0.399148 0.025898
e_8_9 8 9 2 0.0125 0.226458 -0.0137091 0.0627658 0.160026 0.265512 0.826734 0.469475 0.038424
e_9_10 9 10 3 0.0125 0.243369 0.00512874 0.0465005 0.233087 0.316927 0.832577 0.389926 0.022157
e_10_11 10 11 4 0.0125 0.257838 0.0158506 0.0338107 0.259912 0.322059 0.823648 0.387721 0.021922
e_11_12 11 12 5 0.0125 0.271159 0.0281127 0.023397 0.201593 0.256991 0.801478 0.500948 0.020294
e_12_6 12 6 6 0.0125 0.282217 0.0437115 0.0153586 0.152183 0.223093 0.793076 0.545985 0.021306
e_2_13 2 13 1 0.0125 0.212556 -0.0519023 0.0960121 0.868703 0.398371 0.294044 0.0139028 0.025097
e_13_14 13 14 2 0.0125 0.22353 -0.0683033 0.107105 0.851624 0.424808 0.296328 -0.0803974 0.020276
e_14_15 14 15 3 0.0125 0.235357 -0.0888894 0.119723 0.855211 0.42142 0.293285 -0.0707386 0.033499
e_15_5 15 5 4 0.0125 0.249647 -0.108332 0.132074 0.840226 0.402362 0.358166 0.061988 0.021128
e_2_16 2 16 1 0.0125 0.183953 -0.0750128 0.0821519 0.0496958 0.488615 0.596786 -0.634534 0.07865
e_16_17 16 17 2 0.0125 0.146387 -0.121862 0.0718793 -0.102782 0.449028 0.602161 -0.652083 0.043741
e_17_18 17 18 3 0.0125 0.0877782 -0.171608 0.0564842 -0.196608 0.424269 0.656537 -0.591862 0.113347
e_18_19 18 19 4 0.0125 0.0370706 -0.214088 0.0388825 -0.105011 0.455484 0.707447 -0.530118 0.024116
e_19_20 19 20 5 0.0125 0.0248533 -0.229784 0.0295454 0.0488332 0.494508 0.686084 -0.531381 0.020077
e_20_1 20 1 6 0.0125 0.0153002 -0.245125 0.0208223 0.0164787 0.487364 0.694117 -0.529535 0.020069
e_1_21 1 21 1 0.0125 0.00793936 -0.242987 0.0171666 -0.190478 0.0127219 0.68011 0.707818 0.02
e_21_22 21 22 2 0.0125 0.00250969 -0.22383 0.0169156 -0.245666 0.0493443 0.73989 0.624321 0.02
e_22_23 22 23 3 0.0125 -0.00417576 -0.205244 0.0178288 -0.250317 -0.0333182 0.63508 0.730003 0.02
e_23_24 23 24 4 0.0125 -0.0117437 -0.187073 0.0213536 -0.270159 -0.0285556 0.646901 0.712543 0.02
e_24_4 24 4 5 0.0125 -0.0194299 -0.169517 0.0266527 -0.223146 -0.0817859 0.555958 0.796509 0.02
e_1_25 1 25 1 0.0125 -0.000164939 -0.256454 0.0279142 0.699836 -0.135575 -0.350964 0.607184 0.032065
e_25_26 25 26 2 0.0125 -0.016007 -0.263861 0.0475746 0.941931 0.204583 -0.25595 -0.0734907 0.020798
e_26_27 26 27 3 0.0125 -0.0287675 -0.272184 0.0633971 0.400112 0.411971 0.0451415 -0.817406 0.023326
e_27_3 27 3 4 0.0125 -0.0445874 -0.281491 0.0781407 -0.0518087 0.38116 0.238908 -0.891603 0.02381
6 26 25
3 0.218187 0.154679 0.0746451 0.0125
27 0.211104 0.151692 0.0931081 0.0125
26 0.199656 0.152402 0.109491 0.0125
25 0.187621 0.150547 0.125357 0.0125
24 0.177957 0.149584 0.142841 0.0125
4 0.101885 0.184679 0.101919 0.0125
23 0.113594 0.17245 0.116622 0.0125
22 0.131735 0.161492 0.136602 0.0125
21 0.149464 0.154391 0.151614 0.0125
1 0.171052 0.150171 0.161602 0.0125
11 0.258816 -0.0740786 0.0190449 0.0125
6 0.354735 -0.202809 0.0391518 0.0125
10 0.345085 -0.182365 0.0266201 0.0125
9 0.336697 -0.163048 0.0223381 0.0125
2 0.276474 -0.0807934 0.0124794 0.0125
19 0.194442 0.107541 0.150282 0.0125
8 0.313593 -0.127448 0.0207696 0.0125
12 0.239572 -0.0687001 0.0199024 0.0125
13 0.22061 -0.065502 0.0253976 0.0125
14 0.202287 -0.0583075 0.0289415 0.0125
5 0.186793 -0.0473509 0.0352573 0.0125
15 0.253407 -0.0226387 0.0635585 0.0125
16 0.239332 0.00787417 0.0948628 0.0125
17 0.217481 0.0594437 0.121619 0.0125
18 0.203812 0.090251 0.135783 0.0125
20 0.181911 0.131654 0.15942 0.0125
e_2_8 2 8 1 0.0125 0.295033 -0.10412 0.0166242 0.558092 0.105218 0.648128 -0.507339 0.060193
e_8_9 8 9 2 0.0125 0.325145 -0.145248 0.0215535 0.497955 0.129677 0.681702 -0.520103 0.042469
e_9_10 9 10 3 0.0125 0.340891 -0.172707 0.024479 0.528822 0.212263 0.596073 -0.565676 0.02149
e_10_6 10 6 4 0.0125 0.349909 -0.192587 0.0328852 0.6578 0.210471 0.461844 -0.556508 0.025848
e_2_11 2 11 1 0.0125 0.267644 -0.0774364 0.0157624 0.794451 -0.321515 -0.482173 0.181617 0.02
e_11_12 11 12 2 0.0125 0.249193 -0.0713901 0.0194736 0.603699 -0.52125 -0.454835 0.396197 0.02
e_12_13 12 13 3 0.0125 0.230091 -0.0671014 0.0226496 0.792895 -0.168903 -0.577989 0.0933657 0.02
e_13_14 13 14 4 0.0125 0.211449 -0.0619044 0.02717 0.702063 -0.455271 -0.45182 0.309345 0.02
e_14_5 14 5 5 0.0125 0.19454 -0.0528295 0.0320991 0.767264 -0.47433 -0.342229 0.263053 0.02
e_2_15 2 15 1 0.0125 0.26494 -0.0517162 0.0380196 0.899291 -0.411806 -0.119149 0.0865693 0.080766
e_15_16 15 16 2 0.0125 0.24637 -0.00738232 0.0792113 0.915109 -0.372178 -0.14375 0.0582666 0.045925
e_16_17 16 17 3 0.0125 0.228407 0.0336582 0.108241 0.823514 -0.525647 -0.0903859 0.193263 0.062071
e_17_18 17 18 4 0.0125 0.210646 0.0748473 0.128701 0.804681 -0.546655 -0.086271 0.214976 0.036559
e_18_19 18 19 5 0.0125 0.199127 0.0988956 0.143033 0.885232 -0.420664 -0.162283 0.114328 0.024433
e_19_20 19 20 6 0.0125 0.188177 0.119598 0.154851 0.771705 -0.575923 -0.0946487 0.252637 0.02867
e_20_1 20 1 7 0.0125 0.176481 0.140913 0.160511 0.657859 -0.669578 -0.0332116 0.343196 0.021576
e_1_21 1 21 1 0.0125 0.160258 0.152281 0.156607 -0.141245 -0.754424 0.370911 0.522799 0.024157
e_21_22 21 22 2 0.0125 0.1406 0.157942 0.144108 -0.114149 -0.718624 0.540878 0.4219 0.024293
e_22_23 22 23 3 0.0125 0.122665 0.166972 0.126613 -0.048592 -0.721761 0.567496 0.393254 0.029126
e_23_4 23 4 4 0.0125 0.107739 0.178565 0.109271 0.0932573 -0.760868 0.498927 0.404297 0.022424
e_1_24 1 24 1 0.0125 0.174504 0.149877 0.152221 0.156303 -0.376788 0.909426 -0.0808936 0.02
e_24_25 24 25 2 0.0125 0.182789 0.150065 0.134099 0.237709 -0.398165 0.882362 -0.0799753 0.02
e_25_26 25 26 3 0.0125 0.193638 0.151475 0.117425 0.30849 -0.402053 0.857311 -0.0905775 0.02
e_26_27 26 27 4 0.0125 0.20538 0.152047 0.1013 0.271799 -0.353638 0.88574 -0.12857 0.02
e_27_3 27 3 5 0.0125 0.214646 0.153185 0.0838763 0.195337 -0.453781 0.869292 -0.0160645 0.02
7 19 18
3 -0.0456497 -0.193629 0.0896895 0.0125
20 -0.0144993 -0.234215 0.141143 0.0125
4 -0.00110417 -0.177843 0.0905924 0.0125
10 -0.0694179 -0.0817806 0.0671448 0.0125
5 -0.100507 -0.00633595 0.105082 0.0125
6 -0.0984025 0.0874086 0.122526 0.0125
9 -0.0911116 -0.0107457 0.0873026 0.0125
2 -0.0635984 -0.00839041 0.0128459 0.0125
19 -9.94039e-05 -0.224548 0.134411 0.0125
8 -0.0902165 0.0548397 0.0827672 0.0125
11 -0.0639579 -0.106843 0.0825318 0.0125
12 -0.0496013 -0.138425 0.0924344 0.0125
13 -0.0411806 -0.1559 0.097507 0.0125
14 -0.0304406 -0.174548 0.102641 0.0125
15 -0.0246634 -0.191059 0.112805 0.0125
16 -0.0201176 -0.208932 0.120752 0.0125
17 -0.015961 -0.22527 0.131569 0.0125
18 -0.00868885 -0.238098 0.145103 0.0125
1 -0.00177492 -0.250773 0.158944 0.0125
e_2_8 2 8 1 0.0125 -0.0769074 0.0232249 0.0478069 0.911963 -0.368663 -0.0847793 0.158821 0.097957
e_8_6 8 6 2 0.0125 -0.0943102 0.0711243 0.102646 0.920791 -0.343149 -0.0165755 0.18471 0.052043
e_2_9 2 9 1 0.0125 -0.077355 -0.00956833 0.0500738 0.89488 -0.0595891 -0.166288 0.409862 0.079412
e_9_5 9 5 2 0.0125 -0.0958092 -0.00854084 0.0961925 0.912197 -0.182173 -0.187069 0.315776 0.020588
e_2_10 2 10 1 0.0125 -0.0665077 -0.045085 0.0399956 0.661191 0.30893 -0.328294 0.599677 0.091478
e_10_11 10 11 2 0.0125 -0.0666879 -0.0943119 0.0748383 0.588378 0.402813 -0.28379 0.641106 0.029912
e_11_12 11 12 3 0.0125 -0.0567789 -0.122635 0.0874827 0.446891 0.513485 -0.314798 0.661456 0.036078
e_12_13 12 13 4 0.0125 -0.0453907 -0.147163 0.0949709 0.433032 0.523278 -0.315705 0.662566 0.02005
e_13_14 13 14 5 0.0125 -0.0358106 -0.165224 0.100074 0.410641 0.544495 -0.295829 0.668868 0.022124
e_14_15 14 15 6 0.0125 -0.0275513 -0.182804 0.107723 0.567257 0.432684 -0.248134 0.655312 0.020231
e_15_16 15 16 7 0.0125 -0.0223902 -0.199996 0.116778 0.530597 0.442995 -0.325407 0.645239 0.020081
e_16_17 16 17 8 0.0125 -0.0180393 -0.217101 0.12616 0.595647 0.402299 -0.261027 0.64438 0.020031
e_17_18 17 18 9 0.0125 -0.0123252 -0.231684 0.138336 0.640494 0.386682 -0.111266 0.654113 0.020015
e_18_1 18 1 10 0.0125 -0.00523146 -0.244435 0.152023 0.650249 0.37645 -0.110809 0.650526 0.02
e_1_19 1 19 1 0.0125 -0.000937582 -0.23766 0.146678 0.210188 -0.532478 -0.746776 -0.338547 0.035949
e_19_4 19 4 2 0.0125 -0.000601527 -0.201196 0.112502 0.234838 -0.526202 -0.751782 -0.320603 0.064051
e_1_20 1 20 1 0.0125 -0.00813755 -0.242494 0.150043 0.383658 -0.436418 -0.796181 -0.168649 0.02744
e_20_3 20 3 2 0.0125 -0.0300744 -0.213922 0.115415 0.342382 -0.410442 -0.828307 -0.167987 0.07256
8 21 20
3 -0.0157611 -0.118725 0.0121605 0.0125
22 0.00966969 -0.122565 0.0173923 0.0125
4 0.121228 -0.219806 0.0111773 0.0125
21 0.10739 -0.199577 0.0181388 0.0125
20 0.0951519 -0.166182 0.0286599 0.0125
11 -0.210544 -0.273129 0.0349163 0.0125
6 -0.0864169 -0.227598 0.16477 0.0125
10 -0.124068 -0.251011 0.117676 0.0125
9 -0.137041 -0.26139 0.102765 0.0125
2 -0.168571 -0.288514 0.0554772 0.0125
19 0.0580342 -0.136044 0.0495425 0.0125
8 -0.149667 -0.273226 0.0827837 0.0125
5 -0.255189 -0.264253 0.0123762 0.0125
12 -0.152465 -0.27529 0.0573376 0.0125
13 -0.0976916 -0.223493 0.0576591 0.0125
14 -0.0366881 -0.17811 0.0690021 0.0125
15 -0.016286 -0.169123 0.0681571 0.0125
16 0.0031194 -0.162119 0.0632365 0.0125
17 0.0204006 -0.1521 0.0592952 0.0125
18 0.0392939 -0.140547 0.0553943 0.0125
1 0.0773123 -0.136658 0.043191 0.0125
e_2_8 2 8 1 0.0125 -0.159119 -0.28087 0.0691304 -0.0245588 -0.270644 -0.230911 -0.934253 0.036561
e_8_9 8 9 2 0.0125 -0.143354 -0.267308 0.0927747 -0.00108628 -0.254608 -0.23922 -0.936988 0.026434
e_9_10 9 10 3 0.0125 -0.130554 -0.256201 0.11022 -0.132503 -0.277881 -0.298038 -0.903548 0.022324
e_10_6 10 6 4 0.0125 -0.105243 -0.239305 0.141223 -0.0670337 -0.298251 -0.216777 -0.927125 0.064681
e_2_11 2 11 1 0.0125 -0.189557 -0.280822 0.0451966 0.345758 0.421158 -0.729078 -0.414153 0.049206
e_11_5 11 5 2 0.0125 -0.232867 -0.268691 0.0236466 0.381828 0.454842 -0.717634 -0.363768 0.050794
e_2_12 2 12 1 0.0125 -0.160518 -0.281902 0.0564078 -0.481458 -0.115829 -0.664919 -0.559164 0.020922
e_12_13 12 13 2 0.0125 -0.125079 -0.249391 0.0574986 -0.459803 -0.0754961 -0.701545 -0.539181 0.075387
e_13_14 13 14 3 0.0125 -0.06719 -0.200801 0.063331 -0.492754 -0.144334 -0.636705 -0.575298 0.076875
e_14_15 14 15 4 0.0125 -0.0264871 -0.173617 0.0685796 -0.609232 -0.0600319 -0.717863 -0.331519 0.02231
e_15_16 15 16 5 0.0125 -0.00658351 -0.165621 0.0656972 -0.595066 0.0498347 -0.783272 -0.172909 0.021209
e_16_17 16 17 6 0.0125 0.0117596 -0.15711 0.0612656 -0.552817 0.00854947 -0.772479 -0.312404 0.02036
e_17_18 17 18 7 0.0125 0.0298466 -0.146324 0.0573446 -0.547375 -0.00243158 -0.765975 -0.337131 0.022488
e_18_19 18 19 8 0.0125 0.0486641 -0.138295 0.0524684 -0.592279 0.104332 -0.796481 -0.0627544 0.020142
e_19_1 19 1 9 0.0125 0.0676727 -0.13635 0.0463669 -0.561169 0.209319 -0.782674 0.1694 0.020307
e_1_20 1 20 1 0.0125 0.0862327 -0.15142 0.0359253 0.158681 0.617332 -0.55947 0.529825 0.037431
e_20_21 20 21 2 0.0125 0.101271 -0.18288 0.0233996 0.33299 0.647598 -0.471647 0.497276 0.03709
e_21_4 21 4 3 0.0125 0.114309 -0.209692 0.0146574 0.165237 0.613713 -0.509861 0.579737 0.025479
e_1_22 1 22 1 0.0125 0.0434912 -0.129611 0.0302923 0.408445 0.44114 -0.693028 -0.397846 0.073754
e_22_3 22 3 2 0.0125 -0.0030453 -0.120645 0.0147766 0.466628 0.431839 -0.642806 -0.427287 0.026246
9 22 21
3 0.0125576 0.110673 0.0114692 0.0125
23 0.0346267 0.109412 0.0257671 0.0125
4 0.180234 0.124317 0.114953 0.0125
22 0.150903 0.11908 0.100561 0.0125
1 0.0892841 0.114263 0.0749289 0.0125
21 0.0990332 0.0983819 0.0822015 0.0125
11 0.153014 -0.187165 0.0796544 0.0125
6 0.112701 -0.0409443 0.15366 0.0125
10 0.120851 -0.0767342 0.13091 0.0125
9 0.126565 -0.107299 0.113669 0.0125
2 0.142701 -0.172762 0.093372 0.0125
19 0.103805 0.0615508 0.0971616 0.0125
8 0.134307 -0.142771 0.0971478 0.0125
12 0.173805 -0.212023 0.064548 0.0125
13 0.184696 -0.22583 0.0538263 0.0125
5 0.198712 -0.238705 0.0443877 0.0125
14 0.133072 -0.141854 0.093663 0.0125
15 0.11071 -0.0309776 0.091565 0.0125
16 0.105489 -0.0101048 0.0902771 0.0125
17 0.102652 0.0218246 0.0954707 0.0125
18 0.104734 0.0415866 0.0989693 0.0125
20 0.10297 0.0805815 0.0906191 0.0125
e_2_8 2 8 1 0.0125 0.138504 -0.157767 0.0952592 0.642383 -0.456424 -0.481146 -0.384084 0.031371
e_8_9 8 9 2 0.0125 0.130436 -0.125035 0.105409 0.723981 -0.39654 -0.368326 -0.427718 0.03989
e_9_10 9 10 3 0.0125 0.123708 -0.0920168 0.122289 0.7414 -0.381713 -0.334422 -0.43907 0.035554
e_10_6 10 6 4 0.0125 0.116777 -0.0588389 0.142285 0.757383 -0.357259 -0.330083 -0.43564 0.043185
e_2_11 2 11 1 0.0125 0.147857 -0.179964 0.0865136 -0.439543 -0.75957 -0.478728 -0.0259736 0.022404
e_11_12 11 12 2 0.0125 0.163408 -0.199594 0.0721011 0.289687 -0.106954 0.83655 -0.452577 0.035755
e_12_13 12 13 3 0.0125 0.17925 -0.218927 0.0591868 0.0258956 -0.503065 0.712186 -0.488923 0.020597
e_13_5 13 5 4 0.0125 0.191704 -0.232268 0.0491066 0.104787 -0.499055 0.687808 -0.516607 0.021244
e_2_14 2 14 1 0.0125 0.137887 -0.157308 0.0935168 0.610515 -0.470679 -0.523423 -0.362989 0.032374
e_14_15 14 15 2 0.0125 0.121891 -0.0864158 0.0926136 0.58819 -0.510742 -0.498411 -0.380475 0.113128
e_15_16 15 16 3 0.0125 0.108099 -0.0205406 0.0909209 0.580487 -0.503835 -0.52538 -0.364913 0.021555
e_16_17 16 17 4 0.0125 0.10407 0.00585962 0.0928739 0.631614 -0.503363 -0.40823 -0.425485 0.032473
e_17_18 17 18 5 0.0125 0.103693 0.0317056 0.09722 0.610384 -0.550186 -0.332573 -0.462734 0.020177
e_18_19 18 19 6 0.0125 0.10427 0.0515687 0.0980655 0.542662 -0.572935 -0.465602 -0.400596 0.020067
e_19_20 19 20 7 0.0125 0.103387 0.0710667 0.0938899 0.455803 -0.615764 -0.532224 -0.3603 0.020141
e_20_21 20 21 8 0.0125 0.101002 0.0894822 0.0864098 0.44335 -0.573238 -0.61724 -0.306357 0.02008
e_21_1 21 1 9 0.0125 0.094158 0.106323 0.0785655 0.507319 -0.443958 -0.696197 -0.246657 0.020004
e_1_22 1 22 1 0.0125 0.120093 0.116672 0.0877449 0.576215 -0.429224 0.352453 -0.599599 0.066911
e_22_4 22 4 2 0.0125 0.165568 0.121699 0.107757 0.599158 -0.435952 0.304091 -0.598735 0.033089
e_1_23 1 23 1 0.0125 0.0619548 0.111837 0.0503476 0.402944 -0.061161 -0.91099 0.0631907 0.073674
e_23_3 23 3 2 0.0125 0.0235913 0.110043 0.018618 0.477819 -0.0712845 -0.875485 0.01155 0.026326
10 28 27
3 -0.136632 -0.265608 0.16174 0.0125
29 -0.119366 -0.260184 0.170253 0.0125
28 -0.10098 -0.254894 0.176082 0.0125
27 -0.0851438 -0.244639 0.18272 0.0125
26 -0.0715349 -0.236158 0.194672 0.0125
4 -0.120802 -0.303314 0.212797 0.0125
25 -0.106446 -0.288836 0.210704 0.0125
24 -0.0937402 -0.272617 0.211386 0.0125
23 -0.0786363 -0.254527 0.211679 0.0125
1 -0.0574101 -0.226988 0.205461 0.0125
22 -0.0627717 -0.210225 0.195768 0.0125
21 -0.0678382 -0.192371 0.188129 0.0125
11 -0.118028 0.000891736 0.047238 0.0125
6 -0.0628539 0.14157 0.011471 0.0125
10 -0.0731586 0.120289 0.0212511 0.0125
9 -0.0844173 0.0984871 0.0236769 0.0125
2 -0.112287 0.00314356 0.0282123 0.0125
19 -0.0755727 -0.159323 0.167358 0.0125
8 -0.106168 0.0367468 0.0253597 0.0125
12 -0.121449 -0.0064174 0.0655377 0.0125
13 -0.121721 -0.0191688 0.0809425 0.0125
14 -0.121865 -0.0331816 0.0952125 0.0125
5 -0.122932 -0.0470877 0.109547 0.0125
15 -0.0904235 -0.106594 0.108892 0.0125
16 -0.0845783 -0.122615 0.120276 0.0125
17 -0.0806016 -0.138136 0.133783 0.0125
18 -0.0782325 -0.14791 0.151107 0.0125
20 -0.0739601 -0.174934 0.180089 0.0125
e_2_8 2 8 1 0.0125 -0.109228 0.0199452 0.026786 -0.298141 0.200469 -0.708112 -0.607866 0.034274
e_8_9 8 9 2 0.0125 -0.0952927 0.0676164 0.0245187 -0.697214 0.685727 -0.206467 0.0322802 0.065481
e_9_10 9 10 3 0.0125 -0.0787886 0.109388 0.0224638 -0.67077 0.67278 -0.310749 0.0295118 0.024657
e_10_6 10 6 4 0.0125 -0.068007 0.130929 0.0163608 -0.4744 0.44991 -0.699068 -0.289534 0.025588
e_2_11 2 11 1 0.0125 -0.115157 0.00201807 0.037725 0.393 -0.110618 -0.110089 0.906198 0.02
e_11_12 11 12 2 0.0125 -0.119738 -0.0027624 0.0563877 0.316488 -0.0223326 -0.204987 0.925914 0.02
e_12_13 12 13 3 0.0125 -0.121585 -0.0127931 0.0732401 0.225724 0.0742966 -0.330682 0.913333 0.02
e_13_14 13 14 4 0.0125 -0.121793 -0.0261756 0.088077 0.215921 0.0844956 -0.368941 0.900067 0.02
e_14_5 14 5 5 0.0125 -0.122399 -0.0401351 0.10238 0.233901 0.0668777 -0.370356 0.896468 0.02
e_2_15 2 15 1 0.0125 -0.101355 -0.0517251 0.0685522 0.139126 0.157762 -0.427414 0.879245 0.137948
e_15_16 15 16 2 0.0125 -0.0875003 -0.114605 0.114584 0.0878128 0.204954 -0.424737 0.877429 0.020505
e_16_17 16 17 3 0.0125 -0.0825898 -0.130376 0.127029 0.133157 0.163448 -0.38861 0.89696 0.020955
e_17_18 17 18 4 0.0125 -0.0794177 -0.143023 0.142445 0.18642 0.108873 -0.236068 0.947452 0.020032
e_18_19 18 19 5 0.0125 -0.0769023 -0.153617 0.159232 0.173576 0.123177 -0.281548 0.935644 0.020036
e_19_20 19 20 6 0.0125 -0.0747666 -0.167128 0.173723 0.17342 0.12556 -0.411405 0.885949 0.020208
e_20_21 20 21 7 0.0125 -0.0708996 -0.183653 0.184109 0.0666105 0.222204 -0.501135 0.833698 0.020154
e_21_22 21 22 8 0.0125 -0.0653053 -0.201299 0.19195 0.0844171 0.205547 -0.517152 0.826546 0.020069
e_22_1 22 1 9 0.0125 -0.0600905 -0.218607 0.200614 0.0882729 0.203835 -0.466088 0.8564 0.020092
e_1_23 1 23 1 0.0125 -0.068023 -0.240757 0.208571 0.374332 -0.0938217 -0.634956 0.669257 0.035321
e_23_24 23 24 2 0.0125 -0.0861883 -0.263573 0.211533 0.369692 -0.100424 -0.704385 0.597566 0.023569
e_24_25 24 25 3 0.0125 -0.100093 -0.280727 0.211045 0.357931 -0.0887522 -0.713197 0.59612 0.020614
e_25_4 25 4 4 0.0125 -0.113624 -0.296075 0.21175 0.406481 -0.134257 -0.656449 0.621146 0.020496
e_1_26 1 26 1 0.0125 -0.0644723 -0.231573 0.200067 0.355145 -0.141353 -0.86588 0.322712 0.02
e_26_27 26 27 2 0.0125 -0.0783393 -0.240399 0.188696 0.340762 -0.134114 -0.883641 0.291674 0.02
e_27_28 27 28 3 0.0125 -0.0930627 -0.249767 0.179401 0.406823 -0.174321 -0.797228 0.410531 0.02
e_28_29 28 29 4 0.0125 -0.110173 -0.257539 0.173167 0.484072 -0.268644 -0.757321 0.346367 0.02
e_29_3 29 3 5 0.0125 -0.127999 -0.262896 0.165997 0.44501 -0.238652 -0.809862 0.298553 0.02
11 21 20
3 -0.144089 0.0948943 0.0211606 0.0125
22 -0.150733 0.0829657 0.0357958 0.0125
21 -0.155276 0.0686142 0.0505055 0.0125
20 -0.158045 0.055288 0.0659884 0.0125
4 -0.190612 0.0777937 0.0117603 0.0125
11 -0.00834426 -0.181412 0.135323 0.0125
10 -0.00838008 -0.193669 0.151128 0.0125
6 -0.0415308 -0.0630896 0.143476 0.0125
9 -0.0331939 -0.0976858 0.149704 0.0125
2 -0.00536584 -0.20685 0.165865 0.0125
19 -0.182105 0.0613115 0.0272118 0.0125
8 -0.0274266 -0.121098 0.15474 0.0125
12 -0.0107323 -0.165945 0.122871 0.0125
13 -0.00694478 -0.149495 0.112145 0.0125
5 -0.0085918 -0.132188 0.102258 0.0125
14 -0.111043 -0.0372061 0.143583 0.0125
15 -0.132807 -0.00919051 0.128201 0.0125
16 -0.144252 0.00522618 0.120148 0.0125
17 -0.153879 0.0162397 0.106431 0.0125
1 -0.162299 0.0277272 0.0922732 0.0125
18 -0.170128 0.0410308 0.0653187 0.0125
e_2_8 2 8 1 0.0125 -0.0163964 -0.163974 0.160302 0.653053 -0.74677 -0.0683052 0.105786 0.08924
e_8_9 8 9 2 0.0125 -0.03031 -0.109392 0.152222 0.622908 -0.773283 -0.0654599 0.0986627 0.024632
e_9_6 9 6 3 0.0125 -0.0373624 -0.0803874 0.14659 0.634524 -0.763685 -0.0544756 0.105816 0.036128
e_2_10 2 10 1 0.0125 -0.00687296 -0.200259 0.158497 0.316031 -0.689598 -0.626819 -0.177983 0.02
e_10_11 10 11 2 0.0125 -0.00836262 -0.187541 0.143226 -0.145957 0.428839 0.843324 0.289132 0.02
e_11_12 11 12 3 0.0125 -0.00953893 -0.173679 0.129098 0.425715 -0.899724 0.0423747 0.0864214 0.02
e_12_13 12 13 4 0.0125 -0.00883919 -0.15772 0.117508 0.344137 -0.472916 0.737912 0.336758 0.02
e_13_5 13 5 5 0.0125 -0.00776805 -0.140841 0.107202 0.478964 -0.844582 0.183975 0.153061 0.02
e_2_14 2 14 1 0.0125 -0.0582043 -0.122028 0.154724 0.666718 -0.626896 -0.402988 -0.00947272 0.201105
e_14_15 14 15 2 0.0125 -0.121925 -0.0231976 0.135892 0.533052 -0.519628 -0.654894 -0.130215 0.038667
e_15_16 15 16 3 0.0125 -0.13853 -0.00198214 0.124175 0.530639 -0.507911 -0.665171 -0.13415 0.020092
e_16_17 16 17 4 0.0125 -0.149065 0.0107328 0.11329 0.294214 -0.105387 -0.911543 -0.267247 0.020053
e_17_1 17 1 5 0.0125 -0.158089 0.0219831 0.0993518 0.267654 -0.127411 -0.914464 -0.27547 0.020084
e_1_18 1 18 1 0.0125 -0.166214 0.0343793 0.0787963 -0.0533713 0.65231 -0.713009 -0.251518 0.031061
e_18_19 18 19 2 0.0125 -0.176116 0.0511717 0.0462656 -0.0255143 0.564328 -0.779005 -0.272092 0.044799
e_19_4 19 4 3 0.0125 -0.186359 0.0695531 0.0194859 0.37232 -0.507133 -0.750228 -0.203349 0.02414
e_1_20 1 20 1 0.0125 -0.160172 0.0415076 0.0791301 0.180256 -0.287979 0.871788 0.352933 0.038322
e_20_21 20 21 2 0.0125 -0.156661 0.0619508 0.0582467 0.0293598 0.113477 0.928789 0.351586 0.020615
e_21_22 21 22 3 0.0125 -0.153005 0.0757905 0.0431504 0.125217 -0.0203037 0.921431 0.367252 0.021047
e_22_3 22 3 4 0.0125 -0.147411 0.0889298 0.0284774 0.0834656 0.255805 0.894517 0.356982 0.020016
12 25 24
3 0.35587 -0.250679 0.0724552 0.0125
26 0.33794 -0.244759 0.0607734 0.0125
25 0.322693 -0.238186 0.0488643 0.0125
24 0.306315 -0.228903 0.0417153 0.0125
4 0.376185 -0.222309 0.0114929 0.0125
23 0.350858 -0.220087 0.015101 0.0125
22 0.309484 -0.215251 0.0210818 0.0125
1 0.277848 -0.211077 0.0256634 0.0125
21 0.267269 -0.196333 0.0340817 0.0125
12 0.207987 0.00830448 0.183751 0.0125
11 0.188789 0.00942269 0.178005 0.0125
10 0.171034 0.00919429 0.167728 0.0125
9 0.150334 0.0089025 0.155686 0.0125
2 0.0978303 0.00339408 0.117794 0.0125
19 0.245635 -0.168884 0.0544368 0.0125
8 0.132802 0.00869217 0.145956 0.0125
6 0.224536 0.00457198 0.194714 0.0125
13 0.0830519 -0.043803 0.11238 0.0125
14 0.0717919 -0.0683977 0.1068 0.0125
5 0.0653287 -0.0884854 0.0986294 0.0125
15 0.171192 -0.0877269 0.104797 0.0125
16 0.191856 -0.109243 0.0959945 0.0125
17 0.212868 -0.129581 0.0843045 0.0125
18 0.233628 -0.154242 0.0652089 0.0125
20 0.25654 -0.18269 0.0441758 0.0125
e_2_8 2 8 1 0.0125 0.115316 0.00604313 0.131875 0.896892 -0.0248332 0.433532 0.0837813 0.045213
e_8_9 8 9 2 0.0125 0.141568 0.00879791 0.150822 0.858701 0.036745 0.50596 0.072714 0.020052
e_9_10 9 10 3 0.0125 0.160684 0.00904867 0.161708 0.863934 0.0336728 0.497475 0.0707347 0.023949
e_10_11 10 11 4 0.0125 0.179911 0.00930928 0.172866 0.863414 0.0343423 0.49834 0.0706619 0.020516
e_11_12 11 12 5 0.0125 0.198388 0.00886359 0.180878 0.798393 0.0907826 0.590439 0.0755555 0.020071
e_12_6 12 6 6 0.0125 0.216261 0.00643813 0.189233 0.878274 0.105457 0.466384 0.000500225 0.020199
e_2_13 2 13 1 0.0125 0.0904408 -0.0202048 0.115087 0.49352 0.675158 0.313961 -0.449475 0.049752
e_13_14 13 14 2 0.0125 0.0774221 -0.0561007 0.10959 0.422226 0.711195 0.308561 -0.469805 0.027619
e_14_5 14 5 3 0.0125 0.0685605 -0.0784412 0.102715 0.378147 0.713207 0.414592 -0.420064 0.022629
e_2_15 2 15 1 0.0125 0.134511 -0.042166 0.111295 0.645022 0.442566 0.599455 -0.169516 0.117702
e_15_16 15 16 2 0.0125 0.181524 -0.098485 0.100396 0.584151 0.441825 0.668048 -0.131418 0.031104
e_16_17 16 17 3 0.0125 0.202362 -0.119412 0.0901496 0.549002 0.44288 0.699614 -0.113995 0.031493
e_17_18 17 18 4 0.0125 0.223249 -0.141912 0.0747568 0.47698 0.4901 0.717379 -0.132888 0.037467
e_18_19 18 19 5 0.0125 0.239632 -0.161563 0.0598228 0.483406 0.492099 0.710684 -0.138148 0.021785
e_19_20 19 20 6 0.0125 0.251088 -0.175787 0.0493063 0.477274 0.498259 0.709683 -0.142472 0.020367
e_20_21 20 21 7 0.0125 0.261905 -0.189511 0.0391289 0.477612 0.498764 0.70895 -0.143218 0.020078
e_21_1 21 1 8 0.0125 0.272558 -0.203705 0.0298728 0.51247 0.502196 0.676903 -0.164245 0.020004
e_1_22 1 22 1 0.0125 0.293665 -0.213164 0.0233732 0.650019 0.18969 0.731494 0.080064 0.032238
e_22_23 22 23 2 0.0125 0.330171 -0.217669 0.018091 0.649412 0.184277 0.732872 0.084882 0.042084
e_23_4 23 4 3 0.0125 0.363521 -0.221198 0.0132969 0.648754 0.173395 0.734968 0.0942059 0.025679
e_1_24 1 24 1 0.0125 0.292081 -0.21999 0.0336893 0.841336 0.234477 0.478988 -0.0880036 0.037226
e_24_25 24 25 2 0.0125 0.314504 -0.233543 0.0452899 0.820073 0.236496 0.516282 -0.0707382 0.020138
e_25_26 25 26 3 0.0125 0.330317 -0.241472 0.0548189 0.887943 0.154868 0.429672 -0.0543662 0.020433
e_26_3 26 3 4 0.0125 0.346905 -0.247719 0.066614 0.873189 0.1394 0.46636 -0.0248353 0.022203
