12
1 26 25
3 0.0893587 -0.237759 0.0943513 0.0125
27 0.09263 -0.22217 0.0803273 0.0125
26 0.0986123 -0.20665 0.0662748 0.0125
25 0.104172 -0.188563 0.0511048 0.0125
4 0.0194318 -0.127096 0.0263913 0.0125
24 0.0378032 -0.134547 0.0237525 0.0125
23 0.0555952 -0.142891 0.0274709 0.0125
22 0.0747368 -0.148673 0.0270461 0.0125
21 0.0929577 -0.156803 0.0256713 0.0125
1 0.110981 -0.16384 0.0307323 0.0125
11 0.312009 0.0501506 0.022369 0.0125
10 0.324867 0.0358418 0.016898 0.0125
6 0.387592 -0.0332786 0.141463 0.0125
9 0.379104 -0.0225106 0.125311 0.0125
2 0.339873 0.0235475 0.0120323 0.0125
19 0.137362 -0.127584 0.0301229 0.0125
8 0.369513 -0.013854 0.108356 0.0125
12 0.2986 0.0649384 0.0236096 0.0125
13 0.283064 0.077347 0.0257583 0.0125
5 0.271186 0.0933024 0.0236727 0.0125
14 0.232068 -0.0549724 0.0146008 0.0125
15 0.209014 -0.0718983 0.0180015 0.0125
16 0.185625 -0.0866582 0.0244933 0.0125
17 0.167456 -0.0962139 0.0273018 0.0125
18 0.151975 -0.112442 0.0286193 0.0125
20 0.124195 -0.144424 0.0280611 0.0125
e_2_8 2 8 1 0.0125 0.354693 0.00484702 0.0601935 -0.565917 0.0113756 -0.227691 0.792316 0.107497
e_8_9 8 9 2 0.0125 0.374308 -0.0181819 0.116834 0.288603 0.291427 -0.131806 0.902444 0.021317
e_9_6 9 6 3 0.0125 0.383348 -0.0278948 0.133386 0.657902 0.341951 -0.0435338 0.669581 0.021186
e_2_10 2 10 1 0.0125 0.33237 0.0296945 0.0144645 -0.788402 0.384936 0.479772 0.00806994 0.02
e_10_11 10 11 2 0.0125 0.318438 0.0429955 0.0196338 -0.792032 0.39585 0.45446 0.0972366 0.02
e_11_12 11 12 3 0.0125 0.305305 0.0575441 0.0229889 -0.724695 0.45634 0.510627 0.0763645 0.02
e_12_13 12 13 4 0.0125 0.290833 0.0711423 0.0246836 -0.744067 0.423314 0.516803 -0.00919656 0.02
e_13_5 13 5 5 0.0125 0.277125 0.0853247 0.0247155 -0.659456 0.511869 0.538646 0.113878 0.02
e_2_14 2 14 1 0.0125 0.28597 -0.0157129 0.0133163 -0.313468 0.327517 0.618956 -0.641376 0.133394
e_14_15 14 15 2 0.0125 0.220541 -0.0634356 0.0163016 -0.348342 0.29056 0.597111 -0.661583 0.028801
e_15_16 15 16 3 0.0125 0.19732 -0.0792778 0.0212477 -0.437153 0.251048 0.568079 -0.650506 0.028409
e_16_17 16 17 4 0.0125 0.17654 -0.0914361 0.0258977 -0.443312 0.290479 0.589796 -0.609293 0.02072
e_17_18 17 18 5 0.0125 0.159716 -0.104328 0.0279605 -0.208073 0.3118 0.611105 -0.697164 0.022467
e_18_19 18 19 6 0.0125 0.144669 -0.120014 0.0293707 -0.216627 0.306871 0.608444 -0.69907 0.021097
e_19_20 19 20 7 0.0125 0.130779 -0.136004 0.0290915 -0.090893 0.37296 0.639457 -0.666133 0.021475
e_20_1 20 1 8 0.0125 0.117588 -0.154132 0.0293967 -0.102602 0.295386 0.596863 -0.738901 0.023637
e_1_21 1 21 1 0.0125 0.10197 -0.160322 0.0282022 -0.585185 0.488199 0.623039 -0.176189 0.02
e_21_22 21 22 2 0.0125 0.083847 -0.152738 0.026358 -0.714787 0.402429 0.551081 -0.153102 0.02
e_22_23 22 23 3 0.0125 0.0651659 -0.145781 0.0272581 -0.67887 0.401209 0.573063 -0.223083 0.02
e_23_24 23 24 4 0.0125 0.0466988 -0.138719 0.0256118 -0.621328 0.476734 0.604722 -0.14487 0.02
e_24_4 24 4 5 0.0125 0.028617 -0.130822 0.025072 -0.732802 0.379301 0.538665 -0.170214 0.02
e_1_25 1 25 1 0.0125 0.107577 -0.176201 0.0409184 -0.132814 0.0523712 0.431541 -0.890724 0.032751
e_25_26 25 26 2 0.0125 0.101392 -0.197606 0.0586898 -0.168698 0.0474934 0.430109 -0.885602 0.024253
e_26_27 26 27 3 0.0125 0.0956207 -0.21441 0.0733012 -0.265648 0.0297424 0.420049 -0.86724 0.021775
e_27_3 27 3 4 0.0125 0.0909942 -0.229964 0.0873389 -0.129379 0.0264785 0.410967 -0.902035 0.021222
2 21 20
3 -0.222171 0.0802915 0.0206445 0.0125
22 -0.227867 0.0366002 0.0135303 0.0125
4 -0.169551 0.0247098 0.0718704 0.0125
21 -0.183349 0.0145366 0.0615547 0.0125
20 -0.197388 0.00454107 0.05132 0.0125
6 -0.530223 0.177108 0.252493 0.0125
11 -0.511169 0.171785 0.248998 0.0125
10 -0.492201 0.166175 0.245996 0.0125
9 -0.47294 0.156924 0.243342 0.0125
2 -0.399405 0.116206 0.220309 0.0125
19 -0.212582 -0.00413118 0.0385837 0.0125
8 -0.429367 0.14106 0.229901 0.0125
12 -0.377327 0.130822 0.200747 0.0125
13 -0.366107 0.137741 0.183998 0.0125
14 -0.358435 0.142201 0.162617 0.0125
5 -0.354252 0.1503 0.141919 0.0125
15 -0.370408 0.100467 0.175298 0.0125
16 -0.268597 0.022425 0.0639003 0.0125
17 -0.256344 0.00801492 0.0490192 0.0125
18 -0.24556 -0.00550717 0.0279088 0.0125
1 -0.235748 -0.0181664 0.0114931 0.0125
e_2_8 2 8 1 0.0125 -0.414386 0.128633 0.225105 0.545102 0.0697762 -0.612787 -0.56788 0.040092
e_8_9 8 9 2 0.0125 -0.451154 0.148992 0.236621 0.52291 0.292558 -0.524612 -0.604778 0.048281
e_9_10 9 10 3 0.0125 -0.482571 0.161549 0.244669 0.529175 0.220206 -0.624408 -0.530658 0.021531
e_10_11 10 11 4 0.0125 -0.501686 0.16898 0.247497 0.513562 0.334736 -0.559378 -0.557945 0.020006
e_11_6 11 6 5 0.0125 -0.520696 0.174446 0.250746 0.512147 0.344741 -0.542364 -0.569824 0.020089
e_2_12 2 12 1 0.0125 -0.388367 0.123514 0.210528 0.228247 -0.891539 -0.047641 -0.388318 0.03292
e_12_13 12 13 2 0.0125 -0.371718 0.134282 0.192373 0.165113 -0.944672 -0.0223701 -0.282546 0.021314
e_13_14 13 14 3 0.0125 -0.362272 0.139971 0.173307 0.0984371 -0.980718 0.00123727 -0.168819 0.02315
e_14_5 14 5 4 0.0125 -0.356344 0.14625 0.152268 0.16073 -0.95931 -0.193159 -0.128766 0.022616
e_2_15 2 15 1 0.0125 -0.384906 0.108337 0.197804 -0.0113646 -0.851301 0.422556 -0.310813 0.055808
e_15_16 15 16 2 0.0125 -0.319502 0.0614462 0.1196 -0.00945491 -0.734537 0.536925 -0.414821 0.169898
e_16_17 16 17 3 0.0125 -0.26247 0.0152201 0.0564601 -0.0398895 -0.642851 0.629205 -0.435033 0.024067
e_17_18 17 18 4 0.0125 -0.250952 0.00125434 0.0384645 -0.0746155 -0.735767 0.58772 -0.328124 0.027292
e_18_1 18 1 5 0.0125 -0.240654 -0.0118374 0.0197011 -0.0671728 -0.688798 0.61922 -0.370961 0.022935
e_1_19 1 19 1 0.0125 -0.224164 -0.0111486 0.0250388 0.42744 -0.381861 -0.0243716 -0.819075 0.038308
e_19_20 19 20 2 0.0125 -0.204985 0.000204617 0.0449517 0.411317 -0.453225 -0.0176567 -0.790628 0.021639
e_20_21 20 21 3 0.0125 -0.190368 0.00953851 0.0564372 0.415747 -0.491113 -0.0591812 -0.76319 0.020043
e_21_4 21 4 4 0.0125 -0.17645 0.0196233 0.066713 0.418511 -0.487746 -0.0656509 -0.76331 0.020009
e_1_22 1 22 1 0.0125 -0.231807 0.00921709 0.0125116 0.473046 -0.525816 -0.452904 -0.542792 0.055368
e_22_3 22 3 2 0.0125 -0.225019 0.0584457 0.0170871 0.487802 -0.476224 -0.439903 -0.58459 0.044632
3 20 19
3 0.181756 -0.207077 0.0114869 0.0125
21 0.200432 -0.198302 0.0140162 0.0125
20 0.219201 -0.19268 0.02267 0.0125
19 0.23705 -0.187417 0.0309025 0.0125
10 0.0734945 -0.207704 0.0310351 0.0125
5 -0.0925636 -0.265101 0.0139731 0.0125
6 -0.0267262 -0.0936246 0.114289 0.0125
9 -0.0560184 -0.230817 0.0131612 0.0125
2 -0.015837 -0.201303 0.0115012 0.0125
8 -0.0270442 -0.145364 0.0585504 0.0125
11 0.130817 -0.21039 0.0423728 0.0125
12 0.154794 -0.212407 0.0470422 0.0125
13 0.176389 -0.20854 0.0497515 0.0125
14 0.198081 -0.207505 0.049375 0.0125
15 0.21807 -0.20743 0.04592 0.0125
16 0.236172 -0.201614 0.0394876 0.0125
17 0.254998 -0.192266 0.0378065 0.0125
1 0.273176 -0.184122 0.0401773 0.0125
18 0.299695 -0.161759 0.0526871 0.0125
4 0.351599 -0.139342 0.0807596 0.0125
e_2_8 2 8 1 0.0125 -0.0214413 -0.173333 0.0350261 0.381496 -0.100405 -0.414483 -0.820112 0.073949
e_8_6 8 6 2 0.0125 -0.0268848 -0.119494 0.0864198 0.476311 -0.188931 -0.312823 -0.799734 0.076051
e_2_9 2 9 1 0.0125 -0.0359274 -0.21606 0.012331 0.564073 0.670276 -0.18463 -0.445493 0.049883
e_9_5 9 5 2 0.0125 -0.0742903 -0.247959 0.013567 0.58433 0.686312 -0.144496 -0.408234 0.050117
e_2_10 2 10 1 0.0125 0.0288285 -0.204503 0.0212684 0.755476 0.195495 0.596013 0.189222 0.091666
e_10_11 10 11 2 0.0125 0.102156 -0.209047 0.036704 0.7443 0.198705 0.603001 0.207183 0.058495
e_11_12 11 12 3 0.0125 0.142805 -0.211398 0.0447075 0.743179 0.221673 0.596312 0.207265 0.02451
e_12_13 12 13 4 0.0125 0.165591 -0.210473 0.048397 0.695135 0.134781 0.648513 0.279378 0.022106
e_13_14 13 14 5 0.0125 0.187235 -0.208022 0.0495634 0.579135 0.373293 0.607709 0.394898 0.02172
e_14_15 14 15 6 0.0125 0.208075 -0.207468 0.0476473 0.447874 0.547739 0.533989 0.462868 0.020286
e_15_16 15 16 7 0.0125 0.227121 -0.204522 0.0427038 0.0648182 0.741152 0.333038 0.579291 0.020073
e_16_17 16 17 8 0.0125 0.245586 -0.196941 0.0386473 0.31208 0.433972 0.592905 0.602278 0.021085
e_17_1 17 1 9 0.0125 0.264086 -0.188194 0.0389917 0.723692 -0.110384 0.654772 0.188038 0.020061
e_1_18 1 18 1 0.0125 0.286436 -0.17294 0.0464322 0.597695 -0.570769 0.0678731 -0.558907 0.036876
e_18_4 18 4 2 0.0125 0.325648 -0.15055 0.0667229 0.80925 -0.346767 0.396724 -0.259763 0.063124
e_1_19 1 19 1 0.0125 0.255113 -0.185769 0.0355399 0.345064 0.690636 -0.383239 -0.50703 0.037442
e_19_20 19 20 2 0.0125 0.228126 -0.190048 0.0267862 0.34781 0.770413 -0.329777 -0.420403 0.020349
e_20_21 20 21 3 0.0125 0.209817 -0.195491 0.0183424 0.349094 0.770803 -0.328437 -0.419673 0.021419
e_21_3 21 3 4 0.0125 0.191094 -0.20269 0.0127516 0.475151 0.700813 -0.263977 -0.461963 0.02079
4 26 25
3 -0.330903 -0.134772 0.106913 0.0125
27 -0.329399 -0.139397 0.0873792 0.0125
26 -0.326928 -0.143687 0.067911 0.0125
25 -0.324762 -0.150017 0.0481104 0.0125
4 -0.33473 -0.0835648 0.0702081 0.0125
24 -0.332775 -0.100763 0.0601874 0.0125
23 -0.330787 -0.118113 0.0504394 0.0125
22 -0.330418 -0.134511 0.0389945 0.0125
21 -0.330721 -0.149063 0.0252786 0.0125
1 -0.32659 -0.162946 0.0114874 0.0125
11 -0.0865943 -0.0781491 0.0240483 0.0125
10 -0.0892443 -0.0515209 0.0318601 0.0125
6 -0.106635 -0.150285 0.0117491 0.0125
9 -0.0904323 -0.0316281 0.0425519 0.0125
2 -0.0887819 -0.00704645 0.0525044 0.0125
19 -0.288877 -0.151594 0.0241691 0.0125
8 -0.10405 -0.12823 0.0186574 0.0125
5 -0.0832557 -0.0999348 0.0176978 0.0125
12 -0.107799 -0.0330452 0.0509774 0.0125
13 -0.150097 -0.0868732 0.0494605 0.0125
14 -0.169976 -0.101669 0.046197 0.0125
15 -0.19714 -0.121043 0.0449535 0.0125
16 -0.220194 -0.129071 0.039304 0.0125
17 -0.249075 -0.139864 0.0355586 0.0125
18 -0.269496 -0.145748 0.0300364 0.0125
20 -0.306889 -0.15987 0.0182948 0.0125
e_2_8 2 8 1 0.0125 -0.0964158 -0.0676375 0.0355806 0.573985 0.780377 0.156643 -0.192397 0.126744
e_8_6 8 6 2 0.0125 -0.105342 -0.139257 0.0152032 0.563932 0.789757 0.157559 -0.182863 0.023256
e_2_9 2 9 1 0.0125 -0.0896071 -0.0193373 0.0475282 0.539027 0.812084 0.166727 -0.148903 0.026571
e_9_10 9 10 2 0.0125 -0.0898384 -0.0415749 0.0372053 0.506381 0.836403 0.191887 -0.0847801 0.022615
e_10_11 10 11 3 0.0125 -0.0879189 -0.0648346 0.0279543 0.590091 0.768833 0.22138 -0.108074 0.027876
e_11_5 11 5 4 0.0125 -0.0849241 -0.0890421 0.0208732 0.59469 0.763186 0.236581 -0.088998 0.022937
e_2_12 2 12 1 0.0125 -0.0982909 -0.0200463 0.0517415 0.555237 0.723648 0.00320585 -0.409921 0.032248
e_12_13 12 13 2 0.0125 -0.128948 -0.0599596 0.0502188 0.554454 0.714853 -0.00775636 -0.426034 0.068474
e_13_14 13 14 3 0.0125 -0.160036 -0.0942713 0.0478285 0.456085 0.746068 -0.0930447 -0.476142 0.024996
e_14_15 14 15 4 0.0125 -0.183559 -0.111356 0.0455751 0.477188 0.713227 -0.0997003 -0.503646 0.033389
e_15_16 15 16 5 0.0125 -0.208668 -0.125057 0.0421285 0.338188 0.760441 -0.18564 -0.522395 0.025057
e_16_17 16 17 6 0.0125 -0.234634 -0.134468 0.0374311 0.375715 0.726222 -0.181364 -0.546395 0.031058
e_17_18 17 18 7 0.0125 -0.259285 -0.142806 0.0327972 0.313117 0.765111 -0.200912 -0.525545 0.021958
e_18_19 18 19 8 0.0125 -0.279186 -0.148671 0.0271024 0.309224 0.775067 -0.196101 -0.514973 0.021077
e_19_20 19 20 9 0.0125 -0.297883 -0.155732 0.0212318 0.350232 0.786155 -0.154997 -0.485051 0.020674
e_20_1 20 1 10 0.0125 -0.31674 -0.161408 0.0148913 0.250835 0.779185 -0.233274 -0.524915 0.02107
e_1_21 1 21 1 0.0125 -0.328656 -0.156005 0.0183833 0.336897 -0.033867 -0.392504 -0.855157 0.02
e_21_22 21 22 2 0.0125 -0.330569 -0.141787 0.0321367 0.375427 -0.169555 -0.358261 -0.837827 0.02
e_22_23 22 23 3 0.0125 -0.330603 -0.126312 0.0447173 0.227206 -0.108442 -0.449579 -0.857028 0.02
e_23_24 23 24 4 0.0125 -0.331781 -0.109438 0.0553138 0.118779 -0.0121834 -0.506116 -0.85416 0.02
e_24_4 24 4 5 0.0125 -0.333753 -0.0921644 0.0651976 0.134145 -0.0211284 -0.499056 -0.855863 0.02
e_1_25 1 25 1 0.0125 -0.325675 -0.156482 0.0297983 0.691581 -0.135418 -0.103437 -0.701911 0.038881
e_25_26 25 26 2 0.0125 -0.325844 -0.146852 0.0580101 0.653368 -0.0622701 -0.149774 -0.739459 0.020901
e_26_27 26 27 3 0.0125 -0.328163 -0.141541 0.0776448 0.68398 -0.0292695 -0.120715 -0.718848 0.020088
e_27_3 27 3 4 0.0125 -0.330151 -0.137084 0.0971457 0.693829 -0.053984 -0.109065 -0.709783 0.020131
5 18 17
3 -0.244663 -0.102956 0.0967714 0.0125
19 -0.241082 -0.0849795 0.0852061 0.0125
11 -0.270665 -0.252949 0.0825754 0.0125
10 -0.279366 -0.257721 0.100034 0.0125
6 -0.221964 -0.186076 0.072635 0.0125
9 -0.28743 -0.266659 0.116207 0.0125
2 -0.30002 -0.288504 0.146921 0.0125
8 -0.250338 -0.226464 0.0903477 0.0125
5 -0.257686 -0.246553 0.0687409 0.0125
12 -0.267323 -0.239113 0.121625 0.0125
13 -0.239497 -0.132435 0.0848152 0.0125
14 -0.232447 -0.102751 0.0748427 0.0125
15 -0.228307 -0.0832861 0.06912 0.0125
16 -0.222378 -0.0613502 0.0655125 0.0125
17 -0.213632 -0.042739 0.0585045 0.0125
1 -0.204651 -0.0236919 0.0527757 0.0125
18 -0.136126 -0.0338757 0.0225351 0.0125
4 -0.114496 -0.0386435 0.0122772 0.0125
e_2_8 2 8 1 0.0125 -0.275179 -0.257484 0.118634 -0.381825 0.88526 -0.0791001 0.253509 0.097559
e_8_6 8 6 2 0.0125 -0.236151 -0.20627 0.0814914 0.192308 0.219458 0.787858 0.542342 0.052441
e_2_9 2 9 1 0.0125 -0.293726 -0.277581 0.131564 -0.327607 0.683044 -0.648 -0.078873 0.039737
e_9_10 9 10 2 0.0125 -0.283398 -0.26219 0.108121 -0.309669 0.804922 -0.503182 0.0548884 0.020161
e_10_11 10 11 3 0.0125 -0.275015 -0.255335 0.0913048 -0.214273 0.851773 -0.457352 0.139281 0.020082
e_11_5 11 5 4 0.0125 -0.264175 -0.249751 0.0756586 -0.210476 0.914237 -0.0984408 0.331934 0.020019
e_2_12 2 12 1 0.0125 -0.283673 -0.263808 0.134273 0.0535377 0.390848 0.737297 0.54842 0.064409
e_12_13 12 13 2 0.0125 -0.25341 -0.185774 0.10322 0.530064 -0.798296 -0.145165 -0.24634 0.11623
e_13_14 13 14 3 0.0125 -0.235972 -0.117593 0.0798285 0.52776 -0.789987 -0.176823 -0.257145 0.032098
e_14_15 14 15 4 0.0125 -0.230377 -0.0930187 0.0719814 0.557034 -0.786313 -0.141009 -0.227029 0.020706
e_15_16 15 16 5 0.0125 -0.225343 -0.072318 0.0673167 0.648521 -0.743052 0.162101 -0.0319084 0.023008
e_16_17 16 17 6 0.0125 -0.218005 -0.0520445 0.0620089 0.554819 -0.597147 0.551998 0.175754 0.021725
e_17_1 17 1 7 0.0125 -0.209141 -0.0332159 0.0556403 0.571759 -0.562484 0.561123 0.20456 0.021824
e_1_18 1 18 1 0.0125 -0.170389 -0.0287839 0.037655 0.145315 0.830562 0.100998 0.528062 0.07559
e_18_4 18 4 2 0.0125 -0.125311 -0.0362589 0.0174061 0.151601 0.84071 0.0576455 0.516625 0.02441
e_1_19 1 19 1 0.0125 -0.222866 -0.0543353 0.0689914 0.782243 0.331409 -0.427959 0.308406 0.078327
e_19_3 19 3 2 0.0125 -0.242872 -0.0939671 0.0909891 0.782882 0.381157 -0.296508 0.392299 0.021673
6 29 28
3 -0.146148 -0.210504 0.126715 0.0125
30 -0.143478 -0.196324 0.112809 0.0125
29 -0.14075 -0.184171 0.0968752 0.0125
28 -0.132656 -0.166248 0.0651843 0.0125
4 -0.170969 -0.107017 0.114503 0.0125
27 -0.159506 -0.116922 0.101446 0.0125
26 -0.151766 -0.129523 0.0879802 0.0125
25 -0.145348 -0.14249 0.0741722 0.0125
24 -0.133472 -0.152701 0.0617345 0.0125
1 -0.124094 -0.159685 0.0455096 0.0125
23 -0.106503 -0.151917 0.0396292 0.0125
22 -0.0890569 -0.144281 0.0332879 0.0125
21 -0.0717762 -0.136743 0.026539 0.0125
11 0.118727 0.000401632 0.0130024 0.0125
6 0.0745045 -0.122831 0.051324 0.0125
10 0.0838595 -0.078158 0.0352358 0.0125
9 0.0967543 -0.0512436 0.0271809 0.0125
2 0.107392 0.0168406 0.0118763 0.0125
19 -0.0365216 -0.117922 0.0207227 0.0125
8 0.103494 -0.00198899 0.0176277 0.0125
12 0.130054 -0.0160466 0.0140744 0.0125
13 0.141354 -0.0325148 0.0130251 0.0125
14 0.152813 -0.0489072 0.0129596 0.0125
5 0.16443 -0.0651831 0.0133242 0.0125
15 0.0415778 -0.0478076 0.0136683 0.0125
16 0.0246486 -0.0665876 0.0141257 0.0125
17 0.00694953 -0.0902103 0.0135385 0.0125
18 -0.015021 -0.107302 0.0179824 0.0125
20 -0.0540483 -0.127248 0.0237724 0.0125
e_2_8 2 8 1 0.0125 0.105443 0.00742624 0.0147519 0.756029 0.51089 -0.309382 0.267758 0.02007
e_8_9 8 9 2 0.0125 0.100124 -0.0266159 0.0224045 0.720666 0.559194 -0.304865 0.273861 0.050624
e_9_10 9 10 3 0.0125 0.0903069 -0.0647008 0.0312084 0.778709 0.486696 -0.36447 0.154597 0.030912
e_10_6 10 6 4 0.0125 0.079182 -0.100495 0.0432805 0.767357 0.491259 -0.304048 0.278176 0.048394
e_2_11 2 11 1 0.0125 0.11306 0.00862106 0.0124397 0.506105 0.673651 -0.134276 0.521557 0.02
e_11_12 11 12 2 0.0125 0.124391 -0.00782255 0.0135388 0.505613 0.674587 -0.134709 0.520713 0.02
e_12_13 12 13 3 0.0125 0.135704 -0.024281 0.01355 0.478261 0.710784 -0.144964 0.495013 0.02
e_13_14 13 14 4 0.0125 0.147084 -0.0407114 0.012993 0.488561 0.694652 -0.138204 0.509574 0.02
e_14_5 14 5 5 0.0125 0.158621 -0.0570458 0.0131419 0.491017 0.687765 -0.133662 0.517702 0.02
e_2_15 2 15 1 0.0125 0.0744845 -0.0154835 0.012772 0.710854 0.53495 -0.451795 -0.0663068 0.092272
e_15_16 15 16 2 0.0125 0.0331129 -0.0571979 0.0138972 0.712505 0.544183 -0.441382 -0.0371886 0.025289
e_16_17 16 17 3 0.0125 0.0157989 -0.0783993 0.0138315 0.700037 0.572315 -0.427086 -0.00135008 0.029523
e_17_18 17 18 4 0.0125 -0.00403607 -0.0987561 0.0157601 0.755353 0.456881 -0.460891 -0.0909967 0.028189
e_18_19 18 19 5 0.0125 -0.0257711 -0.112612 0.0193532 0.718212 0.445661 -0.494593 -0.202326 0.024136
e_19_20 19 20 6 0.0125 -0.0452846 -0.122585 0.0222473 0.737847 0.431873 -0.487411 -0.177477 0.020086
e_20_21 20 21 7 0.0125 -0.0629119 -0.131995 0.0251561 0.731886 0.439769 -0.48833 -0.180222 0.0203
e_21_22 21 22 8 0.0125 -0.0804162 -0.140512 0.0299138 0.803056 0.325288 -0.475052 -0.153673 0.020025
e_22_23 22 23 9 0.0125 -0.0977802 -0.148099 0.0364588 0.794895 0.336524 -0.478323 -0.161558 0.020071
e_23_1 23 1 10 0.0125 -0.115298 -0.155801 0.0425692 0.785904 0.349292 -0.481448 -0.16899 0.020109
e_1_24 1 24 1 0.0125 -0.128783 -0.156193 0.0536217 0.918701 -0.241394 -0.189972 0.248248 0.02
e_24_25 24 25 2 0.0125 -0.13941 -0.147595 0.0679528 0.883222 -0.21372 -0.378666 -0.175652 0.02
e_25_26 25 26 3 0.0125 -0.148557 -0.136006 0.0810758 0.693093 -0.380494 0.100094 0.604009 0.02
e_26_27 26 27 4 0.0125 -0.155636 -0.123223 0.0947134 0.82105 -0.402372 -0.0381038 0.403139 0.02
e_27_4 27 4 5 0.0125 -0.165238 -0.111969 0.107975 0.904739 -0.24031 -0.340314 -0.0887985 0.02
e_1_28 1 28 1 0.0125 -0.128374 -0.162967 0.0553465 0.913748 0.076982 -0.235902 0.321698 0.022439
e_28_29 28 29 2 0.0125 -0.136703 -0.175209 0.0810298 0.872474 0.179207 -0.207461 0.404518 0.037296
e_29_30 29 30 3 0.0125 -0.142115 -0.190246 0.104842 0.845091 0.252038 -0.206268 0.423971 0.020225
e_30_3 30 3 4 0.0125 -0.144813 -0.203414 0.119763 0.831123 0.316118 -0.230436 0.395225 0.02004
7 22 21
3 -0.295338 -0.242655 0.116556 0.0125
23 -0.324733 -0.237875 0.0978587 0.0125
4 -0.297321 -0.287187 0.0116544 0.0125
22 -0.313743 -0.273592 0.0162498 0.0125
21 -0.331406 -0.258914 0.0211372 0.0125
20 -0.350455 -0.241014 0.0330284 0.0125
11 -0.245787 0.0571443 0.0407659 0.0125
10 -0.233356 0.0417194 0.0435157 0.0125
6 -0.130709 0.13901 0.0778429 0.0125
9 -0.157624 0.114049 0.0731552 0.0125
2 -0.223035 0.0256581 0.0494753 0.0125
19 -0.350505 -0.214504 0.0560761 0.0125
8 -0.175797 0.0817476 0.0673626 0.0125
12 -0.260151 0.0710415 0.0400501 0.0125
13 -0.274821 0.0846019 0.0410074 0.0125
5 -0.292102 0.0943628 0.0385404 0.0125
14 -0.260711 -0.0851592 0.0661826 0.0125
15 -0.301751 -0.147635 0.0773242 0.0125
16 -0.315018 -0.166266 0.0762235 0.0125
17 -0.327827 -0.184119 0.0701451 0.0125
18 -0.339326 -0.199531 0.0639997 0.0125
1 -0.365012 -0.225994 0.0484607 0.0125
e_2_8 2 8 1 0.0125 -0.199416 0.0537023 0.0584188 0.780085 -0.5191 0.334735 -0.0997769 0.075482
e_8_9 8 9 2 0.0125 -0.16671 0.0978988 0.0702587 0.523636 -0.62158 -0.190854 -0.55047 0.037513
e_9_6 9 6 3 0.0125 -0.144166 0.126529 0.0754986 -0.749808 0.470521 -0.463978 0.0335103 0.037005
e_2_10 2 10 1 0.0125 -0.228196 0.0336887 0.0464951 0.528291 -0.407202 -0.695109 -0.268177 0.02
e_10_11 10 11 2 0.0125 -0.239572 0.0494313 0.0421403 0.627218 -0.420636 -0.625951 -0.194547 0.02
e_11_12 11 12 3 0.0125 -0.252969 0.0640922 0.0404082 0.684365 -0.405846 -0.594287 -0.117286 0.02
e_12_13 12 13 4 0.0125 -0.267486 0.0778225 0.0405289 0.718966 -0.406605 -0.557446 -0.0837487 0.02
e_13_5 13 5 5 0.0125 -0.283461 0.0894822 0.0397735 0.661187 -0.334601 -0.670612 -0.0339603 0.02
e_2_14 2 14 1 0.0125 -0.241874 -0.0297507 0.0578292 0.441518 0.191449 -0.626652 0.612957 0.118234
e_14_15 14 15 2 0.0125 -0.281231 -0.116398 0.0717533 0.518343 0.11206 -0.643219 0.552298 0.075575
e_15_16 15 16 3 0.0125 -0.308385 -0.15695 0.0767735 0.477819 0.105535 -0.71618 0.497632 0.022898
e_16_17 16 17 4 0.0125 -0.321422 -0.175193 0.0731838 0.416598 0.108171 -0.78842 0.439477 0.022797
e_17_18 17 18 5 0.0125 -0.333576 -0.191825 0.067072 0.410032 0.102913 -0.801009 0.423871 0.020187
e_18_19 18 19 6 0.0125 -0.344916 -0.207017 0.0600379 0.382724 0.103619 -0.827318 0.397907 0.020296
e_19_1 19 1 7 0.0125 -0.357759 -0.220249 0.0522683 0.447038 0.026452 -0.830411 0.331473 0.020012
e_1_20 1 20 1 0.0125 -0.357733 -0.233504 0.0407446 -0.132144 0.406023 -0.794973 0.430931 0.025993
e_20_21 20 21 2 0.0125 -0.340931 -0.249964 0.0270825 -0.129398 0.457342 -0.705616 0.525549 0.028716
e_21_22 21 22 3 0.0125 -0.322575 -0.266253 0.0186934 -0.113005 0.498835 -0.596015 0.618999 0.023481
e_22_4 22 4 4 0.0125 -0.305531 -0.28039 0.0139524 -0.114452 0.498891 -0.597047 0.617693 0.021809
e_1_23 1 23 1 0.0125 -0.344872 -0.231934 0.0731593 0.363096 0.342939 0.0380103 0.865511 0.064837
e_23_3 23 3 2 0.0125 -0.310035 -0.240265 0.107208 0.117077 0.483707 -0.0130673 0.867266 0.035163
8 26 25
3 -0.0816289 -0.29357 0.210943 0.0125
27 -0.0924932 -0.273148 0.205487 0.0125
26 -0.108815 -0.255888 0.202889 0.0125
25 -0.12838 -0.23603 0.198401 0.0125
4 -0.126961 -0.287079 0.126355 0.0125
24 -0.135255 -0.272851 0.144601 0.0125
23 -0.141832 -0.254883 0.168002 0.0125
22 -0.144196 -0.239944 0.183192 0.0125
1 -0.145662 -0.219531 0.195257 0.0125
21 -0.127707 -0.218105 0.183074 0.0125
11 0.037614 -0.0749533 0.0554848 0.0125
6 -0.0734659 -0.0524399 0.0121677 0.0125
10 -0.0527603 -0.0597783 0.0145649 0.0125
9 -0.0273177 -0.072521 0.0274248 0.0125
2 0.0636167 -0.0871851 0.0567232 0.0125
19 -0.0952126 -0.21886 0.154627 0.0125
8 -0.00217456 -0.0768475 0.036407 0.0125
12 0.0183634 -0.0566877 0.0531792 0.0125
13 -0.00177639 -0.0464872 0.0531554 0.0125
5 -0.0201081 -0.0342798 0.0530697 0.0125
14 -0.00740143 -0.164534 0.0954224 0.0125
15 -0.0338529 -0.190919 0.110478 0.0125
16 -0.0483675 -0.204754 0.118654 0.0125
17 -0.0647723 -0.212138 0.128904 0.0125
18 -0.0805403 -0.215975 0.140635 0.0125
20 -0.11081 -0.218463 0.167759 0.0125
e_2_8 2 8 1 0.0125 0.0307215 -0.0820165 0.0465653 0.00749937 0.792297 -0.134746 -0.595023 0.069628
e_8_9 8 9 2 0.0125 -0.014746 -0.0746838 0.031916 -0.206218 0.800723 0.15772 -0.539853 0.027047
e_9_10 9 10 3 0.0125 -0.0400386 -0.0661498 0.020995 -0.236607 -0.5118 0.66632 0.48795 0.031227
e_10_6 10 6 4 0.0125 -0.0631131 -0.0561091 0.0133663 0.659727 -0.353539 -0.655172 0.102566 0.022098
e_2_11 2 11 1 0.0125 0.0506154 -0.0810692 0.056104 0.646221 -0.520253 -0.500867 0.246714 0.028763
e_11_12 11 12 2 0.0125 0.0279881 -0.0658209 0.0543318 0.462591 -0.737063 0.00386939 0.49268 0.026637
e_12_13 12 13 3 0.0125 0.00829423 -0.0515871 0.053167 0.660866 -0.522597 -0.47689 0.25045 0.022575
e_13_5 13 5 4 0.0125 -0.0109421 -0.0403831 0.0531126 0.601791 -0.642887 -0.297721 0.368655 0.022025
e_2_14 2 14 1 0.0125 0.0281073 -0.12586 0.0760732 0.662785 0.568299 -0.0642989 -0.48334 0.111911
e_14_15 14 15 2 0.0125 -0.0206272 -0.177727 0.102949 0.677842 0.551162 -0.0966345 -0.476877 0.04028
e_15_16 15 16 3 0.0125 -0.0411099 -0.197837 0.114566 0.679948 0.546888 -0.110115 -0.475877 0.021656
e_16_17 16 17 4 0.0125 -0.0565699 -0.208446 0.123779 0.765286 0.395758 -0.309585 -0.402331 0.020706
e_17_18 17 18 5 0.0125 -0.0726568 -0.214056 0.13477 0.831752 0.258362 -0.374614 -0.317967 0.020024
e_18_19 18 19 6 0.0125 -0.0878767 -0.217418 0.147632 0.877615 0.187213 -0.351168 -0.267254 0.020479
e_19_20 19 20 7 0.0125 -0.103011 -0.218662 0.161193 0.884041 0.0830805 -0.413679 -0.201096 0.020392
e_20_21 20 21 8 0.0125 -0.119258 -0.218284 0.175417 0.892831 0.0787048 -0.397571 -0.196456 0.022808
e_21_1 21 1 9 0.0125 -0.136684 -0.218818 0.189165 0.841421 0.177478 -0.434039 -0.268555 0.021745
e_1_22 1 22 1 0.0125 -0.14493 -0.229737 0.189224 0.350202 0.567311 0.657309 -0.351372 0.023756
e_22_23 22 23 2 0.0125 -0.143014 -0.247413 0.175598 0.256691 0.506971 0.77284 -0.282505 0.021436
e_23_24 23 24 3 0.0125 -0.138544 -0.263867 0.156302 0.249598 0.440274 0.832619 -0.224955 0.030228
e_24_4 24 4 4 0.0125 -0.131108 -0.279965 0.135478 0.297093 0.403563 0.841601 -0.201445 0.024579
e_1_25 1 25 1 0.0125 -0.137022 -0.22778 0.196829 0.722785 0.30641 0.583823 -0.206992 0.0241
e_25_26 25 26 2 0.0125 -0.118598 -0.245959 0.200645 0.730059 0.314118 0.567327 -0.215602 0.028236
e_26_27 26 27 3 0.0125 -0.100654 -0.264518 0.204188 0.710959 0.326972 0.582024 -0.221077 0.023897
e_27_3 27 3 4 0.0125 -0.087061 -0.283359 0.208215 0.727976 0.40045 0.474181 -0.291279 0.023767
9 23 22
3 -0.0231895 0.0832679 0.0806618 0.0125
24 -0.0457852 0.0763911 0.0598377 0.0125
23 -0.0622826 0.0771232 0.0469238 0.0125
4 -0.0841399 0.165464 0.0152197 0.0125
22 -0.0867553 0.143956 0.0125125 0.0125
21 -0.0938946 0.111104 0.0166025 0.0125
1 -0.102303 0.0680687 0.0228994 0.0125
11 0.159232 -0.0173726 0.0451851 0.0125
6 0.298843 -0.0699707 0.115094 0.0125
10 0.283369 -0.0677864 0.100274 0.0125
9 0.256363 -0.058678 0.0854507 0.0125
2 0.177523 -0.0299716 0.0381467 0.0125
19 -0.0667126 0.0522302 0.0307477 0.0125
8 0.235587 -0.0504455 0.073477 0.0125
12 0.132198 0.0008072 0.0482496 0.0125
13 0.11333 0.0100016 0.0463106 0.0125
5 0.0934028 0.0210226 0.0438809 0.0125
14 0.0389127 0.0163351 0.0466244 0.0125
15 0.0161459 0.024286 0.0473221 0.0125
16 -0.0044 0.0333493 0.0417044 0.0125
17 -0.027789 0.0413543 0.0372643 0.0125
18 -0.0474297 0.0469402 0.0334824 0.0125
20 -0.0840647 0.0598317 0.0235924 0.0125
e_2_8 2 8 1 0.0125 0.206555 -0.0402084 0.0558111 0.861879 0.123598 0.485661 -0.0775952 0.070984
e_8_9 8 9 2 0.0125 0.245975 -0.0545611 0.0794636 0.854015 0.142462 0.493522 -0.082456 0.025354
e_9_10 9 10 3 0.0125 0.269867 -0.063232 0.0928623 0.851749 0.12363 0.503988 -0.0723585 0.032124
e_10_6 10 6 4 0.0125 0.291106 -0.0688788 0.107683 0.916392 0.0272135 0.39396 -0.0654308 0.021538
e_2_11 2 11 1 0.0125 0.168378 -0.0236723 0.0416666 0.797538 -0.257396 -0.531688 -0.12243 0.023299
e_11_12 11 12 2 0.0125 0.145715 -0.00828227 0.0467175 0.729728 -0.280362 -0.612037 -0.119604 0.032722
e_12_13 12 13 3 0.0125 0.122765 0.00540436 0.0472797 0.643853 -0.113437 -0.730147 -0.198674 0.021078
e_13_5 13 5 4 0.0125 0.103367 0.0155116 0.0450953 0.646975 -0.184349 -0.720458 -0.168459 0.022901
e_2_14 2 14 1 0.0125 0.108218 -0.00681821 0.0423855 0.68342 0.01832 -0.686083 -0.248779 0.146387
e_14_15 14 15 2 0.0125 0.02753 0.0203103 0.0469732 0.67371 0.00995971 -0.696726 -0.246148 0.024125
e_15_16 15 16 3 0.0125 0.00587266 0.0288178 0.0445129 0.5663 -0.0106421 -0.788193 -0.240715 0.023148
e_16_17 16 17 4 0.0125 -0.0160944 0.0373513 0.0394838 0.578213 0.090608 -0.76169 -0.278007 0.025116
e_17_18 17 18 5 0.0125 -0.0376087 0.044147 0.0353733 0.562504 0.166787 -0.750486 -0.304209 0.020767
e_18_19 18 19 6 0.0125 -0.0570712 0.0495859 0.0321149 0.585193 0.153717 -0.737655 -0.299642 0.020182
e_19_20 19 20 7 0.0125 -0.0753887 0.0560316 0.0271698 0.501611 0.0636974 -0.820131 -0.267794 0.02025
e_20_1 20 1 8 0.0125 -0.0931846 0.06395 0.0232454 0.662255 -0.0840026 -0.714311 -0.21005 0.020025
e_1_21 1 21 1 0.0125 -0.0980987 0.0895862 0.0197506 0.604857 -0.629411 0.418236 0.251136 0.044299
e_21_22 21 22 2 0.0125 -0.0903256 0.12753 0.0145575 0.615708 -0.620302 0.419051 0.246018 0.033866
e_22_4 22 4 3 0.0125 -0.0854481 0.154709 0.0138656 0.724625 -0.614582 0.245574 0.192095 0.021835
e_1_23 1 23 1 0.0125 -0.0822932 0.0725955 0.0349115 0.867441 -0.102346 0.48672 0.0132111 0.047548
e_23_24 23 24 2 0.0125 -0.0540335 0.0767564 0.0533806 0.897909 -0.00114791 0.438154 -0.0421751 0.020963
e_24_3 24 3 3 0.0125 -0.0344872 0.07983 0.0702499 0.911398 -0.121792 0.393063 -0.00459527 0.031488
10 25 24
3 0.00409005 -0.189325 0.0903261 0.0125
26 0.0224214 -0.195649 0.0952197 0.0125
25 0.0416771 -0.200522 0.0975667 0.0125
24 0.0595744 -0.208361 0.101835 0.0125
23 0.0773754 -0.215936 0.106906 0.0125
4 0.167571 -0.234458 0.0450267 0.0125
22 0.153451 -0.233341 0.0592095 0.0125
21 0.137171 -0.228378 0.0728033 0.0125
20 0.121771 -0.227119 0.0928983 0.0125
11 -0.120159 0.00912109 0.0556787 0.0125
10 -0.1044 0.00751991 0.0678895 0.0125
6 -0.0676684 0.149631 0.0718824 0.0125
9 -0.0705293 0.125711 0.0667546 0.0125
2 -0.0897423 0.00358353 0.0809144 0.0125
19 0.0846107 -0.206254 0.109325 0.0125
8 -0.0693059 0.101335 0.0661173 0.0125
12 -0.131412 0.01231 0.0394554 0.0125
13 -0.144832 0.0191049 0.0262758 0.0125
5 -0.158356 0.0259554 0.0132299 0.0125
14 -0.0234843 -0.0480634 0.101024 0.0125
15 0.0166484 -0.0918155 0.108038 0.0125
16 0.0273482 -0.109322 0.105325 0.0125
17 0.0577709 -0.157338 0.10464 0.0125
18 0.0754236 -0.188619 0.105316 0.0125
1 0.0953885 -0.222989 0.111987 0.0125
e_2_8 2 8 1 0.0125 -0.0795243 0.0524601 0.073516 0.641416 -0.698386 0.292477 0.123693 0.100956
e_8_9 8 9 2 0.0125 -0.0699168 0.113524 0.0664359 0.709408 -0.695074 0.0617183 0.0990176 0.024414
e_9_6 9 6 3 0.0125 -0.0690982 0.137671 0.0693188 0.775769 -0.628167 0.0362453 -0.0476853 0.02463
e_2_10 2 10 1 0.0125 -0.0970707 0.00555161 0.0744016 -0.416438 0.170085 0.892578 0.0308941 0.02
e_10_11 10 11 2 0.0125 -0.112279 0.00831984 0.0617839 -0.428923 0.297995 0.846444 -0.103715 0.02
e_11_12 11 12 3 0.0125 -0.125785 0.0107157 0.0475667 -0.297354 0.0205688 0.951405 0.0773748 0.02
e_12_13 12 13 4 0.0125 -0.138122 0.0157079 0.0328651 -0.368375 -0.000199472 0.91076 0.18659 0.02
e_13_5 13 5 5 0.0125 -0.151594 0.0225298 0.0197526 -0.372661 0.00342733 0.90892 0.187021 0.02
e_2_14 2 14 1 0.0125 -0.0566135 -0.0222403 0.0909689 0.534612 -0.0984594 0.611481 -0.574967 0.086382
e_14_15 14 15 2 0.0125 -0.00341859 -0.0699395 0.104531 0.467624 -0.0440328 0.662868 -0.583091 0.059784
e_15_16 15 16 3 0.0125 0.0219981 -0.100568 0.106681 0.354376 0.0143168 0.751902 -0.555748 0.020697
e_16_17 16 17 4 0.0125 0.0425591 -0.13333 0.104982 0.389245 0.015775 0.711174 -0.58521 0.056846
e_17_18 17 18 5 0.0125 0.066597 -0.172978 0.104979 0.383057 0.0369245 0.699444 -0.602231 0.035925
e_18_19 18 19 6 0.0125 0.0800175 -0.197436 0.107321 0.418831 0.0579791 0.63075 -0.650671 0.020285
e_19_1 19 1 7 0.0125 0.0899994 -0.214622 0.110656 0.427172 0.0207368 0.658245 -0.619522 0.020082
e_1_20 1 20 1 0.0125 0.108579 -0.225054 0.102443 0.399389 -0.308229 0.834119 -0.222999 0.032825
e_20_21 20 21 2 0.0125 0.129471 -0.227749 0.0828509 0.295024 -0.306717 0.895713 -0.128779 0.025349
e_21_22 21 22 3 0.0125 0.145311 -0.23086 0.0660061 0.359563 -0.263674 0.861694 -0.242229 0.021782
e_22_4 22 4 4 0.0125 0.160511 -0.2339 0.0521174 0.347118 -0.320273 0.866723 -0.160392 0.020044
e_1_23 1 23 1 0.0125 0.0863822 -0.219463 0.109446 -0.54167 0.596599 0.520675 -0.282066 0.02
e_23_24 23 24 2 0.0125 0.0684755 -0.212149 0.10437 -0.557425 0.58098 0.537808 -0.250006 0.02
e_24_25 24 25 3 0.0125 0.0506258 -0.204441 0.0997009 -0.531209 0.643935 0.438247 -0.333323 0.02
e_25_26 25 26 4 0.0125 0.0320493 -0.198085 0.0963932 -0.345173 0.714385 0.2198 -0.567624 0.02
e_26_3 26 3 5 0.0125 0.0132555 -0.192487 0.0927724 -0.513626 0.624477 0.482034 -0.33743 0.02
11 17 16
3 0.38852 -0.00544406 0.176851 0.0125
10 0.12157 0.0356852 0.0863881 0.0125
5 0.0709846 0.153652 0.0223115 0.0125
6 0.0465034 -0.0822109 0.0963469 0.0125
9 0.061352 0.0948945 0.0415354 0.0125
2 0.0515695 0.0613422 0.0549391 0.0125
8 0.0451113 -0.0242728 0.0848255 0.0125
11 0.174945 0.0135286 0.106498 0.0125
12 0.203323 0.00103123 0.117714 0.0125
13 0.236749 -0.0132923 0.134306 0.0125
14 0.279002 -0.0383298 0.152384 0.0125
1 0.306757 -0.055436 0.153169 0.0125
18 0.371488 -0.0198202 0.174364 0.0125
15 0.280487 -0.0118272 0.109765 0.0125
4 0.272057 0.00733156 0.0841249 0.0125
16 0.330295 -0.0409457 0.166021 0.0125
17 0.352269 -0.0290184 0.171467 0.0125
e_2_8 2 8 1 0.0125 0.0483404 0.0185347 0.0698828 0.598169 0.453549 0.360442 -0.553687 0.090911
e_8_6 8 6 2 0.0125 0.0458076 -0.0532414 0.0905863 0.447337 0.354627 0.526075 -0.630376 0.059089
e_2_9 2 9 1 0.0125 0.0564603 0.0781186 0.0482372 0.560318 -0.816491 0.1113 -0.0836601 0.037432
e_9_5 9 5 2 0.0125 0.0661683 0.124273 0.0319235 0.586316 -0.806162 0.0610601 -0.0510741 0.062568
e_2_10 2 10 1 0.0125 0.0865693 0.0485133 0.0706635 0.620499 -0.204788 0.513547 -0.55616 0.080916
e_10_11 10 11 2 0.0125 0.148257 0.0246069 0.0964431 0.586017 -0.212214 0.539112 -0.566487 0.06119
e_11_12 11 12 3 0.0125 0.189134 0.00728006 0.112106 0.588163 -0.199271 0.538722 -0.569328 0.032974
e_12_13 12 13 4 0.0125 0.220036 -0.00613084 0.12601 0.625484 -0.173965 0.512052 -0.562413 0.039972
e_13_14 13 14 5 0.0125 0.257875 -0.025811 0.143345 0.573061 -0.148337 0.55252 -0.586787 0.052335
e_14_1 14 1 6 0.0125 0.292879 -0.0468828 0.152776 0.407704 -0.279883 0.640019 -0.588063 0.032613
e_1_15 1 15 1 0.0125 0.293622 -0.033632 0.131467 0.383358 -0.900714 -0.11448 0.16925 0.066901
e_15_4 15 4 2 0.0125 0.276272 -0.00224748 0.0969455 0.311223 -0.941539 -0.0286604 0.125792 0.033099
e_1_16 1 16 1 0.0125 0.318526 -0.0481905 0.159595 0.761413 -0.45125 0.292515 -0.36202 0.030482
e_16_17 16 17 2 0.0125 0.341282 -0.0349816 0.168744 0.685689 -0.52487 0.343636 -0.369129 0.025589
e_17_18 17 18 3 0.0125 0.361879 -0.0244193 0.172916 0.651354 -0.543515 0.370436 -0.378294 0.021503
e_18_3 18 3 4 0.0125 0.380003 -0.0126319 0.175608 0.679555 -0.601344 0.288013 -0.306005 0.022426
12 23 22
3 0.115678 -0.0190275 0.155295 0.0125
24 0.107292 -0.0385001 0.148481 0.0125
23 0.09459 -0.0637424 0.146557 0.0125
4 0.0706208 -0.190614 0.175778 0.0125
22 0.0624684 -0.124795 0.141673 0.0125
1 0.0655093 -0.101204 0.1327 0.0125
21 0.0758856 -0.0817838 0.122615 0.0125
12 0.0771435 0.218114 0.156767 0.0125
11 0.101232 0.203543 0.155673 0.0125
10 0.123234 0.19325 0.148056 0.0125
9 0.142434 0.184917 0.144204 0.0125
2 0.186332 0.166344 0.129133 0.0125
19 0.108092 -0.028586 0.110785 0.0125
8 0.166728 0.174103 0.136095 0.0125
6 0.0569826 0.232266 0.161502 0.0125
13 0.171511 0.15726 0.139025 0.0125
14 0.15544 0.149398 0.147964 0.0125
15 0.138967 0.143034 0.157351 0.0125
16 0.119679 0.139166 0.160955 0.0125
5 0.100201 0.135918 0.164133 0.0125
17 0.17211 0.130421 0.132222 0.0125
18 0.125556 0.000994905 0.113223 0.0125
20 0.0911436 -0.05516 0.11308 0.0125
e_2_8 2 8 1 0.0125 0.17653 0.170224 0.132615 0.473768 -0.567994 -0.143516 0.657518 0.022203
e_8_9 8 9 2 0.0125 0.154581 0.17951 0.14015 0.460463 -0.584257 -0.11318 0.65864 0.027801
e_9_10 9 10 3 0.0125 0.132834 0.189083 0.146131 0.390144 -0.635089 -0.0785483 0.662027 0.021282
e_10_11 10 11 4 0.0125 0.112234 0.198397 0.151864 0.46563 -0.582554 -0.105004 0.657871 0.025456
e_11_12 11 12 5 0.0125 0.0891886 0.210829 0.15622 0.316903 -0.690504 0.0614361 0.647304 0.028175
e_12_6 12 6 6 0.0125 0.0670631 0.225191 0.159135 0.412798 -0.636181 0.0299139 0.651135 0.025083
e_2_13 2 13 1 0.0125 0.178922 0.161802 0.134079 0.777027 0.0483085 -0.500382 0.378832 0.02
e_13_14 13 14 2 0.0125 0.163476 0.153329 0.143494 0.731345 -0.0425182 -0.52413 0.434297 0.02
e_14_15 14 15 3 0.0125 0.147203 0.146215 0.152658 0.712715 -0.112549 -0.502644 0.476151 0.02
e_15_16 15 16 4 0.0125 0.129322 0.1411 0.159153 0.469279 -0.420099 -0.483141 0.608169 0.02
e_16_5 16 5 5 0.0125 0.10994 0.137542 0.162544 0.439003 -0.461051 -0.456044 0.621878 0.02
e_2_17 2 17 1 0.0125 0.179221 0.148382 0.130677 0.700406 0.676691 -0.0475032 -0.221955 0.038759
e_17_18 17 18 2 0.0125 0.148832 0.0657078 0.122722 0.53983 0.72838 0.194613 -0.374395 0.138851
e_18_19 18 19 3 0.0125 0.116824 -0.0137955 0.112004 0.615058 0.728898 -0.0640799 -0.293776 0.034438
e_19_20 19 20 4 0.0125 0.0996178 -0.0418731 0.111933 0.717954 0.635046 -0.245775 -0.14441 0.031601
e_20_21 20 21 5 0.0125 0.083515 -0.0684716 0.117848 0.805133 0.518553 -0.28764 -0.0112397 0.032134
e_21_1 21 1 6 0.0125 0.0706978 -0.0914935 0.127658 0.840359 0.462198 -0.27957 0.0448379 0.024218
e_1_22 1 22 1 0.0125 0.0639885 -0.112999 0.137187 0.816359 0.568773 -0.00345704 -0.100212 0.025422
e_22_4 22 4 2 0.0125 0.0665446 -0.157704 0.158726 0.851366 0.510963 0.101324 -0.0618505 0.074578
e_1_23 1 23 1 0.0125 0.0800504 -0.0824731 0.139628 0.707483 -0.247122 0.546535 0.373763 0.049407
e_23_24 23 24 2 0.0125 0.100941 -0.0511219 0.147519 0.611884 -0.342905 0.590298 0.399453 0.028323
e_24_3 24 3 3 0.0125 0.111485 -0.0287642 0.151888 0.679907 -0.329311 0.488447 0.436692 0.02227
