14
1 20 19
3 -0.126111 0.159895 0.0258386 0.0125
21 -0.114193 0.175913 0.0270266 0.0125
20 -0.10284 0.192292 0.0287032 0.0125
19 -0.0879372 0.205523 0.0303813 0.0125
11 -0.16099 -0.0706378 0.0445411 0.0125
10 -0.140785 -0.0678279 0.0399793 0.0125
6 0.0304676 -0.126442 0.0608492 0.0125
9 0.00823084 -0.125851 0.0620427 0.0125
2 -0.101895 -0.0657515 0.0405728 0.0125
8 -0.0117641 -0.118956 0.0602481 0.0125
12 -0.177636 -0.0743221 0.0552161 0.0125
5 -0.18973 -0.0787616 0.0705555 0.0125
13 -0.0910417 0.052227 0.0114761 0.0125
14 -0.0783043 0.140415 0.0121284 0.0125
15 -0.0684673 0.175598 0.0186133 0.0125
16 -0.0592994 0.198537 0.0199835 0.0125
1 -0.0540376 0.224942 0.0226098 0.0125
18 -0.0716786 0.216742 0.0272497 0.0125
17 -0.00349272 0.199814 0.0189026 0.0125
4 0.036062 0.182506 0.0141858 0.0125
e_2_8 2 8 1 0.0125 -0.0568304 -0.0923541 0.0504107 0.760994 0.238627 0.592183 -0.11517 0.106496
e_8_9 8 9 2 0.0125 -0.00176707 -0.122404 0.0611452 0.733694 0.165127 0.6561 -0.0629173 0.021227
e_9_6 9 6 3 0.0125 0.0193497 -0.126146 0.0614462 0.687547 0.0426461 0.724546 0.0221999 0.022277
e_2_10 2 10 1 0.0125 -0.12134 -0.0667891 0.0402754 0.686357 0.185109 -0.688007 -0.145929 0.03895
e_10_11 10 11 2 0.0125 -0.150888 -0.0692323 0.0422596 0.76518 0.206357 -0.590174 -0.15366 0.020904
e_11_12 11 12 3 0.0125 -0.169314 -0.0724799 0.049878 0.866751 0.167901 -0.45437 -0.118739 0.020115
e_12_5 12 5 4 0.0125 -0.183683 -0.0765418 0.0628854 0.934442 0.150962 -0.307148 -0.0984342 0.020031
e_2_13 2 13 1 0.0125 -0.0964681 -0.00676276 0.0260246 0.465481 -0.54381 0.56879 0.405062 0.121997
e_13_14 13 14 2 0.0125 -0.084673 0.0963207 0.0118022 0.59236 -0.526534 0.468084 0.390858 0.089106
e_14_15 14 15 3 0.0125 -0.0733858 0.158006 0.0153708 0.680418 -0.469596 0.438271 0.352746 0.037103
e_15_16 15 16 4 0.0125 -0.0638835 0.187067 0.0192988 0.642127 -0.444852 0.523846 0.339654 0.024742
e_16_1 16 1 5 0.0125 -0.0566683 0.21174 0.0212962 0.63907 -0.502237 0.446353 0.374321 0.027052
e_1_17 1 17 1 0.0125 -0.0287654 0.212378 0.0207556 0.675925 0.223985 0.694689 -0.101798 0.056568
e_17_4 17 4 2 0.0125 0.0162846 0.19116 0.0165442 0.661716 0.205399 0.715621 -0.088491 0.043432
e_1_18 1 18 1 0.0125 -0.0628581 0.220842 0.0249298 0.715705 0.468815 -0.405219 -0.322144 0.02
e_18_19 18 19 2 0.0125 -0.0798074 0.211133 0.0288157 0.645864 0.595395 -0.25924 -0.401447 0.02
e_19_20 19 20 3 0.0125 -0.0953882 0.198908 0.0295429 0.469119 0.735598 -0.029292 -0.487817 0.02
e_20_21 20 21 4 0.0125 -0.108517 0.184102 0.0278652 0.483956 0.725798 0.12308 -0.473134 0.02
e_21_3 21 3 5 0.0125 -0.120152 0.167904 0.0264322 0.497055 0.722532 0.0874108 -0.472486 0.02
2 19 18
3 0.229834 -0.0348384 0.0118915 0.0125
20 0.245146 -0.0625248 0.0141394 0.0125
19 0.265632 -0.0995472 0.0162528 0.0125
5 -0.119658 -0.122612 0.0228283 0.0125
10 -0.0582329 -0.129931 0.0158329 0.0125
6 0.125179 -0.153381 0.0265644 0.0125
9 0.0964117 -0.143331 0.0270444 0.0125
2 -0.0221046 -0.140195 0.0120625 0.0125
8 0.0589015 -0.142867 0.0232829 0.0125
11 0.0257633 -0.134584 0.015371 0.0125
12 0.146291 -0.115762 0.0204374 0.0125
13 0.17208 -0.117488 0.0209 0.0125
14 0.192111 -0.115798 0.0232706 0.0125
15 0.21467 -0.112937 0.0281442 0.0125
16 0.234671 -0.113495 0.0267694 0.0125
17 0.254659 -0.115552 0.0252563 0.0125
1 0.273065 -0.123289 0.0235159 0.0125
18 0.328924 -0.158742 0.0162289 0.0125
4 0.359375 -0.171718 0.0114767 0.0125
e_2_8 2 8 1 0.0125 0.0183987 -0.14153 0.0176726 0.734578 0.16924 0.634662 0.170168 0.081823
e_8_9 8 9 2 0.0125 0.0776568 -0.143098 0.0251635 0.721057 0.164701 0.650372 0.173112 0.037701
e_9_6 9 6 3 0.0125 0.110795 -0.148356 0.0268044 0.696403 0.314399 0.639555 0.0845291 0.030476
e_2_10 2 10 1 0.0125 -0.0401688 -0.135063 0.0139479 0.704272 -0.376233 -0.555433 0.232259 0.037746
e_10_5 10 5 2 0.0125 -0.0889452 -0.126272 0.0193304 0.736996 -0.179099 -0.641671 0.114095 0.062254
e_2_11 2 11 1 0.0125 0.001829 -0.137389 0.0137173 0.702206 0.111783 0.673244 0.202861 0.048309
e_11_12 11 12 2 0.0125 0.0860275 -0.125172 0.017904 0.690183 0.0975459 0.685375 0.210697 0.122094
e_12_13 12 13 3 0.0125 0.159186 -0.116625 0.0206681 0.696405 0.197424 0.672371 0.154793 0.02585
e_13_14 13 14 4 0.0125 0.182096 -0.116643 0.0220844 0.720808 0.121045 0.653288 0.197483 0.020241
e_14_15 14 15 5 0.0125 0.20339 -0.114367 0.0257068 0.748342 0.0936003 0.62165 0.211602 0.023257
e_15_16 15 16 6 0.0125 0.224671 -0.113216 0.0274567 0.663648 0.190064 0.7058 0.159042 0.020055
e_16_17 16 17 7 0.0125 0.244666 -0.114523 0.0260133 0.665527 0.223364 0.69832 0.139758 0.020151
e_17_1 17 1 8 0.0125 0.263863 -0.11942 0.0243859 0.672718 0.348256 0.649722 0.0634851 0.020041
e_1_18 1 18 1 0.0125 0.300994 -0.141016 0.0198727 0.667014 0.41665 0.617367 0.0187699 0.06656
e_18_4 18 4 2 0.0125 0.344149 -0.16523 0.0138528 0.652351 0.356775 0.666161 0.0581312 0.03344
e_1_19 1 19 1 0.0125 0.269348 -0.111419 0.0198847 0.331421 -0.621087 0.50436 0.500032 0.025916
e_19_20 19 20 2 0.0125 0.255388 -0.0810366 0.015196 0.465273 -0.686745 0.230914 0.508509 0.042366
e_20_3 20 3 3 0.0125 0.237491 -0.0486814 0.0130154 0.451947 -0.68967 0.244525 0.510203 0.031718
3 27 26
3 0.13035 0.18563 0.0123048 0.0125
28 0.103915 0.178043 0.0230954 0.0125
27 0.0842845 0.168676 0.0252328 0.0125
4 0.0689719 0.194015 0.111758 0.0125
26 0.0575707 0.186443 0.0971751 0.0125
25 0.0471675 0.177182 0.0828218 0.0125
24 0.0412729 0.168928 0.0655844 0.0125
23 0.0390606 0.157784 0.0491252 0.0125
1 0.0423922 0.145529 0.0336742 0.0125
22 0.0224642 0.144615 0.0351382 0.0125
21 0.00299602 0.142071 0.0389485 0.0125
12 -0.195573 0.224827 0.0155281 0.0125
11 -0.205541 0.208319 0.0209782 0.0125
10 -0.214199 0.191101 0.0267498 0.0125
9 -0.222992 0.173507 0.0326452 0.0125
2 -0.253185 0.11154 0.0390065 0.0125
19 -0.036505 0.13582 0.0406527 0.0125
8 -0.231513 0.15536 0.0337412 0.0125
6 -0.189936 0.24391 0.0129743 0.0125
13 -0.27479 0.116915 0.0669297 0.0125
14 -0.305271 0.126409 0.0975346 0.0125
5 -0.319285 0.131881 0.110807 0.0125
15 -0.178757 0.117946 0.0335949 0.0125
16 -0.120885 0.126597 0.0284431 0.0125
17 -0.0767829 0.131462 0.0369682 0.0125
18 -0.0568182 0.132547 0.0416634 0.0125
20 -0.0166936 0.138536 0.0397526 0.0125
e_2_8 2 8 1 0.0125 -0.242349 0.13345 0.0363745 0.668172 -0.665655 0.332329 0.00250686 0.049169
e_8_9 8 9 2 0.0125 -0.227253 0.164434 0.0331932 0.68735 -0.649914 0.323891 0.0160428 0.020077
e_9_10 9 10 3 0.0125 -0.218596 0.182304 0.0296972 0.595675 -0.740028 0.309723 -0.0400197 0.020535
e_10_11 10 11 4 0.0125 -0.209869 0.19971 0.0238648 0.595783 -0.73924 0.311375 -0.040154 0.020117
e_11_12 11 12 5 0.0125 -0.200556 0.216572 0.018253 0.601856 -0.709756 0.36366 -0.0420472 0.02004
e_12_6 12 6 6 0.0125 -0.192754 0.234368 0.014251 0.660489 -0.716387 0.224556 0.0109494 0.020062
e_2_13 2 13 1 0.0125 -0.263987 0.114228 0.0529677 0.877245 -0.192384 -0.268405 0.348407 0.035712
e_13_14 13 14 2 0.0125 -0.29003 0.121662 0.0822317 0.856561 -0.245188 -0.306381 0.335138 0.044225
e_14_5 14 5 3 0.0125 -0.312277 0.129145 0.104171 0.851716 -0.276274 -0.304774 0.324601 0.020063
e_2_15 2 15 1 0.0125 -0.215972 0.114743 0.0363006 0.673274 0.0480821 0.730626 0.102838 0.074899
e_15_16 15 16 2 0.0125 -0.149821 0.122271 0.0310184 0.670374 -0.0195099 0.737203 0.0821516 0.058742
e_16_17 16 17 3 0.0125 -0.0988335 0.12903 0.0327065 0.754053 0.0634593 0.633741 0.160464 0.04518
e_17_18 17 18 4 0.0125 -0.0668006 0.132005 0.0393158 0.762445 0.110895 0.611064 0.181606 0.020538
e_18_19 18 19 5 0.0125 -0.0466622 0.134184 0.0411583 0.683649 -0.0209486 0.723944 0.0899462 0.0206
e_19_20 19 20 6 0.0125 -0.0265993 0.137178 0.0402027 0.684204 0.00319263 0.722822 0.0968636 0.020017
e_20_21 20 21 7 0.0125 -0.00684826 0.140303 0.0393504 0.687141 -0.0361929 0.720258 0.0880706 0.02002
e_21_22 21 22 8 0.0125 0.0127307 0.143343 0.0370438 0.633614 -0.0307353 0.77092 0.0571985 0.02
e_22_1 22 1 9 0.0125 0.0324279 0.145072 0.0344066 0.671165 0.089287 0.727051 0.113855 0.020002
e_1_23 1 23 1 0.0125 0.0407264 0.151656 0.0413997 0.905496 -0.337232 0.00394518 0.257558 0.02
e_23_24 23 24 2 0.0125 0.0401671 0.163356 0.0573549 0.920715 -0.266118 0.133036 0.252519 0.02
e_24_25 24 25 3 0.0125 0.0442208 0.173055 0.0742028 0.927538 -0.163535 0.205747 0.265703 0.02
e_25_26 25 26 4 0.0125 0.0523691 0.181813 0.0899984 0.899623 -0.175107 0.332397 0.222551 0.02
e_26_4 26 4 5 0.0125 0.063271 0.190229 0.104467 0.89995 -0.119989 0.347889 0.233806 0.02
e_1_27 1 27 1 0.0125 0.0633384 0.157103 0.0294528 0.642716 -0.37871 0.665907 -0.00789817 0.048601
e_27_28 27 28 2 0.0125 0.0940996 0.173361 0.024164 0.671289 -0.297042 0.678717 0.0219372 0.021855
e_28_3 28 3 3 0.0125 0.117132 0.181837 0.0176993 0.562028 -0.282019 0.776587 -0.0387583 0.029544
4 21 20
3 -0.11635 0.0523723 0.129829 0.0125
22 -0.119203 0.06264 0.108768 0.0125
21 -0.123952 0.0731338 0.086427 0.0125
20 -0.130274 0.0790532 0.0665392 0.0125
4 -0.0968885 0.0394034 0.115242 0.0125
11 0.125367 0.0351371 0.0128309 0.0125
10 0.129779 0.0156293 0.0127942 0.0125
6 0.137143 0.0990405 0.0977424 0.0125
9 0.133887 -0.00393182 0.0134722 0.0125
2 0.13667 -0.0236536 0.011652 0.0125
19 -0.114861 0.0510473 0.0843088 0.0125
8 0.137762 0.0391471 0.0591355 0.0125
12 0.121442 0.0547398 0.013394 0.0125
5 0.114363 0.0733656 0.0116715 0.0125
13 0.0532051 0.0272076 0.0142263 0.0125
14 -0.0208747 0.0452851 0.02051 0.0125
15 -0.0616915 0.0578849 0.03395 0.0125
16 -0.0796983 0.0672663 0.0354857 0.0125
17 -0.0977918 0.0765336 0.0367675 0.0125
18 -0.11566 0.0856597 0.0380536 0.0125
1 -0.135489 0.0887435 0.0390942 0.0125
e_2_8 2 8 1 0.0125 0.137216 0.00774691 0.0353932 0.894626 -0.444818 0.0247451 0.034186 0.078739
e_8_6 8 6 2 0.0125 0.137452 0.069094 0.0784386 0.877292 -0.478445 0.0142958 0.0352764 0.071261
e_2_9 2 9 1 0.0125 0.135279 -0.0137925 0.0125615 0.737512 -0.671652 -0.0581779 0.039686 0.02
e_9_10 9 10 2 0.0125 0.131833 0.00584919 0.0131333 0.694211 -0.709946 -0.113687 0.0335192 0.02
e_10_11 10 11 3 0.0125 0.127573 0.0253836 0.0128126 0.707117 -0.695038 -0.126532 0.0299532 0.02
e_11_12 11 12 4 0.0125 0.123404 0.0449381 0.0131118 0.716227 -0.689103 -0.105168 0.0331119 0.02
e_12_5 12 5 5 0.0125 0.117902 0.0640531 0.012533 0.675935 -0.691816 -0.253856 0.00776529 0.02
e_2_13 2 13 1 0.0125 0.0949374 0.00177719 0.0129386 0.710272 -0.282529 -0.637977 -0.0931489 0.097774
e_13_14 13 14 2 0.0125 0.0161652 0.0362463 0.0173681 0.725915 -0.052185 -0.675432 -0.118806 0.076512
e_14_15 14 15 3 0.0125 -0.0412836 0.0515855 0.0272302 0.800173 -0.103831 -0.582372 -0.0989142 0.044781
e_15_16 15 16 4 0.0125 -0.0706953 0.0625759 0.0347186 0.726725 -0.230919 -0.639517 -0.0978026 0.020363
e_16_17 16 17 5 0.0125 -0.0887455 0.0719004 0.0361268 0.722227 -0.226152 -0.646053 -0.0992965 0.020369
e_17_18 17 18 6 0.0125 -0.106725 0.0810973 0.0374102 0.722568 -0.225294 -0.645961 -0.0993601 0.020104
e_18_1 18 1 7 0.0125 -0.125575 0.0872022 0.0385737 0.71407 0.0145025 -0.688402 -0.126479 0.020096
e_1_19 1 19 1 0.0125 -0.125176 0.0698954 0.0617016 0.928667 0.324839 0.179022 -0.00277451 0.062377
e_19_4 19 4 2 0.0125 -0.105875 0.0452247 0.0997757 0.954265 0.16778 0.246488 0.02174 0.037623
e_1_20 1 20 1 0.0125 -0.132882 0.0838984 0.0528167 0.981861 0.16638 0.0907537 -0.00546083 0.02957
e_20_21 20 21 2 0.0125 -0.127113 0.0760933 0.0764836 0.978968 0.140379 0.147886 0.00665221 0.021692
e_21_22 21 22 3 0.0125 -0.121577 0.0678863 0.0975978 0.971774 0.21401 0.0989614 -0.00788792 0.025136
e_22_3 22 3 4 0.0125 -0.117776 0.0575055 0.119299 0.972592 0.222651 0.0654377 -0.014442 0.023603
5 30 29
3 0.362344 -0.221081 0.0368848 0.0125
31 0.349574 -0.206414 0.0322165 0.0125
30 0.33595 -0.191772 0.0323256 0.0125
29 0.321645 -0.177917 0.0304897 0.0125
28 0.305559 -0.166384 0.0333581 0.0125
4 0.233553 -0.104553 0.0996371 0.0125
27 0.255945 -0.116399 0.0780762 0.0125
26 0.279298 -0.139587 0.0496784 0.0125
1 0.289299 -0.154901 0.0352978 0.0125
25 0.269599 -0.151872 0.0370593 0.0125
24 0.250185 -0.147515 0.0392568 0.0125
23 0.231882 -0.140368 0.0432822 0.0125
22 0.213545 -0.132706 0.0469938 0.0125
21 0.192318 -0.12217 0.0467103 0.0125
12 0.103835 -0.126294 0.0453086 0.0125
11 0.0860284 -0.112851 0.0412251 0.0125
10 0.0725368 -0.0991739 0.0356132 0.0125
9 0.057434 -0.0812224 0.0311571 0.0125
2 0.0228573 -0.0299048 0.017432 0.0125
19 0.140409 -0.0957553 0.0423805 0.0125
8 0.0393094 -0.0557095 0.0248323 0.0125
6 0.11811 -0.139271 0.0506232 0.0125
13 0.0210004 -0.0425016 0.0328552 0.0125
14 0.0191098 -0.054882 0.048448 0.0125
15 0.013007 -0.0631055 0.0656272 0.0125
16 0.007295 -0.0706814 0.0832333 0.0125
5 -0.00203057 -0.0757097 0.100197 0.0125
17 0.0525389 -0.0452057 0.0286398 0.0125
18 0.0982661 -0.0717755 0.0357685 0.0125
20 0.160945 -0.107302 0.0451527 0.0125
e_2_8 2 8 1 0.0125 0.0310837 -0.0428075 0.021132 0.774539 0.45783 0.415773 -0.132721 0.031486
e_8_9 8 9 2 0.0125 0.0483716 -0.0684657 0.0279955 0.765866 0.457854 0.437411 -0.11176 0.031927
e_9_10 9 10 3 0.0125 0.0649852 -0.090199 0.0333851 0.766266 0.443685 0.45808 -0.0783736 0.02388
e_10_11 10 11 4 0.0125 0.0792829 -0.106013 0.038419 0.798623 0.400468 0.446577 -0.0489459 0.020014
e_11_12 11 12 5 0.0125 0.0949317 -0.119572 0.0432673 0.768013 0.394633 0.504223 0.0134054 0.022681
e_12_6 12 6 6 0.0125 0.110973 -0.132783 0.0479657 0.795031 0.392465 0.461729 -0.0265086 0.020012
e_2_13 2 13 1 0.0125 0.0219295 -0.0362034 0.0251437 0.879271 0.330255 0.0731729 -0.335351 0.02
e_13_14 13 14 2 0.0125 0.0200551 -0.0486924 0.0406512 0.882294 0.324637 0.0692085 -0.333735 0.02
e_14_15 14 15 3 0.0125 0.0160579 -0.0589943 0.0570377 0.882451 0.258907 -0.0589612 -0.388292 0.02
e_15_16 15 16 4 0.0125 0.0101507 -0.0668931 0.0744304 0.896265 0.236753 -0.0616219 -0.369945 0.02
e_16_5 16 5 5 0.0125 0.00263221 -0.0731956 0.0917154 0.852364 0.228073 -0.154567 -0.444486 0.02
e_2_17 2 17 1 0.0125 0.0376979 -0.0375546 0.0230357 0.808212 0.315378 0.491369 0.076723 0.035224
e_17_18 17 18 2 0.0125 0.0754021 -0.0584903 0.0322043 0.750131 0.377878 0.538899 0.0640333 0.053364
e_18_19 18 19 3 0.0125 0.119337 -0.0837652 0.0390744 0.750315 0.375257 0.540028 0.0676794 0.048936
e_19_20 19 20 4 0.0125 0.150677 -0.101529 0.0437666 0.743966 0.378751 0.546 0.0703366 0.023723
e_20_21 20 21 5 0.0125 0.176631 -0.114737 0.045931 0.715737 0.380042 0.577197 0.100658 0.034752
e_21_22 21 22 6 0.0125 0.202931 -0.127439 0.0468521 0.705091 0.392924 0.582773 0.0939809 0.023701
e_22_23 22 23 7 0.0125 0.222713 -0.136538 0.0451381 0.62724 0.426188 0.64044 0.121536 0.020217
e_23_24 23 24 8 0.0125 0.241033 -0.143942 0.0412692 0.618537 0.424869 0.647948 0.130617 0.020057
e_24_25 24 25 9 0.0125 0.259892 -0.149694 0.0381581 0.63929 0.364227 0.649788 0.190846 0.020017
e_25_1 25 1 10 0.0125 0.279448 -0.153387 0.0361786 0.639208 0.341129 0.653947 0.217707 0.020009
e_1_26 1 26 1 0.0125 0.284298 -0.147244 0.0424878 0.882476 -0.40519 -0.163661 0.17399 0.023266
e_26_27 26 27 2 0.0125 0.267621 -0.127993 0.0638776 0.894196 -0.235064 -0.343647 -0.164514 0.043469
e_27_4 27 4 3 0.0125 0.244749 -0.110476 0.0888566 0.762577 0.0363839 -0.417857 -0.492492 0.033265
e_1_28 1 28 1 0.0125 0.297429 -0.160642 0.0343277 0.671101 0.45685 0.582915 0.0334791 0.02
e_28_29 28 29 2 0.0125 0.313602 -0.17215 0.0319239 0.653684 0.469557 0.592642 0.0314399 0.02
e_29_30 29 30 3 0.0125 0.328798 -0.184844 0.0314084 0.73807 0.445955 0.505183 -0.0341497 0.02
e_30_31 30 31 4 0.0125 0.342762 -0.199093 0.0322712 0.70321 0.481673 0.520317 -0.0525101 0.02
e_31_3 31 3 5 0.0125 0.355959 -0.213747 0.0345515 0.781936 0.427245 0.448044 -0.0727626 0.02
6 30 29
3 0.308853 0.162185 0.0238137 0.0125
31 0.296335 0.182789 0.0333524 0.0125
30 0.28667 0.201277 0.0485835 0.0125
29 0.277955 0.215923 0.0632185 0.0125
4 0.341825 0.236973 0.0168979 0.0125
28 0.329536 0.23774 0.0326579 0.0125
27 0.315456 0.233959 0.0463495 0.0125
26 0.301716 0.227275 0.0592545 0.0125
25 0.285587 0.225869 0.0709981 0.0125
1 0.270535 0.229992 0.0835058 0.0125
24 0.254684 0.218487 0.0875523 0.0125
23 0.240561 0.205868 0.0939937 0.0125
22 0.227734 0.190849 0.097316 0.0125
21 0.211601 0.179111 0.0958043 0.0125
12 -0.081203 0.0476623 0.0584704 0.0125
11 -0.0622263 0.0676055 0.0627149 0.0125
10 -0.0487056 0.0862125 0.0610424 0.0125
9 -0.0280263 0.110692 0.0575638 0.0125
2 0.00139497 0.142518 0.0684461 0.0125
19 0.177466 0.158118 0.0944446 0.0125
8 -0.0117366 0.128176 0.0630786 0.0125
6 -0.0960293 0.0321443 0.0529792 0.0125
13 0.016507 0.175058 0.0813485 0.0125
14 0.0231425 0.192157 0.0914769 0.0125
15 0.0325967 0.209314 0.0962452 0.0125
5 0.0449182 0.224932 0.102177 0.0125
16 0.109915 0.149106 0.0805726 0.0125
17 0.13406 0.155599 0.0882185 0.0125
18 0.157168 0.154115 0.0919271 0.0125
20 0.19497 0.168009 0.0953332 0.0125
e_2_8 2 8 1 0.0125 -0.00517117 0.135347 0.0657617 0.460892 0.795145 -0.0279852 -0.393115 0.020173
e_8_9 8 9 2 0.0125 -0.0198818 0.119434 0.0603206 0.546565 0.758095 -0.194221 -0.298056 0.024525
e_9_10 9 10 3 0.0125 -0.0383667 0.0984521 0.0593035 0.692923 0.63231 -0.214991 -0.271698 0.032233
e_10_11 10 11 4 0.0125 -0.0554656 0.0769089 0.0618781 0.639005 0.676248 -0.0802451 -0.357662 0.023061
e_11_12 11 12 5 0.0125 -0.0717139 0.0576339 0.0605927 0.611001 0.696714 -0.301283 -0.224714 0.027855
e_12_6 12 6 6 0.0125 -0.0886162 0.0399035 0.0557244 0.549708 0.753825 -0.235995 -0.2718 0.022154
e_2_13 2 13 1 0.0125 0.00895026 0.158788 0.0748977 0.81283 -0.545634 0.181866 -0.0922825 0.038126
e_13_14 13 14 2 0.0125 0.0198247 0.183607 0.0864132 0.856203 -0.490863 0.131743 -0.0928093 0.020953
e_14_15 14 15 3 0.0125 0.02787 0.200735 0.0938613 0.779831 -0.574839 0.226512 -0.10058 0.020161
e_15_5 15 5 4 0.0125 0.0387575 0.217123 0.0992117 0.787713 -0.529997 0.276102 -0.149595 0.02076
e_2_16 2 16 1 0.0125 0.0556555 0.145813 0.0745095 0.653074 -0.356049 0.563742 -0.359053 0.109394
e_16_17 16 17 2 0.0125 0.121988 0.152353 0.0843956 0.739118 -0.367872 0.467384 -0.316111 0.026145
e_17_18 17 18 3 0.0125 0.145614 0.154857 0.0900726 0.653379 -0.29621 0.577225 -0.390086 0.023451
e_18_19 18 19 4 0.0125 0.167317 0.156117 0.0931857 0.67362 -0.399186 0.529381 -0.326562 0.020841
e_19_20 19 20 5 0.0125 0.186218 0.163063 0.0948891 0.682142 -0.519525 0.456086 -0.238245 0.020126
e_20_21 20 21 6 0.0125 0.203286 0.173559 0.0955692 0.68186 -0.545568 0.436564 -0.216413 0.020001
e_21_22 21 22 7 0.0125 0.219668 0.184979 0.0965606 0.702914 -0.540109 0.412911 -0.20904 0.020008
e_22_23 22 23 8 0.0125 0.234147 0.198359 0.095655 0.63394 -0.66452 0.375979 -0.123181 0.020029
e_23_24 23 24 9 0.0125 0.247622 0.212178 0.0907727 0.563409 -0.677113 0.450012 -0.146893 0.020005
e_24_1 24 1 10 0.0125 0.262609 0.224239 0.0855282 0.603293 -0.620585 0.464817 -0.186697 0.02
e_1_25 1 25 1 0.0125 0.278061 0.22793 0.0772513 0.282312 -0.5037 0.747638 -0.328061 0.02
e_25_26 25 26 2 0.0125 0.293651 0.226572 0.0651259 0.366367 -0.587215 0.669902 -0.268674 0.02
e_26_27 26 27 3 0.0125 0.308586 0.230617 0.0528022 0.383379 -0.698874 0.578085 -0.174395 0.02
e_27_28 27 28 4 0.0125 0.322496 0.23585 0.0395037 0.338325 -0.666853 0.63056 -0.207938 0.02
e_28_4 28 4 5 0.0125 0.335681 0.237356 0.0247777 0.226291 -0.637536 0.698248 -0.234072 0.02
e_1_29 1 29 1 0.0125 0.274245 0.222957 0.073362 -0.00661905 -0.457833 0.826962 -0.32631 0.025779
e_29_30 29 30 2 0.0125 0.282312 0.2086 0.0559009 0.0729765 -0.320993 0.850121 -0.411014 0.022464
e_30_31 30 31 3 0.0125 0.291503 0.192033 0.0409684 0.0881972 -0.251311 0.855383 -0.444278 0.02583
e_31_3 31 3 4 0.0125 0.302594 0.172488 0.0285828 0.230116 -0.102473 0.820642 -0.512925 0.025928
7 23 22
3 0.263167 0.288029 0.19814 0.0125
24 0.264941 0.27084 0.188071 0.0125
23 0.268224 0.255014 0.17629 0.0125
22 0.274119 0.243228 0.161246 0.0125
21 0.278266 0.23014 0.146704 0.0125
4 0.296602 0.229436 0.22412 0.0125
20 0.299121 0.232461 0.204511 0.0125
11 0.19978 -0.0217623 0.0183983 0.0125
6 0.0565742 -0.054655 0.0983605 0.0125
10 0.0729319 -0.0477942 0.0864976 0.0125
9 0.0887282 -0.0450551 0.0742601 0.0125
2 0.175256 -0.0292893 0.011795 0.0125
19 0.295577 0.234422 0.184926 0.0125
8 0.154286 -0.037413 0.0244585 0.0125
12 0.224884 -0.0130217 0.0246847 0.0125
5 0.267242 -0.000367225 0.038089 0.0125
13 0.248837 0.1441 0.0719132 0.0125
14 0.260837 0.176012 0.0873055 0.0125
15 0.26476 0.191945 0.0990009 0.0125
16 0.269472 0.205454 0.113954 0.0125
1 0.280209 0.22055 0.12926 0.0125
18 0.291197 0.231389 0.165648 0.0125
17 0.284652 0.223309 0.148563 0.0125
e_2_8 2 8 1 0.0125 0.164771 -0.0333509 0.0181268 0.860325 0.220819 -0.453785 -0.0718298 0.025809
e_8_9 8 9 2 0.0125 0.121507 -0.0412342 0.0493585 0.893297 0.0794595 -0.43877 -0.0564556 0.082682
e_9_10 9 10 3 0.0125 0.0808304 -0.046424 0.0803789 0.893885 0.107663 -0.430168 -0.0658342 0.02017
e_10_6 10 6 4 0.0125 0.0647531 -0.0512246 0.092429 0.877064 0.227251 -0.412783 -0.0934169 0.021339
e_2_11 2 11 1 0.0125 0.187518 -0.0255257 0.015096 0.73608 -0.380695 0.480034 -0.287794 0.026489
e_11_12 11 12 2 0.0125 0.212332 -0.0173919 0.0215408 0.732358 -0.400122 0.474172 -0.280563 0.027316
e_12_5 12 5 3 0.0125 0.246064 -0.00669443 0.0313871 0.748879 -0.365323 0.470585 -0.290292 0.046195
e_2_13 2 13 1 0.0125 0.212046 0.0574057 0.0418542 0.797206 -0.572755 0.141138 -0.128429 0.197718
e_13_14 13 14 2 0.0125 0.254837 0.160057 0.0796094 0.829653 -0.531438 0.108823 -0.131933 0.037407
e_14_15 14 15 3 0.0125 0.262799 0.183979 0.0931532 0.878965 -0.456109 0.0418757 -0.132783 0.02015
e_15_16 15 16 4 0.0125 0.267117 0.1987 0.106478 0.913158 -0.367928 0.0579549 -0.165571 0.020695
e_16_1 16 1 5 0.0125 0.274841 0.213002 0.121607 0.883192 -0.392477 0.165812 -0.196063 0.02403
e_1_17 1 17 1 0.0125 0.28243 0.22193 0.138912 0.960153 -0.0952382 0.0912557 -0.246392 0.02
e_17_18 17 18 2 0.0125 0.287925 0.227349 0.157106 0.937242 -0.24315 0.117323 -0.220659 0.02
e_18_19 18 19 3 0.0125 0.293387 0.232905 0.175287 0.960415 -0.10136 0.0882648 -0.244004 0.02
e_19_20 19 20 4 0.0125 0.297349 0.233441 0.194718 0.956587 0.0229418 0.0991562 -0.273099 0.02
e_20_4 20 4 5 0.0125 0.297861 0.230948 0.214315 0.967517 0.08867 -0.0437623 -0.232667 0.02
e_1_21 1 21 1 0.0125 0.279238 0.225345 0.137982 0.956509 -0.237402 -0.0868877 -0.145536 0.02
e_21_22 21 22 2 0.0125 0.276193 0.236684 0.153974 0.924595 -0.339115 -0.146358 -0.0932998 0.02
e_22_23 22 23 3 0.0125 0.271172 0.249121 0.168769 0.931896 -0.298695 -0.186217 -0.0876088 0.02
e_23_24 23 24 4 0.0125 0.266583 0.262927 0.182181 0.888426 -0.434932 -0.127747 -0.0722071 0.02
e_24_3 24 3 5 0.0125 0.264054 0.279434 0.193105 0.86421 -0.489937 -0.0908195 -0.0696718 0.02
8 24 23
3 -0.14023 0.0379648 0.0135893 0.0125
25 -0.128395 0.0286859 0.0271273 0.0125
24 -0.116678 0.0185768 0.041704 0.0125
23 -0.103561 0.0064716 0.0562772 0.0125
4 -0.0737793 0.0873781 0.0845243 0.0125
22 -0.075561 0.0673704 0.0845001 0.0125
21 -0.0778097 0.0447049 0.0845874 0.0125
20 -0.0789724 0.0221584 0.083971 0.0125
6 0.239296 0.10035 0.0843785 0.0125
11 0.232344 0.0815476 0.0822162 0.0125
10 0.223925 0.0634726 0.0853246 0.0125
9 0.218737 0.0438963 0.0872229 0.0125
2 0.207058 -0.0443944 0.0929288 0.0125
19 -0.0646564 -0.0041805 0.0745548 0.0125
8 0.208933 -0.0179295 0.0908795 0.0125
12 0.196113 -0.0869336 0.0986823 0.0125
13 0.186662 -0.109691 0.11013 0.0125
5 0.176278 -0.134945 0.118395 0.0125
14 0.0999938 -0.0165983 0.0733727 0.0125
15 0.0691678 -0.0105141 0.0690746 0.0125
16 -0.00490424 0.00115977 0.0660095 0.0125
17 -0.0249691 -0.000977008 0.0667381 0.0125
18 -0.0449737 -0.00163447 0.0715225 0.0125
1 -0.0828077 -0.0117446 0.0785274 0.0125
e_2_8 2 8 1 0.0125 0.207995 -0.0311624 0.0919045 -0.671993 0.731685 0.0560336 0.099609 0.02661
e_8_9 8 9 2 0.0125 0.213835 0.0129829 0.0890512 -0.386372 0.498696 0.529583 0.567063 0.062705
e_9_10 9 10 3 0.0125 0.221331 0.0536845 0.0862733 -0.286685 0.475678 0.566046 0.609208 0.020341
e_10_11 10 11 4 0.0125 0.228134 0.0725106 0.0837698 -0.187998 0.506106 0.566455 0.622609 0.02018
e_11_6 11 6 5 0.0125 0.23582 0.0909494 0.083297 0.273475 -0.0148696 0.667945 0.691983 0.020163
e_2_12 2 12 1 0.0125 0.201586 -0.065664 0.095805 0.751608 0.639789 -0.160415 -0.00463048 0.044299
e_12_13 12 13 2 0.0125 0.191388 -0.098312 0.104406 0.842124 0.505679 -0.183391 -0.0385151 0.027171
e_13_5 13 5 3 0.0125 0.18147 -0.122318 0.114263 0.801732 0.563147 -0.194963 -0.0456182 0.028529
e_2_14 2 14 1 0.0125 0.153526 -0.0304964 0.0831508 0.393763 0.468095 -0.606578 -0.507839 0.112329
e_14_15 14 15 2 0.0125 0.0845808 -0.0135562 0.0712237 0.432578 0.460681 -0.59626 -0.495099 0.031713
e_15_16 15 16 3 0.0125 0.0321317 -0.00467665 0.0675425 0.493534 0.419857 -0.586635 -0.485802 0.075049
e_16_17 16 17 4 0.0125 -0.0149373 9.19069e-05 0.0663742 0.591145 0.454186 -0.525052 -0.410589 0.020192
e_17_18 17 18 5 0.0125 -0.0349718 -0.00130521 0.0691297 0.668692 0.34168 -0.516737 -0.411204 0.020579
e_18_19 18 19 6 0.0125 -0.0548155 -0.00290746 0.0730385 0.647645 0.407834 -0.508074 -0.395081 0.020077
e_19_1 19 1 7 0.0125 -0.0737321 -0.00796306 0.0765411 0.708525 0.458209 -0.437089 -0.311433 0.020061
e_1_20 1 20 1 0.0125 -0.08089 0.0052064 0.0812487 0.685854 -0.549815 0.344847 0.329224 0.034551
e_20_21 20 21 2 0.0125 -0.0783905 0.0334311 0.0842788 0.712039 -0.687873 0.114858 0.0814785 0.022585
e_21_22 21 22 3 0.0125 -0.0766848 0.0560371 0.0845434 -0.223268 0.289383 0.646667 0.669501 0.022777
e_22_4 22 4 4 0.0125 -0.0746695 0.0773742 0.0845118 -0.185847 0.245368 0.662698 0.682705 0.020088
e_1_23 1 23 1 0.0125 -0.0931836 -0.00263654 0.0674019 -0.0414489 0.73195 -0.527213 -0.429625 0.035462
e_23_24 23 24 2 0.0125 -0.110119 0.0125242 0.0489902 -0.0551074 0.737201 -0.522265 -0.425131 0.023044
e_24_25 24 25 3 0.0125 -0.122537 0.0236314 0.0344156 -0.0564587 0.773426 -0.494603 -0.392419 0.021259
e_25_3 25 3 4 0.0125 -0.134313 0.0333254 0.0203583 -0.0305481 0.759206 -0.508072 -0.405631 0.020235
9 24 23
3 -0.0426621 0.061374 0.0990742 0.0125
25 -0.00246007 0.0661438 0.0978648 0.0125
24 0.0308666 0.0732368 0.0947592 0.0125
4 0.0724303 0.0116034 0.163532 0.0125
23 0.0715762 0.0268594 0.147537 0.0125
22 0.0683741 0.0403802 0.130538 0.0125
21 0.0633956 0.0608857 0.105617 0.0125
1 0.0555105 0.0784218 0.0925099 0.0125
11 -0.0071472 -0.209856 0.0719216 0.0125
10 -0.0308626 -0.199423 0.0681426 0.0125
6 -0.207317 -0.239726 0.0118249 0.0125
9 -0.184014 -0.230084 0.0213765 0.0125
2 -0.0810715 -0.184522 0.0708469 0.0125
19 0.0337803 0.0454584 0.0908865 0.0125
8 -0.166398 -0.223933 0.0293669 0.0125
5 0.0119271 -0.217263 0.0780973 0.0125
12 -0.050719 -0.115551 0.0834756 0.0125
13 -0.0355999 -0.0814253 0.0846243 0.0125
14 -0.0178198 -0.0412873 0.0859769 0.0125
15 -0.0105558 -0.0225549 0.0868874 0.0125
16 -0.000864149 -0.00416467 0.0898044 0.0125
17 0.00875684 0.013872 0.0923801 0.0125
18 0.0199001 0.0306965 0.092775 0.0125
20 0.0453469 0.0616501 0.0884018 0.0125
e_2_8 2 8 1 0.0125 -0.123734 -0.204227 0.0501073 0.491304 -0.015706 -0.837635 0.238203 0.102734
e_8_9 8 9 2 0.0125 -0.175206 -0.227009 0.0253717 0.508492 -0.0481508 -0.833374 0.2112 0.020299
e_9_6 9 6 3 0.0125 -0.195665 -0.234905 0.0166002 0.520395 -0.017259 -0.82268 0.228229 0.026967
e_2_10 2 10 1 0.0125 -0.0559671 -0.191972 0.0694947 0.353273 -0.490863 0.533698 -0.591117 0.052444
e_10_11 10 11 2 0.0125 -0.0190053 -0.20464 0.0700318 0.673018 -0.0389171 0.652935 -0.345265 0.026182
e_11_5 11 5 3 0.0125 0.00238993 -0.21356 0.0750091 0.735661 -0.0247165 0.595759 -0.321346 0.021374
e_2_12 2 12 1 0.0125 -0.0658957 -0.150036 0.0771613 0.604195 -0.62707 -0.155378 -0.466464 0.076405
e_12_13 12 13 2 0.0125 -0.0431596 -0.0984873 0.0840499 0.542841 -0.665801 -0.20328 -0.469798 0.037342
e_13_14 13 14 3 0.0125 -0.0267101 -0.0613559 0.0853012 0.542868 -0.665784 -0.203302 -0.469782 0.04392
e_14_15 14 15 4 0.0125 -0.014188 -0.0319212 0.0864317 0.558021 -0.656058 -0.216725 -0.459598 0.020112
e_15_16 15 16 5 0.0125 -0.00571033 -0.0133592 0.0883454 0.580722 -0.642042 -0.135276 -0.481917 0.020991
e_16_17 16 17 6 0.0125 0.00394617 0.00485433 0.0910922 0.573397 -0.646828 -0.138182 -0.483461 0.020605
e_17_18 17 18 7 0.0125 0.0143282 0.0222846 0.0925781 0.50563 -0.686354 -0.138339 -0.504102 0.020184
e_18_19 18 19 8 0.0125 0.02684 0.0380782 0.0918307 0.411949 -0.729984 -0.116326 -0.532814 0.02035
e_19_20 19 20 9 0.0125 0.039564 0.0535543 0.0896434 0.426296 -0.726213 -0.185925 -0.506279 0.020053
e_20_1 20 1 10 0.0125 0.0504293 0.0700361 0.0904556 0.602339 -0.624501 -0.0865383 -0.489589 0.020037
e_1_21 1 21 1 0.0125 0.0594523 0.0696535 0.0990635 0.861734 0.458242 0.0914954 0.197629 0.02327
e_21_22 21 22 2 0.0125 0.0658845 0.0506324 0.118077 0.930386 0.342282 0.0354533 0.126366 0.032655
e_22_23 22 23 3 0.0125 0.0699753 0.0336191 0.139038 0.934183 0.334116 0.035095 0.120152 0.021955
e_23_4 23 4 4 0.0125 0.0720035 0.0192318 0.155535 0.910682 0.36854 -0.051417 0.179425 0.02212
e_1_24 1 24 1 0.0125 0.0431882 0.0758299 0.0936341 0.720615 -0.00638175 -0.674887 0.158746 0.025285
e_24_25 24 25 2 0.0125 0.0142033 0.0696903 0.096312 0.721117 -0.00520169 -0.674231 0.1593 0.034214
e_25_3 25 3 3 0.0125 -0.0225613 0.0637585 0.0984697 0.704588 -0.0504715 -0.694637 0.135972 0.040501
10 25 24
3 -0.299584 -0.237548 0.0289774 0.0125
26 -0.301064 -0.215087 0.0302513 0.0125
25 -0.302217 -0.194834 0.0253632 0.0125
24 -0.304457 -0.172412 0.025004 0.0125
4 -0.314526 -0.0597186 0.0859432 0.0125
23 -0.314205 -0.0758761 0.074161 0.0125
22 -0.313863 -0.0931559 0.0640972 0.0125
21 -0.312101 -0.109445 0.0526269 0.0125
20 -0.309358 -0.124774 0.040077 0.0125
12 -0.112918 -0.283817 0.126887 0.0125
11 -0.0996033 -0.280375 0.11194 0.0125
10 -0.0868166 -0.275118 0.0970266 0.0125
9 -0.0744366 -0.269523 0.0816746 0.0125
2 -0.0400522 -0.268747 0.0241437 0.0125
19 -0.28499 -0.144604 0.0252481 0.0125
8 -0.0550114 -0.269025 0.0514867 0.0125
6 -0.124282 -0.286887 0.145215 0.0125
13 -0.0292876 -0.203973 0.0123877 0.0125
5 -0.0246752 -0.171032 0.0138339 0.0125
14 -0.0839491 -0.23468 0.0132228 0.0125
15 -0.157915 -0.195537 0.0120011 0.0125
16 -0.198066 -0.182273 0.0162455 0.0125
17 -0.234015 -0.159819 0.0225227 0.0125
18 -0.263028 -0.151506 0.0236043 0.0125
1 -0.305087 -0.138382 0.0260556 0.0125
e_2_8 2 8 1 0.0125 -0.0475315 -0.268886 0.0378156 0.811673 0.139101 -0.204999 -0.528974 0.031169
e_8_9 8 9 2 0.0125 -0.0647243 -0.269274 0.0665809 0.787901 0.166826 -0.227464 -0.547395 0.0359
e_9_10 9 10 3 0.0125 -0.0806263 -0.27232 0.0893509 0.766782 0.304486 -0.181223 -0.53525 0.0205
e_10_11 10 11 4 0.0125 -0.0932101 -0.277747 0.104484 0.756003 0.309816 -0.193223 -0.543267 0.020337
e_11_12 11 12 5 0.0125 -0.106261 -0.282096 0.119414 0.743742 0.284491 -0.226104 -0.561061 0.02031
e_12_6 12 6 6 0.0125 -0.1186 -0.285352 0.136051 0.801232 0.210921 -0.186588 -0.527944 0.021783
e_2_13 2 13 1 0.0125 -0.0346696 -0.23636 0.0182661 0.0175459 0.104998 0.759665 0.641543 0.066706
e_13_5 13 5 2 0.0125 -0.0269814 -0.187502 0.0131108 0.721799 -0.687984 0.0705087 -0.0267016 0.033294
e_2_14 2 14 1 0.0125 -0.062001 -0.251714 0.0186829 0.0475312 0.572987 -0.517796 -0.633494 0.056628
e_14_15 14 15 2 0.0125 -0.120932 -0.215109 0.0126116 0.213554 0.498325 -0.508892 -0.668653 0.083693
e_15_16 15 16 3 0.0125 -0.177991 -0.188905 0.0141229 0.322301 0.482241 -0.466389 -0.667867 0.042498
e_16_17 16 17 4 0.0125 -0.21604 -0.171045 0.0193833 0.302266 0.36983 -0.538491 -0.694182 0.042848
e_17_18 17 18 5 0.0125 -0.248521 -0.155662 0.0230628 0.296682 0.529276 -0.449403 -0.655655 0.0302
e_18_19 18 19 6 0.0125 -0.274009 -0.148055 0.0244265 0.30974 0.502545 -0.460247 -0.663085 0.023079
e_19_1 19 1 7 0.0125 -0.295038 -0.141493 0.0256519 0.292657 0.522001 -0.45644 -0.65843 0.021054
e_1_20 1 20 1 0.0125 -0.307223 -0.131578 0.033066 0.78005 -0.250257 -0.294707 -0.491977 0.02
e_20_21 20 21 2 0.0125 -0.31073 -0.11711 0.0463516 0.777125 -0.327364 -0.281204 -0.458077 0.02
e_21_22 21 22 3 0.0125 -0.312982 -0.101301 0.0583617 0.775339 -0.377185 -0.266419 -0.430815 0.02
e_22_23 22 23 4 0.0125 -0.314034 -0.0845161 0.0691284 0.779601 -0.44378 -0.22683 -0.379248 0.02
e_23_4 23 4 5 0.0125 -0.314365 -0.0677974 0.0800518 0.808523 -0.407275 -0.198963 -0.375275 0.02
e_1_24 1 24 1 0.0125 -0.304772 -0.155396 0.0255297 0.66036 0.676762 0.239659 -0.220185 0.034052
e_24_25 24 25 2 0.0125 -0.303337 -0.183622 0.025184 0.683871 0.650081 0.26348 -0.200736 0.022537
e_25_26 25 26 3 0.0125 -0.301641 -0.20496 0.0278073 0.747609 0.577126 0.223196 -0.241226 0.020866
e_26_3 26 3 4 0.0125 -0.300324 -0.226317 0.0296139 0.656453 0.679074 0.259022 -0.202077 0.022546
11 23 22
3 -0.10265 -0.147176 0.0119182 0.0125
24 -0.091645 -0.165321 0.0137111 0.0125
23 -0.0688756 -0.20166 0.032028 0.0125
4 0.0245118 -0.287523 0.052843 0.0125
22 0.00923616 -0.27444 0.0505033 0.0125
21 -0.00870782 -0.260109 0.0498998 0.0125
20 -0.0262192 -0.248043 0.046992 0.0125
11 0.199413 -0.132792 0.082582 0.0125
6 0.296983 -0.0280881 0.010832 0.0125
10 0.271914 -0.0561424 0.0332206 0.0125
9 0.261841 -0.0707888 0.0434014 0.0125
2 0.218585 -0.138281 0.0719719 0.0125
19 -0.0367266 -0.231927 0.0463217 0.0125
8 0.22712 -0.116361 0.0644925 0.0125
5 0.126944 -0.126711 0.109111 0.0125
12 0.190466 -0.145338 0.0736255 0.0125
13 0.120063 -0.159461 0.0737448 0.0125
14 0.0810988 -0.178705 0.0664377 0.0125
15 0.0416916 -0.209949 0.0585551 0.0125
16 0.0203818 -0.220695 0.0559069 0.0125
17 0.00203756 -0.228498 0.0533933 0.0125
18 -0.0173 -0.233219 0.0510517 0.0125
1 -0.0556184 -0.229714 0.0401364 0.0125
e_2_8 2 8 1 0.0125 0.222852 -0.127321 0.0682327 0.555216 -0.806911 0.0198676 -0.200588 0.024684
e_8_9 8 9 2 0.0125 0.24448 -0.0935746 0.0539474 0.481354 -0.817569 0.0657026 -0.309131 0.06105
e_9_10 9 10 3 0.0125 0.266878 -0.0634654 0.0383116 0.411452 -0.865137 -0.00532397 -0.286734 0.020485
e_10_6 10 6 4 0.0125 0.284448 -0.0421156 0.0220263 0.370676 -0.869288 0.00559158 -0.326964 0.043781
e_2_11 2 11 1 0.0125 0.208999 -0.135537 0.0772775 0.675919 -0.416222 -0.303154 0.527248 0.022589
e_11_5 11 5 2 0.0125 0.163178 -0.129751 0.0958461 0.590966 -0.430281 -0.378827 0.567545 0.077411
e_2_12 2 12 1 0.0125 0.204526 -0.14181 0.0727983 0.402125 -0.46239 -0.507667 0.605612 0.029037
e_12_13 12 13 2 0.0125 0.155265 -0.152399 0.0736851 0.400032 -0.492879 -0.506201 0.583785 0.071807
e_13_14 13 14 3 0.0125 0.100581 -0.169083 0.0700912 0.254318 -0.496101 -0.580331 0.593652 0.044067
e_14_15 14 15 4 0.0125 0.0613955 -0.194327 0.0624964 0.17618 -0.445205 -0.61581 0.625724 0.050905
e_15_16 15 16 5 0.0125 0.0310372 -0.215322 0.0572306 0.26931 -0.473173 -0.575543 0.610188 0.024012
e_16_17 16 17 6 0.0125 0.0112098 -0.224596 0.0546496 0.288288 -0.493226 -0.565057 0.595255 0.020093
e_17_18 17 18 7 0.0125 -0.00763193 -0.230858 0.0522224 0.348057 -0.52557 -0.53121 0.566082 0.020043
e_18_19 18 19 8 0.0125 -0.0270141 -0.232573 0.0486871 0.405853 -0.625832 -0.475772 0.466111 0.020035
e_19_1 19 1 9 0.0125 -0.0461723 -0.23082 0.0432295 0.395524 -0.657725 -0.471207 0.434653 0.020001
e_1_20 1 20 1 0.0125 -0.0409181 -0.238879 0.0435642 0.120271 -0.479825 0.415584 -0.763278 0.035316
e_20_21 20 21 2 0.0125 -0.0174637 -0.254077 0.0484454 -0.647472 -0.597458 -0.274427 -0.385377 0.021464
e_21_22 21 22 3 0.0125 0.000264282 -0.267275 0.0502017 -0.709706 -0.505411 -0.481062 -0.0972409 0.022972
e_22_4 22 4 4 0.0125 0.016874 -0.280981 0.0516727 -0.705483 -0.242826 -0.619067 0.24512 0.020248
e_1_23 1 23 1 0.0125 -0.0622471 -0.215687 0.0360827 0.599198 -0.768247 -0.190273 0.120641 0.03207
e_23_24 23 24 2 0.0125 -0.0802599 -0.183491 0.0228701 0.53284 -0.796657 -0.248489 0.140258 0.046632
e_24_3 24 3 3 0.0125 -0.0971476 -0.156248 0.012814 0.650131 -0.710749 -0.192128 0.187756 0.021297
12 25 24
3 -0.335658 0.282913 0.0118608 0.0125
26 -0.318951 0.277214 0.0212601 0.0125
25 -0.301542 0.274607 0.030755 0.0125
24 -0.284577 0.271913 0.0409984 0.0125
23 -0.265212 0.270822 0.0458766 0.0125
4 -0.223974 0.209788 0.126538 0.0125
22 -0.23223 0.220494 0.111798 0.0125
21 -0.238188 0.234977 0.0993593 0.0125
20 -0.244247 0.249425 0.0869272 0.0125
6 -0.131042 0.170846 0.0911677 0.0125
11 -0.112072 0.16442 0.0917322 0.0125
10 -0.0932606 0.157714 0.0901821 0.0125
9 -0.0737816 0.154155 0.0932423 0.0125
2 0.0137633 0.15581 0.109269 0.0125
19 -0.247068 0.261598 0.0713107 0.0125
8 -0.0542198 0.1495 0.0953728 0.0125
12 -0.0239663 0.142145 0.0866273 0.0125
5 -0.0714406 0.141006 0.0610773 0.0125
13 -0.0362964 0.187384 0.076332 0.0125
14 -0.130974 0.223337 0.0501604 0.0125
15 -0.160421 0.230414 0.0429265 0.0125
16 -0.194084 0.24117 0.0447777 0.0125
17 -0.212535 0.251303 0.0462609 0.0125
18 -0.230703 0.259496 0.0480233 0.0125
1 -0.246662 0.270369 0.0533413 0.0125
e_2_8 2 8 1 0.0125 -0.0202284 0.152654 0.10232 0.161868 -0.727123 -0.266477 0.611622 0.069676
e_8_9 8 9 2 0.0125 -0.0640007 0.151827 0.094308 0.312428 -0.719868 -0.185663 0.591361 0.02022
e_9_10 9 10 3 0.0125 -0.0835208 0.155934 0.0917124 0.281049 -0.732544 -0.199368 0.587063 0.020037
e_10_11 10 11 4 0.0125 -0.102666 0.161068 0.0909573 0.396655 -0.661534 -0.15388 0.617542 0.020031
e_11_6 11 6 5 0.0125 -0.121557 0.167633 0.0914504 0.365459 -0.698883 -0.160175 0.593588 0.020037
e_2_12 2 12 1 0.0125 -0.00510144 0.148978 0.0979484 0.00219713 -0.810644 -0.297592 0.504273 0.046075
e_12_5 12 5 2 0.0125 -0.0477034 0.141576 0.0738523 0.128866 -0.825482 -0.235545 0.496479 0.053925
e_2_13 2 13 1 0.0125 -0.0112662 0.171597 0.0928001 0.318613 -0.85615 -0.100738 0.394138 0.067732
e_13_14 13 14 2 0.0125 -0.083635 0.20536 0.0632464 0.323067 -0.775969 -0.151565 0.520123 0.104602
e_14_15 14 15 3 0.0125 -0.145697 0.226876 0.0465434 0.282267 -0.762987 -0.184456 0.5515 0.031136
e_15_16 15 16 4 0.0125 -0.177252 0.235792 0.0438518 0.378564 -0.66866 -0.163495 0.618751 0.035388
e_16_17 16 17 5 0.0125 -0.20331 0.246236 0.0455198 0.450848 -0.672902 -0.109845 0.576085 0.021104
e_17_18 17 18 6 0.0125 -0.221619 0.2554 0.0471418 0.428106 -0.662372 -0.131237 0.600638 0.020007
e_18_1 18 1 7 0.0125 -0.238683 0.264932 0.0506823 0.527835 -0.601088 -0.0770698 0.5951 0.02003
e_1_19 1 19 1 0.0125 -0.246865 0.265983 0.0623265 0.420863 0.0878342 -0.207468 0.878702 0.02
e_19_20 19 20 2 0.0125 -0.245657 0.255511 0.0791195 0.263027 0.161686 -0.288883 0.906213 0.02
e_20_21 20 21 3 0.0125 -0.241217 0.242201 0.0931438 0.0257599 0.179617 -0.396142 0.900081 0.02
e_21_22 21 22 4 0.0125 -0.235209 0.227736 0.105579 0.0232961 0.175767 -0.397665 0.900237 0.02
e_22_4 22 4 5 0.0125 -0.228102 0.215141 0.119168 0.453157 0.333173 -0.143284 0.814318 0.02
e_1_23 1 23 1 0.0125 -0.255937 0.270595 0.0496091 0.169515 -0.79563 -0.231517 0.533515 0.02
e_23_24 23 24 2 0.0125 -0.274894 0.271368 0.0434369 0.211478 -0.7546 -0.229198 0.577343 0.02
e_24_25 24 25 3 0.0125 -0.293059 0.273259 0.0358766 0.184024 -0.847736 -0.19344 0.458323 0.02
e_25_26 25 26 4 0.0125 -0.310247 0.27591 0.026008 0.190523 -0.835651 -0.197626 0.475744 0.02
e_26_3 26 3 5 0.0125 -0.327305 0.280064 0.0165613 0.252312 -0.842919 -0.156471 0.448713 0.02
13 24 23
3 -0.189553 0.194282 0.0643313 0.0125
25 -0.173533 0.206223 0.0651993 0.0125
24 -0.160658 0.221106 0.068773 0.0125
23 -0.145624 0.232799 0.0748748 0.0125
22 -0.130011 0.242218 0.0830912 0.0125
4 -0.209078 0.229538 0.123022 0.0125
21 -0.187277 0.231795 0.119072 0.0125
20 -0.159169 0.243336 0.10734 0.0125
12 0.00185922 -0.0953082 0.218153 0.0125
11 -0.0106535 -0.081556 0.1933 0.0125
10 -0.0196996 -0.0684404 0.180128 0.0125
9 -0.0285505 -0.0564162 0.165887 0.0125
2 -0.048889 -0.0336091 0.117072 0.0125
19 -0.138069 0.245846 0.100295 0.0125
8 -0.0399704 -0.0426299 0.136916 0.0125
6 0.00882684 -0.108131 0.2319 0.0125
13 -0.00176726 -0.0299066 0.109273 0.0125
5 0.0492679 -0.0226887 0.101715 0.0125
14 -0.0873765 0.0908558 0.123555 0.0125
15 -0.0970945 0.128358 0.129006 0.0125
16 -0.100568 0.158181 0.125404 0.0125
17 -0.113907 0.207647 0.107507 0.0125
18 -0.11699 0.231462 0.102336 0.0125
1 -0.116691 0.251453 0.0948081 0.0125
e_2_8 2 8 1 0.0125 -0.0444298 -0.0381188 0.126993 0.958206 0.187684 0.208544 -0.0559043 0.023552
e_8_9 8 9 2 0.0125 -0.0342605 -0.0495227 0.151401 0.960507 0.20055 0.185559 -0.0526769 0.034056
e_9_10 9 10 3 0.0125 -0.0241245 -0.0624279 0.173007 0.915491 0.336848 0.20358 0.0834583 0.020633
e_10_11 10 11 4 0.0125 -0.015177 -0.0749983 0.186714 0.896401 0.380172 0.192007 0.122749 0.020672
e_11_12 11 12 5 0.0125 -0.00439714 -0.0884325 0.205726 0.948763 0.230285 0.215908 -0.0141785 0.031038
e_12_6 12 6 6 0.0125 0.00534351 -0.10172 0.225026 0.913326 0.36573 0.152954 0.0931757 0.020048
e_2_13 2 13 1 0.0125 -0.0253281 -0.0317586 0.113173 -0.633867 -0.0938785 -0.756689 -0.1297 0.047906
e_13_5 13 5 2 0.0125 0.0237503 -0.0262977 0.105494 -0.278633 -0.632603 -0.415156 -0.591458 0.052094
e_2_14 2 14 1 0.0125 -0.0681327 0.0286237 0.120314 0.460514 -0.261411 -0.637819 -0.559266 0.130441
e_14_15 14 15 2 0.0125 -0.0922356 0.109607 0.12628 0.48945 -0.286531 -0.590118 -0.574543 0.039122
e_15_16 15 16 3 0.0125 -0.0988312 0.14327 0.127205 0.33638 -0.301995 -0.684359 -0.572102 0.030241
e_16_17 16 17 4 0.0125 -0.107238 0.182915 0.116455 0.284704 -0.202357 -0.789904 -0.504031 0.054268
e_17_18 17 18 5 0.0125 -0.115448 0.219555 0.104921 0.297889 -0.277876 -0.726658 -0.553187 0.024564
e_18_1 18 1 6 0.0125 -0.11684 0.241457 0.0985719 0.186584 -0.281183 -0.772738 -0.537586 0.021364
e_1_19 1 19 1 0.0125 -0.12738 0.24865 0.097552 0.770901 0.275411 -0.551056 -0.161859 0.022772
e_19_20 19 20 2 0.0125 -0.148619 0.244591 0.103818 0.782624 0.218542 -0.543049 -0.211745 0.022387
e_20_21 20 21 3 0.0125 -0.173224 0.237565 0.113206 0.813706 0.297059 -0.481301 -0.134119 0.032572
e_21_4 21 4 4 0.0125 -0.198177 0.230667 0.121047 0.739731 0.233001 -0.597529 -0.203637 0.02227
e_1_22 1 22 1 0.0125 -0.123351 0.246835 0.0889504 0.454256 0.462696 -0.760804 0.0272286 0.02
e_22_23 22 23 2 0.0125 -0.137818 0.237508 0.0789831 0.542737 0.439762 -0.715559 -0.0044791 0.02
e_23_24 23 24 3 0.0125 -0.153142 0.226952 0.0718237 0.588934 0.468712 -0.657915 0.0247707 0.02
e_24_25 24 25 4 0.0125 -0.167096 0.213664 0.0669861 0.63602 0.514927 -0.569393 0.0782306 0.02
e_25_3 25 3 5 0.0125 -0.181543 0.200252 0.064765 0.691567 0.437251 -0.574894 -0.00667596 0.02
14 23 22
3 -0.290163 -0.0888261 0.0728714 0.0125
24 -0.267173 -0.0853297 0.0818238 0.0125
23 -0.248552 -0.0791896 0.0880795 0.0125
22 -0.230805 -0.0676831 0.0951603 0.0125
4 -0.21937 -0.0178375 0.0114605 0.0125
21 -0.221417 -0.0298319 0.0273335 0.0125
20 -0.218192 -0.0395535 0.0445114 0.0125
5 -0.0712884 0.165503 0.0609579 0.0125
10 -0.0751822 0.190913 0.0976454 0.0125
6 0.067206 0.209038 0.130125 0.0125
9 -0.0781477 0.201876 0.119848 0.0125
2 -0.0816981 0.213125 0.147719 0.0125
19 -0.214277 -0.0427947 0.063855 0.0125
8 0.0293899 0.209737 0.134993 0.0125
11 -0.10343 0.174496 0.151447 0.0125
12 -0.123204 0.137584 0.144889 0.0125
13 -0.149629 0.071371 0.126242 0.0125
14 -0.169268 0.0275741 0.1194 0.0125
15 -0.184523 0.00149469 0.122753 0.0125
16 -0.193489 -0.016406 0.120135 0.0125
17 -0.199856 -0.0333927 0.111703 0.0125
1 -0.204331 -0.0505772 0.101728 0.0125
18 -0.208336 -0.0459277 0.0826937 0.0125
e_2_8 2 8 1 0.0125 -0.026154 0.211432 0.141355 0.325842 0.661563 0.345271 0.580473 0.111866
e_8_6 8 6 2 0.0125 0.0482984 0.209387 0.132559 0.320783 0.662987 0.352521 0.5773 0.038134
e_2_9 2 9 1 0.0125 -0.079923 0.207501 0.133784 0.168884 0.637966 0.743945 -0.104997 0.030264
e_9_10 9 10 2 0.0125 -0.0766654 0.196395 0.108747 0.194363 0.637158 0.734285 -0.130679 0.024939
e_10_5 10 5 3 0.0125 -0.0732352 0.178208 0.0793014 0.229444 0.625439 0.719935 -0.194614 0.044797
e_2_11 2 11 1 0.0125 -0.0925642 0.193811 0.149583 -0.229245 0.131657 0.663889 -0.699546 0.044479
e_11_12 11 12 2 0.0125 -0.113317 0.15604 0.148168 -0.0782467 0.275592 0.708103 -0.645381 0.042386
e_12_13 12 13 3 0.0125 -0.136417 0.104477 0.135565 0.0638762 0.368623 0.700458 -0.607779 0.07369
e_13_14 13 14 4 0.0125 -0.159448 0.0494722 0.122822 -0.00495752 0.303825 0.691554 -0.6553 0.048484
e_14_15 14 15 5 0.0125 -0.176895 0.014534 0.121077 -0.270943 0.104352 0.658757 -0.694074 0.030399
e_15_16 15 16 6 0.0125 -0.189006 -0.00745567 0.121444 -0.0572717 0.276984 0.698659 -0.657173 0.020191
e_16_17 16 17 7 0.0125 -0.196673 -0.0248991 0.115919 0.0967627 0.433086 0.723319 -0.52904 0.020004
e_17_1 17 1 8 0.0125 -0.202094 -0.0419847 0.106716 0.171321 0.487905 0.711905 -0.475174 0.020367
e_1_18 1 18 1 0.0125 -0.206334 -0.0482525 0.0922109 -0.149828 0.552632 0.818829 0.0408457 0.02
e_18_19 18 19 2 0.0125 -0.211307 -0.0443606 0.0732743 -0.169831 0.530523 0.830362 -0.0141868 0.02
e_19_20 19 20 3 0.0125 -0.216235 -0.0411739 0.0541834 -0.127532 0.55741 0.820294 0.0121383 0.02
e_20_21 20 21 4 0.0125 -0.219804 -0.034692 0.0359226 -0.210723 0.541122 0.797896 0.161695 0.02
e_21_4 21 4 5 0.0125 -0.220393 -0.0238347 0.019397 -0.1514 0.580525 0.748209 0.283289 0.02
e_1_22 1 22 1 0.0125 -0.217568 -0.0591309 0.0984442 -0.447819 0.16011 0.759193 -0.444352 0.032197
e_22_23 22 23 2 0.0125 -0.239679 -0.0734368 0.09162 -0.387499 0.216726 0.782152 -0.437164 0.022304
e_23_24 23 24 3 0.0125 -0.257863 -0.08226 0.0849511 -0.500001 0.192686 0.784119 -0.313094 0.020582
e_24_3 24 3 4 0.0125 -0.278669 -0.087078 0.0773474 -0.516882 0.218941 0.794795 -0.230648 0.024917
