14
1 28 27
3 0.189387 0.286154 0.0537817 0.0125
29 0.211582 0.288765 0.0546863 0.0125
28 0.265967 0.282876 0.0622055 0.0125
4 0.247765 0.209408 0.0112581 0.0125
27 0.268385 0.227315 0.0272046 0.0125
26 0.279662 0.247786 0.043619 0.0125
1 0.288349 0.28169 0.0626008 0.0125
25 0.277181 0.265223 0.0647102 0.0125
24 0.265144 0.249294 0.063278 0.0125
23 0.249834 0.236378 0.0627544 0.0125
22 0.23144 0.228583 0.064677 0.0125
21 0.212815 0.220974 0.0664268 0.0125
12 0.00845499 0.0324474 0.0245667 0.0125
11 0.00930972 0.0462612 0.0391653 0.0125
10 0.0150874 0.0621412 0.0501583 0.0125
9 0.0241327 0.0810605 0.0646263 0.0125
2 0.0353506 0.136485 0.0945413 0.0125
19 0.173593 0.203706 0.072007 0.0125
8 0.0291487 0.101756 0.0743257 0.0125
6 0.0106951 0.018619 0.0100301 0.0125
13 0.0374745 0.142679 0.113439 0.0125
14 0.0433272 0.148025 0.131801 0.0125
15 0.0429577 0.150895 0.151591 0.0125
16 0.045095 0.155831 0.170853 0.0125
5 0.0474493 0.160793 0.190084 0.0125
17 0.0634972 0.14313 0.0925161 0.0125
18 0.140797 0.187706 0.0799293 0.0125
20 0.193308 0.212352 0.0687798 0.0125
e_2_8 2 8 1 0.0125 0.0322497 0.11912 0.0844335 -0.052102 0.0627794 0.862929 -0.498696 0.04066
e_8_9 8 9 2 0.0125 0.0266407 0.091408 0.0694765 -0.0758106 0.0816306 0.837021 -0.53571 0.023399
e_9_10 9 10 3 0.0125 0.0196095 0.0716001 0.0573925 -0.141211 0.121162 0.877072 -0.442859 0.025478
e_10_11 10 11 4 0.0125 0.0121981 0.0542007 0.0446616 -0.110421 0.101088 0.873176 -0.463844 0.020159
e_11_12 11 12 5 0.0125 0.00888236 0.0393543 0.031866 -0.0121592 0.0268594 0.928508 -0.37014 0.020116
e_12_6 12 6 6 0.0125 0.00957556 0.0255326 0.0172987 0.0525986 -0.0180827 0.927204 -0.370405 0.020188
e_2_13 2 13 1 0.0125 0.0364131 0.139581 0.10399 0.209978 -0.0860518 -0.141965 -0.963509 0.02
e_13_14 13 14 2 0.0125 0.0404014 0.145352 0.12262 0.352702 -0.188528 -0.0735127 -0.913594 0.02
e_14_15 14 15 3 0.0125 0.0431419 0.149461 0.141696 0.0836453 0.00320613 -0.0724879 -0.99385 0.02
e_15_16 15 16 4 0.0125 0.0440258 0.153364 0.161222 0.198543 -0.0778176 -0.11121 -0.970648 0.02
e_16_5 16 5 5 0.0125 0.0462721 0.158313 0.180469 0.207789 -0.0843855 -0.109997 -0.968299 0.02
e_2_17 2 17 1 0.0125 0.0494244 0.139808 0.0935284 0.631159 -0.425146 0.59513 -0.258281 0.028992
e_17_18 17 18 2 0.0125 0.102148 0.165419 0.0862224 0.651435 -0.450442 0.605755 -0.0761247 0.090114
e_18_19 18 19 3 0.0125 0.157195 0.195705 0.075968 0.622234 -0.429997 0.648981 -0.0821606 0.03734
e_19_20 19 20 4 0.0125 0.18345 0.208029 0.0703933 0.639087 -0.438494 0.617933 -0.132096 0.021768
e_20_21 20 21 5 0.0125 0.203062 0.216664 0.0676035 0.650453 -0.445281 0.597134 -0.148546 0.021457
e_21_22 21 22 6 0.0125 0.222127 0.22478 0.0655516 0.652903 -0.445356 0.587353 -0.174333 0.020195
e_22_23 22 23 7 0.0125 0.240636 0.232481 0.0637158 0.652271 -0.445616 0.591042 -0.163213 0.02007
e_23_24 23 24 8 0.0125 0.257489 0.242836 0.0630155 0.713646 -0.494016 0.49283 -0.0614452 0.020037
e_24_25 24 25 9 0.0125 0.271163 0.257258 0.063994 0.730034 -0.512234 0.449246 0.0533373 0.020016
e_25_1 25 1 10 0.0125 0.282765 0.273456 0.0636555 0.636398 -0.457191 0.586252 0.205626 0.02001
e_1_26 1 26 1 0.0125 0.284006 0.264739 0.0531096 -0.0791032 0.0819703 0.855367 -0.505342 0.039816
e_26_27 26 27 2 0.0125 0.274024 0.237551 0.0354118 -0.159377 0.133153 0.877286 -0.432711 0.02856
e_27_4 27 4 3 0.0125 0.258075 0.218362 0.0192309 -0.282158 0.217196 0.839617 -0.410189 0.031625
e_1_28 1 28 1 0.0125 0.277158 0.282284 0.0624034 -0.583336 0.426221 0.571978 -0.388453 0.022417
e_28_29 28 29 2 0.0125 0.238775 0.28582 0.0584458 -0.581987 0.419936 0.625895 -0.305286 0.055217
e_29_3 29 3 3 0.0125 0.200484 0.287459 0.0542345 -0.532105 0.393869 0.60422 -0.443452 0.022367
2 26 25
3 0.0996515 0.0233304 0.0153825 0.0125
27 0.148246 -0.0362223 0.014517 0.0125
4 0.224334 -0.0418142 0.0909831 0.0125
26 0.20275 -0.0458016 0.0734917 0.0125
25 0.187469 -0.0520507 0.0544105 0.0125
24 0.175828 -0.0546287 0.0382668 0.0125
1 0.158072 -0.0567742 0.0185342 0.0125
23 0.17786 -0.0539988 0.019683 0.0125
22 0.197183 -0.0513388 0.0151873 0.0125
21 0.215243 -0.0429417 0.0118602 0.0125
11 0.330162 0.170739 0.0237191 0.0125
6 0.37347 0.288022 0.0432101 0.0125
10 0.375402 0.263034 0.0379752 0.0125
9 0.366113 0.229347 0.0312515 0.0125
2 0.32031 0.154397 0.0297135 0.0125
19 0.257469 -0.0204911 0.017732 0.0125
8 0.349099 0.191801 0.0264547 0.0125
12 0.340623 0.18693 0.0183907 0.0125
13 0.352972 0.202583 0.0168244 0.0125
14 0.365319 0.218224 0.0151126 0.0125
5 0.374137 0.235907 0.012017 0.0125
15 0.298912 0.0729469 0.0404042 0.0125
16 0.290676 0.0432035 0.0346991 0.0125
17 0.284541 0.0241961 0.0286593 0.0125
18 0.275074 0.00342771 0.0257637 0.0125
20 0.238135 -0.0333144 0.0114945 0.0125
e_2_8 2 8 1 0.0125 0.334704 0.173099 0.0280839 0.465457 -0.721232 -0.119429 -0.49891 0.047312
e_8_9 8 9 2 0.0125 0.357606 0.210574 0.0288535 0.56525 -0.637809 -0.188154 -0.48815 0.041499
e_9_10 9 10 3 0.0125 0.370758 0.24619 0.0346138 0.61513 -0.591847 -0.23505 -0.464848 0.035586
e_10_6 10 6 4 0.0125 0.374436 0.275528 0.040592 0.681424 -0.52889 -0.343592 -0.371323 0.025603
e_2_11 2 11 1 0.0125 0.325236 0.162568 0.0267166 0.429535 -0.787406 -0.172742 -0.407004 0.02
e_11_12 11 12 2 0.0125 0.335392 0.178834 0.0210553 0.432069 -0.779446 -0.16026 -0.424377 0.02
e_12_13 12 13 3 0.0125 0.346798 0.194756 0.0176075 0.460006 -0.725093 -0.115739 -0.499238 0.02
e_13_14 13 14 4 0.0125 0.359145 0.210403 0.0159685 0.458077 -0.727548 -0.116129 -0.497347 0.02
e_14_5 14 5 5 0.0125 0.369728 0.227065 0.0135652 0.489147 -0.734997 -0.192744 -0.428211 0.02
e_2_15 2 15 1 0.0125 0.309611 0.113672 0.0350584 -0.12779 0.0566251 0.658654 -0.73935 0.08489
e_15_16 15 16 2 0.0125 0.294794 0.0580746 0.0375514 -0.538074 -0.512313 0.573091 -0.345803 0.031386
e_16_17 16 17 3 0.0125 0.287608 0.0336996 0.0316788 -0.579376 -0.684795 0.419253 -0.140024 0.020866
e_17_18 17 18 4 0.0125 0.279808 0.0138115 0.0272117 -0.590382 -0.469622 0.585136 -0.297522 0.023007
e_18_19 18 19 5 0.0125 0.266271 -0.00853208 0.0217478 -0.376642 -0.765704 -0.210274 0.477098 0.030766
e_19_20 19 20 6 0.0125 0.247802 -0.0269029 0.0146137 0.270254 -0.397692 -0.68678 0.545102 0.024023
e_20_21 20 21 7 0.0125 0.22669 -0.038128 0.0116775 0.660406 0.0098782 -0.70182 0.266862 0.024837
e_21_22 21 22 8 0.0125 0.206214 -0.0471404 0.0135235 0.756622 0.193686 -0.616516 0.099581 0.020193
e_22_23 22 23 9 0.0125 0.187522 -0.0526692 0.0174353 0.781272 0.0502797 -0.620623 0.0437515 0.020017
e_23_1 23 1 10 0.0125 0.167966 -0.0553861 0.0191086 0.638976 -0.169276 -0.707139 0.25102 0.020015
e_1_24 1 24 1 0.0125 0.16695 -0.0557014 0.0284012 0.492673 -0.32623 0.152002 -0.792302 0.026632
e_24_25 24 25 2 0.0125 0.181649 -0.0533397 0.0463386 0.537887 -0.289961 0.11718 -0.78286 0.020069
e_25_26 25 26 3 0.0125 0.19511 -0.0489264 0.0639508 0.548878 -0.339303 0.082167 -0.759509 0.025231
e_26_4 26 4 4 0.0125 0.213543 -0.0438083 0.0822376 0.459126 -0.407417 0.149686 -0.775119 0.028067
e_1_27 1 27 1 0.0125 0.153159 -0.0464987 0.0165256 0.625622 -0.596847 -0.480218 -0.147516 0.023132
e_27_3 27 3 2 0.0125 0.123949 -0.00644617 0.0149495 0.700572 -0.460611 -0.531237 -0.121755 0.076868
3 22 21
3 0.00121108 0.170596 0.0273753 0.0125
23 -0.0175758 0.163377 0.0270048 0.0125
22 -0.0345356 0.153553 0.0320671 0.0125
21 -0.0655358 0.146275 0.0353888 0.0125
4 -0.176346 0.0878285 0.0297028 0.0125
20 -0.157655 0.0981599 0.0314663 0.0125
5 -0.12579 -0.0437816 0.0449202 0.0125
10 -0.12899 -0.0809482 0.0389943 0.0125
6 -0.0309834 -0.0284235 0.0480018 0.0125
9 -0.0422872 -0.0462406 0.0413153 0.0125
2 -0.126657 -0.137087 0.0122505 0.0125
19 -0.138749 0.109622 0.0339861 0.0125
8 -0.0703288 -0.0702454 0.0294013 0.0125
11 -0.0969153 -0.0584164 0.0219779 0.0125
12 -0.0753809 -0.0159599 0.0174076 0.0125
13 -0.0673718 0.0135064 0.0124937 0.0125
14 -0.0666614 0.0482171 0.0132125 0.0125
15 -0.067479 0.0688756 0.014641 0.0125
16 -0.0705251 0.0876359 0.0217038 0.0125
17 -0.07813 0.104683 0.0298822 0.0125
18 -0.0851979 0.121556 0.0383836 0.0125
1 -0.0921065 0.140556 0.0402585 0.0125
e_2_8 2 8 1 0.0125 -0.0984927 -0.103667 0.0208255 0.768429 -0.443194 0.455316 0.076046 0.089078
e_8_9 8 9 2 0.0125 -0.0563082 -0.0582428 0.0353587 0.808137 -0.370155 0.457595 0.0225036 0.038788
e_9_6 9 6 3 0.0125 -0.0366355 -0.0373317 0.0446583 0.798494 -0.448211 0.384819 0.115878 0.022134
e_2_10 2 10 1 0.0125 -0.127824 -0.109018 0.0256226 0.798065 -0.510883 0.155272 0.279251 0.062228
e_10_5 10 5 2 0.0125 -0.12739 -0.0623645 0.041957 0.711606 -0.585604 0.28042 0.268419 0.037772
e_2_11 2 11 1 0.0125 -0.111786 -0.0977519 0.0171142 0.72312 -0.544118 0.382739 0.185857 0.084666
e_11_12 11 12 2 0.0125 -0.0861483 -0.0371878 0.0196925 0.654716 -0.566213 0.476638 0.153514 0.047825
e_12_13 12 13 3 0.0125 -0.071377 -0.00122683 0.014951 0.610932 -0.625024 0.434493 0.217537 0.030928
e_13_14 13 14 4 0.0125 -0.0670162 0.0308612 0.012853 0.651802 -0.632456 0.299425 0.292401 0.034725
e_14_15 14 15 5 0.0125 -0.0670698 0.0585466 0.0139268 0.662684 -0.629384 0.263461 0.30873 0.020725
e_15_16 15 16 6 0.0125 -0.0690012 0.0782555 0.0181724 0.755883 -0.554423 0.135799 0.320648 0.020275
e_16_17 16 17 7 0.0125 -0.0743275 0.0961594 0.0257923 0.749201 -0.546639 0.0233086 0.373283 0.02038
e_17_18 17 18 8 0.0125 -0.0816639 0.11312 0.0341322 0.760182 -0.53716 0.0271209 0.36448 0.020172
e_18_1 18 1 9 0.0125 -0.088652 0.131057 0.0393208 0.625968 -0.658634 0.141556 0.392845 0.020305
e_1_19 1 19 1 0.0125 -0.115427 0.125089 0.0371224 0.273915 -0.39704 -0.630902 0.607694 0.056319
e_19_20 19 20 2 0.0125 -0.148202 0.10389 0.0327265 0.140646 -0.54188 -0.512828 0.65084 0.022252
e_20_4 20 4 3 0.0125 -0.167 0.0929943 0.0305842 0.281254 -0.437966 -0.591039 0.616242 0.021429
e_1_21 1 21 1 0.0125 -0.0788218 0.143416 0.0378233 0.626833 -0.318279 0.69776 -0.137515 0.027611
e_21_22 21 22 2 0.0125 -0.0500357 0.149914 0.0337279 0.65619 -0.309473 0.675359 -0.132404 0.032017
e_22_23 22 23 3 0.0125 -0.0260557 0.158464 0.0295358 0.611346 -0.434722 0.66034 -0.0349907 0.020242
e_23_3 23 3 4 0.0125 -0.00818174 0.166987 0.0271904 0.708115 -0.330212 0.617861 -0.0882106 0.02013
4 24 23
3 -0.123226 -0.191081 0.105682 0.0125
25 -0.123186 -0.172033 0.097736 0.0125
24 -0.123661 -0.153765 0.0889207 0.0125
23 -0.124329 -0.133852 0.0852855 0.0125
4 -0.156074 -0.173878 0.0291202 0.0125
22 -0.153738 -0.159468 0.0456356 0.0125
21 -0.146037 -0.133103 0.0638541 0.0125
1 -0.127628 -0.0954919 0.080328 0.0125
11 0.160208 0.0102296 0.0418653 0.0125
10 0.16057 -0.00925734 0.0463486 0.0125
6 0.186705 -0.169909 0.0420327 0.0125
9 0.177253 -0.134013 0.0565521 0.0125
2 0.157755 -0.0265347 0.0560214 0.0125
19 -0.0873314 -0.089833 0.0674282 0.0125
8 0.16178 -0.0778415 0.0610217 0.0125
12 0.160954 0.0294155 0.0362648 0.0125
13 0.16513 0.0489714 0.0359159 0.0125
5 0.169495 0.0684243 0.0343154 0.0125
14 0.0938873 -0.046807 0.0516697 0.0125
15 0.04842 -0.0548387 0.0539836 0.0125
16 -0.0128572 -0.069072 0.053658 0.0125
17 -0.0438178 -0.072167 0.0529131 0.0125
18 -0.0628427 -0.0788402 0.0553935 0.0125
20 -0.106705 -0.0930831 0.0755832 0.0125
e_2_8 2 8 1 0.0125 0.159767 -0.0521881 0.0585211 0.39358 0.400628 -0.539581 0.627251 0.051707
e_8_9 8 9 2 0.0125 0.169517 -0.105927 0.0587864 -0.585207 -0.708161 0.191701 -0.345385 0.058435
e_9_6 9 6 3 0.0125 0.181979 -0.151961 0.0492924 -0.555697 -0.822736 -0.0724341 -0.095177 0.039858
e_2_10 2 10 1 0.0125 0.159162 -0.0178965 0.0511845 0.504024 -0.860777 0.0299031 -0.0642545 0.02
e_10_11 10 11 2 0.0125 0.160389 0.000486768 0.0441064 0.622826 -0.78226 -0.0124274 0.00167484 0.02
e_11_12 11 12 3 0.0125 0.160581 0.0198227 0.0390645 0.599671 -0.799985 0.0044855 -0.019971 0.02
e_12_13 12 13 4 0.0125 0.163042 0.0391939 0.0360904 0.697424 -0.708894 0.0786823 -0.0698442 0.02
e_13_5 13 5 5 0.0125 0.167313 0.0586979 0.0351162 0.673942 -0.730547 0.0794425 -0.0761067 0.02
e_2_14 2 14 1 0.0125 0.12582 -0.036671 0.053846 0.387065 -0.448375 -0.575642 0.563717 0.067149
e_14_15 14 15 2 0.0125 0.0711535 -0.0508224 0.0528266 0.480287 -0.428698 -0.539623 0.54254 0.046229
e_15_16 15 16 3 0.0125 0.017781 -0.061956 0.0538208 0.439344 -0.440271 -0.555655 0.551711 0.06291
e_16_17 16 17 4 0.0125 -0.0283374 -0.07062 0.053285 0.46479 -0.484173 -0.526815 0.521549 0.031123
e_17_18 17 18 5 0.0125 -0.0533301 -0.0755041 0.0541538 0.475977 -0.343403 -0.566589 0.578357 0.020314
e_18_19 18 19 6 0.0125 -0.0750872 -0.0843361 0.0614103 0.618967 -0.170791 -0.516029 0.566943 0.029417
e_19_20 19 20 7 0.0125 -0.097018 -0.0914581 0.0715052 0.644781 -0.274648 -0.482544 0.525336 0.02127
e_20_1 20 1 8 0.0125 -0.117166 -0.094288 0.0779556 0.575252 -0.367028 -0.505372 0.528181 0.021589
e_1_21 1 21 1 0.0125 -0.136832 -0.114297 0.072091 -0.132521 -0.527854 -0.635941 0.547163 0.044998
e_21_22 21 22 2 0.0125 -0.149887 -0.146286 0.0547453 -0.30036 -0.728033 -0.496331 0.365249 0.032959
e_22_4 22 4 3 0.0125 -0.154906 -0.166673 0.0373779 -0.309172 -0.879051 -0.319229 0.172554 0.022042
e_1_23 1 23 1 0.0125 -0.125978 -0.114672 0.0828067 0.481303 0.465189 -0.468779 0.576362 0.038819
e_23_24 23 24 2 0.0125 -0.123995 -0.143809 0.0871031 0.513482 0.444007 -0.46165 0.571028 0.020254
e_24_25 24 25 3 0.0125 -0.123424 -0.162899 0.0933278 0.762045 0.484306 -0.21951 0.369527 0.020289
e_25_3 25 3 4 0.0125 -0.123206 -0.181557 0.101709 0.713914 0.475147 -0.28591 0.427571 0.020638
5 23 22
3 -0.0392535 0.0392505 0.116177 0.0125
24 -0.0459652 0.0648494 0.114185 0.0125
23 -0.0458121 0.0857742 0.110506 0.0125
22 -0.0456955 0.112692 0.107383 0.0125
4 -0.0484177 0.0976363 0.01232 0.0125
21 -0.0498133 0.11113 0.0324402 0.0125
20 -0.0488159 0.1252 0.0613935 0.0125
11 -0.180896 -0.180832 0.170582 0.0125
10 -0.174932 -0.150748 0.16464 0.0125
6 -0.145156 0.00478204 0.0879641 0.0125
9 -0.150039 -0.0281334 0.0993109 0.0125
2 -0.164184 -0.128044 0.153475 0.0125
19 -0.044975 0.133794 0.0805318 0.0125
8 -0.161591 -0.10304 0.143952 0.0125
12 -0.182254 -0.201148 0.168357 0.0125
5 -0.182293 -0.221688 0.165156 0.0125
13 -0.121737 -0.0309326 0.126726 0.0125
14 -0.08338 0.0269004 0.120593 0.0125
15 -0.0632119 0.0558324 0.113836 0.0125
16 -0.0564975 0.0777432 0.110843 0.0125
17 -0.0512352 0.0981347 0.106151 0.0125
18 -0.0440976 0.116778 0.102713 0.0125
1 -0.0394942 0.136401 0.101885 0.0125
e_2_8 2 8 1 0.0125 -0.162887 -0.115542 0.148714 0.348518 -0.569036 -0.5944 -0.4488 0.026881
e_8_9 8 9 2 0.0125 -0.155815 -0.0655865 0.121632 0.00427504 -0.139711 -0.856878 -0.496208 0.087961
e_9_6 9 6 3 0.0125 -0.147598 -0.0116755 0.0936372 0.408648 -0.649887 -0.488903 -0.41428 0.035157
e_2_10 2 10 1 0.0125 -0.169557 -0.139396 0.159058 0.770652 0.360769 -0.408368 0.33042 0.027489
e_10_11 10 11 2 0.0125 -0.177914 -0.16579 0.167611 0.680092 0.49186 -0.403691 0.364119 0.031239
e_11_12 11 12 3 0.0125 -0.181576 -0.190989 0.16947 0.564656 0.601827 -0.438329 0.35614 0.020483
e_12_5 12 5 4 0.0125 -0.182274 -0.211418 0.166756 0.538591 0.62821 -0.426991 0.364624 0.020788
e_2_13 2 13 1 0.0125 -0.14296 -0.0794881 0.1401 0.574787 -0.564344 0.551249 0.217395 0.109306
e_13_14 13 14 2 0.0125 -0.102559 -0.00201613 0.123659 0.459508 -0.119549 0.727822 0.494808 0.069667
e_14_15 14 15 3 0.0125 -0.0732968 0.0413661 0.117214 0.313945 0.0719832 0.767393 0.554405 0.035909
e_15_16 15 16 4 0.0125 -0.0598545 0.0667879 0.11234 0.659155 -0.708621 0.250205 0.0277397 0.023111
e_16_17 16 17 5 0.0125 -0.0538665 0.0879385 0.108497 0.604154 -0.780191 -0.00737048 -0.162005 0.021576
e_17_18 17 18 6 0.0125 -0.047666 0.107456 0.104432 0.631078 -0.644426 0.411805 0.129892 0.020256
e_18_1 18 1 7 0.0125 -0.0417957 0.12659 0.102299 0.69239 -0.700058 0.174425 0.00952041 0.020174
e_1_19 1 19 1 0.0125 -0.042235 0.135098 0.0912085 0.135826 0.57786 -0.804379 -0.0245723 0.022199
e_19_20 19 20 2 0.0125 -0.0468959 0.129497 0.0709628 0.207637 0.655948 -0.720003 0.0906419 0.021328
e_20_21 20 21 3 0.0125 -0.0493144 0.118165 0.0469173 0.175832 0.717498 -0.659304 0.139991 0.032207
e_21_4 21 4 4 0.0125 -0.0491155 0.104383 0.0223807 0.209185 0.749537 -0.593946 0.204118 0.024266
e_1_22 1 22 1 0.0125 -0.0425949 0.124547 0.104634 0.696342 0.467804 -0.414378 0.352928 0.025117
e_22_23 22 23 2 0.0125 -0.0457532 0.0992333 0.108944 0.630067 0.559649 -0.359415 0.400787 0.027097
e_23_24 23 24 3 0.0125 -0.0458882 0.0753123 0.112345 0.649024 0.542351 -0.345357 0.406635 0.021247
e_24_3 24 3 4 0.0125 -0.0426102 0.0520497 0.115181 0.575451 0.623182 -0.27224 0.454297 0.026539
6 22 21
3 0.138423 -0.131321 0.0603292 0.0125
23 0.12468 -0.145137 0.0679196 0.0125
22 0.106361 -0.158307 0.0704327 0.0125
21 0.0932778 -0.172594 0.0777664 0.0125
4 0.00289148 -0.264606 0.11456 0.0125
20 0.0158066 -0.248614 0.107655 0.0125
11 -0.140583 -0.0289638 0.137989 0.0125
6 -0.185044 0.132454 0.160067 0.0125
10 -0.181474 0.111353 0.162615 0.0125
9 -0.177826 0.0794973 0.168807 0.0125
2 -0.152341 -0.0115046 0.15917 0.0125
19 0.0354244 -0.235566 0.100037 0.0125
8 -0.173167 0.0477078 0.169723 0.0125
12 -0.131894 -0.0397336 0.115113 0.0125
13 -0.128429 -0.046582 0.0960517 0.0125
5 -0.125249 -0.0601568 0.0779432 0.0125
14 -0.0762242 -0.0633904 0.132148 0.0125
15 -0.00579008 -0.118941 0.115305 0.0125
16 0.00953269 -0.131461 0.11032 0.0125
17 0.0274789 -0.152093 0.102997 0.0125
18 0.0430617 -0.175081 0.0977191 0.0125
1 0.0712241 -0.196461 0.0924791 0.0125
e_2_8 2 8 1 0.0125 -0.162754 0.0181013 0.164446 0.76067 -0.625369 -0.161295 0.0654113 0.063649
e_8_9 8 9 2 0.0125 -0.175497 0.0636022 0.169265 0.678778 -0.714628 0.0596959 0.158126 0.032142
e_9_10 9 10 3 0.0125 -0.17965 0.0954249 0.16571 0.606559 -0.756734 0.148831 0.193106 0.032656
e_10_6 10 6 4 0.0125 -0.183259 0.121903 0.161341 0.645454 -0.745946 0.0517555 0.155806 0.021553
e_2_11 2 11 1 0.0125 -0.146462 -0.0202341 0.148579 0.373585 0.854361 0.353162 0.0760101 0.029862
e_11_12 11 12 2 0.0125 -0.136239 -0.0343484 0.126551 0.258494 0.88612 0.377642 0.073209 0.026736
e_12_13 12 13 3 0.0125 -0.130162 -0.0431578 0.105582 0.187822 0.935229 0.298593 0.0302036 0.020548
e_13_5 13 5 4 0.0125 -0.126839 -0.0533689 0.0869977 0.322195 0.924346 0.204347 0.00403523 0.022854
e_2_14 2 14 1 0.0125 -0.114283 -0.0374475 0.145659 0.572812 0.625612 0.499354 0.176469 0.096001
e_14_15 14 15 2 0.0125 -0.041007 -0.0911666 0.123726 0.616791 0.616708 0.460371 0.165223 0.091272
e_15_16 15 16 3 0.0125 0.00187121 -0.125201 0.112811 0.593422 0.641075 0.45954 0.160299 0.020406
e_16_17 16 17 4 0.0125 0.0185062 -0.141777 0.106657 0.595817 0.692815 0.386443 0.125182 0.028307
e_17_18 17 18 5 0.0125 0.0352703 -0.163587 0.100358 0.629452 0.698627 0.324453 0.102179 0.02827
e_18_1 18 1 6 0.0125 0.0571423 -0.185771 0.0950988 0.63082 0.598716 0.463503 0.169619 0.035744
e_1_19 1 19 1 0.0125 0.0533238 -0.216014 0.096259 0.741786 0.558181 -0.343314 -0.142562 0.053553
e_19_20 19 20 2 0.0125 0.0256161 -0.24209 0.103846 0.794013 0.41255 -0.41952 -0.152805 0.024761
e_20_4 20 4 3 0.0125 0.00934905 -0.25661 0.111107 0.803948 0.500993 -0.299619 -0.113586 0.021686
e_1_21 1 21 1 0.0125 0.0822504 -0.184528 0.0851228 0.391247 -0.0508422 0.83883 0.375106 0.035672
e_21_22 21 22 2 0.0125 0.0998193 -0.16545 0.0740995 0.427879 -0.0911109 0.817754 0.374027 0.020714
e_22_23 22 23 3 0.0125 0.11552 -0.151721 0.0691761 0.567182 -0.0518397 0.743415 0.350644 0.022701
e_23_3 23 3 4 0.0125 0.131551 -0.138229 0.0641244 0.424287 -0.0560737 0.823607 0.372167 0.020913
7 24 23
3 -0.143624 -0.391398 0.217814 0.0125
25 -0.136102 -0.372921 0.216399 0.0125
24 -0.12975 -0.353996 0.215188 0.0125
23 -0.129822 -0.334029 0.214031 0.0125
22 -0.132416 -0.314253 0.212556 0.0125
4 -0.11497 -0.207877 0.165162 0.0125
21 -0.123644 -0.237873 0.179586 0.0125
20 -0.129551 -0.262587 0.194282 0.0125
11 -0.138596 0.011058 0.0347803 0.0125
10 -0.140924 -0.0019896 0.0497577 0.0125
6 -0.263977 -0.129634 0.0921594 0.0125
9 -0.146543 -0.0160949 0.0627751 0.0125
2 -0.151538 -0.0332961 0.0716733 0.0125
19 -0.138333 -0.2809 0.196342 0.0125
8 -0.18316 -0.0638131 0.0829163 0.0125
12 -0.135854 0.0249792 0.0206836 0.0125
5 -0.13127 0.0424643 0.0121244 0.0125
13 -0.143193 -0.172967 0.133234 0.0125
14 -0.141578 -0.19707 0.142724 0.0125
15 -0.140222 -0.21656 0.150645 0.0125
16 -0.139127 -0.232793 0.162344 0.0125
17 -0.142578 -0.248448 0.174379 0.0125
18 -0.140991 -0.266623 0.182589 0.0125
1 -0.134915 -0.294506 0.210607 0.0125
e_2_8 2 8 1 0.0125 -0.167349 -0.0485548 0.0772956 0.556161 -0.0135003 -0.613093 0.560909 0.045361
e_8_6 8 6 2 0.0125 -0.223568 -0.0967231 0.0875385 0.545285 -0.0374145 -0.674118 0.496819 0.104639
e_2_9 2 9 1 0.0125 -0.149041 -0.0246955 0.0672242 -0.510607 0.849481 -0.0287044 0.129766 0.02
e_9_10 9 10 2 0.0125 -0.143734 -0.00904202 0.0562668 -0.36545 0.575337 -0.703159 -0.202485 0.02
e_10_11 10 11 3 0.0125 -0.13976 0.00453466 0.042269 -0.144216 0.224696 -0.907719 -0.323666 0.02
e_11_12 11 12 4 0.0125 -0.137225 0.018019 0.0277317 -0.16369 0.224498 -0.895546 -0.347567 0.02
e_12_5 12 5 5 0.0125 -0.133563 0.0337213 0.016404 -0.0620397 0.307614 0.786997 0.531188 0.02
e_2_13 2 13 1 0.0125 -0.147366 -0.103131 0.102454 0.410637 0.295888 -0.459446 0.729888 0.152863
e_13_14 13 14 2 0.0125 -0.142385 -0.185018 0.137979 0.401617 0.305999 -0.472813 0.722161 0.025954
e_14_15 14 15 3 0.0125 -0.140901 -0.206815 0.146684 0.403104 0.304788 -0.468245 0.724816 0.021082
e_15_16 15 16 4 0.0125 -0.139675 -0.224677 0.156494 0.446217 0.254777 -0.378374 0.769943 0.020039
e_16_17 16 17 5 0.0125 -0.140853 -0.24062 0.168362 0.500747 0.164615 -0.415593 0.74124 0.020046
e_17_18 17 18 6 0.0125 -0.141784 -0.257535 0.178484 0.406458 0.303168 -0.450468 0.73482 0.020006
e_18_19 18 19 7 0.0125 -0.139662 -0.273761 0.189465 0.449236 0.253096 -0.303531 0.801248 0.020001
e_19_1 19 1 8 0.0125 -0.136624 -0.287703 0.203474 0.445745 0.257837 -0.277516 0.811059 0.020008
e_1_20 1 20 1 0.0125 -0.132233 -0.278546 0.202444 0.367372 -0.689186 -0.500198 -0.373983 0.036251
e_20_21 20 21 2 0.0125 -0.126598 -0.250229 0.186934 -0.20487 0.161757 -0.850973 -0.455749 0.029354
e_21_4 21 4 3 0.0125 -0.119308 -0.222874 0.172375 -0.225148 0.550752 0.637456 0.489521 0.034395
e_1_22 1 22 1 0.0125 -0.133665 -0.304379 0.211581 0.333013 0.374963 -0.557403 0.66167 0.02
e_22_23 22 23 2 0.0125 -0.131119 -0.324141 0.213294 0.326964 0.380275 -0.564365 0.655726 0.02
e_23_24 23 24 3 0.0125 -0.129786 -0.344012 0.214609 0.353689 0.335984 -0.5985 0.635466 0.02
e_24_25 24 25 4 0.0125 -0.132926 -0.363458 0.215793 0.428738 0.206255 -0.653587 0.588613 0.02
e_25_3 25 3 5 0.0125 -0.139863 -0.38216 0.217106 0.444254 0.179125 -0.657665 0.581403 0.02
8 21 20
3 -0.065603 -0.210285 0.196644 0.0125
22 -0.0816749 -0.226868 0.211998 0.0125
4 -0.206006 -0.320717 0.234033 0.0125
21 -0.18973 -0.306964 0.236952 0.0125
20 -0.175102 -0.293667 0.242826 0.0125
11 -0.187314 -0.104055 0.0193778 0.0125
6 -0.383468 -0.0568343 0.0125282 0.0125
10 -0.362024 -0.0696911 0.0183762 0.0125
9 -0.343038 -0.0802566 0.0249096 0.0125
2 -0.250141 -0.11599 0.0445143 0.0125
19 -0.153523 -0.283953 0.250126 0.0125
8 -0.323698 -0.0897493 0.0274472 0.0125
5 -0.158027 -0.0953747 0.0126132 0.0125
12 -0.197936 -0.143465 0.104802 0.0125
13 -0.172559 -0.168081 0.139764 0.0125
14 -0.146194 -0.193641 0.176042 0.0125
15 -0.129743 -0.216162 0.193228 0.0125
16 -0.123295 -0.231388 0.206616 0.0125
17 -0.120718 -0.242538 0.223188 0.0125
18 -0.123164 -0.257249 0.23671 0.0125
1 -0.123514 -0.270106 0.252031 0.0125
e_2_8 2 8 1 0.0125 -0.286919 -0.10287 0.0359807 0.612514 -0.0983396 -0.772709 -0.134446 0.079941
e_8_9 8 9 2 0.0125 -0.333368 -0.085003 0.0261779 0.645238 -0.159579 -0.730087 -0.158667 0.021693
e_9_10 9 10 3 0.0125 -0.352531 -0.0749734 0.021643 0.565762 -0.147182 -0.788862 -0.189599 0.022689
e_10_6 10 6 4 0.0125 -0.372747 -0.063263 0.0154523 0.590214 -0.172453 -0.764282 -0.194374 0.025677
e_2_11 2 11 1 0.0125 -0.218728 -0.110023 0.0319456 -0.18218 0.818098 -0.116728 0.532824 0.068714
e_11_5 11 5 2 0.0125 -0.17267 -0.0997157 0.0159951 -0.0197853 0.754298 0.197837 0.625702 0.031286
e_2_12 2 12 1 0.0125 -0.224038 -0.129727 0.0746578 0.76402 0.333937 0.176393 0.523111 0.084349
e_12_13 12 13 2 0.0125 -0.185248 -0.155773 0.122283 0.759308 0.377876 0.0751034 0.524423 0.049722
e_13_14 13 14 3 0.0125 -0.159376 -0.180861 0.157903 0.759114 0.378084 0.0751635 0.524545 0.051619
e_14_15 14 15 4 0.0125 -0.137968 -0.204901 0.184634 0.67599 0.48681 -0.0265076 0.552585 0.032759
e_15_16 15 16 5 0.0125 -0.126519 -0.223774 0.199923 0.746971 0.422352 -0.0835919 0.506622 0.021276
e_16_17 16 17 6 0.0125 -0.122006 -0.236963 0.214902 0.84871 0.288453 -0.0732002 0.437182 0.020139
e_17_18 17 18 7 0.0125 -0.121941 -0.249893 0.229949 0.81793 0.327868 -0.238016 0.408462 0.020132
e_18_1 18 1 8 0.0125 -0.123339 -0.263678 0.244371 0.841168 0.301981 -0.160748 0.418813 0.020004
e_1_19 1 19 1 0.0125 -0.138519 -0.277029 0.251078 0.675988 0.18519 -0.7032 0.119395 0.033105
e_19_20 19 20 2 0.0125 -0.164313 -0.288811 0.246476 0.58658 0.212133 -0.776137 0.0923829 0.024765
e_20_21 20 21 3 0.0125 -0.182416 -0.300316 0.239889 0.567979 0.326476 -0.731991 0.187087 0.020623
e_21_4 21 4 4 0.0125 -0.197868 -0.31384 0.235493 0.628395 0.296025 -0.693008 0.192948 0.021507
e_1_22 1 22 1 0.0125 -0.102595 -0.248487 0.232014 -0.355612 0.0736873 -0.878381 -0.310735 0.072268
e_22_3 22 3 2 0.0125 -0.0736394 -0.218576 0.204321 -0.356338 0.074631 -0.878206 -0.310172 0.027732
9 21 20
3 -0.29555 0.144642 0.012628 0.0125
22 -0.29031 0.110969 0.0319083 0.0125
4 -0.383597 0.0943652 0.0347731 0.0125
21 -0.365606 0.0845117 0.0363519 0.0125
20 -0.340807 0.0715076 0.0421404 0.0125
11 -0.265717 -0.140354 0.142471 0.0125
10 -0.261618 -0.171515 0.145919 0.0125
6 -0.290548 -0.327916 0.243324 0.0125
9 -0.279502 -0.307014 0.225893 0.0125
2 -0.253355 -0.215047 0.155326 0.0125
19 -0.288944 0.0374569 0.0675144 0.0125
8 -0.262061 -0.268649 0.184897 0.0125
5 -0.269613 -0.11765 0.140962 0.0125
12 -0.248266 -0.178143 0.136194 0.0125
13 -0.2516 -0.159757 0.128276 0.0125
14 -0.251536 -0.061582 0.0998356 0.0125
15 -0.251496 -0.0412287 0.0938912 0.0125
16 -0.258045 -0.0195216 0.0867737 0.0125
17 -0.270492 -0.00129704 0.0835723 0.0125
18 -0.281717 0.0156907 0.0762058 0.0125
1 -0.295449 0.0573467 0.060202 0.0125
e_2_8 2 8 1 0.0125 -0.257708 -0.241848 0.170111 0.805943 0.444129 -0.252262 0.29928 0.061833
e_8_9 8 9 2 0.0125 -0.270781 -0.287832 0.205395 0.878293 0.289085 -0.260359 0.277929 0.058795
e_9_6 9 6 3 0.0125 -0.285025 -0.317465 0.234608 0.85674 0.323509 -0.314043 0.250433 0.029372
e_2_10 2 10 1 0.0125 -0.257487 -0.193281 0.150623 0.614082 -0.713073 -0.308825 -0.138047 0.045297
e_10_11 10 11 2 0.0125 -0.263668 -0.155935 0.144195 0.667055 -0.734631 -0.121867 -0.0224302 0.031618
e_11_5 11 5 3 0.0125 -0.267665 -0.129002 0.141716 0.68311 -0.714098 -0.150809 -0.0260949 0.023086
e_2_12 2 12 1 0.0125 -0.25081 -0.196595 0.14576 0.430292 -0.632331 0.573224 0.293975 0.041878
e_12_13 12 13 2 0.0125 -0.249933 -0.16895 0.132235 0.450893 -0.583974 -0.595019 -0.318784 0.020295
e_13_14 13 14 3 0.0125 -0.251568 -0.110669 0.114055 0.600726 -0.799455 0.000514691 -2.76489e-06 0.102212
e_14_15 14 15 4 0.0125 -0.251516 -0.0514051 0.0968637 0.599866 -0.800099 0.00179395 0.000177726 0.021203
e_15_16 15 16 5 0.0125 -0.25477 -0.030375 0.0903328 0.527262 -0.581796 -0.557913 -0.268776 0.023764
e_16_17 16 17 6 0.0125 -0.264269 -0.0104094 0.0851739 0.6142 -0.438936 -0.615727 -0.225776 0.0223
e_17_18 17 18 7 0.0125 -0.276105 0.00719712 0.0798885 0.478051 -0.318338 -0.754172 -0.318358 0.021653
e_18_19 18 19 8 0.0125 -0.28533 0.0265744 0.0718602 0.470241 -0.500826 -0.652951 -0.318908 0.024526
e_19_1 19 1 9 0.0125 -0.292196 0.0474024 0.0638583 0.495576 -0.532554 -0.617519 -0.2991 0.022168
e_1_20 1 20 1 0.0125 -0.318127 0.0644278 0.0511713 0.522703 0.0809061 -0.819212 -0.221647 0.050833
e_20_21 20 21 2 0.0125 -0.353207 0.0780101 0.0392459 0.592078 -0.0988061 -0.769063 -0.2196 0.028594
e_21_4 21 4 3 0.0125 -0.374602 0.0894379 0.0355624 0.653636 -0.163422 -0.715306 -0.185446 0.020573
e_1_22 1 22 1 0.0125 -0.292879 0.0841583 0.0460552 0.514765 -0.855861 -0.00137264 -0.0501654 0.060846
e_22_3 22 3 2 0.0125 -0.29293 0.127806 0.0222682 0.26744 -0.340597 -0.793856 -0.42692 0.039154
10 22 21
3 -0.28616 0.0651117 0.237497 0.0125
23 -0.252602 0.0645549 0.218084 0.0125
22 -0.226441 0.0646681 0.20014 0.0125
4 -0.251824 -0.00932237 0.20855 0.0125
21 -0.245464 0.00877886 0.201221 0.0125
20 -0.237089 0.02936 0.193518 0.0125
11 -0.325337 -0.218738 0.036256 0.0125
10 -0.304421 -0.196789 0.0690817 0.0125
6 -0.212805 -0.103011 0.186316 0.0125
9 -0.233308 -0.138591 0.153709 0.0125
2 -0.291621 -0.175216 0.0851215 0.0125
19 -0.219702 0.0562491 0.185239 0.0125
8 -0.243056 -0.147146 0.136938 0.0125
5 -0.335364 -0.23085 0.0161302 0.0125
12 -0.278547 -0.0908974 0.125715 0.0125
13 -0.27519 -0.0457824 0.152782 0.0125
14 -0.27135 -0.0245415 0.164946 0.0125
15 -0.265982 0.00305196 0.178642 0.0125
16 -0.254288 0.0296558 0.184306 0.0125
17 -0.236834 0.0496941 0.185119 0.0125
18 -0.221409 0.0628449 0.183281 0.0125
1 -0.20358 0.0723342 0.183139 0.0125
e_2_8 2 8 1 0.0125 -0.267339 -0.161181 0.11103 0.870917 -0.298403 0.267735 -0.284214 0.076364
e_8_9 8 9 2 0.0125 -0.238182 -0.142869 0.145324 0.896419 -0.279809 0.161815 -0.303243 0.021201
e_9_6 9 6 3 0.0125 -0.223057 -0.120801 0.170012 0.790875 -0.434701 0.0104966 -0.430629 0.052435
e_2_10 2 10 1 0.0125 -0.29802 -0.186003 0.0771012 0.456721 0.578992 -0.658881 0.148493 0.029774
e_10_11 10 11 2 0.0125 -0.314879 -0.207763 0.0526685 0.354321 0.50658 -0.781459 0.0845891 0.044686
e_11_5 11 5 3 0.0125 -0.330351 -0.224794 0.0261933 0.310965 0.516948 -0.791682 0.0964627 0.02554
e_2_12 2 12 1 0.0125 -0.285084 -0.133056 0.105418 0.678468 -0.472318 -0.249224 -0.504464 0.09449
e_12_13 12 13 2 0.0125 -0.276868 -0.0683398 0.139249 0.724584 -0.429974 -0.241675 -0.481346 0.052718
e_13_14 13 14 3 0.0125 -0.273269 -0.0351623 0.158864 0.710503 -0.459537 -0.208237 -0.49056 0.024777
e_14_15 14 15 4 0.0125 -0.268666 -0.010745 0.171794 0.682005 -0.478659 -0.227766 -0.503862 0.031271
e_15_16 15 16 5 0.0125 -0.260135 0.0163543 0.181474 0.533975 -0.587509 -0.243279 -0.557242 0.029606
e_16_17 16 17 6 0.0125 -0.245561 0.0396749 0.184713 0.425562 -0.67949 -0.151677 -0.578087 0.026587
e_17_18 17 18 7 0.0125 -0.229121 0.0562688 0.184201 0.326404 -0.723493 -0.147296 -0.590189 0.020352
e_18_1 18 1 8 0.0125 -0.212495 0.06759 0.18321 0.500444 -0.677756 0.210213 -0.495998 0.020199
e_1_19 1 19 1 0.0125 -0.211641 0.0642921 0.184189 0.737331 0.444264 -0.506669 0.0475293 0.022872
e_19_20 19 20 2 0.0125 -0.228396 0.0428045 0.189378 0.785573 0.473121 -0.38858 0.0896527 0.033073
e_20_21 20 21 3 0.0125 -0.241276 0.0190694 0.19737 0.80495 0.496871 -0.298892 0.125853 0.023518
e_21_4 21 4 4 0.0125 -0.248644 -0.000271982 0.204886 0.812969 0.497883 -0.271472 0.132276 0.020537
e_1_22 1 22 1 0.0125 -0.215011 0.0685011 0.19164 0.879877 0.20308 -0.413088 -0.118039 0.029504
e_22_23 22 23 2 0.0125 -0.239522 0.0646115 0.209112 0.863291 0.104042 -0.454254 -0.193796 0.031723
e_23_3 23 3 3 0.0125 -0.269381 0.0648334 0.22779 0.843329 0.106024 -0.48828 -0.197834 0.038773
11 16 15
3 -0.047025 -0.0762936 0.0109409 0.0125
17 -0.0154577 -0.0848609 0.0207903 0.0125
4 -0.0390128 -0.138089 0.107087 0.0125
16 0.00977556 -0.113393 0.0672742 0.0125
1 0.0378939 -0.105979 0.0530778 0.0125
15 0.0284316 -0.121393 0.0782777 0.0125
14 0.0202362 -0.134534 0.0995033 0.0125
13 0.00699986 -0.1555 0.13326 0.0125
12 -0.0027112 -0.162064 0.161443 0.0125
11 -0.00938829 -0.17427 0.185762 0.0125
8 -0.0343363 -0.298964 0.254222 0.0125
2 -0.0416898 -0.209483 0.319779 0.0125
9 -0.0612048 -0.221409 0.33263 0.0125
6 -0.042749 -0.326003 0.227653 0.0125
10 -0.0938931 -0.244211 0.340683 0.0125
5 -0.11959 -0.261976 0.351639 0.0125
e_2_8 2 8 1 0.0125 -0.0380128 -0.254224 0.287 -0.437048 -0.838219 -0.303711 0.118899 0.11117
e_8_6 8 6 2 0.0125 -0.0385431 -0.312484 0.240937 -0.301826 -0.842909 -0.362793 0.258429 0.03883
e_2_9 2 9 1 0.0125 -0.0514476 -0.215446 0.326205 -0.113435 -0.46182 -0.204427 0.855607 0.026234
e_9_10 9 10 2 0.0125 -0.0775485 -0.232809 0.336656 -0.138408 -0.57576 -0.263566 0.761496 0.04066
e_10_5 10 5 3 0.0125 -0.106741 -0.253093 0.346161 -0.166881 -0.532994 -0.224635 0.798503 0.033106
e_2_11 2 11 1 0.0125 -0.0255396 -0.191877 0.25277 0.0454891 -0.83576 -0.521982 -0.16423 0.142281
e_11_12 11 12 2 0.0125 -0.00605004 -0.168167 0.173603 0.118953 -0.803643 -0.536794 -0.227727 0.028018
e_12_13 12 13 3 0.0125 0.00214403 -0.158782 0.147352 0.00960711 -0.838487 -0.508533 -0.195556 0.030522
e_13_14 13 14 4 0.0125 0.013618 -0.145018 0.116382 0.12533 -0.787707 -0.531501 -0.285162 0.041885
e_14_15 14 15 5 0.0125 0.0243336 -0.127964 0.0888909 0.126208 -0.787967 -0.531994 -0.283127 0.026275
e_15_1 15 1 6 0.0125 0.0331623 -0.113687 0.0656779 0.126653 -0.788962 -0.532679 -0.278838 0.031019
e_1_16 1 16 1 0.0125 0.0238347 -0.109687 0.0601763 0.47926 -0.346318 -0.400874 0.699767 0.03236
e_16_4 16 4 2 0.0125 -0.0146188 -0.125741 0.0871813 0.0977138 -0.379763 -0.247964 0.885859 0.06764
e_1_17 1 17 1 0.0125 0.0112186 -0.0954206 0.0369336 0.451767 -0.642417 -0.576629 0.225179 0.06584
e_17_3 17 3 2 0.0125 -0.0312411 -0.0805779 0.0158655 0.514339 -0.573601 -0.561374 0.302153 0.03416
12 23 22
3 -0.0217962 -0.139775 0.201985 0.0125
24 -0.0379486 -0.130041 0.195329 0.0125
23 -0.0522387 -0.118661 0.187187 0.0125
22 -0.0648387 -0.104703 0.180371 0.0125
21 -0.0798512 -0.0932965 0.1737 0.0125
4 -0.0841828 -0.123621 0.0748197 0.0125
20 -0.0928184 -0.106354 0.105627 0.0125
11 0.139325 -0.07332 0.113881 0.0125
6 0.197657 0.048606 0.0713266 0.0125
10 0.200214 0.00761107 0.086772 0.0125
9 0.199016 -0.0207381 0.0963846 0.0125
2 0.199212 -0.0949505 0.113487 0.0125
19 -0.0746365 -0.0822729 0.156872 0.0125
8 0.198901 -0.0518276 0.10357 0.0125
5 0.108032 -0.0551134 0.116848 0.0125
12 0.121783 -0.0904037 0.123535 0.0125
13 0.0781216 -0.0835894 0.138096 0.0125
14 0.0303182 -0.0847173 0.140496 0.0125
15 0.00389676 -0.0827359 0.141505 0.0125
16 -0.0153908 -0.0819025 0.147338 0.0125
17 -0.0353003 -0.0841081 0.148544 0.0125
18 -0.0553344 -0.0843153 0.151123 0.0125
1 -0.0933782 -0.0818896 0.164378 0.0125
e_2_8 2 8 1 0.0125 0.199057 -0.0733885 0.108528 -0.620723 0.780109 -0.0590339 -0.0514621 0.04425
e_8_9 8 9 2 0.0125 0.198959 -0.0362823 0.0999778 -0.622233 0.782364 -0.0222595 -0.0154119 0.031909
e_9_10 9 10 3 0.0125 0.199614 -0.00656299 0.0915788 -0.576953 0.808722 0.0800166 0.0817969 0.029958
e_10_6 10 6 4 0.0125 0.198935 0.0281081 0.0790493 -0.555572 0.812061 -0.128644 -0.123882 0.043883
e_2_11 2 11 1 0.0125 0.169268 -0.0841347 0.113683 0.394967 0.417341 -0.5681 -0.589143 0.063675
e_11_5 11 5 2 0.0125 0.123679 -0.0642167 0.115364 0.396078 0.309965 -0.602555 -0.619654 0.036325
e_2_12 2 12 1 0.0125 0.160498 -0.0926766 0.118511 0.535465 0.434569 -0.496905 -0.526795 0.07821
e_12_13 12 13 2 0.0125 0.0999519 -0.0869965 0.130815 0.614557 0.308842 -0.498138 -0.52801 0.046528
e_13_14 13 14 3 0.0125 0.0542194 -0.0841533 0.139296 0.51518 0.496041 -0.478406 -0.509568 0.047877
e_14_15 14 15 4 0.0125 0.0171075 -0.0837261 0.141 0.485108 0.476383 -0.504039 -0.53261 0.026515
e_15_16 15 16 5 0.0125 -0.00574753 -0.0823187 0.144421 0.62091 0.357678 -0.476904 -0.509018 0.020167
e_16_17 16 17 6 0.0125 -0.0253456 -0.0830053 0.14794 0.540085 0.512913 -0.454838 -0.488213 0.020068
e_17_18 17 18 7 0.0125 -0.0453169 -0.0842122 0.149834 0.550296 0.454336 -0.479312 -0.510894 0.020201
e_18_19 18 19 8 0.0125 -0.0649855 -0.0832937 0.153997 0.6073 0.340401 -0.492066 -0.522671 0.020244
e_19_1 19 1 9 0.0125 -0.0840068 -0.0820813 0.160625 0.666557 0.32334 -0.457813 -0.491488 0.020192
e_1_20 1 20 1 0.0125 -0.0930983 -0.0941219 0.135003 0.196033 0.979871 0.037616 -0.00304101 0.063644
e_20_4 20 4 2 0.0125 -0.0885006 -0.114988 0.0902232 0.261817 0.951824 0.133079 0.0881632 0.036356
e_1_21 1 21 1 0.0125 -0.0866142 -0.0875931 0.169038 0.824439 0.427295 0.29046 0.230982 0.02
e_21_22 21 22 2 0.0125 -0.0723445 -0.0990005 0.177035 0.772945 0.478785 0.322478 0.263305 0.02
e_22_23 22 23 3 0.0125 -0.0585386 -0.111682 0.183779 0.792566 0.509072 0.265437 0.205494 0.02
e_23_24 23 24 4 0.0125 -0.0450937 -0.12435 0.191257 0.801441 0.449749 0.306862 0.247494 0.02
e_24_3 24 3 5 0.0125 -0.0298724 -0.134909 0.198657 0.761163 0.456761 0.353523 0.294994 0.02
13 19 18
3 -0.0797444 -0.250275 0.12535 0.0125
20 -0.0733245 -0.234387 0.136501 0.0125
19 -0.0639772 -0.208287 0.155297 0.0125
11 0.049947 0.125297 0.185964 0.0125
10 0.0457484 0.120091 0.167115 0.0125
6 0.0354454 -0.0284535 0.179395 0.0125
9 0.0443128 0.115479 0.147708 0.0125
2 0.037033 0.112887 0.12926 0.0125
8 0.0358011 0.0533319 0.149161 0.0125
12 0.0522223 0.13323 0.204182 0.0125
5 0.0546715 0.14114 0.222387 0.0125
13 -0.00757959 -0.0758391 0.169644 0.0125
14 -0.015062 -0.0957757 0.173365 0.0125
15 -0.0214026 -0.114804 0.173066 0.0125
16 -0.0276106 -0.134054 0.173173 0.0125
17 -0.0380468 -0.151107 0.173723 0.0125
1 -0.0478955 -0.168423 0.171844 0.0125
18 -0.0146682 -0.211211 0.190611 0.0125
4 0.00928056 -0.239954 0.211124 0.0125
e_2_8 2 8 1 0.0125 0.0364175 0.0831094 0.139211 0.111477 0.0922408 0.577113 -0.803744 0.062804
e_8_6 8 6 2 0.0125 0.0356229 0.0124391 0.164277 0.117949 0.0846136 0.56522 -0.812068 0.087196
e_2_9 2 9 1 0.0125 0.040673 0.114183 0.138484 0.300028 -0.196936 -0.00610432 -0.933361 0.02
e_9_10 9 10 2 0.0125 0.0450308 0.117785 0.157411 0.0222728 -0.0387807 -0.115337 -0.992319 0.02
e_10_11 10 11 3 0.0125 0.0478482 0.122694 0.17654 0.150365 -0.125388 -0.114264 -0.973967 0.02
e_11_12 11 12 4 0.0125 0.051084 0.129263 0.195073 0.0220114 -0.0627593 -0.201524 -0.977223 0.02
e_12_5 12 5 5 0.0125 0.0534468 0.137185 0.213284 0.0322072 -0.0692986 -0.200195 -0.976771 0.02
e_2_13 2 13 1 0.0125 0.0147261 0.0185241 0.149453 0.0214547 0.162067 0.609754 -0.775547 0.198088
e_13_14 13 14 2 0.0125 -0.011321 -0.0858075 0.171505 -0.0333428 0.199608 0.611624 -0.764828 0.021616
e_14_15 14 15 3 0.0125 -0.0182329 -0.10529 0.173216 -0.0178165 0.207983 0.681318 -0.701592 0.02006
e_15_16 15 16 4 0.0125 -0.0245071 -0.124428 0.17312 -0.013633 0.203517 0.675237 -0.708838 0.020226
e_16_17 16 17 5 0.0125 -0.0328289 -0.14258 0.173449 -0.114986 0.263849 0.645479 -0.707473 0.02
e_17_1 17 1 6 0.0125 -0.0429711 -0.159765 0.172784 -0.100161 0.265891 0.690098 -0.665608 0.020009
e_1_18 1 18 1 0.0125 -0.0312813 -0.189817 0.181228 0.386237 -0.0960142 0.571944 -0.717274 0.057333
e_18_4 18 4 2 0.0125 -0.00269325 -0.225582 0.200868 0.385497 -0.116218 0.49609 -0.769272 0.042667
e_1_19 1 19 1 0.0125 -0.0559361 -0.188355 0.163571 -0.0413891 0.251694 0.785036 -0.564496 0.046061
e_19_20 19 20 2 0.0125 -0.0686504 -0.221337 0.145899 -0.023544 0.255694 0.845693 -0.467836 0.033495
e_20_3 20 3 3 0.0125 -0.0765346 -0.242331 0.130926 -0.0379068 0.263512 0.838617 -0.475232 0.020445
14 16 15
3 0.00395391 0.18004 0.0967754 0.0125
17 -0.0361397 0.20653 0.109556 0.0125
4 -0.163216 0.271072 0.152554 0.0125
16 -0.144153 0.264232 0.146044 0.0125
15 -0.12505 0.257711 0.139298 0.0125
14 -0.102726 0.250171 0.13117 0.0125
1 -0.0748793 0.23443 0.125316 0.0125
13 -0.0623485 0.218406 0.128654 0.0125
12 -0.0483248 0.200338 0.128504 0.0125
11 -0.0365994 0.169388 0.127569 0.0125
8 0.0330012 0.0104231 0.070108 0.0125
2 0.0518202 -0.0259707 0.0651184 0.0125
9 0.0405892 0.00866879 0.0435142 0.0125
6 -0.00431622 0.110193 0.0918965 0.0125
5 0.0263294 0.0561488 0.0140724 0.0125
10 -0.0170873 0.130909 0.114229 0.0125
e_2_8 2 8 1 0.0125 0.0424109 -0.00777428 0.0676131 0.726421 -0.645067 -0.153127 0.180979 0.041274
e_8_6 8 6 2 0.0125 0.0143422 0.0603073 0.0810022 0.760194 -0.62382 -0.103181 0.149359 0.108726
e_2_9 2 9 1 0.0125 0.0462054 -0.0086512 0.0543162 0.489282 -0.857408 -0.141338 0.0740226 0.042341
e_9_5 9 5 2 0.0125 0.0334595 0.0324095 0.0287929 0.490035 -0.85869 -0.133998 0.0675374 0.057659
e_2_10 2 10 1 0.0125 0.0173664 0.0524691 0.089674 0.779718 -0.590341 -0.117193 0.172638 0.178246
e_10_11 10 11 2 0.0125 -0.0268427 0.150148 0.120899 0.781778 -0.577981 -0.135053 0.191109 0.045158
e_11_12 11 12 3 0.0125 -0.0424617 0.184863 0.128037 0.703827 -0.687 -0.117987 0.136885 0.03311
e_12_13 12 13 4 0.0125 -0.0553367 0.209372 0.128579 0.671197 -0.666701 -0.228536 0.229731 0.022873
e_13_1 13 1 5 0.0125 -0.0686144 0.226418 0.126985 0.610134 -0.722788 -0.241938 0.216287 0.020614
e_1_14 1 14 1 0.0125 -0.0888029 0.2423 0.128243 0.679239 -0.538913 -0.345784 0.358665 0.032518
e_14_15 14 15 2 0.0125 -0.113888 0.25394 0.135234 0.701799 -0.438984 -0.379817 0.412928 0.024926
e_15_16 15 16 3 0.0125 -0.134601 0.260971 0.142671 0.699076 -0.443471 -0.380556 0.412071 0.021282
e_16_4 16 4 4 0.0125 -0.153684 0.267652 0.149299 0.697508 -0.451689 -0.378138 0.408009 0.021274
e_1_17 1 17 1 0.0125 -0.0555101 0.22048 0.117437 0.0765213 -0.590121 0.555424 -0.580867 0.050275
e_17_3 17 3 2 0.0125 -0.0160924 0.193285 0.103166 0.167751 -0.515624 0.602203 -0.585955 0.049725
