14
1 30 29
3 0.0750267 0.125223 0.10431 0.0125
31 0.0642472 0.127945 0.0876855 0.0125
30 0.0591349 0.130567 0.0685281 0.0125
29 0.0494555 0.133844 0.0513363 0.0125
28 0.0402228 0.135348 0.0336592 0.0125
4 0.124942 0.171769 0.0202075 0.0125
27 0.105168 0.168937 0.0211972 0.0125
26 0.0867072 0.162092 0.0176843 0.0125
25 0.0689526 0.15391 0.0134609 0.0125
24 0.0519002 0.143547 0.0121051 0.0125
1 0.0346053 0.1338 0.0145263 0.0125
23 0.0523762 0.12419 0.0178853 0.0125
22 0.068775 0.113021 0.0206647 0.0125
21 0.0814081 0.0954474 0.0235323 0.0125
12 0.0361569 -0.0370226 0.0580089 0.0125
11 0.0495644 -0.0521731 0.0568281 0.0125
10 0.0600649 -0.0685754 0.0508485 0.0125
9 0.0691412 -0.0832471 0.0407213 0.0125
2 0.114126 -0.129155 0.0152707 0.0125
19 0.0990664 0.0554363 0.0189493 0.0125
8 0.100985 -0.113642 0.021772 0.0125
6 0.0229171 -0.0219665 0.0591954 0.0125
13 0.0862337 -0.143663 0.0416395 0.0125
14 0.0636247 -0.153671 0.062524 0.0125
5 0.0463211 -0.165484 0.0789162 0.0125
15 0.124042 -0.0696725 0.0115857 0.0125
16 0.12873 -0.0311691 0.0198221 0.0125
17 0.120907 0.00778096 0.0243538 0.0125
18 0.10919 0.0365327 0.0234204 0.0125
20 0.0930379 0.0765687 0.0188801 0.0125
e_2_8 2 8 1 0.0125 0.107556 -0.121398 0.0185214 0.240498 -0.497825 0.316054 0.771 0.021345
e_8_9 8 9 2 0.0125 0.0850628 -0.0984443 0.0312469 0.297421 -0.506833 0.213121 0.780538 0.047927
e_9_10 9 10 3 0.0125 0.0646035 -0.0759113 0.0457847 0.516905 -0.461656 0.183732 0.697084 0.020004
e_10_11 10 11 4 0.0125 0.0548146 -0.0603747 0.0538383 0.299696 -0.483912 0.345067 0.746284 0.020374
e_11_12 11 12 5 0.0125 0.0428608 -0.0445983 0.0574189 0.00746095 -0.460005 0.509184 0.727373 0.020266
e_12_6 12 6 6 0.0125 0.0295364 -0.0294945 0.0586019 0.0104023 -0.460264 0.508564 0.727607 0.020085
e_2_13 2 13 1 0.0125 0.100179 -0.136409 0.0284554 0.60208 0.409888 -0.103357 -0.677354 0.041034
e_13_14 13 14 2 0.0125 0.0749292 -0.148667 0.0520817 0.623569 0.39685 -0.140966 -0.658636 0.032364
e_14_5 14 5 3 0.0125 0.0549735 -0.159578 0.0707203 0.5432 0.437522 -0.0218267 -0.716263 0.026602
e_2_15 2 15 1 0.0125 0.119085 -0.0994144 0.0134285 0.425562 -0.352327 0.637466 0.537029 0.060416
e_15_16 15 16 2 0.0125 0.126386 -0.0504203 0.0157041 0.534544 -0.374577 0.505801 0.564021 0.039653
e_16_17 16 17 3 0.0125 0.124818 -0.0116935 0.0220886 0.355972 -0.426676 0.511154 0.655708 0.039986
e_17_18 17 18 4 0.0125 0.115049 0.0221568 0.0238876 0.177284 -0.431091 0.573748 0.673457 0.031061
e_18_19 18 19 5 0.0125 0.104129 0.045984 0.0211854 0.0289694 -0.397371 0.666453 0.630157 0.021906
e_19_20 19 20 6 0.0125 0.096052 0.0660025 0.0189143 0.252301 -0.424834 0.566653 0.659367 0.021976
e_20_21 20 21 7 0.0125 0.087223 0.0860085 0.0212062 0.23418 -0.477092 0.411943 0.740166 0.022656
e_21_22 21 22 8 0.0125 0.0750916 0.104234 0.0220985 -0.0268461 -0.413786 0.628068 0.658477 0.021832
e_22_23 22 23 9 0.0125 0.060576 0.118605 0.0192748 -0.305823 -0.353823 0.666461 0.580613 0.020035
e_23_1 23 1 10 0.0125 0.0434914 0.128995 0.016206 -0.398673 -0.304521 0.699471 0.508986 0.02048
e_1_24 1 24 1 0.0125 0.043253 0.138673 0.0133162 0.630246 -0.147251 0.734071 0.205542 0.02
e_24_25 24 25 2 0.0125 0.0604262 0.148729 0.0127826 0.696175 -0.16064 0.663554 0.221882 0.02
e_25_26 25 26 3 0.0125 0.0778292 0.158001 0.0155724 0.759145 -0.130952 0.614208 0.171171 0.02
e_26_27 26 27 4 0.0125 0.095937 0.165514 0.019441 0.75394 -0.11021 0.632495 0.139207 0.02
e_27_4 27 4 5 0.0125 0.115055 0.170354 0.0207024 0.687565 -0.050238 0.722644 0.0501575 0.02
e_1_28 1 28 1 0.0125 0.0374136 0.134574 0.024093 0.989076 -0.0381848 0.142225 0.00653698 0.02
e_28_29 28 29 2 0.0125 0.0448387 0.134596 0.0424979 0.967197 0.0189078 0.240233 -0.0803745 0.02
e_29_30 29 30 3 0.0125 0.054295 0.132206 0.0599328 0.955583 0.0505909 0.260062 -0.129108 0.02
e_30_31 30 31 4 0.0125 0.0616906 0.129256 0.078107 0.980906 0.0488097 0.13673 -0.129404 0.02
e_31_3 31 3 5 0.0125 0.0696365 0.126584 0.0959981 0.950606 0.0384374 0.287925 -0.109404 0.02
2 22 21
3 -0.319038 -0.138028 0.129026 0.0125
23 -0.320036 -0.134487 0.109368 0.0125
22 -0.32101 -0.134154 0.0893937 0.0125
21 -0.321241 -0.134244 0.0693959 0.0125
20 -0.321583 -0.132799 0.0494503 0.0125
4 -0.24216 -0.083037 0.0124314 0.0125
6 -0.237813 0.00733268 0.0246048 0.0125
11 -0.19627 0.0113175 0.0244537 0.0125
10 -0.170813 0.0182138 0.0283605 0.0125
9 -0.151086 0.0265619 0.0255576 0.0125
2 -0.102876 0.0593524 0.0114999 0.0125
19 -0.258793 -0.0949773 0.0128801 0.0125
8 -0.126888 0.0432697 0.0176098 0.0125
12 -0.0734383 0.0351944 0.0162508 0.0125
5 -0.0244456 -0.00200525 0.0126062 0.0125
13 -0.22665 -0.0214623 0.0242469 0.0125
14 -0.269134 -0.0703161 0.0269359 0.0125
15 -0.293225 -0.0999325 0.0273843 0.0125
16 -0.30743 -0.122472 0.0296173 0.0125
1 -0.323661 -0.137193 0.0300504 0.0125
18 -0.274679 -0.105905 0.0182959 0.0125
17 -0.290922 -0.117676 0.0243459 0.0125
e_2_8 2 8 1 0.0125 -0.114882 0.0513107 0.0145556 0.74743 0.47972 -0.407973 -0.211602 0.029539
e_8_9 8 9 2 0.0125 -0.138987 0.0349161 0.0215841 0.764725 0.467271 -0.388843 -0.213668 0.03046
e_9_10 9 10 3 0.0125 -0.16095 0.0223882 0.0269588 0.706867 0.448183 -0.484006 -0.255361 0.021604
e_10_11 10 11 4 0.0125 -0.183541 0.0147653 0.0264067 0.598346 0.47459 -0.589951 -0.262116 0.026662
e_11_6 11 6 5 0.0125 -0.217041 0.00932448 0.0245291 0.629994 0.381206 -0.594026 -0.323918 0.041735
e_2_12 2 12 1 0.0125 -0.0881574 0.0472728 0.0138757 0.707487 0.565385 0.344152 0.247713 0.038377
e_12_5 12 5 2 0.0125 -0.0489412 0.0165944 0.0144286 0.610771 0.655581 0.315885 0.312072 0.061623
e_2_13 2 13 1 0.0125 -0.164764 0.0189455 0.0178737 0.708749 0.510356 -0.443374 -0.201573 0.14837
e_13_14 13 14 2 0.0125 -0.247892 -0.0458892 0.0255914 0.711927 0.589601 -0.362801 -0.117927 0.064799
e_14_15 14 15 3 0.0125 -0.28118 -0.0851243 0.0271601 0.703484 0.604732 -0.358364 -0.104806 0.038179
e_15_16 15 16 4 0.0125 -0.300327 -0.111202 0.0285 0.731737 0.608319 -0.296965 -0.0795072 0.026736
e_16_1 16 1 5 0.0125 -0.315546 -0.129833 0.0298338 0.698305 0.568298 -0.408838 -0.149197 0.021917
e_1_17 1 17 1 0.0125 -0.307291 -0.127435 0.0271976 0.53316 -0.69228 0.307827 -0.376473 0.038539
e_17_18 17 18 2 0.0125 -0.282801 -0.111791 0.0213206 0.0173614 -0.663422 -0.451936 -0.59609 0.020952
e_18_19 18 19 3 0.0125 -0.266736 -0.10044 0.015588 0.117746 -0.732111 -0.314995 -0.592391 0.020029
e_19_4 19 4 4 0.0125 -0.250475 -0.0890075 0.0126554 0.540198 -0.690767 0.183828 -0.444111 0.02048
e_1_20 1 20 1 0.0125 -0.322622 -0.134996 0.0397508 0.923007 -0.122189 0.00799491 -0.36478 0.02
e_20_21 20 21 2 0.0125 -0.321412 -0.133521 0.0594231 0.95663 0.0321305 0.0186451 -0.288927 0.02
e_21_22 21 22 3 0.0125 -0.321125 -0.134199 0.0793952 0.94972 -0.00393213 0.00476848 -0.313038 0.02
e_22_23 22 23 4 0.0125 -0.320523 -0.13432 0.0993809 0.953381 0.000611029 0.025744 -0.30067 0.02
e_23_3 23 3 5 0.0125 -0.319537 -0.136258 0.119197 0.963519 0.0797294 0.0466761 -0.251188 0.02
3 28 27
3 0.0713522 -0.206974 0.107362 0.0125
29 0.0716707 -0.187217 0.104266 0.0125
28 0.0728354 -0.169355 0.0953457 0.0125
27 0.0737476 -0.151377 0.0866302 0.0125
26 0.0757762 -0.133422 0.0780576 0.0125
4 0.00871387 -0.0452798 0.0490434 0.0125
25 0.0222386 -0.0594143 0.0532006 0.0125
24 0.0352607 -0.0737433 0.0582108 0.0125
23 0.0473325 -0.0891141 0.0624569 0.0125
22 0.0597834 -0.103737 0.0680364 0.0125
1 0.0754224 -0.116203 0.0678902 0.0125
21 0.0813019 -0.0979752 0.0621124 0.0125
11 0.30772 0.0912662 0.0236632 0.0125
10 0.289064 0.098356 0.0249648 0.0125
6 0.152371 0.0853297 0.141834 0.0125
9 0.272322 0.107153 0.0314686 0.0125
2 0.254692 0.114895 0.0368762 0.0125
19 0.101599 -0.065496 0.0507685 0.0125
8 0.193551 0.102726 0.101471 0.0125
12 0.325611 0.0838944 0.0186065 0.0125
5 0.342863 0.0757274 0.0126351 0.0125
13 0.235064 0.0970105 0.0395119 0.0125
14 0.153242 0.0208696 0.0471305 0.0125
15 0.140769 0.00384619 0.0465289 0.0125
16 0.128871 -0.0123711 0.0466396 0.0125
17 0.121143 -0.0308295 0.0465871 0.0125
18 0.111074 -0.0480364 0.0483432 0.0125
20 0.0908296 -0.0810715 0.0572621 0.0125
e_2_8 2 8 1 0.0125 0.224122 0.10881 0.0691735 0.92282 0.108577 -0.358376 -0.0904513 0.089771
e_8_6 8 6 2 0.0125 0.172961 0.0940277 0.121652 0.89935 0.221851 -0.340164 -0.161991 0.060229
e_2_9 2 9 1 0.0125 0.263507 0.111024 0.0341724 0.583454 0.498278 0.622008 0.156226 0.02
e_9_10 9 10 2 0.0125 0.280693 0.102755 0.0282174 0.566309 0.52937 0.618373 0.129136 0.02
e_10_11 10 11 3 0.0125 0.298392 0.0948111 0.0243133 0.656849 0.438407 0.583378 0.189787 0.02
e_11_12 11 12 4 0.0125 0.316666 0.0875803 0.0211349 0.588504 0.487923 0.623172 0.165078 0.02
e_12_5 12 5 5 0.0125 0.334238 0.0798115 0.0156209 0.574261 0.512264 0.621992 0.144689 0.02
e_2_13 2 13 1 0.0125 0.244878 0.105953 0.0381933 0.617474 0.651124 -0.163247 -0.410016 0.026684
e_13_14 13 14 2 0.0125 0.194153 0.0589406 0.0433216 0.601771 0.666469 -0.147701 -0.414579 0.112028
e_14_15 14 15 3 0.0125 0.147005 0.0123585 0.0468294 0.580942 0.716325 -0.0337406 -0.385028 0.021113
e_15_16 15 16 4 0.0125 0.13482 -0.0042616 0.0465843 0.598352 0.703583 -0.046907 -0.380456 0.020113
e_16_17 16 17 5 0.0125 0.125007 -0.0216001 0.0466133 0.630661 0.706301 0.0496309 -0.317713 0.020011
e_17_18 17 18 6 0.0125 0.116109 -0.0394329 0.0474652 0.654145 0.674535 -0.0333737 -0.340564 0.020014
e_18_19 18 19 7 0.0125 0.106336 -0.0567665 0.0495562 0.67389 0.662173 -0.0306805 -0.326279 0.020012
e_19_20 19 20 8 0.0125 0.0962141 -0.0732835 0.0540145 0.755463 0.566679 -0.129219 -0.302413 0.020018
e_20_21 20 21 9 0.0125 0.0860661 -0.0895227 0.0596873 0.727014 0.611225 -0.0715878 -0.304516 0.020001
e_21_1 21 1 10 0.0125 0.0783626 -0.107089 0.0650013 0.764616 0.596332 -0.00153889 -0.244435 0.020004
e_1_22 1 22 1 0.0125 0.0676031 -0.10997 0.067963 0.354652 -0.69664 0.105023 0.614723 0.02
e_22_23 22 23 2 0.0125 0.0535583 -0.0964263 0.0652463 -0.268532 -0.191352 0.776456 0.537021 0.02
e_23_24 23 24 3 0.0125 0.0412968 -0.0814284 0.0603336 -0.15294 -0.317178 0.711008 0.608666 0.02
e_24_25 24 25 4 0.0125 0.0287501 -0.0665791 0.0557058 -0.261447 -0.23094 0.756257 0.553523 0.02
e_25_4 25 4 5 0.0125 0.0154765 -0.0523467 0.0511217 -0.218578 -0.308792 0.713157 0.590151 0.02
e_1_26 1 26 1 0.0125 0.0755995 -0.124812 0.0729732 0.861738 0.490598 0.0715628 -0.107705 0.02
e_26_27 26 27 2 0.0125 0.0747618 -0.1424 0.0823435 0.829709 0.53282 0.0422279 -0.160943 0.02
e_27_28 27 28 3 0.0125 0.0732918 -0.160367 0.0909876 0.835042 0.527363 0.0633179 -0.143472 0.02
e_28_29 28 29 4 0.0125 0.0722531 -0.178286 0.0998058 0.837896 0.523349 0.0556234 -0.144715 0.02
e_29_3 29 3 5 0.0125 0.0715117 -0.197095 0.105813 0.73683 0.63287 0.148648 -0.185635 0.02
4 19 18
3 -0.388505 -0.0405494 0.0548019 0.0125
20 -0.367479 -0.0297471 0.0465607 0.0125
19 -0.322106 -0.0031647 0.0319534 0.0125
10 -0.125272 -0.158488 0.0300917 0.0125
5 0.00612699 -0.162231 0.0117805 0.0125
6 -0.0377841 -0.0304768 0.0263342 0.0125
9 -0.0218349 -0.165255 0.0193585 0.0125
2 -0.0925957 -0.169099 0.0203089 0.0125
8 -0.0559451 -0.0948986 0.0199021 0.0125
11 -0.148324 -0.146776 0.0404009 0.0125
12 -0.181541 -0.131221 0.0538095 0.0125
13 -0.249512 -0.0852489 0.059157 0.0125
14 -0.26891 -0.0677832 0.0565054 0.0125
15 -0.282217 -0.0439474 0.0525517 0.0125
16 -0.2898 -0.0258344 0.046158 0.0125
17 -0.297806 -0.00916537 0.0377356 0.0125
1 -0.304869 0.00616321 0.0263361 0.0125
18 -0.341637 -0.0492379 0.0420205 0.0125
4 -0.359934 -0.0749155 0.045129 0.0125
e_2_8 2 8 1 0.0125 -0.0742709 -0.131999 0.0201051 -0.133923 -0.18754 -0.683585 -0.692535 0.082759
e_8_6 8 6 2 0.0125 -0.0468647 -0.0626876 0.0231177 -0.000483843 -0.182035 -0.647328 -0.740155 0.067241
e_2_9 2 9 1 0.0125 -0.0572152 -0.167176 0.0198338 0.573005 0.379528 0.602216 0.406151 0.070872
e_9_5 9 5 2 0.0125 -0.00785348 -0.163743 0.01557 0.263093 0.674603 0.418326 0.548358 0.029128
e_2_10 2 10 1 0.0125 -0.108934 -0.163793 0.0252003 0.46693 0.355889 -0.486222 -0.647231 0.035722
e_10_11 10 11 2 0.0125 -0.136799 -0.152632 0.0352464 0.463483 0.272157 -0.490666 -0.685829 0.027836
e_11_12 11 12 3 0.0125 -0.164932 -0.138999 0.0471051 0.460981 0.292369 -0.492803 -0.677615 0.039052
e_12_13 12 13 4 0.0125 -0.215527 -0.108235 0.0564832 0.314799 0.345701 -0.589895 -0.658343 0.082232
e_13_14 13 14 5 0.0125 -0.259211 -0.0765156 0.0578313 0.210468 0.367664 -0.644476 -0.636535 0.026237
e_14_15 14 15 6 0.0125 -0.275564 -0.0558648 0.0545281 0.0831308 0.281687 -0.701654 -0.649171 0.027583
e_15_16 15 16 7 0.0125 -0.286008 -0.034891 0.0493547 -0.0227389 0.34118 -0.733751 -0.587102 0.020652
e_16_17 16 17 8 0.0125 -0.293803 -0.0174999 0.0419473 -0.0388188 0.417538 -0.730003 -0.539677 0.02032
e_17_1 17 1 9 0.0125 -0.301338 -0.00150061 0.0320355 -0.0851039 0.508906 -0.721723 -0.461398 0.020367
e_1_18 1 18 1 0.0125 -0.323253 -0.021537 0.0341778 0.718577 0.611253 -0.107597 -0.313752 0.068317
e_18_4 18 4 2 0.0125 -0.350786 -0.0620768 0.0435753 0.678524 0.657379 -0.137093 -0.297765 0.031683
e_1_19 1 19 1 0.0125 -0.313487 0.00149994 0.0291448 0.651164 0.540009 -0.26578 -0.462317 0.020389
e_19_20 19 20 2 0.0125 -0.344793 -0.0164559 0.0392571 0.655476 0.548188 -0.256259 -0.451854 0.054577
e_20_3 20 3 3 0.0125 -0.377992 -0.0351487 0.0506812 0.661334 0.515902 -0.263134 -0.4767 0.025034
5 22 21
3 0.261798 -0.101959 0.0347747 0.0125
23 0.280313 -0.16061 0.0433396 0.0125
4 0.247168 -0.114254 0.011598 0.0125
22 0.265284 -0.14984 0.0222869 0.0125
21 0.277514 -0.173785 0.0297731 0.0125
1 0.297557 -0.194275 0.0409149 0.0125
11 0.157321 0.0866916 0.034583 0.0125
6 0.348347 0.0638878 0.0978029 0.0125
10 0.302383 0.0737635 0.0922961 0.0125
9 0.277629 0.0773689 0.0825656 0.0125
2 0.204162 0.0844437 0.0654362 0.0125
19 0.279764 -0.160741 0.0533428 0.0125
8 0.254222 0.0809161 0.0766513 0.0125
12 0.137802 0.0876548 0.0242801 0.0125
5 0.121038 0.094462 0.0121669 0.0125
13 0.237997 -0.0103061 0.077284 0.0125
14 0.243171 -0.03125 0.0744184 0.0125
15 0.246141 -0.0519095 0.071944 0.0125
16 0.257743 -0.090771 0.0675583 0.0125
17 0.266644 -0.123852 0.0606814 0.0125
18 0.27097 -0.143327 0.0577613 0.0125
20 0.287655 -0.178113 0.0473216 0.0125
e_2_8 2 8 1 0.0125 0.229191 0.0826796 0.0710439 0.498808 0.507775 0.364843 0.600203 0.051421
e_8_9 8 9 2 0.0125 0.265925 0.0791425 0.0796089 0.524594 0.515538 0.336233 0.588191 0.024403
e_9_10 9 10 3 0.0125 0.290007 0.0755664 0.0874311 0.567553 0.46158 0.325083 0.599289 0.026841
e_10_6 10 6 4 0.0125 0.325366 0.0688255 0.0950498 0.492618 0.580658 0.323518 0.561693 0.047335
e_2_11 2 11 1 0.0125 0.180741 0.0855677 0.05001 0.306398 0.644144 -0.599911 -0.362361 0.056134
e_11_12 11 12 2 0.0125 0.147561 0.0871737 0.0294319 0.365673 0.574145 -0.635246 -0.364832 0.022093
e_12_5 12 5 3 0.0125 0.129419 0.0910586 0.0182236 0.171248 0.640721 -0.60633 -0.438764 0.021773
e_2_13 2 13 1 0.0125 0.221079 0.037069 0.0713593 0.677626 0.661647 -0.0612402 0.315114 0.101305
e_13_14 13 14 2 0.0125 0.240584 -0.020778 0.0758508 0.611798 0.74503 -0.103711 0.244698 0.021764
e_14_15 14 15 3 0.0125 0.244655 -0.04158 0.0731814 0.627407 0.733899 -0.14231 0.217946 0.021018
e_15_16 15 16 4 0.0125 0.251942 -0.0713402 0.0697511 0.614161 0.739302 -0.0847692 0.262782 0.040793
e_16_17 16 17 5 0.0125 0.262194 -0.107311 0.0641205 0.586821 0.767604 -0.0958939 0.239225 0.034941
e_17_18 17 18 6 0.0125 0.268808 -0.13359 0.0592217 0.610002 0.748103 -0.112953 0.235544 0.020162
e_18_19 18 19 7 0.0125 0.275367 -0.152034 0.0555516 0.551263 0.781155 -0.0160067 0.29266 0.020003
e_19_20 19 20 8 0.0125 0.28371 -0.169428 0.0503325 0.527935 0.805847 -0.0326726 0.266137 0.020008
e_20_1 20 1 9 0.0125 0.292606 -0.186194 0.0441186 0.502542 0.812342 0.0146874 0.295526 0.020007
e_1_21 1 21 1 0.0125 0.287536 -0.18403 0.0353441 0.115437 0.4443 -0.69552 -0.552742 0.030752
e_21_22 21 22 2 0.0125 0.271399 -0.161812 0.0260296 -0.389563 0.733826 -0.309222 -0.462733 0.02791
e_22_4 22 4 3 0.0125 0.256226 -0.132047 0.0169419 -0.361142 0.709052 -0.355704 -0.4902 0.041338
e_1_23 1 23 1 0.0125 0.288935 -0.177442 0.0421272 0.664928 -0.683266 -0.0340856 0.299761 0.037902
e_23_3 23 3 2 0.0125 0.271055 -0.131284 0.0390571 0.0902649 -0.323805 0.681255 0.650303 0.062098
6 24 23
3 -0.027596 0.193047 0.0346903 0.0125
25 -0.0623621 0.142545 0.0211714 0.0125
4 -0.0154144 0.170446 0.053402 0.0125
24 -0.0282677 0.156317 0.0474703 0.0125
23 -0.0426047 0.14379 0.0413464 0.0125
22 -0.0573646 0.131676 0.0353956 0.0125
21 -0.0708013 0.122213 0.023999 0.0125
1 -0.0860448 0.114942 0.0132847 0.0125
6 0.0183555 -0.250339 0.0125008 0.0125
11 -0.00110928 -0.245505 0.019658 0.0125
10 -0.0184897 -0.235978 0.0279839 0.0125
9 -0.0341187 -0.226079 0.0365169 0.0125
2 -0.0832019 -0.172344 0.083459 0.0125
19 -0.0992622 0.0666761 0.0348723 0.0125
8 -0.0589303 -0.198298 0.0568174 0.0125
12 -0.0860524 -0.155987 0.0946093 0.0125
13 -0.0891894 -0.140494 0.106863 0.0125
14 -0.0951057 -0.124867 0.117852 0.0125
15 -0.102519 -0.113635 0.132648 0.0125
5 -0.110359 -0.108437 0.150298 0.0125
16 -0.0912705 -0.0966783 0.0610998 0.0125
17 -0.10143 0.00470705 0.0440961 0.0125
18 -0.102657 0.0302829 0.0390702 0.0125
20 -0.091203 0.0957293 0.0219056 0.0125
e_2_8 2 8 1 0.0125 -0.071066 -0.18532 0.0701388 0.268594 0.880764 -0.155515 0.357668 0.044412
e_8_9 8 9 2 0.0125 -0.0465242 -0.212189 0.0466675 0.405997 0.857238 0.0665024 0.309655 0.042421
e_9_10 9 10 3 0.0125 -0.0263041 -0.231028 0.0322503 0.517657 0.631279 0.557589 0.150372 0.020374
e_10_11 10 11 4 0.0125 -0.00979984 -0.240741 0.0238206 0.54709 0.506479 0.661155 0.0839363 0.021497
e_11_6 11 6 5 0.0125 0.00862254 -0.247921 0.0160794 0.554633 -0.025222 0.816945 -0.156034 0.021296
e_2_12 2 12 1 0.0125 -0.084627 -0.164165 0.0890341 0.848803 -0.423606 -0.204456 -0.241429 0.02
e_12_13 12 13 2 0.0125 -0.0876214 -0.148241 0.100736 0.867489 -0.394118 -0.195783 -0.231954 0.02
e_13_14 13 14 3 0.0125 -0.092148 -0.132681 0.112358 0.852414 -0.38797 -0.273373 -0.219403 0.02
e_14_15 14 15 4 0.0125 -0.0988126 -0.119252 0.12525 0.916252 -0.258644 -0.251444 -0.174246 0.02
e_15_5 15 5 5 0.0125 -0.106439 -0.111037 0.141473 0.962759 -0.107974 -0.217015 -0.119758 0.02
e_2_16 2 16 1 0.0125 -0.0872361 -0.134511 0.0722794 0.528718 -0.662498 -0.449504 -0.281957 0.079311
e_16_17 16 17 2 0.0125 -0.0963498 -0.0459863 0.0525981 0.579676 -0.647371 -0.403996 -0.285787 0.103302
e_17_18 17 18 3 0.0125 -0.102044 0.017495 0.0415832 0.563352 -0.666786 -0.389492 -0.293814 0.026095
e_18_19 18 19 4 0.0125 -0.100959 0.0484799 0.0369709 0.586076 -0.687241 -0.291111 -0.315388 0.036791
e_19_20 19 20 5 0.0125 -0.0952328 0.0812033 0.0283892 0.436615 -0.774679 -0.312116 -0.334401 0.03282
e_20_1 20 1 6 0.0125 -0.088624 0.105335 0.0175952 0.436147 -0.773192 -0.31778 -0.333115 0.021681
e_1_21 1 21 1 0.0125 -0.0784239 0.118577 0.0186419 0.836593 -0.327408 0.353495 -0.260685 0.02
e_21_22 21 22 2 0.0125 -0.0640833 0.126944 0.0296969 0.843413 -0.370321 0.279192 -0.271236 0.02
e_22_23 22 23 3 0.0125 -0.049985 0.137733 0.0383713 0.736826 -0.52899 0.267186 -0.325375 0.02
e_23_24 23 24 4 0.0125 -0.0354365 0.150054 0.044408 0.739644 -0.533385 0.249814 -0.325608 0.02
e_24_4 24 4 5 0.0125 -0.0218414 0.163381 0.0504358 0.734157 -0.563874 0.183741 -0.330604 0.02
e_1_25 1 25 1 0.0125 -0.0742041 0.128744 0.017228 0.699049 -0.607658 0.157477 -0.342465 0.037215
e_25_3 25 3 2 0.0125 -0.044979 0.167796 0.0279308 0.701164 -0.619273 0.0940221 -0.340631 0.062785
7 29 28
3 0.0310462 0.0973757 0.13004 0.0125
30 0.0409729 0.0893588 0.114639 0.0125
29 0.0498652 0.0815436 0.0985181 0.0125
28 0.0580047 0.0757929 0.0811788 0.0125
27 0.0609782 0.0709282 0.0620081 0.0125
4 0.0885879 -0.0120269 0.0992339 0.0125
26 0.0848536 0.00232025 0.0848759 0.0125
25 0.0818944 0.0194118 0.0729374 0.0125
24 0.0771176 0.0470403 0.0554734 0.0125
1 0.0698387 0.0684795 0.044246 0.0125
23 0.0581997 0.0520228 0.0451547 0.0125
22 0.0435167 0.0384897 0.0434036 0.0125
21 0.0284855 0.0251029 0.0445521 0.0125
12 -0.253617 -0.131483 0.0701262 0.0125
11 -0.234065 -0.133353 0.0739407 0.0125
10 -0.214266 -0.13204 0.0792348 0.0125
9 -0.195161 -0.129537 0.0851902 0.0125
2 -0.13185 -0.134796 0.112628 0.0125
19 0.00248158 -0.0107736 0.0471012 0.0125
8 -0.166731 -0.132037 0.0974538 0.0125
6 -0.273103 -0.126755 0.0689469 0.0125
13 -0.105684 -0.143227 0.134629 0.0125
14 -0.0916039 -0.149551 0.1499 0.0125
15 -0.075174 -0.156712 0.163487 0.0125
5 -0.0601523 -0.163278 0.175937 0.0125
16 -0.0843447 -0.0933494 0.0851789 0.0125
17 -0.062417 -0.0728247 0.0717134 0.0125
18 -0.0380135 -0.0459923 0.0579646 0.0125
20 0.0166875 0.00800636 0.0460438 0.0125
e_2_8 2 8 1 0.0125 -0.14929 -0.133417 0.10504 0.546963 -0.131781 -0.825574 0.0435098 0.038139
e_8_9 8 9 2 0.0125 -0.180946 -0.130788 0.0913213 0.548477 -0.1366 -0.823858 0.0420825 0.031062
e_9_10 9 10 3 0.0125 -0.204714 -0.130788 0.0822122 0.586464 -0.0201325 -0.804507 0.0917761 0.020168
e_10_11 10 11 4 0.0125 -0.224166 -0.132696 0.0765878 0.603568 -0.0552127 -0.7911 0.0825649 0.020537
e_11_12 11 12 5 0.0125 -0.24384 -0.132418 0.0720334 0.633546 -0.142347 -0.758337 0.0572908 0.020007
e_12_6 12 6 6 0.0125 -0.26336 -0.129119 0.0695366 0.68475 -0.214489 -0.695233 0.0419769 0.020087
e_2_13 2 13 1 0.0125 -0.118767 -0.139011 0.123629 0.863213 0.245837 0.356561 0.259406 0.035211
e_13_14 13 14 2 0.0125 -0.0986439 -0.146388 0.142265 0.884113 0.251916 0.291367 0.264553 0.021712
e_14_15 14 15 3 0.0125 -0.0833888 -0.153132 0.156694 0.852482 0.29422 0.333707 0.274496 0.022491
e_15_5 15 5 4 0.0125 -0.0676634 -0.159996 0.169712 0.852648 0.294308 0.333161 0.274551 0.020586
e_2_16 2 16 1 0.0125 -0.108097 -0.114073 0.0989034 0.529068 -0.695397 0.464782 -0.143135 0.068761
e_16_17 16 17 2 0.0125 -0.0733807 -0.0830865 0.0784457 0.520562 -0.72568 0.421832 -0.156404 0.032915
e_17_18 17 18 3 0.0125 -0.0502159 -0.0594087 0.0648391 0.546024 -0.738069 0.363975 -0.156951 0.038788
e_18_19 18 19 4 0.0125 -0.0177659 -0.0283829 0.0525336 0.627844 -0.5788 0.513994 -0.0813155 0.054756
e_19_20 19 20 5 0.0125 0.00958483 -0.00138356 0.0465721 0.685036 -0.628861 0.356333 -0.0910311 0.023571
e_20_21 20 21 6 0.0125 0.022586 0.0165539 0.0452981 0.673196 -0.659298 0.318004 -0.104917 0.020825
e_21_22 21 22 7 0.0125 0.0360008 0.0317962 0.0439782 0.684842 -0.521678 0.506314 -0.0498962 0.020162
e_22_23 22 23 8 0.0125 0.050858 0.0452567 0.0442791 0.737005 -0.472848 0.482415 -0.0226547 0.020045
e_23_1 23 1 9 0.0125 0.0640188 0.060251 0.0447 0.684212 -0.642749 0.330744 -0.0966246 0.020177
e_1_24 1 24 1 0.0125 0.0734778 0.0577598 0.0498601 0.779599 0.525363 -0.0431562 0.338168 0.025272
e_24_25 24 25 2 0.0125 0.079506 0.0332261 0.0642054 0.811594 0.474803 -0.101068 0.325057 0.033032
e_25_26 25 26 3 0.0125 0.0833748 0.0108658 0.0789066 0.824889 0.456093 -0.0922925 0.320967 0.021057
e_26_4 26 4 4 0.0125 0.0867211 -0.00485327 0.0920545 0.86851 0.388679 -0.0327029 0.30586 0.020638
e_1_27 1 27 1 0.0125 0.0654081 0.0697037 0.0531267 0.960736 -0.0963273 -0.216012 0.145074 0.02
e_27_28 27 28 2 0.0125 0.0594916 0.07336 0.0715928 0.979862 -0.132191 -0.057195 0.138294 0.02
e_28_29 28 29 3 0.0125 0.0539349 0.0786683 0.0898485 0.959026 -0.173285 -0.190997 0.117308 0.02
e_29_30 29 30 4 0.0125 0.0454196 0.0854508 0.106578 0.945542 -0.227863 -0.212299 0.0946496 0.02
e_30_3 30 3 5 0.0125 0.0360099 0.0933673 0.122339 0.936525 -0.237087 -0.242427 0.0891095 0.02
8 24 23
3 -0.0677519 0.00543331 0.0276073 0.0125
25 -0.0866692 -0.00335797 0.0201309 0.0125
24 -0.104446 -0.0115731 0.0136024 0.0125
23 -0.127956 -0.0219056 0.0114874 0.0125
4 -0.173081 -0.0014406 0.103317 0.0125
22 -0.165734 -0.0131397 0.079895 0.0125
21 -0.160653 -0.0239554 0.0622069 0.0125
1 -0.153772 -0.0396957 0.013698 0.0125
6 -0.295489 -0.36104 0.260858 0.0125
11 -0.287301 -0.345084 0.249357 0.0125
10 -0.278422 -0.325613 0.235437 0.0125
9 -0.272697 -0.305757 0.219546 0.0125
2 -0.243514 -0.247561 0.179407 0.0125
19 -0.171168 -0.0576872 0.0449485 0.0125
8 -0.267381 -0.287438 0.204588 0.0125
12 -0.23 -0.19732 0.149228 0.0125
5 -0.212864 -0.167828 0.128615 0.0125
13 -0.227977 -0.147657 0.149881 0.0125
14 -0.225108 -0.123145 0.137284 0.0125
15 -0.220046 -0.108601 0.122875 0.0125
16 -0.210379 -0.0983709 0.107441 0.0125
17 -0.192188 -0.0793332 0.0763576 0.0125
18 -0.179236 -0.0672716 0.0619841 0.0125
20 -0.164373 -0.0492567 0.0281278 0.0125
e_2_8 2 8 1 0.0125 -0.255447 -0.267499 0.191997 0.830023 0.492013 -0.140434 -0.221956 0.052858
e_8_9 8 9 2 0.0125 -0.270039 -0.296598 0.212067 0.879169 0.43647 -0.0310551 -0.188656 0.02424
e_9_10 9 10 3 0.0125 -0.27556 -0.315685 0.227492 0.877266 0.440726 -0.0308893 -0.187647 0.026069
e_10_11 10 11 4 0.0125 -0.282861 -0.335349 0.242397 0.854294 0.468236 -0.0901751 -0.206893 0.025529
e_11_6 11 6 5 0.0125 -0.291395 -0.353062 0.255108 0.850821 0.467351 -0.108015 -0.214523 0.021305
e_2_12 2 12 1 0.0125 -0.236757 -0.22244 0.164317 0.298481 -0.680815 -0.536071 -0.400035 0.060147
e_12_5 12 5 2 0.0125 -0.221432 -0.182573 0.138921 0.491097 -0.739491 0.460169 0.0148814 0.039853
e_2_13 2 13 1 0.0125 -0.235745 -0.19761 0.164643 0.46266 -0.688029 -0.408386 -0.381815 0.105328
e_13_14 13 14 2 0.0125 -0.226543 -0.135401 0.143582 0.282833 -0.542108 -0.658359 -0.438962 0.027709
e_14_15 14 15 3 0.0125 -0.222577 -0.115872 0.130079 -0.257442 0.330465 -0.855801 -0.303514 0.021089
e_15_16 15 16 4 0.0125 -0.215213 -0.103486 0.115158 -0.0671697 0.755274 0.546822 0.355014 0.020888
e_16_17 16 17 5 0.0125 -0.201283 -0.0888521 0.0918998 -0.10029 0.818254 0.460393 0.329303 0.040737
e_17_18 17 18 6 0.0125 -0.185712 -0.0733024 0.0691709 0.193329 0.313404 0.846755 0.383938 0.0228
e_18_19 18 19 7 0.0125 -0.175202 -0.0624788 0.0534664 -0.182743 0.921835 0.230279 0.252579 0.021146
e_19_20 19 20 8 0.0125 -0.167771 -0.0534723 0.0365385 -0.199961 0.954148 0.100095 0.198993 0.020005
e_20_1 20 1 9 0.0125 -0.159073 -0.044476 0.0209129 0.035139 0.62661 0.680312 0.378552 0.020298
e_1_21 1 21 1 0.0125 -0.157213 -0.0318256 0.0379525 0.938244 -0.126963 -0.112078 -0.30169 0.051461
e_21_22 21 22 2 0.0125 -0.163194 -0.0185479 0.0710506 0.891799 -0.202185 -0.211662 -0.344985 0.021346
e_22_4 22 4 3 0.0125 -0.169407 -0.00728982 0.0916059 0.901997 -0.158831 -0.21002 -0.342149 0.027193
e_1_23 1 23 1 0.0125 -0.140865 -0.0308008 0.012593 0.672948 -0.313028 0.661194 0.109441 0.03143
e_23_24 23 24 2 0.0125 -0.116201 -0.0167385 0.012545 0.72789 -0.180431 0.652995 0.105922 0.025768
e_24_25 24 25 3 0.0125 -0.0955577 -0.00746469 0.0168667 0.810832 -0.228134 0.538358 0.0260127 0.020642
e_25_3 25 3 4 0.0125 -0.0772105 0.00103773 0.0238684 0.817519 -0.230392 0.527469 0.0189637 0.02216
9 20 19
3 0.00660225 0.258465 0.201847 0.0125
21 0.0256919 0.264458 0.203067 0.0125
20 0.0450521 0.270647 0.202882 0.0125
19 0.0647718 0.278409 0.202292 0.0125
11 -0.112638 0.184254 0.10093 0.0125
10 -0.109878 0.188807 0.0813717 0.0125
6 -0.0582738 0.0611256 0.0527001 0.0125
9 -0.107967 0.194437 0.0494729 0.0125
2 -0.107629 0.197615 0.0230756 0.0125
8 -0.0905424 0.11606 0.0406825 0.0125
5 -0.112228 0.178696 0.120857 0.0125
12 0.0148633 0.266198 0.130079 0.0125
13 0.0389548 0.280806 0.148133 0.0125
14 0.0576321 0.285923 0.166027 0.0125
15 0.0856811 0.288562 0.19674 0.0125
1 0.10119 0.285816 0.212069 0.0125
18 0.111588 0.360507 0.215133 0.0125
16 0.11018 0.311071 0.212692 0.0125
17 0.11187 0.334493 0.216119 0.0125
4 0.10967 0.383759 0.213097 0.0125
e_2_8 2 8 1 0.0125 -0.0990859 0.156838 0.0318789 -0.43253 -0.450499 0.440089 -0.645205 0.085165
e_8_6 8 6 2 0.0125 -0.0744078 0.0885926 0.0466919 -0.421994 -0.572007 0.283078 -0.643891 0.064835
e_2_9 2 9 1 0.0125 -0.107798 0.196026 0.0362745 -0.221423 -0.00705707 0.0597892 -0.973318 0.02659
e_9_10 9 10 2 0.0125 -0.108922 0.191622 0.0654224 -0.225708 0.0090323 0.0915591 -0.969841 0.032449
e_10_11 10 11 3 0.0125 -0.111257 0.186531 0.091151 -0.225124 0.0411753 0.125949 -0.965277 0.02027
e_11_5 11 5 4 0.0125 -0.112433 0.181476 0.110894 -0.253777 -0.0443741 0.12845 -0.957668 0.020692
e_2_12 2 12 1 0.0125 -0.0463831 0.231907 0.0765773 -0.19471 -0.330828 -0.295727 -0.874749 0.176516
e_12_13 12 13 2 0.0125 0.0269083 0.273502 0.139106 -0.185819 -0.348299 -0.330014 -0.857467 0.033462
e_13_14 13 14 3 0.0125 0.0482934 0.283364 0.15708 -0.233795 -0.34677 -0.201079 -0.885809 0.026367
e_14_15 14 15 4 0.0125 0.0716563 0.287243 0.181383 -0.255806 -0.337896 -0.131787 -0.896115 0.041678
e_15_1 15 1 5 0.0125 0.0934352 0.287189 0.204405 -0.292045 -0.384713 -0.0570982 -0.873754 0.021978
e_1_16 1 16 1 0.0125 0.105684 0.298443 0.212381 -0.0062022 -0.228648 -0.660381 -0.715247 0.026813
e_16_17 16 17 2 0.0125 0.111025 0.322782 0.214405 0.0341887 -0.0765301 -0.649563 -0.755673 0.023733
e_17_18 17 18 3 0.0125 0.111729 0.347499 0.215626 0.0729954 -0.0680227 -0.717164 -0.689725 0.026034
e_18_4 18 4 4 0.0125 0.110629 0.372133 0.214114 0.0927705 -0.0408691 -0.736071 -0.66927 0.02342
e_1_19 1 19 1 0.0125 0.0829811 0.282113 0.20718 0.17458 0.788812 -0.0706403 -0.58507 0.038429
e_19_20 19 20 2 0.0125 0.0549116 0.274527 0.202586 -0.0146565 0.643385 0.268565 -0.716739 0.0212
e_20_21 20 21 3 0.0125 0.0353716 0.267552 0.202975 0.0238332 0.677266 0.191705 -0.709924 0.020326
e_21_3 21 3 4 0.0125 0.0161475 0.261462 0.202457 0.0470811 0.708233 0.169878 -0.683616 0.020045
10 22 21
3 -0.260493 -0.0611071 0.114709 0.0125
23 -0.190915 -0.0731747 0.111828 0.0125
4 -0.119628 -0.0267249 0.034727 0.0125
22 -0.152861 -0.0637596 0.0891353 0.0125
1 -0.161836 -0.0766003 0.110222 0.0125
21 -0.152279 -0.0857222 0.125257 0.0125
11 -0.206639 -0.27721 0.365396 0.0125
10 -0.193922 -0.266057 0.354582 0.0125
6 -0.0288258 -0.198713 0.305283 0.0125
9 -0.0859222 -0.213692 0.314393 0.0125
2 -0.166925 -0.244807 0.336836 0.0125
19 -0.136929 -0.104304 0.156782 0.0125
8 -0.134172 -0.227256 0.324579 0.0125
12 -0.21946 -0.288647 0.376289 0.0125
5 -0.233453 -0.300036 0.386861 0.0125
13 -0.133094 -0.186751 0.271781 0.0125
14 -0.128315 -0.171288 0.243458 0.0125
15 -0.124589 -0.158426 0.220357 0.0125
16 -0.120464 -0.143377 0.201262 0.0125
17 -0.121781 -0.128638 0.184991 0.0125
18 -0.129147 -0.114523 0.172122 0.0125
20 -0.146082 -0.0970098 0.140561 0.0125
e_2_8 2 8 1 0.0125 -0.150549 -0.236032 0.330707 0.566763 -0.188768 0.788032 0.148833 0.039128
e_8_9 8 9 2 0.0125 -0.110047 -0.220475 0.319486 0.608338 0.00376289 0.774313 0.174212 0.051144
e_9_6 9 6 3 0.0125 -0.0573744 -0.206202 0.309838 0.627669 0.0088839 0.759066 0.172547 0.059727
e_2_10 2 10 1 0.0125 -0.180423 -0.255432 0.345709 0.854056 0.324996 -0.4061 -0.006892 0.038669
e_10_11 10 11 2 0.0125 -0.20028 -0.271633 0.359989 0.877119 0.316086 -0.361594 0.00145888 0.020077
e_11_12 11 12 3 0.0125 -0.213049 -0.282929 0.370843 0.876195 0.319919 -0.360458 0.00218469 0.020343
e_12_5 12 5 4 0.0125 -0.226456 -0.294342 0.381575 0.867628 0.315404 -0.384358 -0.00346202 0.020911
e_2_13 2 13 1 0.0125 -0.15001 -0.215779 0.304308 0.389932 -0.810297 0.437274 -0.0127798 0.093526
e_13_14 13 14 2 0.0125 -0.130705 -0.179019 0.257619 0.122296 -0.690876 -0.675874 -0.22567 0.032621
e_14_15 14 15 3 0.0125 -0.126452 -0.164857 0.231908 0.129968 -0.696909 -0.668502 -0.224791 0.026702
e_15_16 15 16 4 0.0125 -0.122527 -0.150902 0.210809 0.295617 -0.917695 -0.212157 -0.159487 0.02466
e_16_17 16 17 5 0.0125 -0.121122 -0.136007 0.193126 0.294326 -0.710088 -0.604709 -0.208502 0.021994
e_17_18 17 18 6 0.0125 -0.125463 -0.12158 0.178557 0.378717 -0.503895 -0.748596 -0.20559 0.020472
e_18_19 18 19 7 0.0125 -0.133038 -0.109414 0.164452 0.272813 -0.254673 -0.904707 -0.205473 0.020008
e_19_20 19 20 8 0.0125 -0.141505 -0.100657 0.148671 0.246136 -0.0288678 -0.951126 -0.184235 0.020002
e_20_21 20 21 9 0.0125 -0.149181 -0.091366 0.132909 0.268337 -0.363685 -0.866205 -0.213116 0.02
e_21_1 21 1 10 0.0125 -0.157057 -0.081161 0.11774 0.293634 -0.162938 -0.921445 -0.19537 0.020015
e_1_22 1 22 1 0.0125 -0.157349 -0.0701804 0.0996782 0.311778 -0.706907 0.633753 0.0378855 0.026269
e_22_4 22 4 2 0.0125 -0.136245 -0.0452425 0.0619305 0.34827 -0.49772 0.788186 0.0987177 0.073731
e_1_23 1 23 1 0.0125 -0.176375 -0.0748875 0.111025 0.71799 0.0229649 -0.687082 -0.108997 0.029325
e_23_3 23 3 2 0.0125 -0.225704 -0.0671416 0.113269 0.712216 -0.00843203 -0.692489 -0.114616 0.070675
11 24 23
3 -0.309396 0.217267 0.0380725 0.0125
25 -0.295314 0.206198 0.0469713 0.0125
24 -0.281963 0.193874 0.0553302 0.0125
23 -0.268735 0.180796 0.062677 0.0125
22 -0.251496 0.171655 0.0670658 0.0125
4 -0.318541 0.117141 0.0517348 0.0125
21 -0.279978 0.143373 0.0611469 0.0125
20 -0.255973 0.151958 0.0664084 0.0125
12 -0.0698252 0.0639126 0.0813104 0.0125
11 -0.0518054 0.0701475 0.0742473 0.0125
10 -0.0327308 0.0740551 0.0686389 0.0125
9 -0.012844 0.0764497 0.060191 0.0125
2 0.0489199 0.0778587 0.034153 0.0125
19 -0.185921 0.149024 0.0716709 0.0125
8 0.0230257 0.0757682 0.0466637 0.0125
6 -0.0868998 0.058877 0.0914534 0.0125
13 0.031863 0.0612156 0.0591747 0.0125
14 0.0199521 0.0510485 0.07513 0.0125
15 0.00850025 0.0415382 0.0885536 0.0125
5 -0.00543064 0.0311404 0.103682 0.0125
16 -0.0197509 0.109562 0.0568395 0.0125
17 -0.0551802 0.119151 0.0591682 0.0125
18 -0.145797 0.140391 0.0685574 0.0125
1 -0.232911 0.164521 0.0689927 0.0125
e_2_8 2 8 1 0.0125 0.0359732 0.076813 0.0404087 0.770819 -0.180484 -0.500477 0.350409 0.028834
e_8_9 8 9 2 0.0125 0.0050908 0.0761086 0.0534277 0.758467 -0.229879 -0.520346 0.318 0.038342
e_9_10 9 10 3 0.0125 -0.022787 0.0752522 0.0644142 0.75173 -0.177163 -0.523747 0.35945 0.021739
e_10_11 10 11 4 0.0125 -0.0422681 0.0721016 0.0714427 0.704429 -0.171621 -0.576319 0.377071 0.020262
e_11_12 11 12 5 0.0125 -0.0608149 0.0670296 0.0777791 0.707493 -0.112671 -0.560012 0.416107 0.020334
e_12_6 12 6 6 0.0125 -0.0783624 0.0613948 0.0863826 0.763076 -0.10116 -0.492181 0.406497 0.020489
e_2_13 2 13 1 0.0125 0.0403913 0.0695368 0.0466635 0.788696 0.0800723 -0.36267 0.489916 0.034555
e_13_14 13 14 2 0.0125 0.0259075 0.0561317 0.0671527 0.791023 0.0604499 -0.373504 0.480752 0.022356
e_14_15 14 15 3 0.0125 0.0142261 0.046293 0.0818422 0.773957 0.053744 -0.402822 0.48563 0.020045
e_15_5 15 5 4 0.0125 0.0015348 0.0363393 0.0961179 0.77469 0.0367211 -0.412804 0.477598 0.023044
e_2_16 2 16 1 0.0125 0.0145847 0.0937111 0.0454962 0.780179 -0.369654 -0.46873 0.186999 0.078965
e_16_17 16 17 2 0.0125 -0.0374655 0.114357 0.0580035 0.695582 -0.368669 -0.57657 0.218669 0.036777
e_17_18 17 18 3 0.0125 -0.100488 0.129771 0.063862 0.704162 -0.350517 -0.571797 0.233114 0.093546
e_18_19 18 19 4 0.0125 -0.165859 0.144707 0.0701145 0.694171 -0.349738 -0.582966 0.236561 0.04116
e_19_1 19 1 5 0.0125 -0.209416 0.156772 0.0703322 0.661168 -0.408354 -0.600229 0.189286 0.049552
e_1_20 1 20 1 0.0125 -0.244441 0.15824 0.0677005 0.519007 -0.13901 -0.727767 0.426219 0.026388
e_20_21 20 21 2 0.0125 -0.267975 0.147666 0.0637776 0.511363 -0.217135 -0.744256 0.370733 0.026031
e_21_4 21 4 3 0.0125 -0.29926 0.130258 0.0564408 0.458541 -0.126207 -0.76353 0.436845 0.04758
e_1_22 1 22 1 0.0125 -0.242203 0.168088 0.0680293 0.650508 -0.430844 -0.602127 0.169281 0.02
e_22_23 22 23 2 0.0125 -0.260116 0.176225 0.0648714 0.613747 -0.4882 -0.609399 0.116655 0.02
e_23_24 23 24 3 0.0125 -0.275348 0.187335 0.0590039 0.562385 -0.588517 -0.580795 0.0069157 0.02
e_24_25 24 25 4 0.0125 -0.288639 0.200036 0.0511505 0.539293 -0.586579 -0.60407 0.0136629 0.02
e_25_3 25 3 5 0.0125 -0.302355 0.211732 0.042522 0.525565 -0.570103 -0.630432 0.0363373 0.02
12 24 23
3 -0.138353 0.0600939 0.134896 0.0125
25 -0.146508 0.0617294 0.114047 0.0125
24 -0.152377 0.0580297 0.0930802 0.0125
23 -0.162213 0.0528123 0.066861 0.0125
4 -0.234171 -0.0189838 0.0755855 0.0125
22 -0.221757 -0.00800334 0.0643916 0.0125
21 -0.206176 0.00311285 0.0585878 0.0125
20 -0.19375 0.0172262 0.0517756 0.0125
11 0.121145 -0.0067345 0.116719 0.0125
10 0.112471 -0.0196568 0.101321 0.0125
6 0.11052 0.0983783 0.0348559 0.0125
9 0.109247 0.0435797 0.0651984 0.0125
2 0.10512 -0.0414975 0.0844925 0.0125
19 -0.182407 0.0326236 0.0459237 0.0125
8 0.10763 -0.00104445 0.0758708 0.0125
12 0.128795 0.0111951 0.129878 0.0125
5 0.144333 0.028839 0.141102 0.0125
13 -0.0511271 0.0109495 0.0795769 0.0125
14 -0.0814644 0.0277567 0.0764199 0.0125
15 -0.0992855 0.0345473 0.0703721 0.0125
16 -0.117123 0.0421632 0.064836 0.0125
17 -0.134563 0.04848 0.0572937 0.0125
18 -0.152606 0.0490008 0.048651 0.0125
1 -0.171484 0.0488705 0.0418291 0.0125
e_2_8 2 8 1 0.0125 0.106376 -0.0212711 0.080182 0.624984 -0.764824 0.138108 0.0732494 0.041438
e_8_9 8 9 2 0.0125 0.108439 0.0212681 0.0705349 0.613893 -0.773587 0.133395 0.0830915 0.045911
e_9_6 9 6 3 0.0125 0.109884 0.0709788 0.0500275 0.50083 -0.846151 0.161805 0.083766 0.062651
e_2_10 2 10 1 0.0125 0.108795 -0.0305766 0.0929063 0.890251 -0.436436 0.121044 -0.0482219 0.028535
e_10_11 10 11 2 0.0125 0.116808 -0.0131949 0.109021 0.912684 -0.348039 0.164955 -0.136625 0.021894
e_11_12 11 12 3 0.0125 0.12497 0.00223036 0.123299 0.879819 -0.445791 0.146699 -0.0752897 0.023518
e_12_5 12 5 4 0.0125 0.136564 0.020017 0.13549 0.823823 -0.469825 0.252677 -0.19166 0.026053
e_2_13 2 13 1 0.0125 0.0269962 -0.0152745 0.0820348 0.44525 -0.669084 -0.259289 0.535582 0.164888
e_13_14 13 14 2 0.0125 -0.0662958 0.0193531 0.0779984 0.475271 -0.710459 -0.201453 0.478312 0.034825
e_14_15 14 15 3 0.0125 -0.0903751 0.0311519 0.0733955 0.328064 -0.786623 -0.179889 0.491159 0.020007
e_15_16 15 16 4 0.0125 -0.108204 0.0383553 0.067604 0.355443 -0.777664 -0.18022 0.48623 0.02017
e_16_17 16 17 5 0.0125 -0.125843 0.0453214 0.0610647 0.2871 -0.814312 -0.158838 0.478791 0.020024
e_17_18 17 18 6 0.0125 -0.143585 0.0487401 0.0529726 0.126641 -0.827355 -0.177241 0.517717 0.020013
e_18_1 18 1 7 0.0125 -0.162045 0.0489354 0.0452407 0.151082 -0.788172 -0.220684 0.554308 0.020074
e_1_19 1 19 1 0.0125 -0.176946 0.0407477 0.0438764 0.0221014 -0.336769 -0.533124 0.775807 0.02
e_19_20 19 20 2 0.0125 -0.188079 0.0249255 0.0488492 0.329494 -0.125508 -0.581348 0.733291 0.02
e_20_21 20 21 3 0.0125 -0.199963 0.0101691 0.0551818 0.4306 -0.0960481 -0.566101 0.696339 0.02
e_21_22 21 22 4 0.0125 -0.213966 -0.00244499 0.0614895 0.354067 -0.282776 -0.524354 0.720921 0.02
e_22_4 22 4 5 0.0125 -0.227963 -0.0134933 0.0699883 0.733698 0.0626803 -0.464987 0.491474 0.02
e_1_23 1 23 1 0.0125 -0.166849 0.0508416 0.0543451 0.957732 -0.111064 0.154362 -0.215839 0.026983
e_23_24 23 24 2 0.0125 -0.157295 0.0554218 0.0799711 0.957804 -0.128554 0.152471 -0.206973 0.028485
e_24_25 24 25 3 0.0125 -0.149442 0.0598796 0.103564 0.971911 -0.107162 0.117596 -0.173426 0.022084
e_25_3 25 3 4 0.0125 -0.142431 0.0609113 0.124471 0.938368 -0.0191126 0.187673 -0.28962 0.022447
13 21 20
3 0.0659898 -0.225491 0.0133499 0.0125
22 0.073789 -0.198967 0.062156 0.0125
4 0.165047 -0.212902 0.119895 0.0125
21 0.106192 -0.185715 0.112844 0.0125
1 0.0768913 -0.174042 0.098169 0.0125
12 0.248468 -0.0918169 0.10668 0.0125
11 0.267756 -0.0962145 0.113883 0.0125
10 0.294327 -0.100868 0.129221 0.0125
9 0.316809 -0.106102 0.147584 0.0125
2 0.357068 -0.106518 0.172253 0.0125
19 0.113381 -0.167191 0.113599 0.0125
8 0.336909 -0.102832 0.161402 0.0125
6 0.229344 -0.0887331 0.09961 0.0125
13 0.382125 -0.123899 0.193755 0.0125
5 0.410013 -0.151645 0.242561 0.0125
14 0.240791 -0.139666 0.132429 0.0125
15 0.196491 -0.148864 0.122251 0.0125
16 0.174577 -0.15269 0.119042 0.0125
17 0.153782 -0.160881 0.11548 0.0125
18 0.133945 -0.164988 0.114883 0.0125
20 0.0950831 -0.171229 0.106193 0.0125
e_2_8 2 8 1 0.0125 0.346988 -0.104674 0.166827 0.241516 0.672498 -0.53079 -0.455718 0.023189
e_8_9 8 9 2 0.0125 0.326859 -0.104467 0.154492 0.0827043 0.883469 -0.0143669 -0.460908 0.02461
e_9_10 9 10 3 0.0125 0.305568 -0.103485 0.138403 -0.347896 0.688962 0.580177 -0.260181 0.029496
e_10_11 10 11 4 0.0125 0.281042 -0.0985412 0.121552 0.128357 0.78515 -0.361504 -0.486189 0.031031
e_11_12 11 12 5 0.0125 0.258112 -0.0940155 0.110281 0.544317 0.0788626 -0.815377 -0.18072 0.021054
e_12_6 12 6 6 0.0125 0.238906 -0.0902745 0.103145 0.498328 0.28634 -0.767752 -0.28326 0.02062
e_2_13 2 13 1 0.0125 0.369596 -0.115209 0.183004 0.887332 0.273951 0.369914 0.0274862 0.037313
e_13_5 13 5 2 0.0125 0.396068 -0.137772 0.218158 0.942842 0.239262 0.231214 0.0185356 0.062687
e_2_14 2 14 1 0.0125 0.29893 -0.123092 0.15234 0.400253 0.720898 -0.369765 -0.428225 0.127299
e_14_15 14 15 2 0.0125 0.218641 -0.144265 0.12734 0.491642 0.596631 -0.503745 -0.385435 0.046375
e_15_16 15 16 3 0.0125 0.185534 -0.150777 0.120647 0.557356 0.501334 -0.565724 -0.343475 0.022475
e_16_17 16 17 4 0.0125 0.164179 -0.156785 0.117261 0.523196 0.643612 -0.405558 -0.384125 0.022633
e_17_18 17 18 5 0.0125 0.143863 -0.162934 0.115181 0.626911 0.437258 -0.568783 -0.303766 0.020266
e_18_19 18 19 6 0.0125 0.123663 -0.166089 0.114241 0.624045 0.36917 -0.628243 -0.28212 0.020722
e_19_20 19 20 7 0.0125 0.104232 -0.16921 0.109896 0.345484 0.746621 -0.355468 -0.443667 0.020149
e_20_1 20 1 8 0.0125 0.0859876 -0.172636 0.102181 0.308616 0.755072 -0.360078 -0.452733 0.02008
e_1_21 1 21 1 0.0125 0.0915425 -0.179878 0.105506 0.840423 0.238558 0.481839 0.0679009 0.034787
e_21_4 21 4 2 0.0125 0.13562 -0.199308 0.116369 0.743085 0.314947 0.588851 0.0434387 0.065213
e_1_22 1 22 1 0.0125 0.0753399 -0.186504 0.0801629 0.20348 0.729023 0.615329 -0.220209 0.043907
e_22_3 22 3 2 0.0125 0.0698898 -0.212229 0.0377532 0.134656 0.721776 0.643497 -0.216375 0.056093
14 21 20
3 -0.125184 0.0808478 0.195822 0.0125
22 -0.135613 0.0733987 0.180468 0.0125
21 -0.146054 0.0658327 0.165179 0.0125
20 -0.159886 0.0564576 0.15419 0.0125
19 -0.17331 0.0491309 0.141299 0.0125
6 -0.00239772 0.140768 0.182218 0.0125
11 0.00964916 0.131729 0.169054 0.0125
10 0.023348 0.124596 0.15622 0.0125
9 0.0392304 0.11467 0.14916 0.0125
2 0.110214 0.0632739 0.133267 0.0125
8 0.054883 0.0998534 0.140689 0.0125
12 0.117178 0.095436 0.106923 0.0125
5 0.114076 0.136635 0.0664348 0.0125
13 -0.0724852 0.0403309 0.112814 0.0125
14 -0.0934952 0.0391709 0.111136 0.0125
15 -0.1439 0.0361795 0.122165 0.0125
16 -0.164525 0.0348866 0.126687 0.0125
1 -0.184883 0.0371707 0.13021 0.0125
18 -0.13446 -0.0217781 0.118271 0.0125
17 -0.150449 -0.00830883 0.121387 0.0125
4 -0.120688 -0.0377091 0.120118 0.0125
e_2_8 2 8 1 0.0125 0.0825483 0.0815636 0.136978 0.678795 -0.564545 -0.354518 0.307965 0.066743
e_8_9 8 9 2 0.0125 0.0470568 0.107262 0.144924 0.773179 -0.506562 -0.245982 0.291687 0.023158
e_9_10 9 10 3 0.0125 0.0312899 0.119633 0.15269 0.752236 -0.470757 -0.319391 0.332442 0.020015
e_10_11 10 11 4 0.0125 0.0164989 0.128163 0.162638 0.830913 -0.329638 -0.267933 0.359352 0.020081
e_11_6 11 6 5 0.0125 0.00362587 0.136248 0.175636 0.84764 -0.351773 -0.217256 0.332508 0.020003
e_2_12 2 12 1 0.0125 0.113695 0.0793551 0.120095 0.427668 -0.899984 0.0500658 -0.0679901 0.042153
e_12_5 12 5 2 0.0125 0.115627 0.116036 0.0866787 0.387258 -0.917612 -0.0891589 -0.00841702 0.057847
e_2_13 2 13 1 0.0125 0.018864 0.0518026 0.12304 0.50861 -0.407428 -0.62386 0.431413 0.185266
e_13_14 13 14 2 0.0125 -0.0829898 0.0397504 0.111975 0.531172 -0.424625 -0.599517 0.422054 0.021108
e_14_15 14 15 3 0.0125 -0.118697 0.0376753 0.116651 0.640201 -0.326055 -0.535723 0.443658 0.051684
e_15_16 15 16 4 0.0125 -0.154213 0.0355331 0.124426 0.639947 -0.324614 -0.536412 0.444247 0.021154
e_16_1 16 1 5 0.0125 -0.174704 0.0360285 0.128448 0.645129 -0.404434 -0.501702 0.410533 0.020787
e_1_17 1 17 1 0.0125 -0.167667 0.0144311 0.125798 0.603973 0.732468 0.199785 0.242472 0.057723
e_17_18 17 18 2 0.0125 -0.142455 -0.0150431 0.119829 0.652901 0.48732 0.579862 -0.000741949 0.021138
e_18_4 18 4 3 0.0125 -0.127574 -0.0297439 0.119194 0.706787 0.615731 0.277808 0.210121 0.021139
e_1_19 1 19 1 0.0125 -0.179096 0.0431511 0.135755 0.880701 -0.323798 0.343361 0.0402856 0.02
e_19_20 19 20 2 0.0125 -0.166598 0.0527944 0.147745 0.904997 -0.178376 0.382005 0.0568766 0.02
e_20_21 20 21 3 0.0125 -0.15297 0.0611452 0.159685 0.879897 -0.255992 0.399658 0.0228452 0.02
e_21_22 21 22 4 0.0125 -0.140834 0.0696156 0.172824 0.932361 -0.166289 0.300238 0.113613 0.02
e_22_3 22 3 5 0.0125 -0.130397 0.0771232 0.188145 0.933067 -0.162687 0.299489 0.114998 0.02
