14
1 23 22
3 0.349862 -0.239531 0.101936 0.0125
24 0.344817 -0.220155 0.0947739 0.0125
23 0.342211 -0.19987 0.0937717 0.0125
22 0.338683 -0.165499 0.0814871 0.0125
4 0.362258 -0.0578429 0.112604 0.0125
21 0.347147 -0.097395 0.0974786 0.0125
1 0.33123 -0.145811 0.0766996 0.0125
11 0.10977 -0.000279623 0.0171283 0.0125
10 0.109671 0.0197158 0.0166969 0.0125
6 -0.0184688 0.109907 0.019674 0.0125
9 0.00708857 0.105237 0.0204393 0.0125
2 0.111098 0.0389638 0.0114568 0.0125
19 0.306127 -0.124012 0.055152 0.0125
8 0.0427078 0.0868183 0.0150463 0.0125
12 0.114744 -0.0195252 0.014925 0.0125
13 0.123991 -0.0372373 0.0158092 0.0125
5 0.133724 -0.0547077 0.0160753 0.0125
14 0.19124 -0.0248286 0.0339778 0.0125
15 0.239027 -0.0576093 0.0370597 0.0125
16 0.26007 -0.0786572 0.038389 0.0125
17 0.275453 -0.0948191 0.0405012 0.0125
18 0.292086 -0.110114 0.0470009 0.0125
20 0.316682 -0.135383 0.0677744 0.0125
e_2_8 2 8 1 0.0125 0.0769036 0.0628907 0.0132512 0.669521 -0.155309 -0.67409 -0.2706 0.083547
e_8_9 8 9 2 0.0125 0.0248981 0.096027 0.0177426 0.722268 -0.125383 -0.646245 -0.212075 0.040461
e_9_6 9 6 3 0.0125 -0.00569012 0.107572 0.0200566 0.633855 0.175426 -0.69566 -0.288982 0.025992
e_2_10 2 10 1 0.0125 0.110385 0.0293398 0.0140768 0.754811 0.561637 -0.231432 0.247514 0.02
e_10_11 10 11 2 0.0125 0.109721 0.00971814 0.0169122 0.678375 0.664986 -0.216836 0.224908 0.02
e_11_12 11 12 3 0.0125 0.112257 -0.00990306 0.0160265 0.607834 0.734096 -0.127186 0.274709 0.02
e_12_13 12 13 4 0.0125 0.119368 -0.0283816 0.0153668 0.622395 0.690386 -0.0356935 0.36704 0.02
e_13_5 13 5 5 0.0125 0.128858 -0.0459723 0.0159425 0.608581 0.701892 -0.0259874 0.36919 0.02
e_2_14 2 14 1 0.0125 0.151169 0.00706759 0.0227173 0.597343 0.613984 0.125131 0.500547 0.104878
e_14_15 14 15 2 0.0125 0.215134 -0.0412192 0.0355191 0.532475 0.671089 0.151919 0.492982 0.058031
e_15_16 15 16 3 0.0125 0.249548 -0.0681336 0.0377245 0.567774 0.686337 0.0815023 0.447137 0.029792
e_16_17 16 17 4 0.0125 0.267762 -0.0867377 0.0394446 0.587771 0.669016 0.0727843 0.44905 0.022413
e_17_18 17 18 5 0.0125 0.283771 -0.102467 0.043751 0.629522 0.593406 0.0982089 0.49186 0.023512
e_18_19 18 19 6 0.0125 0.299107 -0.117063 0.0510768 0.666753 0.549827 0.0835359 0.496138 0.021372
e_19_20 19 20 7 0.0125 0.311404 -0.129698 0.0614636 0.744147 0.424937 0.0624314 0.51164 0.020001
e_20_1 20 1 8 0.0125 0.323956 -0.140597 0.0722374 0.657904 0.508148 0.136637 0.538775 0.020001
e_1_21 1 21 1 0.0125 0.339188 -0.121603 0.0870883 0.383886 -0.0906739 0.55047 0.735794 0.055039
e_21_4 21 4 2 0.0125 0.354702 -0.077619 0.105041 0.34618 -0.0416426 0.574506 0.740519 0.044961
e_1_22 1 22 1 0.0125 0.334957 -0.155656 0.079093 0.691882 0.619165 -0.0758441 0.363569 0.021588
e_22_23 22 23 2 0.0125 0.340447 -0.182684 0.0876296 0.755389 0.552783 -0.164106 0.311269 0.036671
e_23_24 23 24 3 0.0125 0.343514 -0.210013 0.0942729 0.673333 0.668255 -0.170153 0.266656 0.020476
e_24_3 24 3 4 0.0125 0.34734 -0.229843 0.0983559 0.737281 0.565245 -0.10996 0.353303 0.021265
2 26 25
3 -0.201527 0.37066 0.264791 0.0125
27 -0.191473 0.353181 0.25945 0.0125
26 -0.177113 0.340572 0.252017 0.0125
4 -0.218139 0.268684 0.178476 0.0125
25 -0.187309 0.283349 0.197217 0.0125
24 -0.159668 0.301029 0.212956 0.0125
1 -0.138739 0.30517 0.225329 0.0125
23 -0.134977 0.287903 0.215962 0.0125
22 -0.13215 0.269029 0.209981 0.0125
21 -0.131492 0.250226 0.203187 0.0125
11 -0.17718 0.0528624 0.066852 0.0125
6 -0.113149 -0.0641111 0.0116877 0.0125
10 -0.113486 -0.0355431 0.0319245 0.0125
9 -0.124137 -0.0126829 0.0502385 0.0125
2 -0.168736 0.0493818 0.0846443 0.0125
19 -0.130761 0.215835 0.183651 0.0125
8 -0.15054 0.0238249 0.0699674 0.0125
12 -0.186643 0.054791 0.0493376 0.0125
13 -0.196361 0.0621118 0.033464 0.0125
14 -0.210256 0.0692679 0.0209861 0.0125
5 -0.22571 0.0760303 0.0102405 0.0125
15 -0.1618 0.0990098 0.104041 0.0125
16 -0.152951 0.137519 0.127363 0.0125
17 -0.132866 0.181654 0.156261 0.0125
18 -0.131186 0.200173 0.171211 0.0125
20 -0.130348 0.231537 0.196113 0.0125
e_2_8 2 8 1 0.0125 -0.159638 0.0366031 0.0773057 -0.0591729 -0.562138 0.629189 -0.533499 0.034636
e_8_9 8 9 2 0.0125 -0.137338 0.00557063 0.0601027 0.0115682 -0.476046 0.688427 -0.547096 0.049185
e_9_10 9 10 3 0.0125 -0.118811 -0.0241134 0.0410812 -0.260417 -0.154874 -0.877388 0.372004 0.031168
e_10_6 10 6 4 0.0125 -0.113317 -0.0498271 0.0218061 0.249984 0.49215 -0.739454 0.385362 0.03501
e_2_11 2 11 1 0.0125 -0.172958 0.0511221 0.0757475 0.23301 -0.253506 -0.938378 -0.0297879 0.02
e_11_12 11 12 2 0.0125 -0.181911 0.0538267 0.0580948 0.249293 -0.194971 -0.948598 0.000424693 0.02
e_12_13 12 13 3 0.0125 -0.191502 0.0584512 0.0414012 0.302279 -0.280411 -0.904542 -0.108634 0.02
e_13_14 13 14 4 0.0125 -0.203308 0.0656898 0.0272256 0.415833 -0.168358 -0.885215 -0.123019 0.02
e_14_5 14 5 5 0.0125 -0.217982 0.0726489 0.0156131 0.462906 -0.120098 -0.868464 -0.130634 0.02
e_2_15 2 15 1 0.0125 -0.165268 0.0741961 0.0943422 0.572601 -0.444908 -0.348667 -0.593815 0.053733
e_15_16 15 16 2 0.0125 -0.157375 0.118265 0.115702 0.604448 -0.416067 -0.269686 -0.623539 0.045882
e_16_17 16 17 3 0.0125 -0.142909 0.159586 0.141812 0.577396 -0.451576 -0.200282 -0.650062 0.056448
e_17_18 17 18 4 0.0125 -0.132026 0.190914 0.163736 0.659311 -0.341252 -0.265087 -0.615292 0.02386
e_18_19 18 19 5 0.0125 -0.130974 0.208005 0.177431 0.665958 -0.329403 -0.283847 -0.606156 0.020006
e_19_20 19 20 6 0.0125 -0.130554 0.223686 0.189882 0.665975 -0.329331 -0.284228 -0.605997 0.02005
e_20_21 20 21 7 0.0125 -0.130921 0.240881 0.19965 0.602589 -0.392055 -0.411783 -0.560013 0.020015
e_21_22 21 22 8 0.0125 -0.131821 0.259628 0.206584 0.594527 -0.40334 -0.409255 -0.562463 0.020004
e_22_23 22 23 9 0.0125 -0.133564 0.278466 0.212972 0.601568 -0.378658 -0.455089 -0.536311 0.02
e_23_1 23 1 10 0.0125 -0.136859 0.296537 0.220645 0.656851 -0.315729 -0.407614 -0.550194 0.020001
e_1_24 1 24 1 0.0125 -0.149204 0.3031 0.219142 0.498971 0.144902 -0.85431 0.0136387 0.024663
e_24_25 24 25 2 0.0125 -0.173489 0.292189 0.205086 0.524818 0.327167 -0.780516 0.0912283 0.036392
e_25_4 25 4 3 0.0125 -0.202725 0.276016 0.187847 0.504152 0.255559 -0.821759 0.0723357 0.038946
e_1_26 1 26 1 0.0125 -0.157926 0.322872 0.238673 0.733545 -0.108581 -0.51052 -0.435307 0.058636
e_26_27 26 27 2 0.0125 -0.184293 0.346877 0.255733 0.715883 -0.111935 -0.553391 -0.410781 0.020505
e_27_3 27 3 3 0.0125 -0.196501 0.361921 0.26212 0.647489 -0.25664 -0.553274 -0.456928 0.020859
3 22 21
3 0.156038 -0.227884 0.0927315 0.0125
23 0.156779 -0.187225 0.0519356 0.0125
4 0.184522 -0.0664235 0.0168041 0.0125
22 0.172804 -0.133207 0.0125869 0.0125
1 0.168312 -0.16448 0.0180652 0.0125
21 0.153758 -0.155802 0.0288994 0.0125
12 -0.15652 -0.144191 0.0157742 0.0125
11 -0.149155 -0.125473 0.0177314 0.0125
10 -0.13761 -0.10998 0.0239949 0.0125
9 -0.123579 -0.0969847 0.0349906 0.0125
2 -0.0984217 -0.0437652 0.0615626 0.0125
19 0.121535 -0.132397 0.0382638 0.0125
8 -0.110565 -0.0811882 0.0448288 0.0125
6 -0.163997 -0.164833 0.0158118 0.0125
13 -0.101786 -0.0249313 0.0557353 0.0125
14 -0.0992855 -0.00627666 0.048971 0.0125
15 -0.0989197 0.0106018 0.0382462 0.0125
16 -0.100358 0.0280181 0.0285203 0.0125
5 -0.102963 0.0453781 0.0189369 0.0125
17 0.0785711 -0.107545 0.0454783 0.0125
18 0.103932 -0.122261 0.0412086 0.0125
20 0.137919 -0.144298 0.0335089 0.0125
e_2_8 2 8 1 0.0125 -0.104493 -0.0624773 0.0531957 0.551484 0.787079 -0.276049 0.0129999 0.042755
e_8_9 8 9 2 0.0125 -0.117072 -0.0890872 0.0399093 0.523816 0.738814 -0.413245 -0.0948639 0.022709
e_9_10 9 10 3 0.0125 -0.130595 -0.103483 0.0294928 0.482125 0.737983 -0.452327 -0.135413 0.02206
e_10_11 10 11 4 0.0125 -0.143382 -0.117727 0.0208626 0.583835 0.701702 -0.40225 -0.0703295 0.020311
e_11_12 11 12 5 0.0125 -0.152837 -0.134832 0.0167524 0.671411 0.677199 -0.299705 0.0280475 0.020209
e_12_6 12 6 6 0.0125 -0.160258 -0.154513 0.0157927 0.706096 0.646519 -0.284886 0.047766 0.021956
e_2_13 2 13 1 0.0125 -0.100103 -0.0343478 0.0586485 0.405269 -0.642054 0.483172 0.435969 0.02
e_13_14 13 14 2 0.0125 -0.100536 -0.015604 0.0523531 -0.00851514 0.120636 0.80905 0.575163 0.02
e_14_15 14 15 3 0.0125 -0.0991025 0.0021621 0.0436088 -0.364171 0.675036 0.558948 0.315091 0.02
e_15_16 15 16 4 0.0125 -0.0996386 0.0193098 0.033384 -0.420951 0.67411 0.537333 0.282222 0.02
e_16_5 16 5 5 0.0125 -0.10166 0.0366982 0.0237283 -0.487001 0.77349 0.375899 0.152458 0.02
e_2_17 2 17 1 0.0125 -0.00992485 -0.075655 0.0535206 0.510917 0.642708 0.359885 0.443141 0.18882
e_17_18 17 18 2 0.0125 0.0912514 -0.114903 0.0433439 0.51926 0.699203 0.288394 0.397886 0.029631
e_18_19 18 19 3 0.0125 0.112734 -0.127329 0.0397365 0.518951 0.698418 0.289728 0.398697 0.020525
e_19_20 19 20 4 0.0125 0.129727 -0.138348 0.0358871 0.503318 0.744796 0.244089 0.363828 0.020801
e_20_21 20 21 5 0.0125 0.145838 -0.150051 0.0312041 0.503076 0.745013 0.244057 0.36374 0.020112
e_21_1 21 1 6 0.0125 0.161035 -0.160142 0.0234825 0.353006 0.840978 0.249212 0.325633 0.020112
e_1_22 1 22 1 0.0125 0.170559 -0.148844 0.0153262 0.25483 -0.199816 0.738578 0.591301 0.032065
e_22_4 22 4 2 0.0125 0.178663 -0.0998155 0.0146951 0.484663 -0.360229 0.582404 0.54419 0.067935
e_1_23 1 23 1 0.0125 0.162545 -0.175852 0.0349998 0.933774 0.253398 -0.190663 0.16584 0.042398
e_23_3 23 3 2 0.0125 0.156408 -0.207555 0.0723329 0.896537 0.368771 -0.0994489 0.224365 0.057602
4 22 21
3 -0.00654851 -0.208611 0.187721 0.0125
23 -0.00155249 -0.209264 0.165475 0.0125
22 0.00527923 -0.205518 0.144875 0.0125
21 0.012448 -0.201531 0.12328 0.0125
4 0.109555 -0.247697 0.067834 0.0125
20 0.0793405 -0.229415 0.0803851 0.0125
11 0.282436 0.0131716 0.0507764 0.0125
10 0.281163 -0.0073911 0.0600875 0.0125
6 0.237469 -0.110271 0.199243 0.0125
9 0.244936 -0.0917377 0.179973 0.0125
2 0.277106 -0.0402087 0.0739213 0.0125
19 0.0600661 -0.215935 0.0883095 0.0125
8 0.252517 -0.078629 0.155335 0.0125
12 0.286897 0.0320544 0.0429817 0.0125
5 0.295095 0.0500616 0.0371142 0.0125
13 0.209533 -0.102522 0.0580055 0.0125
14 0.186186 -0.113769 0.0578718 0.0125
15 0.123432 -0.141893 0.0656843 0.0125
16 0.0991201 -0.155763 0.0716744 0.0125
17 0.0700892 -0.175952 0.0786266 0.0125
18 0.0512536 -0.184413 0.0882224 0.0125
1 0.0315654 -0.193591 0.098791 0.0125
e_2_8 2 8 1 0.0125 0.264811 -0.0594189 0.114629 0.961795 0.226334 -0.112122 -0.105605 0.093322
e_8_9 8 9 2 0.0125 0.248726 -0.0851829 0.167654 0.956188 0.249338 -0.108908 -0.108047 0.028919
e_9_6 9 6 3 0.0125 0.241202 -0.101004 0.189608 0.913667 0.377671 -0.101355 -0.110923 0.027759
e_2_10 2 10 1 0.0125 0.279135 -0.0237996 0.0670051 0.549504 -0.83243 -0.00498831 -0.0712855 0.035844
e_10_11 10 11 2 0.0125 0.2818 0.00289058 0.0554321 0.539892 -0.839755 -0.0270967 -0.0509339 0.022608
e_11_12 11 12 3 0.0125 0.284666 0.0226124 0.0468794 0.550052 -0.827718 0.0357809 -0.105096 0.02091
e_12_5 12 5 4 0.0125 0.290996 0.0410575 0.0400479 0.573138 -0.793863 0.10924 -0.171349 0.020637
e_2_13 2 13 1 0.0125 0.243319 -0.0713652 0.0659639 0.339199 -0.204887 -0.737108 0.547391 0.093286
e_13_14 13 14 2 0.0125 0.197859 -0.108146 0.0579386 0.530403 -0.189568 -0.68312 0.464848 0.025915
e_14_15 14 15 3 0.0125 0.154808 -0.127831 0.0617784 0.614729 -0.119812 -0.655137 0.422551 0.069211
e_15_16 15 16 4 0.0125 0.111275 -0.148828 0.0686793 0.676099 0.00115479 -0.628779 0.384091 0.028623
e_16_17 16 17 5 0.0125 0.0846049 -0.165859 0.0751509 0.66825 0.0523787 -0.633085 0.38717 0.036038
e_17_18 17 18 6 0.0125 0.0606714 -0.180183 0.0834245 0.794079 0.0428051 -0.53614 0.283125 0.022769
e_18_1 18 1 7 0.0125 0.0414101 -0.189002 0.0935069 0.802415 0.0569329 -0.527267 0.27364 0.024157
e_1_19 1 19 1 0.0125 0.0458156 -0.204763 0.0935507 0.191382 -0.439228 0.667897 -0.569531 0.037701
e_19_20 19 20 2 0.0125 0.0697033 -0.222675 0.0843473 0.184555 -0.484157 0.652099 -0.553442 0.02482
e_20_4 20 4 3 0.0125 0.0944475 -0.238556 0.0741094 0.197159 -0.51225 0.636426 -0.541932 0.037479
e_1_21 1 21 1 0.0125 0.022006 -0.197561 0.111036 0.935518 0.103761 -0.327695 0.0815832 0.032066
e_21_22 21 22 2 0.0125 0.00886417 -0.203524 0.134077 0.980896 0.099127 -0.150844 -0.0725472 0.0231
e_22_23 22 23 3 0.0125 0.00186346 -0.207391 0.155175 0.981026 0.0978229 -0.150873 -0.0724988 0.022024
e_23_3 23 3 4 0.0125 -0.00405095 -0.208937 0.176599 0.988482 -0.0029251 -0.111097 -0.102724 0.02281
5 22 21
3 0.261457 0.11454 0.065298 0.0125
23 0.273755 0.0991284 0.0612978 0.0125
22 0.293782 0.0555776 0.0400917 0.0125
4 0.351071 0.0690733 0.106357 0.0125
21 0.342776 0.0605954 0.0902531 0.0125
20 0.337077 0.0543485 0.0721285 0.0125
11 -0.012505 0.172409 0.0248877 0.0125
10 0.000605184 0.160925 0.0346974 0.0125
6 -0.0166966 -0.000862674 0.0266502 0.0125
9 0.0153476 0.14989 0.0425016 0.0125
2 0.0300164 0.138923 0.050536 0.0125
19 0.327427 0.0491535 0.0553995 0.0125
8 0.0096635 0.0556328 0.0371684 0.0125
12 -0.0262798 0.186187 0.0203671 0.0125
5 -0.0400554 0.199958 0.01583 0.0125
13 0.0933841 0.104297 0.0383136 0.0125
14 0.145463 0.0787454 0.0295214 0.0125
15 0.190057 0.0653935 0.0176474 0.0125
16 0.229914 0.0523953 0.0188492 0.0125
17 0.251094 0.0447052 0.0197041 0.0125
1 0.305711 0.0359879 0.0249836 0.0125
18 0.318542 0.0433353 0.0384528 0.0125
e_2_8 2 8 1 0.0125 0.0198395 0.0972773 0.0438525 0.174533 0.37173 0.662448 -0.626513 0.086776
e_8_6 8 6 2 0.0125 -0.00351692 0.0273852 0.0319099 0.159133 0.483503 0.591109 -0.625693 0.063224
e_2_9 2 9 1 0.0125 0.0226823 0.144406 0.0465187 0.431604 -0.807428 -0.221158 0.335957 0.02
e_9_10 9 10 2 0.0125 0.00797708 0.155407 0.0385995 0.438915 -0.802105 -0.22747 0.335021 0.02
e_10_11 10 11 3 0.0125 -0.00594993 0.166666 0.029793 0.390195 -0.851647 -0.14118 0.320178 0.02
e_11_12 11 12 4 0.0125 -0.0193924 0.179297 0.0226279 0.555284 -0.743793 -0.244526 0.280426 0.02
e_12_5 12 5 5 0.0125 -0.0331673 0.193072 0.0180989 0.554833 -0.744113 -0.244361 0.280614 0.02
e_2_13 2 13 1 0.0125 0.0617003 0.121611 0.0444247 0.431265 -0.253951 0.720384 -0.480172 0.073238
e_13_14 13 14 2 0.0125 0.119424 0.0915214 0.0339171 0.447426 -0.265926 0.710074 -0.474224 0.058673
e_14_15 14 15 3 0.0125 0.167761 0.0720693 0.0235844 0.441721 -0.361945 0.701838 -0.425796 0.048041
e_15_16 15 16 4 0.0125 0.209986 0.0588946 0.0182489 0.544699 -0.266882 0.643777 -0.466506 0.04194
e_16_17 16 17 5 0.0125 0.240504 0.0485511 0.0192765 0.542255 -0.250991 0.646575 -0.47424 0.022549
e_17_1 17 1 6 0.0125 0.278403 0.0403459 0.0223436 0.596157 -0.308052 0.597986 -0.438307 0.055561
e_1_18 1 18 1 0.0125 0.312127 0.0396618 0.0317178 0.857383 -0.310425 0.258692 -0.318762 0.02
e_18_19 18 19 2 0.0125 0.322984 0.0462446 0.0469257 0.906568 -0.2195 0.167758 -0.31908 0.02
e_19_20 19 20 3 0.0125 0.332252 0.0517516 0.0637637 0.898939 -0.214346 0.189266 -0.331879 0.02
e_20_21 20 21 4 0.0125 0.339927 0.057472 0.0811914 0.931865 -0.196201 0.0916081 -0.291101 0.02
e_21_4 21 4 5 0.0125 0.346924 0.064834 0.0983049 0.90803 -0.277425 0.142998 -0.279407 0.02
e_1_22 1 22 1 0.0125 0.299748 0.0457827 0.0325377 0.880116 -0.410825 -0.237035 0.0207994 0.027465
e_22_23 22 23 2 0.0125 0.283769 0.0773528 0.0506941 0.836341 -0.509177 -0.196088 0.053124 0.052416
e_23_3 23 3 3 0.0125 0.267606 0.106833 0.0632982 0.757777 -0.565129 -0.284974 0.158721 0.020119
6 25 24
3 -0.0787954 -0.0291677 0.0470188 0.0125
26 -0.0593295 -0.0326887 0.0429 0.0125
25 -0.0394072 -0.0382988 0.0380265 0.0125
24 -0.0204547 -0.0435254 0.0339399 0.0125
4 0.112597 -0.0662194 0.0121924 0.0125
23 0.0812685 -0.0671709 0.0106578 0.0125
22 0.0521348 -0.0613358 0.0164067 0.0125
1 0.0160435 -0.0528626 0.0262481 0.0125
21 0.0284103 -0.0373013 0.0233496 0.0125
6 0.248407 0.255043 0.0407856 0.0125
11 0.24169 0.233408 0.0341931 0.0125
10 0.239491 0.205477 0.0333941 0.0125
9 0.241519 0.180234 0.030853 0.0125
2 0.257224 0.109941 0.0397218 0.0125
19 0.0562868 -0.00742598 0.0266436 0.0125
8 0.245093 0.154015 0.03679 0.0125
12 0.288809 0.126338 0.0426016 0.0125
13 0.30772 0.132554 0.0404552 0.0125
14 0.327905 0.141327 0.0412538 0.0125
5 0.349548 0.145189 0.0446871 0.0125
15 0.191184 0.0714025 0.0488234 0.0125
16 0.101459 0.038381 0.0356531 0.0125
17 0.0827521 0.0242558 0.0329765 0.0125
18 0.0700236 0.00791723 0.0293771 0.0125
20 0.0426094 -0.0227488 0.0246212 0.0125
e_2_8 2 8 1 0.0125 0.251158 0.131978 0.0382566 0.483251 -0.359758 -0.634487 -0.48422 0.045808
e_8_9 8 9 2 0.0125 0.243306 0.167125 0.0338218 0.385907 -0.394751 -0.673529 -0.491534 0.027119
e_9_10 9 10 3 0.0125 0.240505 0.192855 0.0321228 0.510748 -0.421632 -0.521828 -0.537642 0.025451
e_10_11 10 11 4 0.0125 0.240591 0.219443 0.0337941 0.443479 -0.47266 -0.512182 -0.563549 0.028029
e_11_6 11 6 5 0.0125 0.245049 0.244226 0.0374895 0.524153 -0.510102 -0.316356 -0.604135 0.023593
e_2_12 2 12 1 0.0125 0.273017 0.118139 0.0411617 0.300235 -0.676843 -0.0393753 -0.670963 0.035704
e_12_13 12 13 2 0.0125 0.298265 0.129446 0.0415288 0.075124 -0.728484 -0.1514 -0.663886 0.020022
e_13_14 13 14 3 0.0125 0.317812 0.136941 0.0408541 0.255298 -0.693393 -0.0329026 -0.673013 0.022023
e_14_5 14 5 4 0.0125 0.338726 0.143257 0.0429703 0.459371 -0.578937 0.296127 -0.605078 0.022252
e_2_15 2 15 1 0.0125 0.224205 0.0906715 0.0442725 0.747055 0.310032 -0.587182 0.0317264 0.077002
e_15_16 15 16 2 0.0125 0.146323 0.0548921 0.0422383 0.657089 0.258079 -0.708255 0.00211238 0.096511
e_16_17 16 17 3 0.0125 0.0921062 0.0313185 0.0343142 0.659045 0.360558 -0.653246 0.0944852 0.023594
e_17_18 17 18 4 0.0125 0.0763877 0.0160862 0.0311762 0.617465 0.446059 -0.621802 0.182017 0.021022
e_18_19 18 19 5 0.0125 0.0631551 0.000245169 0.0280102 0.639891 0.424426 -0.621011 0.157312 0.020775
e_19_20 19 20 6 0.0125 0.049448 -0.0150878 0.0256322 0.653554 0.424363 -0.607364 0.154568 0.020638
e_20_21 20 21 7 0.0125 0.0355094 -0.0300251 0.0239859 0.670814 0.409183 -0.603147 0.13708 0.020372
e_21_1 21 1 8 0.0125 0.0222265 -0.0450812 0.0247986 0.743139 0.427264 -0.495286 0.141002 0.020087
e_1_22 1 22 1 0.0125 0.034089 -0.0570995 0.0213268 -0.433212 0.414234 -0.675799 0.428991 0.038356
e_22_23 22 23 2 0.0125 0.0667016 -0.0642534 0.0135322 -0.383376 0.512444 -0.576518 0.507987 0.030264
e_23_4 23 4 3 0.0125 0.0969331 -0.0666954 0.0114255 0.436578 -0.562572 0.39882 -0.577802 0.03138
e_1_24 1 24 1 0.0125 -0.00220608 -0.0481939 0.0300941 0.742845 0.0233669 -0.632001 -0.219566 0.038451
e_24_25 24 25 2 0.0125 -0.0299311 -0.0409126 0.035983 0.74223 0.0162979 -0.630864 -0.225475 0.02008
e_25_26 25 26 3 0.0125 -0.0493688 -0.0354937 0.0404633 0.749753 0.0136739 -0.620659 -0.229054 0.021264
e_26_3 26 3 4 0.0125 -0.0690629 -0.0309282 0.0449595 0.750118 0.0499674 -0.628939 -0.198146 0.020205
7 25 24
3 0.118156 0.0761027 0.120137 0.0125
26 0.150946 0.0851135 0.0916785 0.0125
25 0.172428 0.0930903 0.0757381 0.0125
4 0.0981622 0.124203 0.0611648 0.0125
24 0.119411 0.123533 0.0557594 0.0125
23 0.139144 0.119451 0.05446 0.0125
22 0.169495 0.112019 0.0528765 0.0125
1 0.192533 0.0997021 0.0577994 0.0125
21 0.173893 0.0944997 0.0628481 0.0125
11 -0.0587671 -0.0824255 0.107316 0.0125
10 -0.0683722 -0.0552193 0.0907881 0.0125
6 0.0702569 -0.0392006 0.0327997 0.0125
9 0.00988213 -0.0343576 0.0605512 0.0125
2 -0.0697964 -0.0349015 0.082494 0.0125
19 0.136988 0.0823412 0.0721184 0.0125
8 -0.0336792 -0.0295937 0.0747001 0.0125
12 -0.0540092 -0.101757 0.115137 0.0125
5 -0.0464593 -0.123839 0.11635 0.0125
13 0.0122464 0.0220729 0.0824177 0.0125
14 0.0385591 0.0401887 0.082814 0.0125
15 0.0616264 0.0482188 0.0825165 0.0125
16 0.0819832 0.0591298 0.0791548 0.0125
17 0.0992274 0.0689845 0.0765767 0.0125
18 0.117595 0.076675 0.0746932 0.0125
20 0.155181 0.0894088 0.067741 0.0125
e_2_8 2 8 1 0.0125 -0.0517378 -0.0322473 0.0785974 0.586368 -0.383643 0.676173 -0.227553 0.037328
e_8_9 8 9 2 0.0125 -0.0118985 -0.0319758 0.0676264 0.530412 -0.269035 0.762399 -0.255013 0.046048
e_9_6 9 6 3 0.0125 0.0400689 -0.0367784 0.0466755 0.472933 -0.346283 0.767045 -0.260893 0.066624
e_2_10 2 10 1 0.0125 -0.0690848 -0.0450604 0.086641 0.828892 0.55791 0.0129204 0.0388392 0.021992
e_10_11 10 11 2 0.0125 -0.0635702 -0.0688221 0.0990516 0.864957 0.468953 0.177618 -0.0196166 0.03325
e_11_12 11 12 3 0.0125 -0.0563881 -0.0920906 0.111226 0.82633 0.546118 0.137532 -0.00442812 0.021389
e_12_5 12 5 4 0.0125 -0.0502348 -0.112797 0.115743 0.723584 0.635103 0.265908 -0.048616 0.023369
e_2_13 2 13 1 0.0125 -0.028775 -0.00641389 0.0824555 0.688494 -0.524518 0.474621 -0.159976 0.099886
e_13_14 13 14 2 0.0125 0.0254023 0.0311309 0.0826151 0.693342 -0.518187 0.474636 -0.159624 0.031948
e_14_15 14 15 3 0.0125 0.0500928 0.0442031 0.0826651 0.675697 -0.409622 0.581624 -0.19328 0.024427
e_15_16 15 16 4 0.0125 0.0718053 0.053674 0.0808353 0.627747 -0.53048 0.539095 -0.184124 0.023341
e_16_17 16 17 5 0.0125 0.0906053 0.0640571 0.0778657 0.63512 -0.536209 0.526145 -0.179651 0.020028
e_17_18 17 18 6 0.0125 0.108412 0.0728302 0.0756346 0.644774 -0.469146 0.571829 -0.192821 0.020001
e_18_19 18 19 7 0.0125 0.127291 0.0795081 0.0734058 0.627424 -0.426171 0.61773 -0.20767 0.020367
e_19_20 19 20 8 0.0125 0.146085 0.0858747 0.0699293 0.590799 -0.504525 0.595713 -0.203807 0.020002
e_20_21 20 21 9 0.0125 0.164537 0.0919538 0.0652949 0.574721 -0.463251 0.63854 -0.217625 0.02
e_21_1 21 1 10 0.0125 0.183213 0.0971002 0.0603237 0.571462 -0.469769 0.636799 -0.217337 0.02
e_1_22 1 22 1 0.0125 0.181014 0.105861 0.055338 0.610406 -0.545522 -0.543145 0.186559 0.026584
e_22_23 22 23 2 0.0125 0.154319 0.115735 0.0536685 0.693031 -0.352607 -0.591905 0.212192 0.031288
e_23_24 23 24 3 0.0125 0.129277 0.121492 0.05511 0.696943 -0.330237 -0.598983 0.215485 0.020193
e_24_4 24 4 4 0.0125 0.108787 0.123869 0.0584618 0.758987 -0.187352 -0.584543 0.217133 0.021935
e_1_25 1 25 1 0.0125 0.18248 0.0963962 0.0667687 0.890993 0.0534641 -0.416955 0.171529 0.027744
e_25_26 25 26 2 0.0125 0.161687 0.0891018 0.083709 0.866677 0.0667947 -0.45828 0.185443 0.027914
e_26_3 26 3 3 0.0125 0.134551 0.0806085 0.105907 0.889458 0.0323957 -0.421968 0.172503 0.044342
8 24 23
3 0.0449755 0.0864333 0.0388159 0.0125
25 0.0198448 0.0956017 0.110428 0.0125
4 -0.0334048 0.0255625 0.0809787 0.0125
24 -0.023089 0.0401218 0.0900117 0.0125
23 -0.0120128 0.0537312 0.0996091 0.0125
22 -0.00116861 0.0672377 0.109609 0.0125
21 0.00429332 0.083044 0.120579 0.0125
1 0.0105466 0.0982986 0.131901 0.0125
6 0.119787 -0.17001 0.231553 0.0125
11 0.107308 -0.172689 0.215438 0.0125
10 0.0961762 -0.173851 0.198786 0.0125
9 0.0851661 -0.17354 0.180059 0.0125
2 0.0666864 -0.192097 0.0964883 0.0125
19 0.0168506 0.0596561 0.124426 0.0125
8 0.079617 -0.177068 0.161132 0.0125
12 0.0443877 -0.182299 0.0634032 0.0125
13 0.0261615 -0.185231 0.0321923 0.0125
5 0.01427 -0.186605 0.0129583 0.0125
14 0.0464454 -0.0895076 0.102902 0.0125
15 0.0318565 -0.0346728 0.107568 0.0125
16 0.0253646 -0.00211466 0.110836 0.0125
17 0.0241692 0.0194355 0.11766 0.0125
18 0.0226902 0.0401013 0.123087 0.0125
20 0.0110353 0.0790763 0.126044 0.0125
e_2_8 2 8 1 0.0125 0.0731523 -0.184582 0.128811 0.828626 -0.146935 0.0196726 -0.539816 0.067616
e_8_9 8 9 2 0.0125 0.0823918 -0.175303 0.170595 0.824024 -0.151746 0.0683047 -0.541564 0.020036
e_9_10 9 10 3 0.0125 0.0906712 -0.173695 0.189422 0.823245 -0.130621 0.227941 -0.503238 0.021726
e_10_11 10 11 4 0.0125 0.101742 -0.17327 0.207112 0.767054 -0.197549 0.214464 -0.571495 0.020065
e_11_6 11 6 5 0.0125 0.113548 -0.171349 0.223496 0.695277 -0.268314 0.189916 -0.639163 0.020557
e_2_12 2 12 1 0.0125 0.0555372 -0.187198 0.0799453 0.28178 0.0282457 -0.949665 -0.133934 0.041084
e_12_13 12 13 2 0.0125 0.0352749 -0.183766 0.0477977 0.263812 0.12723 -0.956119 0.00716875 0.036262
e_13_5 13 5 3 0.0125 0.0202155 -0.185918 0.0225758 0.274752 0.122574 -0.953664 -0.00350729 0.022655
e_2_14 2 14 1 0.0125 0.0565661 -0.140802 0.0996953 0.422713 -0.282057 -0.624368 -0.593231 0.104764
e_14_15 14 15 2 0.0125 0.0391512 -0.0620896 0.105235 0.451296 -0.264183 -0.62388 -0.580787 0.056934
e_15_16 15 16 3 0.0125 0.0286106 -0.0183937 0.109202 0.436859 -0.282247 -0.609389 -0.598444 0.033359
e_16_17 16 17 4 0.0125 0.024767 0.00866087 0.114248 0.471253 -0.318153 -0.498045 -0.654714 0.022637
e_17_18 17 18 5 0.0125 0.0234297 0.0297684 0.120374 0.456425 -0.315746 -0.523084 -0.64681 0.021417
e_18_19 18 19 6 0.0125 0.01977 0.0498793 0.123757 0.454907 -0.255244 -0.634134 -0.570775 0.020452
e_19_20 19 20 7 0.0125 0.0139431 0.0693664 0.125235 0.460162 -0.255346 -0.628496 -0.57275 0.020337
e_20_1 20 1 8 0.0125 0.0107907 0.0886882 0.128972 0.457727 -0.326512 -0.497696 -0.660435 0.0201
e_1_21 1 21 1 0.0125 0.00741953 0.0906712 0.126239 0.341727 0.372677 -0.802599 0.316496 0.02
e_21_22 21 22 2 0.0125 0.00156225 0.0751404 0.115094 0.335962 0.384817 -0.791304 0.335982 0.02
e_22_23 22 23 3 0.0125 -0.00659117 0.0604846 0.104609 0.441638 0.342239 -0.795525 0.234453 0.02
e_23_24 23 24 4 0.0125 -0.0175506 0.0469271 0.0948101 0.453422 0.344715 -0.788108 0.233381 0.02
e_24_4 24 4 5 0.0125 -0.0282467 0.0328426 0.0854954 0.4558 0.362667 -0.770905 0.257727 0.02
e_1_25 1 25 1 0.0125 0.0151954 0.0969496 0.121165 -0.200067 0.0291765 -0.977218 0.0645542 0.023554
e_25_3 25 3 2 0.0125 0.0324103 0.0910179 0.0746222 -0.164201 0.0430365 -0.983126 0.0681791 0.076446
9 20 19
3 -0.286272 0.213774 0.195393 0.0125
21 -0.26367 0.202901 0.180828 0.0125
4 -0.171858 0.19786 0.232993 0.0125
20 -0.187562 0.186713 0.188374 0.0125
12 0.0481125 0.0333831 0.0421992 0.0125
11 0.0376012 0.0203045 0.0534072 0.0125
10 0.0261911 0.00720438 0.0638276 0.0125
9 0.0136081 -0.00577176 0.0749984 0.0125
2 -0.0256844 -0.0491048 0.110189 0.0125
19 -0.20671 0.147431 0.136643 0.0125
8 0.000107901 -0.0212557 0.0868048 0.0125
6 0.0601832 0.0469036 0.0336527 0.0125
13 0.00179403 -0.0761545 0.0969243 0.0125
14 0.0213958 -0.0994196 0.0928758 0.0125
5 0.0329161 -0.125214 0.0888637 0.0125
15 -0.165527 0.0709316 0.119291 0.0125
16 -0.183995 0.0905832 0.119941 0.0125
17 -0.193576 0.112284 0.120617 0.0125
18 -0.203155 0.129205 0.127741 0.0125
1 -0.211935 0.167671 0.147317 0.0125
e_2_8 2 8 1 0.0125 -0.0127883 -0.0351809 0.0984962 0.177141 -0.785427 -0.381264 -0.454272 0.044583
e_8_9 8 9 2 0.0125 0.00685772 -0.0135142 0.0809016 0.199276 -0.78141 -0.372207 -0.459509 0.023694
e_9_10 9 10 3 0.0125 0.0198997 0.000716833 0.0694125 0.170527 -0.789102 -0.374411 -0.456131 0.021249
e_10_11 10 11 4 0.0125 0.0318963 0.0137543 0.0586168 0.19055 -0.780791 -0.384121 -0.45443 0.020258
e_11_12 11 12 5 0.0125 0.0428574 0.026844 0.047803 0.178095 -0.771195 -0.427777 -0.436518 0.020178
e_12_6 12 6 6 0.0125 0.0541479 0.0401439 0.0379255 0.235894 -0.782453 -0.317813 -0.480746 0.020038
e_2_13 2 13 1 0.0125 -0.0119455 -0.0626294 0.103557 0.468921 0.803364 0.131377 0.342723 0.040776
e_13_14 13 14 2 0.0125 0.0115949 -0.087787 0.0949 0.62544 0.698501 0.279386 0.207036 0.030691
e_14_5 14 5 3 0.0125 0.0271561 -0.112317 0.0908696 0.569251 0.751498 -0.074479 0.32505 0.028534
e_2_15 2 15 1 0.0125 -0.0956059 0.0109134 0.11474 0.689553 -0.267313 -0.635514 -0.221772 0.18452
e_15_16 15 16 2 0.0125 -0.174762 0.080757 0.119616 0.671582 -0.312628 -0.624688 -0.246995 0.026976
e_16_17 16 17 3 0.0125 -0.188786 0.101434 0.120279 0.636655 -0.436509 -0.543324 -0.330044 0.023732
e_17_18 17 18 4 0.0125 -0.198366 0.120745 0.124179 0.753291 -0.346687 -0.455868 -0.323336 0.020708
e_18_19 18 19 5 0.0125 -0.204932 0.138318 0.132191 0.750783 -0.416847 -0.331762 -0.39051 0.020593
e_19_1 19 1 6 0.0125 -0.209322 0.157551 0.141981 0.764162 -0.395014 -0.341448 -0.378726 0.023472
e_1_20 1 20 1 0.0125 -0.199749 0.177192 0.167846 0.845764 -0.287263 0.134599 -0.429007 0.051404
e_20_4 20 4 2 0.0125 -0.17971 0.192287 0.210683 0.907316 -0.170608 0.108785 -0.36856 0.048596
e_1_21 1 21 1 0.0125 -0.237803 0.185286 0.164073 0.827456 -0.166801 -0.485986 -0.22652 0.070997
e_21_3 21 3 2 0.0125 -0.274971 0.208337 0.18811 0.844328 -0.10929 -0.486769 -0.195503 0.029003
10 17 16
3 0.00937466 -0.0489548 0.213678 0.0125
10 -0.0542855 -0.210274 0.0459171 0.0125
5 -0.153698 -0.199039 0.0701349 0.0125
6 -0.21056 -0.1765 0.0364415 0.0125
9 -0.133145 -0.206904 0.0587995 0.0125
2 -0.073231 -0.230947 0.0201443 0.0125
8 -0.162163 -0.189639 0.0230755 0.0125
11 -0.0311876 -0.170925 0.0743344 0.0125
12 -0.0117983 -0.126879 0.0990336 0.0125
13 0.0199248 -0.0857434 0.123902 0.0125
14 0.036657 -0.0669792 0.133687 0.0125
15 0.047083 -0.0509052 0.140079 0.0125
16 0.0573169 -0.0325327 0.143374 0.0125
1 0.0721226 -0.00905068 0.147129 0.0125
18 0.0230991 -0.0420364 0.197011 0.0125
17 0.0877336 0.0025476 0.160434 0.0125
4 0.128164 0.0457875 0.208791 0.0125
e_2_8 2 8 1 0.0125 -0.117697 -0.210293 0.0216099 0.714986 -0.346114 -0.604372 0.0611097 0.098101
e_8_6 8 6 2 0.0125 -0.186362 -0.183069 0.0297586 0.784945 -0.241361 -0.559444 0.112379 0.051899
e_2_9 2 9 1 0.0125 -0.103187 -0.218925 0.0394725 0.864135 -0.235351 -0.433298 0.10066 0.075245
e_9_5 9 5 2 0.0125 -0.14342 -0.202971 0.0644673 0.847825 -0.242141 -0.460884 0.100731 0.024755
e_2_10 2 10 1 0.0125 -0.0637582 -0.22061 0.0330307 0.912776 -0.316862 0.247476 -0.0720729 0.038086
e_10_11 10 11 2 0.0125 -0.0427359 -0.190599 0.0601258 0.864596 -0.450472 0.180944 -0.129642 0.053753
e_11_12 11 12 3 0.0125 -0.0214929 -0.148902 0.0866842 0.840431 -0.506295 0.123948 -0.14825 0.054093
e_12_13 12 13 4 0.0125 0.00406327 -0.106311 0.111468 0.831054 -0.475698 0.240436 -0.158905 0.057592
e_13_14 13 14 5 0.0125 0.0282909 -0.0763613 0.128795 0.806036 -0.492392 0.276057 -0.177903 0.026978
e_14_15 14 15 6 0.0125 0.04187 -0.0589422 0.136883 0.78829 -0.551798 0.193065 -0.191948 0.020197
e_15_16 15 16 7 0.0125 0.0522003 -0.0417191 0.141726 0.724477 -0.636886 0.130321 -0.229184 0.021287
e_16_1 16 1 8 0.0125 0.0647205 -0.0207921 0.145252 0.714686 -0.638809 0.157766 -0.237185 0.028013
e_1_17 1 17 1 0.0125 0.0799284 -0.00325135 0.153782 0.879174 -0.317556 0.341841 -0.0967239 0.023563
e_17_4 17 4 2 0.0125 0.107949 0.0241675 0.184612 0.899211 -0.340062 0.260845 -0.0879581 0.076437
e_1_18 1 18 1 0.0125 0.0476105 -0.0255439 0.17207 0.866773 0.121895 -0.403248 0.266904 0.077327
e_18_3 18 3 2 0.0125 0.0162366 -0.0454958 0.205344 0.900164 0.0748233 -0.356131 0.239324 0.022673
11 23 22
3 -0.240527 0.0354747 0.0257623 0.0125
24 -0.258624 0.0251621 0.0207651 0.0125
23 -0.277224 0.0148512 0.0184375 0.0125
22 -0.304778 -0.000389078 0.0149915 0.0125
4 -0.38697 0.0299258 0.0790174 0.0125
21 -0.37597 0.0206186 0.0651469 0.0125
20 -0.365063 0.0112377 0.0512526 0.0125
11 -0.210109 -0.259702 0.0961851 0.0125
10 -0.219595 -0.264698 0.113069 0.0125
6 -0.24921 -0.178493 0.0114184 0.0125
9 -0.240906 -0.195053 0.0293164 0.0125
2 -0.226981 -0.26373 0.13163 0.0125
19 -0.354414 0.00360546 0.0361417 0.0125
8 -0.234748 -0.238553 0.0886719 0.0125
12 -0.19764 -0.2549 0.081303 0.0125
13 -0.183681 -0.256369 0.0670558 0.0125
5 -0.168351 -0.259725 0.0546572 0.0125
14 -0.243283 -0.183534 0.0921743 0.0125
15 -0.263003 -0.11187 0.0581 0.0125
16 -0.281185 -0.0839256 0.041118 0.0125
17 -0.314213 -0.0402927 0.0235281 0.0125
1 -0.32704 -0.0125819 0.0124357 0.0125
18 -0.34036 -0.00638116 0.0260049 0.0125
e_2_8 2 8 1 0.0125 -0.230864 -0.251141 0.110151 0.141653 -0.237536 -0.932626 -0.231775 0.050394
e_8_9 8 9 2 0.0125 -0.237826 -0.216803 0.0589943 0.158631 -0.361412 -0.878218 -0.270093 0.073847
e_9_6 9 6 3 0.0125 -0.245059 -0.186773 0.020367 0.292254 -0.341827 -0.85473 -0.259189 0.025759
e_2_10 2 10 1 0.0125 -0.223288 -0.264214 0.122349 -0.118485 0.680515 -0.707762 0.148101 0.02
e_10_11 10 11 2 0.0125 -0.214852 -0.2622 0.104627 -0.262908 0.136084 -0.950563 -0.0937587 0.02
e_11_12 11 12 3 0.0125 -0.203875 -0.257302 0.0887443 -0.341949 0.576627 -0.734537 0.105014 0.02
e_12_13 12 13 4 0.0125 -0.190661 -0.255634 0.0741799 0.0988823 0.913628 0.146526 0.366111 0.02
e_13_5 13 5 5 0.0125 -0.176016 -0.258046 0.0608567 0.237957 0.84169 0.31863 0.365252 0.02
e_2_14 2 14 1 0.0125 -0.235132 -0.223633 0.111902 0.431265 -0.574208 -0.622437 -0.311236 0.090851
e_14_15 14 15 2 0.0125 -0.253143 -0.147702 0.0751367 0.446769 -0.545905 -0.640589 -0.303364 0.081766
e_15_16 15 16 3 0.0125 -0.272094 -0.0978983 0.0496085 0.452429 -0.386078 -0.760186 -0.261475 0.037415
e_16_17 16 17 4 0.0125 -0.297698 -0.0621091 0.032323 0.53305 -0.375476 -0.715556 -0.250709 0.057481
e_17_1 17 1 5 0.0125 -0.320626 -0.0264378 0.0179821 0.499917 -0.478585 -0.664586 -0.281716 0.032487
e_1_18 1 18 1 0.0125 -0.3337 -0.00948156 0.0192206 0.909942 -0.126084 -0.380649 -0.105905 0.02
e_18_19 18 19 2 0.0125 -0.347388 -0.0013878 0.031073 0.855084 -0.213777 -0.44819 -0.149189 0.02
e_19_20 19 20 3 0.0125 -0.359738 0.00742199 0.0436976 0.930353 -0.168693 -0.306198 -0.110584 0.02
e_20_21 20 21 4 0.0125 -0.370517 0.015928 0.0582001 0.911321 -0.210448 -0.329179 -0.129795 0.02
e_21_4 21 4 5 0.0125 -0.381469 0.0252723 0.0720818 0.911052 -0.208346 -0.331429 -0.129348 0.02
e_1_22 1 22 1 0.0125 -0.315909 -0.00648547 0.0137136 0.739995 -0.361063 0.56529 -0.0498895 0.02551
e_22_23 22 23 2 0.0125 -0.291001 0.00723045 0.0167147 0.742828 -0.362444 0.560559 -0.0511354 0.031676
e_23_24 23 24 3 0.0125 -0.267925 0.0200065 0.0196017 0.742788 -0.363265 0.560045 -0.0515205 0.021393
e_24_3 24 3 4 0.0125 -0.249576 0.0303178 0.0232639 0.783731 -0.339554 0.517746 -0.0490707 0.021421
12 21 20
3 -0.299354 -0.13227 0.0789058 0.0125
22 -0.280882 -0.129315 0.0859837 0.0125
21 -0.262568 -0.126686 0.0935765 0.0125
20 -0.24723 -0.123181 0.105924 0.0125
19 -0.233841 -0.116855 0.119367 0.0125
11 0.0611761 0.0799448 0.128019 0.0125
10 0.0604078 0.0604886 0.134295 0.0125
6 -0.0506018 -0.10584 0.146878 0.0125
9 0.0560642 0.0389769 0.135901 0.0125
2 0.0523851 0.00225533 0.134076 0.0125
8 -0.0102897 -0.0630065 0.138548 0.0125
5 0.0618276 0.0976472 0.11753 0.0125
12 -0.0618013 -0.0316106 0.13544 0.0125
13 -0.141331 -0.0627959 0.136514 0.0125
14 -0.162693 -0.0782295 0.136243 0.0125
15 -0.182712 -0.0966316 0.136704 0.0125
16 -0.200272 -0.106339 0.1335 0.0125
1 -0.219033 -0.116996 0.132809 0.0125
18 -0.19113 -0.15175 0.0985088 0.0125
17 -0.20368 -0.133164 0.11795 0.0125
4 -0.17279 -0.17908 0.0700252 0.0125
e_2_8 2 8 1 0.0125 0.0210476 -0.0303751 0.136312 0.721508 0.537564 -0.431674 -0.0640994 0.090594
e_8_6 8 6 2 0.0125 -0.0304462 -0.0844233 0.142713 0.754858 0.467 -0.460215 0.0173672 0.059406
e_2_9 2 9 1 0.0125 0.0542246 0.0206161 0.134989 0.0807839 -0.00821203 0.689366 0.719848 0.036951
e_9_10 9 10 2 0.0125 0.0582365 0.0497328 0.135098 0.0742687 0.0658116 0.729504 0.67674 0.022005
e_10_11 10 11 3 0.0125 0.060792 0.0702162 0.131157 -0.0409236 0.0879364 0.803522 0.58732 0.020457
e_11_5 11 5 4 0.0125 0.0615018 0.0887955 0.122775 -0.0850482 0.180576 0.849799 0.487854 0.020588
e_2_12 2 12 1 0.0125 -0.00470856 -0.0146772 0.134757 0.704613 0.106936 -0.694867 0.0961502 0.11911
e_12_13 12 13 2 0.0125 -0.101567 -0.0472033 0.135977 0.711491 0.264287 -0.651046 -0.00848872 0.085433
e_13_14 13 14 3 0.0125 -0.152013 -0.0705128 0.136379 0.691438 0.515184 -0.489624 -0.129491 0.026355
e_14_15 14 15 4 0.0125 -0.172702 -0.087431 0.136474 0.706314 0.540853 -0.446105 -0.0979263 0.027195
e_15_16 15 16 5 0.0125 -0.191492 -0.101486 0.135102 0.561342 0.652516 -0.391216 -0.32568 0.02032
e_16_1 16 1 6 0.0125 -0.209653 -0.111668 0.133155 0.679349 0.481081 -0.533447 -0.149933 0.021587
e_1_17 1 17 1 0.0125 -0.211356 -0.12508 0.12538 0.452935 0.784081 0.403112 0.13254 0.026794
e_17_18 17 18 2 0.0125 -0.197405 -0.142457 0.10823 0.411608 0.815012 0.404071 0.0553205 0.029681
e_18_4 18 4 3 0.0125 -0.18196 -0.165416 0.084267 0.412082 0.815316 0.403062 0.0546793 0.043526
e_1_19 1 19 1 0.0125 -0.226436 -0.116926 0.126088 -0.332185 0.529904 0.745161 -0.231494 0.02
e_19_20 19 20 2 0.0125 -0.240535 -0.120018 0.112646 -0.0271294 0.798703 0.445136 -0.40397 0.02
e_20_21 20 21 3 0.0125 -0.254899 -0.124934 0.0997508 -0.192423 0.699163 0.565558 -0.392796 0.02
e_21_22 21 22 4 0.0125 -0.271725 -0.128001 0.0897796 -0.304362 0.623991 0.548151 -0.4664 0.02
e_22_3 22 3 5 0.0125 -0.290118 -0.130793 0.0824443 -0.263491 0.659613 0.491771 -0.503631 0.02
13 23 22
3 0.15936 0.0892921 0.258364 0.0125
24 0.12431 0.107392 0.234293 0.0125
4 0.0413414 0.0669429 0.148367 0.0125
23 0.0484384 0.0793343 0.162369 0.0125
22 0.0528124 0.0883638 0.179672 0.0125
21 0.0618369 0.0998913 0.193297 0.0125
20 0.0715826 0.114405 0.203011 0.0125
11 -0.0837262 -0.0859097 0.119434 0.0125
10 -0.0774419 -0.0969166 0.139398 0.0125
6 -0.132793 0.0251794 0.156354 0.0125
9 -0.112898 -0.0474382 0.159721 0.0125
2 -0.0710648 -0.108797 0.16658 0.0125
19 0.062138 0.122139 0.207834 0.0125
8 -0.096598 -0.0711913 0.161024 0.0125
5 -0.0915312 -0.064999 0.0792006 0.0125
12 -0.0489219 -0.0695326 0.164358 0.0125
13 -0.0155198 0.00661744 0.168598 0.0125
14 0.00207138 0.046092 0.171027 0.0125
15 0.0139745 0.0703254 0.17292 0.0125
16 0.02569 0.0875119 0.176682 0.0125
17 0.0368243 0.10219 0.184586 0.0125
18 0.0476951 0.112858 0.197554 0.0125
1 0.0800556 0.129443 0.213115 0.0125
e_2_8 2 8 1 0.0125 -0.0838312 -0.0899942 0.163802 0.661904 -0.640714 -0.387502 0.0347976 0.045794
e_8_9 8 9 2 0.0125 -0.104748 -0.0593139 0.160372 0.690425 -0.611553 -0.385473 0.0269561 0.028838
e_9_6 9 6 3 0.0125 -0.122846 -0.011129 0.158038 0.689156 -0.680629 -0.243069 -0.0522063 0.075369
e_2_10 2 10 1 0.0125 -0.0742534 -0.102857 0.152989 0.221105 -0.945183 -0.233549 0.0565447 0.030343
e_10_11 10 11 2 0.0125 -0.0805839 -0.0914129 0.129416 0.271518 -0.921385 -0.270494 0.0645076 0.023648
e_11_5 11 5 3 0.0125 -0.0876294 -0.0754544 0.0993177 0.248047 -0.94564 -0.207343 0.0353058 0.046009
e_2_12 2 12 1 0.0125 -0.0599934 -0.0891655 0.165469 0.646728 -0.715114 0.115038 -0.238998 0.045132
e_12_13 12 13 2 0.0125 -0.0322206 -0.031458 0.166479 0.6895 -0.685451 0.0684995 -0.223727 0.083262
e_13_14 13 14 3 0.0125 -0.00672431 0.0263543 0.169812 0.690807 -0.683292 0.0711363 -0.225471 0.043285
e_14_15 14 15 4 0.0125 0.00802312 0.0582089 0.171973 0.692612 -0.676232 0.08798 -0.235072 0.027065
e_15_16 15 16 5 0.0125 0.0198326 0.0789181 0.174801 0.717019 -0.62366 0.148494 -0.273643 0.021137
e_16_17 16 17 6 0.0125 0.0312577 0.0948505 0.180634 0.781741 -0.527348 0.157382 -0.293285 0.020047
e_17_18 17 18 7 0.0125 0.0422604 0.107524 0.19107 0.84997 -0.380143 0.177061 -0.318892 0.020004
e_18_19 18 19 8 0.0125 0.0549167 0.117498 0.202694 0.793807 -0.412974 0.269399 -0.356015 0.02001
e_19_1 19 1 9 0.0125 0.0710962 0.125791 0.210475 0.69221 -0.475694 0.376924 -0.390498 0.020057
e_1_20 1 20 1 0.0125 0.0758191 0.121924 0.208063 0.294419 0.104144 -0.861247 0.400907 0.02
e_20_21 20 21 2 0.0125 0.0667102 0.107148 0.198154 0.322015 0.0832433 -0.857868 0.391713 0.02
e_21_22 21 22 3 0.0125 0.0573247 0.094128 0.186484 0.0210241 -0.526374 -0.750705 0.398661 0.02
e_22_23 22 23 4 0.0125 0.0506255 0.0838495 0.171021 -0.197436 -0.934189 -0.244618 0.168736 0.02
e_23_4 23 4 5 0.0125 0.0448898 0.0731388 0.155369 -0.10058 -0.650324 -0.653563 0.373923 0.02
e_1_24 1 24 1 0.0125 0.102183 0.118417 0.223704 0.686605 -0.0783267 0.544982 -0.474797 0.053789
e_24_3 24 3 2 0.0125 0.141835 0.0983421 0.246328 0.742696 -0.0366351 0.488074 -0.456995 0.046211
14 27 26
3 0.029545 0.117412 0.145575 0.0125
28 0.0318339 0.139763 0.144578 0.0125
27 0.0355152 0.159871 0.150496 0.0125
4 0.0777106 0.29603 0.212062 0.0125
26 0.0729683 0.277417 0.206486 0.0125
25 0.0641409 0.260783 0.199748 0.0125
24 0.0577485 0.2434 0.192199 0.0125
23 0.0513596 0.226014 0.184659 0.0125
1 0.0465463 0.209627 0.17425 0.0125
22 0.0486974 0.189864 0.1713 0.0125
21 0.0498889 0.168872 0.168072 0.0125
11 0.0698165 -0.0923963 0.157605 0.0125
6 -0.00777829 -0.205093 0.0983491 0.0125
10 -0.00333253 -0.189527 0.110181 0.0125
9 9.44472e-05 -0.174908 0.123774 0.0125
2 0.0448017 -0.0821654 0.15797 0.0125
19 0.0476347 0.129629 0.158226 0.0125
8 0.0184324 -0.135536 0.146683 0.0125
12 0.0994419 -0.0943154 0.154935 0.0125
13 0.120659 -0.0954472 0.157373 0.0125
5 0.142414 -0.095297 0.158341 0.0125
14 0.0352683 -0.0534571 0.158705 0.0125
15 0.0274728 -0.0174692 0.161657 0.0125
16 0.0326166 0.058657 0.170058 0.0125
17 0.0375398 0.0798941 0.165973 0.0125
18 0.0437809 0.109711 0.159316 0.0125
20 0.0491789 0.150284 0.160244 0.0125
e_2_8 2 8 1 0.0125 0.0316165 -0.10885 0.152326 0.63756 0.700487 -0.320098 -0.0193087 0.06059
e_8_9 8 9 2 0.0125 0.00926329 -0.155222 0.135228 0.516459 0.776274 -0.361481 -3.88906e-05 0.049104
e_9_10 9 10 3 0.0125 -0.0016192 -0.182218 0.116977 -0.202927 -0.264723 0.874909 -0.351108 0.020254
e_10_6 10 6 4 0.0125 -0.00555525 -0.19731 0.104265 0.0811401 0.394571 0.799602 -0.445384 0.020051
e_2_11 2 11 1 0.0125 0.0573094 -0.0872817 0.157788 0.597384 -0.117235 0.702145 -0.369297 0.027029
e_11_12 11 12 2 0.0125 0.0846291 -0.0933559 0.156269 0.592213 -0.311028 0.669372 -0.323243 0.029807
e_12_13 12 13 3 0.0125 0.11005 -0.0948815 0.156155 0.67604 -0.24946 0.617047 -0.316216 0.021387
e_13_5 13 5 4 0.0125 0.131537 -0.0953724 0.157858 0.653274 -0.299812 0.622825 -0.308926 0.021777
e_2_14 2 14 1 0.0125 0.0400348 -0.0678116 0.158337 0.708809 -0.68689 -0.126662 0.0986397 0.030258
e_14_15 14 15 2 0.0125 0.0313704 -0.0354638 0.160181 0.731314 -0.673736 -0.078257 0.0716639 0.036941
e_15_16 15 16 3 0.0125 0.0300447 0.0205936 0.165857 0.744753 -0.665269 0.0519504 0.0077918 0.076761
e_16_17 16 17 4 0.0125 0.035078 0.0692749 0.168015 0.638487 -0.753811 0.154376 -0.0164694 0.02218
e_17_18 17 18 5 0.0125 0.0406605 0.0948034 0.162644 0.62702 -0.764916 0.147121 -0.0102313 0.031183
e_18_19 18 19 6 0.0125 0.0457085 0.119671 0.158771 0.687751 -0.715101 0.124332 -0.0130648 0.020316
e_19_20 19 20 7 0.0125 0.0484068 0.139956 0.159235 0.740573 -0.669581 0.05627 0.00682971 0.020811
e_20_21 20 21 8 0.0125 0.0495342 0.159578 0.164158 0.83301 -0.552916 0.0192803 -0.00275141 0.020182
e_21_22 21 22 9 0.0125 0.0492931 0.179368 0.169686 0.758163 -0.651178 -0.00871404 0.0328636 0.021271
e_22_1 22 1 10 0.0125 0.0476223 0.199745 0.172775 0.755921 -0.652347 -0.0324407 0.0444244 0.020098
e_1_23 1 23 1 0.0125 0.048953 0.217821 0.179454 0.869914 -0.478077 0.10603 -0.0587415 0.02
e_23_24 23 24 2 0.0125 0.0545538 0.234706 0.188429 0.827143 -0.537515 0.150122 -0.0661534 0.02
e_24_25 24 25 3 0.0125 0.0609452 0.252092 0.195973 0.827227 -0.537362 0.150179 -0.0662124 0.02
e_25_26 25 26 4 0.0125 0.0685552 0.2691 0.203116 0.812266 -0.536064 0.210168 -0.093211 0.02
e_26_4 26 4 5 0.0125 0.0753399 0.286723 0.209274 0.798586 -0.588696 0.118528 -0.0405952 0.02
e_1_27 1 27 1 0.0125 0.0410308 0.184749 0.162373 0.425835 0.763794 0.357556 -0.327776 0.056229
e_27_28 27 28 2 0.0125 0.0336745 0.149816 0.147537 0.529207 0.760783 0.245444 -0.28444 0.02128
e_28_3 28 3 3 0.0125 0.0306896 0.128588 0.145077 0.67807 0.669635 0.171575 -0.249743 0.022491
