14
1 24 23
3 0.0843203 0.102016 0.097756 0.0125
25 0.0815021 0.119234 0.0742749 0.0125
24 0.070064 0.133689 0.0387651 0.0125
4 0.043117 0.241941 0.0327303 0.0125
23 0.0491971 0.224392 0.025311 0.0125
22 0.0537127 0.205192 0.0220004 0.0125
21 0.0568706 0.185818 0.0181664 0.0125
20 0.0630013 0.166858 0.0164572 0.0125
11 -0.236409 0.189643 0.0298627 0.0125
6 -0.295938 0.0755591 0.0256153 0.0125
10 -0.278058 0.102464 0.0270479 0.0125
9 -0.26154 0.122025 0.0266355 0.0125
2 -0.226914 0.207187 0.0312962 0.0125
19 0.0463488 0.152449 0.0131624 0.0125
8 -0.249898 0.149389 0.0284978 0.0125
12 -0.249167 0.174844 0.025591 0.0125
13 -0.261057 0.160623 0.0180838 0.0125
14 -0.276264 0.148495 0.0134314 0.0125
5 -0.293328 0.138225 0.0116004 0.0125
15 -0.0357649 0.169184 0.025738 0.0125
16 -0.0114994 0.166515 0.0202642 0.0125
17 0.00760258 0.161678 0.0167949 0.0125
18 0.0269956 0.157282 0.0146083 0.0125
1 0.0657024 0.147617 0.0117134 0.0125
e_2_8 2 8 1 0.0125 -0.238406 0.178288 0.029897 0.393766 0.163239 -0.704147 0.567871 0.062263
e_8_9 8 9 2 0.0125 -0.25572 0.135707 0.0275666 0.385792 0.142185 -0.714868 0.565607 0.029796
e_9_10 9 10 3 0.0125 -0.269799 0.112245 0.0268415 0.457115 -0.00353291 -0.70138 0.546901 0.025605
e_10_6 10 6 4 0.0125 -0.286998 0.0890114 0.0263309 0.41399 0.0401348 -0.721492 0.553581 0.032336
e_2_11 2 11 1 0.0125 -0.231661 0.198415 0.0305795 0.389719 0.0824678 -0.727353 0.558817 0.02
e_11_12 11 12 2 0.0125 -0.242788 0.182243 0.0277266 0.346301 -0.0981762 -0.77276 0.52276 0.02
e_12_13 12 13 3 0.0125 -0.255111 0.167733 0.0218371 0.260817 -0.173505 -0.810906 0.49427 0.02
e_13_14 13 14 4 0.0125 -0.26866 0.154558 0.0157577 0.369211 -0.201105 -0.758861 0.497363 0.02
e_14_5 14 5 5 0.0125 -0.284797 0.14336 0.0125154 0.454549 -0.210413 -0.70817 0.497601 0.02
e_2_15 2 15 1 0.0125 -0.13134 0.188186 0.028517 0.67901 -0.022342 0.716767 -0.157134 0.19497
e_15_16 15 16 2 0.0125 -0.0236321 0.16785 0.0230011 0.564558 -0.255745 0.737552 -0.268114 0.025018
e_16_17 16 17 3 0.0125 -0.00194796 0.164096 0.0185297 0.602563 -0.0825954 0.761498 -0.224092 0.020008
e_17_18 17 18 4 0.0125 0.0172995 0.15948 0.0157016 0.638643 -0.0531628 0.742853 -0.193591 0.020004
e_18_19 18 19 5 0.0125 0.0366714 0.154866 0.0138851 0.66019 -0.00254594 0.732218 -0.167329 0.02
e_19_1 19 1 6 0.0125 0.0560256 0.150033 0.0124379 0.660112 -0.00275408 0.732264 -0.167434 0.02
e_1_20 1 20 1 0.0125 0.0643518 0.157238 0.0140852 0.777636 -0.617549 0.00670541 0.117775 0.02
e_20_21 20 21 2 0.0125 0.059936 0.176338 0.0173121 0.724048 -0.670757 -0.0857017 0.135998 0.02
e_21_22 21 22 3 0.0125 0.0552917 0.195505 0.0200834 0.763193 -0.635699 -0.00711212 0.115642 0.02
e_22_23 22 23 4 0.0125 0.0514548 0.214792 0.0236553 0.752605 -0.644664 -0.0404377 0.127902 0.02
e_23_4 23 4 5 0.0125 0.0461573 0.233167 0.0290202 0.807728 -0.557304 -0.0627532 0.181795 0.02
e_1_24 1 24 1 0.0125 0.0678833 0.140653 0.0252396 0.886641 0.243296 -0.0276327 0.392316 0.030738
e_24_25 24 25 2 0.0125 0.0757822 0.126462 0.0565198 0.909608 0.225786 0.0724659 0.341148 0.040009
e_25_3 25 3 3 0.0125 0.0829107 0.110625 0.0860152 0.846845 0.299435 -0.0948573 0.429178 0.029253
2 20 19
3 0.41875 -0.0791736 0.21893 0.0125
21 0.399769 -0.0796659 0.212645 0.0125
20 0.381023 -0.0820351 0.206093 0.0125
19 0.362124 -0.0841298 0.199892 0.0125
5 0.0219742 -0.157064 0.0154023 0.0125
10 0.0354978 -0.142104 0.014622 0.0125
6 0.22098 -0.0182731 0.037722 0.0125
9 0.198409 -0.0226822 0.0345692 0.0125
2 0.0894396 -0.083332 0.0119649 0.0125
8 0.161445 -0.0445233 0.0256122 0.0125
11 0.137034 -0.0920748 0.0340454 0.0125
12 0.156677 -0.0932904 0.0477275 0.0125
13 0.25056 -0.0877119 0.123703 0.0125
14 0.306347 -0.0983966 0.171189 0.0125
1 0.328403 -0.101956 0.187905 0.0125
18 0.345035 -0.0925063 0.193742 0.0125
15 0.328611 -0.129232 0.186952 0.0125
16 0.327845 -0.151236 0.189924 0.0125
17 0.32836 -0.17223 0.194365 0.0125
4 0.33056 -0.198764 0.20592 0.0125
e_2_8 2 8 1 0.0125 0.125442 -0.0639277 0.0187886 -0.233462 0.635469 0.11787 0.726486 0.082929
e_8_9 8 9 2 0.0125 0.179927 -0.0336022 0.0300903 -0.249704 0.617446 0.129065 0.734677 0.043858
e_9_6 9 6 3 0.0125 0.209694 -0.0204774 0.036145 -0.13819 0.657307 0.00557723 0.740824 0.023213
e_2_10 2 10 1 0.0125 0.062469 -0.112718 0.0132929 0.255893 -0.256957 -0.64601 0.671687 0.079818
e_10_5 10 5 2 0.0125 0.0287368 -0.149584 0.0150117 0.256478 -0.251431 -0.646116 0.67345 0.020182
e_2_11 2 11 1 0.0125 0.113237 -0.0877026 0.0230048 -0.0736093 0.521288 -0.14387 0.837939 0.05319
e_11_12 11 12 2 0.0125 0.146856 -0.0926826 0.0408864 -0.138445 0.452211 -0.100491 0.875351 0.023969
e_12_13 12 13 3 0.0125 0.203618 -0.0905008 0.0857156 -0.180563 0.426695 -0.0610527 0.884082 0.120902
e_13_14 13 14 4 0.0125 0.278453 -0.0930538 0.147446 -0.125957 0.400773 -0.136702 0.897122 0.074036
e_14_1 14 1 5 0.0125 0.317375 -0.100176 0.179547 -0.121393 0.428239 -0.130674 0.885889 0.027903
e_1_15 1 15 1 0.0125 0.328506 -0.115594 0.187428 0.382778 0.400933 -0.597247 0.579681 0.027294
e_15_16 15 16 2 0.0125 0.328228 -0.140235 0.188438 0.323449 0.26187 -0.603773 0.679899 0.022217
e_16_17 16 17 3 0.0125 0.328102 -0.161733 0.192144 0.284184 0.244673 -0.580238 0.722979 0.021464
e_17_4 17 4 4 0.0125 0.32946 -0.185497 0.200143 0.18556 0.165546 -0.523007 0.815246 0.029025
e_1_18 1 18 1 0.0125 0.336719 -0.0972308 0.190823 -0.254554 0.583836 0.114937 0.762317 0.02
e_18_19 18 19 2 0.0125 0.35358 -0.0883179 0.196816 -0.238712 0.581271 0.0914614 0.772513 0.02
e_19_20 19 20 3 0.0125 0.371573 -0.0830827 0.202992 -0.137985 0.586251 -0.0357796 0.79749 0.02
e_20_21 20 21 4 0.0125 0.390396 -0.0808513 0.209369 -0.145144 0.578991 -0.0309402 0.801714 0.02
e_21_3 21 3 5 0.0125 0.40926 -0.0794202 0.215787 -0.113904 0.581695 -0.0672081 0.802583 0.02
3 22 21
3 0.115906 0.0840566 0.0225333 0.0125
23 0.0986519 0.0745846 0.0260771 0.0125
22 0.0821649 0.0635188 0.0284742 0.0125
21 0.0656769 0.0524556 0.0308719 0.0125
20 0.0509024 0.039168 0.0331429 0.0125
4 0.000995968 -0.0324601 0.106727 0.0125
11 -0.0432892 -0.222916 0.0622583 0.0125
6 -0.166098 -0.09827 0.0463133 0.0125
10 -0.154788 -0.12252 0.0431304 0.0125
9 -0.146038 -0.141074 0.0395014 0.0125
2 -0.0987849 -0.226443 0.0116986 0.0125
19 0.0199984 0.0060252 0.0681166 0.0125
8 -0.124377 -0.172439 0.02368 0.0125
5 -0.0220987 -0.223714 0.0752009 0.0125
12 -0.0663345 -0.195647 0.0142944 0.0125
13 -0.00478685 -0.111485 0.0218715 0.0125
14 0.00793501 -0.080993 0.0243375 0.0125
15 0.0138582 -0.0498722 0.0323621 0.0125
16 0.0190535 -0.0276415 0.035223 0.0125
17 0.0200051 -0.00586798 0.0349875 0.0125
18 0.0237873 0.0137876 0.0353101 0.0125
1 0.0328001 0.0315778 0.036975 0.0125
e_2_8 2 8 1 0.0125 -0.111582 -0.199441 0.0176892 0.772773 -0.560517 -0.295856 -0.0333427 0.060951
e_8_9 8 9 2 0.0125 -0.135208 -0.156756 0.031591 0.828978 -0.480779 -0.277813 0.066833 0.041271
e_9_10 9 10 3 0.0125 -0.150414 -0.131796 0.0413162 0.765107 -0.565447 -0.305207 -0.0415901 0.020831
e_10_6 10 6 4 0.0125 -0.160443 -0.110395 0.0447218 0.745158 -0.576616 -0.329327 -0.0616256 0.026946
e_2_11 2 11 1 0.0125 -0.0710366 -0.224679 0.0369783 0.696729 0.241953 0.324188 0.592393 0.075157
e_11_5 11 5 2 0.0125 -0.0326938 -0.223314 0.0687296 0.587346 0.373898 0.31577 0.644604 0.024843
e_2_12 2 12 1 0.0125 -0.0825597 -0.211046 0.0129961 0.7265 -0.495228 0.475171 -0.0340438 0.044812
e_12_13 12 13 2 0.0125 -0.0355609 -0.153567 0.018083 0.72017 -0.613419 0.295767 -0.132643 0.104542
e_13_14 13 14 3 0.0125 0.00157406 -0.0962386 0.0231049 0.709913 -0.673259 0.0975551 -0.182287 0.033131
e_14_15 14 15 4 0.0125 0.0108966 -0.0654326 0.0283498 0.784566 -0.612209 0.0490978 -0.0851254 0.03268
e_15_16 15 16 5 0.0125 0.0164563 -0.0387567 0.0337924 0.733482 -0.661559 0.0137434 -0.155421 0.023008
e_16_17 16 17 6 0.0125 0.0195293 -0.0167548 0.0351053 0.672588 -0.688302 -0.177857 -0.205505 0.021796
e_17_18 17 18 7 0.0125 0.0218959 0.00396015 0.0351485 0.680364 -0.696942 -0.0788403 -0.212512 0.020019
e_18_1 18 1 8 0.0125 0.0282937 0.0226827 0.0361426 0.716602 -0.657772 0.160388 -0.167609 0.020012
e_1_19 1 19 1 0.0125 0.0263997 0.0188017 0.0525457 0.737979 0.157658 -0.326753 0.569003 0.042268
e_19_4 19 4 2 0.0125 0.010497 -0.013218 0.0874221 0.713821 0.172722 -0.368476 0.569959 0.057732
e_1_20 1 20 1 0.0125 0.0418516 0.0353734 0.0350592 0.251298 0.5359 0.555532 0.58399 0.02
e_20_21 20 21 2 0.0125 0.0582893 0.0458124 0.0320076 0.625569 -0.65868 0.35061 -0.227765 0.02
e_21_22 21 22 3 0.0125 0.0739213 0.0579874 0.0296729 0.662314 -0.451418 0.596786 -0.0375253 0.02
e_22_23 22 23 4 0.0125 0.090408 0.0690515 0.0272758 0.662295 -0.451733 0.596552 -0.0377978 0.02
e_23_3 23 3 5 0.0125 0.107279 0.0793203 0.024306 0.622325 -0.195331 0.741909 0.155334 0.02
4 21 20
3 -0.356105 0.171652 0.174335 0.0125
22 -0.343929 0.180142 0.160862 0.0125
21 -0.321809 0.194134 0.149144 0.0125
4 -0.344039 0.128387 0.119661 0.0125
20 -0.332902 0.144309 0.114917 0.0125
6 0.0816559 -0.0142625 0.0192677 0.0125
11 0.0632508 -0.00254595 0.0129326 0.0125
10 0.0302096 0.0192232 0.0118703 0.0125
9 0.013568 0.0307132 0.0122587 0.0125
2 -0.0425981 0.0680271 0.0114728 0.0125
19 -0.319477 0.159093 0.115994 0.0125
8 -0.0177439 0.0502853 0.0122345 0.0125
12 -0.0267967 0.085103 0.0212493 0.0125
5 0.0216918 0.136542 0.0455931 0.0125
13 -0.164413 0.157398 0.076932 0.0125
14 -0.215255 0.178949 0.0945429 0.0125
15 -0.240561 0.189542 0.105376 0.0125
16 -0.258528 0.19843 0.110913 0.0125
1 -0.283423 0.206783 0.117587 0.0125
18 -0.306691 0.174362 0.117836 0.0125
17 -0.293999 0.189816 0.118112 0.0125
e_2_8 2 8 1 0.0125 -0.0301706 0.059156 0.0118534 0.709498 0.477697 0.509257 0.0952643 0.030547
e_8_9 8 9 2 0.0125 -0.00208828 0.0404992 0.0122462 0.704699 0.42502 0.564824 0.0610754 0.036925
e_9_10 9 10 3 0.0125 0.0218884 0.0249677 0.0120642 0.693665 0.482323 0.526285 0.0960076 0.020227
e_10_11 10 11 4 0.0125 0.0467302 0.00833861 0.0124014 0.712961 0.439974 0.541293 0.0714895 0.039582
e_11_6 11 6 5 0.0125 0.0724532 -0.00840377 0.0160997 0.799364 0.335611 0.497939 0.0209613 0.022719
e_2_12 2 12 1 0.0125 -0.0346982 0.0765647 0.0163611 0.759126 -0.524884 0.175464 -0.34269 0.025236
e_12_5 12 5 2 0.0125 -0.00255296 0.110822 0.0334216 0.732853 -0.553845 0.174515 -0.35458 0.074764
e_2_13 2 13 1 0.0125 -0.103505 0.112712 0.0442025 0.828121 -0.261276 -0.482654 -0.113997 0.164654
e_13_14 13 14 2 0.0125 -0.189834 0.168173 0.0857374 0.80491 -0.186773 -0.559639 -0.0635651 0.057962
e_14_15 14 15 3 0.0125 -0.227908 0.184245 0.0999601 0.824333 -0.176309 -0.534119 -0.0640902 0.029494
e_15_16 15 16 4 0.0125 -0.249544 0.193986 0.108144 0.792076 -0.215774 -0.565981 -0.0756551 0.020796
e_16_1 16 1 5 0.0125 -0.270975 0.202607 0.11425 0.788143 -0.161832 -0.592136 -0.0449 0.027094
e_1_17 1 17 1 0.0125 -0.288711 0.198299 0.11785 0.673069 0.430064 -0.549472 0.24516 0.02
e_17_18 17 18 2 0.0125 -0.300345 0.182089 0.117974 0.664301 0.374013 -0.605807 0.227632 0.02
e_18_19 18 19 3 0.0125 -0.313084 0.166728 0.116916 0.632265 0.367766 -0.640953 0.23274 0.02
e_19_20 19 20 4 0.0125 -0.32619 0.151701 0.115456 0.650937 0.350948 -0.635404 0.222212 0.02
e_20_4 20 4 5 0.0125 -0.33847 0.136348 0.117289 0.758194 0.393788 -0.47579 0.209035 0.02
e_1_21 1 21 1 0.0125 -0.302616 0.200458 0.133365 0.897163 0.112452 -0.423845 0.0529896 0.051277
e_21_22 21 22 2 0.0125 -0.332869 0.187138 0.155004 0.830241 0.220462 -0.497075 0.122523 0.028678
e_22_3 22 3 3 0.0125 -0.350017 0.175897 0.167598 0.910564 0.200448 -0.351818 0.0831752 0.020045
5 24 23
3 -0.0398124 -0.136629 0.0388254 0.0125
25 -0.051213 -0.0856243 0.0471984 0.0125
24 -0.0565496 -0.0608855 0.0458584 0.0125
4 -0.111287 0.0382272 0.0114957 0.0125
23 -0.107039 0.0196099 0.0174413 0.0125
22 -0.0979009 0.00445608 0.0267605 0.0125
21 -0.0873122 -0.010594 0.0345949 0.0125
20 -0.0760051 -0.0265003 0.0389699 0.0125
5 -0.248041 -0.113372 0.0821706 0.0125
10 -0.29881 -0.154752 0.0414027 0.0125
6 -0.219829 -0.206313 0.138446 0.0125
9 -0.2329 -0.19808 0.12464 0.0125
2 -0.314504 -0.166771 0.0299386 0.0125
19 -0.0736651 -0.0553836 0.037333 0.0125
8 -0.245061 -0.18957 0.11061 0.0125
11 -0.254564 -0.166709 0.0147998 0.0125
12 -0.22968 -0.160111 0.011488 0.0125
13 -0.182446 -0.132892 0.0152439 0.0125
14 -0.163273 -0.116543 0.0200527 0.0125
15 -0.139665 -0.101714 0.0205005 0.0125
16 -0.118742 -0.092632 0.021942 0.0125
17 -0.102712 -0.0806359 0.024256 0.0125
18 -0.0878024 -0.0683217 0.0310009 0.0125
1 -0.0620067 -0.0399611 0.0437494 0.0125
e_2_8 2 8 1 0.0125 -0.279783 -0.17817 0.0702747 0.931579 0.131089 0.335081 0.0519342 0.108858
e_8_9 8 9 2 0.0125 -0.238981 -0.193825 0.117626 0.917716 0.239234 0.315117 0.0355823 0.020425
e_9_6 9 6 3 0.0125 -0.226365 -0.202196 0.131543 0.911575 0.235138 0.333976 0.046922 0.020717
e_2_10 2 10 1 0.0125 -0.306657 -0.160762 0.0356713 0.854396 -0.2332 0.441332 0.144404 0.022852
e_10_5 10 5 2 0.0125 -0.273425 -0.134062 0.0617866 0.864253 -0.246691 0.418244 0.131464 0.077148
e_2_11 2 11 1 0.0125 -0.284534 -0.166741 0.0223691 0.544417 0.365089 0.699392 0.284905 0.061823
e_11_12 11 12 2 0.0125 -0.242122 -0.163411 0.0131442 0.583073 0.171006 0.731126 0.310222 0.025955
e_12_13 12 13 3 0.0125 -0.206063 -0.146502 0.013366 0.672559 -0.0818306 0.677452 0.286403 0.054645
e_13_14 13 14 4 0.0125 -0.17286 -0.124717 0.0176484 0.731544 -0.240328 0.590356 0.242004 0.025651
e_14_15 14 15 5 0.0125 -0.151469 -0.109128 0.0202767 0.646444 -0.0881311 0.695843 0.300241 0.027883
e_15_16 15 16 6 0.0125 -0.129203 -0.0971731 0.0212206 0.670954 -0.00520378 0.684423 0.285234 0.022855
e_16_17 16 17 7 0.0125 -0.110727 -0.0866336 0.0230995 0.696102 -0.179082 0.640722 0.269903 0.020155
e_17_18 17 18 8 0.0125 -0.0952577 -0.0744787 0.0276286 0.790866 -0.249251 0.522672 0.198036 0.02048
e_18_19 18 19 9 0.0125 -0.0807338 -0.0618526 0.034167 0.78627 -0.278891 0.515142 0.196539 0.020183
e_19_1 19 1 10 0.0125 -0.0678365 -0.0476725 0.0405409 0.794691 -0.387387 0.438668 0.161149 0.02037
e_1_20 1 20 1 0.0125 -0.0690063 -0.0332308 0.0413604 0.385193 0.102485 -0.780367 -0.48182 0.02
e_20_21 20 21 2 0.0125 -0.0816582 -0.0185472 0.0367823 0.410733 -0.0772617 -0.776799 -0.471077 0.02
e_21_22 21 22 3 0.0125 -0.0926061 -0.00306903 0.0306776 0.252493 0.114395 -0.826297 -0.4903 0.02
e_22_23 22 23 4 0.0125 -0.10247 0.0120329 0.0221008 0.166432 0.182431 -0.836481 -0.489202 0.02
e_23_4 23 4 5 0.0125 -0.109163 0.0289181 0.0144687 0.464157 -0.503432 -0.628645 -0.368672 0.02
e_1_24 1 24 1 0.0125 -0.0592775 -0.0504235 0.0448045 0.73993 0.642153 0.197741 -0.0322785 0.021726
e_24_25 24 25 2 0.0125 -0.0538818 -0.0732544 0.0465282 0.724445 0.663617 0.182143 -0.0401941 0.025343
e_25_3 25 3 3 0.0125 -0.0455127 -0.111126 0.0430116 0.648202 0.735088 0.196841 -0.0270704 0.052931
6 27 26
3 -0.0746741 0.134292 0.0269276 0.0125
28 -0.0745811 0.122141 0.042813 0.0125
27 -0.0727294 0.107763 0.0565913 0.0125
26 -0.0681989 0.0932562 0.0695927 0.0125
25 -0.0591318 0.081247 0.0827663 0.0125
4 -0.0682836 0.0271168 0.011675 0.0125
24 -0.0632976 0.0343624 0.0368072 0.0125
23 -0.0596865 0.0422669 0.0564355 0.0125
22 -0.0541116 0.0573354 0.0771825 0.0125
1 -0.0497429 0.071983 0.0978009 0.0125
21 -0.0624643 0.0575514 0.0901369 0.0125
12 -0.210908 -0.0462612 0.0184271 0.0125
11 -0.228606 -0.0346071 0.015164 0.0125
10 -0.253025 -0.0202863 0.0132075 0.0125
9 -0.274479 -0.00775779 0.0127172 0.0125
2 -0.318793 0.0141965 0.0144307 0.0125
19 -0.0952303 0.0336364 0.0697715 0.0125
8 -0.292917 0.000744946 0.0121021 0.0125
6 -0.186923 -0.0536688 0.0242283 0.0125
13 -0.323829 -0.0105902 0.0455107 0.0125
14 -0.321408 -0.0213476 0.0706078 0.0125
5 -0.318477 -0.0335947 0.100587 0.0125
15 -0.200608 0.0193998 0.0322147 0.0125
16 -0.175618 0.0200198 0.0368009 0.0125
17 -0.15125 0.0240611 0.0473788 0.0125
18 -0.112814 0.0288339 0.0578129 0.0125
20 -0.078178 0.0456444 0.0788432 0.0125
e_2_8 2 8 1 0.0125 -0.305855 0.00747118 0.0132659 0.560802 -0.0866546 0.729582 -0.381709 0.029256
e_8_9 8 9 2 0.0125 -0.283698 -0.00350633 0.0124104 0.633771 -0.0392954 0.695201 -0.336875 0.020314
e_9_10 9 10 3 0.0125 -0.263752 -0.0140223 0.0129622 0.684021 0.164734 0.680441 -0.204887 0.024849
e_10_11 10 11 4 0.0125 -0.240816 -0.0274466 0.0141855 0.710002 0.194936 0.653861 -0.174248 0.028376
e_11_12 11 12 5 0.0125 -0.219757 -0.0404342 0.0167947 0.755822 0.306804 0.574264 -0.0694611 0.02144
e_12_6 12 6 6 0.0125 -0.198915 -0.0499649 0.0213273 0.710898 -0.0819752 0.617 -0.327437 0.025765
e_2_13 2 13 1 0.0125 -0.321311 0.00180296 0.0299703 0.907154 0.297989 -0.152949 0.254718 0.040072
e_13_14 13 14 2 0.0125 -0.322619 -0.0159686 0.0580594 0.971382 0.204492 0.0204014 0.119093 0.027413
e_14_5 14 5 3 0.0125 -0.319943 -0.0274705 0.0855973 0.97382 0.196113 0.0236145 0.112505 0.032516
e_2_15 2 15 1 0.0125 -0.259701 0.0167981 0.0233227 0.581259 -0.440245 0.481509 -0.486283 0.119629
e_15_16 15 16 2 0.0125 -0.188113 0.0197097 0.034508 0.606947 -0.404877 0.495838 -0.470994 0.025415
e_16_17 16 17 3 0.0125 -0.163434 0.0220403 0.0420905 0.731223 -0.340927 0.432365 -0.402669 0.026871
e_17_18 17 18 4 0.0125 -0.132032 0.0264471 0.0525961 0.652529 -0.405291 0.453518 -0.451959 0.040111
e_18_19 18 19 5 0.0125 -0.104022 0.031235 0.0637918 0.80846 -0.295946 0.371669 -0.347376 0.021801
e_19_20 19 20 6 0.0125 -0.0867046 0.0396409 0.0743068 0.729817 -0.494368 0.237027 -0.408393 0.022744
e_20_21 20 21 7 0.0125 -0.0703215 0.0515982 0.0844902 0.779695 -0.446148 0.228922 -0.374997 0.022721
e_21_1 21 1 8 0.0125 -0.0561034 0.0647676 0.0939686 0.729464 -0.546388 0.128184 -0.391039 0.020709
e_1_22 1 22 1 0.0125 -0.0519271 0.0646596 0.0874914 0.0312256 -0.179448 -0.932447 0.312036 0.025667
e_22_23 22 23 2 0.0125 -0.0568993 0.0498009 0.0668086 0.0566144 -0.168002 -0.931177 0.318558 0.026241
e_23_24 23 24 3 0.0125 -0.0614919 0.0383144 0.046622 0.0151201 -0.340453 -0.91722 0.206328 0.021466
e_24_4 24 4 4 0.0125 -0.0657909 0.0307397 0.0242419 0.031256 -0.397462 -0.902194 0.164598 0.026627
e_1_25 1 25 1 0.0125 -0.0544368 0.0766151 0.0902832 0.350752 -0.591272 -0.725437 -0.0333489 0.02
e_25_26 25 26 2 0.0125 -0.0636652 0.087251 0.0761796 0.406438 -0.616818 -0.669981 -0.0739545 0.02
e_26_27 26 27 3 0.0125 -0.0704645 0.10051 0.0630928 0.385959 -0.695638 -0.584054 -0.161259 0.02
e_27_28 27 28 4 0.0125 -0.073655 0.114952 0.0497025 0.341977 -0.731855 -0.555751 -0.196418 0.02
e_28_3 28 3 5 0.0125 -0.074628 0.128217 0.0348697 0.254725 -0.747804 -0.58131 -0.194891 0.02
7 25 24
3 0.032763 -0.0826408 0.0192969 0.0125
26 0.0502634 -0.0648412 0.021986 0.0125
25 0.0900852 -0.036131 0.0289289 0.0125
4 0.0316583 -0.0833217 0.0473849 0.0125
24 0.0450261 -0.0680497 0.0476613 0.0125
1 0.106754 -0.018804 0.0368476 0.0125
23 0.101895 0.00014636 0.0420279 0.0125
22 0.0969784 0.0184459 0.0507732 0.0125
21 0.0855827 0.0364572 0.0561839 0.0125
6 0.0326224 0.242897 0.0112067 0.0125
11 0.0132222 0.232886 0.0197215 0.0125
10 -0.0054887 0.224594 0.0265132 0.0125
9 -0.0255445 0.214316 0.0337534 0.0125
2 -0.0942009 0.188698 0.0674341 0.0125
19 0.0542229 0.0645572 0.0608356 0.0125
8 -0.0664068 0.195191 0.0503721 0.0125
12 -0.117333 0.205427 0.0786257 0.0125
13 -0.129818 0.221336 0.0828991 0.0125
14 -0.148596 0.239813 0.0909623 0.0125
5 -0.163784 0.254476 0.091441 0.0125
15 -0.0448598 0.144319 0.0591546 0.0125
16 -0.0276214 0.130423 0.0581294 0.0125
17 0.0188961 0.0958426 0.059662 0.0125
18 0.0362128 0.0791297 0.0626028 0.0125
20 0.0711003 0.050551 0.0585509 0.0125
e_2_8 2 8 1 0.0125 -0.0803032 0.191945 0.0589029 0.481492 -0.378156 0.783287 -0.107819 0.033254
e_8_9 8 9 2 0.0125 -0.0459756 0.204753 0.0420628 0.570025 -0.408036 0.711572 -0.0473661 0.048079
e_9_10 9 10 3 0.0125 -0.015517 0.219454 0.0301339 0.588038 -0.411564 0.695374 -0.035803 0.023671
e_10_11 10 11 4 0.0125 0.00386612 0.228739 0.0231176 0.582841 -0.394195 0.708595 -0.0529244 0.021563
e_11_6 11 6 5 0.0125 0.022922 0.237892 0.0154638 0.56304 -0.424974 0.707864 -0.0362147 0.023433
e_2_12 2 12 1 0.0125 -0.105767 0.197063 0.0730299 0.680369 -0.530931 -0.188726 0.468607 0.030662
e_12_13 12 13 2 0.0125 -0.123575 0.213381 0.0807624 0.635079 -0.628934 -0.0325925 0.447275 0.02067
e_13_14 13 14 3 0.0125 -0.139207 0.230574 0.0869307 0.65931 -0.58463 -0.108958 0.460051 0.027551
e_14_5 14 5 4 0.0125 -0.156191 0.247145 0.0912017 0.527374 -0.697723 -0.0430302 0.482915 0.021117
e_2_15 2 15 1 0.0125 -0.06953 0.166509 0.0632945 0.549967 0.106408 0.742011 -0.368283 0.066877
e_15_16 15 16 2 0.0125 -0.0362405 0.137371 0.0586426 0.594939 0.105159 0.715579 -0.350623 0.022166
e_16_17 16 17 3 0.0125 -0.00436237 0.113132 0.058896 0.633207 0.106027 0.689595 -0.33506 0.057983
e_17_18 17 18 4 0.0125 0.0275548 0.0874865 0.0611326 0.66072 0.181831 0.637422 -0.35225 0.024245
e_18_19 18 19 5 0.0125 0.0452181 0.0718433 0.0617188 0.58075 0.097936 0.726933 -0.353138 0.023235
e_19_20 19 20 6 0.0125 0.0626619 0.0575537 0.0596935 0.56586 0.0954957 0.73667 -0.357771 0.022051
e_20_21 20 21 7 0.0125 0.0783415 0.0435039 0.0573681 0.547393 0.125345 0.736516 -0.377086 0.020346
e_21_22 21 22 8 0.0125 0.0912812 0.0274515 0.0534789 0.435276 0.175236 0.769622 -0.433023 0.02199
e_22_23 22 23 9 0.0125 0.0994372 0.00929634 0.0464003 0.247482 0.179421 0.823014 -0.478758 0.02087
e_23_1 23 1 10 0.0125 0.104324 -0.00932894 0.039437 0.35852 0.291971 0.736697 -0.49345 0.020238
e_1_24 1 24 1 0.0125 0.0758897 -0.0434267 0.0422549 0.722268 0.246417 -0.609456 0.214874 0.079701
e_24_4 24 4 2 0.0125 0.0383416 -0.0756859 0.0475234 0.694092 0.600784 -0.381939 -0.106851 0.020299
e_1_25 1 25 1 0.0125 0.0984197 -0.0274668 0.0328881 -0.466506 -0.124622 0.800558 -0.354893 0.025313
e_25_26 25 26 2 0.0125 0.0701746 -0.0504858 0.0254576 0.426547 -0.177939 -0.733723 0.498043 0.049581
e_26_3 26 3 3 0.0125 0.0415135 -0.0737411 0.020641 0.668149 0.533363 -0.518737 -0.00360313 0.025106
8 27 26
3 0.0208623 -0.174528 0.233311 0.0125
28 0.0395541 -0.180746 0.229857 0.0125
27 0.0584132 -0.187129 0.227957 0.0125
26 0.0742988 -0.198969 0.225221 0.0125
25 0.0873716 -0.212795 0.219061 0.0125
4 0.155168 -0.310016 0.21198 0.0125
24 0.14269 -0.294504 0.213906 0.0125
23 0.130208 -0.27902 0.216009 0.0125
22 0.120474 -0.261568 0.21683 0.0125
21 0.110936 -0.243993 0.217182 0.0125
1 0.102433 -0.225906 0.217952 0.0125
12 -0.191531 -0.129171 0.0708126 0.0125
11 -0.172061 -0.123294 0.0700644 0.0125
10 -0.153139 -0.114273 0.0676582 0.0125
9 -0.135263 -0.103979 0.064127 0.0125
2 -0.0822604 -0.0622106 0.0610253 0.0125
19 0.0766129 -0.202326 0.19954 0.0125
8 -0.0981863 -0.0750121 0.0615257 0.0125
6 -0.211513 -0.130924 0.0707572 0.0125
13 -0.137091 -0.0886564 0.0967936 0.0125
5 -0.157273 -0.107615 0.106657 0.0125
14 0.00779405 -0.127722 0.160185 0.0125
15 0.0212713 -0.140452 0.170511 0.0125
16 0.0389111 -0.157659 0.183307 0.0125
17 0.0489935 -0.174978 0.19117 0.0125
18 0.0608347 -0.18998 0.197653 0.0125
20 0.0903944 -0.215419 0.20583 0.0125
e_2_8 2 8 1 0.0125 -0.0902227 -0.0686108 0.0612757 0.704138 0.527955 -0.457195 -0.128165 0.020439
e_8_9 8 9 2 0.0125 -0.116725 -0.0894962 0.0628266 0.712675 0.519832 -0.449633 -0.140355 0.047123
e_9_10 9 10 3 0.0125 -0.144202 -0.109126 0.0658922 0.733271 0.466468 -0.445038 -0.216016 0.020927
e_10_11 10 11 4 0.0125 -0.1626 -0.118783 0.0688613 0.710341 0.456977 -0.483874 -0.229029 0.0211
e_11_12 11 12 5 0.0125 -0.181796 -0.126233 0.0704381 0.670461 0.428888 -0.545603 -0.262402 0.020352
e_12_6 12 6 6 0.0125 -0.201522 -0.130047 0.0707849 0.629048 0.37556 -0.600288 -0.320793 0.020058
e_2_13 2 13 1 0.0125 -0.109675 -0.0754343 0.0789093 0.803569 0.36884 -0.332657 -0.327983 0.070605
e_13_5 13 5 2 0.0125 -0.147182 -0.0981356 0.101726 0.795803 0.479759 -0.319446 -0.185694 0.029395
e_2_14 2 14 1 0.0125 -0.0372326 -0.094966 0.110605 0.856631 0.112088 0.393617 -0.314141 0.149111
e_14_15 14 15 2 0.0125 0.014533 -0.134088 0.165348 0.858664 0.313469 0.398057 -0.077355 0.021221
e_15_16 15 16 3 0.0125 0.0300911 -0.149055 0.176909 0.853592 0.343569 0.389266 -0.0425716 0.027767
e_16_17 16 17 4 0.0125 0.0439523 -0.166318 0.187238 0.819446 0.519084 0.218917 0.105525 0.021527
e_17_18 17 18 5 0.0125 0.0549137 -0.182479 0.19441 0.800569 0.512749 0.27658 0.140288 0.020182
e_18_19 18 19 6 0.0125 0.0687239 -0.196153 0.198596 0.632045 0.629751 0.237715 0.383959 0.020124
e_19_20 19 20 7 0.0125 0.0835033 -0.208872 0.202685 0.801565 0.462056 0.359765 0.120695 0.020022
e_20_1 20 1 8 0.0125 0.0964137 -0.220663 0.211891 0.869157 0.202291 0.395899 -0.216582 0.020047
e_1_21 1 21 1 0.0125 0.106684 -0.23495 0.217567 0.591773 0.716337 -0.0781833 0.361322 0.02
e_21_22 21 22 2 0.0125 0.115704 -0.252781 0.217006 0.594546 0.711968 -0.0433601 0.371128 0.02
e_22_23 22 23 3 0.0125 0.125342 -0.270294 0.21642 0.574746 0.719014 -0.0596678 0.386168 0.02
e_23_24 23 24 4 0.0125 0.136449 -0.286762 0.214957 0.470615 0.738696 -0.0830813 0.475339 0.02
e_24_4 24 4 5 0.0125 0.148929 -0.30226 0.212943 0.479401 0.736722 -0.0734204 0.471195 0.02
e_1_25 1 25 1 0.0125 0.0949027 -0.219351 0.218507 0.467985 0.105795 -0.679014 -0.555641 0.02
e_25_26 25 26 2 0.0125 0.0808354 -0.205881 0.222141 0.514963 0.0394034 -0.586924 -0.623523 0.02
e_26_27 26 27 3 0.0125 0.0663554 -0.193049 0.226589 0.511342 0.120842 -0.645736 -0.554032 0.02
e_27_28 27 28 4 0.0125 0.0489835 -0.183938 0.228907 0.575927 0.232164 -0.631347 -0.464551 0.02
e_28_3 28 3 5 0.0125 0.0302089 -0.177637 0.231584 0.597923 0.222721 -0.603378 -0.478349 0.02
9 17 16
3 -0.289222 -0.018 0.0894511 0.0125
10 -0.237833 -0.199717 0.0540609 0.0125
5 -0.189842 -0.208708 0.0645266 0.0125
6 -0.150371 -0.202491 0.0930123 0.0125
9 -0.217628 -0.21601 0.0493359 0.0125
2 -0.271139 -0.236768 0.0138092 0.0125
8 -0.184485 -0.207043 0.0807616 0.0125
11 -0.207254 -0.123989 0.103644 0.0125
12 -0.203475 -0.102853 0.113148 0.0125
13 -0.199598 -0.0827009 0.122234 0.0125
14 -0.198337 -0.0555966 0.129466 0.0125
15 -0.201745 -0.0312873 0.131894 0.0125
16 -0.20541 -0.0105392 0.135252 0.0125
1 -0.204618 0.00981921 0.13417 0.0125
18 -0.22466 0.00407258 0.119783 0.0125
17 -0.223031 0.00586162 0.118556 0.0125
4 -0.281291 -0.00797842 0.0725132 0.0125
e_2_8 2 8 1 0.0125 -0.227812 -0.221905 0.0472856 0.825676 0.0256219 0.452014 0.336579 0.113469
e_8_6 8 6 2 0.0125 -0.167429 -0.204767 0.0868869 -0.525969 0.486379 -0.309463 0.625319 0.036531
e_2_9 2 9 1 0.0125 -0.244384 -0.226389 0.031572 -0.8547 0.0783768 -0.48032 -0.180659 0.067502
e_9_5 9 5 2 0.0125 -0.203735 -0.212359 0.0569312 -0.639584 0.429914 -0.285405 0.569781 0.032498
e_2_10 2 10 1 0.0125 -0.254486 -0.218242 0.033935 0.221663 -0.358059 -0.239943 -0.874693 0.064049
e_10_11 10 11 2 0.0125 -0.222544 -0.161853 0.0788525 0.147976 -0.258175 -0.41696 -0.858832 0.095541
e_11_12 11 12 3 0.0125 -0.205365 -0.113422 0.108396 0.143399 -0.186496 -0.512675 -0.825724 0.023481
e_12_13 12 13 4 0.0125 -0.201537 -0.0927774 0.117691 0.135623 -0.188396 -0.511966 -0.827046 0.022442
e_13_14 13 14 5 0.0125 -0.198968 -0.0691486 0.12585 0.117057 -0.117848 -0.59777 -0.784271 0.028082
e_14_15 14 15 6 0.0125 -0.200041 -0.0434422 0.13068 0.147653 -0.0411358 -0.670145 -0.726232 0.024667
e_15_16 15 16 7 0.0125 -0.203577 -0.0209135 0.133573 0.19514 -0.0548252 -0.646753 -0.735272 0.021335
e_16_1 16 1 8 0.0125 -0.205015 -0.000359846 0.134711 -0.0227658 -0.00416978 -0.7256 -0.687727 0.020403
e_1_17 1 17 1 0.0125 -0.213825 0.00784036 0.126364 0.410312 0.416338 -0.803605 -0.111918 0.024464
e_17_4 17 4 2 0.0125 -0.252161 -0.0010584 0.0955348 0.428304 0.415361 -0.795144 -0.108519 0.075536
e_1_18 1 18 1 0.0125 -0.214639 0.00694634 0.126977 0.454492 0.416745 -0.781218 -0.0972537 0.02533
e_18_3 18 3 2 0.0125 -0.256941 -0.00696369 0.104617 0.536945 0.402188 -0.735768 -0.0926301 0.07467
10 28 27
3 0.081377 0.169402 0.0682242 0.0125
29 0.0623411 0.163304 0.0688957 0.0125
28 0.0425391 0.160574 0.0695645 0.0125
27 0.0232383 0.155464 0.0707219 0.0125
26 0.00422642 0.150676 0.0746739 0.0125
4 -0.0229331 0.0567725 0.111224 0.0125
25 -0.0252243 0.0842104 0.106895 0.0125
24 -0.0224667 0.110872 0.10005 0.0125
1 -0.0155021 0.147904 0.0764444 0.0125
23 -0.0104861 0.13105 0.0859934 0.0125
22 -0.00850471 0.111787 0.091492 0.0125
21 -0.00720747 0.0919643 0.093854 0.0125
12 0.186222 -0.0237773 0.173182 0.0125
11 0.174776 -0.0371865 0.162947 0.0125
10 0.166268 -0.0542393 0.148853 0.0125
9 0.152096 -0.0684692 0.136463 0.0125
2 0.113746 -0.108137 0.108871 0.0125
19 0.00061986 0.0520864 0.0921282 0.0125
8 0.134482 -0.0840362 0.12168 0.0125
6 0.200115 -0.00995659 0.178355 0.0125
13 0.134358 -0.112346 0.0860297 0.0125
14 0.157395 -0.126498 0.0656202 0.0125
5 0.184424 -0.133727 0.0444729 0.0125
15 0.0661455 -0.0472484 0.10015 0.0125
16 0.0573777 -0.0264817 0.0974279 0.0125
17 0.0408576 -0.00612942 0.0918343 0.0125
18 0.0109545 0.0309881 0.0961347 0.0125
20 -0.00475293 0.0720203 0.0944458 0.0125
e_2_8 2 8 1 0.0125 0.124114 -0.0960873 0.115276 0.783957 -0.282887 0.482829 0.268816 0.034277
e_8_9 8 9 2 0.0125 0.143289 -0.0762529 0.129071 0.843278 -0.211378 0.434915 0.23463 0.027769
e_9_10 9 10 3 0.0125 0.159182 -0.0613545 0.142658 0.843208 -0.244055 0.421808 0.226971 0.023597
e_10_11 10 11 4 0.0125 0.170522 -0.0457129 0.1559 0.88456 -0.371618 0.254129 0.121952 0.023703
e_11_12 11 12 5 0.0125 0.180499 -0.0304824 0.168065 0.838133 -0.284644 0.409807 0.220383 0.020386
e_12_6 12 6 6 0.0125 0.193169 -0.0168667 0.175768 0.721891 -0.213982 0.571497 0.326307 0.020268
e_2_13 2 13 1 0.0125 0.124052 -0.110242 0.0974506 0.243214 0.803141 0.471961 0.270303 0.031053
e_13_14 13 14 2 0.0125 0.145877 -0.119421 0.0758252 0.383002 0.792862 0.415478 0.22816 0.033875
e_14_5 14 5 3 0.0125 0.17091 -0.130112 0.055047 0.338968 0.737297 0.507812 0.289172 0.035072
e_2_15 2 15 1 0.0125 0.0899459 -0.0776936 0.104511 0.454587 -0.0650414 -0.742854 -0.487123 0.077778
e_15_16 15 16 2 0.0125 0.0617616 -0.0368646 0.0987889 0.493072 -0.317712 -0.677504 -0.443766 0.022706
e_16_17 16 17 3 0.0125 0.0491177 -0.0163051 0.0946309 0.373665 0.0355558 -0.776589 -0.505984 0.026803
e_17_18 17 18 4 0.0125 0.0259065 0.0124295 0.0939838 0.596439 -0.175076 -0.651469 -0.434968 0.047858
e_18_19 18 19 5 0.0125 0.0057877 0.0415374 0.0941319 0.432568 -0.210985 -0.73454 -0.478352 0.023833
e_19_20 19 20 6 0.0125 -0.00206657 0.0620536 0.0932863 0.692863 -0.534038 -0.398763 -0.275196 0.020774
e_20_21 20 21 7 0.0125 -0.0059802 0.0819923 0.0941499 0.665226 -0.653991 -0.295005 -0.206743 0.020103
e_21_22 21 22 8 0.0125 -0.00785563 0.101876 0.0926723 0.642728 -0.709841 -0.234842 -0.166962 0.020006
e_22_23 22 23 9 0.0125 -0.00949546 0.121418 0.0887424 0.50534 -0.620768 -0.501225 -0.328712 0.020129
e_23_1 23 1 10 0.0125 -0.0129946 0.139476 0.0812196 -0.028989 0.29142 -0.808506 -0.510443 0.02001
e_1_24 1 24 1 0.0125 -0.0189838 0.129388 0.0882476 0.871245 0.482147 -0.0457073 -0.0798548 0.044464
e_24_25 24 25 2 0.0125 -0.0238455 0.0975411 0.103473 0.787489 0.613194 -0.0167483 -0.0597808 0.027664
e_25_4 25 4 3 0.0125 -0.0240792 0.070491 0.10906 0.759976 0.6469 0.0621803 -0.00950476 0.027872
e_1_26 1 26 1 0.0125 -0.00563739 0.149289 0.0755589 0.557084 0.327912 0.660865 0.3813 0.02
e_26_27 26 27 2 0.0125 0.0137318 0.153069 0.0726977 0.485361 0.337334 0.696421 0.406973 0.02
e_27_28 27 28 3 0.0125 0.0328882 0.158019 0.0701437 0.5609 0.253016 0.681854 0.395537 0.02
e_28_29 28 29 4 0.0125 0.0524396 0.16194 0.0692303 0.585281 0.301626 0.652504 0.375108 0.02
e_29_3 29 3 5 0.0125 0.0718586 0.166353 0.0685598 0.569406 0.213073 0.686566 0.398754 0.02
11 28 27
3 -0.0533356 0.159757 0.179981 0.0125
29 -0.0212923 0.167523 0.157295 0.0125
4 0.033978 0.234006 0.0538573 0.0125
28 0.0294307 0.224252 0.0707143 0.0125
27 0.0257938 0.214401 0.0877367 0.0125
26 0.0265035 0.201405 0.102922 0.0125
25 0.0304411 0.193275 0.120766 0.0125
1 0.0328112 0.18613 0.139295 0.0125
24 0.0412184 0.168405 0.135403 0.0125
23 0.0459181 0.150038 0.129035 0.0125
22 0.0501462 0.13226 0.120888 0.0125
21 0.0544889 0.11435 0.113115 0.0125
12 -0.00773091 -0.116342 0.0579024 0.0125
11 0.0117092 -0.111549 0.0562681 0.0125
10 0.0308729 -0.107886 0.0517363 0.0125
9 0.0535696 -0.103285 0.0462682 0.0125
2 0.116675 -0.0853575 0.0514028 0.0125
19 0.0670414 0.0727188 0.0889764 0.0125
8 0.0930653 -0.0949369 0.0503418 0.0125
6 -0.0271102 -0.121169 0.0591643 0.0125
13 0.114144 -0.103571 0.0592666 0.0125
14 0.115798 -0.122933 0.0639998 0.0125
15 0.111467 -0.142383 0.0657146 0.0125
16 0.10634 -0.160555 0.0723094 0.0125
5 0.102108 -0.179665 0.0764199 0.0125
17 0.0833325 0.0109729 0.073796 0.0125
18 0.070515 0.050392 0.082939 0.0125
20 0.0607713 0.0974075 0.103387 0.0125
e_2_8 2 8 1 0.0125 0.10487 -0.0901476 0.0508726 0.613728 -0.0687705 -0.718382 0.320212 0.025502
e_8_9 8 9 2 0.0125 0.0733174 -0.0991108 0.048305 0.504712 -0.362485 -0.647153 0.44166 0.040573
e_9_10 9 10 3 0.0125 0.0422209 -0.105586 0.0490021 0.729951 -0.107427 -0.611196 0.286478 0.023795
e_10_11 10 11 4 0.0125 0.0212911 -0.109718 0.054002 0.726317 -0.119924 -0.610324 0.292551 0.02003
e_11_12 11 12 5 0.0125 0.00198958 -0.113946 0.0570853 0.653913 -0.156675 -0.659373 0.336271 0.020088
e_12_6 12 6 6 0.0125 -0.0174201 -0.118756 0.0585339 0.642681 -0.167738 -0.663572 0.344235 0.020012
e_2_13 2 13 1 0.0125 0.115409 -0.0944649 0.0553348 0.744139 0.520767 0.179469 -0.377954 0.02
e_13_14 13 14 2 0.0125 0.114971 -0.113252 0.0616326 0.648256 0.477685 0.39176 -0.44509 0.02
e_14_15 14 15 3 0.0125 0.113632 -0.132658 0.064857 0.570954 0.604301 0.30326 -0.465688 0.02
e_15_16 15 16 4 0.0125 0.108904 -0.151469 0.0690126 0.725792 0.56756 0.113985 -0.37163 0.02
e_16_5 16 5 5 0.0125 0.104224 -0.170109 0.0743649 0.648245 0.588787 0.224871 -0.427249 0.02
e_2_17 2 17 1 0.0125 0.100004 -0.0371919 0.062599 0.730551 -0.62652 0.0139671 0.271244 0.104368
e_17_18 17 18 2 0.0125 0.0769239 0.0306821 0.0783678 0.732322 -0.625942 0.0222342 0.26722 0.042447
e_18_19 18 19 3 0.0125 0.0687777 0.061556 0.0859577 0.759752 -0.603354 0.0830573 0.227688 0.023389
e_19_20 19 20 4 0.0125 0.0639067 0.0850634 0.096182 0.837702 -0.503772 -0.00104912 0.210875 0.029266
e_20_21 20 21 5 0.0125 0.0576309 0.105879 0.108251 0.8263 -0.511183 -0.0411769 0.23286 0.020522
e_21_22 21 22 6 0.0125 0.052318 0.123305 0.117001 0.801653 -0.552478 0.0212178 0.227313 0.020001
e_22_23 22 23 7 0.0125 0.0480321 0.141148 0.124961 0.808506 -0.544067 0.0196655 0.223432 0.020007
e_23_24 23 24 8 0.0125 0.0435683 0.159221 0.132219 0.775503 -0.583039 0.0292405 0.240428 0.02
e_24_1 24 1 9 0.0125 0.0370141 0.177267 0.137349 0.713964 -0.633805 -0.0317075 0.295873 0.02
e_1_25 1 25 1 0.0125 0.0316262 0.189702 0.13003 0.115404 -0.807349 0.558042 0.153161 0.02
e_25_26 25 26 2 0.0125 0.0284723 0.197341 0.111844 0.127878 -0.836042 0.49712 0.193784 0.02
e_26_27 26 27 3 0.0125 0.0261487 0.207903 0.0953295 0.291307 -0.814126 0.465664 0.188404 0.02
e_27_28 27 28 4 0.0125 0.0276127 0.219326 0.079226 0.257671 -0.742549 0.611685 0.0898183 0.02
e_28_4 28 4 5 0.0125 0.0317048 0.229129 0.0622864 0.269859 -0.728018 0.625641 0.0757618 0.02
e_1_29 1 29 1 0.0125 0.00575979 0.176826 0.148295 0.782525 0.0519791 -0.589273 0.194192 0.059979
e_29_3 29 3 2 0.0125 -0.037314 0.163641 0.168638 0.873516 0.0352143 -0.464044 0.142801 0.040021
12 24 23
3 -0.0614571 -0.243529 0.0120148 0.0125
25 -0.0480324 -0.229684 0.0173158 0.0125
24 -0.034439 -0.216164 0.0230102 0.0125
23 -0.0200605 -0.203455 0.0286427 0.0125
22 -0.0100828 -0.187761 0.036 0.0125
4 -0.0469537 -0.148829 0.12876 0.0125
21 -0.0395562 -0.153851 0.11087 0.0125
20 -0.0310395 -0.155145 0.0928203 0.0125
11 0.255487 0.0145367 0.0587333 0.0125
6 0.263885 0.147449 0.0124896 0.0125
10 0.262307 0.125176 0.0239051 0.0125
9 0.257111 0.103986 0.0376678 0.0125
2 0.222556 0.0194059 0.0761172 0.0125
19 -0.0211887 -0.160038 0.0761169 0.0125
8 0.241057 0.0647045 0.0555324 0.0125
12 0.271788 0.0152663 0.0440656 0.0125
13 0.28427 0.0139166 0.0283846 0.0125
5 0.294994 0.00982907 0.0114982 0.0125
14 0.116952 -0.0726299 0.0843648 0.0125
15 0.100153 -0.0864069 0.0795431 0.0125
16 0.0832278 -0.102444 0.073478 0.0125
17 0.0586397 -0.123563 0.0671012 0.0125
1 -0.00139322 -0.171442 0.0436275 0.0125
18 -0.0132651 -0.165476 0.058577 0.0125
e_2_8 2 8 1 0.0125 0.231806 0.0420553 0.0658251 0.244211 -0.622989 -0.552968 -0.49646 0.053085
e_8_9 8 9 2 0.0125 0.249083 0.0843456 0.0466 0.243906 -0.622914 -0.553155 -0.496496 0.046042
e_9_10 9 10 3 0.0125 0.259709 0.114581 0.0307867 0.29095 -0.678759 -0.553215 -0.38547 0.025796
e_10_6 10 6 4 0.0125 0.263096 0.136312 0.0181976 0.414137 -0.711847 -0.469968 -0.317639 0.025077
e_2_11 2 11 1 0.0125 0.239022 0.0169712 0.067425 -0.505246 -0.310079 -0.797057 -0.115225 0.037555
e_11_12 11 12 2 0.0125 0.263638 0.0149017 0.0513988 -0.350797 -0.427863 -0.806967 -0.20659 0.021941
e_12_13 12 13 3 0.0125 0.278029 0.0145907 0.0362252 -0.301183 -0.482442 -0.810904 -0.137746 0.020087
e_13_5 13 5 4 0.0125 0.289632 0.0118725 0.0199418 -0.288574 -0.505844 -0.810954 -0.0565798 0.020417
e_2_14 2 14 1 0.0125 0.169754 -0.0266117 0.0802407 -0.00790152 -0.522032 -0.44508 0.727546 0.140324
e_14_15 14 15 2 0.0125 0.108553 -0.0795185 0.0819537 0.018489 -0.588212 -0.512179 0.625569 0.022255
e_15_16 15 16 3 0.0125 0.0916907 -0.0944259 0.0765107 -0.0102942 -0.583338 -0.534406 0.611572 0.024092
e_16_17 16 17 4 0.0125 0.0709337 -0.113003 0.0702905 0.00784262 -0.579641 -0.51042 0.635159 0.033034
e_17_1 17 1 5 0.0125 0.028623 -0.147503 0.055365 0.0267984 -0.605234 -0.529022 0.59423 0.080295
e_1_18 1 18 1 0.0125 -0.00732952 -0.168458 0.0511024 0.311752 -0.352555 0.0445185 0.881212 0.02
e_18_19 18 19 2 0.0125 -0.0172263 -0.162757 0.0673469 0.201729 -0.22921 0.0946688 0.947526 0.02
e_19_20 19 20 3 0.0125 -0.0261143 -0.157591 0.0844682 0.23152 -0.28036 0.0617826 0.929505 0.02
e_20_21 20 21 4 0.0125 -0.0352981 -0.154498 0.101845 0.0915533 -0.22044 0.012532 0.971013 0.02
e_21_4 21 4 5 0.0125 -0.0432551 -0.15134 0.119815 0.173741 -0.209997 0.0930039 0.957635 0.02
e_1_22 1 22 1 0.0125 -0.00573777 -0.179601 0.039814 -0.131782 -0.553312 -0.620111 0.540316 0.02
e_22_23 22 23 2 0.0125 -0.0150718 -0.195608 0.0323219 -0.103086 -0.564135 -0.604717 0.552669 0.02
e_23_24 23 24 3 0.0125 -0.0272491 -0.20981 0.0258264 0.00541345 -0.594972 -0.535571 0.599286 0.02
e_24_25 24 25 4 0.0125 -0.0412356 -0.222925 0.0201633 -0.018865 -0.585793 -0.546987 0.597742 0.02
e_25_3 25 3 5 0.0125 -0.0547452 -0.236607 0.0146655 -0.0273395 -0.578837 -0.545405 0.605586 0.02
13 30 29
3 -0.0557015 -0.0249621 0.0944122 0.0125
31 -0.0737346 -0.0167267 0.0917706 0.0125
30 -0.0920619 -0.00897449 0.0897658 0.0125
29 -0.10925 0.000484973 0.0858829 0.0125
28 -0.128041 0.00592673 0.0817241 0.0125
4 -0.122144 -0.0643257 0.0164536 0.0125
27 -0.129093 -0.0456037 0.035002 0.0125
26 -0.134541 -0.0311612 0.0479063 0.0125
25 -0.14245 -0.00861469 0.066333 0.0125
1 -0.147962 0.00751719 0.0809445 0.0125
24 -0.129845 0.00990418 0.0890793 0.0125
23 -0.112941 0.0177574 0.0969774 0.0125
22 -0.0960817 0.0262793 0.103854 0.0125
21 -0.0807191 0.039204 0.108673 0.0125
12 0.10839 0.0698052 0.0817167 0.0125
11 0.109962 0.0867878 0.0922152 0.0125
10 0.107301 0.100192 0.106824 0.0125
9 0.102577 0.112333 0.12207 0.0125
2 0.0859461 0.165808 0.163642 0.0125
19 -0.0506439 0.0633253 0.122062 0.0125
8 0.0955412 0.128235 0.134894 0.0125
6 0.10387 0.0544582 0.0696579 0.0125
13 0.0849899 0.175264 0.146044 0.0125
14 0.0898052 0.183237 0.128346 0.0125
15 0.0907559 0.190842 0.109873 0.0125
16 0.0918011 0.197135 0.0909177 0.0125
5 0.0970561 0.207115 0.0744012 0.0125
17 0.0447912 0.145246 0.159384 0.0125
18 -0.0263661 0.0832517 0.137279 0.0125
20 -0.0649016 0.0516696 0.113765 0.0125
e_2_8 2 8 1 0.0125 0.0907433 0.147021 0.149268 0.344987 0.522119 0.724676 -0.288479 0.048273
e_8_9 8 9 2 0.0125 0.0990586 0.120283 0.128482 0.0347833 -0.297088 0.841729 -0.449469 0.021606
e_9_10 9 10 3 0.0125 0.104939 0.106263 0.114448 -0.317748 -0.937505 0.0348852 -0.137488 0.020054
e_10_11 10 11 4 0.0125 0.108632 0.0934903 0.0995195 -0.353403 -0.828762 -0.422253 0.0998145 0.020005
e_11_12 11 12 5 0.0125 0.109176 0.0782964 0.0869652 0.232758 0.344076 -0.802314 0.428635 0.020027
e_12_6 12 6 6 0.0125 0.10613 0.0621313 0.075687 0.124471 -0.00327817 -0.894948 0.428445 0.020035
e_2_13 2 13 1 0.0125 0.0854675 0.170536 0.154843 0.243007 -0.943823 -0.221674 -0.0317327 0.02
e_13_14 13 14 2 0.0125 0.087397 0.17925 0.137195 0.202039 -0.970487 -0.0250236 -0.129266 0.02
e_14_15 14 15 3 0.0125 0.0902806 0.187039 0.119109 0.186697 -0.965739 -0.170792 -0.0576388 0.02
e_15_16 15 16 4 0.0125 0.0912791 0.193989 0.100395 0.152128 -0.97095 -0.176459 -0.054549 0.02
e_16_5 16 5 5 0.0125 0.094428 0.202125 0.0826596 0.260424 -0.955455 -0.00475698 -0.138789 0.02
e_2_17 2 17 1 0.0125 0.0653691 0.155527 0.161513 0.585632 -0.0397267 -0.737906 0.333095 0.046202
e_17_18 17 18 2 0.0125 0.00921202 0.114249 0.148332 0.498537 0.0605004 -0.781259 0.370721 0.09693
e_18_19 18 19 3 0.0125 -0.038505 0.0732878 0.129671 0.368911 -0.0976528 -0.841708 0.381964 0.0349
e_19_20 19 20 4 0.0125 -0.0577733 0.0574974 0.117913 0.386202 -0.0787012 -0.836179 0.381391 0.020198
e_20_21 20 21 5 0.0125 -0.072811 0.0454371 0.111219 0.491369 0.0186543 -0.788808 0.36877 0.020772
e_21_22 21 22 6 0.0125 -0.0884006 0.0327417 0.106264 0.496339 0.0461054 -0.78394 0.37008 0.020647
e_22_23 22 23 7 0.0125 -0.104511 0.0220187 0.100415 0.452338 -0.158046 -0.803783 0.352626 0.020103
e_23_24 23 24 8 0.0125 -0.121393 0.0138311 0.093028 0.428061 -0.205354 -0.808023 0.348845 0.020244
e_24_1 24 1 9 0.0125 -0.138904 0.008711 0.0850115 0.454743 -0.366147 -0.754512 0.299759 0.020003
e_1_25 1 25 1 0.0125 -0.145206 -0.000548751 0.0736387 -0.3085 -0.832822 0.363014 -0.281879 0.022452
e_25_26 25 26 2 0.0125 -0.138496 -0.0198883 0.05712 -0.104827 -0.48976 0.75199 -0.428552 0.030174
e_26_27 26 27 3 0.0125 -0.131817 -0.0383828 0.041454 -0.223553 -0.719029 0.551083 -0.359624 0.020119
e_27_4 27 4 4 0.0125 -0.125618 -0.0549643 0.0257282 -0.315069 -0.873728 0.277249 -0.245895 0.027255
e_1_28 1 28 1 0.0125 -0.138002 0.00672185 0.0813335 0.622545 -0.300594 0.624612 -0.363235 0.02
e_28_29 28 29 2 0.0125 -0.118646 0.00320624 0.0838038 0.700595 -0.103814 0.620681 -0.336369 0.02
e_29_30 29 30 3 0.0125 -0.100656 -0.00424479 0.0878242 0.702687 0.0470028 0.633021 -0.321412 0.02
e_30_31 30 31 4 0.0125 -0.0828983 -0.0128502 0.0907685 0.652843 -0.0631857 0.667758 -0.351998 0.02
e_31_3 31 3 5 0.0125 -0.0647181 -0.0208437 0.0930913 0.669536 -0.0297913 0.658072 -0.343184 0.02
14 20 19
3 -0.149489 0.0629781 0.0336575 0.0125
21 -0.148362 0.0600301 0.0787685 0.0125
4 -0.125679 0.124074 0.20552 0.0125
20 -0.130849 0.108073 0.190856 0.0125
11 0.0381812 -0.11366 0.141408 0.0125
10 0.0514514 -0.116769 0.123401 0.0125
6 0.0311758 -0.258597 0.1312 0.0125
9 0.0438105 -0.204341 0.118487 0.0125
2 0.0726792 -0.1195 0.0941723 0.0125
19 -0.13849 0.0947578 0.174388 0.0125
8 0.0515553 -0.182338 0.112264 0.0125
12 0.0269261 -0.110622 0.158467 0.0125
5 0.0152684 -0.103464 0.173772 0.0125
13 -0.0648886 -0.0323742 0.116821 0.0125
14 -0.0940115 -0.0143113 0.122664 0.0125
15 -0.114515 0.00262196 0.124298 0.0125
16 -0.127312 0.0183929 0.123764 0.0125
17 -0.13957 0.0346242 0.126622 0.0125
1 -0.156062 0.0628964 0.132928 0.0125
18 -0.14879 0.0759817 0.149103 0.0125
e_2_8 2 8 1 0.0125 0.0621172 -0.150919 0.103218 0.655161 0.583716 0.166239 -0.449893 0.068718
e_8_9 8 9 2 0.0125 0.0476834 -0.193339 0.115375 0.652847 0.587896 0.159692 -0.450186 0.024142
e_9_6 9 6 3 0.0125 0.0374938 -0.231469 0.124844 0.666776 0.591736 0.196481 -0.408232 0.05714
e_2_10 2 10 1 0.0125 0.0620647 -0.118135 0.108786 0.379502 0.266785 -0.159436 -0.871427 0.036227
e_10_11 10 11 2 0.0125 0.0448163 -0.115214 0.132404 0.358487 0.259435 -0.184428 -0.877592 0.022584
e_11_12 11 12 3 0.0125 0.0325537 -0.112141 0.149937 0.353881 0.236308 -0.177032 -0.887461 0.020662
e_12_5 12 5 4 0.0125 0.0210971 -0.107044 0.166119 0.282769 0.233194 -0.269864 -0.890413 0.020527
e_2_13 2 13 1 0.0125 0.00389512 -0.0759377 0.105497 0.191027 0.447644 -0.480347 -0.729651 0.164404
e_13_14 13 14 2 0.0125 -0.0794497 -0.0233433 0.119742 0.198021 0.44129 -0.470364 -0.738112 0.034764
e_14_15 14 15 3 0.0125 -0.104264 -0.00584482 0.12348 0.140007 0.434542 -0.529604 -0.714906 0.026643
e_15_16 15 16 4 0.0125 -0.120914 0.010507 0.124031 0.062201 0.399948 -0.594316 -0.694954 0.020316
e_16_17 16 17 5 0.0125 -0.13344 0.0265086 0.125192 0.0745748 0.341703 -0.560047 -0.751016 0.02054
e_17_1 17 1 6 0.0125 -0.147816 0.0487607 0.129775 0.0441557 0.288822 -0.567448 -0.769827 0.033333
e_1_18 1 18 1 0.0125 -0.152426 0.0694399 0.141015 0.0115112 -0.181121 -0.316607 -0.931033 0.02204
e_18_19 18 19 2 0.0125 -0.14364 0.0853696 0.161745 0.0332244 -0.176109 -0.29571 -0.938316 0.033135
e_19_20 19 20 3 0.0125 -0.13467 0.101415 0.182621 0.00905623 -0.185462 -0.316041 -0.930398 0.022514
e_20_4 20 4 4 0.0125 -0.128264 0.116074 0.198188 -0.0193831 -0.118853 -0.39652 -0.910093 0.022311
e_1_21 1 21 1 0.0125 -0.152213 0.0614634 0.105848 -0.0232597 0.781128 -0.619824 0.0715262 0.054779
e_21_3 21 3 2 0.0125 -0.148925 0.0615041 0.0562136 -0.0167622 0.761182 -0.647598 -0.0306304 0.045221
