14
1 25 24
3 -0.113068 0.134352 0.0654885 0.0125
26 -0.0960017 0.142194 0.0586156 0.0125
25 -0.080821 0.150258 0.0483912 0.0125
24 -0.0668259 0.157084 0.03584 0.0125
23 -0.0550047 0.16906 0.0250311 0.0125
4 -0.0333611 0.184474 0.113867 0.0125
22 -0.039444 0.178328 0.0423314 0.0125
1 -0.0430166 0.18136 0.0147834 0.0125
21 -0.0525059 0.163783 0.0136727 0.0125
6 -0.320316 -0.149043 0.0656556 0.0125
11 -0.298469 -0.137542 0.058706 0.0125
10 -0.274119 -0.12121 0.0517886 0.0125
9 -0.254453 -0.0966505 0.0389128 0.0125
2 -0.223098 -0.0531507 0.0114863 0.0125
19 -0.072027 0.128415 0.0123398 0.0125
8 -0.239141 -0.0751467 0.0252428 0.0125
12 -0.250374 -0.07649 0.0270909 0.0125
13 -0.263825 -0.0893034 0.0359522 0.0125
14 -0.276949 -0.101805 0.0446172 0.0125
5 -0.288469 -0.115138 0.0544624 0.0125
15 -0.157967 -0.00156459 0.0125932 0.0125
16 -0.123218 0.039703 0.0114825 0.0125
17 -0.109501 0.0647213 0.0135895 0.0125
18 -0.0831429 0.109713 0.0125253 0.0125
20 -0.0622482 0.14607 0.0129897 0.0125
e_2_8 2 8 1 0.0125 -0.231119 -0.0641489 0.0183644 0.700395 0.523772 -0.0129779 -0.484708 0.030503
e_8_9 8 9 2 0.0125 -0.246797 -0.0858986 0.0320778 0.693153 0.519683 0.00291066 -0.49946 0.029727
e_9_10 9 10 3 0.0125 -0.264286 -0.108931 0.0453511 0.732976 0.547703 -0.103165 -0.390031 0.033997
e_10_11 10 11 4 0.0125 -0.286294 -0.129376 0.0552478 0.782068 0.381885 -0.489237 -0.0563877 0.030124
e_11_6 11 6 5 0.0125 -0.309392 -0.143292 0.0621803 0.792687 0.336187 -0.501508 -0.0843519 0.025649
e_2_12 2 12 1 0.0125 -0.236736 -0.0648204 0.0192886 0.786583 0.47678 -0.270829 -0.283935 0.039143
e_12_13 12 13 2 0.0125 -0.257099 -0.0828969 0.0315214 0.772526 0.493436 -0.203161 -0.344167 0.020583
e_13_14 13 14 3 0.0125 -0.270387 -0.095554 0.0402842 0.772442 0.49325 -0.202571 -0.344968 0.02009
e_14_5 14 5 4 0.0125 -0.282709 -0.108472 0.0495396 0.733459 0.499758 -0.0798735 -0.453763 0.020184
e_2_15 2 15 1 0.0125 -0.190532 -0.0273578 0.0120392 0.308657 -0.685246 -0.154204 -0.641397 0.083094
e_15_16 15 16 2 0.0125 -0.140593 0.0190692 0.0120378 0.361188 -0.676121 -0.230548 -0.599376 0.053959
e_16_17 16 17 3 0.0125 -0.11636 0.0522119 0.0125356 0.438331 -0.619199 -0.282425 -0.587107 0.02861
e_17_18 17 18 4 0.0125 -0.0963217 0.087217 0.0130579 0.409634 -0.653481 -0.288379 -0.567451 0.052155
e_18_19 18 19 5 0.0125 -0.0775853 0.119064 0.0124331 0.41056 -0.650707 -0.28435 -0.571985 0.021758
e_19_20 19 20 6 0.0125 -0.0671374 0.137242 0.0126641 0.428045 -0.633278 -0.287856 -0.576953 0.020191
e_20_21 20 21 7 0.0125 -0.0573769 0.154926 0.0133306 0.429225 -0.632317 -0.288613 -0.576752 0.020227
e_21_1 21 1 8 0.0125 -0.0477615 0.172571 0.0142276 0.43615 -0.624116 -0.287608 -0.580977 0.020006
e_1_22 1 22 1 0.0125 -0.0412307 0.179844 0.0285575 0.568922 -0.0215966 0.0813348 -0.818075 0.027944
e_22_4 22 4 2 0.0125 -0.0364018 0.181401 0.0780994 0.616206 -0.0596393 -0.00750558 -0.785287 0.072056
e_1_23 1 23 1 0.0125 -0.0490109 0.175211 0.0199074 0.751537 0.478972 -0.11992 -0.43749 0.02
e_23_24 23 24 2 0.0125 -0.0609148 0.163072 0.0304359 0.749665 0.4665 -0.110288 -0.456309 0.02
e_24_25 24 25 3 0.0125 -0.073824 0.153671 0.0421152 0.803831 0.34461 -0.259741 -0.409431 0.02
e_25_26 25 26 4 0.0125 -0.0884111 0.146225 0.0535028 0.810458 0.374077 -0.323202 -0.314268 0.02
e_26_3 26 3 5 0.0125 -0.104535 0.138272 0.0620516 0.806093 0.329516 -0.468608 -0.14846 0.02
2 26 25
3 0.109025 -0.298397 0.214887 0.0125
27 0.0874618 -0.294719 0.2108 0.0125
26 0.067288 -0.290835 0.207085 0.0125
25 0.0424903 -0.285418 0.202262 0.0125
4 -0.0550835 -0.332189 0.247157 0.0125
24 -0.037977 -0.324111 0.240099 0.0125
23 -0.0243565 -0.311487 0.232156 0.0125
22 -0.00672496 -0.299039 0.216995 0.0125
1 0.0123311 -0.281839 0.195888 0.0125
21 0.0115549 -0.263349 0.188303 0.0125
11 0.116856 -0.0121065 0.0146441 0.0125
10 0.114891 -0.032009 0.0146536 0.0125
6 0.17066 -0.0433948 0.141451 0.0125
9 0.107646 -0.0506209 0.0135956 0.0125
2 0.100141 -0.0691155 0.012322 0.0125
19 0.0193197 -0.231337 0.165929 0.0125
8 0.142895 -0.0598075 0.0798097 0.0125
12 0.118631 0.0078106 0.0142164 0.0125
5 0.117162 0.0272681 0.0186041 0.0125
13 0.0677619 -0.13887 0.0920077 0.0125
14 0.0613426 -0.154144 0.106704 0.0125
15 0.0529725 -0.172652 0.121633 0.0125
16 0.0460072 -0.188359 0.134667 0.0125
17 0.035182 -0.20098 0.145832 0.0125
18 0.027168 -0.214112 0.158621 0.0125
20 0.0142999 -0.24806 0.175702 0.0125
e_2_8 2 8 1 0.0125 0.121518 -0.0644613 0.0460655 0.902212 0.0371267 0.281217 0.324888 0.08043
e_8_6 8 6 2 0.0125 0.156777 -0.0516009 0.11063 0.924694 -0.0529055 0.232769 0.296583 0.06957
e_2_9 2 9 1 0.0125 0.103893 -0.059868 0.0129592 0.726438 -0.608847 0.312181 0.0643127 0.02
e_9_10 9 10 2 0.0125 0.111268 -0.0413152 0.0141243 0.723186 -0.619036 0.300609 0.0585721 0.02
e_10_11 10 11 3 0.0125 0.115874 -0.0220582 0.0146488 0.706942 -0.70412 0.0666302 -0.00284583 0.02
e_11_12 11 12 4 0.0125 0.117743 -0.00214778 0.0144299 0.699442 -0.712601 0.0537551 -0.00949932 0.02
e_12_5 12 5 5 0.0125 0.117896 0.0175392 0.0164107 0.780042 -0.624453 -0.0189602 0.0351102 0.02
e_2_13 2 13 1 0.0125 0.0839513 -0.103993 0.0521653 0.869721 0.263916 -0.265649 0.321505 0.110743
e_13_14 13 14 2 0.0125 0.0645528 -0.146507 0.0993563 0.852285 0.29675 -0.283091 0.324667 0.022147
e_14_15 14 15 3 0.0125 0.0571573 -0.163398 0.114169 0.832687 0.317112 -0.321447 0.320537 0.025207
e_15_16 15 16 4 0.0125 0.0494904 -0.180505 0.12815 0.835897 0.314728 -0.314288 0.321631 0.021567
e_16_17 16 17 5 0.0125 0.0405945 -0.19467 0.140249 0.835 0.238783 -0.405293 0.285473 0.020028
e_17_18 17 18 6 0.0125 0.031175 -0.207546 0.152227 0.851249 0.26553 -0.331433 0.308255 0.020006
e_18_19 18 19 7 0.0125 0.0232442 -0.222724 0.162275 0.763667 0.388094 -0.411453 0.311291 0.02029
e_19_20 19 20 8 0.0125 0.0168104 -0.239699 0.170816 0.795765 0.390684 -0.32118 0.333118 0.02001
e_20_21 20 21 9 0.0125 0.0129272 -0.255705 0.182003 0.833702 0.361819 -0.232595 0.346305 0.020001
e_21_1 21 1 10 0.0125 0.011943 -0.272593 0.192095 0.744593 0.509421 -0.225523 0.367709 0.02
e_1_22 1 22 1 0.0125 0.00280313 -0.290439 0.206442 0.861299 0.176126 -0.389123 0.275185 0.033234
e_22_23 22 23 2 0.0125 -0.0155408 -0.305263 0.224576 0.849656 0.146028 -0.437364 0.255879 0.026376
e_23_24 23 24 3 0.0125 -0.0311665 -0.317799 0.236127 0.793601 0.230872 -0.500078 0.258492 0.020198
e_24_4 24 4 4 0.0125 -0.0465308 -0.32815 0.243628 0.794192 0.103717 -0.560771 0.209853 0.020192
e_1_25 1 25 1 0.0125 0.0274113 -0.283628 0.199075 0.67004 0.380243 0.502711 0.3921 0.031033
e_25_26 25 26 2 0.0125 0.0548891 -0.288127 0.204674 0.656634 0.441738 0.45991 0.402719 0.025837
e_26_27 26 27 3 0.0125 0.077375 -0.292777 0.208943 0.654571 0.432031 0.4737 0.400618 0.020877
e_27_3 27 3 4 0.0125 0.098243 -0.296558 0.212843 0.658158 0.417988 0.483172 0.398319 0.022253
3 22 21
3 -0.0373659 0.259388 0.09689 0.0125
23 -0.0571078 0.262586 0.0966934 0.0125
22 -0.076794 0.265592 0.0985498 0.0125
21 -0.0955347 0.269384 0.104415 0.0125
20 -0.114865 0.270981 0.10929 0.0125
4 -0.231118 0.288719 0.122387 0.0125
11 0.159477 0.13195 0.0365137 0.0125
6 -0.00568959 0.033057 0.0138099 0.0125
10 0.0278015 0.0630742 0.0120824 0.0125
9 0.0516057 0.0839422 0.0116687 0.0125
2 0.10887 0.128354 0.0142088 0.0125
19 -0.162296 0.272276 0.113666 0.0125
8 0.0831778 0.113984 0.0162704 0.0125
12 0.176347 0.132068 0.0501551 0.0125
5 0.193443 0.133351 0.0653117 0.0125
13 -0.0268856 0.20271 0.0598728 0.0125
14 -0.0486475 0.216654 0.0762237 0.0125
15 -0.0706197 0.224411 0.089724 0.0125
16 -0.0859138 0.234007 0.0990887 0.0125
17 -0.102643 0.243684 0.106147 0.0125
18 -0.118383 0.255472 0.110101 0.0125
1 -0.133982 0.267566 0.114069 0.0125
e_2_8 2 8 1 0.0125 0.0960236 0.121169 0.0152397 0.557077 -0.132113 -0.669042 0.473914 0.02951
e_8_9 8 9 2 0.0125 0.067392 0.0989632 0.0139702 0.435593 -0.0750355 -0.739504 0.507703 0.043824
e_9_10 9 10 3 0.0125 0.0397038 0.0735083 0.0118762 0.493099 -0.0600759 -0.699904 0.513203 0.031659
e_10_6 10 6 4 0.0125 0.0110557 0.0480652 0.0129459 0.501143 -0.0491386 -0.691662 0.51773 0.045008
e_2_11 2 11 1 0.0125 0.134173 0.130152 0.0253608 0.832992 -0.094374 0.53839 -0.0857562 0.055421
e_11_12 11 12 2 0.0125 0.167912 0.132009 0.0433345 0.899661 0.030706 0.429739 0.0706563 0.021696
e_12_5 12 5 3 0.0125 0.184895 0.13271 0.0577342 0.909357 -0.0013495 0.410869 0.0652253 0.022883
e_2_13 2 13 1 0.0125 0.0409919 0.165532 0.0370413 0.767413 -0.42592 -0.420847 0.229255 0.161381
e_13_14 13 14 2 0.0125 -0.0377668 0.209682 0.068049 0.843287 -0.360437 -0.320584 0.237019 0.030583
e_14_15 14 15 3 0.0125 -0.0596329 0.220533 0.082974 0.815694 -0.315232 -0.387267 0.292054 0.02693
e_15_16 15 16 4 0.0125 -0.0782674 0.229209 0.0944062 0.822585 -0.384888 -0.348779 0.23145 0.020339
e_16_17 16 17 5 0.0125 -0.0942785 0.238845 0.102617 0.786851 -0.414124 -0.396216 0.228868 0.020574
e_17_18 17 18 6 0.0125 -0.110513 0.249578 0.108123 0.752582 -0.487053 -0.405232 0.179405 0.020059
e_18_1 18 1 7 0.0125 -0.126184 0.261519 0.112085 0.753726 -0.491154 -0.400242 0.174561 0.020133
e_1_19 1 19 1 0.0125 -0.148139 0.26992 0.113867 0.637149 -0.401125 -0.588336 0.294957 0.028705
e_19_4 19 4 2 0.0125 -0.196707 0.280497 0.118026 0.691105 -0.390615 -0.535026 0.289036 0.071295
e_1_20 1 20 1 0.0125 -0.124424 0.269273 0.11168 0.367973 -0.70443 0.351109 -0.495072 0.02
e_20_21 20 21 2 0.0125 -0.1052 0.270183 0.106852 0.299995 -0.654373 0.440067 -0.536787 0.02
e_21_22 21 22 3 0.0125 -0.0861644 0.267488 0.101482 0.141338 -0.727622 0.342346 -0.577399 0.02
e_22_23 22 23 4 0.0125 -0.0669507 0.264088 0.0976217 0.554506 -0.322893 0.66494 -0.382254 0.02
e_23_3 23 3 5 0.0125 -0.0472368 0.260987 0.0967917 0.664263 -0.141456 0.689263 -0.252312 0.02
4 25 24
3 -0.26207 0.165312 0.0515268 0.0125
26 -0.254752 0.146832 0.0537384 0.0125
25 -0.252161 0.12729 0.0571211 0.0125
24 -0.244882 0.108664 0.0574076 0.0125
23 -0.240168 0.0896043 0.0536038 0.0125
4 -0.309846 -0.000296895 0.0474953 0.0125
22 -0.295337 0.0130862 0.0514417 0.0125
21 -0.281193 0.0272299 0.0529338 0.0125
1 -0.239111 0.0697193 0.051737 0.0125
6 0.0812262 0.120271 0.0442805 0.0125
11 0.0804741 0.0995706 0.0417994 0.0125
10 0.0808188 0.078869 0.0383612 0.0125
9 0.0773412 0.0592473 0.0362396 0.0125
2 0.0415771 -0.0200173 0.0326153 0.0125
19 -0.204225 0.0553698 0.0386265 0.0125
8 0.0681276 0.0237562 0.032019 0.0125
12 0.0833222 -0.0519127 0.0576917 0.0125
5 0.11332 -0.0744685 0.076062 0.0125
13 -0.0806799 0.0138757 0.0446807 0.0125
14 -0.110194 0.0239544 0.0405065 0.0125
15 -0.129006 0.0297352 0.036106 0.0125
16 -0.147772 0.0385047 0.0333708 0.0125
17 -0.167354 0.0421578 0.031498 0.0125
18 -0.186246 0.0486067 0.0330475 0.0125
20 -0.222193 0.0621059 0.0442657 0.0125
e_2_8 2 8 1 0.0125 0.0548524 0.00186945 0.0323171 0.684162 -0.676581 0.219228 -0.161552 0.0512
e_8_9 8 9 2 0.0125 0.072735 0.0415013 0.0341293 0.744179 -0.655157 0.116597 -0.0580645 0.03691
e_9_10 9 10 3 0.0125 0.0790806 0.0690577 0.0373003 0.742931 -0.662725 0.0886201 -0.0315569 0.02004
e_10_11 10 11 4 0.0125 0.0806465 0.0892193 0.0400803 0.761977 -0.646297 0.0198179 0.0360477 0.020988
e_11_6 11 6 5 0.0125 0.0808503 0.10992 0.0430404 0.747783 -0.662607 0.0387348 0.0165182 0.020862
e_2_12 2 12 1 0.0125 0.0624501 -0.0359649 0.0451529 0.719102 0.0521968 0.530938 -0.445278 0.058213
e_12_5 12 5 2 0.0125 0.0983212 -0.0631901 0.0668769 0.724918 0.0520045 0.526765 -0.440804 0.041787
e_2_13 2 13 1 0.0125 -0.0195514 -0.0030708 0.0386485 0.595384 -0.529502 -0.415077 0.439154 0.127441
e_13_14 13 14 2 0.0125 -0.0954373 0.018915 0.0425937 0.511077 -0.637862 -0.399334 0.415289 0.031466
e_14_15 14 15 3 0.0125 -0.1196 0.0268448 0.0383063 0.466768 -0.667478 -0.404452 0.415956 0.020166
e_15_16 15 16 4 0.0125 -0.138389 0.0341204 0.0347384 0.534706 -0.656665 -0.36639 0.385537 0.020894
e_16_17 16 17 5 0.0125 -0.157562 0.0403308 0.0324338 0.49512 -0.592256 -0.442767 0.456121 0.020007
e_17_18 17 18 6 0.0125 -0.176799 0.0453823 0.0322722 0.599551 -0.549997 -0.398504 0.423362 0.020023
e_18_19 18 19 7 0.0125 -0.195236 0.0519882 0.035837 0.687003 -0.469248 -0.374643 0.409238 0.020003
e_19_20 19 20 8 0.0125 -0.213209 0.0587374 0.041446 0.688057 -0.46762 -0.374631 0.409341 0.02
e_20_1 20 1 9 0.0125 -0.230652 0.0659121 0.0480014 0.733674 -0.440652 -0.345035 0.385356 0.02
e_1_21 1 21 1 0.0125 -0.260152 0.0484751 0.0523354 0.297012 -0.241102 -0.657163 0.649454 0.059813
e_21_22 21 22 2 0.0125 -0.288265 0.0201581 0.0521872 0.221403 -0.321434 -0.658694 0.643259 0.020059
e_22_4 22 4 3 0.0125 -0.302591 0.00639472 0.049468 0.144605 -0.433836 -0.640163 0.617306 0.020128
e_1_23 1 23 1 0.0125 -0.239639 0.0796618 0.0526704 0.737926 -0.673258 0.00648775 0.0463263 0.02
e_23_24 23 24 2 0.0125 -0.242524 0.0991339 0.0555056 0.763088 -0.63343 -0.0605519 0.113124 0.02
e_24_25 24 25 3 0.0125 -0.248522 0.117978 0.0572644 0.685353 -0.703705 -0.10937 0.15208 0.02
e_25_26 25 26 4 0.0125 -0.253457 0.13706 0.0554303 0.641219 -0.764227 -0.0233269 0.065196 0.02
e_26_3 26 3 5 0.0125 -0.258411 0.156072 0.0526321 0.64972 -0.736836 -0.111166 0.150259 0.02
5 21 20
3 0.282415 0.0159617 0.0114756 0.0125
22 0.265025 0.0239609 0.0779457 0.0125
4 0.28858 0.0206266 0.0141153 0.0125
21 0.278848 0.0218938 0.0315422 0.0125
20 0.268787 0.0230614 0.048788 0.0125
11 -0.0382884 -0.0424524 0.0560909 0.0125
6 -0.0150656 0.103672 0.0114933 0.0125
10 -0.0238187 0.0807619 0.0225025 0.0125
9 -0.0316496 0.0370075 0.0476578 0.0125
2 -0.0378335 -0.0212924 0.0887762 0.0125
19 0.260363 0.0206195 0.0667612 0.0125
8 -0.0375456 0.00469163 0.0668643 0.0125
12 -0.0410079 -0.0560996 0.0411456 0.0125
13 -0.039082 -0.0702329 0.0270358 0.0125
5 -0.0326636 -0.0820807 0.0114853 0.0125
14 0.0219391 -0.000407803 0.0864952 0.0125
15 0.101072 0.0324689 0.0804378 0.0125
16 0.129991 0.0383554 0.0844896 0.0125
17 0.199318 0.0336301 0.095339 0.0125
1 0.248693 0.0265504 0.103964 0.0125
18 0.255572 0.0205189 0.0861796 0.0125
e_2_8 2 8 1 0.0125 -0.0376896 -0.00830037 0.0778203 0.420433 -0.905142 -0.0551082 -0.0302857 0.033991
e_8_9 8 9 2 0.0125 -0.0345971 0.0208495 0.0572611 0.497619 -0.853874 0.152547 -0.00182164 0.038052
e_9_10 9 10 3 0.0125 -0.0277342 0.0588847 0.0350801 0.503713 -0.851088 0.148045 -0.00246124 0.051074
e_10_6 10 6 4 0.0125 -0.0194422 0.0922172 0.0169974 0.542834 -0.770159 0.334075 0.0240905 0.026883
e_2_11 2 11 1 0.0125 -0.0380609 -0.0318717 0.0724332 0.283258 0.957775 -0.0486149 0.00827645 0.038939
e_11_12 11 12 2 0.0125 -0.0396481 -0.0492754 0.0486179 0.366052 0.916713 -0.159892 -0.00879427 0.020421
e_12_13 12 13 3 0.0125 -0.040045 -0.0631662 0.0340907 0.384535 0.920118 0.0707326 0.022627 0.020064
e_13_5 13 5 4 0.0125 -0.0358728 -0.0761569 0.019261 0.345061 0.884036 0.310419 0.0552528 0.020576
e_2_14 2 14 1 0.0125 -0.00794721 -0.0108504 0.0876351 0.689068 -0.152673 0.703344 0.0847521 0.063357
e_14_15 14 15 2 0.0125 0.0615062 0.0160302 0.0834659 0.676483 -0.194955 0.705159 0.0843431 0.085904
e_15_16 15 16 3 0.0125 0.115531 0.0354122 0.0824637 0.749514 -0.06288 0.654243 0.0790039 0.029788
e_16_17 16 17 4 0.0125 0.164654 0.0359926 0.0899148 0.755425 0.112658 0.640447 0.0804263 0.07033
e_17_1 17 1 5 0.0125 0.224005 0.0300907 0.0996514 0.760883 0.156803 0.624677 0.0790495 0.05062
e_1_18 1 18 1 0.0125 0.252132 0.0235346 0.0950716 0.22181 0.848049 0.474796 0.0786178 0.02
e_18_19 18 19 2 0.0125 0.257967 0.0205692 0.0764703 0.0715453 0.786919 0.605143 0.0971739 0.02
e_19_20 19 20 3 0.0125 0.264576 0.0218403 0.0577751 0.18377 0.318856 0.920691 0.129954 0.02
e_20_21 20 21 4 0.0125 0.273818 0.0224776 0.0401651 0.234485 0.529634 0.806621 0.117761 0.02
e_21_4 21 4 5 0.0125 0.283714 0.0212597 0.0228286 0.225219 0.551943 0.794376 0.116632 0.02
e_1_22 1 22 1 0.0125 0.256859 0.0252561 0.0909548 0.25385 0.532313 0.799138 0.116544 0.030829
e_22_3 22 3 2 0.0125 0.27372 0.0199613 0.0447106 0.113241 0.862402 0.486556 0.081867 0.069171
6 26 25
3 -0.186343 0.232038 0.0464424 0.0125
27 -0.203232 0.230927 0.0357865 0.0125
26 -0.221672 0.228673 0.0283788 0.0125
25 -0.240527 0.227061 0.021908 0.0125
24 -0.259789 0.222863 0.018532 0.0125
4 -0.247802 0.271834 0.0934602 0.0125
23 -0.252431 0.262013 0.0766638 0.0125
22 -0.259382 0.251825 0.0609198 0.0125
21 -0.263593 0.241482 0.044328 0.0125
20 -0.269181 0.228025 0.0306281 0.0125
11 -0.185382 -0.0621503 0.0612048 0.0125
10 -0.164907 -0.0473808 0.0623547 0.0125
6 -0.28 -0.0300131 0.0153043 0.0125
9 -0.255418 -0.0335134 0.0246674 0.0125
2 -0.138742 -0.0328191 0.0615555 0.0125
19 -0.263957 0.209357 0.0268865 0.0125
8 -0.21505 -0.0410477 0.0368059 0.0125
12 -0.201642 -0.0769985 0.0669614 0.0125
5 -0.215281 -0.0925849 0.0744206 0.0125
13 -0.176432 0.0564544 0.0551266 0.0125
14 -0.208577 0.117574 0.0530839 0.0125
15 -0.21739 0.136364 0.0479861 0.0125
16 -0.228382 0.160967 0.0431143 0.0125
17 -0.236839 0.181323 0.0387483 0.0125
18 -0.250347 0.196398 0.0348002 0.0125
1 -0.279287 0.219497 0.0156246 0.0125
e_2_8 2 8 1 0.0125 -0.176896 -0.0369337 0.0491811 0.587275 0.0309073 -0.807773 0.0406911 0.080643
e_8_9 8 9 2 0.0125 -0.235235 -0.0372806 0.0307365 0.594169 -0.050728 -0.799472 -0.0723431 0.042821
e_9_6 9 6 3 0.0125 -0.267709 -0.0317632 0.0199858 0.566894 -0.0484484 -0.821027 -0.0468815 0.026536
e_2_10 2 10 1 0.0125 -0.151825 -0.0400996 0.0619545 0.700254 0.2026 -0.667548 0.151584 0.029955
e_10_11 10 11 2 0.0125 -0.175144 -0.0547648 0.0617793 0.658159 0.22477 -0.687183 0.209963 0.025272
e_11_12 11 12 3 0.0125 -0.193511 -0.0695747 0.0640832 0.769511 0.295062 -0.535232 0.185249 0.02276
e_12_5 12 5 4 0.0125 -0.208461 -0.0847917 0.0706912 0.79494 0.330758 -0.470287 0.193646 0.022014
e_2_13 2 13 1 0.0125 -0.157588 0.0118176 0.0583409 0.51827 -0.325113 -0.653757 -0.445308 0.097117
e_13_14 13 14 2 0.0125 -0.192505 0.0870146 0.0541052 0.55066 -0.297467 -0.652916 -0.4266 0.069088
e_14_15 14 15 3 0.0125 -0.212983 0.126969 0.050535 0.470494 -0.32706 -0.715756 -0.3992 0.021371
e_15_16 15 16 4 0.0125 -0.222887 0.148666 0.04555 0.486671 -0.328076 -0.693772 -0.417371 0.027384
e_16_17 16 17 5 0.0125 -0.232611 0.171145 0.0409312 0.47454 -0.336652 -0.695569 -0.421498 0.022471
e_17_18 17 18 6 0.0125 -0.243593 0.188861 0.0367737 0.550006 -0.238808 -0.733958 -0.319013 0.020623
e_18_19 18 19 7 0.0125 -0.257152 0.202878 0.0308429 0.491063 -0.232365 -0.800031 -0.254585 0.020391
e_19_1 19 1 8 0.0125 -0.271622 0.214427 0.021255 0.457749 -0.196209 -0.850137 -0.170983 0.021556
e_1_20 1 20 1 0.0125 -0.274234 0.223761 0.0231263 0.563289 -0.352894 -0.0193292 -0.746859 0.02
e_20_21 20 21 2 0.0125 -0.266387 0.234753 0.0374777 0.592962 -0.352936 -0.181472 -0.700643 0.02
e_21_22 21 22 3 0.0125 -0.261487 0.246654 0.052624 0.684343 -0.270347 -0.11011 -0.668179 0.02
e_22_23 22 23 4 0.0125 -0.255906 0.25692 0.0687913 0.625784 -0.316146 -0.0802377 -0.708525 0.02
e_23_4 23 4 5 0.0125 -0.250116 0.266924 0.0850622 0.685137 -0.267314 -0.0929508 -0.671186 0.02
e_1_24 1 24 1 0.0125 -0.269538 0.22118 0.0170782 -0.0377504 -0.637792 -0.143231 -0.755832 0.02
e_24_25 24 25 2 0.0125 -0.250158 0.224962 0.0202201 -0.00293918 -0.629369 -0.139683 -0.764444 0.02
e_25_26 25 26 3 0.0125 -0.2311 0.227866 0.0251429 0.0888244 -0.581399 0.0140329 -0.808633 0.02
e_26_27 26 27 4 0.0125 -0.212452 0.2298 0.0320833 0.143033 -0.560309 0.0291491 -0.815319 0.02
e_27_3 27 3 5 0.0125 -0.194788 0.231483 0.041115 0.311006 -0.462106 0.141697 -0.818325 0.02
7 21 20
3 0.121647 0.373767 0.213463 0.0125
22 0.130051 0.351626 0.212304 0.0125
4 0.148809 0.183366 0.207651 0.0125
21 0.157918 0.209334 0.205474 0.0125
20 0.159768 0.230993 0.208743 0.0125
12 -0.0335005 0.177814 0.150533 0.0125
11 -0.0271054 0.16548 0.135777 0.0125
10 -0.0209584 0.143461 0.116058 0.0125
9 -0.0129958 0.126637 0.103432 0.0125
2 -0.00180486 0.0901657 0.0625616 0.0125
19 0.159092 0.253925 0.214241 0.0125
8 -0.00562198 0.102923 0.0781968 0.0125
6 -0.0433503 0.189103 0.165403 0.0125
13 0.0176198 0.059979 0.0425293 0.0125
5 0.0430729 0.0150843 0.0141576 0.0125
14 0.0253429 0.126979 0.081854 0.0125
15 0.0546482 0.156273 0.108377 0.0125
16 0.0981579 0.232358 0.188518 0.0125
17 0.123001 0.257727 0.20623 0.0125
18 0.138977 0.270834 0.209567 0.0125
1 0.158125 0.280692 0.212843 0.0125
e_2_8 2 8 1 0.0125 -0.00371342 0.0965444 0.0703792 0.824024 -0.243228 -0.245323 -0.449045 0.020537
e_8_9 8 9 2 0.0125 -0.00930947 0.11478 0.0908141 0.813636 -0.264564 -0.271349 -0.440877 0.035406
e_9_10 9 10 3 0.0125 -0.0169768 0.13505 0.109746 0.789549 -0.288349 -0.369017 -0.396602 0.022491
e_10_11 10 11 4 0.0125 -0.024032 0.15447 0.125917 0.797363 -0.297968 -0.290917 -0.4368 0.03019
e_11_12 11 12 5 0.0125 -0.0303024 0.171647 0.143155 0.829607 -0.215618 -0.299127 -0.419266 0.020268
e_12_6 12 6 6 0.0125 -0.0384256 0.183459 0.157968 0.8403 -0.158999 -0.349995 -0.382254 0.021108
e_2_13 2 13 1 0.0125 0.0079077 0.0750728 0.0525449 0.0701297 -0.361701 0.782836 -0.501421 0.041108
e_13_5 13 5 2 0.0125 0.0303461 0.0375319 0.0283431 0.108339 -0.255429 0.821968 -0.49738 0.058892
e_2_14 2 14 1 0.0125 0.0117687 0.108573 0.0722077 0.630351 -0.551233 -0.0427797 -0.544949 0.049643
e_14_15 14 15 2 0.0125 0.0399951 0.141626 0.0951154 0.666838 -0.478582 0.0375743 -0.569977 0.049197
e_15_16 15 16 3 0.0125 0.0764032 0.194315 0.148447 0.736321 -0.400512 -0.0467766 -0.543355 0.118763
e_16_17 16 17 4 0.0125 0.110579 0.245042 0.197374 0.635135 -0.52554 0.0249669 -0.565498 0.03968
e_17_18 17 18 5 0.0125 0.130989 0.264281 0.207898 0.520097 -0.646932 0.0420364 -0.556068 0.020933
e_18_1 18 1 6 0.0125 0.148551 0.275763 0.211205 0.490579 -0.634888 0.147316 -0.578401 0.021784
e_1_19 1 19 1 0.0125 0.158608 0.267308 0.213543 0.688148 0.644887 0.240954 -0.229161 0.026822
e_19_20 19 20 2 0.0125 0.15943 0.242459 0.211493 0.611101 0.770796 0.149691 -0.100106 0.02359
e_20_21 20 21 3 0.0125 0.158843 0.220163 0.207109 0.648384 0.75762 0.0195991 -0.0722951 0.021984
e_21_4 21 4 4 0.0125 0.153364 0.19635 0.206562 0.729549 0.66205 -0.149177 -0.0848201 0.027604
e_1_22 1 22 1 0.0125 0.144088 0.316159 0.212574 0.63033 -0.473555 -0.52847 -0.314879 0.07629
e_22_3 22 3 2 0.0125 0.125848 0.362697 0.212883 0.645873 -0.464324 -0.50987 -0.327542 0.02371
8 22 21
3 0.0122549 -0.0364916 0.0195192 0.0125
23 0.0167282 -0.0372844 0.0539073 0.0125
4 0.0546237 -0.0901103 0.0513993 0.0125
22 0.0513803 -0.0786413 0.0674596 0.0125
21 0.0464132 -0.0647415 0.0809555 0.0125
20 0.0365775 -0.0543212 0.0949082 0.0125
11 -0.14697 0.232706 0.0767078 0.0125
6 -0.0698301 0.195974 0.246673 0.0125
10 -0.0786024 0.194126 0.228133 0.0125
9 -0.0861931 0.19603 0.209012 0.0125
2 -0.119248 0.225886 0.111209 0.0125
19 0.0242499 -0.0463791 0.108507 0.0125
8 -0.108072 0.212311 0.16835 0.0125
5 -0.175519 0.251371 0.0332842 0.0125
12 -0.0882955 0.131337 0.101842 0.0125
13 -0.0740896 0.0830887 0.09841 0.0125
14 -0.0591003 0.0610188 0.100743 0.0125
15 -0.0442565 0.0468111 0.104885 0.0125
16 -0.024241 0.0205507 0.107143 0.0125
17 -0.0101152 0.00605165 0.108287 0.0125
18 0.00161168 -0.017429 0.113283 0.0125
1 0.0101354 -0.0367312 0.118885 0.0125
e_2_8 2 8 1 0.0125 -0.11366 0.219099 0.13978 0.984724 0.12298 0.0836037 0.0905826 0.059785
e_8_9 8 9 2 0.0125 -0.097133 0.204171 0.188682 0.953545 0.192136 0.218713 0.077462 0.048961
e_9_10 9 10 3 0.0125 -0.0823979 0.195078 0.218573 0.979243 0.0586723 0.183886 0.0618654 0.020661
e_10_6 10 6 4 0.0125 -0.0742159 0.19505 0.237404 0.973998 -0.0373953 0.220138 0.0383222 0.020593
e_2_11 2 11 1 0.0125 -0.133109 0.229295 0.0939589 0.327516 -0.451037 -0.825702 0.0866898 0.044781
e_11_5 11 5 2 0.0125 -0.161245 0.242038 0.0549958 0.32429 -0.611109 -0.720934 0.040459 0.055219
e_2_12 2 12 1 0.0125 -0.103772 0.178612 0.106525 0.64875 0.738716 0.0342517 0.179578 0.099926
e_12_13 12 13 2 0.0125 -0.0811921 0.107213 0.100126 0.657687 0.73069 0.0111319 0.1828 0.050413
e_13_14 13 14 3 0.0125 -0.0665946 0.0720543 0.0995765 0.727004 0.614209 0.281421 0.122537 0.026781
e_14_15 14 15 4 0.0125 -0.0516784 0.0539154 0.102814 0.769511 0.483781 0.408842 0.081593 0.020961
e_15_16 15 16 5 0.0125 -0.0342494 0.033681 0.106015 0.722176 0.599929 0.325519 0.112184 0.033096
e_16_17 16 17 6 0.0125 -0.0171781 0.0133012 0.107715 0.721518 0.545946 0.416833 0.0872088 0.020275
e_17_18 17 18 7 0.0125 -0.00425239 -0.00568865 0.110785 0.757004 0.613358 0.174051 0.14298 0.026718
e_18_1 18 1 8 0.0125 0.00587355 -0.0270801 0.116084 0.778833 0.593776 0.138324 0.147364 0.021831
e_1_19 1 19 1 0.0125 0.0171931 -0.0415546 0.113696 0.490306 0.51024 0.706466 0.0126931 0.02
e_19_20 19 20 2 0.0125 0.0304137 -0.0503502 0.101708 0.399611 0.46111 0.792062 -0.0180412 0.02
e_20_21 20 21 3 0.0125 0.0414954 -0.0595314 0.0879319 0.375054 0.813063 0.433298 0.10255 0.02
e_21_22 21 22 4 0.0125 0.0488967 -0.071691 0.0742074 0.336445 0.88871 -0.218129 0.222305 0.02
e_22_4 22 4 5 0.0125 0.0530026 -0.0843754 0.059429 0.194627 0.769314 -0.556485 0.246172 0.02
e_1_23 1 23 1 0.0125 0.0134313 -0.0370079 0.0863959 -0.0347277 -0.782429 -0.620672 -0.036954 0.065314
e_23_3 23 3 2 0.0125 0.014491 -0.0368881 0.0367131 0.0581983 -0.608362 -0.790942 0.0303272 0.034686
9 26 25
3 0.0405672 0.00141786 0.170486 0.0125
27 0.0208361 0.000322371 0.161783 0.0125
26 -0.0258403 -0.00290076 0.143485 0.0125
4 -0.0805279 0.0381814 0.053214 0.0125
25 -0.0778654 0.0286492 0.070593 0.0125
24 -0.0731398 0.0179736 0.0868319 0.0125
23 -0.068864 0.00599406 0.102267 0.0125
22 -0.0591661 -0.00369511 0.116829 0.0125
1 -0.0494637 -0.0127993 0.131762 0.0125
21 -0.0273419 -0.0126353 0.132137 0.0125
6 0.344621 -0.0585364 0.0124316 0.0125
11 0.316314 -0.0486006 0.0303727 0.0125
10 0.299595 -0.0363888 0.0494743 0.0125
9 0.286477 -0.0268905 0.0646539 0.0125
2 0.243577 0.00228056 0.103244 0.0125
19 0.0150198 -0.00521479 0.134593 0.0125
8 0.263671 -0.0103881 0.0855094 0.0125
12 0.22479 0.00600833 0.109002 0.0125
13 0.206009 0.00986029 0.114694 0.0125
14 0.186732 0.0127066 0.1192 0.0125
15 0.167412 0.0160625 0.123134 0.0125
5 0.148028 0.0198743 0.126256 0.0125
16 0.177018 0.000110874 0.0974093 0.0125
17 0.0780231 0.00598976 0.120197 0.0125
18 0.0423008 -0.00020981 0.127867 0.0125
20 -0.00488496 -0.00871925 0.137028 0.0125
e_2_8 2 8 1 0.0125 0.253624 -0.00405396 0.0943763 0.200977 0.889692 -0.0870509 0.400598 0.029643
e_8_9 8 9 2 0.0125 0.275074 -0.0186387 0.0750813 0.229176 0.889345 -0.0818987 0.387086 0.035035
e_9_10 9 10 3 0.0125 0.293036 -0.0316395 0.0570643 0.184681 0.908108 -0.131356 0.352105 0.022197
e_10_11 10 11 4 0.0125 0.307954 -0.0424947 0.0399235 0.189087 0.907033 -0.127842 0.353829 0.02817
e_11_6 11 6 5 0.0125 0.330467 -0.0535681 0.0214022 0.127702 0.867353 -0.065813 0.476508 0.034955
e_2_12 2 12 1 0.0125 0.234184 0.00414445 0.106123 0.423175 0.436039 -0.407305 -0.681832 0.02
e_12_13 12 13 2 0.0125 0.2154 0.00793452 0.111848 0.419861 0.436102 -0.409317 -0.682635 0.02
e_13_14 13 14 3 0.0125 0.196371 0.0112832 0.116946 0.422924 0.468986 -0.409151 -0.658622 0.02
e_14_15 14 15 4 0.0125 0.177072 0.0143839 0.121167 0.405611 0.474781 -0.419777 -0.658673 0.02
e_15_5 15 5 5 0.0125 0.15772 0.017969 0.124695 0.386003 0.485481 -0.431567 -0.655027 0.02
e_2_16 2 16 1 0.0125 0.210298 0.0011953 0.100326 0.400191 0.607933 -0.417201 -0.544249 0.06685
e_16_17 16 17 2 0.0125 0.12752 0.00305031 0.108803 0.453398 0.485329 -0.390481 -0.637503 0.101754
e_17_18 17 18 3 0.0125 0.0601618 0.00288935 0.124032 0.5253 0.529888 -0.340232 -0.572295 0.037059
e_18_19 18 19 4 0.0125 0.02866 -0.00271189 0.13123 0.535848 0.520893 -0.332875 -0.575093 0.02854
e_19_20 19 20 5 0.0125 0.00506755 -0.0069664 0.135811 0.502995 0.561075 -0.354133 -0.553878 0.020357
e_20_21 20 21 6 0.0125 -0.0161137 -0.0106769 0.134583 0.410888 0.667166 -0.399745 -0.475672 0.023315
e_21_1 21 1 7 0.0125 -0.0384027 -0.0127171 0.131949 0.410906 0.580832 -0.41364 -0.56806 0.022125
e_1_22 1 22 1 0.0125 -0.0543152 -0.00824681 0.124296 -0.0357956 0.742356 -0.567643 -0.35413 0.02
e_22_23 22 23 2 0.0125 -0.0640154 0.00114971 0.109548 -0.0441979 0.731594 -0.573441 -0.366035 0.02
e_23_24 23 24 3 0.0125 -0.0710019 0.0119838 0.0945493 -0.176957 0.733808 -0.589397 -0.287789 0.02
e_24_25 24 25 4 0.0125 -0.0755024 0.0233108 0.0787128 -0.148098 0.757723 -0.576047 -0.268501 0.02
e_25_4 25 4 5 0.0125 -0.0791962 0.0334155 0.0619037 -0.161945 0.790434 -0.556502 -0.198225 0.02
e_1_26 1 26 1 0.0125 -0.0376515 -0.00784965 0.137623 0.798532 -0.0409656 0.538723 0.265416 0.028169
e_26_27 26 27 2 0.0125 -0.00250237 -0.00128878 0.152634 0.608951 0.351346 0.440962 0.557931 0.050237
e_27_3 27 3 3 0.0125 0.0307016 0.000869932 0.166135 0.678578 0.295231 0.459689 0.490975 0.021594
10 25 24
3 -0.263227 -0.0680281 0.0612908 0.0125
26 -0.254038 -0.051427 0.0687161 0.0125
25 -0.24143 -0.0364705 0.0731289 0.0125
24 -0.230228 -0.018884 0.0776884 0.0125
4 -0.154891 0.0831281 0.121177 0.0125
23 -0.167461 0.0666866 0.110654 0.0125
1 -0.211627 0.0144573 0.0757693 0.0125
22 -0.197047 0.000740024 0.0765471 0.0125
21 -0.182974 -0.0133311 0.078743 0.0125
12 0.162808 -0.162466 0.0702331 0.0125
11 0.147086 -0.150647 0.0741166 0.0125
10 0.127351 -0.139915 0.0815744 0.0125
9 0.111224 -0.127677 0.0857737 0.0125
2 0.061693 -0.090345 0.105308 0.0125
19 -0.146795 -0.0294029 0.0861439 0.0125
8 0.0879881 -0.11164 0.090674 0.0125
6 0.178793 -0.173425 0.0649642 0.0125
13 0.0547494 -0.107999 0.113119 0.0125
14 0.0438469 -0.141111 0.128283 0.0125
15 0.0330309 -0.157158 0.13703 0.0125
5 0.0227296 -0.172781 0.144719 0.0125
16 -0.0538565 -0.0449278 0.09192 0.0125
17 -0.0973671 -0.0355158 0.0873444 0.0125
18 -0.126698 -0.0321895 0.0854566 0.0125
20 -0.165728 -0.0220664 0.0839119 0.0125
e_2_8 2 8 1 0.0125 0.0748406 -0.100993 0.0979911 0.42693 0.000495964 0.835746 -0.345339 0.036866
e_8_9 8 9 2 0.0125 0.0996065 -0.119658 0.0882239 0.545602 0.0340268 0.764432 -0.341766 0.028655
e_9_10 9 10 3 0.0125 0.119288 -0.133796 0.0836738 0.526325 0.0498466 0.773994 -0.34847 0.020675
e_10_11 10 11 4 0.0125 0.137218 -0.14528 0.0778454 0.489861 -0.0654764 0.808234 -0.320166 0.02367
e_11_12 11 12 5 0.0125 0.154947 -0.156557 0.0721748 0.53115 0.0500443 0.770938 -0.347895 0.020049
e_12_6 12 6 6 0.0125 0.170801 -0.167946 0.067599 0.503517 0.00604533 0.79444 -0.339559 0.020085
e_2_13 2 13 1 0.0125 0.0582212 -0.0991722 0.109213 0.795585 0.554573 -0.0456972 -0.239593 0.020516
e_13_14 13 14 2 0.0125 0.0492981 -0.124555 0.120702 0.797485 0.54819 -0.00663528 -0.251914 0.038016
e_14_15 14 15 3 0.0125 0.0384386 -0.149135 0.132656 0.823678 0.500627 -0.208432 -0.165783 0.021236
e_15_5 15 5 4 0.0125 0.0278806 -0.164969 0.140874 0.812636 0.518249 -0.203429 -0.172214 0.020232
e_2_16 2 16 1 0.0125 0.00391851 -0.0676358 0.0986141 0.596392 -0.555117 -0.495431 0.30118 0.124874
e_16_17 16 17 2 0.0125 -0.0756122 -0.040222 0.0896327 0.597916 -0.467442 -0.576728 0.30229 0.044752
e_17_18 17 18 3 0.0125 -0.112033 -0.0338526 0.0864013 0.620345 -0.380151 -0.62241 0.288553 0.029579
e_18_19 18 19 4 0.0125 -0.136747 -0.0307965 0.0857999 0.668186 -0.342867 -0.604593 0.2654 0.020301
e_19_20 19 20 5 0.0125 -0.156261 -0.0257348 0.0850285 0.595251 -0.553995 -0.497702 0.301758 0.020426
e_20_21 20 21 6 0.0125 -0.174352 -0.0176992 0.0813277 0.519012 -0.675587 -0.415607 0.318558 0.020012
e_21_22 21 22 7 0.0125 -0.190011 -0.00629565 0.077645 0.612812 -0.692047 -0.275528 0.26385 0.020021
e_22_1 22 1 8 0.0125 -0.204338 0.00759881 0.0761584 0.643231 -0.653987 -0.302838 0.258543 0.020034
e_1_23 1 23 1 0.0125 -0.189544 0.0405713 0.0932115 0.850697 -0.421224 0.308878 -0.0589953 0.076782
e_23_4 23 4 2 0.0125 -0.161176 0.0749072 0.115916 0.850991 -0.433088 0.29293 -0.0494016 0.023218
e_1_24 1 24 1 0.0125 -0.220928 -0.00221308 0.0767284 0.68213 0.67981 -0.112968 -0.244528 0.038227
e_24_25 24 25 2 0.0125 -0.235829 -0.0276777 0.0754081 0.565985 0.773171 -0.0949115 -0.269926 0.021343
e_25_26 25 26 3 0.0125 -0.247734 -0.0439484 0.0709222 0.600205 0.712932 -0.319009 -0.172382 0.020053
e_26_3 26 3 4 0.0125 -0.258633 -0.0597272 0.0650031 0.434158 0.811672 0.15292 -0.359599 0.020376
11 22 21
3 -0.373283 0.180665 0.0656708 0.0125
23 -0.355175 0.188381 0.0621227 0.0125
22 -0.33716 0.196338 0.0586401 0.0125
21 -0.317717 0.201019 0.0588507 0.0125
20 -0.298137 0.205086 0.0591445 0.0125
4 -0.345556 0.152557 0.0129198 0.0125
11 -0.213756 -0.0569502 0.0809465 0.0125
10 -0.204249 -0.0566001 0.0990445 0.0125
6 -0.19027 -0.166625 0.0236904 0.0125
9 -0.184015 -0.105162 0.0858965 0.0125
2 -0.178907 -0.0584974 0.126277 0.0125
19 -0.333918 0.16787 0.0187172 0.0125
8 -0.177806 -0.0768979 0.112577 0.0125
12 -0.224336 -0.057868 0.0631603 0.0125
5 -0.234672 -0.0581161 0.044206 0.0125
13 -0.185925 -0.0372854 0.123196 0.0125
14 -0.24233 0.12772 0.0866511 0.0125
15 -0.26497 0.18017 0.0717586 0.0125
16 -0.272509 0.198256 0.0668181 0.0125
1 -0.28021 0.213502 0.0563509 0.0125
18 -0.320524 0.179561 0.0279565 0.0125
17 -0.294537 0.201979 0.0459328 0.0125
e_2_8 2 8 1 0.0125 -0.178358 -0.0676975 0.119427 0.246369 0.533796 -0.716462 0.375562 0.022967
e_8_9 8 9 2 0.0125 -0.180911 -0.0910301 0.0992365 0.304356 0.550314 -0.732174 0.261617 0.039361
e_9_6 9 6 3 0.0125 -0.187143 -0.135894 0.0547934 0.248684 0.529261 -0.758053 0.288781 0.087672
e_2_10 2 10 1 0.0125 -0.191577 -0.0575486 0.11266 0.303995 0.461138 -0.808028 -0.205011 0.037247
e_10_11 10 11 2 0.0125 -0.209002 -0.0567754 0.0899962 0.216551 0.447939 -0.861345 -0.102666 0.020446
e_11_12 11 12 3 0.0125 -0.219046 -0.0574091 0.0720534 0.243739 0.460072 -0.847137 -0.106226 0.020715
e_12_5 12 5 4 0.0125 -0.229504 -0.0579921 0.0536831 0.221687 0.44881 -0.858784 -0.109155 0.021591
e_2_13 2 13 1 0.0125 -0.182416 -0.0478907 0.124736 0.0683202 0.161067 -0.736444 -0.653483 0.022554
e_13_14 13 14 2 0.0125 -0.214127 0.045217 0.104923 0.0654579 0.173463 -0.756616 -0.627023 0.178168
e_14_15 14 15 3 0.0125 -0.253649 0.153945 0.0792051 0.0921113 0.200568 -0.76544 -0.604474 0.059037
e_15_16 15 16 4 0.0125 -0.268739 0.189212 0.0692885 0.0879403 0.196246 -0.764034 -0.608281 0.020207
e_16_1 16 1 5 0.0125 -0.27636 0.205879 0.0615845 0.0844209 0.252868 -0.835044 -0.481281 0.020034
e_1_17 1 17 1 0.0125 -0.287373 0.207741 0.0511414 0.502725 0.577705 -0.642463 -0.0276836 0.021132
e_17_18 17 18 2 0.0125 -0.307531 0.19077 0.0369445 0.51732 0.583291 -0.625905 -0.01985 0.038743
e_18_19 18 19 3 0.0125 -0.327221 0.173715 0.0233366 0.518754 0.584037 -0.624077 -0.0179772 0.020036
e_19_4 19 4 4 0.0125 -0.339737 0.160213 0.0158187 0.595435 0.610204 -0.521481 0.0341334 0.020088
e_1_20 1 20 1 0.0125 -0.289174 0.209294 0.0577477 0.671109 0.519621 -0.40019 -0.345621 0.02
e_20_21 20 21 2 0.0125 -0.307926 0.203053 0.0589969 0.590957 0.498262 -0.509 -0.378713 0.02
e_21_22 21 22 3 0.0125 -0.327438 0.198678 0.0587451 0.599202 0.50365 -0.501595 -0.368369 0.02
e_22_23 22 23 4 0.0125 -0.346168 0.192359 0.0603816 0.67167 0.510444 -0.390352 -0.368688 0.02
e_23_3 23 3 5 0.0125 -0.364229 0.184523 0.0638961 0.669316 0.507767 -0.39177 -0.375108 0.02
12 24 23
3 0.0849595 -0.172059 0.117502 0.0125
25 0.0798417 -0.164629 0.135352 0.0125
24 0.0734853 -0.155734 0.152099 0.0125
23 0.0663051 -0.143428 0.166135 0.0125
22 0.0616093 -0.128152 0.17816 0.0125
4 0.030583 -0.0949947 0.284944 0.0125
21 0.0502952 -0.106581 0.215053 0.0125
1 0.0568754 -0.112912 0.190215 0.0125
11 -0.105362 -0.124106 0.0213933 0.0125
10 -0.139049 -0.116688 0.0141104 0.0125
6 -0.0567793 -0.0728389 0.105425 0.0125
9 -0.101931 -0.0866636 0.0786913 0.0125
2 -0.163295 -0.116389 0.0121167 0.0125
19 0.0222472 -0.122732 0.172043 0.0125
8 -0.133025 -0.0992613 0.0404032 0.0125
12 -0.0863469 -0.130902 0.0217392 0.0125
5 -0.0674854 -0.138187 0.0219107 0.0125
13 -0.133973 -0.133475 0.0490528 0.0125
14 -0.108448 -0.143142 0.0867945 0.0125
15 -0.0828268 -0.142821 0.11105 0.0125
16 -0.0444805 -0.141627 0.147665 0.0125
17 -0.0237988 -0.137872 0.157776 0.0125
18 0.00237089 -0.126851 0.169006 0.0125
20 0.0403 -0.119896 0.180957 0.0125
e_2_8 2 8 1 0.0125 -0.148159 -0.107826 0.0262602 0.90057 -0.183302 0.388476 0.0667899 0.04483
e_8_9 8 9 2 0.0125 -0.117477 -0.0929625 0.0595477 0.934603 -0.11431 0.332977 0.0507574 0.050907
e_9_6 9 6 3 0.0125 -0.0793554 -0.0797513 0.0920583 0.861724 -0.112869 0.490841 0.0613746 0.054263
e_2_10 2 10 1 0.0125 -0.151172 -0.116539 0.0131137 0.734136 0.0497094 0.67569 0.0449072 0.024328
e_10_11 10 11 2 0.0125 -0.122206 -0.120398 0.0177519 0.776404 0.152959 0.61099 0.0221767 0.035255
e_11_12 11 12 3 0.0125 -0.095854 -0.127505 0.021566 0.713069 0.244117 0.657162 0.00885866 0.020196
e_12_5 12 5 4 0.0125 -0.0769162 -0.134545 0.0218249 0.710072 0.259172 0.654669 0.00598102 0.02022
e_2_13 2 13 1 0.0125 -0.148634 -0.124932 0.0305852 0.931761 0.181698 0.31432 -0.0032411 0.05016
e_13_14 13 14 2 0.0125 -0.12121 -0.138309 0.0679236 0.951364 0.111334 0.287151 0.00744793 0.046576
e_14_15 14 15 3 0.0125 -0.0956373 -0.142982 0.0989224 0.917953 0.00930426 0.395193 0.0331458 0.035284
e_15_16 15 16 4 0.0125 -0.0636535 -0.142224 0.129358 0.918716 0.00241094 0.393423 0.0342492 0.053033
e_16_17 16 17 5 0.0125 -0.03414 -0.13975 0.152721 0.844822 -0.0609959 0.528731 0.0547648 0.023325
e_17_18 17 18 6 0.0125 -0.0107145 -0.132362 0.163391 0.823603 -0.17058 0.535737 0.0746093 0.030536
e_18_19 18 19 7 0.0125 0.0123088 -0.124792 0.170524 0.754779 -0.0766585 0.64818 0.0655369 0.020524
e_19_20 19 20 8 0.0125 0.0312729 -0.121314 0.1765 0.846422 -0.0495684 0.527579 0.0526607 0.020333
e_20_1 20 1 9 0.0125 0.0485875 -0.116404 0.185586 0.850807 -0.161989 0.494916 0.0703276 0.020229
e_1_21 1 21 1 0.0125 0.0535858 -0.109746 0.202634 0.984325 -0.124026 -0.123797 0.019913 0.026463
e_21_4 21 4 2 0.0125 0.0404395 -0.100788 0.249998 0.987462 -0.0813586 -0.134781 0.0115562 0.073537
e_1_22 1 22 1 0.0125 0.0592421 -0.120532 0.184188 0.433938 0.771869 0.453426 -0.101588 0.02
e_22_23 22 23 2 0.0125 0.0639577 -0.13579 0.172147 0.434746 0.77271 0.451146 -0.101896 0.02
e_23_24 23 24 3 0.0125 0.0698958 -0.149581 0.159117 0.378592 0.68979 0.612449 -0.075915 0.02
e_24_25 24 25 4 0.0125 0.0766635 -0.160181 0.143726 0.278541 0.64241 0.711334 -0.0610518 0.02
e_25_3 25 3 5 0.0125 0.0824004 -0.168344 0.126427 0.224379 0.635994 0.736032 -0.0585068 0.02
13 25 24
3 0.211839 0.174441 0.0371849 0.0125
26 0.193037 0.168232 0.0399951 0.0125
25 0.174268 0.161686 0.042207 0.0125
24 0.155245 0.155593 0.043213 0.0125
23 0.136066 0.150085 0.0445642 0.0125
4 0.198043 0.199031 0.0155664 0.0125
22 0.183821 0.186188 0.023357 0.0125
21 0.166975 0.174792 0.025796 0.0125
20 0.140234 0.162144 0.0350029 0.0125
5 -0.116403 0.156302 0.154315 0.0125
10 -0.126579 0.127659 0.153584 0.0125
6 -0.00742986 -0.00066878 0.176787 0.0125
9 -0.133649 0.0940271 0.147117 0.0125
2 -0.139252 0.0604607 0.140733 0.0125
19 0.103651 0.14214 0.0545056 0.0125
8 -0.105963 0.0470228 0.153348 0.0125
11 -0.119336 0.0617683 0.131857 0.0125
12 -0.0695888 0.0763758 0.123332 0.0125
13 -0.0281244 0.0919014 0.118225 0.0125
14 0.0119334 0.107856 0.109477 0.0125
15 0.0429089 0.118102 0.103733 0.0125
16 0.0614548 0.120023 0.0948119 0.0125
17 0.0797321 0.127558 0.0828094 0.0125
18 0.0924802 0.136398 0.0700714 0.0125
1 0.11652 0.148649 0.0405806 0.0125
e_2_8 2 8 1 0.0125 -0.122607 0.0537418 0.14704 0.805438 0.127905 0.563815 -0.130472 0.038051
e_8_6 8 6 2 0.0125 -0.056697 0.0231766 0.165068 0.75751 0.138969 0.613186 -0.175697 0.111949
e_2_9 2 9 1 0.0125 -0.136451 0.0772442 0.143924 0.70611 -0.536195 0.346875 0.305909 0.034624
e_9_10 9 10 2 0.0125 -0.130114 0.110843 0.15035 0.710941 -0.526667 0.360755 0.295027 0.034971
e_10_5 10 5 3 0.0125 -0.121491 0.14198 0.15395 0.672033 -0.53791 0.445694 0.245726 0.030405
e_2_11 2 11 1 0.0125 -0.129294 0.0611145 0.136295 0.529084 -0.253026 0.799468 -0.129999 0.021844
e_11_12 11 12 2 0.0125 -0.094462 0.0690721 0.127594 0.645588 -0.265877 0.714449 -0.0456981 0.052543
e_12_13 12 13 3 0.0125 -0.0488557 0.0841387 0.120779 0.665087 -0.282079 0.691167 -0.0194351 0.044569
e_13_14 13 14 4 0.0125 -0.00809525 0.0998792 0.113851 0.632526 -0.311586 0.708753 -0.0222416 0.043997
e_14_15 14 15 5 0.0125 0.0274211 0.112979 0.106606 0.641822 -0.282015 0.712153 -0.0370263 0.033128
e_15_16 15 16 6 0.0125 0.0521821 0.119063 0.0992728 0.51918 -0.275821 0.799842 -0.120943 0.02067
e_16_17 16 17 7 0.0125 0.0705931 0.123791 0.0888104 0.48829 -0.406023 0.771115 -0.0458256 0.023128
e_17_18 17 18 8 0.0125 0.086106 0.131979 0.0764403 0.427409 -0.508798 0.747284 0.00363413 0.020072
e_18_19 18 19 9 0.0125 0.0980651 0.139269 0.0622887 0.330921 -0.521617 0.785516 -0.0370264 0.020001
e_19_1 19 1 10 0.0125 0.110085 0.145395 0.0475429 0.389161 -0.488205 0.780356 -0.0354038 0.020047
e_1_20 1 20 1 0.0125 0.128377 0.155397 0.0377919 0.632092 -0.363701 0.683998 0.0181254 0.02785
e_20_21 20 21 2 0.0125 0.153605 0.168469 0.0303996 0.592641 -0.360755 0.720036 -0.0134433 0.030981
e_21_22 21 22 3 0.0125 0.175399 0.18049 0.0245768 0.66185 -0.371996 0.648961 0.0492374 0.020485
e_22_4 22 4 4 0.0125 0.190933 0.19261 0.0194615 0.554658 -0.482353 0.675019 0.0635507 0.020685
e_1_23 1 23 1 0.0125 0.126293 0.149367 0.0425728 0.772322 -0.0917473 0.626084 -0.055854 0.02
e_23_24 23 24 2 0.0125 0.145656 0.152839 0.0438888 0.681795 -0.239323 0.690305 -0.0368759 0.02
e_24_25 24 25 3 0.0125 0.164756 0.158639 0.0427099 0.688611 -0.247043 0.68125 -0.0261293 0.02
e_25_26 25 26 4 0.0125 0.183653 0.164959 0.0411007 0.666351 -0.27223 0.693694 -0.0256078 0.02
e_26_3 26 3 5 0.0125 0.202439 0.171336 0.0385897 0.654685 -0.273325 0.70395 -0.0336923 0.02
14 20 19
3 0.114143 0.077565 0.039865 0.0125
21 0.169506 0.104114 0.0657752 0.0125
4 0.213328 0.0321905 0.133955 0.0125
20 0.210357 0.0468127 0.11657 0.0125
11 0.316701 -0.0812414 0.238913 0.0125
6 0.39926 -0.123265 0.237278 0.0125
10 0.376294 -0.110483 0.241754 0.0125
9 0.35769 -0.105415 0.247862 0.0125
2 0.276886 -0.0651892 0.297706 0.0125
19 0.207561 0.0736774 0.0986678 0.0125
8 0.308115 -0.0809504 0.278151 0.0125
5 0.329649 -0.0856005 0.21539 0.0125
12 0.260609 -0.0217752 0.223525 0.0125
13 0.254008 0.0247974 0.177224 0.0125
14 0.251863 0.0398949 0.162338 0.0125
15 0.244441 0.0619279 0.13733 0.0125
16 0.233516 0.0764458 0.118904 0.0125
17 0.221422 0.0890309 0.108305 0.0125
18 0.211541 0.099919 0.0947037 0.0125
1 0.200474 0.111408 0.0758002 0.0125
e_2_8 2 8 1 0.0125 0.292501 -0.0730702 0.287929 0.450656 -0.00401972 0.862526 -0.230091 0.040075
e_8_9 8 9 2 0.0125 0.332902 -0.0931832 0.263007 0.455568 -0.00557287 0.860358 -0.228498 0.063037
e_9_10 9 10 3 0.0125 0.366992 -0.107949 0.244809 0.56023 -0.0459326 0.805538 -0.187463 0.020225
e_10_6 10 6 4 0.0125 0.387777 -0.116874 0.239516 0.592053 0.0761132 0.760364 -0.255983 0.026662
e_2_11 2 11 1 0.0125 0.296794 -0.0732153 0.268309 0.266817 -0.14367 0.939771 -0.158109 0.072798
e_11_5 11 5 2 0.0125 0.323174 -0.0834212 0.227151 0.225408 -0.189404 0.946835 -0.129698 0.027202
e_2_12 2 12 1 0.0125 0.268747 -0.0434818 0.260615 0.10905 -0.665958 0.693176 0.253211 0.087479
e_12_13 12 13 2 0.0125 0.257308 0.00151165 0.200375 0.251561 -0.692887 0.60882 0.293195 0.066002
e_13_14 13 14 3 0.0125 0.252936 0.032346 0.16978 0.253346 -0.693593 0.606788 0.2942 0.02131
e_14_15 14 15 4 0.0125 0.248152 0.0509119 0.149834 0.191624 -0.71513 0.595635 0.31159 0.034146
e_15_16 15 16 5 0.0125 0.238978 0.0691873 0.128117 0.119281 -0.760527 0.526899 0.360206 0.025877
e_16_17 16 17 6 0.0125 0.227469 0.0827381 0.113605 0.202252 -0.80928 0.323403 0.446734 0.020421
e_17_18 17 18 7 0.0125 0.216482 0.0944746 0.101504 0.11089 -0.779513 0.481554 0.384927 0.020029
e_18_1 18 1 8 0.0125 0.206008 0.105664 0.0852517 0.0518744 -0.746306 0.570218 0.339395 0.024736
e_1_19 1 19 1 0.0125 0.204017 0.0925424 0.0872338 0.797318 0.408966 0.277257 -0.346641 0.044686
e_19_20 19 20 2 0.0125 0.208959 0.0602445 0.107619 0.813893 0.415899 0.225391 -0.33735 0.032404
e_20_4 20 4 3 0.0125 0.211843 0.0395008 0.125262 0.904062 0.309677 0.157093 -0.249188 0.02291
e_1_21 1 21 1 0.0125 0.18499 0.107761 0.0707877 0.156112 -0.70827 -0.38551 0.570407 0.033357
e_21_3 21 3 2 0.0125 0.141825 0.0908403 0.0528206 -0.400355 0.257176 0.792624 -0.381212 0.066643
