1
1 9 8
2 0.375661 0.241705 0.011495 0.0125
10 0.361936 0.234122 0.0258482 0.0125
9 0.352536 0.218089 0.0355483 0.0125
4 0.341338 -0.0989393 0.111488 0.0125
1 0.387843 -0.212193 0.111863 0.0125
8 0.343603 0.201707 0.0431936 0.0125
5 0.331834 0.121418 0.0841726 0.0125
6 0.33033 0.164848 0.056944 0.0125
7 0.33778 0.183211 0.0515577 0.0125
e_1_4 1 4 1 0.0125 0.364591 -0.155566 0.111675 -0.603527 0.420415 0.569899 0.366362 0.12243
e_4_5 4 5 2 0.0125 0.336586 0.0112401 0.09783 -0.481676 0.522345 0.537221 0.454463 0.222248
e_5_6 5 6 3 0.0125 0.331082 0.143133 0.0705583 -0.3348 0.582626 0.65271 0.349894 0.051282
e_6_7 6 7 4 0.0125 0.334055 0.17403 0.0542507 -0.302823 0.62593 0.489223 0.52647 0.020535
e_7_8 7 8 5 0.0125 0.34069 0.192459 0.0473761 -0.286055 0.629059 0.549836 0.469188 0.021118
e_8_9 8 9 6 0.0125 0.348069 0.209898 0.0393713 -0.225179 0.658299 0.506172 0.509634 0.020166
e_9_10 9 10 7 0.0125 0.357236 0.226106 0.0306978 -0.187811 0.670463 0.530888 0.483078 0.020964
e_10_2 10 2 8 0.0125 0.368798 0.237913 0.0186717 0.0588366 0.727869 0.554791 0.398688 0.021258
