1
1 7 6
2 0.0805202 0.123328 0.310402 0.0125
4 -0.103966 -0.149856 0.0635707 0.0125
1 -0.143914 -0.198289 0.0114949 0.0125
8 0.0579709 0.0984005 0.300984 0.0125
5 -0.0231939 -0.032388 0.192843 0.0125
6 0.0352396 0.0553771 0.283885 0.0125
7 0.042934 0.0743866 0.290172 0.0125
e_1_4 1 4 1 0.0125 -0.123939 -0.174073 0.0375331 0.903089 -0.309229 0.291826 0.0603783 0.081569
e_4_5 4 5 2 0.0125 -0.0635798 -0.0911227 0.128206 0.914245 -0.332534 0.23141 0.00512674 0.192443
e_5_6 5 6 3 0.0125 0.00602304 0.0114944 0.238364 0.909264 -0.347312 0.229352 -0.00343005 0.139305
e_6_7 6 7 4 0.0125 0.0390868 0.0648818 0.287029 0.757584 -0.593957 0.0254208 -0.269508 0.02145
e_7_8 7 8 5 0.0125 0.0504525 0.0863942 0.295579 0.822743 -0.493692 0.279306 -0.036731 0.030327
e_8_2 8 2 6 0.0125 0.0692458 0.110865 0.305693 0.767432 -0.322532 0.510953 0.214356 0.034907
