1
1 10 9
2 0.0340406 -0.106503 0.28537 0.0125
11 0.0234579 -0.105336 0.266957 0.0125
10 0.0114086 -0.0984766 0.252219 0.0125
9 -0.00687682 -0.0958755 0.236967 0.0125
4 -0.236268 -0.0641572 0.200827 0.0125
1 -0.426085 -0.0424602 0.213759 0.0125
8 -0.0227505 -0.0944358 0.224122 0.0125
5 -0.119733 -0.088925 0.192649 0.0125
6 -0.0684899 -0.094204 0.206006 0.0125
7 -0.048784 -0.0906918 0.211402 0.0125
e_1_4 1 4 1 0.0125 -0.331177 -0.0533087 0.207293 -0.0595558 -0.730337 0.019343 -0.680211 0.19149
e_4_5 4 5 2 0.0125 -0.178 -0.076541 0.196739 -0.0277097 0.708188 -0.180852 0.681905 0.119418
e_5_6 5 6 3 0.0125 -0.094111 -0.0915651 0.199328 0.785801 -0.00655392 0.611938 -0.0894778 0.053218
e_6_7 6 7 4 0.0125 -0.0586365 -0.092448 0.208704 0.646381 -0.434455 0.425581 -0.460784 0.020731
e_7_8 7 8 5 0.0125 -0.0357673 -0.0925643 0.217762 0.847161 0.0738634 0.526169 -0.00287163 0.029216
e_8_9 8 9 6 0.0125 -0.0148137 -0.0951561 0.230545 0.901217 0.0201424 0.431101 -0.0394106 0.020471
e_9_10 9 10 7 0.0125 0.00226599 -0.0971755 0.244593 0.904639 0.0590737 0.42206 -0.00203815 0.023952
e_10_11 10 11 8 0.0125 0.0174328 -0.101906 0.259588 0.910089 0.243793 0.276384 0.189513 0.020236
e_11_2 11 2 9 0.0125 0.0287493 -0.10592 0.276163 0.965786 0.0257036 0.257865 -0.0100984 0.021268
