10
1 9 8
2 0.0828465 -0.126267 0.0120638 0.0125
10 0.0656046 -0.12064 0.0217865 0.0125
9 0.0466828 -0.114005 0.0325179 0.0125
4 -0.00687254 -0.0359925 0.011483 0.0125
1 0.140667 0.271674 0.0114902 0.0125
8 0.0256523 -0.114382 0.0345778 0.0125
5 -0.00783733 -0.0619901 0.0125309 0.0125
6 -0.000666893 -0.0846259 0.0223558 0.0125
7 0.00890011 -0.102126 0.0268088 0.0125
e_1_4 1 4 1 0.0125 0.0668965 0.117841 0.0114868 0.69005 0.555486 -0.437546 0.154337 0.341213
e_4_5 4 5 2 0.0125 -0.00735493 -0.0489913 0.012007 0.709275 0.685464 0.100077 -0.130583 0.026037
e_5_6 5 6 3 0.0125 -0.00425165 -0.073308 0.0174432 0.815854 0.487642 0.266545 -0.159818 0.025697
e_6_7 6 7 4 0.0125 0.00411615 -0.0933757 0.0245825 0.740753 0.426473 0.457321 -0.245485 0.020435
e_7_8 7 8 5 0.0125 0.0172758 -0.108254 0.0306935 0.788858 0.194207 0.535747 -0.230135 0.022163
e_8_9 8 9 6 0.0125 0.0361676 -0.114194 0.0335479 0.63322 -0.259766 0.693729 -0.224263 0.021134
e_9_10 9 10 7 0.0125 0.0561431 -0.117322 0.0271521 0.413122 -0.253256 0.81963 -0.305613 0.022742
e_10_2 10 2 8 0.0125 0.0742255 -0.123453 0.0169251 0.415632 -0.263724 0.816508 -0.301685 0.020578
2 11 10
2 -0.12417 0.274296 0.0732109 0.0125
12 -0.106841 0.278936 0.0640763 0.0125
11 -0.0876978 0.277166 0.0545856 0.0125
10 -0.0682874 0.276962 0.046091 0.0125
9 -0.0399745 0.275201 0.0302753 0.0125
4 0.133754 -0.0222624 0.0414144 0.0125
1 0.164983 -0.0546928 0.0171075 0.0125
8 -0.0201088 0.269288 0.0264222 0.0125
5 0.0223874 0.209165 0.0315763 0.0125
6 0.00948379 0.236073 0.0270925 0.0125
7 -0.00703477 0.249146 0.0244694 0.0125
e_1_4 1 4 1 0.0125 0.149369 -0.0384776 0.029261 0.63192 -0.512182 -0.0115816 0.58156 0.051165
e_4_5 4 5 2 0.0125 0.0780709 0.0934513 0.0364954 0.53781 -0.700764 0.167539 0.437745 0.257017
e_5_6 5 6 3 0.0125 0.0159353 0.222619 0.0293348 0.502152 -0.735117 0.184092 0.416601 0.030178
e_6_7 6 7 4 0.0125 0.00122377 0.24261 0.0257811 0.40017 -0.749371 0.0152646 0.527327 0.021228
e_7_8 7 8 5 0.0125 -0.0135714 0.259217 0.0254461 0.547672 -0.66975 0.104401 0.4905 0.024093
e_8_9 8 9 6 0.0125 -0.030042 0.272245 0.0283492 0.407507 -0.616205 -0.170025 0.652166 0.021082
e_9_10 9 10 7 0.0125 -0.0541307 0.276082 0.0381827 0.490801 -0.433527 -0.261886 0.708932 0.032479
e_10_11 10 11 8 0.0125 -0.0779929 0.277064 0.0503387 0.437834 -0.469423 -0.281379 0.713281 0.021189
e_11_12 11 12 9 0.0125 -0.0972695 0.278052 0.059331 0.474566 -0.463081 -0.253442 0.704351 0.02144
e_12_2 12 2 10 0.0125 -0.115506 0.276616 0.068644 0.418862 -0.3733 -0.365745 0.742585 0.020131
3 9 8
2 0.0918045 -0.0731074 0.0227524 0.0125
10 0.0739427 -0.065489 0.0313495 0.0125
9 0.0538809 -0.0645399 0.0381644 0.0125
4 -0.297226 0.0137184 0.0130405 0.0125
1 -0.3467 0.0788786 0.0125006 0.0125
8 0.0312938 -0.0631514 0.0459906 0.0125
5 -0.0688336 -0.0258969 0.0412863 0.0125
6 -0.0340838 -0.0527921 0.0271922 0.0125
7 -0.00621635 -0.0667046 0.0411878 0.0125
e_1_4 1 4 1 0.0125 -0.321963 0.0462987 0.0127712 0.580787 0.704267 0.0265525 0.407418 0.081816
e_4_5 4 5 2 0.0125 -0.183029 -0.00608915 0.0271638 0.748641 0.116808 0.652592 0.0040237 0.233517
e_5_6 5 6 3 0.0125 -0.0514588 -0.0393447 0.0342401 0.396211 0.805408 0.063493 0.436239 0.046147
e_6_7 6 7 4 0.0125 -0.0201508 -0.0597484 0.0341899 0.823698 0.33217 0.429806 0.162638 0.034147
e_7_8 7 8 5 0.0125 0.0125386 -0.0649273 0.0435897 0.734601 -0.195642 0.631269 -0.153575 0.037984
e_8_9 8 9 6 0.0125 0.0425881 -0.0638456 0.0420776 0.52145 -0.311424 0.752617 -0.254307 0.023945
e_9_10 9 10 7 0.0125 0.0639121 -0.0650143 0.0347573 0.519546 -0.332941 0.741498 -0.263444 0.021208
e_10_2 10 2 8 0.0125 0.0828733 -0.0692988 0.0270508 0.421207 0.743786 0.386251 0.346665 0.021237
4 11 10
2 0.0574949 0.103041 0.0616325 0.0125
12 0.0567972 0.0886113 0.0475349 0.0125
11 0.0555819 0.0698647 0.0403496 0.0125
10 0.0508247 0.0516152 0.03367 0.0125
9 0.0474303 0.0329388 0.027341 0.0125
4 0.014282 -0.142324 0.153983 0.0125
1 0.000910708 -0.317524 0.2196 0.0125
8 0.0407251 0.0141799 0.0227122 0.0125
5 0.0269548 -0.038334 0.0561112 0.0125
6 0.0417816 -0.0217446 0.0400136 0.0125
7 0.0418394 -0.00547025 0.0273446 0.0125
e_1_4 1 4 1 0.0125 0.00759688 -0.229924 0.186791 0.534617 -0.746363 0.343311 0.198152 0.187562
e_4_5 4 5 2 0.0125 0.0206177 -0.0903286 0.105047 0.165185 -0.276625 0.874537 0.362461 0.143364
e_5_6 5 6 3 0.0125 0.0343682 -0.0300393 0.0480624 0.407249 -0.330062 0.827129 0.202644 0.027462
e_6_7 6 7 4 0.0125 0.0418111 -0.0136074 0.0336797 0.198421 -0.403075 0.802911 0.391782 0.020625
e_7_8 7 8 5 0.0125 0.0412825 0.00435566 0.0250285 0.619525 -0.783915 0.00652179 0.0402999 0.02022
e_8_9 8 9 6 0.0125 0.0440781 0.0235595 0.0250265 0.769971 -0.613991 0.0992567 -0.142501 0.020451
e_9_10 9 10 7 0.0125 0.0491282 0.0422768 0.0305057 0.779212 -0.581622 -0.0596631 -0.225797 0.02001
e_10_11 10 11 8 0.0125 0.0532038 0.0607401 0.0370098 0.787526 -0.577072 -0.00747306 -0.216183 0.020008
e_11_12 11 12 9 0.0125 0.0561902 0.0792378 0.0439424 0.774531 -0.544385 -0.15819 -0.280574 0.020112
e_12_2 12 2 10 0.0125 0.0571466 0.0958263 0.0545843 0.813847 -0.351348 -0.165381 -0.432269 0.020186
5 6 5
2 0.256002 -0.1032 0.0115175 0.0125
7 0.199237 -0.0547773 0.0374848 0.0125
6 0.0856451 0.0182893 0.090438 0.0125
5 -0.00125215 0.0558525 0.0892908 0.0125
1 -0.128103 0.155931 0.0370332 0.0125
4 -0.065212 0.0823457 0.0410712 0.0125
e_1_4 1 4 1 0.0125 -0.0966576 0.119139 0.0390525 0.505529 0.689563 -0.0605175 0.515054 0.096883
e_4_5 4 5 2 0.0125 -0.0332324 0.0690994 0.065181 0.536022 0.447686 0.117506 0.70601 0.084368
e_5_6 5 6 3 0.0125 0.0421968 0.0370705 0.0898645 0.259874 0.702403 -0.0239251 0.662211 0.094676
e_6_7 6 7 4 0.0125 0.142441 -0.0182443 0.0639615 0.22614 0.815767 -0.130503 0.516094 0.145071
e_7_2 7 2 5 0.0125 0.227619 -0.0789885 0.0245011 0.30121 0.804727 -0.129463 0.4949 0.079002
6 9 8
2 0.295184 0.0212244 0.0388937 0.0125
10 0.285252 0.00861357 0.0517989 0.0125
9 0.267128 -0.00311741 0.0548841 0.0125
4 -0.043568 -0.260419 0.0497438 0.0125
1 -0.0592782 -0.286518 0.0628703 0.0125
8 0.250486 -0.0101711 0.0653767 0.0125
5 0.0395477 -0.182377 0.0121211 0.0125
6 0.200657 -0.0757293 0.0541746 0.0125
7 0.23588 -0.0347103 0.0710054 0.0125
e_1_4 1 4 1 0.0125 -0.0514228 -0.273469 0.056307 0.274437 0.0159511 0.83523 0.476258 0.033171
e_4_5 4 5 2 0.0125 -0.00200968 -0.221398 0.0309322 0.412985 0.0280948 0.809875 0.41564 0.12006
e_5_6 5 6 3 0.0125 0.120103 -0.129053 0.033148 0.702842 -0.0873887 0.621307 0.335191 0.197733
e_6_7 6 7 4 0.0125 0.218268 -0.0552199 0.0625894 0.698218 -0.197429 0.558937 0.401376 0.056626
e_7_8 7 8 5 0.0125 0.243183 -0.0224409 0.0681905 0.384241 -0.0870346 0.767536 0.50564 0.029106
e_8_9 8 9 6 0.0125 0.258807 -0.00664409 0.0601299 0.40699 0.185747 0.846478 0.288674 0.0209
e_9_10 9 10 7 0.0125 0.27619 0.00274808 0.0533415 0.544314 0.011969 0.755368 0.364689 0.021807
e_10_2 10 2 8 0.0125 0.290217 0.0149189 0.0453466 0.200598 0.165358 0.886533 0.382722 0.020597
7 8 7
2 0.17654 -0.0897628 0.0808589 0.0125
9 0.158904 -0.0773302 0.0840252 0.0125
4 -0.206236 0.0941789 0.0579448 0.0125
1 -0.254558 0.108476 0.0663982 0.0125
8 0.155576 -0.0580761 0.0901391 0.0125
5 -0.015629 0.0241913 0.0428155 0.0125
6 0.124776 -0.0271612 0.095103 0.0125
7 0.141614 -0.039358 0.0949106 0.0125
e_1_4 1 4 1 0.0125 -0.230397 0.101327 0.0621714 0.366489 -0.479904 0.593645 -0.531944 0.051096
e_4_5 4 5 2 0.0125 -0.110933 0.0591845 0.05038 0.571619 -0.160825 0.715043 -0.368918 0.203613
e_5_6 5 6 3 0.0125 0.0545736 -0.00148492 0.0689593 0.804051 0.105171 0.569097 -0.136271 0.158381
e_6_7 6 7 4 0.0125 0.133195 -0.0332597 0.0950064 0.663812 0.584253 0.404088 0.233912 0.020792
e_7_8 7 8 5 0.0125 0.148595 -0.0487166 0.0925246 0.234466 0.660377 -0.404966 0.587309 0.023834
e_8_9 8 9 6 0.0125 0.157239 -0.0677033 0.0870817 0.228206 0.432644 -0.6798 0.546455 0.020474
e_9_2 9 2 7 0.0125 0.167722 -0.0835465 0.082442 0.55049 0.700735 0.285607 0.352647 0.021809
8 6 5
2 0.0305802 0.135805 0.0259239 0.0125
7 0.000763199 0.131704 0.0750579 0.0125
6 -0.024064 0.1113 0.0878753 0.0125
5 -0.0654903 -0.00116829 0.0976537 0.0125
1 -0.168052 -0.251851 0.0124039 0.0125
4 -0.100669 -0.124793 0.0757121 0.0125
e_1_4 1 4 1 0.0125 -0.134361 -0.188322 0.0440587 0.372903 -0.444155 -0.318249 -0.749924 0.157138
e_4_5 4 5 2 0.0125 -0.0830801 -0.0629801 0.0866824 0.442264 -0.502864 -0.403724 -0.623328 0.130392
e_5_6 5 6 3 0.0125 -0.0447776 0.0550663 0.0927644 0.367144 -0.587393 -0.442297 -0.569691 0.120253
e_6_7 6 7 4 0.0125 -0.0116504 0.121502 0.0814666 0.0833702 -0.710546 -0.42469 -0.554808 0.034597
e_7_2 7 2 5 0.0125 0.0156717 0.133754 0.0504909 -0.103945 -0.830529 -0.486403 -0.250658 0.05762
9 7 6
2 -0.387616 -0.236993 0.141562 0.0125
4 -0.136236 0.0466244 0.0301107 0.0125
1 -0.0740543 0.122182 0.0116026 0.0125
8 -0.370308 -0.228063 0.136875 0.0125
5 -0.33811 -0.176548 0.130349 0.0125
6 -0.353047 -0.192765 0.137204 0.0125
7 -0.360582 -0.210995 0.140853 0.0125
e_1_4 1 4 1 0.0125 -0.105145 0.0844032 0.0208574 -0.0548161 -0.439477 -0.462532 0.768062 0.099589
e_4_5 4 5 2 0.0125 -0.237173 -0.0649618 0.0802297 -0.0462928 -0.416413 -0.410596 0.809857 0.317186
e_5_6 5 6 3 0.0125 -0.345579 -0.184656 0.133776 -0.0423792 -0.424081 -0.414372 0.804148 0.023089
e_6_7 6 7 4 0.0125 -0.356815 -0.201879 0.139028 -0.151306 -0.355857 -0.531418 0.753702 0.02006
e_7_8 7 8 5 0.0125 -0.365445 -0.219529 0.138864 -0.0937028 -0.478571 -0.608455 0.626077 0.020044
e_8_2 8 2 6 0.0125 -0.378962 -0.232528 0.139219 0.0741939 -0.520727 -0.334419 0.781986 0.020032
10 8 7
2 -0.246596 -0.0711164 0.121497 0.0125
9 -0.221744 -0.0556322 0.100644 0.0125
4 0.0166267 0.25218 0.0498999 0.0125
1 0.063943 0.272102 0.0522874 0.0125
8 -0.199132 -0.0456806 0.102658 0.0125
5 -0.0282041 0.175582 0.0559568 0.0125
6 -0.110378 0.00141592 0.102779 0.0125
7 -0.167765 -0.0316617 0.100298 0.0125
e_1_4 1 4 1 0.0125 0.0402844 0.262141 0.051093 0.605646 -0.0739636 -0.719555 0.331606 0.051395
e_4_5 4 5 2 0.0125 -0.00578887 0.213881 0.0529287 0.542415 0.206207 -0.650717 0.489727 0.088959
e_5_6 5 6 3 0.0125 -0.0692905 0.0884984 0.0793684 0.615151 0.273073 -0.554352 0.489606 0.198188
e_6_7 6 7 4 0.0125 -0.13907 -0.0151226 0.101538 0.589264 -0.0238232 -0.719825 0.366132 0.066284
e_7_8 7 8 5 0.0125 -0.183449 -0.0386711 0.101478 0.648604 -0.040173 -0.681266 0.337009 0.034439
e_8_9 8 9 6 0.0125 -0.210438 -0.0506564 0.101651 0.588807 -0.0759945 -0.731344 0.335659 0.024786
e_9_2 9 2 7 0.0125 -0.234171 -0.063374 0.111071 0.831226 0.0888474 -0.449503 0.314828 0.035948
