10
1 10 9
2 0.0718833 0.161593 0.0681617 0.0125
11 0.0861069 0.158647 0.0397443 0.0125
10 0.0921873 0.133598 0.0152822 0.0125
9 0.101149 0.108761 0.0114878 0.0125
4 -0.0585573 -0.116272 0.0114884 0.0125
1 -0.0768964 -0.233269 0.0141569 0.0125
8 0.0972483 0.0851924 0.0117928 0.0125
5 -0.0354007 -0.0841663 0.0283422 0.0125
6 0.026852 -0.0208707 0.0161188 0.0125
7 0.0954221 0.0627408 0.0149589 0.0125
e_1_4 1 4 1 0.0125 -0.0677265 -0.174771 0.0128222 0.695265 -0.69095 0.183987 0.0731016 0.118455
e_4_5 4 5 2 0.0125 -0.0469791 -0.10022 0.0199149 0.833268 -0.43163 0.343259 0.0391734 0.043024
e_5_6 5 6 3 0.0125 -0.00427373 -0.0525184 0.0222309 0.656563 -0.515314 0.550138 0.0269206 0.089617
e_6_7 6 7 4 0.0125 0.0611372 0.0209352 0.0155393 0.702443 -0.526698 0.477442 0.0348112 0.10814
e_7_8 7 8 5 0.0125 0.0963353 0.0739667 0.0133763 0.651253 -0.739361 0.151493 0.07915 0.022746
e_8_9 8 9 6 0.0125 0.0991987 0.0969763 0.0116404 0.698842 -0.686326 0.187958 0.0724415 0.023892
e_9_10 9 10 7 0.0125 0.0966678 0.12118 0.0133855 0.749815 -0.63894 -0.143651 0.0943292 0.026675
e_10_11 10 11 8 0.0125 0.089147 0.146122 0.0275127 0.916255 -0.38946 -0.0643704 0.0682167 0.035537
e_11_2 11 2 9 0.0125 0.0789951 0.16012 0.053953 0.970963 -0.0590515 -0.226498 0.0494121 0.031915
2 7 6
2 0.136156 -0.150761 0.0266613 0.0125
4 -0.0604559 0.255582 0.0191854 0.0125
1 -0.0622802 0.282837 0.0208635 0.0125
8 0.114461 -0.151263 0.031334 0.0125
5 0.0732503 -0.0318248 0.0433182 0.0125
6 0.0921963 -0.119812 0.0432958 0.0125
7 0.100352 -0.139777 0.0416117 0.0125
e_1_4 1 4 1 0.0125 -0.0613686 0.269209 0.0200241 -0.368226 -0.431684 0.586781 -0.577708 0.027367
e_4_5 4 5 2 0.0125 0.00639716 0.111879 0.0312518 -0.168089 -0.420328 0.534199 -0.713934 0.317903
e_5_6 5 6 3 0.0125 0.0827231 -0.0758181 0.0433072 -0.303575 -0.431294 0.560455 -0.638528 0.090004
e_6_7 6 7 4 0.0125 0.0962747 -0.129795 0.0424541 -0.145168 -0.41651 0.604521 -0.663325 0.021633
e_7_8 7 8 5 0.0125 0.107407 -0.14552 0.036472 0.25339 -0.304852 0.808093 -0.435711 0.020895
e_8_2 8 2 6 0.0125 0.125308 -0.151012 0.028997 0.626059 -0.0835309 0.773477 -0.0529826 0.022198
3 10 9
2 -0.0483779 -0.217764 0.0430435 0.0125
11 -0.0577415 -0.200244 0.0453708 0.0125
10 -0.0566665 -0.180356 0.0435468 0.0125
9 -0.0539028 -0.160688 0.0411745 0.0125
4 -0.112788 0.0371629 0.0145639 0.0125
1 -0.0953056 0.263286 0.0383864 0.0125
8 -0.0553134 -0.141049 0.0447516 0.0125
5 -0.106254 0.00687375 0.0114929 0.0125
6 -0.0704239 -0.106468 0.0325614 0.0125
7 -0.0605145 -0.122366 0.0395993 0.0125
e_1_4 1 4 1 0.0125 -0.104047 0.150225 0.0264756 0.337391 0.423037 0.61096 -0.577871 0.228045
e_4_5 4 5 2 0.0125 -0.109521 0.0220181 0.0130289 0.442293 0.359758 0.647994 -0.50503 0.031138
e_5_6 5 6 3 0.0125 -0.088339 -0.049797 0.0220271 0.631131 0.394659 0.506937 -0.434665 0.120723
e_6_7 6 7 4 0.0125 -0.0654693 -0.114418 0.0360804 0.756907 0.327322 0.46584 -0.320852 0.020012
e_7_8 7 8 5 0.0125 -0.0579141 -0.131708 0.0421761 0.67354 0.412749 0.4486 -0.41802 0.020065
e_8_9 8 9 6 0.0125 -0.0546082 -0.150869 0.0429631 0.340314 0.360076 0.678029 -0.542963 0.020012
e_9_10 9 10 7 0.0125 -0.055285 -0.170521 0.042361 0.510041 0.515923 0.417775 -0.546942 0.020002
e_10_11 10 11 8 0.0125 -0.057204 -0.1903 0.0444583 0.504657 0.486426 0.466668 -0.539381 0.020001
e_11_2 11 2 9 0.0125 -0.0530598 -0.209005 0.0442067 0.509127 0.278307 0.693354 -0.427312 0.020001
4 8 7
2 0.248407 -0.0791149 0.0115405 0.0125
9 0.214633 -0.0383024 0.0409815 0.0125
4 -0.118821 0.157917 0.0559973 0.0125
1 -0.157926 0.171063 0.0624629 0.0125
8 0.199162 -0.017763 0.0593093 0.0125
5 -0.0993229 0.147222 0.055807 0.0125
6 0.121687 0.0288194 0.0594076 0.0125
7 0.171892 -0.00199534 0.06989 0.0125
e_1_4 1 4 1 0.0125 -0.138373 0.16449 0.0592297 0.342378 0.7398 0.173533 0.552593 0.04176
e_4_5 4 5 2 0.0125 -0.109072 0.15257 0.0559026 0.510713 0.676302 0.216511 0.484675 0.022239
e_5_6 5 6 3 0.0125 0.0111818 0.0880206 0.0576078 0.521013 0.664399 0.226707 0.485513 0.250754
e_6_7 6 7 4 0.0125 0.146789 0.0134122 0.0646495 0.635499 0.584553 0.265888 0.428651 0.059833
e_7_8 7 8 5 0.0125 0.185527 -0.00987965 0.0646001 0.341735 0.807767 0.0819759 0.473296 0.03323
e_8_9 8 9 6 0.0125 0.206898 -0.0280331 0.0501454 0.340007 0.88544 -0.0787465 0.306905 0.031577
e_9_2 9 2 7 0.0125 0.23152 -0.0587089 0.0262605 0.378919 0.861366 -0.0306116 0.336945 0.060606
5 10 9
2 -0.262361 -0.0120018 0.0261714 0.0125
11 -0.219923 -0.0049564 0.0306372 0.0125
10 -0.187795 -0.0102903 0.0386452 0.0125
9 -0.15409 -0.00930553 0.038735 0.0125
4 0.0323885 0.17905 0.0592146 0.0125
1 0.0948872 0.233862 0.0466504 0.0125
8 -0.130934 -0.0161358 0.0403162 0.0125
5 -0.0360672 0.118372 0.0810383 0.0125
6 -0.0655866 0.0292299 0.0767473 0.0125
7 -0.103883 -0.00396803 0.0385473 0.0125
e_1_4 1 4 1 0.0125 0.0636379 0.206457 0.052933 0.642486 0.104155 -0.643761 0.402412 0.084072
e_4_5 4 5 2 0.0125 -0.00183914 0.148712 0.0701266 0.67986 0.124323 -0.607053 0.392199 0.094044
e_5_6 5 6 3 0.0125 -0.0508265 0.0738012 0.0788931 0.468788 0.29887 -0.658407 0.507361 0.094001
e_6_7 6 7 4 0.0125 -0.0847352 0.0126313 0.0576475 0.255278 -0.219195 -0.8677 0.365901 0.063467
e_7_8 7 8 5 0.0125 -0.117408 -0.0100518 0.0394321 0.639613 -0.0512536 -0.683817 0.347365 0.029714
e_8_9 8 9 6 0.0125 -0.142512 -0.0127205 0.0395259 0.664094 -0.36665 -0.63107 0.162165 0.024194
e_9_10 9 10 7 0.0125 -0.170942 -0.00979743 0.0386901 0.660403 -0.23131 -0.669189 0.250098 0.03372
e_10_11 10 11 8 0.0125 -0.203859 -0.00762401 0.0346414 0.584897 -0.369129 -0.695085 0.196206 0.033538
e_11_2 11 2 9 0.0125 -0.241142 -0.00847859 0.0284048 0.604641 -0.205008 -0.713854 0.287738 0.04325
6 8 7
2 -0.139731 -0.288456 0.067687 0.0125
9 -0.111508 -0.281414 0.0637819 0.0125
4 0.0356046 -0.172519 0.0522256 0.0125
1 0.319457 -0.150492 0.0443857 0.0125
8 -0.0922864 -0.272939 0.0694324 0.0125
5 -0.0107617 -0.210171 0.0548007 0.0125
6 -0.0287247 -0.223493 0.0591877 0.0125
7 -0.0678493 -0.253776 0.0690697 0.0125
e_1_4 1 4 1 0.0125 0.177531 -0.161505 0.0483056 -0.410647 0.538902 0.442517 -0.58748 0.284814
e_4_5 4 5 2 0.0125 0.0124219 -0.191346 0.0535133 0.430237 0.691043 0.0303216 -0.580032 0.059784
e_5_6 5 6 3 0.0125 -0.0197435 -0.216832 0.0569944 0.372403 0.629656 0.0854113 -0.676427 0.02279
e_6_7 6 7 4 0.0125 -0.0482868 -0.238635 0.0641285 0.422472 0.632022 0.051122 -0.647652 0.050453
e_7_8 7 8 5 0.0125 -0.0800677 -0.263358 0.0692508 0.396952 0.7011 0.0511848 -0.590143 0.031056
e_8_9 8 9 6 0.0125 -0.101897 -0.277176 0.0666067 0.0827115 0.762987 0.21848 -0.602724 0.021754
e_9_2 9 2 7 0.0125 -0.125619 -0.284935 0.0657345 -0.339974 0.497921 0.430742 -0.671531 0.029349
7 8 7
2 -0.153256 0.0697723 0.022824 0.0125
9 -0.102573 0.083875 0.0829334 0.0125
4 0.172865 0.186622 0.044253 0.0125
1 0.263524 0.205771 0.011478 0.0125
8 -0.0433281 0.0951742 0.107261 0.0125
5 0.132549 0.151426 0.0415456 0.0125
6 0.0939545 0.123302 0.0413691 0.0125
7 0.0280275 0.112528 0.0797378 0.0125
e_1_4 1 4 1 0.0125 0.218194 0.196197 0.0278655 -0.742226 -0.343875 0.4637 0.340343 0.098285
e_4_5 4 5 2 0.0125 0.152706 0.169024 0.0428995 -0.635064 -0.651094 0.318334 0.267271 0.053587
e_5_6 5 6 3 0.0125 0.113251 0.137365 0.0414575 -0.64028 -0.619376 0.343835 0.296974 0.047754
e_6_7 6 7 4 0.0125 0.060991 0.117915 0.0605534 -0.837851 -0.202114 0.458392 0.21687 0.077037
e_7_8 7 8 5 0.0125 -0.00765026 0.103851 0.0934988 -0.757892 -0.338268 0.458365 0.317925 0.078423
e_8_9 8 9 6 0.0125 -0.07295 0.0895248 0.0950967 -0.27568 -0.784995 0.266103 0.486798 0.065035
e_9_2 9 2 7 0.0125 -0.127915 0.0768234 0.0528785 -0.122902 -0.932663 0.0799524 0.329611 0.07988
8 6 5
2 -0.115726 -0.260682 0.0776106 0.0125
7 -0.0742704 -0.197908 0.0688949 0.0125
6 -0.0313329 -0.143667 0.0673685 0.0125
5 0.0330871 -0.103751 0.0743983 0.0125
1 0.265167 0.0340666 0.0567354 0.0125
4 0.211962 -0.0277615 0.0790353 0.0125
e_1_4 1 4 1 0.0125 0.238564 0.00315243 0.0678853 -0.0678121 0.355093 0.491992 -0.791994 0.084563
e_4_5 4 5 2 0.0125 0.122524 -0.0657559 0.0767169 -0.193028 0.555599 0.450813 -0.671429 0.194401
e_5_6 5 6 3 0.0125 0.000877017 -0.123709 0.0708838 -0.0751561 0.580867 0.456918 -0.669456 0.076109
e_6_7 6 7 4 0.0125 -0.0528022 -0.170787 0.068132 0.112676 0.515014 0.473006 -0.705925 0.069196
e_7_2 7 2 5 0.0125 -0.0949987 -0.229295 0.0732524 0.132145 0.459004 0.481432 -0.734899 0.07573
9 9 8
2 -0.368622 -0.284989 0.0124452 0.0125
10 -0.375208 -0.267943 0.0206958 0.0125
9 -0.372805 -0.248305 0.0236299 0.0125
4 -0.289846 -0.172407 0.0187869 0.0125
1 0.00801728 -0.0081692 0.0620993 0.0125
8 -0.361452 -0.231827 0.0229449 0.0125
5 -0.318234 -0.187767 0.015175 0.0125
6 -0.336869 -0.202713 0.0116353 0.0125
7 -0.351544 -0.214785 0.0184952 0.0125
e_1_4 1 4 1 0.0125 -0.140914 -0.0902884 0.0404434 -0.633065 -0.535905 0.525323 0.189922 0.342889
e_4_5 4 5 2 0.0125 -0.30404 -0.180087 0.0169809 -0.637688 -0.530374 0.523741 0.1943 0.032478
e_5_6 5 6 3 0.0125 -0.327551 -0.19524 0.0134056 -0.64067 -0.579922 0.486799 0.127511 0.024149
e_6_7 6 7 4 0.0125 -0.344206 -0.208749 0.0150654 -0.800156 -0.450098 0.357273 0.171807 0.020203
e_7_8 7 8 5 0.0125 -0.356498 -0.223307 0.0207198 -0.780365 -0.552778 0.290424 0.0334715 0.020209
e_8_9 8 9 6 0.0125 -0.367128 -0.240067 0.0232876 -0.717969 -0.593426 0.361587 0.0402723 0.020022
e_9_10 9 10 7 0.0125 -0.374006 -0.258124 0.0221629 -0.635357 -0.709718 0.263888 -0.151607 0.02
e_10_2 10 2 8 0.0125 -0.371915 -0.276466 0.0165705 -0.436632 -0.810439 0.221257 -0.32185 0.020049
10 10 9
2 -0.135779 -0.062191 0.143389 0.0125
11 -0.121871 -0.0647945 0.129202 0.0125
10 -0.108738 -0.0761056 0.117231 0.0125
9 -0.0913223 -0.0865528 0.0936435 0.0125
4 0.218535 -0.177415 0.0300011 0.0125
1 0.264323 -0.150094 0.0122398 0.0125
8 -0.0780498 -0.106849 0.0838127 0.0125
5 0.064515 -0.208899 0.0755626 0.0125
6 0.0141213 -0.194175 0.0775452 0.0125
7 -0.0345284 -0.145732 0.0922836 0.0125
e_1_4 1 4 1 0.0125 0.241429 -0.163754 0.0211205 0.806142 0.353681 -0.465718 -0.0902853 0.0562
e_4_5 4 5 2 0.0125 0.141525 -0.193157 0.0527815 0.779038 0.249485 -0.546419 -0.179678 0.163675
e_5_6 5 6 3 0.0125 0.0393181 -0.201537 0.0765539 0.648823 0.113988 -0.684203 -0.312892 0.052538
e_6_7 6 7 4 0.0125 -0.0102035 -0.169954 0.0849149 0.670217 -0.156167 -0.608828 -0.394651 0.07022
e_7_8 7 8 5 0.0125 -0.0562887 -0.12629 0.0880476 0.505615 -0.0313434 -0.755542 -0.415365 0.058972
e_8_9 8 9 6 0.0125 -0.084686 -0.096701 0.0887281 0.735431 -0.273286 -0.487311 -0.383384 0.026167
e_9_10 9 10 7 0.0125 -0.10003 -0.081329 0.105438 0.910013 -0.102028 -0.332683 -0.225365 0.031127
e_10_11 10 11 8 0.0125 -0.115304 -0.0704494 0.123217 0.83079 -0.162624 -0.435219 -0.306475 0.021064
e_11_2 11 2 9 0.0125 -0.128824 -0.0634932 0.136295 0.90227 0.0125669 -0.381882 -0.199791 0.020038
