10
1 7 6
2 -0.036525 -0.169091 0.0114134 0.0125
4 -0.104211 0.0305095 0.0397975 0.0125
1 -0.206307 0.288518 0.0939977 0.0125
8 -0.0372089 -0.140566 0.0124352 0.0125
5 -0.0562777 -0.0685766 0.0158286 0.0125
6 -0.0510054 -0.0946199 0.0124728 0.0125
7 -0.0399519 -0.112011 0.0121561 0.0125
e_1_4 1 4 1 0.0125 -0.155259 0.159514 0.0668982 0.520321 0.750653 -0.179927 0.365256 0.282719
e_4_5 4 5 2 0.0125 -0.0802448 -0.0190338 0.0278125 0.498799 0.763009 -0.155583 0.380541 0.112651
e_5_6 5 6 3 0.0125 -0.0536422 -0.0815981 0.0141505 0.576338 0.713696 -0.230834 0.324329 0.026782
e_6_7 6 7 4 0.0125 -0.0454785 -0.103316 0.0123149 0.603482 0.712176 0.0219405 0.357958 0.02061
e_7_8 7 8 5 0.0125 -0.0385802 -0.126289 0.0122961 0.650952 0.668668 -0.219144 0.284815 0.028687
e_8_2 8 2 6 0.0125 -0.0368663 -0.154829 0.0119245 0.636436 0.666341 -0.2718 0.277604 0.028552
2 7 6
2 0.382644 -0.13252 0.0115192 0.0125
4 0.173377 0.257592 0.0220432 0.0125
1 0.178473 0.284062 0.012043 0.0125
8 0.352527 -0.127292 0.0161733 0.0125
5 0.243936 0.0264367 0.011495 0.0125
6 0.295451 -0.0791462 0.0269855 0.0125
7 0.32692 -0.121474 0.0223069 0.0125
e_1_4 1 4 1 0.0125 0.175925 0.270827 0.0170436 -0.641006 -0.37041 0.434607 -0.512859 0.028752
e_4_5 4 5 2 0.0125 0.208656 0.142014 0.0167696 -0.364437 -0.543334 0.476016 -0.587693 0.241914
e_5_6 5 6 3 0.0125 0.269694 -0.0263547 0.0192403 -0.37178 -0.544245 0.37207 -0.65356 0.118497
e_6_7 6 7 4 0.0125 0.311186 -0.100311 0.0246461 -0.217919 -0.607647 0.418258 -0.639012 0.052951
e_7_8 7 8 5 0.0125 0.339723 -0.124383 0.0192401 0.166615 -0.689448 0.372019 -0.598751 0.026966
e_8_2 8 2 6 0.0125 0.367585 -0.129907 0.0138456 0.167473 -0.688851 0.317388 -0.629843 0.03092
3 6 5
2 -0.25279 -0.110278 0.118979 0.0125
7 -0.240904 -0.114983 0.0949046 0.0125
6 -0.232857 -0.119428 0.0769168 0.0125
5 -0.218921 -0.113661 0.0624381 0.0125
1 0.0462138 0.21968 0.0691629 0.0125
4 -0.190092 -0.103799 0.0575034 0.0125
e_1_4 1 4 1 0.0125 -0.0719389 0.0579403 0.0633333 0.677254 0.463627 -0.547351 0.163658 0.400768
e_4_5 4 5 2 0.0125 -0.204507 -0.10873 0.0599714 0.676527 -0.0951951 -0.641089 0.349649 0.030866
e_5_6 5 6 3 0.0125 -0.225889 -0.116545 0.0696776 0.704739 -0.117992 -0.373933 0.591265 0.020907
e_6_7 6 7 4 0.0125 -0.236881 -0.117205 0.0859107 0.595773 -0.231259 -0.0360944 0.768291 0.020201
e_7_2 7 2 5 0.0125 -0.246847 -0.11263 0.106942 0.608191 -0.230822 -0.0715375 0.756113 0.027258
4 6 5
2 0.152112 0.178291 0.0705464 0.0125
7 0.142377 0.186351 0.0509699 0.0125
6 0.121314 0.192014 0.0428347 0.0125
5 0.03483 0.168631 0.0544539 0.0125
1 -0.176896 -0.125869 0.0513408 0.0125
4 -0.141713 -0.0815415 0.0570111 0.0125
e_1_4 1 4 1 0.0125 -0.159304 -0.103705 0.0541759 0.684377 -0.324469 0.58726 0.285437 0.056876
e_4_5 4 5 2 0.0125 -0.0534412 0.0435449 0.055732 0.636845 -0.350027 0.617784 0.30042 0.306203
e_5_6 5 6 3 0.0125 0.0780714 0.180322 0.0486445 0.650739 -0.0717704 0.747764 0.110621 0.09034
e_6_7 6 7 4 0.0125 0.131846 0.189183 0.0469024 0.821089 0.132582 0.55471 -0.0230454 0.023279
e_7_2 7 2 5 0.0125 0.147244 0.182321 0.0607577 0.958117 0.169767 0.226082 -0.0455823 0.023302
5 6 5
2 -0.343626 -0.0394426 0.0585011 0.0125
7 -0.284473 -0.0572368 0.0611748 0.0125
6 -0.248988 -0.0525069 0.0704295 0.0125
5 -0.112023 -0.0136736 0.0866877 0.0125
1 0.128832 0.0376592 0.0120693 0.0125
4 -0.0790697 -0.0125277 0.0780298 0.0125
e_1_4 1 4 1 0.0125 0.024881 0.0125654 0.045049 -0.626159 -0.470946 0.361736 0.505254 0.223814
e_4_5 4 5 2 0.0125 -0.0955472 -0.0131006 0.0823588 -0.471379 -0.503073 0.346303 0.636234 0.034091
e_5_6 5 6 3 0.0125 -0.180506 -0.0330901 0.0785586 -0.401959 -0.695137 0.271145 0.530748 0.14329
e_6_7 6 7 4 0.0125 -0.266731 -0.0548721 0.0658018 -0.245899 -0.7597 0.219102 0.560699 0.036975
e_7_2 7 2 5 0.0125 -0.31405 -0.0483393 0.0598377 0.0491575 -0.704655 0.158371 0.689901 0.06183
6 6 5
2 0.305814 -0.166695 0.0256593 0.0125
7 0.290896 -0.157054 0.0124569 0.0125
6 0.272018 -0.143964 0.0128553 0.0125
5 0.176072 -0.0727145 0.0125106 0.0125
1 0.008901 0.204207 0.100545 0.0125
4 0.0908623 0.0614436 0.0521255 0.0125
e_1_4 1 4 1 0.0125 0.0498815 0.132825 0.0763347 -0.202598 0.140338 -0.788286 0.563795 0.171591
e_4_5 4 5 2 0.0125 0.133467 -0.00563581 0.0323178 -0.231375 0.141543 -0.775174 0.570558 0.163793
e_5_6 5 6 3 0.0125 0.224045 -0.108339 0.012683 -0.441552 0.180676 -0.682578 0.553602 0.119509
e_6_7 6 7 4 0.0125 0.281457 -0.15051 0.0126562 -0.448007 0.191022 -0.687162 0.539082 0.022976
e_7_2 7 2 5 0.0125 0.298355 -0.161875 0.0190585 -0.621238 0.101624 -0.437484 0.64214 0.022131
7 8 7
2 -0.0154484 -0.222515 0.0142363 0.0125
9 -0.0139686 -0.207079 0.0271017 0.0125
4 0.137289 0.0551551 0.0774452 0.0125
1 0.190204 0.192101 0.0496321 0.0125
8 -0.0136102 -0.191104 0.0393169 0.0125
5 0.00642176 -0.0841761 0.0262059 0.0125
6 -0.0154517 -0.151276 0.0410218 0.0125
7 -0.0169396 -0.171378 0.0415927 0.0125
e_1_4 1 4 1 0.0125 0.163746 0.123628 0.0635384 0.325468 0.459855 0.442116 -0.697952 0.149425
e_4_5 4 5 2 0.0125 0.0718552 -0.0145111 0.0518261 0.0892558 0.622088 0.492403 -0.602145 0.197901
e_5_6 5 6 3 0.0125 -0.00451495 -0.117726 0.0336139 0.348124 0.443319 0.448044 -0.693927 0.072113
e_6_7 6 7 4 0.0125 -0.0161956 -0.161327 0.0413072 0.391279 0.422442 0.554424 -0.600881 0.020164
e_7_8 7 8 5 0.0125 -0.0152751 -0.181241 0.0404543 0.43415 0.38545 0.638714 -0.504961 0.020135
e_8_9 8 9 6 0.0125 -0.01379 -0.199092 0.0332089 0.246081 0.514437 0.734178 -0.368485 0.020112
e_9_2 9 2 7 0.0125 -0.0147083 -0.214797 0.0206694 0.216833 0.533821 0.730955 -0.365682 0.020149
8 6 5
2 -0.347426 0.0518972 0.0586345 0.0125
7 -0.32111 0.052403 0.0522075 0.0125
6 -0.298355 0.0579419 0.0478945 0.0125
5 -0.170832 0.120509 0.0803517 0.0125
1 0.129287 0.0826455 0.103493 0.0125
4 -0.0928614 0.110346 0.0857882 0.0125
e_1_4 1 4 1 0.0125 0.0182134 0.0964956 0.0946404 0.267965 -0.705472 -0.204271 0.62352 0.224568
e_4_5 4 5 2 0.0125 -0.131846 0.115428 0.0830699 0.271666 -0.702636 -0.201969 0.625866 0.078817
e_5_6 5 6 3 0.0125 -0.234593 0.0892254 0.0641231 0.0414469 -0.677519 -0.390317 0.622015 0.145707
e_6_7 6 7 4 0.0125 -0.309733 0.0551733 0.0500509 0.197058 -0.562128 -0.305707 0.742781 0.023813
e_7_2 7 2 5 0.0125 -0.334269 0.0521507 0.0554213 0.281262 -0.572374 -0.231893 0.73451 0.027095
9 10 9
2 0.244778 -0.284556 0.0170715 0.0125
11 0.25133 -0.267717 0.0256499 0.0125
10 0.255275 -0.248324 0.0227574 0.0125
9 0.26449 -0.231325 0.0176483 0.0125
4 0.255283 -0.103969 0.0734443 0.0125
1 0.117999 0.152915 0.10264 0.0125
8 0.272445 -0.213005 0.0165841 0.0125
5 0.268732 -0.139118 0.0452209 0.0125
6 0.271624 -0.172726 0.0262096 0.0125
7 0.27165 -0.193329 0.0226204 0.0125
e_1_4 1 4 1 0.0125 0.186641 0.024473 0.0880424 0.63446 0.732105 0.117865 0.218153 0.292727
e_4_5 4 5 2 0.0125 0.262007 -0.121544 0.0593326 0.414192 0.894215 -0.0190945 0.168701 0.04704
e_5_6 5 6 3 0.0125 0.270177 -0.155922 0.0357156 0.494619 0.857982 -0.0967364 0.0993063 0.038721
e_6_7 6 7 4 0.0125 0.271637 -0.183028 0.0244156 0.63921 0.760309 -0.0880035 0.0748067 0.020913
e_7_8 7 8 5 0.0125 0.272047 -0.203167 0.0196024 0.587999 0.799407 -0.0865854 0.087801 0.020596
e_8_9 8 9 6 0.0125 0.268467 -0.222164 0.0171164 0.723582 0.650115 -0.225241 -0.0551852 0.02
e_9_10 9 10 7 0.0125 0.259883 -0.239824 0.0202032 0.787836 0.564179 -0.232342 -0.0838664 0.02
e_10_11 10 11 8 0.0125 0.253302 -0.25802 0.0242029 0.756484 0.639825 -0.135355 0.00586077 0.02
e_11_2 11 2 9 0.0125 0.248054 -0.276137 0.0213602 0.533397 0.804872 -0.258104 -0.0324253 0.020001
10 9 8
2 0.111791 -0.285793 0.0117276 0.0125
10 0.123337 -0.273873 0.0271684 0.0125
9 0.134653 -0.263388 0.0408738 0.0125
4 0.346001 -0.117723 0.0425058 0.0125
1 0.36339 0.06123 0.0118623 0.0125
8 0.154536 -0.256527 0.0474868 0.0125
5 0.292249 -0.197996 0.0545647 0.0125
6 0.2649 -0.206559 0.0674275 0.0125
7 0.217575 -0.220884 0.0586633 0.0125
e_1_4 1 4 1 0.0125 0.354695 -0.0282466 0.027184 0.507003 0.472568 0.438945 -0.571799 0.182389
e_4_5 4 5 2 0.0125 0.319125 -0.157859 0.0485352 0.194509 0.498353 0.43556 -0.723946 0.097357
e_5_6 5 6 3 0.0125 0.278575 -0.202277 0.0609961 -0.297746 0.427252 0.335729 -0.784913 0.031412
e_6_7 6 7 4 0.0125 0.241238 -0.213721 0.0630453 -0.125426 0.676 0.360949 -0.630086 0.050218
e_7_8 7 8 5 0.0125 0.186055 -0.238705 0.053075 -0.015442 0.651758 0.3892 -0.650767 0.073274
e_8_9 8 9 6 0.0125 0.144595 -0.259957 0.0441803 -0.079 0.720177 0.36239 -0.586326 0.022049
e_9_10 9 10 7 0.0125 0.128995 -0.26863 0.0340204 0.140069 0.840728 0.353917 -0.385098 0.020635
e_10_2 10 2 8 0.0125 0.117564 -0.279833 0.0194484 0.158289 0.846712 0.351672 -0.366539 0.022667
