10
1 8 7
2 -0.1581 -0.288508 0.104075 0.0125
9 -0.134262 -0.261467 0.0943296 0.0125
4 -0.100157 -0.029085 0.0116857 0.0125
1 0.042143 0.111805 0.012053 0.0125
8 -0.125184 -0.249698 0.0776542 0.0125
5 -0.106806 -0.0525887 0.0114979 0.0125
6 -0.0965164 -0.160389 0.051489 0.0125
7 -0.0985225 -0.203474 0.0597135 0.0125
e_1_4 1 4 1 0.0125 -0.0290071 0.0413606 0.0118696 0.581636 0.124513 -0.696716 0.400976 0.200248
e_4_5 4 5 2 0.0125 -0.103481 -0.0408369 0.0115913 0.467745 0.309096 -0.638993 0.526652 0.024427
e_5_6 5 6 3 0.0125 -0.101661 -0.106489 0.031493 0.516595 0.400486 -0.407917 0.637451 0.115439
e_6_7 6 7 4 0.0125 -0.0975197 -0.181932 0.0556015 0.483903 0.376846 -0.514127 0.599582 0.043909
e_7_8 7 8 5 0.0125 -0.111854 -0.226586 0.068684 0.632792 0.21127 -0.544088 0.50883 0.056297
e_8_9 8 9 6 0.0125 -0.129723 -0.255583 0.0859914 0.791499 0.123168 -0.334018 0.496781 0.022338
e_9_2 9 2 7 0.0125 -0.146181 -0.274987 0.0992021 0.651876 0.144827 -0.590366 0.453376 0.037343
2 11 10
2 0.388508 0.136307 0.160507 0.0125
12 0.369096 0.141301 0.160239 0.0125
11 0.350028 0.147265 0.161765 0.0125
10 0.330873 0.141505 0.162453 0.0125
9 0.312715 0.131604 0.161106 0.0125
4 0.0814473 -0.036766 0.0128075 0.0125
1 0.00741685 -0.0785135 0.0114931 0.0125
8 0.288698 0.103307 0.139263 0.0125
5 0.208086 0.0222614 0.0461001 0.0125
6 0.26276 0.0761068 0.109338 0.0125
7 0.275119 0.0890492 0.123589 0.0125
e_1_4 1 4 1 0.0125 0.0444324 -0.0576403 0.0121502 0.712114 -0.365892 0.598657 -0.025036 0.085001
e_4_5 4 5 2 0.0125 0.144767 -0.00725238 0.0294535 0.783467 -0.293989 0.545597 -0.0455391 0.143631
e_5_6 5 6 3 0.0125 0.235423 0.0491841 0.0777189 0.904226 -0.305635 0.297668 -0.0188556 0.099436
e_6_7 6 7 4 0.0125 0.26894 0.0825775 0.116464 0.900709 -0.318721 0.294851 -0.0142308 0.022878
e_7_8 7 8 5 0.0125 0.281908 0.0961781 0.131426 0.900675 -0.319111 0.294543 -0.0140688 0.025166
e_8_9 8 9 6 0.0125 0.300706 0.117455 0.150184 0.8681 -0.377488 0.322333 0.00257441 0.043066
e_9_10 9 10 7 0.0125 0.321794 0.136554 0.161779 0.729118 -0.351173 0.586691 -0.0292784 0.020726
e_10_11 10 11 8 0.0125 0.34045 0.144385 0.162109 0.692076 -0.267946 0.667354 -0.0622475 0.020014
e_11_12 11 12 9 0.0125 0.359562 0.144282 0.161002 0.659775 0.0445678 0.732197 -0.16309 0.020038
e_12_2 12 2 10 0.0125 0.378802 0.138804 0.160373 0.694696 0.0224821 0.702004 -0.155183 0.020046
3 6 5
2 -0.168 0.233675 0.0291913 0.0125
7 -0.107984 0.214575 0.0120612 0.0125
6 -0.0679568 0.200241 0.0285138 0.0125
5 -0.00924883 0.169235 0.0576878 0.0125
1 0.247465 0.0228827 0.0908282 0.0125
4 0.130708 0.0313873 0.0641278 0.0125
e_1_4 1 4 1 0.0125 0.189087 0.0271351 0.077478 -0.596634 -0.172276 0.762565 0.181229 0.120072
e_4_5 4 5 2 0.0125 0.0607297 0.10031 0.060908 -0.558749 0.100346 0.711557 0.414025 0.19655
e_5_6 5 6 3 0.0125 -0.0386029 0.184738 0.0431004 -0.464127 -0.0592347 0.835247 0.288858 0.072519
e_6_7 6 7 4 0.0125 -0.0879706 0.207408 0.0202875 -0.505471 -0.0990232 0.818926 0.253088 0.045588
e_7_2 7 2 5 0.0125 -0.137992 0.224125 0.0206258 -0.742118 -0.0346091 0.606284 0.283693 0.06527
4 9 8
2 0.068496 -0.0863572 0.0120635 0.0125
10 0.0694985 -0.0746913 0.030259 0.0125
9 0.0752236 -0.059753 0.042803 0.0125
4 -0.1774 0.0122731 0.0193437 0.0125
1 -0.309971 -0.0203728 0.0119896 0.0125
8 0.071472 -0.0370141 0.058918 0.0125
5 -0.0748299 0.0441039 0.0280633 0.0125
6 0.039681 0.0179788 0.0526665 0.0125
7 0.0616145 -0.0114696 0.0619732 0.0125
e_1_4 1 4 1 0.0125 -0.243686 -0.0040496 0.0156665 0.694302 0.0375165 0.686804 0.211746 0.13673
e_4_5 4 5 2 0.0125 -0.126114 0.0281883 0.0237031 0.712832 -0.0364563 0.676908 0.179823 0.10775
e_5_6 5 6 3 0.0125 -0.0175743 0.0310412 0.0403657 0.740186 0.318827 0.543908 0.233747 0.120002
e_6_7 6 7 4 0.0125 0.0506477 0.00325427 0.0573194 0.769154 0.562176 0.247242 0.176727 0.03788
e_7_8 7 8 5 0.0125 0.0665431 -0.0242413 0.0604451 0.642562 0.741699 0.072963 0.177966 0.02755
e_8_9 8 9 6 0.0125 0.0733471 -0.0483836 0.0508606 0.436051 0.873568 -0.152998 0.152739 0.028122
e_9_10 9 10 7 0.0125 0.0723611 -0.0672221 0.036531 0.436495 0.814736 -0.380418 0.0309721 0.020329
e_10_2 10 2 8 0.0125 0.0689972 -0.0805246 0.0211609 0.268632 0.885485 -0.369296 0.0858708 0.021638
5 8 7
2 0.262353 -0.213123 0.0163953 0.0125
9 0.243336 -0.206464 0.0152496 0.0125
4 0.0316149 -0.0374661 0.0719187 0.0125
1 -0.142162 0.0494817 0.044172 0.0125
8 0.224319 -0.199481 0.0151448 0.0125
5 0.142021 -0.149728 0.040915 0.0125
6 0.164901 -0.166115 0.025483 0.0125
7 0.20357 -0.184892 0.0117982 0.0125
e_1_4 1 4 1 0.0125 -0.0552733 0.00600781 0.0580454 0.754658 0.319404 0.572104 0.0341887 0.196286
e_4_5 4 5 2 0.0125 0.0868184 -0.0935971 0.0564169 0.633599 0.587081 0.501928 0.044233 0.160479
e_5_6 5 6 3 0.0125 0.153461 -0.157922 0.033199 0.507125 0.566225 0.647915 0.0491807 0.032097
e_6_7 6 7 4 0.0125 0.184235 -0.175504 0.0186406 0.588589 0.405082 0.698274 0.043421 0.045111
e_7_8 7 8 5 0.0125 0.213944 -0.192186 0.0134714 0.751069 0.404679 0.520405 0.0361719 0.025585
e_8_9 8 9 6 0.0125 0.233827 -0.202973 0.0151972 0.708044 0.275697 0.649172 0.0352384 0.020258
e_9_2 9 2 7 0.0125 0.252845 -0.209793 0.015822 0.726118 0.256889 0.636879 0.0338507 0.020183
6 9 8
2 0.304927 -0.13788 0.0608884 0.0125
10 0.296871 -0.131383 0.0789074 0.0125
9 0.290146 -0.119181 0.0975223 0.0125
4 0.18352 0.159576 0.0250617 0.0125
1 0.180687 0.27113 0.051213 0.0125
8 0.283102 -0.104262 0.111608 0.0125
5 0.185232 0.11277 0.0537226 0.0125
6 0.24502 0.00839746 0.127381 0.0125
7 0.272243 -0.0896063 0.123776 0.0125
e_1_4 1 4 1 0.0125 0.182104 0.215354 0.0381372 0.140119 0.157315 0.767684 -0.605211 0.114614
e_4_5 4 5 2 0.0125 0.184376 0.136173 0.0393922 0.422162 0.220805 0.436196 -0.763385 0.054911
e_5_6 5 6 3 0.0125 0.215126 0.0605841 0.0905519 0.653944 0.157089 0.462825 -0.577471 0.141045
e_6_7 6 7 4 0.0125 0.258632 -0.0406049 0.125579 0.330182 0.160198 0.701456 -0.610963 0.101778
e_7_8 7 8 5 0.0125 0.277672 -0.0969337 0.117692 0.309913 0.0697627 0.878996 -0.355603 0.021926
e_8_9 8 9 6 0.0125 0.286625 -0.111721 0.104565 0.208322 0.0721122 0.905231 -0.363261 0.021694
e_9_10 9 10 7 0.0125 0.293509 -0.125283 0.0882152 0.164048 0.0404694 0.947973 -0.26981 0.023251
e_10_2 10 2 8 0.0125 0.300899 -0.134632 0.0698979 0.201322 0.00411618 0.966204 -0.16094 0.02078
7 7 6
2 -0.382963 0.231589 0.0218999 0.0125
4 -0.0059273 0.0249986 0.0674318 0.0125
1 0.0215144 -0.017803 0.0905193 0.0125
8 -0.369056 0.215302 0.0157726 0.0125
5 -0.26474 0.121761 0.0289849 0.0125
6 -0.331703 0.180512 0.0114996 0.0125
7 -0.353179 0.194339 0.0118695 0.0125
e_1_4 1 4 1 0.0125 0.00779303 0.00359845 0.0789753 0.541492 -0.713865 -0.44399 0.00742494 0.05584
e_4_5 4 5 2 0.0125 -0.135333 0.0733807 0.0482085 0.637959 -0.423691 -0.624015 0.155238 0.278971
e_5_6 5 6 3 0.0125 -0.298221 0.151137 0.0202421 0.631174 -0.572511 -0.518205 0.0728991 0.090783
e_6_7 6 7 4 0.0125 -0.342441 0.187426 0.0116848 0.704653 -0.461753 -0.528706 0.103529 0.025545
e_7_8 7 8 5 0.0125 -0.361118 0.204821 0.0138208 0.756947 -0.531419 -0.379713 0.0210386 0.026585
e_8_2 8 2 6 0.0125 -0.376009 0.223446 0.0188371 0.797828 -0.472983 -0.372499 0.0316447 0.022276
8 6 5
2 -0.323098 0.128705 0.0123782 0.0125
7 -0.303469 0.0722467 0.0216278 0.0125
6 -0.296832 0.0483672 0.0238661 0.0125
5 -0.252577 -0.0132954 0.0412606 0.0125
1 0.0352724 -0.130778 0.0950455 0.0125
4 -0.160289 -0.110652 0.0464284 0.0125
e_1_4 1 4 1 0.0125 -0.0625085 -0.120715 0.0707375 0.442321 0.487707 -0.618201 -0.429326 0.202517
e_4_5 4 5 2 0.0125 -0.206433 -0.0619733 0.0438448 0.264785 0.258446 -0.672648 -0.640812 0.134246
e_5_6 5 6 3 0.0125 -0.274704 0.0175363 0.032563 0.167064 0.268984 -0.734399 -0.600329 0.077867
e_6_7 6 7 4 0.0125 -0.30015 0.0603064 0.0227466 0.0578524 0.135974 -0.725589 -0.672075 0.024885
e_7_2 7 2 5 0.0125 -0.313284 0.100475 0.0170026 0.0687563 0.172172 -0.739472 -0.647156 0.060484
9 6 5
2 -0.160581 -0.173029 0.0620016 0.0125
7 -0.0609003 -0.0394923 0.111186 0.0125
6 -0.04093 -0.0241482 0.111627 0.0125
5 -0.0276975 0.0030136 0.111226 0.0125
1 0.123308 0.217423 0.105283 0.0125
4 0.0551824 0.173869 0.108911 0.0125
e_1_4 1 4 1 0.0125 0.0892446 0.195647 0.107097 0.39135 -0.28797 -0.628218 0.607668 0.080939
e_4_5 4 5 2 0.0125 0.0137424 0.0884413 0.110069 -0.150583 -0.433623 -0.553063 0.695282 0.18991
e_5_6 5 6 3 0.0125 -0.0343132 -0.0105674 0.111426 -0.148643 -0.432692 -0.553285 0.696103 0.030217
e_6_7 6 7 4 0.0125 -0.0509146 -0.0318203 0.111407 0.296571 -0.3286 -0.633063 0.635058 0.025188
e_7_2 7 2 5 0.0125 -0.110741 -0.106261 0.086594 -0.00585615 -0.485379 -0.637142 0.598684 0.173745
10 7 6
2 0.22872 0.170872 0.0125684 0.0125
4 0.15255 0.176862 0.0923967 0.0125
1 -0.221401 0.10182 0.0665976 0.0125
8 0.22164 0.180512 0.0303811 0.0125
5 0.178287 0.182509 0.0781904 0.0125
6 0.193889 0.175175 0.062013 0.0125
7 0.207321 0.17541 0.0461485 0.0125
e_1_4 1 4 1 0.0125 -0.0344257 0.139341 0.0794967 0.0426739 0.660492 0.173221 0.729331 0.382278
e_4_5 4 5 2 0.0125 0.165418 0.179686 0.0852935 0.083253 0.797685 0.317795 0.505741 0.029934
e_5_6 5 6 3 0.0125 0.186088 0.178842 0.070102 0.28873 0.854206 0.335349 0.272964 0.023642
e_6_7 6 7 4 0.0125 0.200606 0.175292 0.0540807 0.13799 0.853437 0.391444 0.31524 0.020788
e_7_8 7 8 5 0.0125 0.21448 0.177961 0.0382648 0.0411081 0.834043 0.405383 0.371949 0.021901
e_8_2 8 2 6 0.0125 0.22518 0.175691 0.0214747 0.286366 0.862412 0.413929 0.0538909 0.021456
