12
1 7 6
2 0.210011 -0.147912 0.0281412 0.0125
4 0.0131904 -0.0234261 0.0114922 0.0125
1 -0.0761098 0.211367 0.0456232 0.0125
8 0.196179 -0.142159 0.0133637 0.0125
5 0.0816556 -0.100731 0.0139687 0.0125
6 0.155468 -0.130051 0.0122215 0.0125
7 0.175933 -0.138039 0.0116129 0.0125
e_1_4 1 4 1 0.0125 -0.03146 0.093971 0.0285573 0.434973 0.264678 0.705169 -0.493437 0.25351
e_4_5 4 5 2 0.0125 0.0474225 -0.0620785 0.0127299 0.567806 0.133149 0.685771 -0.435414 0.103294
e_5_6 5 6 3 0.0125 0.118562 -0.115391 0.0130956 0.63014 -0.0502505 0.713069 -0.3032 0.079442
e_6_7 6 7 4 0.0125 0.165701 -0.134044 0.0119175 0.62909 -0.05277 0.714896 -0.30064 0.021976
e_7_8 7 8 5 0.0125 0.186056 -0.140099 0.0124886 0.686132 -0.11492 0.666763 -0.267288 0.020736
e_8_2 8 2 6 0.0125 0.203095 -0.145036 0.0207521 0.833444 -0.0189144 0.385363 -0.395612 0.021042
2 10 9
2 0.267489 0.108736 0.0801448 0.0125
11 0.265686 0.0886191 0.0906792 0.0125
10 0.269881 0.0686649 0.0957238 0.0125
9 0.274608 0.0482364 0.0848859 0.0125
4 0.120833 0.00743024 0.0114837 0.0125
1 -0.0962549 -0.000779277 0.0831285 0.0125
8 0.273147 0.0292553 0.0662712 0.0125
5 0.210637 0.0292324 0.0147042 0.0125
6 0.229555 0.026987 0.0315688 0.0125
7 0.261314 0.022635 0.0465339 0.0125
e_1_4 1 4 1 0.0125 0.0122884 0.00332545 0.0473065 0.276693 0.699324 0.409324 0.516566 0.228752
e_4_5 4 5 2 0.0125 0.165735 0.0183313 0.013094 0.510924 0.358773 0.594865 0.506333 0.092468
e_5_6 5 6 3 0.0125 0.220095 0.0281097 0.0231369 0.887206 0.141194 0.385554 0.210424 0.025442
e_6_7 6 7 4 0.0125 0.245434 0.0248112 0.0390512 0.775145 0.276865 0.460254 0.332661 0.035378
e_7_8 7 8 5 0.0125 0.267231 0.0259453 0.056403 0.955044 -0.143851 0.259205 0.00329079 0.023946
e_8_9 8 9 6 0.0125 0.273878 0.0387458 0.0755785 0.851456 -0.368625 -0.120592 -0.352982 0.026625
e_9_10 9 10 7 0.0125 0.272244 0.0584501 0.0903045 0.668857 -0.323819 -0.406902 -0.531227 0.023604
e_10_11 10 11 8 0.0125 0.267784 0.0786427 0.0932013 0.0934265 0.0433087 -0.786265 -0.609248 0.021005
e_11_2 11 2 9 0.0125 0.266588 0.0986775 0.085412 -0.243995 0.333481 -0.787401 -0.457445 0.022779
3 6 5
2 -0.185626 0.0396601 0.0114924 0.0125
7 -0.152379 0.0330535 0.0145703 0.0125
6 -0.110324 0.018228 0.0175134 0.0125
5 -0.0866195 0.00895112 0.0207645 0.0125
1 0.27967 -0.0877948 0.0122011 0.0125
4 0.0965534 -0.0910225 0.0431329 0.0125
e_1_4 1 4 1 0.0125 0.188111 -0.0894088 0.0276671 0.650443 -0.328568 -0.555677 0.400237 0.185739
e_4_5 4 5 2 0.0125 0.00496624 -0.0410356 0.0319483 0.545209 -0.668354 -0.326486 0.386597 0.209874
e_5_6 5 6 3 0.0125 -0.0984716 0.0135896 0.0191389 0.513161 -0.652763 -0.370449 0.416334 0.025661
e_6_7 6 7 4 0.0125 -0.131351 0.0256401 0.0160415 0.542491 -0.611401 -0.398888 0.415668 0.04469
e_7_2 7 2 5 0.0125 -0.169003 0.0363571 0.0130315 0.505556 -0.5872 -0.447682 0.446306 0.034035
4 6 5
2 -0.0825114 -0.190895 0.0735511 0.0125
7 -0.068822 -0.174356 0.0739385 0.0125
6 -0.0648609 -0.146597 0.0747837 0.0125
5 -0.0533024 -0.130623 0.0711242 0.0125
1 -0.0435097 0.285562 0.0123377 0.0125
4 -0.082424 0.190036 0.0125036 0.0125
e_1_4 1 4 1 0.0125 -0.0629674 0.237799 0.0124211 -0.550274 -0.341189 0.618698 -0.444973 0.103149
e_4_5 4 5 2 0.0125 -0.0678629 0.0297065 0.0418131 -0.328691 -0.325495 0.551809 -0.693918 0.327271
e_5_6 5 6 3 0.0125 -0.0590814 -0.13861 0.0729543 -0.714111 -0.342083 0.540127 -0.285111 0.020054
e_6_7 6 7 4 0.0125 -0.0668413 -0.160476 0.0743608 -0.40359 -0.32913 0.637754 -0.567502 0.028053
e_7_2 7 2 5 0.0125 -0.0756669 -0.182626 0.0737454 -0.646116 -0.330786 0.632137 -0.271141 0.021474
5 10 9
2 0.202648 0.266797 0.0114983 0.0125
11 0.188361 0.256237 0.0220121 0.0125
10 0.17784 0.234086 0.0251472 0.0125
9 0.173325 0.207688 0.0280287 0.0125
4 -0.0679573 -0.0292 0.109126 0.0125
1 -0.107944 -0.0302323 0.118882 0.0125
8 0.162031 0.169229 0.0298544 0.0125
5 0.120426 0.0853015 0.0138483 0.0125
6 0.155619 0.108833 0.0211236 0.0125
7 0.166221 0.136322 0.0264301 0.0125
e_1_4 1 4 1 0.0125 -0.0879502 -0.0297154 0.114004 0.552797 -0.368925 0.694525 -0.27558 0.041172
e_4_5 4 5 2 0.0125 0.0262342 0.0280514 0.0614872 0.483605 -0.72067 0.423081 -0.260314 0.240159
e_5_6 5 6 3 0.0125 0.138022 0.097067 0.0174858 0.735487 -0.491072 0.417334 -0.209141 0.042956
e_6_7 6 7 4 0.0125 0.16092 0.122577 0.0237775 0.753972 -0.630792 0.116062 -0.14198 0.029937
e_7_8 7 8 5 0.0125 0.164126 0.152776 0.0281421 0.73957 -0.654289 -0.143429 -0.0661147 0.033349
e_8_9 8 9 6 0.0125 0.167677 0.188458 0.0289417 0.676003 -0.720814 0.056396 -0.142362 0.040124
e_9_10 9 10 7 0.0125 0.175583 0.220887 0.0265879 0.656377 -0.74383 -0.0142336 -0.125235 0.026935
e_10_11 10 11 8 0.0125 0.1831 0.24516 0.0235794 0.638229 -0.738265 0.135485 -0.171092 0.024723
e_11_2 11 2 9 0.0125 0.195505 0.261517 0.0167555 0.427045 -0.799123 0.340671 -0.250954 0.020644
6 6 5
2 -0.150171 -0.276041 0.116665 0.0125
7 -0.133524 -0.262719 0.112763 0.0125
6 -0.121476 -0.245226 0.111803 0.0125
5 -0.109263 -0.228642 0.115436 0.0125
1 0.170833 0.0894512 0.0168645 0.0125
4 -0.0956185 -0.214013 0.117041 0.0125
e_1_4 1 4 1 0.0125 0.0376077 -0.0622807 0.0669531 -0.785036 -0.494506 0.367535 0.0640327 0.41608
e_4_5 4 5 2 0.0125 -0.102441 -0.221328 0.116238 -0.675688 -0.578813 0.452727 0.0588164 0.020069
e_5_6 5 6 3 0.0125 -0.115369 -0.236934 0.11362 -0.641838 -0.640147 0.420818 0.0341723 0.020913
e_6_7 6 7 4 0.0125 -0.1275 -0.253973 0.112282 -0.721954 -0.588315 0.362359 0.0369325 0.021263
e_7_2 7 2 5 0.0125 -0.141847 -0.269381 0.114713 -0.76264 -0.456862 0.448624 0.0916119 0.021675
7 9 8
2 0.388502 -0.0131578 0.155083 0.0125
10 0.376917 -0.00426543 0.141401 0.0125
9 0.362453 -0.00382115 0.127377 0.0125
4 0.259793 -0.00239347 0.0687333 0.0125
1 -0.0091162 0.196116 0.012506 0.0125
8 0.34712 -0.00124878 0.114744 0.0125
5 0.295689 -0.00396501 0.0799848 0.0125
6 0.314326 0.00161461 0.0910789 0.0125
7 0.33122 0.00240703 0.102238 0.0125
e_1_4 1 4 1 0.0125 0.125338 0.0968614 0.0406201 -0.023898 -0.531316 0.367092 -0.763136 0.338939
e_4_5 4 5 2 0.0125 0.277741 -0.00317907 0.0743595 0.334805 -0.527301 0.269333 -0.733021 0.037651
e_5_6 5 6 3 0.0125 0.305007 -0.00117578 0.085532 0.523525 -0.470206 0.176684 -0.688194 0.022395
e_6_7 6 7 4 0.0125 0.322774 0.0020102 0.096658 0.376265 -0.437523 0.182221 -0.796112 0.020262
e_7_8 7 8 5 0.0125 0.33917 0.000578825 0.108491 0.199924 -0.398313 0.192783 -0.874192 0.020557
e_8_9 8 9 6 0.0125 0.354787 -0.00253501 0.121061 0.233245 -0.391062 0.178191 -0.872304 0.020032
e_9_10 9 10 7 0.0125 0.369685 -0.00404362 0.13439 0.30135 -0.364357 0.138839 -0.870147 0.020152
e_10_2 10 2 8 0.0125 0.382709 -0.0087116 0.148243 -0.0777869 -0.334851 0.214528 -0.914222 0.020012
8 9 8
2 -0.014355 -0.142442 0.0175732 0.0125
10 -0.000532338 -0.138226 0.0322289 0.0125
9 0.0165886 -0.126314 0.0391217 0.0125
4 0.115942 0.0356601 0.0893709 0.0125
1 0.275398 0.21972 0.0114863 0.0125
8 0.0334952 -0.114396 0.0456221 0.0125
5 0.0858234 -0.0313218 0.0738817 0.0125
6 0.0684929 -0.0677107 0.065673 0.0125
7 0.0532964 -0.0994823 0.0585991 0.0125
e_1_4 1 4 1 0.0125 0.19567 0.12769 0.0504285 0.732798 0.242026 -0.537692 0.339584 0.255677
e_4_5 4 5 2 0.0125 0.100883 0.00216859 0.0816259 0.508227 0.383298 -0.675471 0.372191 0.075057
e_5_6 5 6 3 0.0125 0.0771589 -0.0495164 0.0697778 0.514835 0.375491 -0.677339 0.367646 0.041133
e_6_7 6 7 4 0.0125 0.0608944 -0.0835971 0.0621362 0.516162 0.374837 -0.67673 0.367574 0.035922
e_7_8 7 8 5 0.0125 0.0433965 -0.106939 0.0521106 0.476191 0.205012 -0.830583 0.203332 0.02798
e_8_9 8 9 6 0.0125 0.0250418 -0.120355 0.0423714 0.550233 0.189621 -0.783545 0.217588 0.021683
e_9_10 9 10 7 0.0125 0.00802805 -0.13227 0.0356748 0.545242 0.187698 -0.78845 0.214072 0.021966
e_10_2 10 2 8 0.0125 -0.00744369 -0.140334 0.0249011 0.372189 0.0925475 -0.920574 0.0738442 0.020582
9 10 9
2 0.0336087 0.168535 0.107602 0.0125
11 0.0383854 0.153484 0.095273 0.0125
10 0.041676 0.138832 0.0820407 0.0125
9 0.0456043 0.124833 0.0680107 0.0125
4 -0.126948 0.0226073 0.069357 0.0125
1 -0.305442 0.00543217 0.0675771 0.0125
8 0.0589057 0.114916 0.0558472 0.0125
5 0.00926689 0.0480001 0.0604521 0.0125
6 0.042444 0.0717107 0.0361555 0.0125
7 0.0585625 0.0925721 0.0412811 0.0125
e_1_4 1 4 1 0.0125 -0.216195 0.0140195 0.0684674 0.2646 -0.675083 0.198239 -0.659508 0.179328
e_4_5 4 5 2 0.0125 -0.0588409 0.0353035 0.064905 0.273021 -0.710839 0.16363 -0.62721 0.138847
e_5_6 5 6 3 0.0125 0.0258556 0.0598558 0.0483038 0.275687 -0.869088 -0.02477 -0.409963 0.047469
e_6_7 6 7 4 0.0125 0.0505038 0.0821417 0.0387186 0.57075 -0.633999 -0.0510757 -0.519308 0.026856
e_7_8 7 8 5 0.0125 0.0587344 0.103744 0.0485638 0.785046 -0.428632 -0.207967 -0.395888 0.026675
e_8_9 8 9 6 0.0125 0.0522553 0.119874 0.0619286 0.88156 -0.211823 -0.399371 -0.135965 0.020573
e_9_10 9 10 7 0.0125 0.0436398 0.131833 0.075026 0.848315 -0.305896 -0.243392 -0.357141 0.020205
e_10_11 10 11 8 0.0125 0.0400304 0.146158 0.0886565 0.837329 -0.333413 -0.241426 -0.359763 0.020015
e_11_2 11 2 9 0.0125 0.0359969 0.16101 0.101437 0.839741 -0.343259 -0.272868 -0.320236 0.020032
10 8 7
2 -0.100365 0.265926 0.0124855 0.0125
9 -0.0911148 0.260352 0.0293437 0.0125
4 -0.0351365 0.248494 0.113086 0.0125
1 0.288984 0.0741086 0.127228 0.0125
8 -0.082886 0.256212 0.0472198 0.0125
5 -0.0551102 0.253942 0.107351 0.0125
6 -0.0657452 0.260198 0.0870443 0.0125
7 -0.0826857 0.258426 0.0673819 0.0125
e_1_4 1 4 1 0.0125 0.126924 0.161301 0.120157 0.0574268 -0.660638 0.287672 0.691017 0.368326
e_4_5 4 5 2 0.0125 -0.0451231 0.251217 0.110219 -0.574298 -0.0443527 0.794665 0.191629 0.021483
e_5_6 5 6 3 0.0125 -0.0604271 0.25707 0.097198 -0.143022 -0.444641 0.854165 0.228563 0.023762
e_6_7 6 7 4 0.0125 -0.0742155 0.259311 0.0772136 -0.348283 -0.171914 0.921064 0.0280303 0.026014
e_7_8 7 8 5 0.0125 -0.0827857 0.257319 0.057301 -0.0253434 -0.379496 0.923564 -0.048682 0.020285
e_8_9 8 9 6 0.0125 -0.0870002 0.258282 0.0382819 -0.14292 -0.425377 0.873792 0.187391 0.02011
e_9_2 9 2 7 0.0125 -0.0957396 0.26314 0.0209152 -0.144912 -0.448837 0.848273 0.240789 0.02002
11 9 8
2 -0.0668505 0.0880064 0.0551658 0.0125
10 -0.0440265 0.0855995 0.0576562 0.0125
9 -0.0214143 0.0832157 0.0601272 0.0125
4 0.106421 0.124614 0.0742912 0.0125
1 0.364273 0.275957 0.0159161 0.0125
8 0.00655228 0.0798009 0.0602039 0.0125
5 0.0803656 0.0995342 0.070528 0.0125
6 0.0617532 0.0848451 0.0745908 0.0125
7 0.0376526 0.0753971 0.0754637 0.0125
e_1_4 1 4 1 0.0125 0.235347 0.200285 0.0451036 -0.51201 -0.623771 0.122868 0.577632 0.304631
e_4_5 4 5 2 0.0125 0.0933925 0.112074 0.0724094 -0.472332 -0.742694 0.0124892 0.474502 0.036359
e_5_6 5 6 3 0.0125 0.0710592 0.09219 0.0725591 -0.674876 -0.590279 0.259094 0.359141 0.024056
e_6_7 6 7 4 0.0125 0.0497029 0.0801214 0.0750276 0.192991 -0.555279 -0.418099 0.692541 0.025901
e_7_8 7 8 5 0.0125 0.0221029 0.0775995 0.067834 0.456509 -0.529936 -0.661563 0.270373 0.034921
e_8_9 8 9 6 0.0125 -0.00743171 0.0815084 0.0601655 0.698671 -0.186964 -0.682927 0.102542 0.028175
e_9_10 9 10 7 0.0125 -0.0327204 0.0844073 0.0588913 0.638168 -0.292632 -0.684402 0.196727 0.022871
e_10_2 10 2 8 0.0125 -0.0554385 0.0868026 0.0564106 0.638307 -0.29242 -0.684412 0.196555 0.023085
12 10 9
2 0.0969084 -0.0569907 0.0824623 0.0125
11 0.112405 -0.0472476 0.0737103 0.0125
10 0.127621 -0.031212 0.0711677 0.0125
9 0.151984 -0.0204055 0.0602603 0.0125
4 0.140302 0.197341 0.0730149 0.0125
1 0.00573733 0.287482 0.014729 0.0125
8 0.170235 0.00709025 0.0657719 0.0125
5 0.192879 0.12283 0.0992169 0.0125
6 0.195969 0.0597092 0.0845645 0.0125
7 0.187045 0.0248144 0.0739875 0.0125
e_1_4 1 4 1 0.0125 0.0730199 0.242412 0.043872 0.788836 0.181928 0.545525 -0.216891 0.172134
e_4_5 4 5 2 0.0125 0.166591 0.160086 0.0861165 0.737822 0.321125 0.508732 -0.306088 0.094884
e_5_6 5 6 3 0.0125 0.194425 0.0912691 0.091891 0.424554 0.505633 0.59772 -0.454775 0.064872
e_6_7 6 7 4 0.0125 0.191507 0.0422619 0.0792761 0.326255 0.588632 0.542578 -0.502673 0.03754
e_7_8 7 8 5 0.0125 0.17864 0.0159519 0.0698795 0.169555 0.705861 0.40143 -0.558449 0.025772
e_8_9 8 9 6 0.0125 0.16111 -0.00665811 0.0630162 0.363845 0.706761 0.287847 -0.534089 0.033459
e_9_10 9 10 7 0.0125 0.139803 -0.0258083 0.0657139 0.8262 0.275367 -0.484553 -0.0823058 0.028798
e_10_11 10 11 8 0.0125 0.120013 -0.0392293 0.0724386 0.617199 0.656782 -0.107306 -0.419749 0.022251
e_11_2 11 2 9 0.0125 0.104657 -0.0521197 0.0780859 0.830278 0.365116 -0.388602 -0.162227 0.02029
