12
1 8 7
2 0.0526661 -0.0383258 0.0114819 0.0125
9 0.0498068 -0.0204795 0.0232128 0.0125
4 0.043644 0.198621 0.180408 0.0125
1 -0.00712189 0.379865 0.236964 0.0125
8 0.0448764 -0.00100209 0.0265345 0.0125
5 0.0689614 0.126029 0.094725 0.0125
6 0.0561198 0.0518025 0.0521342 0.0125
7 0.0530599 0.0327452 0.0409888 0.0125
e_1_4 1 4 1 0.0125 0.0182611 0.289242 0.208686 -0.527808 -0.582426 -0.551965 0.278449 0.196533
e_4_5 4 5 2 0.0125 0.0563027 0.162325 0.137567 -0.195678 -0.225179 -0.906339 0.299257 0.115117
e_5_6 5 6 3 0.0125 0.0625411 0.088916 0.0734291 0.180249 0.166943 -0.847477 0.470557 0.086537
e_6_7 6 7 4 0.0125 0.0545898 0.0422739 0.046561 0.162059 0.147277 -0.853423 0.472986 0.022288
e_7_8 7 8 5 0.0125 0.0489676 0.0158711 0.0337616 0.339456 0.339578 -0.759493 0.438893 0.037613
e_8_9 8 9 6 0.0125 0.0473421 -0.0107413 0.0248732 -0.634171 -0.68786 -0.329247 0.127561 0.020364
e_9_2 9 2 7 0.0125 0.0512365 -0.0294021 0.0173469 -0.201817 -0.240925 -0.845088 0.432495 0.021547
2 7 6
2 -0.13389 0.0261876 0.0256907 0.0125
4 -0.255895 0.16584 0.15734 0.0125
1 -0.397385 0.3776 0.244294 0.0125
8 -0.151077 0.0372034 0.0462358 0.0125
5 -0.188115 0.0837016 0.100619 0.0125
6 -0.175524 0.0680077 0.0880486 0.0125
7 -0.167297 0.0558964 0.0701336 0.0125
e_1_4 1 4 1 0.0125 -0.32664 0.27172 0.200818 0.581083 0.697278 0.418762 0.0280285 0.269116
e_4_5 4 5 2 0.0125 -0.222005 0.124771 0.12898 0.514699 0.655329 0.552809 -0.00557545 0.120656
e_5_6 5 6 3 0.0125 -0.18182 0.0758545 0.0943342 0.480527 0.749048 0.451491 0.0646298 0.023725
e_6_7 6 7 4 0.0125 -0.17141 0.0619515 0.0790916 -0.193577 -0.0164605 -0.941747 0.274536 0.023137
e_7_8 7 8 5 0.0125 -0.159187 0.0465495 0.0581848 -0.216418 0.117237 -0.913 0.325346 0.034403
e_8_2 8 2 6 0.0125 -0.142484 0.0316956 0.0359639 -0.178055 -0.921233 0.0775743 -0.337059 0.028963
3 8 7
2 0.105958 -0.144607 0.198077 0.0125
9 0.094149 -0.146624 0.181328 0.0125
4 -0.11641 -0.00788471 0.0417479 0.0125
1 -0.297037 0.0229584 0.034062 0.0125
8 0.0798087 -0.147835 0.165707 0.0125
5 -0.00293323 -0.0663502 0.103422 0.0125
6 0.0490613 -0.113695 0.13688 0.0125
7 0.0643427 -0.129651 0.145062 0.0125
e_1_4 1 4 1 0.0125 -0.206724 0.00753733 0.037905 0.462718 -0.448925 0.526795 -0.553937 0.183403
e_4_5 4 5 2 0.0125 -0.0596718 -0.0371175 0.072585 0.480429 -0.251063 0.46846 -0.69764 0.141771
e_5_6 5 6 3 0.0125 0.0230641 -0.0900228 0.120151 0.414977 -0.167542 0.507061 -0.736622 0.077874
e_6_7 6 7 4 0.0125 0.0567015 -0.121673 0.140971 0.373429 -0.164171 0.547182 -0.730883 0.02356
e_7_8 7 8 5 0.0125 0.0720752 -0.138743 0.155384 0.460474 -0.071932 0.409569 -0.784247 0.031561
e_8_9 8 9 6 0.0125 0.0869784 -0.14723 0.173518 0.659316 -0.277671 0.234876 -0.658054 0.02124
e_9_2 9 2 7 0.0125 0.100054 -0.145615 0.189703 0.683329 -0.246633 0.180278 -0.663124 0.020592
4 10 9
2 -0.216731 -0.153792 0.0190542 0.0125
11 -0.20269 -0.140304 0.0144205 0.0125
10 -0.188298 -0.126444 0.0127046 0.0125
9 -0.173154 -0.11282 0.0138134 0.0125
4 -0.0767806 0.257187 0.0189864 0.0125
1 -0.0803806 0.288503 0.041141 0.0125
8 -0.159109 -0.0978393 0.0126844 0.0125
5 -0.074516 0.0974594 0.04182 0.0125
6 -0.101277 0.0515002 0.0221811 0.0125
7 -0.144843 -0.0828899 0.0114942 0.0125
e_1_4 1 4 1 0.0125 -0.0785801 0.272845 0.0300641 -0.286743 -0.469044 -0.753327 0.360936 0.038529
e_4_5 4 5 2 0.0125 -0.0756486 0.177323 0.0304035 -0.615339 -0.528192 -0.387636 0.438303 0.161368
e_5_6 5 6 3 0.0125 -0.0878972 0.0744798 0.0320001 0.0419687 -0.359706 -0.73744 0.570116 0.056692
e_6_7 6 7 4 0.0125 -0.123061 -0.0156945 0.0168375 -0.240501 -0.458248 -0.572471 0.63596 0.141679
e_7_8 7 8 5 0.0125 -0.151976 -0.0903643 0.0120897 0.291338 -0.235233 -0.644928 0.666224 0.020698
e_8_9 8 9 6 0.0125 -0.166131 -0.105329 0.0132492 0.278309 -0.24211 -0.643366 0.670826 0.020566
e_9_10 9 10 7 0.0125 -0.180726 -0.119631 0.0132591 0.370301 -0.193293 -0.699875 0.579388 0.0204
e_10_11 10 11 8 0.0125 -0.195494 -0.133373 0.0135625 0.356881 -0.198917 -0.646257 0.644531 0.020056
e_11_2 11 2 9 0.0125 -0.209711 -0.147048 0.0167369 0.386041 -0.177916 -0.593784 0.683182 0.020013
5 9 8
2 -0.0722121 -0.316074 0.211897 0.0125
10 -0.0681495 -0.296495 0.211415 0.0125
9 -0.0682429 -0.278681 0.202263 0.0125
4 0.0213868 0.00673831 0.0580138 0.0125
1 0.112129 0.0688182 0.0826539 0.0125
8 -0.0661808 -0.26122 0.190724 0.0125
5 -0.0290199 -0.136774 0.0933429 0.0125
6 -0.033425 -0.199625 0.161713 0.0125
7 -0.0574407 -0.237148 0.187088 0.0125
e_1_4 1 4 1 0.0125 0.066758 0.0377788 0.0703335 0.606169 0.584515 -0.517386 -0.152358 0.112673
e_4_5 4 5 2 0.0125 -0.00381695 -0.0650175 0.075678 0.768287 0.615604 -0.088939 -0.151182 0.156157
e_5_6 5 6 3 0.0125 -0.0312228 -0.1682 0.127528 0.930614 0.363623 -0.00961159 -0.0405433 0.092973
e_6_7 6 7 4 0.0125 -0.0454329 -0.218387 0.1744 0.861177 0.445552 -0.232403 -0.0764604 0.051272
e_7_8 7 8 5 0.0125 -0.0618105 -0.249184 0.188906 0.736315 0.650476 -0.0813471 -0.16764 0.025866
e_8_9 8 9 6 0.0125 -0.0672115 -0.26995 0.196493 0.87555 0.474966 -0.00824316 -0.0880424 0.02103
e_9_10 9 10 7 0.0125 -0.0681959 -0.287588 0.206839 0.846749 0.516568 0.0682345 -0.10732 0.020029
e_10_2 10 2 8 0.0125 -0.0701808 -0.306285 0.211657 0.68958 0.697036 0.0458821 -0.191087 0.020002
6 6 5
2 -0.0213283 0.270102 0.0146189 0.0125
7 -0.0325061 0.255473 0.0244543 0.0125
6 -0.0436423 0.239168 0.0359997 0.0125
5 -0.0625367 0.191714 0.0518291 0.0125
1 -0.0986362 -0.203322 0.119506 0.0125
4 -0.0975164 -0.177553 0.110929 0.0125
e_1_4 1 4 1 0.0125 -0.0980766 -0.190438 0.115217 -0.346344 0.508093 0.632159 0.471448 0.027182
e_4_5 4 5 2 0.0125 -0.0800265 0.0070805 0.0813788 -0.384143 0.506015 0.567999 0.523222 0.375599
e_5_6 5 6 3 0.0125 -0.0530898 0.215441 0.0439141 -0.22226 0.556277 0.581863 0.550083 0.053473
e_6_7 6 7 4 0.0125 -0.0380739 0.24732 0.0302272 -0.0636173 0.57676 0.647852 0.493546 0.022873
e_7_2 7 2 5 0.0125 -0.0269175 0.262788 0.0195363 -0.0485351 0.582702 0.629343 0.511889 0.020873
7 7 6
2 0.0759312 -0.0735261 0.0186568 0.0125
4 0.0265904 0.13599 0.128947 0.0125
1 -0.0311106 0.349822 0.239382 0.0125
8 0.0675135 -0.063794 0.0366153 0.0125
5 0.044475 0.0863838 0.114298 0.0125
6 0.0536927 -0.0267697 0.0712687 0.0125
7 0.0601481 -0.053362 0.0552025 0.0125
e_1_4 1 4 1 0.0125 -0.00226036 0.242906 0.184165 -0.0386682 -0.281269 0.802498 -0.524776 0.247487
e_4_5 4 5 2 0.0125 0.0355332 0.111187 0.121622 0.105933 -0.134755 0.78465 -0.595771 0.054728
e_5_6 5 6 3 0.0125 0.049084 0.0298075 0.0927828 -0.266126 -0.443217 0.693373 -0.501966 0.121409
e_6_7 6 7 4 0.0125 0.05692 -0.0400653 0.0632359 -0.0639064 -0.311517 0.810004 -0.492713 0.031733
e_7_8 7 8 5 0.0125 0.0638308 -0.058578 0.0459089 0.104902 -0.239154 0.924616 -0.277285 0.022551
e_8_2 8 2 6 0.0125 0.0717228 -0.06866 0.0276363 0.145192 -0.206386 0.929428 -0.269234 0.022093
8 7 6
2 -0.385485 0.150557 0.021908 0.0125
4 0.0040304 -0.0656637 0.146755 0.0125
1 0.0148918 -0.0842775 0.142694 0.0125
8 -0.359664 0.144452 0.0114948 0.0125
5 -0.105879 0.000953926 0.127787 0.0125
6 -0.308584 0.108373 0.0168044 0.0125
7 -0.335387 0.117825 0.0123683 0.0125
e_1_4 1 4 1 0.0125 0.00946141 -0.074971 0.144725 -0.498018 0.601952 -0.212281 -0.587 0.02193
e_4_5 4 5 2 0.0125 -0.0509238 -0.0323545 0.137271 -0.124277 0.71015 -0.262083 -0.641526 0.129915
e_5_6 5 6 3 0.0125 -0.207232 0.0546637 0.0722962 -0.0656956 0.791894 -0.301083 -0.527197 0.254844
e_6_7 6 7 4 0.0125 -0.321985 0.113099 0.0145863 0.0114988 0.711856 -0.265276 -0.650198 0.028765
e_7_8 7 8 5 0.0125 -0.347526 0.131139 0.0119316 -0.325134 0.672882 -0.243602 -0.618204 0.036044
e_8_2 8 2 6 0.0125 -0.372574 0.147504 0.0167014 0.0870541 0.531505 -0.186646 -0.821637 0.028503
9 9 8
2 -0.180247 0.0991169 0.158907 0.0125
10 -0.162727 0.0959715 0.149747 0.0125
9 -0.144649 0.0878155 0.147071 0.0125
4 -0.044691 0.0244771 0.0978847 0.0125
1 0.189169 -0.202778 0.0707247 0.0125
8 -0.129577 0.0785364 0.137692 0.0125
5 -0.0570831 0.0426417 0.0970329 0.0125
6 -0.0938049 0.060715 0.118513 0.0125
7 -0.112699 0.0680804 0.127697 0.0125
e_1_4 1 4 1 0.0125 0.0722389 -0.089151 0.0843047 0.733146 -0.428427 -0.524357 -0.063223 0.32722
e_4_5 4 5 2 0.0125 -0.0508873 0.0335594 0.0974593 0.687506 -0.537933 -0.479544 -0.0894527 0.022006
e_5_6 5 6 3 0.0125 -0.0754447 0.0516784 0.107773 0.855564 -0.218061 -0.469145 -0.0190538 0.046223
e_6_7 6 7 4 0.0125 -0.103251 0.0643977 0.123105 0.840325 -0.190043 -0.507553 -0.0113176 0.022261
e_7_8 7 8 5 0.0125 -0.121138 0.0733085 0.132695 0.850873 -0.260864 -0.455106 -0.0290421 0.022229
e_8_9 8 9 6 0.0125 -0.137113 0.0831755 0.142381 0.856335 -0.255732 -0.447766 -0.0282203 0.020031
e_9_10 9 10 7 0.0125 -0.153688 0.0918935 0.148409 0.752604 -0.253618 -0.6073 -0.0212505 0.020013
e_10_2 10 2 8 0.0125 -0.171488 0.0975447 0.154327 0.853646 -0.0974809 -0.51157 0.00909662 0.020019
10 8 7
2 0.26923 0.137233 0.107631 0.0125
9 0.247607 0.156866 0.127063 0.0125
4 -0.0721805 0.0268593 0.0235748 0.0125
1 -0.0771841 0.00193521 0.0114946 0.0125
8 0.213388 0.165171 0.129843 0.0125
5 -0.0186762 0.0908457 0.141578 0.0125
6 0.0857758 0.142844 0.172088 0.0125
7 0.107095 0.148358 0.164888 0.0125
e_1_4 1 4 1 0.0125 -0.0746818 0.0143971 0.0175342 0.69597 -0.371538 0.383872 0.479821 0.028145
e_4_5 4 5 2 0.0125 -0.0454284 0.0588525 0.0825763 0.858346 -0.124806 0.275902 0.414178 0.144505
e_5_6 5 6 3 0.0125 0.0335493 0.116845 0.156834 0.724093 -0.0282098 0.610504 0.319655 0.120603
e_6_7 6 7 4 0.0125 0.0964358 0.145601 0.168488 0.551504 0.0780762 0.805791 0.201115 0.023167
e_7_8 7 8 5 0.0125 0.160241 0.156765 0.147367 0.55926 0.124557 0.799567 0.18002 0.113178
e_8_9 8 9 6 0.0125 0.230497 0.161018 0.128453 0.666746 0.303579 0.668726 0.126869 0.035322
e_9_2 9 2 7 0.0125 0.258419 0.147049 0.117347 0.468794 0.509334 0.719413 -0.0570558 0.03508
11 7 6
2 0.291844 0.315127 0.21479 0.0125
4 0.0764357 -0.00631597 0.108825 0.0125
1 0.0285114 -0.061168 0.113366 0.0125
8 0.268535 0.301822 0.215082 0.0125
5 0.207748 0.188 0.111625 0.0125
6 0.226684 0.220673 0.143792 0.0125
7 0.260525 0.286514 0.204786 0.0125
e_1_4 1 4 1 0.0125 0.0524739 -0.0337424 0.111096 0.624702 -0.697044 0.212684 -0.280432 0.07298
e_4_5 4 5 2 0.0125 0.142091 0.0908422 0.110225 0.662746 -0.685531 0.155172 -0.258333 0.23454
e_5_6 5 6 3 0.0125 0.217216 0.204336 0.127708 0.878841 -0.403883 0.112538 -0.227711 0.049607
e_6_7 6 7 4 0.0125 0.243605 0.253593 0.174289 0.876781 -0.415735 0.096022 -0.221808 0.09592
e_7_8 7 8 5 0.0125 0.26453 0.294167 0.209934 0.838413 -0.482725 0.104901 -0.230295 0.020112
e_8_2 8 2 6 0.0125 0.28019 0.308475 0.214936 0.617099 -0.605387 0.37275 -0.337273 0.026841
12 10 9
2 0.0446254 -0.176427 0.151621 0.0125
11 0.038985 -0.155734 0.149774 0.0125
10 0.0416048 -0.135383 0.157081 0.0125
9 0.0436255 -0.115278 0.163037 0.0125
4 0.0702765 0.149927 0.193249 0.0125
1 -0.0537475 0.247029 0.190709 0.0125
8 0.0413141 -0.0958912 0.170491 0.0125
5 0.0777893 0.111192 0.194864 0.0125
6 0.0303295 -0.0468653 0.182886 0.0125
7 0.0388958 -0.0751459 0.178488 0.0125
e_1_4 1 4 1 0.0125 0.00826494 0.198478 0.191979 0.712528 0.447085 0.540417 0.0191884 0.157535
e_4_5 4 5 2 0.0125 0.0740329 0.130559 0.194057 0.719955 0.686844 0.0883395 0.0459008 0.03949
e_5_6 5 6 3 0.0125 0.0540594 0.0321635 0.188875 0.678239 0.679397 -0.273159 0.0616015 0.165463
e_6_7 6 7 4 0.0125 0.0346132 -0.0610055 0.180687 0.651852 0.736518 0.176499 0.0384574 0.029875
e_7_8 7 8 5 0.0125 0.0401044 -0.0855181 0.174489 0.565187 0.823173 0.0343275 0.0420938 0.022364
e_8_9 8 9 6 0.0125 0.0424698 -0.105584 0.166764 0.565596 0.822794 0.0367174 0.0419911 0.020899
e_9_10 9 10 7 0.0125 0.0426157 -0.12533 0.160059 0.59656 0.786743 -0.149647 0.0525058 0.021065
e_10_11 10 11 8 0.0125 0.0402953 -0.145558 0.153428 0.573987 0.79749 -0.178201 0.0528492 0.021782
e_11_2 11 2 9 0.0125 0.0418051 -0.16608 0.150698 0.735509 0.661727 0.138637 0.0438607 0.021527
