12
1 10 9
2 0.168727 0.0143631 0.0242585 0.0125
11 0.149519 0.0185552 0.0288651 0.0125
10 0.127367 0.0102409 0.0305121 0.0125
9 0.101213 0.00162001 0.0154087 0.0125
4 -0.112463 0.0443134 0.0114917 0.0125
1 -0.3033 -0.00118533 0.0510911 0.0125
8 0.0812423 0.00868117 0.0146324 0.0125
5 -0.0657768 0.0409122 0.0115844 0.0125
6 0.0261714 0.0401674 0.0180965 0.0125
7 0.060908 0.0260374 0.0169343 0.0125
e_1_4 1 4 1 0.0125 -0.207881 0.021564 0.0312914 0.497092 -0.607313 0.479686 -0.392392 0.200142
e_4_5 4 5 2 0.0125 -0.08912 0.0426133 0.0115382 0.532276 -0.425804 0.563649 -0.466554 0.04681
e_5_6 5 6 3 0.0125 -0.0198027 0.0405397 0.014841 0.578576 -0.412877 0.542408 -0.447856 0.092182
e_6_7 6 7 4 0.0125 0.0435397 0.0331028 0.017516 0.449625 -0.33294 0.63612 -0.531356 0.037518
e_7_8 7 8 5 0.0125 0.0710756 0.0173592 0.0157838 0.339186 -0.244817 0.694946 -0.584865 0.026834
e_8_9 8 9 6 0.0125 0.0912281 0.00515009 0.0150205 0.500054 -0.310036 0.620942 -0.517933 0.021196
e_9_10 9 10 7 0.0125 0.11429 0.00593005 0.0229598 0.800172 -0.32628 0.391303 -0.316461 0.031408
e_10_11 10 11 8 0.0125 0.138443 0.0143981 0.0296881 0.578512 -0.580636 0.444486 -0.36141 0.023718
e_11_2 11 2 9 0.0125 0.159123 0.0164592 0.0265618 0.375267 -0.509216 0.595623 -0.495083 0.020191
2 8 7
2 -0.0830858 -0.198667 0.0119157 0.0125
9 -0.0889455 -0.174849 0.0114993 0.0125
4 0.0576699 -0.0435898 0.0115189 0.0125
1 0.296525 -0.0643989 0.082795 0.0125
8 -0.0838705 -0.149002 0.0182776 0.0125
5 -0.00201653 -0.0494173 0.0115012 0.0125
6 -0.0474569 -0.086579 0.0256341 0.0125
7 -0.0827655 -0.123014 0.0257138 0.0125
e_1_4 1 4 1 0.0125 0.177098 -0.0539939 0.0471569 -0.422139 0.614639 0.514487 -0.423463 0.250131
e_4_5 4 5 2 0.0125 0.0278267 -0.0465036 0.0115101 -0.427235 0.519286 0.480093 -0.563314 0.05997
e_5_6 5 6 3 0.0125 -0.0247368 -0.0679988 0.0185671 -0.22345 0.347808 0.511855 -0.753063 0.060379
e_6_7 6 7 4 0.0125 -0.0651113 -0.104797 0.0256733 -0.125456 0.393961 0.586519 -0.696456 0.050737
e_7_8 7 8 5 0.0125 -0.0833187 -0.136008 0.0219958 0.252816 0.365716 0.709716 -0.546479 0.027053
e_8_9 8 9 6 0.0125 -0.086408 -0.161925 0.0148884 0.181928 0.375676 0.695325 -0.585058 0.027199
e_9_2 9 2 7 0.0125 -0.086016 -0.186758 0.011708 0.377896 0.218739 0.666076 -0.604723 0.024532
3 11 10
2 -0.273225 0.0666998 0.0117205 0.0125
12 -0.261807 0.0598873 0.0266681 0.0125
11 -0.243837 0.0638915 0.0345244 0.0125
10 -0.225194 0.0679164 0.0406612 0.0125
9 -0.206918 0.0743843 0.0340991 0.0125
4 -0.0344897 -0.00458161 0.0363803 0.0125
1 0.106197 -0.130246 0.0336402 0.0125
8 -0.192451 0.0883822 0.0356516 0.0125
5 -0.101854 0.0808224 0.034839 0.0125
6 -0.129897 0.101616 0.0273384 0.0125
7 -0.169201 0.100547 0.0310478 0.0125
e_1_4 1 4 1 0.0125 0.0358535 -0.0674136 0.0350098 0.46265 -0.701784 0.0154524 0.541493 0.188658
e_4_5 4 5 2 0.0125 -0.0681717 0.0381207 0.0356094 0.514314 -0.709771 0.0575168 0.477911 0.108785
e_5_6 5 6 3 0.0125 -0.115875 0.0912189 0.031089 0.306243 -0.771376 0.100114 0.54879 0.035707
e_6_7 6 7 4 0.0125 -0.149549 0.101082 0.0291926 0.044118 -0.670542 -0.0583972 0.738252 0.039494
e_7_8 7 8 5 0.0125 -0.180826 0.0944651 0.0333494 -0.526964 -0.618615 0.17579 0.555628 0.026642
e_8_9 8 9 6 0.0125 -0.199685 0.0813833 0.0348749 -0.67822 -0.478708 0.556141 -0.0395377 0.020189
e_9_10 9 10 7 0.0125 -0.216056 0.0711504 0.0373802 0.00902865 -0.547239 -0.20054 0.812547 0.020468
e_10_11 10 11 8 0.0125 -0.234516 0.0659044 0.037593 -0.313406 -0.759584 0.276006 0.498628 0.020036
e_11_12 11 12 9 0.0125 -0.252822 0.061889 0.0305957 -0.318044 -0.769885 0.321764 0.450103 0.020017
e_12_2 12 2 10 0.0125 -0.267515 0.0632938 0.0191945 0.0442084 -0.855956 0.37541 0.352777 0.020005
4 8 7
2 -0.0369018 -0.232366 0.0171266 0.0125
9 -0.0197114 -0.219469 0.0146557 0.0125
4 0.149986 0.0934965 0.133635 0.0125
1 0.141756 0.181719 0.181929 0.0125
8 -0.00376963 -0.19953 0.0171368 0.0125
5 0.0453111 -0.113654 0.0495701 0.0125
6 0.0277137 -0.157596 0.0335648 0.0125
7 0.00976829 -0.183062 0.0234012 0.0125
e_1_4 1 4 1 0.0125 0.145871 0.137607 0.157781 0.510251 0.858461 0.0483287 0.0187719 0.100913
e_4_5 4 5 2 0.0125 0.0976478 -0.0100791 0.0916022 0.571961 0.760535 -0.303089 -0.0508383 0.246849
e_5_6 5 6 3 0.0125 0.0365129 -0.135625 0.0415675 0.581553 0.773416 -0.248971 -0.0404689 0.049968
e_6_7 6 7 4 0.0125 0.0187405 -0.170329 0.0284823 0.583372 0.711045 -0.386633 -0.0678767 0.032769
e_7_8 7 8 5 0.0125 0.00299882 -0.191295 0.0202696 0.594334 0.678032 -0.425725 -0.0761427 0.022219
e_8_9 8 9 6 0.0125 -0.0117405 -0.2095 0.0158962 0.668062 0.625171 -0.396905 -0.072948 0.025649
e_9_2 9 2 7 0.0125 -0.0283066 -0.225918 0.0158916 0.740606 0.462542 -0.47846 -0.0929194 0.021632
5 9 8
2 -0.185856 -0.157686 0.0124606 0.0125
10 -0.192175 -0.154242 0.0311891 0.0125
9 -0.194882 -0.13786 0.0429245 0.0125
4 -0.0957732 -0.0429714 0.0696027 0.0125
1 0.141245 0.159436 0.0296747 0.0125
8 -0.184348 -0.122784 0.0515322 0.0125
5 -0.118252 -0.0631701 0.0718726 0.0125
6 -0.161853 -0.0927282 0.0704044 0.0125
7 -0.174089 -0.107618 0.0601791 0.0125
e_1_4 1 4 1 0.0125 0.0227364 0.0582318 0.0496392 0.697866 0.213719 -0.625133 0.276616 0.31423
e_4_5 4 5 2 0.0125 -0.107012 -0.0530711 0.0707376 0.677663 0.227194 -0.641048 0.279665 0.030305
e_5_6 5 6 3 0.0125 -0.140053 -0.0779488 0.0711391 0.656652 0.179489 -0.694051 0.234276 0.052697
e_6_7 6 7 4 0.0125 -0.167971 -0.100173 0.0652918 0.446252 0.301032 -0.802331 0.257883 0.021817
e_7_8 7 8 5 0.0125 -0.179219 -0.115201 0.0558554 0.45153 0.336023 -0.774979 0.28743 0.020249
e_8_9 8 9 6 0.0125 -0.189615 -0.130322 0.0472289 0.455209 0.330631 -0.776292 0.284323 0.020306
e_9_10 9 10 7 0.0125 -0.193529 -0.14605 0.0370568 0.227096 0.558612 -0.690329 0.399782 0.020333
e_10_2 10 2 8 0.0125 -0.189016 -0.155963 0.0218248 -0.117954 0.354218 -0.9172 0.139142 0.020063
6 6 5
2 -0.130102 0.0553565 0.0343255 0.0125
7 -0.0914721 0.0261369 0.0675867 0.0125
6 -0.0754703 0.0122643 0.0769358 0.0125
5 -0.0501592 -5.37517e-05 0.0871061 0.0125
1 0.191801 -0.288289 0.0215862 0.0125
4 -0.0321932 -0.049204 0.093571 0.0125
e_1_4 1 4 1 0.0125 0.0798039 -0.168746 0.0575789 0.155841 0.328341 -0.533751 -0.763555 0.335435
e_4_5 4 5 2 0.0125 -0.041177 -0.0246292 0.0903384 -0.299831 0.54789 -0.510997 -0.590593 0.052728
e_5_6 5 6 3 0.0125 -0.0628145 0.00610509 0.0820203 0.162463 0.604622 -0.551667 -0.551091 0.02993
e_6_7 6 7 4 0.0125 -0.0834709 0.0192008 0.0722609 0.000399803 0.632647 -0.549247 -0.545971 0.02315
e_7_2 7 2 5 0.0125 -0.110787 0.040747 0.0509559 0.00420126 0.700903 -0.540167 -0.465765 0.058757
7 9 8
2 0.340623 -0.274592 0.0145953 0.0125
10 0.324577 -0.262186 0.0133405 0.0125
9 0.307353 -0.249342 0.0114886 0.0125
4 0.09266 0.0267666 0.160316 0.0125
1 0.0571592 0.0402552 0.193277 0.0125
8 0.282002 -0.242468 0.0153898 0.0125
5 0.139349 -0.0427787 0.0694702 0.0125
6 0.244138 -0.21789 0.0115305 0.0125
7 0.265701 -0.229721 0.0120036 0.0125
e_1_4 1 4 1 0.0125 0.0749096 0.0335114 0.176797 0.290304 -0.381808 0.825808 -0.296625 0.050286
e_4_5 4 5 2 0.0125 0.116005 -0.00800598 0.114893 0.0827288 -0.329765 0.871116 -0.354356 0.123569
e_5_6 5 6 3 0.0125 0.191744 -0.130334 0.0405007 0.141823 -0.237135 0.761795 -0.585937 0.212135
e_6_7 6 7 4 0.0125 0.25492 -0.223805 0.0117675 0.441763 -0.273803 0.644529 -0.560767 0.024601
e_7_8 7 8 5 0.0125 0.273852 -0.236095 0.013697 0.401397 -0.223475 0.60771 -0.647787 0.020969
e_8_9 8 9 6 0.0125 0.294678 -0.245905 0.0134395 0.489339 -0.335556 0.678866 -0.43254 0.026555
e_9_10 9 10 7 0.0125 0.315965 -0.255764 0.0124153 0.395997 -0.239839 0.632084 -0.621396 0.021564
e_10_2 10 2 8 0.0125 0.3326 -0.268389 0.0139687 0.382981 -0.24077 0.641216 -0.619837 0.020322
8 10 9
2 -0.0488773 0.118971 0.018144 0.0125
11 -0.0397611 0.134121 0.0281739 0.0125
10 -0.0215728 0.138511 0.0371865 0.0125
9 -0.00173875 0.13811 0.0481163 0.0125
4 0.124629 0.0242788 0.141822 0.0125
1 0.283623 -0.115992 0.0668646 0.0125
8 0.0216311 0.142023 0.0586283 0.0125
5 0.0595921 0.110395 0.0997033 0.0125
6 0.0495974 0.127905 0.0955604 0.0125
7 0.0355462 0.139166 0.0757735 0.0125
e_1_4 1 4 1 0.0125 0.204126 -0.0458566 0.104343 0.654323 -0.047133 -0.575431 -0.488384 0.224885
e_4_5 4 5 2 0.0125 0.0921107 0.0673371 0.120762 0.220441 0.200566 -0.800976 -0.519245 0.115845
e_5_6 5 6 3 0.0125 0.0545947 0.11915 0.0976319 0.257837 0.0761582 -0.771254 -0.576964 0.020583
e_6_7 6 7 4 0.0125 0.0425717 0.133535 0.0856663 0.126718 0.476535 -0.801698 -0.337842 0.026754
e_7_8 7 8 5 0.0125 0.0285889 0.140595 0.0672002 0.228558 0.553248 -0.760876 -0.250491 0.022265
e_8_9 8 9 6 0.0125 0.00994621 0.140067 0.053372 0.492711 0.479091 -0.687909 -0.233427 0.025923
e_9_10 9 10 7 0.0125 -0.0116566 0.13831 0.0426514 0.424313 0.460179 -0.727685 -0.280477 0.022649
e_10_11 10 11 8 0.0125 -0.0306669 0.136316 0.0326802 0.489371 0.505584 -0.67923 -0.208677 0.020768
e_11_2 11 2 9 0.0125 -0.0443195 0.126546 0.0231586 0.500796 0.692506 -0.516856 0.0499952 0.020328
9 7 6
2 0.0795134 0.0649664 0.0841603 0.0125
4 -0.298196 -0.0271821 0.0418003 0.0125
1 -0.372024 -0.0251208 0.0190694 0.0125
8 0.0463253 0.0559097 0.0890904 0.0125
5 -0.242549 -0.0234665 0.0532925 0.0125
6 -0.142781 -0.0381454 0.0652817 0.0125
7 -0.0487051 0.0243846 0.118856 0.0125
e_1_4 1 4 1 0.0125 -0.335109 -0.0261516 0.0304348 0.78732 0.137988 0.577827 0.16493 0.077276
e_4_5 4 5 2 0.0125 -0.270373 -0.0253248 0.0475461 0.775177 -0.0454435 0.630094 -0.00412461 0.056941
e_5_6 5 6 3 0.0125 -0.192666 -0.0308063 0.059287 0.705737 0.3082 0.588203 0.24691 0.101553
e_6_7 6 7 4 0.0125 -0.0957426 -0.0068812 0.0920691 0.842003 -0.333121 0.418055 -0.0727491 0.125022
e_7_8 7 8 5 0.0125 -0.0011899 0.0401472 0.103973 0.287201 -0.7885 0.144058 -0.524434 0.104453
e_8_2 8 2 6 0.0125 0.062919 0.0604386 0.0866257 0.458376 -0.659929 0.367999 -0.467934 0.034754
10 11 10
2 -0.205952 -0.234404 0.141958 0.0125
12 -0.209108 -0.218883 0.129265 0.0125
11 -0.210835 -0.204846 0.113051 0.0125
10 -0.213133 -0.180054 0.107491 0.0125
9 -0.208649 -0.159468 0.10847 0.0125
4 -0.0452933 0.169027 0.0829535 0.0125
1 -0.0380819 0.199605 0.0536768 0.0125
8 -0.204163 -0.139959 0.108876 0.0125
5 -0.0869709 0.0911417 0.0943119 0.0125
6 -0.168131 -0.0703221 0.103023 0.0125
7 -0.193816 -0.119644 0.107662 0.0125
e_1_4 1 4 1 0.0125 -0.0416871 0.184316 0.0683148 0.89827 0.361917 -0.16775 0.184358 0.042943
e_4_5 4 5 2 0.0125 -0.0661317 0.130085 0.0886319 0.652445 0.660247 0.0174239 -0.371599 0.089063
e_5_6 5 6 3 0.0125 -0.127551 0.0104099 0.098668 0.581267 0.679595 0.118639 -0.431513 0.180924
e_6_7 6 7 4 0.0125 -0.180973 -0.0949831 0.105343 0.612168 0.673113 0.0731508 -0.408433 0.055801
e_7_8 7 8 5 0.0125 -0.198989 -0.1298 0.108269 0.584861 0.679017 0.111215 -0.42954 0.02283
e_8_9 8 9 6 0.0125 -0.206405 -0.149713 0.108673 0.583978 0.668972 0.250171 -0.385826 0.020023
e_9_10 9 10 7 0.0125 -0.210891 -0.169761 0.107981 0.567884 0.668855 0.275431 -0.392782 0.021092
e_10_11 10 11 8 0.0125 -0.211984 -0.19245 0.110271 0.76347 0.59724 0.185309 -0.161486 0.025511
e_11_12 11 12 9 0.0125 -0.209971 -0.211865 0.121158 0.906056 0.347901 -0.0464426 0.23637 0.021516
e_12_2 12 2 10 0.0125 -0.20753 -0.226643 0.135611 0.892375 0.432078 0.0251971 0.127831 0.020296
11 9 8
2 0.0203207 0.0405703 0.0734359 0.0125
10 -0.0126057 0.0455839 0.0811769 0.0125
9 -0.0474853 0.0457046 0.0891632 0.0125
4 -0.281028 0.194707 0.0125725 0.0125
1 -0.355698 0.28733 0.0146112 0.0125
8 -0.0987068 0.0539721 0.0718354 0.0125
5 -0.255964 0.176328 0.0232756 0.0125
6 -0.218429 0.0957039 0.0572557 0.0125
7 -0.136655 0.0610384 0.0668032 0.0125
e_1_4 1 4 1 0.0125 -0.318362 0.241018 0.0135918 0.693811 0.613522 0.363532 0.100311 0.118992
e_4_5 4 5 2 0.0125 -0.268496 0.185517 0.0179246 0.813313 0.322105 0.48316 -0.0364232 0.032871
e_5_6 5 6 3 0.0125 -0.237196 0.136016 0.0402658 0.767483 0.565877 0.0363649 0.299051 0.095203
e_6_7 6 7 4 0.0125 -0.177541 0.0783708 0.0620298 0.697457 0.0304707 0.667557 -0.25883 0.089331
e_7_8 7 8 5 0.0125 -0.117681 0.0575053 0.0693193 0.689327 -0.1474 0.643148 -0.299102 0.038927
e_8_9 8 9 6 0.0125 -0.0730958 0.049838 0.0804991 0.781421 -0.0657287 0.580767 -0.218564 0.054702
e_9_10 9 10 7 0.0125 -0.0300455 0.045644 0.0851705 0.461166 -0.524038 0.580497 -0.419205 0.035782
e_10_2 10 2 8 0.0125 0.00385763 0.0430775 0.0773072 0.443589 -0.458537 0.634782 -0.435917 0.034194
12 9 8
2 -0.177639 -0.169356 0.0682895 0.0125
10 -0.178214 -0.149146 0.0692182 0.0125
9 -0.185052 -0.131203 0.0754205 0.0125
4 -0.157303 0.0117924 0.0937905 0.0125
1 -0.0258056 0.287683 0.0849888 0.0125
8 -0.190877 -0.112604 0.0810947 0.0125
5 -0.189009 -0.0469909 0.0853407 0.0125
6 -0.191707 -0.0700484 0.0853413 0.0125
7 -0.193245 -0.0910775 0.0842032 0.0125
e_1_4 1 4 1 0.0125 -0.0915541 0.149737 0.0893892 0.484056 0.203318 -0.666535 0.529229 0.305753
e_4_5 4 5 2 0.0125 -0.173156 -0.0175999 0.0895654 0.442298 0.1769 -0.729016 0.491543 0.067321
e_5_6 5 6 3 0.0125 -0.190358 -0.0585197 0.085341 0.371123 0.298645 -0.640926 0.601907 0.023215
e_6_7 6 7 4 0.0125 -0.192476 -0.080563 0.0847723 0.334774 0.306159 -0.6582 0.600805 0.021117
e_7_8 7 8 5 0.0125 -0.19206 -0.101841 0.0826493 0.232247 0.343637 -0.673014 0.612395 0.021878
e_8_9 8 9 6 0.0125 -0.187963 -0.121904 0.0782574 0.0984439 0.36099 -0.713767 0.592057 0.020299
e_9_10 9 10 7 0.0125 -0.181633 -0.140174 0.0723197 0.0615056 0.365303 -0.721272 0.585267 0.020178
e_10_2 10 2 8 0.0125 -0.177927 -0.159251 0.0687538 0.301952 0.334502 -0.641132 0.621195 0.02024
