12
1 8 7
2 0.0153048 -0.265414 0.0114951 0.0125
9 -0.00139207 -0.268754 0.0241955 0.0125
4 -0.204271 -0.0232331 0.011498 0.0125
1 -0.167937 0.0999578 0.0397168 0.0125
8 -0.0240625 -0.269292 0.0299252 0.0125
5 -0.137293 -0.199216 0.0263909 0.0125
6 -0.0799419 -0.234731 0.0191938 0.0125
7 -0.0578605 -0.24721 0.01918 0.0125
e_1_4 1 4 1 0.0125 -0.186104 0.0383624 0.025607 0.607854 0.67142 -0.39559 0.152374 0.131501
e_4_5 4 5 2 0.0125 -0.170782 -0.111225 0.0189441 0.623633 0.66608 -0.130057 0.38795 0.188887
e_5_6 5 6 3 0.0125 -0.108618 -0.216974 0.0227924 0.410198 0.739486 0.0787635 0.527915 0.06784
e_6_7 6 7 4 0.0125 -0.0689012 -0.240971 0.0191876 0.442039 0.698129 0.113482 0.55167 0.025363
e_7_8 7 8 5 0.0125 -0.0409615 -0.258251 0.0245533 0.561129 0.596349 0.125592 0.560114 0.041777
e_8_9 8 9 6 0.0125 -0.0127273 -0.269023 0.0270603 0.171592 0.752139 0.238267 0.589976 0.02339
e_9_2 9 2 7 0.0125 0.00695672 -0.267084 0.0178456 -0.0421392 0.889074 0.0921537 0.446407 0.021242
2 10 9
2 -0.155303 -0.211206 0.126241 0.0125
11 -0.153724 -0.221088 0.108781 0.0125
10 -0.144526 -0.228823 0.0926689 0.0125
9 -0.126695 -0.22946 0.0824654 0.0125
4 0.0326374 -0.0775878 0.0147412 0.0125
1 0.221542 -0.0960566 0.0114973 0.0125
8 -0.103524 -0.232245 0.0715307 0.0125
5 -0.0320242 -0.126306 0.0114915 0.0125
6 -0.0780643 -0.20267 0.0457019 0.0125
7 -0.0903547 -0.219355 0.0569062 0.0125
e_1_4 1 4 1 0.0125 0.12709 -0.0868224 0.0131191 -0.0445579 0.70061 -0.0244814 -0.711731 0.189833
e_4_5 4 5 2 0.0125 0.000306467 -0.101947 0.0131166 0.415465 0.721146 0.00183455 -0.554377 0.081025
e_5_6 5 6 3 0.0125 -0.0550435 -0.164488 0.0285968 0.747005 0.563267 -0.0602789 -0.347966 0.095508
e_6_7 6 7 4 0.0125 -0.0842092 -0.211013 0.0513042 0.794683 0.496688 -0.124498 -0.326005 0.023558
e_7_8 7 8 5 0.0125 -0.0969398 -0.2258 0.064218 0.85944 0.383119 -0.205931 -0.268656 0.023526
e_8_9 8 9 6 0.0125 -0.11511 -0.230853 0.0769976 0.75246 0.184067 -0.503959 -0.382031 0.025772
e_9_10 9 10 7 0.0125 -0.135611 -0.229142 0.0875671 0.802054 0.171178 -0.471686 -0.323913 0.020554
e_10_11 10 11 8 0.0125 -0.149125 -0.224956 0.100725 0.831506 -0.293839 -0.113467 0.457582 0.020101
e_11_2 11 2 9 0.0125 -0.154513 -0.216147 0.117511 0.769383 -0.226836 0.121419 0.584682 0.020124
3 8 7
2 0.169628 0.165435 0.0444662 0.0125
9 0.162779 0.150269 0.0236248 0.0125
4 0.135418 -0.2016 0.035927 0.0125
1 0.213137 -0.259617 0.0237358 0.0125
8 0.164615 0.117421 0.0114966 0.0125
5 0.122794 -0.182324 0.031204 0.0125
6 0.101798 -0.0881749 0.0392014 0.0125
7 0.117371 0.0141067 0.013594 0.0125
e_1_4 1 4 1 0.0125 0.174278 -0.230609 0.0298318 0.749819 -0.403761 -0.52404 0.0114181 0.097748
e_4_5 4 5 2 0.0125 0.129106 -0.191963 0.0335651 0.63194 -0.658826 -0.407849 0.0161097 0.023522
e_5_6 5 6 3 0.0125 0.112296 -0.13525 0.0352027 0.695761 -0.67304 0.0755314 0.239226 0.096792
e_6_7 6 7 4 0.0125 0.109585 -0.0370339 0.0263978 0.481385 -0.534035 0.578738 0.384885 0.106583
e_7_8 7 8 5 0.0125 0.140993 0.0657638 0.012545 0.548634 -0.3237 0.63596 0.43563 0.113623
e_8_9 8 9 6 0.0125 0.163697 0.133845 0.0175613 0.759803 -0.540884 0.185717 0.309278 0.035064
e_9_2 9 2 7 0.0125 0.166203 0.157851 0.0340453 0.865723 -0.222169 0.244757 0.375845 0.026668
4 8 7
2 0.33982 -0.196833 0.0301745 0.0125
9 0.331728 -0.170329 0.015566 0.0125
4 0.198892 0.0552094 0.0424552 0.0125
1 0.0303715 0.117376 0.0237058 0.0125
8 0.334548 -0.150082 0.012442 0.0125
5 0.264058 0.030924 0.0386425 0.0125
6 0.300461 -0.0422089 0.0196326 0.0125
7 0.33106 -0.130534 0.0169364 0.0125
e_1_4 1 4 1 0.0125 0.114631 0.0862927 0.033081 0.498283 -0.310424 0.593066 -0.551021 0.180597
e_4_5 4 5 2 0.0125 0.231475 0.043067 0.0405495 0.459724 -0.336373 0.643602 -0.511159 0.069648
e_5_6 5 6 3 0.0125 0.282259 -0.00564274 0.0291369 0.181536 -0.129108 0.772436 -0.594742 0.083876
e_6_7 6 7 4 0.0125 0.315761 -0.0863714 0.018284 0.185354 -0.0460538 0.715746 -0.671737 0.093514
e_7_8 7 8 5 0.0125 0.332804 -0.140308 0.0146891 0.0803216 -0.0371502 0.780388 -0.619002 0.020358
e_8_9 8 9 6 0.0125 0.333137 -0.160205 0.0140035 0.0692845 0.148449 0.634374 -0.755468 0.02068
e_9_2 9 2 7 0.0125 0.335774 -0.183581 0.0228697 0.320629 0.0451347 0.514593 -0.793948 0.031327
5 6 5
2 -0.108732 0.117335 0.0367791 0.0125
7 -0.0922226 0.125615 0.0267743 0.0125
6 -0.0653756 0.138942 0.011948 0.0125
5 -0.0439585 0.141797 0.0114869 0.0125
1 0.349349 0.287716 0.0114971 0.0125
4 -0.0072884 0.149275 0.028262 0.0125
e_1_4 1 4 1 0.0125 0.17103 0.218496 0.0198792 0.126932 -0.590601 -0.359583 0.711181 0.382932
e_4_5 4 5 2 0.0125 -0.0256236 0.145537 0.0198747 0.0743845 -0.79174 -0.278665 0.53848 0.041012
e_5_6 5 6 3 0.0125 -0.0546676 0.14037 0.0117178 0.432515 -0.496005 -0.493261 0.568862 0.021612
e_6_7 6 7 4 0.0125 -0.0787995 0.132279 0.0193609 0.778992 0.4036 -0.339734 -0.338909 0.033439
e_7_2 7 2 5 0.0125 -0.100478 0.121475 0.0317764 0.728818 0.436832 -0.266509 -0.454946 0.021005
6 8 7
2 -0.335853 0.180609 0.0824234 0.0125
9 -0.319982 0.183611 0.0702878 0.0125
4 -0.038701 0.14063 0.0416367 0.0125
1 0.099938 0.0446521 0.030598 0.0125
8 -0.303224 0.186084 0.0578013 0.0125
5 -0.243731 0.187174 0.0123161 0.0125
6 -0.268119 0.188307 0.0292592 0.0125
7 -0.290744 0.193666 0.0431333 0.0125
e_1_4 1 4 1 0.0125 0.0306188 0.0926407 0.0361178 0.728729 -0.41948 -0.539791 0.0401953 0.16898
e_4_5 4 5 2 0.0125 -0.141216 0.163902 0.0269762 0.650539 -0.0669073 -0.751387 -0.0879735 0.212282
e_5_6 5 6 3 0.0125 -0.255924 0.18774 0.0207878 0.883421 0.0141602 -0.463385 -0.0681238 0.029717
e_6_7 6 7 4 0.0125 -0.279431 0.190986 0.0361963 0.868553 -0.0901675 -0.485466 -0.0425303 0.027077
e_7_8 7 8 5 0.0125 -0.296984 0.189875 0.0504669 0.918283 0.234055 -0.301437 -0.105409 0.020697
e_8_9 8 9 6 0.0125 -0.311603 0.184847 0.064044 0.887903 0.11101 -0.437049 -0.09107 0.021045
e_9_2 9 2 7 0.0125 -0.327918 0.182109 0.0763557 0.889593 0.129056 -0.427783 -0.0947136 0.020203
7 9 8
2 -0.2404 -0.0304134 0.173155 0.0125
10 -0.251045 -0.0188865 0.160748 0.0125
9 -0.262699 -0.0103858 0.146867 0.0125
4 -0.186413 0.0766315 0.0652482 0.0125
1 0.0436137 0.285392 0.0442664 0.0125
8 -0.264034 0.0061668 0.135612 0.0125
5 -0.231196 0.0422483 0.100328 0.0125
6 -0.244929 0.0322115 0.112558 0.0125
7 -0.258874 0.0223896 0.124596 0.0125
e_1_4 1 4 1 0.0125 -0.0713994 0.181012 0.0547575 0.729629 0.483672 -0.482042 -0.0365991 0.311342
e_4_5 4 5 2 0.0125 -0.208805 0.0594399 0.0827881 0.871105 0.263602 -0.408215 0.0710696 0.06647
e_5_6 5 6 3 0.0125 -0.238062 0.0372302 0.106442 0.886032 0.233744 -0.391738 0.0827741 0.02095
e_6_7 6 7 4 0.0125 -0.251902 0.0273011 0.118577 0.883086 0.224596 -0.401589 0.091883 0.020877
e_7_8 7 8 5 0.0125 -0.261454 0.0142786 0.130104 0.854063 0.476631 -0.034287 -0.205483 0.020277
e_8_9 8 9 6 0.0125 -0.263367 -0.00210931 0.141239 0.842165 0.433772 0.177001 -0.266966 0.020061
e_9_10 9 10 7 0.0125 -0.256872 -0.014637 0.153807 0.90265 0.164934 0.355101 -0.178667 0.020019
e_10_2 10 2 8 0.0125 -0.245723 -0.0246502 0.166952 0.871108 0.235428 0.366669 -0.22649 0.020003
8 9 8
2 -0.11216 -0.188826 0.0343646 0.0125
10 -0.125501 -0.16884 0.0367083 0.0125
9 -0.124578 -0.147287 0.0379319 0.0125
4 -0.0326057 0.265952 0.0906577 0.0125
1 -0.0331584 0.286434 0.101683 0.0125
8 -0.118389 -0.120841 0.0360165 0.0125
5 -0.0857417 -0.00178606 0.0366467 0.0125
6 -0.11267 -0.0644422 0.0381713 0.0125
7 -0.118575 -0.0849966 0.0367193 0.0125
e_1_4 1 4 1 0.0125 -0.0328816 0.276194 0.0961702 -0.370936 -0.60463 -0.609394 0.354215 0.023267
e_4_5 4 5 2 0.0125 -0.0591738 0.132084 0.0636525 -0.427338 -0.621456 -0.45918 0.469391 0.278253
e_5_6 5 6 3 0.0125 -0.0992057 -0.0331138 0.0374092 -0.45327 -0.620732 -0.321739 0.552921 0.068215
e_6_7 6 7 4 0.0125 -0.115623 -0.0747189 0.0374449 -0.453876 -0.617556 -0.390505 0.510027 0.021435
e_7_8 7 8 5 0.0125 -0.118482 -0.102919 0.0363677 -0.549358 -0.55793 -0.445546 0.43406 0.035852
e_8_9 8 9 6 0.0125 -0.121484 -0.134064 0.0369741 -0.524022 -0.583918 -0.351945 0.510465 0.027228
e_9_10 9 10 7 0.0125 -0.125039 -0.158064 0.0373195 -0.523316 -0.573479 -0.446592 0.444766 0.021608
e_10_2 10 2 8 0.0125 -0.118831 -0.178833 0.035536 -0.630346 -0.435543 -0.599036 0.232641 0.024142
9 9 8
2 0.0535105 0.287586 0.0953901 0.0125
10 0.054767 0.267408 0.0961765 0.0125
9 0.0532553 0.246944 0.099529 0.0125
4 -0.0347109 0.100825 0.0620354 0.0125
1 -0.100278 -0.159317 0.0114978 0.0125
8 0.0462083 0.22532 0.0943382 0.0125
5 -9.91197e-05 0.179566 0.0686048 0.0125
6 0.00981979 0.20157 0.0875905 0.0125
7 0.0257724 0.212702 0.0968279 0.0125
e_1_4 1 4 1 0.0125 -0.0674937 -0.0292455 0.0367663 0.769127 -0.612006 0.18135 0.0316889 0.272996
e_4_5 4 5 2 0.0125 -0.0174051 0.140196 0.0653194 0.733485 -0.618912 0.280841 0.00868556 0.086263
e_5_6 5 6 3 0.0125 0.00486033 0.190568 0.0780976 0.899473 -0.39647 0.183519 0.00899006 0.030709
e_6_7 6 7 4 0.0125 0.0177967 0.207136 0.0922095 0.843563 -0.332976 0.417915 -0.0536169 0.021534
e_7_8 7 8 5 0.0125 0.0359904 0.219011 0.0955833 0.664912 -0.46255 0.581031 -0.0796426 0.024146
e_8_9 8 9 6 0.0125 0.0497312 0.236133 0.0969335 0.781499 -0.587059 0.21005 0.0223434 0.023328
e_9_10 9 10 7 0.0125 0.054011 0.257176 0.0978521 0.644926 -0.751638 0.125062 0.0589073 0.020792
e_10_2 10 2 8 0.0125 0.0541393 0.277497 0.0957834 0.688932 -0.719858 0.0353553 0.0769821 0.020232
10 11 10
2 0.0133115 -0.185311 0.0491326 0.0125
12 0.0166676 -0.161361 0.0501623 0.0125
11 0.012818 -0.141654 0.0521451 0.0125
10 0.00581792 -0.121969 0.0459705 0.0125
9 0.00492718 -0.10258 0.0400848 0.0125
4 -0.00110603 0.114995 0.0739002 0.0125
1 -0.0184641 0.277725 0.157403 0.0125
8 -0.000183121 -0.0796941 0.0325436 0.0125
5 -0.0102648 0.0614768 0.0425355 0.0125
6 -0.00361364 0.0356332 0.0388826 0.0125
7 -0.00175322 -0.0239501 0.0354558 0.0125
e_1_4 1 4 1 0.0125 -0.00978446 0.19636 0.115652 0.1459 0.150043 0.839484 -0.501465 0.183726
e_4_5 4 5 2 0.0125 -0.00568493 0.0882356 0.0582177 -0.208159 -0.222649 0.836977 -0.454497 0.062704
e_5_6 5 6 3 0.0125 -0.00693885 0.0485545 0.0407087 0.529874 0.477046 0.58331 -0.389114 0.026935
e_6_7 6 7 4 0.0125 -0.00268308 0.00584178 0.0371686 0.642804 0.672506 0.27645 -0.241067 0.059711
e_7_8 7 8 5 0.0125 -0.000968151 -0.0518228 0.0339999 0.646639 0.674013 0.267921 -0.236183 0.055842
e_8_9 8 9 6 0.0125 0.00237203 -0.091137 0.0363142 0.783345 0.525663 0.265708 -0.198617 0.024632
e_9_10 9 10 7 0.0125 0.00537302 -0.112274 0.0430275 0.793522 0.583725 0.119015 -0.124192 0.020282
e_10_11 10 11 8 0.0125 0.00931772 -0.131811 0.0490586 0.761772 0.474256 0.365189 -0.247832 0.021786
e_11_12 11 12 9 0.0125 0.014743 -0.151507 0.0511544 0.57159 0.544564 0.502581 -0.352347 0.020177
e_12_2 12 2 10 0.0125 0.0149898 -0.173335 0.0496481 0.687748 0.721673 -0.0213224 -0.0757372 0.024206
11 10 9
2 0.293063 0.287942 0.132142 0.0125
11 0.274129 0.284257 0.126847 0.0125
10 0.259393 0.277556 0.115103 0.0125
9 0.247724 0.263564 0.106849 0.0125
4 0.262057 0.170572 0.0340843 0.0125
1 0.377395 -0.123939 0.0114972 0.0125
8 0.23981 0.249465 0.0950604 0.0125
5 0.252239 0.196703 0.0526176 0.0125
6 0.250842 0.219459 0.0682624 0.0125
7 0.245061 0.234431 0.0824364 0.0125
e_1_4 1 4 1 0.0125 0.319726 0.0233172 0.0227902 -0.00761376 -0.241886 0.637083 0.731819 0.317096
e_4_5 4 5 2 0.0125 0.257148 0.183638 0.0433511 -0.0860006 -0.122269 0.456597 0.877026 0.033507
e_5_6 5 6 3 0.0125 0.25154 0.208081 0.0604407 0.128506 -0.0957942 0.455989 0.875434 0.02765
e_6_7 6 7 4 0.0125 0.247952 0.226944 0.0753493 -0.131214 -0.0913323 0.400847 0.902088 0.021412
e_7_8 7 8 5 0.0125 0.242436 0.241947 0.0887488 -0.0922403 -0.100662 0.423384 0.895603 0.020321
e_8_9 8 9 6 0.0125 0.243766 0.256514 0.100954 0.550126 -0.0693659 0.447908 0.701376 0.020009
e_9_10 9 10 7 0.0125 0.253559 0.27056 0.110975 0.681113 -0.133961 0.525116 0.492334 0.020002
e_10_11 10 11 8 0.0125 0.266762 0.280907 0.120975 0.879579 -0.12008 0.43812 0.141327 0.02
e_11_2 11 2 9 0.0125 0.283596 0.2861 0.129495 0.771916 -0.255363 0.54996 -0.190994 0.020002
12 6 5
2 -0.114814 0.265303 0.100494 0.0125
7 -0.110437 0.240762 0.0953566 0.0125
6 -0.113228 0.217283 0.0969088 0.0125
5 -0.0877391 0.183747 0.103106 0.0125
1 0.0650508 -0.187278 0.028164 0.0125
4 -0.0685664 0.143847 0.0954615 0.0125
e_1_4 1 4 1 0.0125 -0.0017573 -0.0217151 0.061813 0.749591 -0.630736 -0.0978064 0.175272 0.363355
e_4_5 4 5 2 0.0125 -0.0781526 0.163797 0.0992844 0.741158 -0.631539 -0.126784 0.189127 0.044922
e_5_6 5 6 3 0.0125 -0.100483 0.200515 0.100008 0.611962 -0.72502 -0.217089 0.229609 0.042577
e_6_7 6 7 4 0.0125 -0.111832 0.229023 0.0961325 0.681422 -0.715735 0.143091 0.053965 0.023695
e_7_2 7 2 5 0.0125 -0.112626 0.253032 0.0979255 0.764215 -0.631704 -0.00506347 0.129999 0.025452
