12
1 10 9
2 -0.123273 -0.265516 0.0191495 0.0125
11 -0.10916 -0.252145 0.0143877 0.0125
10 -0.0900662 -0.247505 0.0181174 0.0125
9 -0.0729799 -0.237075 0.0199651 0.0125
4 -0.146938 -0.0320653 0.0114955 0.0125
1 -0.228629 0.113033 0.0530348 0.0125
8 -0.0540828 -0.230594 0.0214666 0.0125
5 -0.0311549 -0.177892 0.0124981 0.0125
6 -0.0328586 -0.199069 0.0144789 0.0125
7 -0.0417749 -0.217569 0.0124665 0.0125
e_1_4 1 4 1 0.0125 -0.187783 0.0404833 0.0322651 0.57725 0.778248 0.12391 0.213913 0.171618
e_4_5 4 5 2 0.0125 -0.0890463 -0.104979 0.0119968 0.656058 0.677319 0.19633 0.268852 0.186204
e_5_6 5 6 3 0.0125 -0.0320067 -0.188481 0.0134887 0.734399 0.660822 -0.130015 0.084077 0.021338
e_6_7 6 7 4 0.0125 -0.0373167 -0.208319 0.013473 0.671194 0.679774 -0.294396 -0.0271574 0.020633
e_7_8 7 8 5 0.0125 -0.0479283 -0.224081 0.016966 0.850383 0.39617 -0.344472 -0.0351637 0.020054
e_8_9 8 9 6 0.0125 -0.0635318 -0.233835 0.0207157 0.644767 0.446046 -0.58183 -0.216314 0.020034
e_9_10 9 10 7 0.0125 -0.0815225 -0.24229 0.0190407 0.652076 0.531516 -0.513265 -0.169846 0.020103
e_10_11 10 11 8 0.0125 -0.099613 -0.249825 0.0162525 0.587273 0.459385 -0.618229 -0.248734 0.020001
e_11_2 11 2 9 0.0125 -0.116216 -0.25883 0.0167686 0.782625 0.468078 -0.402424 -0.0803508 0.020015
2 11 10
2 -0.0482704 -0.108122 0.0440854 0.0125
12 -0.0348423 -0.0930573 0.0402069 0.0125
11 -0.0226833 -0.0781269 0.0342891 0.0125
10 -0.0133458 -0.0474647 0.0306873 0.0125
9 -0.00184947 -0.0290234 0.0264754 0.0125
4 0.237138 -0.0660401 0.0213945 0.0125
1 0.279298 -0.191994 0.0123449 0.0125
8 0.0191257 -0.0197112 0.0114968 0.0125
5 0.227327 -0.0400961 0.0235729 0.0125
6 0.183289 -0.017211 0.025678 0.0125
7 0.144392 -0.0143332 0.0114974 0.0125
e_1_4 1 4 1 0.0125 0.258218 -0.129017 0.0168693 0.692319 -0.682648 0.00186873 0.233842 0.133131
e_4_5 4 5 2 0.0125 0.232232 -0.0530681 0.0224833 0.69634 -0.678346 -0.0262782 0.232954 0.027822
e_5_6 5 6 3 0.0125 0.205308 -0.028653 0.0246251 0.703217 -0.449708 -0.525905 0.163316 0.049675
e_6_7 6 7 4 0.0125 0.16384 -0.0157716 0.0185873 0.569862 -0.154572 -0.804335 0.066411 0.041501
e_7_8 7 8 5 0.0125 0.0817588 -0.0170222 0.0114967 0.707047 0.039373 -0.706011 -0.00906111 0.125382
e_8_9 8 9 6 0.0125 0.00863742 -0.0243673 0.018986 0.874554 0.237607 -0.412628 -0.0918486 0.027405
e_9_10 9 10 7 0.0125 -0.00759763 -0.038244 0.0285813 0.735394 0.61643 -0.157689 -0.233118 0.022136
e_10_11 10 11 8 0.0125 -0.0180146 -0.0627962 0.0324889 0.700449 0.665486 0.0359631 -0.255356 0.032254
e_11_12 11 12 9 0.0125 -0.0287632 -0.0855921 0.0372483 0.777916 0.540963 -0.245933 -0.204262 0.020144
e_12_2 12 2 10 0.0125 -0.0415564 -0.10059 0.0421462 0.740351 0.574778 -0.274359 -0.215029 0.02055
3 10 9
2 0.381495 -0.173768 0.0273715 0.0125
11 0.363348 -0.176519 0.0193247 0.0125
10 0.348502 -0.189624 0.0158348 0.0125
9 0.331549 -0.200182 0.0124921 0.0125
4 0.132911 -0.086226 0.0431648 0.0125
1 0.102957 0.0896274 0.0244553 0.0125
8 0.313162 -0.208192 0.0139119 0.0125
5 0.195805 -0.150454 0.0305463 0.0125
6 0.244433 -0.205313 0.0124905 0.0125
7 0.284397 -0.219367 0.0180267 0.0125
e_1_4 1 4 1 0.0125 0.117933 0.0017004 0.0338099 0.614808 0.482725 0.463488 -0.417333 0.179365
e_4_5 4 5 2 0.0125 0.164358 -0.11834 0.0368555 0.625146 0.353425 0.666781 -0.199214 0.090776
e_5_6 5 6 3 0.0125 0.220119 -0.177884 0.0215183 0.583557 0.388228 0.684729 -0.199714 0.0755
e_6_7 6 7 4 0.0125 0.264415 -0.21234 0.015258 0.746149 0.142977 0.644023 -0.0897409 0.042723
e_7_8 7 8 5 0.0125 0.298779 -0.21378 0.0159688 0.630691 -0.0584407 0.750113 0.190116 0.031132
e_8_9 8 9 6 0.0125 0.322356 -0.204187 0.0132015 0.653798 -0.0903542 0.726044 0.192989 0.020108
e_9_10 9 10 7 0.0125 0.340026 -0.194903 0.0141635 0.740957 -0.200023 0.614369 0.183098 0.020248
e_10_11 10 11 8 0.0125 0.355925 -0.183072 0.0175798 0.732162 -0.264909 0.585698 0.225211 0.020108
e_11_2 11 2 9 0.0125 0.372421 -0.175144 0.0233475 0.837121 -0.0819975 0.540836 4.53752e-07 0.020041
4 6 5
2 -0.0171453 -0.323558 0.269534 0.0125
7 -0.0141139 -0.30684 0.248716 0.0125
6 -0.00986833 -0.296851 0.219751 0.0125
5 0.00890783 -0.285083 0.19904 0.0125
1 0.0634123 0.0773076 0.0114947 0.0125
4 0.0251404 -0.196232 0.147508 0.0125
e_1_4 1 4 1 0.0125 0.0442764 -0.059462 0.0795011 0.478085 0.355108 0.391165 -0.701657 0.307876
e_4_5 4 5 2 0.0125 0.0170243 -0.240658 0.173274 0.482941 0.350782 0.359408 -0.717319 0.103988
e_5_6 5 6 3 0.0125 -0.000480399 -0.290967 0.209395 0.397625 0.395755 0.0443078 -0.826625 0.030332
e_6_7 6 7 4 0.0125 -0.011991 -0.301846 0.234234 0.609693 0.156421 0.0855912 -0.772322 0.030932
e_7_2 7 2 5 0.0125 -0.0156299 -0.3152 0.259125 0.565088 0.246012 0.228291 -0.753682 0.026871
5 8 7
2 -0.201754 -0.252224 0.0125018 0.0125
9 -0.189249 -0.245865 0.0310779 0.0125
4 0.0429307 0.0963015 0.0114824 0.0125
1 0.0572326 0.134141 0.0147601 0.0125
8 -0.179992 -0.222996 0.0461899 0.0125
5 -0.118632 -0.0418469 0.0325821 0.0125
6 -0.152281 -0.140753 0.052682 0.0125
7 -0.161415 -0.16572 0.0530939 0.0125
e_1_4 1 4 1 0.0125 0.0500816 0.115221 0.0131212 0.659002 0.607409 -0.414054 0.159155 0.040585
e_4_5 4 5 2 0.0125 -0.037851 0.0272278 0.0220323 0.732047 0.350894 -0.572263 0.116172 0.213618
e_5_6 5 6 3 0.0125 -0.135457 -0.0912997 0.0426326 0.752785 0.544291 -0.330581 0.166671 0.10639
e_6_7 6 7 4 0.0125 -0.156848 -0.153236 0.0528875 0.693827 0.586703 -0.384771 0.162281 0.026588
e_7_8 7 8 5 0.0125 -0.170703 -0.194358 0.0496414 0.645456 0.632141 -0.396675 0.162583 0.060608
e_8_9 8 9 6 0.0125 -0.184621 -0.234431 0.0386342 0.468807 0.68328 -0.542485 0.138054 0.028932
e_9_2 9 2 7 0.0125 -0.195503 -0.249045 0.0217901 0.315676 0.32918 -0.889178 0.0367664 0.023279
6 11 10
2 0.279451 -0.0433743 0.206791 0.0125
12 0.274087 -0.0282865 0.194341 0.0125
11 0.261397 -0.0150664 0.186103 0.0125
10 0.250759 -0.000613642 0.175139 0.0125
9 0.244339 0.00685607 0.157441 0.0125
4 0.0881753 0.0100134 0.0792051 0.0125
1 -0.134977 0.0136565 0.0343487 0.0125
8 0.229914 0.00683321 0.140259 0.0125
5 0.181178 0.000212329 0.0910719 0.0125
6 0.196803 -0.00836904 0.109 0.0125
7 0.209908 0.00119787 0.126035 0.0125
e_1_4 1 4 1 0.0125 -0.0234009 0.0118347 0.0567773 0.706993 -0.247799 0.583158 -0.31414 0.227646
e_4_5 4 5 2 0.0125 0.134677 0.00511263 0.0851389 0.669065 -0.235749 0.617643 -0.339546 0.094268
e_5_6 5 6 3 0.0125 0.18899 -0.00407835 0.100036 0.877026 0.0685111 0.375159 -0.292211 0.025282
e_6_7 6 7 4 0.0125 0.203356 -0.0035851 0.117517 0.921301 -0.25449 0.270525 -0.115135 0.023527
e_7_8 7 8 5 0.0125 0.219911 0.00401538 0.133147 0.859244 -0.22945 0.406173 -0.209943 0.025184
e_8_9 8 9 6 0.0125 0.237126 0.0068447 0.148849 0.914618 -0.0789704 0.332901 -0.21544 0.022435
e_9_10 9 10 7 0.0125 0.247549 0.00312121 0.16629 0.945055 0.150596 0.201032 -0.209232 0.020254
e_10_11 10 11 8 0.0125 0.256077 -0.00783966 0.180621 0.784305 0.227446 0.433121 -0.381498 0.021031
e_11_12 11 12 9 0.0125 0.267742 -0.0216762 0.190222 0.731518 0.156727 0.520017 -0.41219 0.020091
e_12_2 12 2 10 0.0125 0.276768 -0.0358298 0.200566 0.837751 0.333064 0.286687 -0.324119 0.020283
7 6 5
2 0.142651 0.117379 0.0195058 0.0125
7 0.120753 0.120308 0.0118658 0.0125
6 0.100499 0.119945 0.0169252 0.0125
5 0.0831722 0.112984 0.024578 0.0125
1 -0.282931 -0.100083 0.0937467 0.0125
4 0.0431713 0.10845 0.045859 0.0125
e_1_4 1 4 1 0.0125 -0.11988 0.00418396 0.0698024 0.60342 -0.627925 0.408779 -0.272936 0.390029
e_4_5 4 5 2 0.0125 0.0631722 0.110717 0.0352184 0.395455 -0.620744 0.590212 -0.331573 0.045536
e_5_6 5 6 3 0.0125 0.091836 0.116465 0.0207511 0.475782 -0.665259 0.497042 -0.289846 0.02018
e_6_7 6 7 4 0.0125 0.110626 0.120127 0.0143951 0.484023 -0.497903 0.610939 -0.380222 0.020879
e_7_2 7 2 5 0.0125 0.131702 0.118844 0.0156858 0.697631 -0.230935 0.532221 -0.420382 0.023376
8 11 10
2 0.294287 -0.053057 0.0485604 0.0125
12 0.280753 -0.0377573 0.0457074 0.0125
11 0.270352 -0.0204722 0.0460556 0.0125
10 0.258833 -0.00293908 0.0443117 0.0125
9 0.243686 0.00581847 0.0297219 0.0125
4 0.0608104 0.236368 0.192326 0.0125
1 0.0492086 0.288501 0.19901 0.0125
8 0.233854 0.0222828 0.022926 0.0125
5 0.172265 0.11852 0.0656652 0.0125
6 0.199177 0.0929414 0.0318104 0.0125
7 0.216653 0.0508479 0.0114925 0.0125
e_1_4 1 4 1 0.0125 0.0550092 0.262435 0.195668 0.35358 0.253361 0.70562 -0.559366 0.053825
e_4_5 4 5 2 0.0125 0.116538 0.177444 0.128996 0.20759 -0.234825 0.867516 -0.386237 0.205799
e_5_6 5 6 3 0.0125 0.185721 0.105731 0.0487378 0.191008 -0.286166 0.868908 -0.355843 0.050246
e_6_7 6 7 4 0.0125 0.207915 0.0718945 0.0216515 0.159969 -0.079812 0.834992 -0.520412 0.049901
e_7_8 7 8 5 0.0125 0.225253 0.0365659 0.0172096 0.801392 0.438318 0.381707 -0.141237 0.03525
e_8_9 8 9 6 0.0125 0.238769 0.0140508 0.0263243 0.80589 0.440893 0.372288 -0.132503 0.020346
e_9_10 9 10 7 0.0125 0.251259 0.00143969 0.0370168 0.898628 0.256213 0.337853 0.112595 0.022782
e_10_11 10 11 8 0.0125 0.264592 -0.0117062 0.0451841 0.659751 0.342845 0.583991 -0.325793 0.021051
e_11_12 11 12 9 0.0125 0.275552 -0.0291147 0.0458814 0.578443 0.296552 0.648601 -0.395952 0.020176
e_12_2 12 2 10 0.0125 0.28752 -0.0454071 0.0471339 0.707583 0.310246 0.578432 -0.261704 0.020626
9 10 9
2 -0.108508 0.398004 0.278131 0.0125
11 -0.114409 0.380739 0.269843 0.0125
10 -0.123706 0.371794 0.25451 0.0125
9 -0.124618 0.352515 0.246288 0.0125
4 -0.0351773 0.206238 0.109816 0.0125
1 -0.122566 0.0516567 0.0114972 0.0125
8 -0.112927 0.335928 0.237695 0.0125
5 -0.0490867 0.283232 0.195243 0.0125
6 -0.0570294 0.295726 0.216549 0.0125
7 -0.0755892 0.30799 0.225187 0.0125
e_1_4 1 4 1 0.0125 -0.078872 0.128948 0.0606565 0.565992 -0.102004 0.497393 0.649499 0.202975
e_4_5 4 5 2 0.0125 -0.0421326 0.244735 0.15253 0.519565 -0.252232 0.26011 0.773805 0.115843
e_5_6 5 6 3 0.0125 -0.0530585 0.28948 0.205896 0.508129 -0.270137 0.128148 0.807718 0.025943
e_6_7 6 7 4 0.0125 -0.0663099 0.301858 0.220868 0.293071 -0.551083 0.12375 0.771429 0.023865
e_7_8 7 8 5 0.0125 -0.0942579 0.32196 0.231441 0.265588 -0.58129 0.18048 0.747657 0.048281
e_8_9 8 9 6 0.0125 -0.118772 0.344221 0.241991 0.355922 -0.480454 0.272373 0.753855 0.022037
e_9_10 9 10 7 0.0125 -0.124161 0.362155 0.250399 0.469995 -0.288794 0.469727 0.689246 0.020979
e_10_11 10 11 8 0.0125 -0.119057 0.376266 0.262176 0.64213 0.0178494 0.342211 0.685742 0.020038
e_11_2 11 2 9 0.0125 -0.111459 0.389372 0.273986 0.523206 -0.181785 0.510047 0.658074 0.02004
10 9 8
2 -0.180787 0.145144 0.0311697 0.0125
10 -0.192852 0.145726 0.0472337 0.0125
9 -0.199793 0.1319 0.060773 0.0125
4 -0.135583 -0.120234 0.0780327 0.0125
1 0.0124012 -0.163783 0.0333124 0.0125
8 -0.206126 0.112925 0.0832434 0.0125
5 -0.198607 -0.0474576 0.106218 0.0125
6 -0.220731 0.0199796 0.107009 0.0125
7 -0.21998 0.0473586 0.100698 0.0125
e_1_4 1 4 1 0.0125 -0.0615906 -0.142008 0.0556721 0.788636 -0.261985 -0.540504 0.131428 0.16061
e_4_5 4 5 2 0.0125 -0.167095 -0.0838458 0.0921258 0.593592 -0.599454 0.0128725 0.536785 0.100314
e_5_6 5 6 3 0.0125 -0.209669 -0.013739 0.106614 0.420823 -0.572093 0.408823 0.573133 0.070979
e_6_7 6 7 4 0.0125 -0.220355 0.0336697 0.103854 0.376939 -0.456435 0.635568 0.495619 0.028107
e_7_8 7 8 5 0.0125 -0.213053 0.0801425 0.0919702 0.41441 -0.404308 0.680117 0.449711 0.06925
e_8_9 8 9 6 0.0125 -0.202959 0.122412 0.0720081 0.183954 -0.205178 0.911793 0.30446 0.030084
e_9_10 9 10 7 0.0125 -0.196322 0.138813 0.0540033 0.270172 -0.223092 0.882901 0.312608 0.020559
e_10_2 10 2 8 0.0125 -0.18682 0.145435 0.0392017 0.316401 0.0941401 0.943803 0.0162313 0.020098
11 8 7
2 -0.0303887 0.155868 0.0123865 0.0125
9 -0.0164263 0.152858 0.0264592 0.0125
4 0.208459 0.0599632 0.0442664 0.0125
1 0.388501 -0.0524288 0.0145875 0.0125
8 0.00683152 0.158742 0.0298493 0.0125
5 0.0922472 0.136329 0.0476185 0.0125
6 0.0446406 0.169092 0.0476369 0.0125
7 0.0235627 0.168854 0.0362806 0.0125
e_1_4 1 4 1 0.0125 0.298479 0.00376782 0.0294269 -0.405995 -0.282247 0.592529 0.635935 0.214308
e_4_5 4 5 2 0.0125 0.150352 0.0981462 0.0459428 -0.327018 -0.343935 0.607993 0.636485 0.139097
e_5_6 5 6 3 0.0125 0.0684444 0.152711 0.0476283 -0.304101 -0.353461 0.612297 0.638499 0.057791
e_6_7 6 7 4 0.0125 0.0341022 0.168973 0.0419594 -0.300458 -0.701344 0.495244 0.415421 0.023943
e_7_8 7 8 5 0.0125 0.0151975 0.163797 0.0330655 -0.506893 -0.71066 0.388868 0.294623 0.020581
e_8_9 8 9 6 0.0125 -0.00479774 0.1558 0.0281536 -0.514983 -0.598537 0.46013 0.405989 0.024229
e_9_2 9 2 7 0.0125 -0.023407 0.154362 0.0194223 -0.124903 -0.790353 0.475661 0.365359 0.020051
12 7 6
2 -0.265446 0.203779 0.096903 0.0125
4 -0.0875917 0.132917 0.0901002 0.0125
1 0.162765 -0.0137475 0.0511266 0.0125
8 -0.245456 0.206975 0.0946982 0.0125
5 -0.121323 0.157046 0.0837352 0.0125
6 -0.193864 0.209133 0.0755271 0.0125
7 -0.221517 0.209938 0.0850198 0.0125
e_1_4 1 4 1 0.0125 0.0375864 0.0595855 0.0706128 0.743062 -0.237899 -0.613876 -0.120078 0.292759
e_4_5 4 5 2 0.0125 -0.104458 0.144982 0.0869181 0.639851 -0.318654 -0.688694 -0.12145 0.041959
e_5_6 5 6 3 0.0125 -0.157594 0.183089 0.0796314 0.662556 -0.313608 -0.668891 -0.12351 0.08968
e_6_7 6 7 4 0.0125 -0.207691 0.209535 0.0802738 0.810042 0.038989 -0.579822 -0.0782158 0.029247
e_7_8 7 8 5 0.0125 -0.233486 0.208456 0.0898586 0.825647 0.113563 -0.548562 -0.0670154 0.025991
e_8_2 8 2 6 0.0125 -0.255451 0.205377 0.0958006 0.742771 0.148811 -0.650937 -0.0492672 0.020364
