12
1 9 8
2 0.00872044 0.283723 0.0665012 0.0125
10 0.01973 0.272512 0.053839 0.0125
9 0.0333748 0.264545 0.0406879 0.0125
4 0.030665 0.131193 0.0117324 0.0125
1 0.0441021 -0.173826 0.0114987 0.0125
8 0.041278 0.251362 0.0273732 0.0125
5 0.0496006 0.184848 0.0117326 0.0125
6 0.0580951 0.218103 0.0115061 0.0125
7 0.0519094 0.23796 0.0145676 0.0125
e_1_4 1 4 1 0.0125 0.0373836 -0.0213162 0.011616 0.706011 -0.70672 0.0128206 0.0439451 0.305315
e_4_5 4 5 2 0.0125 0.0401327 0.15802 0.011732 0.706205 -0.654094 0.268635 0.0356442 0.056898
e_5_6 5 6 3 0.0125 0.0538473 0.201476 0.0116189 0.703758 -0.676946 0.212219 0.0378327 0.034323
e_6_7 6 7 4 0.0125 0.0550027 0.228032 0.0130368 0.755408 -0.634823 -0.155492 0.0467007 0.021022
e_7_8 7 8 5 0.0125 0.0465937 0.244661 0.0209709 0.893194 -0.363574 -0.261139 0.0427292 0.021369
e_8_9 8 9 6 0.0125 0.0373264 0.257953 0.0340306 0.90865 -0.365755 -0.197096 0.0416145 0.020335
e_9_10 9 10 7 0.0125 0.0265519 0.268529 0.0472635 0.904561 -0.230158 -0.356598 0.0404204 0.020558
e_10_2 10 2 8 0.0125 0.0142247 0.278117 0.0601702 0.901097 -0.321667 -0.287728 0.04203 0.020179
2 7 6
2 -0.219713 0.108724 0.0337196 0.0125
4 -0.152875 0.0374739 0.0114893 0.0125
1 0.0791983 -0.279915 0.0114956 0.0125
8 -0.213383 0.0928372 0.0201829 0.0125
5 -0.168901 0.0499711 0.0144416 0.0125
6 -0.188197 0.0641611 0.0160861 0.0125
7 -0.203907 0.0764072 0.0129552 0.0125
e_1_4 1 4 1 0.0125 -0.0368382 -0.121221 0.0114925 0.631219 -0.697643 -0.115325 0.318679 0.393184
e_4_5 4 5 2 0.0125 -0.160888 0.0437219 0.0129654 0.697369 -0.570609 -0.320226 0.292467 0.020537
e_5_6 5 6 3 0.0125 -0.17855 0.057066 0.0152635 0.661614 -0.599662 -0.325801 0.310685 0.024009
e_6_7 6 7 4 0.0125 -0.196052 0.0702837 0.0145208 0.539406 -0.722164 -0.236899 0.36249 0.020163
e_7_8 7 8 5 0.0125 -0.208645 0.0846223 0.0165694 0.78835 -0.552439 -0.12944 0.237824 0.020298
e_8_2 8 2 6 0.0125 -0.216548 0.100781 0.0269511 0.88589 -0.426782 -0.0868766 0.159714 0.02181
3 7 6
2 -0.2908 -0.149459 0.0153717 0.0125
4 0.0217394 -0.0150483 0.037917 0.0125
1 0.163114 -0.000919075 0.018719 0.0125
8 -0.289702 -0.130421 0.0214857 0.0125
5 -0.238333 -0.0938293 0.0321684 0.0125
6 -0.259377 -0.105528 0.0283167 0.0125
7 -0.276533 -0.115437 0.0236677 0.0125
e_1_4 1 4 1 0.0125 0.0924273 -0.00798388 0.0283179 0.659537 -0.258588 -0.605127 0.36327 0.14337
e_4_5 4 5 2 0.0125 -0.108296 -0.0544389 0.0350433 0.570707 -0.226534 -0.677685 0.404622 0.271803
e_5_6 5 6 3 0.0125 -0.248854 -0.0996782 0.0302427 0.475069 -0.18231 -0.738752 0.441949 0.024383
e_6_7 6 7 4 0.0125 -0.267954 -0.110482 0.025992 0.437596 -0.205472 -0.75631 0.440779 0.020351
e_7_8 7 8 5 0.0125 -0.283118 -0.122929 0.0225766 0.444966 0.00635886 -0.744527 0.497639 0.020068
e_8_2 8 2 6 0.0125 -0.290251 -0.13994 0.0184287 0.204887 0.236776 -0.772384 0.552614 0.020026
4 7 6
2 0.176349 -0.141256 0.0855471 0.0125
4 -0.0228145 0.0831887 0.0548202 0.0125
1 -0.15458 0.206914 0.0279835 0.0125
8 0.15096 -0.126912 0.0824952 0.0125
5 -0.00563527 0.0350155 0.0563303 0.0125
6 0.0721005 -0.0917793 0.0718848 0.0125
7 0.0936473 -0.104075 0.0767637 0.0125
e_1_4 1 4 1 0.0125 -0.0886976 0.145051 0.0414015 0.757166 0.439826 0.482827 -0.0114423 0.18273
e_4_5 4 5 2 0.0125 -0.0142249 0.0591025 0.0555749 0.710854 0.618366 0.32072 -0.0972022 0.051167
e_5_6 5 6 3 0.0125 0.0332328 -0.0283816 0.0641079 0.740523 0.540363 0.39497 -0.0602677 0.149539
e_6_7 6 7 4 0.0125 0.0828741 -0.0979277 0.0743237 0.771901 0.332943 0.540983 0.025588 0.025283
e_7_8 7 8 5 0.0125 0.122304 -0.115493 0.0796286 0.736298 0.302728 0.601749 0.0641762 0.06196
e_8_2 8 2 6 0.0125 0.163655 -0.134083 0.0840206 0.741971 0.35929 0.564691 0.0389 0.029321
5 10 9
2 0.3885 -0.247007 0.10554 0.0125
11 0.376111 -0.235367 0.0950044 0.0125
10 0.370986 -0.217888 0.0867432 0.0125
9 0.365515 -0.199938 0.0798087 0.0125
4 0.282936 -0.129936 0.0114966 0.0125
1 0.163194 0.155355 0.0114991 0.0125
8 0.349876 -0.189439 0.0714518 0.0125
5 0.295026 -0.146226 0.0246003 0.0125
6 0.311315 -0.166571 0.0403825 0.0125
7 0.324296 -0.179678 0.0526312 0.0125
e_1_4 1 4 1 0.0125 0.223065 0.0127091 0.0114981 -0.148249 -0.404277 0.580142 -0.691389 0.309401
e_4_5 4 5 2 0.0125 0.288981 -0.138081 0.0180481 -0.129694 -0.338612 0.337715 -0.868602 0.024149
e_5_6 5 6 3 0.0125 0.303171 -0.156399 0.0324909 -0.110838 -0.353072 0.341094 -0.864124 0.030469
e_6_7 6 7 4 0.0125 0.317805 -0.173125 0.0465066 -0.0786167 -0.361258 0.30482 -0.877722 0.022144
e_7_8 7 8 5 0.0125 0.337086 -0.184559 0.0620412 0.0739394 -0.419601 0.201748 -0.88191 0.033223
e_8_9 8 9 6 0.0125 0.357696 -0.194689 0.0756297 0.0324496 -0.440548 0.321174 -0.837683 0.020608
e_9_10 9 10 7 0.0125 0.368251 -0.208914 0.0832758 -0.232152 -0.314504 0.477242 -0.787041 0.020005
e_10_11 10 11 8 0.0125 0.373548 -0.226627 0.0908743 -0.244666 -0.297125 0.452967 -0.804162 0.02
e_11_2 11 2 9 0.0125 0.382306 -0.241187 0.100272 -0.0588211 -0.376122 0.308475 -0.871731 0.02
6 10 9
2 0.0574986 -0.0253074 0.054239 0.0125
11 0.0549724 -0.0138844 0.0704984 0.0125
10 0.0509662 -0.00329193 0.0870053 0.0125
9 0.0413579 0.00856749 0.100528 0.0125
4 -0.199813 0.198583 0.0941413 0.0125
1 -0.300546 0.234549 0.0447255 0.0125
8 0.0269685 0.0159039 0.112607 0.0125
5 -0.104815 0.112093 0.130693 0.0125
6 -0.00583066 0.0323836 0.12872 0.0125
7 0.0122559 0.0232036 0.124223 0.0125
e_1_4 1 4 1 0.0125 -0.250179 0.216566 0.0694329 0.0200968 -0.502955 0.193225 -0.842198 0.117825
e_4_5 4 5 2 0.0125 -0.152314 0.155338 0.112418 0.665544 0.0924803 0.595499 -0.440318 0.13357
e_5_6 5 6 3 0.0125 -0.0553226 0.0722383 0.129707 0.622694 0.65237 0.286667 0.323246 0.127104
e_6_7 6 7 4 0.0125 0.00321243 0.0277932 0.126471 -0.21646 0.530458 -0.571698 0.5873 0.020776
e_7_8 7 8 5 0.0125 0.0196122 0.0195535 0.118414 -0.152491 0.619559 -0.636285 0.43363 0.020116
e_8_9 8 9 6 0.0125 0.0341629 0.0122351 0.106568 -0.139041 0.631104 -0.633367 0.425701 0.020169
e_9_10 9 10 7 0.0125 0.0461614 0.00263762 0.0937666 0.155846 0.800137 -0.437452 0.379643 0.020392
e_10_11 10 11 8 0.0125 0.052969 -0.00858875 0.078752 0.186679 0.825437 -0.480567 0.229912 0.020017
e_11_2 11 2 9 0.0125 0.0562352 -0.0195955 0.0623693 0.233388 0.840306 -0.44693 0.199172 0.020031
7 6 5
2 -0.118089 -0.091062 0.0487523 0.0125
7 -0.118974 -0.0721761 0.0575737 0.0125
6 -0.118736 -0.0426033 0.0602279 0.0125
5 -0.0604401 0.188584 0.135236 0.0125
1 -0.0579186 0.3517 0.249393 0.0125
4 -0.0539252 0.24082 0.173356 0.0125
e_1_4 1 4 1 0.0125 -0.0559225 0.296259 0.211374 0.25374 0.507893 -0.72436 0.391105 0.134507
e_4_5 4 5 2 0.0125 -0.0571832 0.214701 0.154296 0.285181 0.46847 -0.757492 0.354138 0.064993
e_5_6 5 6 3 0.0125 -0.0895881 0.0729907 0.0977314 0.463535 0.490109 -0.64019 0.36754 0.249944
e_6_7 6 7 4 0.0125 -0.118855 -0.0573897 0.0589007 0.517475 0.562156 -0.478192 0.43305 0.029693
e_7_2 7 2 5 0.0125 -0.118532 -0.0816196 0.0531635 0.329316 0.547677 -0.641453 0.424427 0.020863
8 8 7
2 -0.0876861 -0.248736 0.0114957 0.0125
9 -0.0534325 -0.19864 0.0439866 0.0125
4 0.0638584 -0.00811375 0.110162 0.0125
1 0.133683 0.158718 0.0392999 0.0125
8 -0.0442784 -0.182044 0.0540414 0.0125
5 0.0366621 -0.0315452 0.106851 0.0125
6 0.0013435 -0.0920346 0.0838372 0.0125
7 -0.0251275 -0.152085 0.067821 0.0125
e_1_4 1 4 1 0.0125 0.0987706 0.0753024 0.0747304 0.808945 0.553161 -0.107734 -0.167378 0.194242
e_4_5 4 5 2 0.0125 0.0502595 -0.0198297 0.108506 0.648257 0.616783 -0.406802 -0.183993 0.036051
e_5_6 5 6 3 0.0125 0.0190021 -0.0617901 0.0953438 0.561825 0.787219 -0.190684 -0.168163 0.073729
e_6_7 6 7 4 0.0125 -0.011892 -0.12206 0.0758291 0.595509 0.778018 -0.115042 -0.163775 0.067552
e_7_8 7 8 5 0.0125 -0.034703 -0.167065 0.0609316 0.539281 0.796149 -0.21637 -0.16884 0.038134
e_8_9 8 9 6 0.0125 -0.0488554 -0.190342 0.0490145 0.489555 0.842174 -0.158313 -0.161291 0.021454
e_9_2 9 2 7 0.0125 -0.0705592 -0.223688 0.0277417 0.48609 0.826879 -0.22863 -0.166484 0.068838
9 6 5
2 0.0855113 -0.258923 0.0279313 0.0125
7 0.105112 -0.254003 0.0261858 0.0125
6 0.125225 -0.244736 0.0257841 0.0125
5 0.158213 -0.201196 0.026586 0.0125
1 0.334259 0.144657 0.0114996 0.0125
4 0.32151 0.0282578 0.041614 0.0125
e_1_4 1 4 1 0.0125 0.327885 0.0864576 0.0265568 0.33941 0.201353 -0.578723 0.713679 0.120906
e_4_5 4 5 2 0.0125 0.239862 -0.0864693 0.0340996 0.437466 0.0511781 -0.723894 0.531019 0.28203
e_5_6 5 6 3 0.0125 0.141719 -0.222966 0.0261856 0.459243 0.0461689 -0.710779 0.530808 0.054631
e_6_7 6 7 4 0.0125 0.115169 -0.249369 0.0259852 0.607926 -0.0833081 -0.695701 0.373479 0.022149
e_7_2 7 2 5 0.0125 0.0953122 -0.256463 0.0270584 0.666992 -0.129775 -0.663419 0.313299 0.020284
10 11 10
2 -0.447677 -0.111293 0.263943 0.0125
12 -0.429705 -0.10372 0.259272 0.0125
11 -0.41924 -0.0963027 0.243922 0.0125
10 -0.408597 -0.0888423 0.22861 0.0125
9 -0.395389 -0.0912075 0.21376 0.0125
4 -0.206896 -0.0565677 0.0724305 0.0125
1 -0.03993 -0.0210194 0.099695 0.0125
8 -0.381559 -0.0951352 0.196623 0.0125
5 -0.257655 -0.059808 0.0890683 0.0125
6 -0.346463 -0.0724606 0.150153 0.0125
7 -0.370456 -0.0890214 0.181029 0.0125
e_1_4 1 4 1 0.0125 -0.123413 -0.0387936 0.0860626 0.510508 -0.334791 -0.683209 0.400653 0.172872
e_4_5 4 5 2 0.0125 -0.232276 -0.0581876 0.080749 0.676969 -0.290006 -0.510337 0.444033 0.053515
e_5_6 5 6 3 0.0125 -0.302059 -0.0661345 0.119611 0.734443 -0.202798 -0.421245 0.491954 0.108527
e_6_7 6 7 4 0.0125 -0.35846 -0.0807403 0.165591 0.72703 -0.0251746 -0.368537 0.57877 0.042465
e_7_8 7 8 5 0.0125 -0.376007 -0.0920777 0.188826 0.755104 -0.0460341 -0.33148 0.563756 0.020095
e_8_9 8 9 6 0.0125 -0.388474 -0.0931709 0.205191 0.829522 -0.237025 -0.246502 0.441531 0.022368
e_9_10 9 10 7 0.0125 -0.401992 -0.0900252 0.221185 0.815158 -0.227477 -0.277979 0.454422 0.020014
e_10_11 10 11 8 0.0125 -0.413918 -0.0925721 0.236266 0.739094 -0.0182247 -0.344208 0.578731 0.020085
e_11_12 11 12 9 0.0125 -0.424472 -0.100012 0.251597 0.740403 -0.0160901 -0.340679 0.579208 0.020004
e_12_2 12 2 10 0.0125 -0.43869 -0.107507 0.261608 0.599764 -0.184639 -0.591151 0.506688 0.020054
11 7 6
2 -0.313248 -0.123731 0.0949709 0.0125
4 -0.0578181 0.147479 0.154069 0.0125
1 -0.00240495 0.223968 0.123799 0.0125
8 -0.261364 -0.115225 0.0942527 0.0125
5 -0.0759669 0.0751445 0.154044 0.0125
6 -0.174587 -0.0129504 0.130849 0.0125
7 -0.201622 -0.0465617 0.114264 0.0125
e_1_4 1 4 1 0.0125 -0.0301111 0.185723 0.138934 0.807605 0.469009 -0.356987 0.0191085 0.099184
e_4_5 4 5 2 0.0125 -0.0668925 0.111311 0.154057 0.706946 0.683872 -0.18021 0.00836055 0.074576
e_5_6 5 6 3 0.0125 -0.125277 0.031097 0.142447 0.641241 0.464958 -0.608443 0.0492019 0.134256
e_6_7 6 7 4 0.0125 -0.188105 -0.0297564 0.122557 0.563964 0.59399 -0.571492 0.0501626 0.046214
e_7_8 7 8 5 0.0125 -0.231493 -0.0808938 0.104259 0.624936 0.549106 -0.55304 0.045661 0.093189
e_8_2 8 2 6 0.0125 -0.287306 -0.119477 0.0946117 0.710223 0.0655485 -0.699198 0.0490854 0.052581
12 8 7
2 -0.0305565 -0.288502 0.181558 0.0125
9 -0.0364787 -0.269131 0.182002 0.0125
4 -0.0805694 -0.15469 0.150414 0.0125
1 -0.133582 0.184291 0.183999 0.0125
8 -0.0393418 -0.250295 0.17505 0.0125
5 -0.0816662 -0.197457 0.159045 0.0125
6 -0.0643833 -0.216234 0.159528 0.0125
7 -0.0511101 -0.231723 0.17025 0.0125
e_1_4 1 4 1 0.0125 -0.107076 0.0148001 0.167207 0.655302 0.739098 -0.0494573 0.147879 0.344741
e_4_5 4 5 2 0.0125 -0.0811181 -0.176074 0.154729 0.757473 0.616391 -0.145552 0.158468 0.043643
e_5_6 5 6 3 0.0125 -0.0730247 -0.206846 0.159286 0.705131 0.435491 0.548521 -0.110735 0.025525
e_6_7 6 7 4 0.0125 -0.0577467 -0.223979 0.164889 0.853841 0.368151 0.363098 -0.059838 0.023044
e_7_8 7 8 5 0.0125 -0.0452262 -0.241009 0.172649 0.778262 0.51603 0.356464 -0.030911 0.022504
e_8_9 8 9 6 0.0125 -0.0379098 -0.259713 0.178526 0.814002 0.572864 0.0207007 0.0937989 0.020281
e_9_2 9 2 7 0.0125 -0.0335173 -0.278816 0.18178 0.694671 0.703084 0.128978 0.0804358 0.020261
