12
1 10 9
2 -0.418381 0.051542 0.21795 0.0125
11 -0.404543 0.0373841 0.214433 0.0125
10 -0.385269 0.0352898 0.208458 0.0125
9 -0.369227 0.0257261 0.197663 0.0125
4 -0.257033 -0.00548512 0.10677 0.0125
1 0.00523463 -0.0838053 0.0114901 0.0125
8 -0.354493 0.021313 0.184396 0.0125
5 -0.304295 0.00591552 0.141474 0.0125
6 -0.324458 0.0104605 0.157171 0.0125
7 -0.340117 0.0140564 0.169199 0.0125
e_1_4 1 4 1 0.0125 -0.125899 -0.0446452 0.0591303 0.0504251 0.543789 -0.199793 -0.813532 0.289822
e_4_5 4 5 2 0.0125 -0.280663 0.000215693 0.124122 0.0708282 0.434986 -0.142446 -0.886273 0.059733
e_5_6 5 6 3 0.0125 -0.314376 0.0081885 0.149323 0.0750638 0.423936 -0.133739 -0.892613 0.025954
e_6_7 6 7 4 0.0125 -0.332287 0.0122586 0.163185 0.0739632 0.426457 -0.135899 -0.891176 0.020069
e_7_8 7 8 5 0.0125 -0.347305 0.0176841 0.176798 0.0171534 0.35017 -0.18503 -0.918069 0.022143
e_8_9 8 9 6 0.0125 -0.361861 0.0235196 0.19103 0.0584176 0.3904 -0.144878 -0.907296 0.020312
e_9_10 9 10 7 0.0125 -0.377247 0.0305084 0.203061 -0.0138538 0.433325 -0.249039 -0.866035 0.021571
e_10_11 10 11 8 0.0125 -0.394906 0.0363374 0.211446 0.104492 0.577106 -0.140282 -0.797716 0.020287
e_11_2 11 2 9 0.0125 -0.411462 0.0444631 0.216192 -0.110252 0.51038 -0.389973 -0.758471 0.020108
2 7 6
2 0.233335 0.132068 0.0273177 0.0125
4 0.128709 0.0131035 0.0114884 0.0125
1 0.00555041 -0.28803 0.0955459 0.0125
8 0.223357 0.109945 0.0194813 0.0125
5 0.162767 0.0558223 0.0123955 0.0125
6 0.189249 0.0765772 0.0200001 0.0125
7 0.20816 0.0910177 0.0252885 0.0125
e_1_4 1 4 1 0.0125 0.0671294 -0.137463 0.0535169 0.578339 -0.592872 0.523045 0.201122 0.336029
e_4_5 4 5 2 0.0125 0.145738 0.0344626 0.0119424 0.689489 -0.419019 0.562246 0.181405 0.054641
e_5_6 5 6 3 0.0125 0.176008 0.0661995 0.0161983 0.766125 -0.281742 0.557139 0.152547 0.034495
e_6_7 6 7 4 0.0125 0.198704 0.0837972 0.0226441 0.764686 -0.274054 0.562503 0.154082 0.024375
e_7_8 7 8 5 0.0125 0.215758 0.100481 0.0223846 0.567827 -0.3648 0.69517 0.247452 0.024958
e_8_2 8 2 6 0.0125 0.228345 0.121006 0.0233997 0.806253 -0.517088 0.281047 0.0599107 0.025503
3 7 6
2 0.0358136 0.0320732 0.0129171 0.0125
4 -0.0793339 0.00328418 0.0401983 0.0125
1 -0.397509 0.1016 0.212309 0.0125
8 0.0184377 0.0203574 0.0123892 0.0125
5 -0.0533006 0.00444577 0.0311076 0.0125
6 -0.0233698 0.00602743 0.0217798 0.0125
7 -0.00143294 0.0135163 0.0166738 0.0125
e_1_4 1 4 1 0.0125 -0.238421 0.0524426 0.126254 0.353512 0.769936 0.369811 0.381402 0.374864
e_4_5 4 5 2 0.0125 -0.0663174 0.00386544 0.0356528 0.521343 0.321768 0.749106 0.252006 0.0276
e_5_6 5 6 3 0.0125 -0.0383358 0.00523695 0.0264438 0.564777 0.203884 0.779104 0.18015 0.03139
e_6_7 6 7 4 0.0125 -0.012402 0.0097722 0.0192269 0.418608 -0.717057 0.305597 -0.466055 0.023736
e_7_8 7 8 5 0.0125 0.00850267 0.0169368 0.0145309 0.427723 -0.710032 0.309443 -0.465996 0.021448
e_8_2 8 2 6 0.0125 0.0271252 0.0262152 0.0126534 0.37118 -0.697322 -0.0336415 -0.612238 0.020963
4 7 6
2 -0.074881 0.0497152 0.0114961 0.0125
4 0.245285 0.138207 0.0523336 0.0125
1 0.387161 0.0717456 0.0526781 0.0125
8 -0.0616446 0.0600118 0.0225737 0.0125
5 0.0577375 0.0985241 0.0347961 0.0125
6 0.00762168 0.0809222 0.0414095 0.0125
7 -0.0465035 0.0699209 0.0341845 0.0125
e_1_4 1 4 1 0.0125 0.316223 0.104976 0.0525059 0.662897 -0.503144 -0.497941 0.243863 0.156672
e_4_5 4 5 2 0.0125 0.151511 0.118366 0.0435648 0.594313 -0.206274 -0.709226 0.318184 0.1925
e_5_6 5 6 3 0.0125 0.0326791 0.0897235 0.0381025 0.701833 -0.0138124 -0.661846 0.26306 0.053527
e_6_7 6 7 4 0.0125 -0.0194403 0.0754218 0.0377973 0.573642 -0.233463 -0.714387 0.325701 0.055702
e_7_8 7 8 5 0.0125 -0.0540734 0.0649663 0.0283797 0.250238 -0.375632 -0.793033 0.40912 0.021501
e_8_2 8 2 6 0.0125 -0.0682632 0.0548637 0.0170356 0.227557 -0.349923 -0.808174 0.415484 0.020098
5 11 10
2 -0.0201699 -0.293671 0.22793 0.0125
12 -0.0117755 -0.290868 0.209993 0.0125
11 -0.00044263 -0.2864 0.194132 0.0125
10 0.000625311 -0.271265 0.181102 0.0125
9 0.00327926 -0.254934 0.169862 0.0125
4 0.00880328 -0.155858 0.14717 0.0125
1 -0.118313 0.107067 0.03204 0.0125
8 0.0111184 -0.237319 0.164515 0.0125
5 0.00988042 -0.178008 0.154919 0.0125
6 0.0106846 -0.199558 0.161282 0.0125
7 0.00897939 -0.217971 0.169139 0.0125
e_1_4 1 4 1 0.0125 -0.0547542 -0.0243956 0.0896047 0.819768 0.53394 0.177571 0.106571 0.313915
e_4_5 4 5 2 0.0125 0.00934198 -0.166933 0.151045 0.815436 0.578255 0.0260087 0.00296848 0.023491
e_5_6 5 6 3 0.0125 0.0102824 -0.188782 0.1581 0.800932 0.59827 0.0239979 -0.00225421 0.022485
e_6_7 6 7 4 0.0125 0.00983153 -0.208764 0.16521 0.83349 0.55086 -0.0318439 -0.0288715 0.020091
e_7_8 7 8 5 0.0125 0.0100488 -0.227644 0.166827 0.620038 0.779662 0.0876332 -0.00112784 0.020008
e_8_9 8 9 6 0.0125 0.00719884 -0.246126 0.167189 0.786983 0.583682 -0.160294 -0.119491 0.020009
e_9_10 9 10 7 0.0125 0.00195229 -0.263099 0.175482 0.883201 0.46426 -0.0591235 -0.03039 0.020001
e_10_11 10 11 8 0.0125 9.18175e-05 -0.278833 0.187616 0.908706 0.416462 -0.028444 -0.00207005 0.02
e_11_12 11 12 9 0.0125 -0.00610909 -0.288634 0.202062 0.938485 0.156651 -0.280922 -0.125656 0.02
e_12_2 12 2 10 0.0125 -0.0159727 -0.29227 0.218962 0.971488 0.0867803 -0.209944 -0.0678578 0.02
6 8 7
2 -0.0725577 -0.277007 0.0164975 0.0125
9 -0.0791635 -0.261901 0.0282831 0.0125
4 -0.0389091 0.0295626 0.0704411 0.0125
1 -0.0362946 0.204873 0.0283826 0.0125
8 -0.0823572 -0.244293 0.0373517 0.0125
5 -0.0720461 -0.169273 0.0461121 0.0125
6 -0.0761691 -0.194839 0.042935 0.0125
7 -0.0812523 -0.224365 0.0391868 0.0125
e_1_4 1 4 1 0.0125 -0.0376013 0.117217 0.0494114 0.785202 0.619165 -0.00178043 -0.00945202 0.180304
e_4_5 4 5 2 0.0125 -0.0554781 -0.0698555 0.0582762 0.662788 0.732178 -0.15436 0.0282784 0.20304
e_5_6 5 6 3 0.0125 -0.0741081 -0.182056 0.0445236 0.662102 0.733889 -0.149316 0.0270545 0.026091
e_6_7 6 7 4 0.0125 -0.0787102 -0.209602 0.0410607 0.661098 0.732387 -0.160238 0.0297191 0.030194
e_7_8 7 8 5 0.0125 -0.0818042 -0.234329 0.038269 0.67396 0.737581 -0.0418511 0.000868005 0.020043
e_8_9 8 9 6 0.0125 -0.0807603 -0.253097 0.0328168 0.518338 0.809053 0.267292 -0.0728894 0.020062
e_9_2 9 2 7 0.0125 -0.0758606 -0.269454 0.0223908 0.43045 0.646125 0.610971 -0.154759 0.020267
7 11 10
2 -0.184823 0.0725298 0.0114932 0.0125
12 -0.187513 0.0655503 0.0302943 0.0125
11 -0.195992 0.058896 0.0473079 0.0125
10 -0.193285 0.0589746 0.0673929 0.0125
9 -0.177671 0.0601552 0.081047 0.0125
4 0.093018 0.203692 0.01245 0.0125
1 0.160009 0.228647 0.0291104 0.0125
8 -0.157912 0.0571125 0.0827228 0.0125
5 -0.030437 0.110133 0.0942791 0.0125
6 -0.121905 0.0585408 0.0686763 0.0125
7 -0.140057 0.050369 0.0728025 0.0125
e_1_4 1 4 1 0.0125 0.126513 0.21617 0.0207806 -0.339831 -0.764077 0.172253 0.520605 0.073404
e_4_5 4 5 2 0.0125 0.0312903 0.156913 0.0533649 -0.591786 -0.512821 0.0588788 0.619142 0.175187
e_5_6 5 6 3 0.0125 -0.0761718 0.0843371 0.0814776 -0.381999 -0.777199 0.119964 0.485435 0.108091
e_6_7 6 7 4 0.0125 -0.13098 0.054455 0.0707391 -0.470753 -0.614778 0.143474 0.616323 0.020329
e_7_8 7 8 5 0.0125 -0.148984 0.0537413 0.0777623 -0.323153 -0.380183 0.353357 0.79131 0.021511
e_8_9 8 9 6 0.0125 -0.167792 0.0586341 0.0818852 -0.214101 -0.654704 0.336342 0.642181 0.020063
e_9_10 9 10 7 0.0125 -0.185479 0.0595651 0.0742199 -0.133332 -0.881436 0.227349 0.391926 0.020775
e_10_11 10 11 8 0.0125 -0.194638 0.0589353 0.0573511 -0.00798429 -0.993666 0.0902409 0.0664816 0.020267
e_11_12 11 12 9 0.0125 -0.191752 0.0622231 0.0388011 0.175318 -0.960293 0.0145486 -0.216538 0.020141
e_12_2 12 2 10 0.0125 -0.186168 0.06904 0.0208938 0.183561 -0.971689 0.142862 -0.0414177 0.020234
8 6 5
2 0.107413 -0.23232 0.0494764 0.0125
7 0.109953 -0.180581 0.0632225 0.0125
6 0.0859505 -0.0142939 0.0609634 0.0125
5 0.054651 0.166105 0.0752773 0.0125
1 0.00976496 0.213665 0.0116315 0.0125
4 0.0423358 0.184945 0.0678264 0.0125
e_1_4 1 4 1 0.0125 0.0260507 0.199305 0.0397283 -0.931905 -0.25261 -0.201376 -0.164892 0.071018
e_4_5 4 5 2 0.0125 0.0484937 0.175525 0.0715524 -0.777481 -0.560766 -0.168506 -0.229498 0.023709
e_5_6 5 6 3 0.0125 0.070301 0.0759053 0.0681209 -0.652846 -0.729976 0.0781279 -0.186608 0.183653
e_6_7 6 7 4 0.0125 0.0979514 -0.0974375 0.0620933 -0.688863 -0.69798 0.0781089 -0.179416 0.168025
e_7_2 7 2 5 0.0125 0.108683 -0.20645 0.0563492 -0.592613 -0.760316 0.223968 -0.143413 0.053595
9 11 10
2 0.139038 0.190383 0.0149259 0.0125
12 0.119281 0.183894 0.0116275 0.0125
11 0.100599 0.177927 0.0183033 0.0125
10 0.092365 0.16068 0.0249989 0.0125
9 0.0797708 0.153974 0.0407554 0.0125
4 0.322694 0.0337244 0.166277 0.0125
1 0.410344 0.0368658 0.220522 0.0125
8 0.0771884 0.137243 0.055891 0.0125
5 0.208958 0.0705058 0.118191 0.0125
6 0.179685 0.0833545 0.10683 0.0125
7 0.089793 0.122716 0.0669605 0.0125
e_1_4 1 4 1 0.0125 0.36652 0.0352948 0.1934 0.474705 0.224031 -0.844285 -0.107926 0.103126
e_4_5 4 5 2 0.0125 0.265826 0.0521155 0.142234 0.537653 -0.464534 -0.686156 0.155971 0.128845
e_5_6 5 6 3 0.0125 0.194322 0.0769299 0.112511 0.551966 -0.530935 -0.620926 0.167014 0.033927
e_6_7 6 7 4 0.0125 0.134739 0.103035 0.0868956 0.523414 -0.576623 -0.596414 0.194511 0.105922
e_7_8 7 8 5 0.0125 0.0834907 0.12998 0.0614258 0.426085 -0.854337 -0.139707 0.262756 0.022191
e_8_9 8 9 6 0.0125 0.0784796 0.145608 0.0483233 0.386419 -0.8087 0.42339 0.13201 0.022709
e_9_10 9 10 7 0.0125 0.0860679 0.157327 0.0328772 0.35608 -0.55046 0.753406 -0.0507856 0.021257
e_10_11 10 11 8 0.0125 0.0964817 0.169303 0.0216514 0.578039 -0.721197 0.381043 0.0234982 0.02025
e_11_12 11 12 9 0.0125 0.10994 0.18091 0.0149657 0.559369 -0.452184 0.67576 -0.161198 0.020717
e_12_2 12 2 10 0.0125 0.129159 0.187138 0.013277 0.725174 -0.379031 0.527262 -0.229027 0.021056
10 10 9
2 0.133907 0.0953209 0.0584095 0.0125
11 0.148536 0.0885955 0.0465032 0.0125
10 0.157364 0.0725218 0.0384848 0.0125
9 0.156351 0.0526408 0.0360831 0.0125
4 0.115182 -0.0827251 0.0765162 0.0125
1 0.131782 -0.324572 0.229099 0.0125
8 0.14977 0.0342591 0.0409595 0.0125
5 0.132441 -0.0643555 0.064382 0.0125
6 0.13783 -0.0472326 0.0526307 0.0125
7 0.140131 0.00403033 0.0469571 0.0125
e_1_4 1 4 1 0.0125 0.123482 -0.203649 0.152807 0.43852 -0.817526 0.313043 0.20336 0.286438
e_4_5 4 5 2 0.0125 0.123811 -0.0735405 0.0704489 0.189679 0.321704 0.783193 0.497129 0.027974
e_5_6 5 6 3 0.0125 0.135136 -0.0557941 0.0585063 0.0845528 0.11064 0.872709 0.467962 0.021455
e_6_7 6 7 4 0.0125 0.13898 -0.0216009 0.0497942 0.583019 -0.634141 0.39091 0.324257 0.051627
e_7_8 7 8 5 0.0125 0.14495 0.0191447 0.0439584 0.447615 -0.347901 0.6869 0.454724 0.032291
e_8_9 8 9 6 0.0125 0.15306 0.0434499 0.0385213 0.397416 -0.276288 0.738123 0.469999 0.020123
e_9_10 9 10 7 0.0125 0.156857 0.0625813 0.0372839 0.668616 -0.576859 0.327643 0.335912 0.020051
e_10_11 10 11 8 0.0125 0.15295 0.0805584 0.0424938 0.819691 -0.523091 -0.161479 0.168545 0.020015
e_11_2 11 2 9 0.0125 0.141221 0.0919582 0.0524563 0.883316 -0.245834 -0.377209 0.130509 0.020025
11 8 7
2 0.0598811 -0.249746 0.0328783 0.0125
9 0.0444637 -0.237396 0.0262489 0.0125
4 -0.11511 0.0559665 0.102325 0.0125
1 -0.175633 0.132277 0.0421479 0.0125
8 0.0224009 -0.232712 0.0324808 0.0125
5 -0.0197766 -0.175099 0.0667128 0.0125
6 -0.0138288 -0.20121 0.0397498 0.0125
7 0.00117191 -0.22103 0.0306029 0.0125
e_1_4 1 4 1 0.0125 -0.145372 0.0941222 0.0722366 0.711858 0.13566 0.467747 -0.506032 0.114489
e_4_5 4 5 2 0.0125 -0.0674429 -0.0595661 0.0845193 0.216542 -0.0411829 0.754206 -0.618535 0.252484
e_5_6 5 6 3 0.0125 -0.0168021 -0.188154 0.0532315 -0.00781293 -0.223786 0.897038 -0.381026 0.038002
e_6_7 6 7 4 0.0125 -0.00632792 -0.21112 0.0351759 0.2919 -0.0920104 0.814988 -0.49206 0.026487
e_7_8 7 8 5 0.0125 0.0117861 -0.226871 0.0315419 0.637455 -0.0104998 0.679153 -0.363721 0.024303
e_8_9 8 9 6 0.0125 0.0334321 -0.235054 0.0293652 0.567175 -0.118276 0.786878 -0.212476 0.0234
e_9_2 9 2 7 0.0125 0.0521727 -0.243571 0.0295639 0.684315 0.062471 0.580524 -0.43681 0.020836
12 11 10
2 0.36864 -0.0871997 0.0209886 0.0125
12 0.358495 -0.0691768 0.0221117 0.0125
11 0.347954 -0.0512076 0.018712 0.0125
10 0.339919 -0.03382 0.0247322 0.0125
9 0.327486 -0.0178448 0.0261004 0.0125
4 0.0652218 0.0445716 0.121737 0.0125
1 -0.0430369 0.0306214 0.134258 0.0125
8 0.312098 -0.00335283 0.0234052 0.0125
5 0.136324 0.0618148 0.0674688 0.0125
6 0.226656 0.0439032 0.0417565 0.0125
7 0.249207 0.033383 0.0414768 0.0125
e_1_4 1 4 1 0.0125 0.0110921 0.0375968 0.127997 0.601155 0.231582 0.709474 0.285709 0.10987
e_4_5 4 5 2 0.0125 0.100773 0.0531932 0.0946022 0.233398 0.632649 0.630577 0.384257 0.091092
e_5_6 5 6 3 0.0125 0.18149 0.0528586 0.0546129 0.52527 0.52149 0.602086 0.299387 0.095613
e_6_7 6 7 4 0.0125 0.237932 0.0386426 0.041617 0.665733 0.491965 0.513412 0.226224 0.024886
e_7_8 7 8 5 0.0125 0.280653 0.0150145 0.0324414 0.564763 0.635995 0.46467 0.24624 0.075043
e_8_9 8 9 6 0.0125 0.319793 -0.0105997 0.0247528 0.733986 0.543478 0.37601 0.156563 0.021309
e_9_10 9 10 7 0.0125 0.333702 -0.0258324 0.0254163 0.664802 0.663769 0.305191 0.155907 0.020289
e_10_11 10 11 8 0.0125 0.343936 -0.0425141 0.0217217 0.577614 0.78771 0.171526 0.128268 0.020078
e_11_12 11 12 9 0.0125 0.353225 -0.0601919 0.0204116 0.755165 0.597246 0.250523 0.101301 0.021108
e_12_2 12 2 10 0.0125 0.363567 -0.0781877 0.0215505 0.67636 0.686601 0.235986 0.124203 0.020713
