12
1 8 7
2 -0.234044 0.0939699 0.0330028 0.0125
9 -0.223307 0.0612291 0.0114838 0.0125
4 0.00951458 -0.166547 0.0623607 0.0125
1 0.122886 -0.194764 0.0419414 0.0125
8 -0.218555 0.0365488 0.0167554 0.0125
5 -0.00997625 -0.154095 0.0659303 0.0125
6 -0.0314965 -0.129714 0.0508279 0.0125
7 -0.200304 0.003486 0.0289983 0.0125
e_1_4 1 4 1 0.0125 0.066201 -0.180656 0.0521516 0.664722 0.174786 -0.619163 -0.379779 0.118601
e_4_5 4 5 2 0.0125 -0.000230872 -0.160321 0.064146 0.701575 -0.114407 -0.640832 -0.289893 0.023403
e_5_6 5 6 3 0.0125 -0.0207367 -0.141904 0.0583785 -0.494275 0.800873 0.26305 -0.212365 0.035855
e_6_7 6 7 4 0.0125 -0.1159 -0.063114 0.0399137 0.207476 0.411645 -0.617291 -0.637537 0.216136
e_7_8 7 8 5 0.0125 -0.20943 0.0200174 0.0228763 -0.533194 0.477182 0.653065 0.248007 0.039701
e_8_9 8 9 6 0.0125 -0.220931 0.048889 0.01412 -0.224722 0.134623 0.764528 0.58896 0.02568
e_9_2 9 2 7 0.0125 -0.228675 0.0775995 0.0222438 0.645088 -0.4419 0.199665 0.590525 0.040624
2 7 6
2 -0.338019 -0.141188 0.0266345 0.0125
4 0.0137278 -0.0787889 0.0117349 0.0125
1 0.141645 -0.105219 0.0126131 0.0125
8 -0.321611 -0.14776 0.0140542 0.0125
5 -0.0882593 -0.122755 0.0211956 0.0125
6 -0.20462 -0.146569 0.0114958 0.0125
7 -0.30095 -0.146582 0.0135586 0.0125
e_1_4 1 4 1 0.0125 0.0776858 -0.0920036 0.0121737 0.704559 -0.128468 -0.697753 -0.0152736 0.130621
e_4_5 4 5 2 0.0125 -0.0372656 -0.100771 0.0164645 0.690021 0.0336977 -0.675592 0.25751 0.111463
e_5_6 5 6 3 0.0125 -0.14644 -0.134663 0.0163453 0.655341 -0.0410258 -0.734175 0.172718 0.119168
e_6_7 6 7 4 0.0125 -0.252786 -0.146576 0.0125276 0.710594 -0.0742033 -0.69555 0.0759044 0.096352
e_7_8 7 8 5 0.0125 -0.31128 -0.147172 0.0138067 0.708249 -0.0598629 -0.696018 0.101781 0.0207
e_8_2 8 2 6 0.0125 -0.329815 -0.144474 0.0203443 0.875346 -0.0941493 -0.448567 -0.153926 0.021695
3 6 5
2 0.176423 -0.042394 0.0210054 0.0125
7 0.118651 -0.0342653 0.0260128 0.0125
6 0.0904189 -0.0133389 0.0260251 0.0125
5 0.0735726 -0.00361547 0.0188408 0.0125
1 -0.197233 0.26745 0.0119788 0.0125
4 0.0557814 0.0052299 0.011497 0.0125
e_1_4 1 4 1 0.0125 -0.0707255 0.13634 0.0117377 0.0447659 -0.458069 0.53929 -0.70522 0.364385
e_4_5 4 5 2 0.0125 0.0646772 0.000806978 0.0151693 0.51584 -0.238075 0.519581 -0.638174 0.021183
e_5_6 5 6 3 0.0125 0.0819958 -0.00847716 0.0224329 0.454897 -0.253596 0.512308 -0.68286 0.020735
e_6_7 6 7 4 0.0125 0.104535 -0.023802 0.0260188 0.207583 -0.419469 0.569406 -0.67582 0.035142
e_7_2 7 2 5 0.0125 0.147537 -0.0383303 0.0235093 0.532841 -0.368274 0.638067 -0.416322 0.058555
4 9 8
2 0.275548 0.0194443 0.0123677 0.0125
10 0.268121 0.00236234 0.0197765 0.0125
9 0.268428 -0.0120957 0.0336343 0.0125
4 0.15785 -0.114801 0.0743805 0.0125
1 -0.109647 -0.16787 0.0118361 0.0125
8 0.275217 -0.0288695 0.0421703 0.0125
5 0.246194 -0.0727213 0.0679089 0.0125
6 0.263689 -0.0622953 0.060748 0.0125
7 0.272505 -0.0467425 0.0515 0.0125
e_1_4 1 4 1 0.0125 0.0241017 -0.141336 0.0431083 0.0763942 0.596405 0.180365 0.778418 0.279791
e_4_5 4 5 2 0.0125 0.202022 -0.0937611 0.0711452 -0.0954902 0.696517 0.218766 0.676673 0.098068
e_5_6 5 6 3 0.0125 0.254942 -0.0675082 0.064329 -0.199357 0.802021 0.150384 0.54259 0.021588
e_6_7 6 7 4 0.0125 0.268096 -0.054519 0.0561241 -0.391935 0.837029 0.170662 0.34153 0.020128
e_7_8 7 8 5 0.0125 0.27386 -0.0378058 0.0468346 -0.498229 0.845441 0.120549 0.149887 0.020343
e_8_9 8 9 6 0.0125 0.271823 -0.0204825 0.0379028 -0.234795 0.628069 -0.564663 -0.481203 0.020008
e_9_10 9 10 7 0.0125 0.268274 -0.00486676 0.0267059 -0.371916 0.877556 -0.275385 -0.125448 0.020029
e_10_2 10 2 8 0.0125 0.271834 0.0109036 0.0160721 -0.417242 0.784759 0.26256 0.375666 0.020046
5 11 10
2 0.372806 -0.111726 0.011494 0.0125
12 0.354734 -0.114796 0.0196193 0.0125
11 0.340989 -0.123839 0.0311184 0.0125
10 0.323974 -0.134412 0.0321007 0.0125
9 0.30707 -0.144951 0.0340585 0.0125
4 0.13012 -0.158255 0.0115001 0.0125
1 -0.0581766 -0.0358297 0.0525963 0.0125
8 0.289467 -0.148129 0.0244768 0.0125
5 0.201878 -0.178622 0.0186633 0.0125
6 0.231678 -0.173258 0.0269569 0.0125
7 0.250821 -0.168854 0.0321955 0.0125
e_1_4 1 4 1 0.0125 0.0359718 -0.0970422 0.0320482 0.637666 0.358438 0.679351 -0.058186 0.228325
e_4_5 4 5 2 0.0125 0.165999 -0.168439 0.0150818 0.74011 0.189105 0.645319 0.00628877 0.074936
e_5_6 5 6 3 0.0125 0.216778 -0.17594 0.0228103 0.78826 -0.0287629 0.605879 0.10358 0.031395
e_6_7 6 7 4 0.0125 0.24125 -0.171056 0.0295762 0.784542 -0.048711 0.607281 0.115464 0.020329
e_7_8 7 8 5 0.0125 0.270144 -0.158491 0.0283361 0.602214 -0.102721 0.759025 0.225095 0.044527
e_8_9 8 9 6 0.0125 0.29827 -0.14654 0.0292676 0.854961 -0.048773 0.511402 0.0716282 0.020292
e_9_10 9 10 7 0.0125 0.315522 -0.139682 0.033079 0.629502 -0.148174 0.725906 0.234162 0.020016
e_10_11 10 11 8 0.0125 0.332482 -0.129125 0.0316104 0.650469 -0.156365 0.707133 0.228918 0.020056
e_11_12 11 12 9 0.0125 0.347861 -0.119317 0.0253689 0.388337 -0.00796813 0.886773 0.250529 0.020074
e_12_2 12 2 10 0.0125 0.36377 -0.113261 0.0155563 0.523281 0.0980005 0.832462 0.153559 0.020051
6 8 7
2 0.388508 0.155179 0.143339 0.0125
9 0.36901 0.141658 0.134357 0.0125
4 0.343164 0.0589628 0.0476465 0.0125
1 0.388512 -0.283475 0.0348787 0.0125
8 0.362887 0.125833 0.121667 0.0125
5 0.342776 0.0796664 0.0543418 0.0125
6 0.349358 0.0992553 0.0874662 0.0125
7 0.353789 0.118616 0.104063 0.0125
e_1_4 1 4 1 0.0125 0.365838 -0.112256 0.0412625 -0.46873 0.378661 0.581505 0.54659 0.345663
e_4_5 4 5 2 0.0125 0.34297 0.0693141 0.0509936 -0.500493 0.355442 0.46886 0.635089 0.021763
e_5_6 5 6 3 0.0125 0.346066 0.0894608 0.0709034 -0.569334 0.225199 0.15835 0.774642 0.039042
e_6_7 6 7 4 0.0125 0.351573 0.108936 0.0957644 -0.519925 0.314343 0.283858 0.741816 0.025883
e_7_8 7 8 5 0.0125 0.358338 0.122225 0.112865 -0.473088 0.284056 0.0440767 0.832801 0.021089
e_8_9 8 9 6 0.0125 0.365948 0.133745 0.128012 -0.472989 0.358063 0.268961 0.758771 0.021189
e_9_2 9 2 7 0.0125 0.378759 0.148418 0.138848 -0.226706 0.538166 0.182634 0.790965 0.025371
7 7 6
2 0.212657 0.0329803 0.0123081 0.0125
4 0.216159 -0.0832437 0.0377848 0.0125
1 0.35318 -0.349266 0.255093 0.0125
8 0.203236 0.00714189 0.0136514 0.0125
5 0.206667 -0.0666642 0.0229745 0.0125
6 0.201322 -0.0426923 0.0186507 0.0125
7 0.193536 -0.0101795 0.0161802 0.0125
e_1_4 1 4 1 0.0125 0.284668 -0.216255 0.146439 -0.430596 0.621556 0.638335 0.144167 0.369819
e_4_5 4 5 2 0.0125 0.211412 -0.0749532 0.0303801 -0.424811 0.635793 0.634115 0.114899 0.024172
e_5_6 5 6 3 0.0125 0.203995 -0.0546776 0.0208127 0.452698 -0.408095 -0.648194 -0.456473 0.024938
e_6_7 6 7 4 0.0125 0.197429 -0.0264359 0.0174154 0.416766 -0.30146 -0.667806 -0.538018 0.033523
e_7_8 7 8 5 0.0125 0.198386 -0.00151854 0.0149164 0.65078 -0.708722 0.24679 -0.115296 0.020013
e_8_2 8 2 6 0.0125 0.207947 0.0200613 0.0129801 0.664677 -0.721841 0.0576817 -0.183909 0.027535
8 7 6
2 -0.260519 -0.19329 0.0121153 0.0125
4 0.108309 -0.170657 0.0726997 0.0125
1 0.161737 -0.185712 0.084619 0.0125
8 -0.111409 -0.0959853 0.0715157 0.0125
5 0.0821226 -0.151182 0.0768187 0.0125
6 -0.00143415 -0.0858637 0.0760037 0.0125
7 -0.0243407 -0.077683 0.0636974 0.0125
e_1_4 1 4 1 0.0125 0.135024 -0.178184 0.078659 0.469118 0.340772 -0.699178 -0.418274 0.056774
e_4_5 4 5 2 0.0125 0.0952162 -0.16092 0.0747595 0.567361 0.048597 -0.659556 -0.490638 0.032894
e_5_6 5 6 3 0.0125 0.0403444 -0.118522 0.0764112 0.488104 0.10026 -0.702702 -0.50785 0.106061
e_6_7 6 7 4 0.0125 -0.0128874 -0.0817728 0.0698509 0.329662 0.443031 -0.727638 -0.406928 0.02726
e_7_8 7 8 5 0.0125 -0.0678746 -0.0868337 0.0676065 0.680206 0.383426 -0.55607 -0.284765 0.089314
e_8_2 8 2 6 0.0125 -0.185964 -0.144637 0.0418159 0.558858 0.62328 -0.519382 -0.171586 0.187697
9 7 6
2 -0.388501 -0.147943 0.0343593 0.0125
4 -0.268707 -0.0245145 0.0289264 0.0125
1 -0.0626917 0.20645 0.089812 0.0125
8 -0.380099 -0.131313 0.022954 0.0125
5 -0.33266 -0.0689149 0.0136994 0.0125
6 -0.340189 -0.0943345 0.0118041 0.0125
7 -0.367394 -0.118269 0.013434 0.0125
e_1_4 1 4 1 0.0125 -0.165699 0.0909677 0.0593683 0.631963 0.52155 -0.569648 0.0640984 0.315427
e_4_5 4 5 2 0.0125 -0.300684 -0.0467141 0.0213128 0.635626 0.436719 -0.636587 0.00354419 0.07933
e_5_6 5 6 3 0.0125 -0.336424 -0.0816247 0.0127519 0.660564 0.629246 -0.373781 0.16731 0.026579
e_6_7 6 7 4 0.0125 -0.353791 -0.106302 0.0126195 0.722408 0.438647 -0.533964 0.0244541 0.036272
e_7_8 7 8 5 0.0125 -0.373746 -0.124791 0.0181944 0.85516 0.363046 -0.369522 0.0187791 0.020547
e_8_2 8 2 6 0.0125 -0.384301 -0.139628 0.0286569 0.869243 0.416069 -0.256598 0.0739022 0.021845
10 10 9
2 0.0424491 -0.0160396 0.123565 0.0125
11 0.0434321 -0.0228437 0.104755 0.0125
10 0.0415135 -0.0308673 0.0864873 0.0125
9 0.0477672 -0.0290595 0.0675441 0.0125
4 0.148313 0.0811865 0.0251583 0.0125
1 0.379267 0.22757 0.0121838 0.0125
8 0.0532861 -0.0115136 0.0514845 0.0125
5 0.0925389 0.042981 0.0265209 0.0125
6 0.0762366 0.0286616 0.0269052 0.0125
7 0.0632912 0.00713431 0.039597 0.0125
e_1_4 1 4 1 0.0125 0.263789 0.154378 0.0186712 0.314326 0.685538 0.0796076 -0.651843 0.273745
e_4_5 4 5 2 0.0125 0.120426 0.062084 0.0258399 0.309372 0.691818 0.106381 -0.643708 0.067618
e_5_6 5 6 3 0.0125 0.0843878 0.0358213 0.0267131 0.378122 0.691627 0.113084 -0.604886 0.021702
e_6_7 6 7 4 0.0125 0.0697646 0.0178978 0.0332517 0.790379 0.517292 -0.0832021 -0.317472 0.028144
e_7_8 7 8 5 0.0125 0.0582888 -0.00218935 0.0455412 0.816435 0.498476 -0.0815872 -0.279821 0.024273
e_8_9 8 9 6 0.0125 0.0505267 -0.0202865 0.0595143 0.902958 0.40726 -0.0727181 -0.116268 0.024418
e_9_10 9 10 7 0.0125 0.0446409 -0.0299638 0.0770158 0.918506 -0.0150678 -0.164045 0.359456 0.020031
e_10_11 10 11 8 0.0125 0.0424728 -0.0268555 0.0956211 0.740399 -0.123104 0.170755 0.638356 0.020044
e_11_2 11 2 9 0.0125 0.0429406 -0.0194417 0.11416 0.760534 -0.149074 0.0903352 0.625464 0.020026
11 8 7
2 -0.173162 0.194723 0.0359474 0.0125
9 -0.178143 0.173879 0.0354576 0.0125
4 -0.323922 -0.162122 0.0533901 0.0125
1 -0.347039 -0.252573 0.0729229 0.0125
8 -0.189368 0.157944 0.0399534 0.0125
5 -0.263131 0.0881883 0.042227 0.0125
6 -0.250702 0.106439 0.0464416 0.0125
7 -0.203771 0.145684 0.0503265 0.0125
e_1_4 1 4 1 0.0125 -0.335481 -0.207347 0.0631565 -0.456044 0.411133 -0.658305 -0.435464 0.095379
e_4_5 4 5 2 0.0125 -0.293527 -0.0369666 0.0478088 -0.531144 0.429814 -0.580437 -0.442988 0.257829
e_5_6 5 6 3 0.0125 -0.256916 0.0973134 0.0443343 -0.730584 0.385465 -0.507614 -0.244932 0.022478
e_6_7 6 7 4 0.0125 -0.227236 0.126061 0.0483847 -0.716816 0.335349 -0.596536 -0.133643 0.061302
e_7_8 7 8 5 0.0125 -0.196569 0.151814 0.0451402 -0.479477 0.303305 -0.80525 -0.172283 0.021572
e_8_9 8 9 6 0.0125 -0.183755 0.165912 0.0377061 -0.55581 0.368123 -0.690559 -0.280517 0.020003
e_9_2 9 2 7 0.0125 -0.175652 0.184301 0.0357025 -0.563083 0.435131 -0.547022 -0.44087 0.021437
12 11 10
2 0.0364484 0.262459 0.0619551 0.0125
12 0.0197593 0.260868 0.0510453 0.0125
11 0.00131003 0.2653 0.0447144 0.0125
10 -0.012917 0.258382 0.0324694 0.0125
9 -0.0282532 0.263259 0.02057 0.0125
4 -0.155953 0.194042 0.054874 0.0125
1 -0.356007 0.0342885 0.126752 0.0125
8 -0.0482406 0.261778 0.019947 0.0125
5 -0.104239 0.234936 0.0299157 0.0125
6 -0.0853963 0.245298 0.022342 0.0125
7 -0.0671357 0.253501 0.021163 0.0125
e_1_4 1 4 1 0.0125 -0.25598 0.114165 0.0908135 0.49 -0.767583 0.214407 -0.353194 0.265911
e_4_5 4 5 2 0.0125 -0.130097 0.214489 0.0423948 0.437093 -0.805021 0.1702 -0.363213 0.070496
e_5_6 5 6 3 0.0125 -0.0948179 0.240117 0.0261283 0.396374 -0.790132 0.204411 -0.420469 0.022799
e_6_7 6 7 4 0.0125 -0.0762658 0.249399 0.0217525 0.561838 -0.625015 0.372496 -0.393625 0.020053
e_7_8 7 8 5 0.0125 -0.0576883 0.25764 0.0205554 0.559508 -0.623734 0.374674 -0.396895 0.020664
e_8_9 8 9 6 0.0125 -0.0382469 0.262518 0.020259 0.552832 -0.482533 0.50163 -0.458156 0.020052
e_9_10 9 10 7 0.0125 -0.0205844 0.26082 0.0265196 0.810191 0.304188 0.331971 0.375307 0.020015
e_10_11 10 11 8 0.0125 -0.0058035 0.261841 0.0385919 0.894936 -0.160367 0.410162 0.0716872 0.020005
e_11_12 11 12 9 0.0125 0.0105347 0.263084 0.0478799 0.810465 0.162649 0.561506 0.0374516 0.020002
e_12_2 12 2 10 0.0125 0.0281036 0.261663 0.0565003 0.875568 -0.0029102 0.476732 0.0780962 0.020002
