20
1 10 9
2 -0.0416001 0.281737 0.028339 0.0125
11 -0.0463539 0.264001 0.0199639 0.0125
10 -0.0494187 0.245026 0.0143991 0.0125
9 -0.0527 0.225167 0.0117062 0.0125
4 -0.0667795 0.0395542 0.0118059 0.0125
1 -0.176173 -0.187347 0.0142088 0.0125
8 -0.058233 0.205735 0.0159528 0.0125
5 -0.0647921 0.128467 0.019463 0.0125
6 -0.0639103 0.151845 0.0181939 0.0125
7 -0.0605355 0.18383 0.0161393 0.0125
e_1_4 1 4 1 0.0125 -0.121476 -0.073896 0.0130073 0.643462 -0.460239 0.541247 0.284937 0.251907
e_4_5 4 5 2 0.0125 -0.0657856 0.0840109 0.015634 0.641715 -0.581275 0.345303 0.362061 0.089263
e_5_6 5 6 3 0.0125 -0.0643517 0.140156 0.0188282 0.580427 -0.597645 0.412187 0.368818 0.02343
e_6_7 6 7 4 0.0125 -0.0622227 0.167838 0.0171661 0.583734 -0.578853 0.443622 0.356908 0.032228
e_7_8 7 8 5 0.0125 -0.0593842 0.194782 0.0160461 0.608386 -0.572815 0.419652 0.35446 0.022026
e_8_9 8 9 6 0.0125 -0.055466 0.215451 0.0138297 0.540405 -0.530974 0.566496 0.324208 0.020646
e_9_10 9 10 7 0.0125 -0.05106 0.235096 0.0130528 0.674357 -0.534601 0.384578 0.333983 0.020307
e_10_11 10 11 8 0.0125 -0.0478867 0.254513 0.0171813 0.732871 -0.505479 0.324713 0.319301 0.02001
e_11_2 11 2 9 0.0125 -0.0439772 0.272869 0.0241519 0.791592 -0.444315 0.308384 0.284369 0.020183
2 11 10
2 -0.114992 0.27676 0.0767798 0.0125
12 -0.118226 0.258761 0.0673183 0.0125
11 -0.121277 0.240605 0.0587375 0.0125
10 -0.123902 0.222681 0.0502271 0.0125
9 -0.128421 0.203589 0.0412245 0.0125
4 -0.116293 0.0412317 0.0206508 0.0125
1 -0.0800925 -0.196928 0.0741091 0.0125
8 -0.136369 0.182795 0.0369828 0.0125
5 -0.125268 0.078047 0.0122822 0.0125
6 -0.134224 0.113503 0.0186555 0.0125
7 -0.139158 0.162918 0.0304258 0.0125
e_1_4 1 4 1 0.0125 -0.0981922 -0.0778483 0.0473799 0.298259 -0.470521 0.62204 0.550198 0.246755
e_4_5 4 5 2 0.0125 -0.12078 0.0596391 0.0164665 0.259791 -0.482243 0.612582 0.56982 0.038807
e_5_6 5 6 3 0.0125 -0.129746 0.0957754 0.0154689 0.619515 -0.597582 0.238858 0.449492 0.03712
e_6_7 6 7 4 0.0125 -0.136691 0.13821 0.0245407 0.670215 -0.559327 0.268032 0.407584 0.051037
e_7_8 7 8 5 0.0125 -0.137764 0.172856 0.0337043 0.733581 -0.492474 0.319717 0.342212 0.021116
e_8_9 8 9 6 0.0125 -0.132395 0.193192 0.0391031 0.688588 -0.430107 0.47055 0.345596 0.022662
e_9_10 9 10 7 0.0125 -0.126161 0.213135 0.0457258 0.794112 -0.454388 0.29155 0.279136 0.021587
e_10_11 10 11 8 0.0125 -0.122589 0.231643 0.0544828 0.794978 -0.473406 0.25157 0.283919 0.020014
e_11_12 11 12 9 0.0125 -0.119752 0.249683 0.0630284 0.794272 -0.469173 0.261987 0.283498 0.020312
e_12_2 12 2 10 0.0125 -0.116609 0.267761 0.072049 0.812937 -0.458664 0.2447 0.262454 0.02059
3 6 5
2 0.20123 -0.149003 0.0116406 0.0125
7 0.168059 -0.130374 0.0167598 0.0125
6 0.09994 -0.0649969 0.01459 0.0125
5 0.00564809 0.0287134 0.0122014 0.0125
1 -0.06038 0.245132 0.0625198 0.0125
4 -0.041642 0.189128 0.0340776 0.0125
e_1_4 1 4 1 0.0125 -0.051011 0.21713 0.0482987 0.317116 0.69434 -0.484609 0.42718 0.065548
e_4_5 4 5 2 0.0125 -0.0179967 0.108921 0.0231392 0.46651 0.660073 -0.359383 0.466386 0.168665
e_5_6 5 6 3 0.0125 0.052794 -0.0181417 0.0133957 0.336657 0.671291 -0.200963 0.629002 0.132959
e_6_7 6 7 4 0.0125 0.134 -0.0976855 0.0156746 0.331095 0.67103 -0.19553 0.633926 0.094441
e_7_2 7 2 5 0.0125 0.184645 -0.139688 0.0141999 0.0992921 0.704444 -0.265395 0.650741 0.038387
4 6 5
2 0.28871 -0.0549293 0.031385 0.0125
7 0.263847 -0.0275039 0.016686 0.0125
6 0.238707 -0.00939578 0.012451 0.0125
5 0.222741 0.00463876 0.0140626 0.0125
1 -0.0755746 0.280285 0.0453834 0.0125
4 0.0568985 0.14997 0.0281993 0.0125
e_1_4 1 4 1 0.0125 -0.00933745 0.215128 0.0367918 0.640324 0.656384 0.339416 0.209626 0.186618
e_4_5 4 5 2 0.0125 0.13982 0.0773052 0.0211306 0.661004 0.60584 0.406136 0.176307 0.220964
e_5_6 5 6 3 0.0125 0.230724 -0.00237818 0.0132568 0.657046 0.609394 0.407968 0.174618 0.021318
e_6_7 6 7 4 0.0125 0.251277 -0.0184501 0.0145692 0.734023 0.494811 0.432933 0.170125 0.031271
e_7_2 7 2 5 0.0125 0.276278 -0.0412166 0.0240362 0.771291 0.524437 0.201121 0.299376 0.039829
5 6 5
2 0.0149891 -0.189034 0.0130646 0.0125
7 0.00294441 -0.172773 0.0168277 0.0125
6 -0.000150736 -0.152539 0.0185947 0.0125
5 -0.00787907 -0.132481 0.0177478 0.0125
1 -0.172406 0.267454 0.0753131 0.0125
4 -0.0192814 -0.114701 0.0150997 0.0125
e_1_4 1 4 1 0.0125 -0.0958438 0.0763763 0.045206 0.291486 0.061136 0.754072 -0.585384 0.416072
e_4_5 4 5 2 0.0125 -0.0135798 -0.123592 0.0164236 0.508713 0.115479 0.651508 -0.550829 0.021288
e_5_6 5 6 3 0.0125 -0.00401408 -0.14251 0.0181711 0.396589 0.147705 0.677133 -0.601989 0.021512
e_6_7 6 7 4 0.0125 0.00139708 -0.162656 0.0177104 0.228572 0.141435 0.723187 -0.636201 0.020546
e_7_2 7 2 5 0.0125 0.0089667 -0.180904 0.0149465 0.367839 -0.0187452 0.768796 -0.522778 0.020583
6 11 10
2 0.333137 -0.243996 0.0124701 0.0125
12 0.314216 -0.237518 0.0127428 0.0125
11 0.297252 -0.227679 0.0166663 0.0125
10 0.282008 -0.217061 0.0241535 0.0125
9 0.268774 -0.204442 0.0324488 0.0125
4 0.0999952 0.0763577 0.011901 0.0125
1 0.0225697 0.112496 0.0122499 0.0125
8 0.254525 -0.191156 0.0371849 0.0125
5 0.125397 0.0575774 0.0162469 0.0125
6 0.236924 -0.147103 0.0359293 0.0125
7 0.240778 -0.167892 0.0395851 0.0125
e_1_4 1 4 1 0.0125 0.061282 0.0944267 0.0120756 0.705586 0.290223 0.646384 -0.0103571 0.085445
e_4_5 4 5 2 0.0125 0.112696 0.0669672 0.0140744 0.753648 0.381666 0.53496 -0.0127768 0.031888
e_5_6 5 6 3 0.0125 0.181161 -0.044763 0.0260884 0.735051 0.574738 0.357219 -0.0420832 0.233922
e_6_7 6 7 4 0.0125 0.238851 -0.157497 0.0377569 0.764404 0.62822 0.141918 -0.0297542 0.021457
e_7_8 7 8 5 0.0125 0.247651 -0.179524 0.0383852 0.672073 0.596827 0.433641 -0.0638011 0.027129
e_8_9 8 9 6 0.0125 0.261649 -0.197799 0.0348162 0.614703 0.474297 0.627024 -0.0634247 0.020049
e_9_10 9 10 7 0.0125 0.275391 -0.210751 0.0283009 0.535327 0.480058 0.689993 -0.0829371 0.020079
e_10_11 10 11 8 0.0125 0.28963 -0.22237 0.0204094 0.555854 0.392721 0.729855 -0.0641033 0.020029
e_11_12 11 12 9 0.0125 0.305734 -0.232599 0.0147042 0.632816 0.346799 0.691233 -0.0383502 0.02
e_12_2 12 2 10 0.0125 0.323677 -0.240757 0.0126071 0.702269 0.230428 0.673588 -0.000206146 0.020001
7 9 8
2 0.214942 0.26114 0.0285416 0.0125
10 0.203159 0.245691 0.0339712 0.0125
9 0.192896 0.228463 0.037329 0.0125
4 0.135078 0.106386 0.0430556 0.0125
1 0.234204 -0.196634 0.0609259 0.0125
8 0.178565 0.214212 0.0406497 0.0125
5 0.140395 0.149387 0.0346906 0.0125
6 0.158558 0.178872 0.0374259 0.0125
7 0.168009 0.196471 0.0402545 0.0125
e_1_4 1 4 1 0.0125 0.184641 -0.0451242 0.0519908 0.0918798 -0.316244 0.654196 0.680864 0.319322
e_4_5 4 5 2 0.0125 0.137737 0.127886 0.0388736 0.554875 -0.620797 0.457599 0.311975 0.044129
e_5_6 5 6 3 0.0125 0.149477 0.164129 0.0360576 0.725166 -0.626902 0.26005 -0.116195 0.034738
e_6_7 6 7 4 0.0125 0.163284 0.187671 0.0388397 0.739089 -0.628876 0.185484 -0.154461 0.020175
e_7_8 7 8 5 0.0125 0.173287 0.205341 0.0404521 0.710966 -0.631497 0.302739 -0.0639362 0.020649
e_8_9 8 9 6 0.0125 0.18573 0.221338 0.0389891 0.64602 -0.569931 0.506192 -0.0400803 0.020481
e_9_10 9 10 7 0.0125 0.198027 0.237077 0.0356506 0.64241 -0.61037 0.45828 0.0688198 0.020332
e_10_2 10 2 8 0.0125 0.209051 0.253416 0.0312564 0.599759 -0.56808 0.55845 0.0755519 0.020175
8 6 5
2 0.350958 -0.0106667 0.0135631 0.0125
7 0.248756 0.0478764 0.0733042 0.0125
6 0.208916 0.0593776 0.0843184 0.0125
5 0.0379173 0.0998154 0.0577938 0.0125
1 -0.101196 0.141475 0.0788274 0.0125
4 0.0064837 0.107852 0.0571448 0.0125
e_1_4 1 4 1 0.0125 -0.0473563 0.124664 0.0679856 0.390591 -0.440344 0.632831 -0.503052 0.114872
e_4_5 4 5 2 0.0125 0.0222003 0.103834 0.0574688 0.598514 -0.224659 0.662965 -0.389599 0.032451
e_5_6 5 6 3 0.0125 0.123417 0.0795958 0.0710563 0.697027 -0.111469 0.642607 -0.297965 0.177705
e_6_7 6 7 4 0.0125 0.228836 0.0536269 0.0788108 0.332448 -0.518482 0.599613 -0.510998 0.042905
e_7_2 7 2 5 0.0125 0.299857 0.0186048 0.0434336 -0.022534 -0.756996 0.391321 -0.522797 0.132067
9 10 9
2 -0.0751241 -0.19118 0.0983956 0.0125
11 -0.077932 -0.171211 0.100304 0.0125
10 -0.0726707 -0.151646 0.102854 0.0125
9 -0.0698188 -0.131125 0.101622 0.0125
4 -0.0055527 0.119698 0.0571647 0.0125
1 0.00601105 0.285216 0.0643146 0.0125
8 -0.0654601 -0.110715 0.104147 0.0125
5 -0.00454596 0.0546818 0.0473886 0.0125
6 -0.0108835 0.0222191 0.0584709 0.0125
7 -0.0562316 -0.0888438 0.0951337 0.0125
e_1_4 1 4 1 0.0125 0.000229857 0.202457 0.0607396 0.402128 0.377859 -0.615425 0.562821 0.166076
e_4_5 4 5 2 0.0125 -0.00504946 0.0871902 0.0522763 0.334674 0.398772 -0.644451 0.56005 0.065755
e_5_6 5 6 3 0.0125 -0.00771451 0.0384505 0.0529291 0.594922 0.344045 -0.472004 0.552189 0.034883
e_6_7 6 7 4 0.0125 -0.0335569 -0.0333122 0.0768022 0.588694 0.250215 -0.539682 0.547335 0.125441
e_7_8 7 8 5 0.0125 -0.060846 -0.0997791 0.0996397 0.618142 0.247167 -0.511304 0.543487 0.025392
e_8_9 8 9 6 0.0125 -0.067639 -0.12092 0.102885 0.368664 0.276853 -0.695266 0.551402 0.021023
e_9_10 9 10 7 0.0125 -0.0712444 -0.141386 0.102238 0.46177 0.358016 -0.584925 0.562545 0.020755
e_10_11 10 11 8 0.0125 -0.0753012 -0.161429 0.101579 0.371535 0.245628 -0.708598 0.547282 0.02042
e_11_2 11 2 9 0.0125 -0.0765279 -0.181196 0.0993504 0.368292 0.487051 -0.556679 0.56325 0.020256
10 10 9
2 0.388166 0.229313 0.0485997 0.0125
11 0.37594 0.215958 0.0395011 0.0125
10 0.371321 0.197388 0.0332536 0.0125
9 0.355491 0.181408 0.023624 0.0125
4 0.105227 0.116348 0.0742827 0.0125
1 -0.0490459 0.142095 0.0874149 0.0125
8 0.33663 0.164121 0.0124273 0.0125
5 0.226627 0.12491 0.0411255 0.0125
6 0.278576 0.129268 0.02349 0.0125
7 0.316231 0.152224 0.012422 0.0125
e_1_4 1 4 1 0.0125 0.0280904 0.129222 0.0808489 0.0566707 -0.713359 0.181531 -0.674503 0.156957
e_4_5 4 5 2 0.0125 0.165927 0.120628 0.0577035 0.0724776 -0.793663 0.0391272 -0.602756 0.126138
e_5_6 5 6 3 0.0125 0.252602 0.127089 0.0323077 0.0154255 -0.81121 -0.0464729 -0.582702 0.055033
e_6_7 6 7 4 0.0125 0.297404 0.140746 0.017956 0.423246 -0.77093 0.165487 -0.446255 0.045469
e_7_8 7 8 5 0.0125 0.326431 0.158172 0.0124251 0.614412 -0.611877 0.354233 -0.350176 0.023615
e_8_9 8 9 6 0.0125 0.346061 0.172764 0.018026 0.835672 -0.391376 0.382584 -0.0459035 0.027928
e_9_10 9 10 7 0.0125 0.363406 0.189398 0.0284387 0.833322 -0.413072 0.364128 -0.0485367 0.024468
e_10_11 10 11 8 0.0125 0.373631 0.206673 0.0363774 0.809419 -0.569304 0.143959 0.00313043 0.02013
e_11_2 11 2 9 0.0125 0.382053 0.222636 0.0440504 0.851157 -0.389958 0.35131 -0.00676689 0.020263
11 11 10
2 0.0705673 0.000620761 0.0114952 0.0125
12 0.0862739 -0.0116858 0.0131648 0.0125
11 0.103142 -0.0221578 0.0182356 0.0125
10 0.115436 -0.0380779 0.0205212 0.0125
9 0.130679 -0.0502291 0.0256601 0.0125
4 0.246727 -0.241941 0.15893 0.0125
1 0.299003 -0.342713 0.258576 0.0125
8 0.145137 -0.0633953 0.0316755 0.0125
5 0.210739 -0.15875 0.125888 0.0125
6 0.170082 -0.0885524 0.0544632 0.0125
7 0.16154 -0.0742366 0.0421043 0.0125
e_1_4 1 4 1 0.0125 0.272864 -0.292327 0.208753 -0.405892 0.870486 0.268497 -0.0735883 0.151054
e_4_5 4 5 2 0.0125 0.228733 -0.200346 0.142409 0.556007 -0.808628 -0.131788 0.140032 0.096476
e_5_6 5 6 3 0.0125 0.190411 -0.123651 0.090176 -0.233297 0.823087 -0.391074 -0.339354 0.108084
e_6_7 6 7 4 0.0125 0.165811 -0.0813952 0.0482837 0.361045 -0.343023 -0.824694 -0.268071 0.020752
e_7_8 7 8 5 0.0125 0.153338 -0.0688157 0.0368904 0.367921 0.163463 -0.841162 -0.361054 0.022257
e_8_9 8 9 6 0.0125 0.137908 -0.0568125 0.0286681 0.547143 -0.266991 -0.758775 -0.231539 0.020458
e_9_10 9 10 7 0.0125 0.123058 -0.0441537 0.0230909 0.559798 -0.205961 -0.764868 -0.243277 0.02016
e_10_11 10 11 8 0.0125 0.109288 -0.030118 0.0193792 0.663373 -0.547627 -0.506509 -0.0590739 0.020244
e_11_12 11 12 9 0.0125 0.0947079 -0.0169218 0.0157009 0.546663 -0.0668947 -0.786939 -0.278229 0.020491
e_12_2 12 2 10 0.0125 0.0784213 -0.00553304 0.0123298 0.651734 -0.280228 -0.680557 -0.183187 0.020024
12 10 9
2 -0.145057 -0.340398 0.234896 0.0125
11 -0.136014 -0.325283 0.22542 0.0125
10 -0.131055 -0.308551 0.215649 0.0125
9 -0.122062 -0.291508 0.210258 0.0125
4 0.0283527 -0.0835739 0.0435865 0.0125
1 0.0987846 0.0213539 0.0342051 0.0125
8 -0.107077 -0.281335 0.201749 0.0125
5 -0.0637152 -0.22968 0.134222 0.0125
6 -0.0837473 -0.257016 0.181503 0.0125
7 -0.0983636 -0.266808 0.191116 0.0125
e_1_4 1 4 1 0.0125 0.0635678 -0.0311099 0.0388959 -0.0595259 0.332079 0.593892 -0.730393 0.126723
e_4_5 4 5 2 0.0125 -0.0176817 -0.156626 0.0889047 -0.0820875 0.232552 0.462127 -0.851833 0.195033
e_5_6 5 6 3 0.0125 -0.073731 -0.243348 0.157862 -0.15542 0.13813 0.273014 -0.93927 0.058173
e_6_7 6 7 4 0.0125 -0.0910558 -0.261912 0.186309 -0.25128 0.322407 0.395338 -0.822569 0.020048
e_7_8 7 8 5 0.0125 -0.102721 -0.274071 0.196433 -0.0809255 0.209463 0.436249 -0.871357 0.02
e_8_9 8 9 6 0.0125 -0.11457 -0.286421 0.206003 -0.245837 0.336634 0.417223 -0.807568 0.020012
e_9_10 9 10 7 0.0125 -0.126558 -0.30003 0.212953 -0.0301096 0.261623 0.544825 -0.796124 0.020009
e_10_11 10 11 8 0.0125 -0.133535 -0.316917 0.220535 0.0266643 0.15862 0.480188 -0.862293 0.020002
e_11_2 11 2 9 0.0125 -0.140535 -0.332841 0.230158 -0.0736558 0.22463 0.461152 -0.855251 0.020001
13 10 9
2 -0.187809 -0.309046 0.214961 0.0125
11 -0.169311 -0.301437 0.215214 0.0125
10 -0.154528 -0.289898 0.208256 0.0125
9 -0.140778 -0.280657 0.196778 0.0125
4 -0.0191724 -0.105547 0.0994264 0.0125
1 0.0849998 0.0464444 0.0116078 0.0125
8 -0.129852 -0.267627 0.186043 0.0125
5 -0.0959888 -0.218367 0.148739 0.0125
6 -0.109808 -0.23957 0.164107 0.0125
7 -0.119728 -0.253685 0.175534 0.0125
e_1_4 1 4 1 0.0125 0.0329137 -0.0295512 0.0555171 0.845223 0.449576 -0.287692 -0.0267114 0.204121
e_4_5 4 5 2 0.0125 -0.0575804 -0.161957 0.124082 0.818119 0.484194 -0.309291 -0.0240025 0.145123
e_5_6 5 6 3 0.0125 -0.102898 -0.228969 0.156423 0.871089 0.418887 -0.254984 -0.0268482 0.02961
e_6_7 6 7 4 0.0125 -0.114768 -0.246628 0.16982 0.880417 0.396513 -0.258208 -0.0311728 0.020694
e_7_8 7 8 5 0.0125 -0.12479 -0.260656 0.180789 0.871404 0.406348 -0.272987 -0.0318394 0.020182
e_8_9 8 9 6 0.0125 -0.135315 -0.274142 0.191411 0.87487 0.383379 -0.293439 -0.03895 0.02011
e_9_10 9 10 7 0.0125 -0.147653 -0.285277 0.202517 0.883397 0.286749 -0.364733 -0.0659936 0.020154
e_10_11 10 11 8 0.0125 -0.16192 -0.295668 0.211735 0.818822 0.38275 -0.423754 -0.0588646 0.020002
e_11_2 11 2 9 0.0125 -0.178559 -0.305242 0.215088 0.696733 0.353392 -0.617616 -0.0907103 0.020005
14 8 7
2 -0.0371552 0.38046 0.252527 0.0125
9 -0.0188089 0.356087 0.239981 0.0125
4 0.101631 0.0714574 0.100325 0.0125
1 0.133861 -0.0106608 0.0123499 0.0125
8 -0.0131424 0.33664 0.230747 0.0125
5 0.0394135 0.190202 0.160586 0.0125
6 -0.0069216 0.279473 0.203065 0.0125
7 -0.0125306 0.313052 0.220967 0.0125
e_1_4 1 4 1 0.0125 0.117746 0.0303988 0.0563372 0.745366 -0.370658 0.0977002 0.545433 0.124587
e_4_5 4 5 2 0.0125 0.0705231 0.13083 0.130455 0.627615 -0.527062 0.131166 0.557764 0.146978
e_5_6 5 6 3 0.0125 0.0162462 0.234838 0.181826 0.620579 -0.535229 0.137824 0.556252 0.109183
e_6_7 6 7 4 0.0125 -0.00972566 0.296263 0.212016 0.684856 -0.459095 0.237759 0.513493 0.038464
e_7_8 7 8 5 0.0125 -0.0128364 0.324847 0.225858 0.676189 -0.459935 0.311463 0.483963 0.025543
e_8_9 8 9 6 0.0125 -0.0159761 0.346364 0.235364 0.653845 -0.498922 0.209024 0.52903 0.022261
e_9_2 9 2 7 0.0125 -0.0279821 0.368274 0.246254 0.597183 -0.552368 0.0685308 0.577552 0.032985
15 11 10
2 0.387506 0.105933 0.0473368 0.0125
12 0.377065 0.122983 0.0478935 0.0125
11 0.361007 0.134886 0.0485833 0.0125
10 0.342363 0.141952 0.0469907 0.0125
9 0.323025 0.14425 0.0423243 0.0125
4 -0.0348494 0.262576 0.0904686 0.0125
1 -0.0612958 0.283819 0.0893189 0.0125
8 0.303032 0.144519 0.0410258 0.0125
5 0.251546 0.16181 0.0630612 0.0125
6 0.26596 0.150101 0.0537503 0.0125
7 0.283146 0.1478 0.0436779 0.0125
e_1_4 1 4 1 0.0125 -0.0480726 0.273198 0.0898941 -0.0795925 -0.586722 0.372579 -0.714568 0.033941
e_4_5 4 5 2 0.0125 0.108348 0.212194 0.0767653 0.163631 -0.616134 0.406611 -0.654424 0.30484
e_5_6 5 6 3 0.0125 0.258753 0.155956 0.0584056 -0.0296554 -0.689722 0.498383 -0.524422 0.020774
e_6_7 6 7 4 0.0125 0.274552 0.14895 0.0487137 0.241788 -0.695601 0.517005 -0.436329 0.020052
e_7_8 7 8 5 0.0125 0.293088 0.146159 0.0423519 0.275863 -0.622555 0.421486 -0.598895 0.020328
e_8_9 8 9 6 0.0125 0.313028 0.144385 0.0416755 0.390122 -0.572894 0.373357 -0.616605 0.020038
e_9_10 9 10 7 0.0125 0.332694 0.143101 0.0446576 0.321586 -0.531067 0.318544 -0.716296 0.020025
e_10_11 10 11 8 0.0125 0.351685 0.138419 0.0477865 0.142483 -0.57569 0.358846 -0.720769 0.020001
e_11_12 11 12 9 0.0125 0.369036 0.128934 0.0482385 -0.0438832 -0.603658 0.390936 -0.693426 0.020001
e_12_2 12 2 10 0.0125 0.382285 0.114458 0.0476153 -0.291415 -0.59565 0.398898 -0.633371 0.02
16 6 5
2 0.0140644 -0.00185148 0.0503269 0.0125
7 0.00131185 0.00834153 0.0624387 0.0125
6 -0.00768682 0.0175368 0.0783782 0.0125
5 -0.0210234 0.0309855 0.0897303 0.0125
1 -0.217714 0.384976 0.253043 0.0125
4 -0.0276714 0.0521547 0.0992258 0.0125
e_1_4 1 4 1 0.0125 -0.122692 0.218566 0.176135 0.329744 0.0914237 0.82333 -0.452812 0.412972
e_4_5 4 5 2 0.0125 -0.0243474 0.0415701 0.0944781 0.55039 0.78759 0.276472 -0.01835 0.024135
e_5_6 5 6 3 0.0125 -0.0143555 0.0242608 0.0840536 -0.130179 -0.754074 0.434068 -0.475406 0.022081
e_6_7 6 7 4 0.0125 -0.00318764 0.0129394 0.0704081 -0.313684 -0.856363 -0.394605 -0.111943 0.020485
e_7_2 7 2 5 0.0125 0.00768813 0.00324502 0.0563828 -0.203146 -0.87447 0.182204 -0.401043 0.020327
17 7 6
2 0.255539 0.178212 0.107877 0.0125
4 0.146731 -0.15035 0.0396397 0.0125
1 0.190161 -0.272617 0.0136072 0.0125
8 0.217893 0.107014 0.113499 0.0125
5 0.145707 -0.0742335 0.0797035 0.0125
6 0.147846 -0.0368494 0.089306 0.0125
7 0.192558 0.0671207 0.106614 0.0125
e_1_4 1 4 1 0.0125 0.168446 -0.211484 0.026623 0.630666 -0.609727 0.17285 0.447902 0.132337
e_4_5 4 5 2 0.0125 0.146219 -0.112292 0.0596712 0.760204 -0.462119 0.231465 0.393651 0.086023
e_5_6 5 6 3 0.0125 0.146777 -0.0555414 0.0845046 0.664166 -0.495533 0.360895 0.427884 0.038657
e_6_7 6 7 4 0.0125 0.170202 0.0151354 0.0979597 0.64735 -0.376439 0.531701 0.395633 0.114493
e_7_8 7 8 5 0.0125 0.205226 0.0870675 0.110057 0.659837 -0.310328 0.575864 0.369719 0.047758
e_8_2 8 2 6 0.0125 0.236716 0.142613 0.110688 0.560822 -0.33706 0.649008 0.388147 0.080733
18 8 7
2 0.343911 0.167246 0.0584696 0.0125
9 0.326858 0.180324 0.060011 0.0125
4 -0.0442797 0.209026 0.241979 0.0125
1 -0.0950102 0.22456 0.262222 0.0125
8 0.305561 0.186788 0.0658215 0.0125
5 0.207113 0.184277 0.0914726 0.0125
6 0.255534 0.195518 0.0727135 0.0125
7 0.283134 0.192018 0.0710699 0.0125
e_1_4 1 4 1 0.0125 -0.069645 0.216793 0.252101 0.563733 0.327113 0.755798 0.063021 0.056786
e_4_5 4 5 2 0.0125 0.081417 0.196651 0.166727 0.493664 0.118919 0.861268 0.0193002 0.294046
e_5_6 5 6 3 0.0125 0.231324 0.189897 0.0820937 0.567197 -0.244399 0.785372 -0.0418111 0.05313
e_6_7 6 7 4 0.0125 0.269334 0.193768 0.0718922 0.685177 0.125551 0.716741 0.0324165 0.027869
e_7_8 7 8 5 0.0125 0.294347 0.189404 0.0684462 0.62165 0.237257 0.744865 0.0493622 0.023619
e_8_9 8 9 6 0.0125 0.316209 0.183557 0.062916 0.608204 0.304855 0.73032 0.0615123 0.023003
e_9_2 9 2 7 0.0125 0.335384 0.173785 0.0592403 0.672025 0.535133 0.49939 0.112358 0.021546
19 10 9
2 0.12312 -0.0224399 0.0404141 0.0125
11 0.126956 -0.00678181 0.0526065 0.0125
10 0.13714 0.00717041 0.0628622 0.0125
9 0.142594 0.0162793 0.0803338 0.0125
4 0.145351 0.150702 0.147203 0.0125
1 0.066411 0.397545 0.258293 0.0125
8 0.151239 0.0307416 0.0943159 0.0125
5 0.15923 0.103061 0.121056 0.0125
6 0.163658 0.0775044 0.11306 0.0125
7 0.154583 0.0529993 0.104056 0.0125
e_1_4 1 4 1 0.0125 0.105881 0.274124 0.202749 0.532438 0.704619 0.447779 -0.139698 0.281964
e_4_5 4 5 2 0.0125 0.15229 0.126882 0.13413 0.496384 0.723398 0.458014 -0.143253 0.05609
e_5_6 5 6 3 0.0125 0.161444 0.0902827 0.117058 0.571643 0.725814 0.347132 -0.160991 0.027142
e_6_7 6 7 4 0.0125 0.159121 0.0652523 0.108558 0.532882 0.813005 0.0436426 -0.230552 0.027639
e_7_8 7 8 5 0.0125 0.152911 0.041871 0.0991857 0.508343 0.812209 0.197228 -0.207376 0.024526
e_8_9 8 9 6 0.0125 0.146917 0.02351 0.0873244 0.344448 0.901695 0.0790081 -0.249115 0.021894
e_9_10 9 10 7 0.0125 0.139868 0.0117254 0.0715978 0.168843 0.903052 0.334356 -0.210227 0.020445
e_10_11 10 11 8 0.0125 0.132048 0.000193849 0.057734 0.420246 0.866631 -0.0648816 -0.261024 0.020089
e_11_2 11 2 9 0.0125 0.125038 -0.0146112 0.0465095 0.389738 0.864021 0.23465 -0.215667 0.020212
20 7 6
2 0.0762409 -0.0904194 0.0619377 0.0125
4 0.0616755 0.0438586 0.0579955 0.0125
1 -0.0916079 0.323194 0.228279 0.0125
8 0.0712454 -0.0654718 0.0619855 0.0125
5 0.0682203 0.0181684 0.0549307 0.0125
6 0.0749616 -0.0207807 0.0641126 0.0125
7 0.0770283 -0.0439408 0.0661187 0.0125
e_1_4 1 4 1 0.0125 -0.0149658 0.183527 0.143137 -0.249035 -0.725211 0.457972 -0.449791 0.361277
e_4_5 4 5 2 0.0125 0.0649478 0.0310138 0.0564627 -0.491901 -0.659045 0.350827 -0.447899 0.026687
e_5_6 5 6 3 0.0125 0.0715913 -0.00130641 0.0595214 -0.657164 -0.572039 0.244214 -0.425753 0.040581
e_6_7 6 7 4 0.0125 0.0759946 -0.032361 0.0651155 -0.619091 -0.598294 0.314718 -0.399654 0.023339
e_7_8 7 8 5 0.0125 0.0741369 -0.0547063 0.0640521 -0.584368 -0.597684 0.483658 -0.259544 0.022674
e_8_2 8 2 6 0.0125 0.0737432 -0.0779459 0.061962 -0.554935 -0.631152 0.320294 -0.437157 0.025443
