20
1 9 8
2 0.261697 -0.348132 0.259835 0.0125
10 0.247706 -0.337688 0.250028 0.0125
9 0.231265 -0.333242 0.239449 0.0125
4 0.080418 -0.152092 0.0674659 0.0125
1 0.0338228 -0.0141046 0.011498 0.0125
8 0.215452 -0.329038 0.227942 0.0125
5 0.119079 -0.189672 0.0869945 0.0125
6 0.180081 -0.291662 0.209524 0.0125
7 0.19374 -0.313812 0.221035 0.0125
e_1_4 1 4 1 0.0125 0.0571206 -0.0830988 0.0394821 0.273407 0.348868 -0.446024 0.777562 0.156026
e_4_5 4 5 2 0.0125 0.0997481 -0.170882 0.0772299 0.149528 0.47791 -0.31831 0.804936 0.057343
e_5_6 5 6 3 0.0125 0.14958 -0.240668 0.148259 0.263666 0.276551 -0.254179 0.888478 0.170694
e_6_7 6 7 4 0.0125 0.186911 -0.302737 0.21528 0.221125 0.398802 -0.372398 0.808319 0.028456
e_7_8 7 8 5 0.0125 0.204597 -0.321425 0.224488 0.0942914 0.538967 -0.288954 0.785575 0.027402
e_8_9 8 9 6 0.0125 0.223358 -0.33114 0.233696 0.0787661 0.454108 -0.0783986 0.883988 0.020004
e_9_10 9 10 7 0.0125 0.239486 -0.335464 0.244739 0.0667768 0.477461 -0.0906513 0.871409 0.02005
e_10_2 10 2 8 0.0125 0.254702 -0.342909 0.254932 0.141737 0.44889 -0.231571 0.851342 0.020024
2 8 7
2 0.163314 0.119073 0.112426 0.0125
9 0.154556 0.113199 0.094348 0.0125
4 -0.0277981 0.0355821 0.0114816 0.0125
1 -0.290127 0.011928 0.0114764 0.0125
8 0.139375 0.105411 0.0834932 0.0125
5 0.0677312 0.0745375 0.0452359 0.0125
6 0.101946 0.0883602 0.0632873 0.0125
7 0.122348 0.0975056 0.0744571 0.0125
e_1_4 1 4 1 0.0125 -0.158963 0.0237551 0.011479 0.691742 -0.208165 0.675764 -0.146639 0.263393
e_4_5 4 5 2 0.0125 0.019966 0.05506 0.0283584 0.805938 -0.272391 0.519925 -0.0771058 0.108548
e_5_6 5 6 3 0.0125 0.0848383 0.0814492 0.0542613 0.846748 -0.228158 0.477737 -0.0522427 0.04108
e_6_7 6 7 4 0.0125 0.112147 0.0929329 0.0688722 0.849151 -0.242355 0.466704 -0.0489266 0.024994
e_7_8 7 8 5 0.0125 0.130861 0.101458 0.0789751 0.845144 -0.252668 0.468297 -0.0508852 0.020834
e_8_9 8 9 6 0.0125 0.146965 0.109305 0.0889206 0.876142 -0.233051 0.421074 -0.0275661 0.020223
e_9_2 9 2 7 0.0125 0.158935 0.116136 0.103387 0.963238 -0.130729 0.225863 0.0637895 0.020929
3 10 9
2 0.0189318 -0.232867 0.0642497 0.0125
11 0.00983467 -0.21509 0.0607423 0.0125
10 0.000195045 -0.197526 0.0586544 0.0125
9 -0.00921545 -0.179995 0.0565569 0.0125
4 -0.134588 -0.0353951 0.0181442 0.0125
1 -0.316719 0.113339 0.0671384 0.0125
8 -0.0213226 -0.163684 0.0531753 0.0125
5 -0.0962351 -0.0825731 0.0252659 0.0125
6 -0.0660783 -0.124728 0.0296666 0.0125
7 -0.0312572 -0.14573 0.0457657 0.0125
e_1_4 1 4 1 0.0125 -0.225654 0.0389715 0.0426413 0.335481 0.76991 -0.0960526 0.534289 0.240195
e_4_5 4 5 2 0.0125 -0.115411 -0.0589845 0.0217053 0.627104 0.660839 0.0716069 0.406083 0.061216
e_5_6 5 6 3 0.0125 -0.081157 -0.103651 0.0274656 0.624315 0.675232 0.0418762 0.390562 0.052018
e_6_7 6 7 4 0.0125 -0.0486677 -0.13523 0.0377162 0.734088 0.479395 0.293484 0.381001 0.043736
e_7_8 7 8 5 0.0125 -0.0262899 -0.154707 0.0494705 0.781527 0.5627 0.11637 0.242984 0.021816
e_8_9 8 9 6 0.0125 -0.0152692 -0.17184 0.0548665 0.666482 0.640984 0.0839297 0.371344 0.020593
e_9_10 9 10 7 0.0125 -0.00451013 -0.188761 0.0576057 0.665219 0.668712 0.0203028 0.331507 0.020007
e_10_11 10 11 8 0.0125 0.00501454 -0.206308 0.0596977 0.662684 0.669087 0.0221228 0.335682 0.020144
e_11_2 11 2 9 0.0125 0.014383 -0.223978 0.0624964 0.703929 0.641551 0.043813 0.301623 0.020275
4 10 9
2 -0.0901168 0.036661 0.0345124 0.0125
11 -0.0753253 0.0305917 0.0471963 0.0125
10 -0.0554345 0.0248101 0.0504752 0.0125
9 -0.0300002 0.0240934 0.0621253 0.0125
4 0.319153 0.0148912 0.120022 0.0125
1 0.386717 0.0027493 0.12776 0.0125
8 0.00289677 0.0235867 0.0773624 0.0125
5 0.180934 0.0461831 0.0900209 0.0125
6 0.143301 0.0428355 0.0892409 0.0125
7 0.0315426 0.0232776 0.0782586 0.0125
e_1_4 1 4 1 0.0125 0.352936 0.00881993 0.123891 0.509657 -0.573646 -0.476376 0.429239 0.069081
e_4_5 4 5 2 0.0125 0.250044 0.0305374 0.105022 -0.119604 -0.71133 0.312348 0.618177 0.144857
e_5_6 5 6 3 0.0125 0.162117 0.0445092 0.0896315 0.222329 0.694804 -0.166048 -0.66351 0.037791
e_6_7 6 7 4 0.0125 0.0874215 0.0330564 0.0837504 -0.00477367 0.728379 0.132804 -0.672164 0.113987
e_7_8 7 8 5 0.0125 0.0172196 0.0234324 0.0778109 0.359687 0.610701 -0.377737 -0.595806 0.028661
e_8_9 8 9 6 0.0125 -0.0135521 0.0238405 0.0697436 -0.537065 0.0722908 0.839581 -0.0379304 0.036258
e_9_10 9 10 7 0.0125 -0.0427173 0.0244522 0.0563 -0.53999 0.0488788 0.840095 -0.016168 0.027985
e_10_11 10 11 8 0.0125 -0.0653799 0.0277009 0.0488358 0.208551 -0.75964 -0.0334823 0.615088 0.020972
e_11_2 11 2 9 0.0125 -0.0827211 0.0336261 0.0408539 -0.270594 -0.439593 0.785818 0.340627 0.020408
5 7 6
2 0.172773 -0.403303 0.277493 0.0125
4 0.144125 -0.291811 0.209971 0.0125
1 -0.00302468 -0.0300679 0.0114903 0.0125
8 0.177626 -0.383706 0.262692 0.0125
5 0.155994 -0.311377 0.214263 0.0125
6 0.164777 -0.331887 0.228084 0.0125
7 0.179496 -0.36053 0.250558 0.0125
e_1_4 1 4 1 0.0125 0.0705501 -0.160939 0.11073 0.822264 0.468572 0.0687537 0.315587 0.35994
e_4_5 4 5 2 0.0125 0.15006 -0.301594 0.212117 0.711801 0.630905 0.0988651 0.292446 0.023283
e_5_6 5 6 3 0.0125 0.160386 -0.321631 0.221174 0.82134 0.485745 0.0275965 0.29781 0.026245
e_6_7 6 7 4 0.0125 0.172137 -0.346209 0.23932 0.830103 0.459358 0.0533511 0.311566 0.039271
e_7_8 7 8 5 0.0125 0.178562 -0.372118 0.256625 0.827675 0.489532 -0.170342 0.215165 0.026226
e_8_2 8 2 6 0.0125 0.1752 -0.393504 0.270093 0.866689 0.400715 -0.209334 0.210849 0.025034
6 10 9
2 -0.129062 -0.288482 0.125772 0.0125
11 -0.125373 -0.273235 0.113249 0.0125
10 -0.121975 -0.256271 0.103187 0.0125
9 -0.11939 -0.237764 0.0958914 0.0125
4 -0.155391 -0.00979881 0.0490877 0.0125
1 -0.0832701 0.173515 0.0125038 0.0125
8 -0.126122 -0.219387 0.0911153 0.0125
5 -0.149864 -0.147254 0.0650859 0.0125
6 -0.141809 -0.177467 0.0765136 0.0125
7 -0.137431 -0.198779 0.0837981 0.0125
e_1_4 1 4 1 0.0125 -0.11933 0.0818582 0.0307955 0.69937 0.638371 0.0344332 -0.319654 0.20036
e_4_5 4 5 2 0.0125 -0.152627 -0.0785272 0.0570868 0.644965 0.560373 0.358084 -0.376534 0.138493
e_5_6 5 6 3 0.0125 -0.145837 -0.162361 0.0707992 0.744732 0.441551 0.365251 -0.342051 0.033291
e_6_7 6 7 4 0.0125 -0.139621 -0.188123 0.0801553 0.73383 0.467132 0.350757 -0.346772 0.022944
e_7_8 7 8 5 0.0125 -0.131776 -0.209083 0.0874562 0.730982 0.351969 0.476975 -0.338051 0.024619
e_8_9 8 9 6 0.0125 -0.122756 -0.228576 0.0935036 0.701851 0.421677 0.451277 -0.354884 0.020146
e_9_10 9 10 7 0.0125 -0.120682 -0.247018 0.0995395 0.760849 0.545057 0.145159 -0.320858 0.020061
e_10_11 10 11 8 0.0125 -0.123674 -0.264753 0.108218 0.818742 0.493967 0.0680668 -0.284649 0.020014
e_11_2 11 2 9 0.0125 -0.127217 -0.280859 0.11951 0.865153 0.433206 0.0199245 -0.251884 0.020073
7 8 7
2 0.181666 -0.310372 0.259836 0.0125
9 0.164241 -0.315444 0.251422 0.0125
4 0.0570683 -0.251155 0.151251 0.0125
1 -0.107294 -0.0200249 0.0114961 0.0125
8 0.147751 -0.312107 0.240595 0.0125
5 0.100003 -0.288379 0.20486 0.0125
6 0.111767 -0.29977 0.220289 0.0125
7 0.131705 -0.305441 0.230683 0.0125
e_1_4 1 4 1 0.0125 -0.0251124 -0.13559 0.0813734 0.823438 0.342715 0.401918 -0.207265 0.316177
e_4_5 4 5 2 0.0125 0.0785352 -0.269767 0.178056 0.902076 0.199044 0.34244 -0.171389 0.078121
e_5_6 5 6 3 0.0125 0.105884 -0.294074 0.212574 0.900124 0.214318 0.33347 -0.180674 0.022499
e_6_7 6 7 4 0.0125 0.121736 -0.302605 0.225486 0.848245 0.10282 0.515057 -0.0680122 0.02319
e_7_8 7 8 5 0.0125 0.139728 -0.308774 0.23564 0.859314 0.139738 0.482429 -0.0965168 0.020004
e_8_9 8 9 6 0.0125 0.155996 -0.313776 0.246009 0.875458 0.0603407 0.475176 -0.0643486 0.020007
e_9_2 9 2 7 0.0125 0.172954 -0.312908 0.255629 0.841734 -0.124342 0.523676 0.042274 0.020003
8 7 6
2 -0.36694 -0.0801472 0.0958059 0.0125
4 -0.0982928 0.250084 0.0154796 0.0125
1 -0.0559275 0.287195 0.0114555 0.0125
8 -0.36311 -0.0589552 0.0903345 0.0125
5 -0.257249 0.0713641 0.0768038 0.0125
6 -0.345121 -0.0201557 0.0725404 0.0125
7 -0.356111 -0.0434436 0.0777167 0.0125
e_1_4 1 4 1 0.0125 -0.0771101 0.26864 0.013467 -0.276355 -0.644196 -0.222221 0.677685 0.056464
e_4_5 4 5 2 0.0125 -0.177771 0.160725 0.0461412 -0.343057 -0.565909 -0.235726 0.711683 0.246919
e_5_6 5 6 3 0.0125 -0.301185 0.0256042 0.0746721 -0.288477 -0.668187 -0.265175 0.632447 0.126947
e_6_7 6 7 4 0.0125 -0.350616 -0.0318 0.0751286 -0.423838 -0.540163 -0.331223 0.647208 0.026266
e_7_8 7 8 5 0.0125 -0.359611 -0.0511994 0.0840256 -0.470466 -0.373084 -0.250995 0.759257 0.021184
e_8_2 8 2 6 0.0125 -0.365025 -0.0695508 0.0930702 -0.503977 -0.469733 -0.395258 0.60756 0.022219
9 11 10
2 -0.0691728 -0.042118 0.0948488 0.0125
12 -0.0496546 -0.0461763 0.0931785 0.0125
11 -0.030724 -0.0519138 0.0961313 0.0125
10 -0.0130169 -0.0594353 0.101633 0.0125
9 0.00401106 -0.0681732 0.107506 0.0125
4 0.241618 -0.105945 0.0504823 0.0125
1 0.38776 -0.0441317 0.0124366 0.0125
8 0.0204027 -0.0807295 0.10793 0.0125
5 0.078007 -0.101869 0.0894122 0.0125
6 0.0520765 -0.102184 0.0952885 0.0125
7 0.0335361 -0.0949433 0.10036 0.0125
e_1_4 1 4 1 0.0125 0.314689 -0.0750382 0.0314589 0.723793 0.00121879 -0.61921 0.304468 0.163174
e_4_5 4 5 2 0.0125 0.159813 -0.103907 0.0699467 0.704783 -0.286302 -0.54984 0.344945 0.168228
e_5_6 5 6 3 0.0125 0.0650415 -0.102027 0.0923501 0.700265 -0.270022 -0.562659 0.346599 0.02659
e_6_7 6 7 4 0.0125 0.0428067 -0.0985643 0.0978241 0.718271 -0.440465 -0.427235 0.327945 0.02054
e_7_8 7 8 5 0.0125 0.0269696 -0.087836 0.104145 0.784281 -0.513163 -0.233506 0.258926 0.02078
e_8_9 8 9 6 0.0125 0.0122073 -0.0744514 0.107718 0.621815 -0.646144 -0.304602 0.321031 0.020653
e_9_10 9 10 7 0.0125 -0.0045026 -0.063804 0.104569 0.474663 -0.723843 -0.350297 0.357823 0.020019
e_10_11 10 11 8 0.0125 -0.0218703 -0.0556742 0.0988826 0.47573 -0.697062 -0.389346 0.369046 0.02001
e_11_12 11 12 9 0.0125 -0.0401894 -0.0490447 0.0946545 0.531196 -0.600215 -0.462121 0.379497 0.02
e_12_2 12 2 10 0.0125 -0.0594138 -0.0441468 0.0940133 0.639345 -0.448061 -0.507431 0.364681 0.020005
10 11 10
2 -0.00365008 -0.193477 0.139554 0.0125
12 0.00387108 -0.174431 0.139138 0.0125
11 0.0182946 -0.16009 0.136912 0.0125
10 0.0328013 -0.145803 0.134433 0.0125
9 0.0493314 -0.130663 0.130282 0.0125
4 0.215165 0.157284 0.0283301 0.0125
1 0.246338 0.210956 0.0114944 0.0125
8 0.0695407 -0.0931629 0.115298 0.0125
5 0.129819 -0.00156938 0.0708097 0.0125
6 0.0962551 -0.0577785 0.084095 0.0125
7 0.0823638 -0.0762527 0.10031 0.0125
e_1_4 1 4 1 0.0125 0.230751 0.18412 0.0199122 0.143908 -0.204903 -0.571945 0.781143 0.06431
e_4_5 4 5 2 0.0125 0.172491 0.0778577 0.0495699 0.121139 -0.20577 -0.585673 0.774578 0.185265
e_5_6 5 6 3 0.0125 0.113038 -0.0296741 0.0774524 0.125364 -0.232199 -0.588764 0.764018 0.066802
e_6_7 6 7 4 0.0125 0.0893094 -0.0670158 0.0922019 0.306465 -0.132841 -0.441833 0.832596 0.028234
e_7_8 7 8 5 0.0125 0.0759522 -0.084708 0.107803 0.308665 -0.13317 -0.440244 0.832572 0.025981
e_8_9 8 9 6 0.0125 0.0594362 -0.111913 0.122789 0.160798 -0.168585 -0.55288 0.800029 0.045157
e_9_10 9 10 7 0.0125 0.041066 -0.138232 0.132357 0.217998 -0.329727 -0.547917 0.737254 0.022797
e_10_11 10 11 8 0.0125 0.0255479 -0.152947 0.135673 0.187593 -0.340715 -0.568769 0.724724 0.020512
e_11_12 11 12 9 0.0125 0.0110827 -0.167261 0.138025 0.182472 -0.343615 -0.572302 0.721875 0.020461
e_12_2 12 2 10 0.0125 0.000110503 -0.183954 0.139346 0.00860607 -0.24921 -0.654016 0.714202 0.020481
11 6 5
2 -0.231511 -0.253288 0.0124472 0.0125
7 -0.202578 -0.210976 0.0177866 0.0125
6 -0.184869 -0.0300961 0.0626467 0.0125
5 -0.178828 0.0244258 0.0764965 0.0125
1 -0.128608 0.218988 0.10037 0.0125
4 -0.146893 0.108341 0.0988613 0.0125
e_1_4 1 4 1 0.0125 -0.13775 0.163665 0.0996158 0.424876 0.332443 -0.629448 0.559247 0.112158
e_4_5 4 5 2 0.0125 -0.16286 0.0663835 0.0876792 0.309104 0.127306 -0.777591 0.532541 0.09253
e_5_6 5 6 3 0.0125 -0.181848 -0.00283564 0.0695723 -0.150748 -0.276593 -0.738843 0.595721 0.056577
e_6_7 6 7 4 0.0125 -0.193724 -0.120537 0.040217 -0.179096 -0.300998 -0.727474 0.590005 0.1872
e_7_2 7 2 5 0.0125 -0.217044 -0.232132 0.0151165 0.609454 0.384681 -0.635472 0.27706 0.051535
12 9 8
2 -0.202928 0.255689 0.0887184 0.0125
10 -0.193528 0.236521 0.0778061 0.0125
9 -0.183039 0.21474 0.0704712 0.0125
4 -0.111249 -0.141473 0.0679285 0.0125
1 -0.0992616 -0.221338 0.0975963 0.0125
8 -0.17748 0.195383 0.0726212 0.0125
5 -0.129104 -0.0566479 0.0685063 0.0125
6 -0.160185 0.138325 0.067793 0.0125
7 -0.172532 0.165392 0.0696765 0.0125
e_1_4 1 4 1 0.0125 -0.105255 -0.181406 0.0827624 0.5257 -0.792958 0.208882 0.226333 0.086036
e_4_5 4 5 2 0.0125 -0.120176 -0.0990603 0.0682177 0.703701 -0.702494 -0.0563157 0.0901945 0.086687
e_5_6 5 6 3 0.0125 -0.144644 0.0408382 0.0681497 0.696727 -0.70838 0.00190511 0.112984 0.197436
e_6_7 6 7 4 0.0125 -0.166358 0.151859 0.0687344 0.728735 -0.613436 -0.303505 -0.0229438 0.029811
e_7_8 7 8 5 0.0125 -0.175006 0.180388 0.0711488 0.735163 -0.671492 -0.0298196 0.088009 0.030538
e_8_9 8 9 6 0.0125 -0.180259 0.205061 0.0715459 0.66351 -0.734538 -0.116255 0.0818095 0.020254
e_9_10 9 10 7 0.0125 -0.188284 0.22563 0.0741386 0.801562 -0.51893 -0.292469 -0.0516934 0.025263
e_10_2 10 2 8 0.0125 -0.198228 0.246105 0.083262 0.850448 -0.449608 -0.265136 -0.0655308 0.023976
13 7 6
2 0.0626721 0.349682 0.219841 0.0125
4 0.0495682 0.18277 0.161367 0.0125
1 -0.012812 -0.129161 0.123761 0.0125
8 0.0632916 0.322898 0.215768 0.0125
5 0.0633134 0.242473 0.187511 0.0125
6 0.0629939 0.265506 0.196363 0.0125
7 0.0624018 0.298588 0.212282 0.0125
e_1_4 1 4 1 0.0125 0.0183783 0.0268044 0.142565 0.739675 -0.625861 0.222703 0.107622 0.320322
e_4_5 4 5 2 0.0125 0.0564408 0.212621 0.174439 0.826359 -0.514776 0.196889 0.115637 0.06661
e_5_6 5 6 3 0.0125 0.0631535 0.25399 0.191937 0.810587 -0.55823 0.0949146 0.149394 0.024677
e_6_7 6 7 4 0.0125 0.0626979 0.282046 0.204322 0.832926 -0.525206 0.0859513 0.151678 0.036718
e_7_8 7 8 5 0.0125 0.0628469 0.310743 0.214025 0.743462 -0.639804 0.140433 0.134884 0.024576
e_8_2 8 2 6 0.0125 0.0629814 0.33629 0.217805 0.744443 -0.642525 0.109586 0.144765 0.027098
14 10 9
2 -0.0309071 -0.230695 0.0194797 0.0125
11 -0.0455869 -0.217707 0.0153409 0.0125
10 -0.0615796 -0.205814 0.0117444 0.0125
9 -0.0777631 -0.193875 0.0128416 0.0125
4 -0.0896712 0.176164 0.0530574 0.0125
1 -0.0742884 0.220621 0.0462636 0.0125
8 -0.0995068 -0.172778 0.0144159 0.0125
5 -0.12004 -0.0257678 0.0453454 0.0125
6 -0.123081 -0.0649021 0.044551 0.0125
7 -0.120528 -0.135574 0.0193175 0.0125
e_1_4 1 4 1 0.0125 -0.0819796 0.198393 0.0496608 0.747328 0.643822 -0.118408 -0.1139 0.047531
e_4_5 4 5 2 0.0125 -0.104855 0.0751979 0.0492014 0.68241 0.719981 0.0222478 -0.124292 0.204348
e_5_6 5 6 3 0.0125 -0.121561 -0.0453352 0.0449489 0.686556 0.709244 0.0841928 -0.136109 0.039261
e_6_7 6 7 4 0.0125 -0.121804 -0.100239 0.031934 0.560552 0.787847 0.217563 -0.13321 0.075085
e_7_8 7 8 5 0.0125 -0.110017 -0.154175 0.0168665 0.631215 0.499743 0.554291 -0.211155 0.043011
e_8_9 8 9 6 0.0125 -0.0886348 -0.183326 0.0136286 0.646512 0.295171 0.662431 -0.236814 0.030338
e_9_10 9 10 7 0.0125 -0.0696711 -0.199845 0.0122932 0.642678 0.19526 0.699374 -0.244366 0.020141
e_10_11 10 11 8 0.0125 -0.0535828 -0.21176 0.0135422 0.727088 0.198113 0.609874 -0.24525 0.020252
e_11_2 11 2 9 0.0125 -0.0382472 -0.224201 0.0174109 0.738412 0.250464 0.577904 -0.240921 0.020033
15 11 10
2 -0.00620901 0.155692 0.144513 0.0125
12 -0.0250306 0.142817 0.135558 0.0125
11 -0.0390311 0.132333 0.124986 0.0125
10 -0.0516027 0.11812 0.116819 0.0125
9 -0.0614003 0.09981 0.11169 0.0125
4 -0.311337 -0.0448157 0.0848747 0.0125
1 -0.388523 -0.139216 0.0794552 0.0125
8 -0.0791021 0.0834019 0.108496 0.0125
5 -0.291932 -0.0334573 0.0865872 0.0125
6 -0.192601 0.0201635 0.101441 0.0125
7 -0.100793 0.0695617 0.108229 0.0125
e_1_4 1 4 1 0.0125 -0.34993 -0.0920162 0.0821653 0.476997 -0.681904 -0.113167 -0.542839 0.122059
e_4_5 4 5 2 0.0125 -0.301634 -0.0391368 0.0857312 0.702584 -0.160518 0.660507 0.210572 0.02255
e_5_6 5 6 3 0.0125 -0.242267 -0.00664629 0.0940139 0.722613 -0.140896 0.64414 0.207517 0.113853
e_6_7 6 7 4 0.0125 -0.146698 0.0448626 0.104835 0.672955 -0.0659459 0.680562 0.282166 0.104475
e_7_8 7 8 5 0.0125 -0.0899475 0.0764818 0.108362 0.676371 -0.17785 0.680578 0.218415 0.025732
e_8_9 8 9 6 0.0125 -0.0702512 0.0916068 0.110093 0.699794 -0.593966 0.285654 -0.275489 0.024348
e_9_10 9 10 7 0.0125 -0.0565015 0.108966 0.114255 0.5702 -0.594267 -0.164193 -0.542917 0.02139
e_10_11 10 11 8 0.0125 -0.0453173 0.125226 0.120903 0.775121 -0.517932 0.184607 -0.311213 0.020658
e_11_12 11 12 9 0.0125 -0.032031 0.137575 0.130272 0.861726 -0.34858 0.346192 -0.126771 0.020438
e_12_2 12 2 10 0.0125 -0.01562 0.149254 0.140036 0.824037 -0.351469 0.440116 -0.0610691 0.024498
16 11 10
2 0.0766358 -0.135029 0.166673 0.0125
12 0.0592675 -0.130029 0.156679 0.0125
11 0.0415438 -0.119917 0.155397 0.0125
10 0.0241098 -0.106242 0.157997 0.0125
9 0.00639187 -0.0913919 0.154282 0.0125
4 -0.132678 -0.0497504 0.104879 0.0125
1 -0.364087 -0.0643527 0.0124672 0.0125
8 -0.00604751 -0.0753211 0.155021 0.0125
5 -0.0896768 -0.0466223 0.11579 0.0125
6 -0.0405606 -0.0536294 0.139954 0.0125
7 -0.022837 -0.062899 0.147204 0.0125
e_1_4 1 4 1 0.0125 -0.248383 -0.0570517 0.0586735 -0.824596 0.0837958 -0.554854 0.0718136 0.249607
e_4_5 4 5 2 0.0125 -0.111178 -0.0481865 0.110335 -0.781853 0.126939 -0.601022 0.106606 0.044474
e_5_6 5 6 3 0.0125 -0.0651191 -0.0501255 0.127873 -0.845445 -0.0347278 -0.529013 0.06452 0.055185
e_6_7 6 7 4 0.0125 -0.0316995 -0.0582641 0.143579 -0.812737 -0.202511 -0.537235 0.0991284 0.021275
e_7_8 7 8 5 0.0125 -0.0144421 -0.0691092 0.151112 -0.817874 -0.292801 -0.488849 0.079846 0.022301
e_8_9 8 9 6 0.0125 0.000172608 -0.0833564 0.154652 -0.665783 -0.42138 -0.583628 0.19634 0.020336
e_9_10 9 10 7 0.0125 0.0152515 -0.0988167 0.15614 -0.746001 -0.30971 -0.569871 0.151028 0.023415
e_10_11 10 11 8 0.0125 0.0328269 -0.113079 0.156697 -0.608202 -0.18494 -0.72393 0.26798 0.022309
e_11_12 11 12 9 0.0125 0.0504058 -0.124973 0.156037 -0.700008 -0.159958 -0.665634 0.203307 0.020446
e_12_2 12 2 10 0.0125 0.0679517 -0.13253 0.161675 -0.859934 -0.112175 -0.495443 0.0496597 0.020653
17 7 6
2 -0.0712627 0.171811 0.107016 0.0125
4 -0.130053 0.0852309 0.127001 0.0125
1 -0.089318 -0.288264 0.204565 0.0125
8 -0.0881683 0.160497 0.108031 0.0125
5 -0.127358 0.114321 0.114636 0.0125
6 -0.1202 0.135238 0.10987 0.0125
7 -0.106818 0.151027 0.10933 0.0125
e_1_4 1 4 1 0.0125 -0.109686 -0.101517 0.165783 0.600733 -0.707117 -0.317924 -0.19501 0.383633
e_4_5 4 5 2 0.0125 -0.128706 0.099776 0.120819 0.499828 -0.783832 -0.28372 -0.235122 0.031724
e_5_6 5 6 3 0.0125 -0.123779 0.12478 0.112253 0.574858 -0.775224 -0.0662888 -0.253321 0.022617
e_6_7 6 7 4 0.0125 -0.113508 0.143133 0.1096 0.652713 -0.674902 0.239912 -0.246809 0.020704
e_7_8 7 8 5 0.0125 -0.0974938 0.155762 0.10868 0.648294 -0.521719 0.508735 -0.22071 0.020956
e_8_2 8 2 6 0.0125 -0.0797159 0.166154 0.107523 0.647944 -0.584131 0.428619 -0.235043 0.020368
18 10 9
2 -0.0401582 -0.130322 0.115565 0.0125
11 -0.0600276 -0.131166 0.117747 0.0125
10 -0.0770447 -0.125002 0.126317 0.0125
9 -0.0942825 -0.116775 0.132454 0.0125
4 -0.231212 0.236158 0.125443 0.0125
1 -0.241433 0.288495 0.132313 0.0125
8 -0.110399 -0.10352 0.131979 0.0125
5 -0.171583 -0.00353339 0.126591 0.0125
6 -0.135059 -0.0708627 0.126802 0.0125
7 -0.122877 -0.0886627 0.126728 0.0125
e_1_4 1 4 1 0.0125 -0.236323 0.262326 0.128879 0.63441 0.74798 -0.0664221 0.183408 0.053766
e_4_5 4 5 2 0.0125 -0.201398 0.116312 0.126017 0.701631 0.701796 0.0718309 0.100183 0.246999
e_5_6 5 6 3 0.0125 -0.153321 -0.037198 0.126697 0.684766 0.514561 0.48358 -0.180203 0.076598
e_6_7 6 7 4 0.0125 -0.128968 -0.0797619 0.126765 0.656728 0.397158 0.586508 -0.258811 0.02157
e_7_8 7 8 5 0.0125 -0.116638 -0.0960909 0.129354 0.772884 0.363162 0.487323 -0.182429 0.0201
e_8_9 8 9 6 0.0125 -0.10234 -0.110148 0.132217 0.624261 0.124287 0.687881 -0.348814 0.020873
e_9_10 9 10 7 0.0125 -0.0856636 -0.120889 0.129385 0.383042 -0.327772 0.738581 -0.447597 0.020061
e_10_11 10 11 8 0.0125 -0.068536 -0.128085 0.122032 0.305565 -0.487587 0.690102 -0.438916 0.020026
e_11_2 11 2 9 0.0125 -0.0500929 -0.130744 0.116656 0.567437 -0.418614 0.615864 -0.35141 0.020006
19 8 7
2 0.0389553 0.171591 0.187282 0.0125
9 0.0215899 0.141019 0.171131 0.0125
4 -0.295688 0.0118073 0.108306 0.0125
1 -0.38852 0.0170703 0.0701343 0.0125
8 0.00787907 0.123022 0.160363 0.0125
5 -0.166368 0.0508321 0.158955 0.0125
6 -0.0434637 0.0886828 0.150491 0.0125
7 -0.013959 0.109504 0.157045 0.0125
e_1_4 1 4 1 0.0125 -0.342103 0.0144393 0.0892204 0.79641 -0.127641 0.542052 -0.235835 0.100512
e_4_5 4 5 2 0.0125 -0.231027 0.0313202 0.133631 0.808893 -0.258643 0.507503 -0.145729 0.144263
e_5_6 5 6 3 0.0125 -0.104916 0.069758 0.154723 0.648966 -0.422921 0.594956 -0.214496 0.128879
e_6_7 6 7 4 0.0125 -0.0287114 0.0990928 0.153769 0.764065 -0.418282 0.485556 -0.0740297 0.036701
e_7_8 7 8 5 0.0125 -0.00304 0.116263 0.158704 0.744067 -0.420618 0.508939 -0.102106 0.025897
e_8_9 8 9 6 0.0125 0.0147344 0.13202 0.165747 0.842777 -0.397397 0.356641 0.0679002 0.025056
e_9_2 9 2 7 0.0125 0.0302722 0.156305 0.179207 0.834709 -0.430656 0.325301 0.109433 0.038692
20 9 8
2 -0.276833 -0.247924 0.0130442 0.0125
10 -0.270187 -0.229979 0.0238532 0.0125
9 -0.266939 -0.212974 0.0357135 0.0125
4 -0.192267 -0.0602287 0.109603 0.0125
1 -0.154545 0.144154 0.271012 0.0125
8 -0.258351 -0.197983 0.0508617 0.0125
5 -0.206173 -0.118622 0.0974254 0.0125
6 -0.211917 -0.141956 0.0925581 0.0125
7 -0.241864 -0.187835 0.0635566 0.0125
e_1_4 1 4 1 0.0125 -0.173405 0.0419625 0.190308 0.431273 0.898077 0.0119484 -0.0855454 0.263151
e_4_5 4 5 2 0.0125 -0.19922 -0.0894256 0.103514 0.621455 0.773495 -0.0333904 -0.119935 0.061249
e_5_6 5 6 3 0.0125 -0.209045 -0.130289 0.0949923 0.621553 0.773125 -0.0391101 -0.120083 0.024518
e_6_7 6 7 4 0.0125 -0.22689 -0.164896 0.0780579 0.504916 0.798029 -0.311559 -0.105546 0.061991
e_7_8 7 8 5 0.0125 -0.250108 -0.19291 0.0572096 0.4637 0.613909 -0.630316 -0.103924 0.023151
e_8_9 8 9 6 0.0125 -0.262645 -0.205478 0.0432876 0.403467 0.867998 -0.276096 -0.0869702 0.022977
e_9_10 9 10 7 0.0125 -0.268563 -0.221476 0.0297829 0.457464 0.884612 0.00550337 -0.0903182 0.020986
e_10_2 10 2 8 0.0125 -0.27351 -0.238951 0.0184482 0.494074 0.85328 -0.133498 -0.099912 0.021977
