20
1 7 6
2 0.107909 0.243777 0.0114816 0.0125
4 -0.125025 -0.0326671 0.0114978 0.0125
1 -0.219983 -0.113507 0.0118719 0.0125
8 0.0959596 0.222025 0.0217673 0.0125
5 -0.000380422 0.046948 0.0120806 0.0125
6 0.070801 0.175313 0.0245677 0.0125
7 0.08189 0.197695 0.0244702 0.0125
e_1_4 1 4 1 0.0125 -0.172504 -0.0730872 0.0116848 -0.578284 0.0666254 -0.705026 -0.405076 0.124709
e_4_5 4 5 2 0.0125 -0.0627027 0.00714043 0.0117892 -0.629395 0.0643842 -0.702768 -0.325321 0.147902
e_5_6 5 6 3 0.0125 0.0352104 0.111131 0.0183247 -0.436333 0.0862217 -0.670955 -0.593294 0.14731
e_6_7 6 7 4 0.0125 0.0763455 0.186504 0.0245191 -0.307384 -0.00661389 -0.708453 -0.635268 0.024978
e_7_8 7 8 5 0.0125 0.0889242 0.20986 0.0231185 -0.295794 -0.0508816 -0.738438 -0.603843 0.028235
e_8_2 8 2 6 0.0125 0.101934 0.232901 0.016624 -0.114781 -0.241153 -0.795785 -0.543504 0.026865
2 8 7
2 0.370007 -0.00883289 0.0291637 0.0125
9 0.356159 0.00289605 0.02014 0.0125
4 0.156339 0.0987389 0.0258787 0.0125
1 -0.0399127 0.249769 0.0749613 0.0125
8 0.339005 0.0134393 0.016756 0.0125
5 0.211795 0.0548076 0.0114334 0.0125
6 0.285433 0.0315772 0.0145946 0.0125
7 0.318925 0.019927 0.0114091 0.0125
e_1_4 1 4 1 0.0125 0.0582137 0.174254 0.05042 -0.122954 0.509523 -0.581029 0.622634 0.252456
e_4_5 4 5 2 0.0125 0.184067 0.0767733 0.0186561 -0.111973 0.512421 -0.580904 0.622445 0.072207
e_5_6 5 6 3 0.0125 0.248614 0.043192 0.0130138 -0.427305 0.408705 -0.559022 0.581261 0.077281
e_6_7 6 7 4 0.0125 0.302179 0.0257515 0.0130021 -0.366309 0.453777 -0.582088 0.566637 0.035603
e_7_8 7 8 5 0.0125 0.328965 0.0166831 0.0140826 -0.497427 0.334684 -0.514947 0.612685 0.021769
e_8_9 8 9 6 0.0125 0.347581 0.00816717 0.0184478 -0.287807 0.382136 -0.520677 0.707131 0.020417
e_9_2 9 2 7 0.0125 0.363082 -0.00296894 0.0246517 -0.244682 0.286905 -0.441671 0.81409 0.020267
3 8 7
2 -0.116844 0.0140342 0.0155606 0.0125
9 -0.104318 0.0317466 0.0131733 0.0125
4 0.0642009 0.132728 0.0583358 0.0125
1 0.318278 0.198905 0.116291 0.0125
8 -0.0911699 0.0521116 0.0124654 0.0125
5 -0.0271757 0.101426 0.0352395 0.0125
6 -0.0517737 0.0907406 0.0279598 0.0125
7 -0.0778238 0.0683962 0.0220062 0.0125
e_1_4 1 4 1 0.0125 0.19124 0.165817 0.0873142 0.582932 -0.0928957 -0.774045 0.228946 0.268874
e_4_5 4 5 2 0.0125 0.018512 0.117078 0.0467879 0.564264 -0.0746874 -0.781475 0.255587 0.099312
e_5_6 5 6 3 0.0125 -0.0394751 0.096084 0.0315993 0.538322 -0.0570959 -0.792289 0.281475 0.02779
e_6_7 6 7 4 0.0125 -0.0647994 0.0795686 0.0249832 0.506057 0.0324868 -0.76446 0.398061 0.034832
e_7_8 7 8 5 0.0125 -0.0844969 0.0602545 0.017236 0.359862 0.0334048 -0.839803 0.405112 0.023116
e_8_9 8 9 6 0.0125 -0.0977436 0.0419293 0.0128187 0.497742 0.134015 -0.683699 0.516575 0.024251
e_9_2 9 2 7 0.0125 -0.11058 0.0228897 0.0143669 0.542354 0.132674 -0.653988 0.510441 0.021825
4 10 9
2 0.223778 0.111893 0.064054 0.0125
11 0.204812 0.113423 0.0577354 0.0125
10 0.185705 0.10863 0.053509 0.0125
9 0.166127 0.105299 0.0505703 0.0125
4 0.0383135 0.0863843 0.0635449 0.0125
1 -0.216909 -0.0855924 0.0405969 0.0125
8 0.145367 0.104035 0.052382 0.0125
5 0.0679948 0.096481 0.0564276 0.0125
6 0.103847 0.103037 0.0545474 0.0125
7 0.124801 0.103582 0.0538114 0.0125
e_1_4 1 4 1 0.0125 -0.0892979 0.000395689 0.0520705 -0.403968 0.68028 0.00624546 0.611547 0.308612
e_4_5 4 5 2 0.0125 0.0531536 0.0914322 0.0599862 -0.154289 0.779091 0.0608978 0.604569 0.032149
e_5_6 5 6 3 0.0125 0.0859201 0.0997586 0.0554875 -0.169581 0.723423 -0.0492258 0.667442 0.036495
e_6_7 6 7 4 0.0125 0.114323 0.10331 0.0541786 -0.102226 0.71408 -0.0873185 0.687034 0.020975
e_7_8 7 8 5 0.0125 0.135084 0.10381 0.0530966 -0.0793601 0.727936 -0.0690575 0.677526 0.020621
e_8_9 8 9 6 0.0125 0.155747 0.104667 0.0514762 -0.0897043 0.735224 -0.0532904 0.669745 0.020876
e_9_10 9 10 7 0.0125 0.175915 0.106965 0.0520399 -0.284423 0.638037 -0.14039 0.701643 0.020075
e_10_11 10 11 8 0.0125 0.195258 0.111027 0.0556221 -0.354811 0.612329 -0.142061 0.692085 0.020148
e_11_2 11 2 9 0.0125 0.214295 0.112659 0.0608946 -0.32964 0.513771 -0.280096 0.740894 0.020049
5 9 8
2 0.105704 -0.132266 0.0186936 0.0125
10 0.0874575 -0.115873 0.0188115 0.0125
9 0.0692449 -0.103057 0.0165978 0.0125
4 -0.192133 -0.1267 0.0292377 0.0125
1 -0.374907 -0.130184 0.0530413 0.0125
8 0.0458613 -0.0940176 0.0131659 0.0125
5 -0.11943 -0.111498 0.017143 0.0125
6 0.000623031 -0.0917546 0.0118378 0.0125
7 0.0229564 -0.0879551 0.0115694 0.0125
e_1_4 1 4 1 0.0125 -0.28352 -0.128442 0.0411395 0.576081 0.353874 0.662823 0.321823 0.18435
e_4_5 4 5 2 0.0125 -0.155782 -0.119099 0.0231903 0.532783 0.295933 0.701987 0.368484 0.075254
e_5_6 5 6 3 0.0125 -0.0594034 -0.101626 0.0144904 0.584333 0.282138 0.664965 0.36983 0.121782
e_6_7 6 7 4 0.0125 0.0117904 -0.0898544 0.0117039 0.59499 0.272379 0.657064 0.374251 0.022655
e_7_8 7 8 5 0.0125 0.0344086 -0.0909867 0.0123679 0.682429 0.398757 0.554412 0.260597 0.023747
e_8_9 8 9 6 0.0125 0.0575531 -0.098537 0.0148822 0.716402 0.41547 0.509486 0.233619 0.025304
e_9_10 9 10 7 0.0125 0.0783509 -0.109466 0.0177045 0.724599 0.493307 0.455191 0.156222 0.02238
e_10_2 10 2 8 0.0125 0.0965805 -0.12407 0.0187521 0.696903 0.549631 0.447544 0.109248 0.024529
6 9 8
2 0.120688 0.126806 0.0849237 0.0125
10 0.131504 0.109981 0.0861548 0.0125
9 0.142496 0.0923157 0.0873942 0.0125
4 0.328625 -0.195454 0.0602754 0.0125
1 0.387447 -0.28635 0.0669513 0.0125
8 0.154339 0.0755894 0.0838968 0.0125
5 0.211841 -0.0203109 0.048513 0.0125
6 0.169097 0.0341051 0.0654514 0.0125
7 0.162038 0.0556055 0.0740976 0.0125
e_1_4 1 4 1 0.0125 0.358036 -0.240902 0.0636139 0.386359 -0.671826 0.281814 0.565649 0.108475
e_4_5 4 5 2 0.0125 0.270233 -0.107883 0.0543946 0.381693 -0.670969 0.278739 0.571327 0.210836
e_5_6 5 6 3 0.0125 0.190469 0.00689691 0.0569816 0.673526 -0.6127 -0.0756343 0.4065 0.07124
e_6_7 6 7 4 0.0125 0.165567 0.0448549 0.0697743 0.806232 -0.563551 -0.0627881 0.168694 0.024225
e_7_8 7 8 5 0.0125 0.158189 0.065597 0.0789975 0.833368 -0.526224 -0.122645 0.116379 0.023551
e_8_9 8 9 6 0.0125 0.148418 0.0839523 0.0856454 0.607827 -0.644498 0.0226686 0.463308 0.02079
e_9_10 9 10 7 0.0125 0.137 0.101148 0.0867748 0.401015 -0.673286 0.276425 0.556293 0.020844
e_10_2 10 2 8 0.0125 0.126096 0.118393 0.0855388 0.388666 -0.672081 0.281133 0.5641 0.020039
7 9 8
2 0.109408 -0.210851 0.0449808 0.0125
10 0.0963757 -0.195138 0.038388 0.0125
9 0.0830373 -0.179115 0.0317247 0.0125
4 -0.129906 0.181864 0.0535964 0.0125
1 -0.136438 0.210216 0.0557157 0.0125
8 0.0691075 -0.164418 0.0278504 0.0125
5 -0.0733195 0.0159372 0.0396515 0.0125
6 0.0451644 -0.126764 0.0355004 0.0125
7 0.0572201 -0.146298 0.0293707 0.0125
e_1_4 1 4 1 0.0125 -0.133172 0.19604 0.0546554 0.488821 0.626766 -0.378809 0.474049 0.029172
e_4_5 4 5 2 0.0125 -0.101613 0.098901 0.0466241 0.426042 0.621126 -0.392234 0.528056 0.175864
e_5_6 5 6 3 0.0125 -0.0140778 -0.0554139 0.0375763 0.166112 0.574347 -0.425811 0.67913 0.185525
e_6_7 6 7 4 0.0125 0.0511925 -0.13653 0.0324352 0.240793 0.649419 -0.455255 0.559479 0.023759
e_7_8 7 8 5 0.0125 0.0631637 -0.155358 0.02861 0.250725 0.597962 -0.42123 0.634148 0.021725
e_8_9 8 9 6 0.0125 0.0760724 -0.171767 0.0297869 0.116166 0.503047 -0.391111 0.761893 0.020617
e_9_10 9 10 7 0.0125 0.089707 -0.187126 0.0350563 0.185049 0.471095 -0.354751 0.786116 0.021887
e_10_2 10 2 8 0.0125 0.102891 -0.202995 0.0416849 0.187048 0.470312 -0.353775 0.786551 0.021452
8 6 5
2 -0.0189928 0.2874 0.164451 0.0125
7 0.00268659 0.263245 0.151858 0.0125
6 0.0438952 0.21757 0.127948 0.0125
5 0.0864084 0.146459 0.0954705 0.0125
1 0.085495 -0.15665 0.0456529 0.0125
4 0.100254 0.0395798 0.0625469 0.0125
e_1_4 1 4 1 0.0125 0.0928749 -0.0585355 0.0540995 0.597441 -0.517128 0.435672 0.431082 0.197507
e_4_5 4 5 2 0.0125 0.0933312 0.0930187 0.0790082 0.619182 -0.503211 0.317327 0.512539 0.112689
e_5_6 5 6 3 0.0125 0.0651521 0.182015 0.111709 0.555371 -0.539191 0.163674 0.611594 0.088989
e_6_7 6 7 4 0.0125 0.0232911 0.240408 0.139903 0.510831 -0.556607 0.0951667 0.648215 0.066001
e_7_2 7 2 5 0.0125 -0.00815328 0.275322 0.158154 0.511192 -0.556669 0.0962537 0.647717 0.034814
9 9 8
2 -0.130946 -0.286979 0.019502 0.0125
10 -0.124647 -0.268274 0.0279305 0.0125
9 -0.111655 -0.250101 0.0285152 0.0125
4 -0.0054834 -0.155791 0.040433 0.0125
1 0.268201 -0.0515942 0.14142 0.0125
8 -0.0983157 -0.235283 0.0267611 0.0125
5 -0.0397887 -0.17696 0.0364823 0.0125
6 -0.0755633 -0.198536 0.0293412 0.0125
7 -0.0873921 -0.215414 0.0299638 0.0125
e_1_4 1 4 1 0.0125 0.131359 -0.103692 0.0909262 -0.189856 0.624369 0.522652 -0.548592 0.309771
e_4_5 4 5 2 0.0125 -0.0226356 -0.166375 0.0384576 0.331844 0.740302 0.0268023 -0.58405 0.040504
e_5_6 5 6 3 0.0125 -0.0576761 -0.187747 0.0329118 0.218805 0.749656 0.14923 -0.606524 0.042384
e_6_7 6 7 4 0.0125 -0.0814773 -0.206974 0.0296522 0.5914 0.696323 -0.00625628 -0.406621 0.020619
e_7_8 7 8 5 0.0125 -0.0928539 -0.225348 0.0283621 0.491567 0.736609 0.165282 -0.434108 0.022899
e_8_9 8 9 6 0.0125 -0.104985 -0.242692 0.0276385 0.61847 0.667111 -0.105573 -0.401637 0.020014
e_9_10 9 10 7 0.0125 -0.118151 -0.259188 0.0282228 0.546193 0.715368 0.036573 -0.434262 0.022348
e_10_2 10 2 8 0.0125 -0.127797 -0.277627 0.0237155 0.376817 0.73516 0.394855 -0.402042 0.021461
10 11 10
2 -0.0605271 0.139806 0.165111 0.0125
12 -0.0488913 0.135741 0.147937 0.0125
11 -0.0360754 0.121035 0.129935 0.0125
10 -0.0286411 0.0923812 0.0936117 0.0125
9 -0.0239836 0.0644096 0.0817308 0.0125
4 -0.151516 -0.253771 0.0201123 0.0125
1 -0.159574 -0.272188 0.0126776 0.0125
8 -0.0205526 0.03865 0.0838436 0.0125
5 -0.0604592 -0.0572798 0.0689877 0.0125
6 -0.0519849 -0.0362229 0.0723027 0.0125
7 -0.0257212 0.019416 0.081177 0.0125
e_1_4 1 4 1 0.0125 -0.155545 -0.26298 0.0163954 -0.510798 0.146595 -0.552333 -0.64228 0.021434
e_4_5 4 5 2 0.0125 -0.105987 -0.155525 0.0445502 -0.482926 0.143944 -0.607624 -0.613886 0.22201
e_5_6 5 6 3 0.0125 -0.0562219 -0.0467507 0.0706454 -0.445694 0.16017 -0.634102 -0.611243 0.022939
e_6_7 6 7 4 0.0125 -0.0388525 -0.00840348 0.0767394 -0.46424 0.143052 -0.638871 -0.596541 0.062163
e_7_8 7 8 5 0.0125 -0.0231368 0.0290332 0.0825109 -0.401836 0.195095 -0.628953 -0.636305 0.020095
e_8_9 8 9 6 0.0125 -0.022268 0.0515302 0.0827867 -0.19314 0.300703 -0.670897 -0.649748 0.026073
e_9_10 9 10 7 0.0125 -0.0263121 0.0783955 0.0876705 -0.330271 0.300221 -0.465454 -0.764292 0.030745
e_10_11 10 11 8 0.0125 -0.0323583 0.106708 0.111774 -0.494286 0.241961 -0.232104 -0.802037 0.046859
e_11_12 11 12 9 0.0125 -0.0424835 0.128389 0.138936 -0.322808 0.353192 -0.190145 -0.857261 0.026544
e_12_2 12 2 10 0.0125 -0.0547092 0.137774 0.156524 -0.417715 0.304095 0.0361305 -0.855415 0.021139
11 9 8
2 0.18337 -0.0401824 0.0475908 0.0125
10 0.166157 -0.0451357 0.0566017 0.0125
9 0.148927 -0.0552708 0.0573325 0.0125
4 0.119178 -0.248055 0.188703 0.0125
1 0.147009 -0.432 0.279674 0.0125
8 0.132022 -0.0656477 0.0601851 0.0125
5 0.113904 -0.175985 0.133961 0.0125
6 0.107547 -0.104113 0.0771083 0.0125
7 0.118104 -0.081568 0.062101 0.0125
e_1_4 1 4 1 0.0125 0.133093 -0.340027 0.234189 0.528783 -0.844207 -0.0833903 0.0273656 0.20709
e_4_5 4 5 2 0.0125 0.116541 -0.21202 0.161332 0.443859 -0.8955 0.000441443 0.0326933 0.090657
e_5_6 5 6 3 0.0125 0.110726 -0.140049 0.105535 0.435276 -0.899622 -0.0115018 0.0328987 0.09186
e_6_7 6 7 4 0.0125 0.112826 -0.0928405 0.0696047 0.490778 -0.76342 0.418742 0.0313385 0.029068
e_7_8 7 8 5 0.0125 0.125063 -0.0736079 0.0611426 0.6742 -0.542452 0.500864 0.0183241 0.021233
e_8_9 8 9 6 0.0125 0.140475 -0.0604588 0.0587588 0.654729 -0.382184 0.651988 0.0133248 0.02004
e_9_10 9 10 7 0.0125 0.157542 -0.0502033 0.0569676 0.693983 -0.355204 0.626178 0.0108898 0.020003
e_10_2 10 2 8 0.0125 0.174764 -0.0426595 0.0520963 0.524569 -0.218644 0.822744 0.0107411 0.02005
12 7 6
2 -0.157859 0.192464 0.0483808 0.0125
4 -0.0630299 -0.0619266 0.093306 0.0125
1 0.0480535 -0.253057 0.06506 0.0125
8 -0.152534 0.170035 0.049972 0.0125
5 -0.105182 0.0343859 0.0816947 0.0125
6 -0.142925 0.126522 0.0571249 0.0125
7 -0.150851 0.146797 0.0523729 0.0125
e_1_4 1 4 1 0.0125 -0.00748819 -0.157492 0.079183 0.747342 -0.59964 -0.277603 0.0696325 0.222864
e_4_5 4 5 2 0.0125 -0.0841066 -0.0137705 0.0874998 0.632652 -0.741928 -0.0665574 0.211811 0.105772
e_5_6 5 6 3 0.0125 -0.124053 0.0804542 0.0694094 0.546171 -0.783802 0.0737905 0.286193 0.102554
e_6_7 6 7 4 0.0125 -0.146889 0.13666 0.0547489 0.561062 -0.775674 0.0705003 0.280301 0.022281
e_7_8 7 8 5 0.0125 -0.151693 0.158416 0.0511725 0.588531 -0.676185 0.306609 0.319995 0.023423
e_8_2 8 2 6 0.0125 -0.155197 0.18125 0.0491761 0.625989 -0.719749 0.12807 0.271472 0.023106
13 8 7
2 -0.167437 0.0106811 0.0121945 0.0125
9 -0.176138 0.0196593 0.0279851 0.0125
4 -0.40046 0.0248167 0.213281 0.0125
1 -0.568407 0.00508853 0.256299 0.0125
8 -0.182482 0.0291728 0.0444472 0.0125
5 -0.254556 0.0406597 0.135341 0.0125
6 -0.212928 0.0408579 0.0699618 0.0125
7 -0.196939 0.0344226 0.0592957 0.0125
e_1_4 1 4 1 0.0125 -0.484433 0.0149526 0.23479 0.169892 0.727955 0.305536 0.589802 0.174488
e_4_5 4 5 2 0.0125 -0.327508 0.0327383 0.17431 0.148696 0.789079 0.334467 0.493331 0.166173
e_5_6 5 6 3 0.0125 -0.233741 0.0407588 0.102652 0.106939 0.885393 0.371266 0.258467 0.077507
e_6_7 6 7 4 0.0125 -0.204933 0.0376399 0.0646291 0.287661 0.846474 0.215894 0.392586 0.020269
e_7_8 7 8 5 0.0125 -0.18971 0.0317977 0.0518715 0.233684 0.881347 0.2655 0.313255 0.021378
e_8_9 8 9 6 0.0125 -0.17931 0.0244161 0.0362162 0.278805 0.931411 0.2077 0.107713 0.020044
e_9_2 9 2 7 0.0125 -0.171788 0.0151694 0.0200898 0.281391 0.920269 0.212361 0.169784 0.020142
14 9 8
2 0.387814 0.239494 0.168335 0.0125
10 0.385592 0.22109 0.160423 0.0125
9 0.383316 0.201203 0.161325 0.0125
4 0.107668 -0.0547277 0.0770792 0.0125
1 0.0572098 -0.102086 0.0807755 0.0125
8 0.372873 0.183846 0.161253 0.0125
5 0.256193 0.0962119 0.109229 0.0125
6 0.338129 0.150987 0.150479 0.0125
7 0.358157 0.168362 0.158378 0.0125
e_1_4 1 4 1 0.0125 0.0824392 -0.0784074 0.0789271 0.647158 -0.646758 0.3292 -0.233489 0.0693
e_4_5 4 5 2 0.0125 0.18193 0.0207426 0.093154 0.736544 -0.560094 0.333531 -0.180429 0.214187
e_5_6 5 6 3 0.0125 0.297161 0.123599 0.129854 0.829907 -0.343228 0.434913 -0.065569 0.106843
e_6_7 6 7 4 0.0125 0.348143 0.159674 0.154429 0.792007 -0.456998 0.385211 -0.12446 0.027666
e_7_8 7 8 5 0.0125 0.365516 0.176104 0.159815 0.728757 -0.575586 0.319396 -0.188678 0.021555
e_8_9 8 9 6 0.0125 0.378095 0.192525 0.161289 0.662119 -0.694664 0.125184 -0.251734 0.020256
e_9_10 9 10 7 0.0125 0.384454 0.211147 0.160874 0.643531 -0.698783 -0.185024 -0.251667 0.020038
e_10_2 10 2 8 0.0125 0.386703 0.230292 0.164378 0.819045 -0.549656 -0.0397867 -0.159563 0.020155
15 8 7
2 -0.0290963 0.0191699 0.181518 0.0125
9 -0.0350136 0.0419753 0.158688 0.0125
4 -0.271931 0.184501 0.0314357 0.0125
1 -0.388406 0.284666 0.0240985 0.0125
8 -0.0726846 0.0967303 0.122543 0.0125
5 -0.224708 0.168025 0.0497011 0.0125
6 -0.187332 0.154948 0.0641464 0.0125
7 -0.131049 0.13516 0.086437 0.0125
e_1_4 1 4 1 0.0125 -0.330168 0.234583 0.027767 0.633236 0.647012 0.239838 0.350522 0.153797
e_4_5 4 5 2 0.0125 -0.248319 0.176263 0.0405681 0.713449 0.430584 0.378252 0.40313 0.053245
e_5_6 5 6 3 0.0125 -0.20602 0.161487 0.0569241 0.713375 0.431011 0.377991 0.403048 0.04215
e_6_7 6 7 4 0.0125 -0.159191 0.145054 0.0752917 0.716342 0.428222 0.376334 0.40231 0.063688
e_7_8 7 8 5 0.0125 -0.101866 0.115946 0.10449 0.773743 0.443052 0.272378 0.361714 0.078657
e_8_9 8 9 6 0.0125 -0.0538486 0.0693533 0.140615 0.805687 0.495539 0.124758 0.299575 0.075655
e_9_2 9 2 7 0.0125 -0.0320549 0.030573 0.170103 0.890716 0.389941 -0.0010302 0.233602 0.032808
16 9 8
2 0.134263 0.0279721 0.049969 0.0125
10 0.114248 0.0270046 0.0564916 0.0125
9 0.0951318 0.025565 0.0628056 0.0125
4 -0.193071 -0.0894375 0.131147 0.0125
1 -0.30956 -0.154252 0.152951 0.0125
8 0.0741503 0.023992 0.0696464 0.0125
5 -0.0230605 0.00191544 0.106092 0.0125
6 0.0221214 0.0173853 0.0915791 0.0125
7 0.050047 0.0188964 0.0791869 0.0125
e_1_4 1 4 1 0.0125 -0.251316 -0.121845 0.142049 -0.647144 0.347377 -0.678261 -0.0222852 0.135078
e_4_5 4 5 2 0.0125 -0.108066 -0.0437606 0.11862 -0.65967 0.333745 -0.67304 -0.0215954 0.194619
e_5_6 5 6 3 0.0125 -0.000468941 0.00965059 0.0988351 -0.590526 0.356029 -0.720159 0.0767657 0.049914
e_6_7 6 7 4 0.0125 0.0360843 0.0181411 0.0853824 -0.505246 0.357086 -0.758319 0.205348 0.030588
e_7_8 7 8 5 0.0125 0.0620981 0.0214438 0.0744168 -0.54828 0.361487 -0.741541 0.13723 0.026419
e_8_9 8 9 6 0.0125 0.0846411 0.0247785 0.066226 -0.555632 0.320124 -0.743042 0.191529 0.022124
e_9_10 9 10 7 0.0125 0.104689 0.0262844 0.0596488 -0.553928 0.321661 -0.743613 0.191671 0.020183
e_10_2 10 2 8 0.0125 0.124255 0.0274884 0.0532302 -0.551286 0.316292 -0.744797 0.203273 0.021074
17 10 9
2 0.000889155 -0.0226555 0.0366606 0.0125
11 0.0190672 -0.0158476 0.0317812 0.0125
10 0.0361832 -0.0154082 0.0214424 0.0125
9 0.0536471 -0.0228663 0.0151658 0.0125
4 0.148233 -0.0600794 0.0160402 0.0125
1 0.398224 -0.166593 0.21452 0.0125
8 0.0728472 -0.0283961 0.0142173 0.0125
5 0.132562 -0.0474865 0.012586 0.0125
6 0.110405 -0.0419706 0.0124236 0.0125
7 0.0907497 -0.0372114 0.0125991 0.0125
e_1_4 1 4 1 0.0125 0.273229 -0.113336 0.11528 0.447595 -0.220667 -0.863841 -0.0688758 0.336504
e_4_5 4 5 2 0.0125 0.140398 -0.0537825 0.0143133 0.56289 -0.70858 -0.287383 0.313816 0.020399
e_5_6 5 6 3 0.0125 0.121483 -0.0447292 0.0125049 0.704448 -0.157021 -0.692013 -0.0146832 0.022833
e_6_7 6 7 4 0.0125 0.100577 -0.0395912 0.0125117 0.709987 -0.150685 -0.687729 -0.0155371 0.020224
e_7_8 7 8 5 0.0125 0.0817981 -0.032804 0.0134077 0.722133 -0.408016 -0.541403 0.137581 0.020021
e_8_9 8 9 6 0.0125 0.0632468 -0.0256311 0.0146913 0.723412 -0.209204 -0.657656 0.0199508 0.020003
e_9_10 9 10 7 0.0125 0.0449148 -0.0191375 0.0183044 0.802453 -0.3035 -0.500964 0.113976 0.02
e_10_11 10 11 8 0.0125 0.0276252 -0.0156283 0.0266115 0.870745 0.021591 -0.491002 -0.015925 0.02
e_11_2 11 2 9 0.0125 0.00997885 -0.0192511 0.0342211 0.768976 0.337938 -0.513722 -0.174826 0.020015
18 8 7
2 0.372636 -0.0926758 0.0140993 0.0125
9 0.353916 -0.10106 0.0139036 0.0125
4 0.111497 -0.12774 0.126105 0.0125
1 -0.0502764 -0.202615 0.222557 0.0125
8 0.333643 -0.103259 0.0125487 0.0125
5 0.220693 -0.109738 0.0450904 0.0125
6 0.23917 -0.103701 0.0346028 0.0125
7 0.305706 -0.10543 0.0184169 0.0125
e_1_4 1 4 1 0.0125 0.0306104 -0.165178 0.174332 0.49107 -0.12591 0.849757 0.144607 0.202682
e_4_5 4 5 2 0.0125 0.166095 -0.11874 0.0855978 0.0679348 0.848177 0.275572 0.44726 0.137154
e_5_6 5 6 3 0.0125 0.229932 -0.106719 0.0398465 0.358949 0.39575 0.762095 0.365716 0.022087
e_6_7 6 7 4 0.0125 0.272438 -0.104566 0.0265107 0.546771 0.384266 0.68592 0.287914 0.068498
e_7_8 7 8 5 0.0125 0.319675 -0.104344 0.0154828 0.585456 0.231328 0.740935 0.233973 0.028629
e_8_9 8 9 6 0.0125 0.34378 -0.102159 0.0132265 0.725547 0.00315647 0.683252 0.0820851 0.020438
e_9_2 9 2 7 0.0125 0.363276 -0.0968674 0.0140018 0.701368 -0.386406 0.588156 -0.11334 0.020512
19 10 9
2 0.390996 -0.132856 0.213916 0.0125
11 0.378558 -0.117047 0.213942 0.0125
10 0.37135 -0.0984571 0.215701 0.0125
9 0.360709 -0.0817138 0.212304 0.0125
4 0.156334 0.0633614 0.119818 0.0125
1 0.00332542 0.11279 0.0810101 0.0125
8 0.345494 -0.0685477 0.209379 0.0125
5 0.209699 0.048266 0.131413 0.0125
6 0.319089 -0.041594 0.18708 0.0125
7 0.335578 -0.0514076 0.201073 0.0125
e_1_4 1 4 1 0.0125 0.0798294 0.0880756 0.100414 0.505918 -0.327936 0.524549 -0.601127 0.165411
e_4_5 4 5 2 0.0125 0.183016 0.0558135 0.125615 0.502884 -0.350965 0.523918 -0.591135 0.056658
e_5_6 5 6 3 0.0125 0.264394 0.00333602 0.159247 0.489794 -0.138614 0.545725 -0.665637 0.152117
e_6_7 6 7 4 0.0125 0.327333 -0.0465003 0.194076 0.595494 -0.134963 0.432625 -0.663331 0.023749
e_7_8 7 8 5 0.0125 0.340536 -0.0599775 0.205227 0.452791 0.0279201 0.553007 -0.698845 0.021474
e_8_9 8 9 6 0.0125 0.353101 -0.0751312 0.210842 0.401288 -0.192192 0.625411 -0.641008 0.020332
e_9_10 9 10 7 0.0125 0.36603 -0.0900848 0.214003 0.362365 -0.0465815 0.643 -0.673107 0.020128
e_10_11 10 11 8 0.0125 0.374954 -0.107751 0.214822 0.216043 -0.0326293 0.736807 -0.639825 0.020015
e_11_2 11 2 9 0.0125 0.384777 -0.124951 0.213929 0.309087 -0.150199 0.691428 -0.635479 0.020116
20 10 9
2 0.107619 -0.256582 0.167537 0.0125
11 0.100399 -0.25517 0.148808 0.0125
10 0.0932178 -0.253438 0.130038 0.0125
9 0.0832104 -0.252307 0.112726 0.0125
4 -0.127589 -0.256311 0.0514699 0.0125
1 -0.329868 -0.185327 0.0121293 0.0125
8 0.0673163 -0.251179 0.100473 0.0125
5 -0.0936745 -0.254493 0.0591493 0.0125
6 0.0221607 -0.254483 0.0834526 0.0125
7 0.0489613 -0.253761 0.0929339 0.0125
e_1_4 1 4 1 0.0125 -0.228728 -0.220819 0.0317999 -0.763899 -0.275151 -0.577962 -0.0819181 0.217952
e_4_5 4 5 2 0.0125 -0.110632 -0.255402 0.05531 -0.755828 -0.125243 -0.611601 -0.197439 0.034821
e_5_6 5 6 3 0.0125 -0.0357575 -0.254488 0.0713012 -0.754861 -0.147125 -0.61293 -0.181265 0.118358
e_6_7 6 7 4 0.0125 0.0355617 -0.254122 0.0881928 -0.792298 -0.12441 -0.563759 -0.197386 0.028438
e_7_8 7 8 5 0.0125 0.0581389 -0.25247 0.0967029 -0.797107 -0.0787024 -0.552647 -0.230232 0.02001
e_8_9 8 9 6 0.0125 0.0752627 -0.251743 0.1066 -0.876648 -0.124155 -0.424004 -0.19051 0.020101
e_9_10 9 10 7 0.0125 0.0882136 -0.252873 0.121382 -0.943933 -0.0829838 -0.246851 -0.202903 0.020027
e_10_11 10 11 8 0.0125 0.0968088 -0.254304 0.139423 -0.962828 -0.0788735 -0.168867 -0.195511 0.020172
e_11_2 11 2 9 0.0125 0.10401 -0.255876 0.158173 -0.961826 -0.0722355 -0.171455 -0.200687 0.020122
