20
1 7 6
2 -0.285219 -0.222748 0.012212 0.0125
4 -0.0838381 -0.203186 0.110156 0.0125
1 0.158813 -0.218957 0.223217 0.0125
8 -0.272808 -0.229366 0.0284383 0.0125
5 -0.205751 -0.231186 0.0633244 0.0125
6 -0.238746 -0.23101 0.0523484 0.0125
7 -0.254253 -0.231279 0.0383079 0.0125
e_1_4 1 4 1 0.0125 0.0374869 -0.211072 0.166686 0.447759 -0.51148 -0.670221 0.297832 0.268162
e_4_5 4 5 2 0.0125 -0.144795 -0.217187 0.0867402 -0.452508 0.340674 0.747832 -0.346302 0.133567
e_5_6 5 6 3 0.0125 -0.222248 -0.231098 0.0578361 0.110055 0.795751 -0.156855 -0.574513 0.034773
e_6_7 6 7 4 0.0125 -0.2465 -0.231144 0.0453282 -0.145786 -0.858538 0.313811 0.378393 0.020921
e_7_8 7 8 5 0.0125 -0.26353 -0.230323 0.0333732 0.308207 -0.73583 -0.438635 0.413717 0.021103
e_8_2 8 2 6 0.0125 -0.279014 -0.226057 0.020325 0.225251 -0.916261 -0.195646 0.267301 0.021474
2 10 9
2 -0.167158 0.200135 0.0978062 0.0125
11 -0.155258 0.204509 0.0823383 0.0125
10 -0.145987 0.199594 0.0653128 0.0125
9 -0.134662 0.195618 0.0493144 0.0125
4 -0.130217 0.110913 0.0117911 0.0125
1 -0.159776 -0.225379 0.0134215 0.0125
8 -0.121906 0.184043 0.0391403 0.0125
5 -0.129216 0.133123 0.0114573 0.0125
6 -0.123425 0.150509 0.0197492 0.0125
7 -0.117846 0.167861 0.0281082 0.0125
e_1_4 1 4 1 0.0125 -0.144996 -0.0572334 0.0126057 0.277454 -0.334787 -0.624766 -0.64854 0.337592
e_4_5 4 5 2 0.0125 -0.129716 0.122017 0.0116242 0.304548 -0.337712 -0.627259 -0.632255 0.022235
e_5_6 5 6 3 0.0125 -0.12632 0.141815 0.0156035 0.493218 -0.440591 -0.315837 -0.68034 0.020113
e_6_7 6 7 4 0.0125 -0.120634 0.159185 0.0239289 0.508882 -0.442457 -0.309526 -0.670421 0.020053
e_7_8 7 8 5 0.0125 -0.119876 0.175951 0.0336246 0.837021 -0.400552 -0.252504 -0.274219 0.020001
e_8_9 8 9 6 0.0125 -0.128284 0.18983 0.0442271 0.867139 -0.31215 -0.385088 -0.0483783 0.020005
e_9_10 9 10 7 0.0125 -0.140324 0.197606 0.0573133 0.902492 -0.191657 -0.251593 0.292364 0.02
e_10_11 10 11 8 0.0125 -0.150621 0.202051 0.0738257 0.914437 -0.196272 -0.1893 0.299079 0.02
e_11_2 11 2 9 0.0125 -0.161209 0.202322 0.0900723 0.800505 -0.0676804 -0.32974 0.495865 0.02
3 11 10
2 0.1098 -0.111298 0.05585 0.0125
12 0.103248 -0.0925128 0.0588797 0.0125
11 0.0919842 -0.0733531 0.0626397 0.0125
10 0.0874073 -0.0526678 0.0612594 0.0125
9 0.0808705 -0.0340443 0.0532686 0.0125
4 -0.0257945 0.0706887 0.0145441 0.0125
1 -0.246399 0.193375 0.0600308 0.0125
8 0.0697545 -0.0181343 0.0477395 0.0125
5 0.0117377 0.0483262 0.0189039 0.0125
6 0.0397895 0.0215078 0.0379562 0.0125
7 0.0558401 0.0017205 0.0400495 0.0125
e_1_4 1 4 1 0.0125 -0.136096 0.132032 0.0372873 0.393745 -0.300348 0.706019 -0.506254 0.256491
e_4_5 4 5 2 0.0125 -0.00702775 0.0595073 0.0167243 0.472101 -0.225789 0.631959 -0.571636 0.043906
e_5_6 5 6 3 0.0125 0.0257638 0.0349173 0.0284307 0.516448 -0.0809603 0.522592 -0.673517 0.043234
e_6_7 6 7 4 0.0125 0.047815 0.011614 0.0390033 0.342836 -0.132352 0.664487 -0.650695 0.025564
e_7_8 7 8 5 0.0125 0.0627975 -0.0082071 0.0438949 0.397483 -0.0567283 0.587894 -0.70226 0.025436
e_8_9 8 9 6 0.0125 0.0753125 -0.0260898 0.0505039 0.385923 -0.0632358 0.599178 -0.698606 0.020181
e_9_10 9 10 7 0.0125 0.0841384 -0.0433566 0.057264 0.331077 0.0408521 0.557392 -0.760285 0.021293
e_10_11 10 11 8 0.0125 0.0896951 -0.0630099 0.0619495 0.145673 -0.0114763 0.683639 -0.715042 0.021231
e_11_12 11 12 9 0.0125 0.0976162 -0.0829331 0.0607601 0.200744 -0.163102 0.74618 -0.613445 0.022541
e_12_2 12 2 10 0.0125 0.106524 -0.101906 0.0573652 0.122002 -0.111318 0.750272 -0.640169 0.020125
4 6 5
2 -0.0316975 -0.154982 0.0253552 0.0125
7 -0.0399661 -0.13322 0.0203109 0.0125
6 -0.0491613 -0.108361 0.0178912 0.0125
5 -0.0711498 -0.0488922 0.0116183 0.0125
1 -0.266621 0.2704 0.104223 0.0125
4 -0.0806553 -0.0326278 0.0190403 0.0125
e_1_4 1 4 1 0.0125 -0.173638 0.118886 0.0616322 -0.5045 -0.307 -0.722667 0.359142 0.365603
e_4_5 4 5 2 0.0125 -0.0759031 -0.04076 0.0153298 -0.439391 -0.296568 -0.771577 0.351642 0.020247
e_5_6 5 6 3 0.0125 -0.0601561 -0.0786266 0.0147543 -0.606548 -0.381613 -0.552404 0.425819 0.063714
e_6_7 6 7 4 0.0125 -0.0445632 -0.120791 0.019101 -0.603298 -0.381602 -0.555797 0.426031 0.026616
e_7_2 7 2 5 0.0125 -0.0358318 -0.144102 0.0228331 -0.657344 -0.376175 -0.502605 0.416867 0.02382
5 10 9
2 -0.379752 -0.00189708 0.144988 0.0125
11 -0.369096 -0.00735879 0.12894 0.0125
10 -0.357889 -0.00472381 0.112578 0.0125
9 -0.342069 -0.00166499 0.0994136 0.0125
4 -0.0112042 0.16506 0.0639192 0.0125
1 0.0374097 0.193163 0.0633501 0.0125
8 -0.273483 0.0139635 0.0682094 0.0125
5 -0.143235 0.0779197 0.0738878 0.0125
6 -0.223795 0.0284846 0.0693398 0.0125
7 -0.247561 0.0164411 0.0663467 0.0125
e_1_4 1 4 1 0.0125 0.0131028 0.179111 0.0636341 0.697493 0.228769 -0.66528 0.136274 0.056156
e_4_5 4 5 2 0.0125 -0.0772195 0.12149 0.0689026 0.726183 0.325397 -0.602222 0.0640591 0.158508
e_5_6 5 6 3 0.0125 -0.183515 0.0532025 0.0716135 0.676795 0.25171 -0.67873 0.133852 0.094628
e_6_7 6 7 4 0.0125 -0.235678 0.0224632 0.0678429 0.618619 0.0653422 -0.742656 0.247997 0.026811
e_7_8 7 8 5 0.0125 -0.260522 0.0152025 0.0672784 0.650059 -0.254105 -0.632259 0.336307 0.026107
e_8_9 8 9 6 0.0125 -0.307776 0.00614859 0.0838116 0.82131 0.0122047 -0.545076 0.167906 0.076954
e_9_10 9 10 7 0.0125 -0.349978 -0.0031943 0.105996 0.897944 0.0341577 -0.427172 0.100273 0.020807
e_10_11 10 11 8 0.0125 -0.363492 -0.00604156 0.120759 0.953009 0.060952 -0.295583 0.0262637 0.020007
e_11_2 11 2 9 0.0125 -0.374424 -0.00462764 0.136964 0.942004 -0.176784 -0.260794 0.115599 0.020022
6 10 9
2 -0.345682 0.150742 0.0165393 0.0125
11 -0.340037 0.133944 0.0259207 0.0125
10 -0.327015 0.123919 0.0374239 0.0125
9 -0.311164 0.118123 0.0503575 0.0125
4 -0.227204 0.00466695 0.0960474 0.0125
1 -0.077238 -0.221076 0.015564 0.0125
8 -0.293575 0.112178 0.0653883 0.0125
5 -0.236008 0.0272721 0.0916556 0.0125
6 -0.247223 0.0453626 0.0879989 0.0125
7 -0.280717 0.0999923 0.0757828 0.0125
e_1_4 1 4 1 0.0125 -0.152221 -0.108204 0.0558059 0.701769 -0.596022 -0.0491563 0.387119 0.282714
e_4_5 4 5 2 0.0125 -0.231606 0.0159695 0.0938511 0.564557 -0.761794 0.0934819 0.303656 0.024653
e_5_6 5 6 3 0.0125 -0.241616 0.0363175 0.0898275 0.531255 -0.76378 0.035812 0.364863 0.021596
e_6_7 6 7 4 0.0125 -0.26397 0.0726776 0.0818911 0.524984 -0.769387 0.0409385 0.361606 0.065235
e_7_8 7 8 5 0.0125 -0.287146 0.106085 0.0705856 0.318918 -0.866133 0.0535248 0.381104 0.020539
e_8_9 8 9 6 0.0125 -0.302371 0.11515 0.0578728 0.124647 -0.90209 0.0290857 0.412129 0.023888
e_9_10 9 10 7 0.0125 -0.31909 0.121021 0.0438905 0.142143 -0.896487 0.0211996 0.419116 0.021263
e_10_11 10 11 8 0.0125 -0.333526 0.128932 0.0316729 0.257857 -0.885173 0.0564214 0.383137 0.02006
e_11_2 11 2 9 0.0125 -0.342859 0.142343 0.0212303 0.447939 -0.840517 0.165696 0.255785 0.020052
7 8 7
2 -0.0184709 -0.288515 0.0523168 0.0125
9 -0.0324205 -0.272785 0.0424973 0.0125
4 -0.0843828 -0.0366372 0.0551517 0.0125
1 -0.0347785 0.175024 0.0985127 0.0125
8 -0.0443477 -0.259386 0.0328948 0.0125
5 -0.0767429 -0.0850753 0.0380086 0.0125
6 -0.0579176 -0.161701 0.0193874 0.0125
7 -0.0536256 -0.242203 0.0254191 0.0125
e_1_4 1 4 1 0.0125 -0.0595813 0.0691934 0.0768321 0.123266 0.319371 0.704132 -0.622098 0.221679
e_4_5 4 5 2 0.0125 -0.0805632 -0.0608563 0.0465805 0.267055 0.258951 0.773273 -0.513494 0.051947
e_5_6 5 6 3 0.0125 -0.0673302 -0.123388 0.028698 0.340201 0.260954 0.739421 -0.519059 0.081072
e_6_7 6 7 4 0.0125 -0.0557713 -0.201952 0.0224037 0.377895 0.319152 0.600697 -0.628093 0.080842
e_7_8 7 8 5 0.0125 -0.0489864 -0.250794 0.0291573 0.663161 0.241642 0.512686 -0.488855 0.02091
e_8_9 8 9 6 0.0125 -0.0383842 -0.266085 0.0376967 0.764786 0.187376 0.478455 -0.388681 0.020346
e_9_2 9 2 7 0.0125 -0.0254457 -0.28065 0.0474071 0.746509 0.189645 0.502444 -0.392821 0.023205
8 10 9
2 0.2509 -0.145008 0.0193878 0.0125
11 0.235465 -0.132292 0.0186751 0.0125
10 0.220677 -0.11918 0.0218354 0.0125
9 0.207084 -0.10465 0.0197476 0.0125
4 -0.0321616 0.16262 0.0690832 0.0125
1 -0.0533313 0.23267 0.0890407 0.0125
8 0.193079 -0.090187 0.0195682 0.0125
5 0.154236 -0.0435391 0.0185393 0.0125
6 0.169045 -0.0585418 0.0185656 0.0125
7 0.178267 -0.0765187 0.0181519 0.0125
e_1_4 1 4 1 0.0125 -0.0427462 0.197644 0.0790624 0.601207 0.721785 0.332536 -0.0836485 0.075852
e_4_5 4 5 2 0.0125 0.0610364 0.0595398 0.043811 0.638725 0.608443 0.468251 0.0506801 0.282489
e_5_6 5 6 3 0.0125 0.16164 -0.0510408 0.0185527 0.702169 0.56019 0.430775 0.0870543 0.021081
e_6_7 6 7 4 0.0125 0.173656 -0.0675305 0.0183582 0.699833 0.635559 0.326035 2.73459e-05 0.020208
e_7_8 7 8 5 0.0125 0.185673 -0.0833528 0.0188599 0.723242 0.532175 0.42631 0.109413 0.020204
e_8_9 8 9 6 0.0125 0.200081 -0.0974181 0.0196581 0.705091 0.560969 0.425275 0.085453 0.020134
e_9_10 9 10 7 0.0125 0.213881 -0.111915 0.0207911 0.737085 0.542733 0.391481 0.0942829 0.020007
e_10_11 10 11 8 0.0125 0.228071 -0.125736 0.0202556 0.643373 0.574615 0.498749 0.0844877 0.020015
e_11_2 11 2 9 0.0125 0.243183 -0.13865 0.0190314 0.709475 0.524815 0.454733 0.120137 0.02001
9 8 7
2 -0.34104 0.157344 0.10626 0.0125
9 -0.335559 0.137978 0.103994 0.0125
4 -0.112175 -0.20286 0.0503705 0.0125
1 -0.0625504 -0.231172 0.0482029 0.0125
8 -0.318114 0.116255 0.0975904 0.0125
5 -0.231402 -0.055776 0.104289 0.0125
6 -0.292567 0.0668421 0.0833835 0.0125
7 -0.300161 0.092742 0.0925063 0.0125
e_1_4 1 4 1 0.0125 -0.087362 -0.217016 0.0492872 0.671802 -0.538001 -0.437716 0.260079 0.057173
e_4_5 4 5 2 0.0125 -0.171788 -0.129318 0.0773301 0.733428 -0.579761 -0.164123 0.314682 0.196866
e_5_6 5 6 3 0.0125 -0.261985 0.00553305 0.0938362 0.304546 -0.616595 0.441836 0.576059 0.138613
e_6_7 6 7 4 0.0125 -0.296363 0.0797924 0.0879453 0.737566 -0.57667 0.0857235 0.340732 0.02849
e_7_8 7 8 5 0.0125 -0.309137 0.104499 0.0950483 0.631524 -0.643543 -0.0342101 0.431114 0.030017
e_8_9 8 9 6 0.0125 -0.326837 0.127117 0.100791 0.689804 -0.612224 -0.114846 0.369001 0.028587
e_9_2 9 2 7 0.0125 -0.3383 0.147661 0.105127 0.591024 -0.61886 0.247082 0.45459 0.020254
10 11 10
2 0.133062 -0.24084 0.0923772 0.0125
12 0.133573 -0.2259 0.0790854 0.0125
11 0.135563 -0.20654 0.0744661 0.0125
10 0.144191 -0.18856 0.0768395 0.0125
9 0.148808 -0.169307 0.0734102 0.0125
4 0.359286 0.153318 0.0821576 0.0125
1 0.371741 0.17453 0.0859482 0.0125
8 0.153488 -0.147693 0.0701482 0.0125
5 0.298923 0.0453168 0.0631986 0.0125
6 0.209779 -0.0861404 0.0440065 0.0125
7 0.166892 -0.132473 0.0637026 0.0125
e_1_4 1 4 1 0.0125 0.365514 0.163924 0.0840529 0.648871 0.683705 -0.329696 -0.0530525 0.024889
e_4_5 4 5 2 0.0125 0.329105 0.0993174 0.0726781 0.64854 0.693861 -0.307069 -0.060501 0.12517
e_5_6 5 6 3 0.0125 0.254351 -0.0204118 0.0536026 0.663108 0.630247 -0.403444 -0.0175632 0.159987
e_6_7 6 7 4 0.0125 0.188336 -0.109307 0.0538542 0.795319 0.365379 -0.466467 0.127965 0.066136
e_7_8 7 8 5 0.0125 0.16019 -0.140083 0.0669254 0.798008 0.379572 -0.452191 0.120964 0.02128
e_8_9 8 9 6 0.0125 0.151148 -0.1585 0.0717788 0.755505 0.645986 -0.0986841 -0.046646 0.022354
e_9_10 9 10 7 0.0125 0.146499 -0.178933 0.0751248 0.764229 0.632553 -0.120585 -0.0359295 0.020094
e_10_11 10 11 8 0.0125 0.139877 -0.19755 0.0756528 0.660265 0.704617 -0.250234 -0.0703442 0.020084
e_11_12 11 12 9 0.0125 0.134568 -0.216221 0.0767751 0.78354 0.619248 -0.0324922 -0.0392572 0.020003
e_12_2 12 2 10 0.0125 0.133317 -0.233371 0.0857313 0.909005 0.406694 -0.0485554 0.0771575 0.020003
11 10 9
2 0.287899 -0.151847 0.0128588 0.0125
11 0.275656 -0.13633 0.0178313 0.0125
10 0.262447 -0.120876 0.0195603 0.0125
9 0.25536 -0.101579 0.0164418 0.0125
4 0.188526 -0.0296883 0.0329259 0.0125
1 -0.107118 0.105639 0.119753 0.0125
8 0.247567 -0.0833961 0.0209441 0.0125
5 0.205668 -0.0398246 0.0294546 0.0125
6 0.220841 -0.0526345 0.0245607 0.0125
7 0.23372 -0.0683672 0.0225046 0.0125
e_1_4 1 4 1 0.0125 0.0407043 0.0379758 0.0763399 0.00460637 0.723612 -0.32463 0.609082 0.336538
e_4_5 4 5 2 0.0125 0.197098 -0.0347569 0.0311902 0.120933 0.720324 -0.25885 0.632064 0.020215
e_5_6 5 6 3 0.0125 0.213254 -0.0462301 0.0270082 0.263783 0.760878 -0.201738 0.557481 0.020451
e_6_7 6 7 4 0.0125 0.227281 -0.0605002 0.0235328 0.470225 0.737546 -0.0797242 0.478078 0.020436
e_7_8 7 8 5 0.0125 0.240643 -0.0758817 0.0217244 0.438569 0.727812 -0.0914136 0.519221 0.020495
e_8_9 8 9 6 0.0125 0.251464 -0.0924872 0.0186928 0.553132 0.779421 -0.0589145 0.288231 0.020289
e_9_10 9 10 7 0.0125 0.258904 -0.111228 0.018001 0.745045 0.643083 0.106924 0.141139 0.020793
e_10_11 10 11 8 0.0125 0.269051 -0.128603 0.0186958 0.46301 0.732027 -0.080684 0.493202 0.020402
e_11_2 11 2 9 0.0125 0.281777 -0.144088 0.0153451 0.412879 0.777758 -0.130687 0.45557 0.020382
12 10 9
2 0.148926 -0.283551 0.0405598 0.0125
11 0.131034 -0.287804 0.0326821 0.0125
10 0.112147 -0.283212 0.0279563 0.0125
9 0.0940791 -0.274965 0.0304216 0.0125
4 -0.0488758 -0.190237 0.0500907 0.0125
1 -0.297419 -0.190959 0.154566 0.0125
8 0.0780682 -0.263497 0.0268594 0.0125
5 0.0254853 -0.22599 0.0341455 0.0125
6 0.0426284 -0.239488 0.0276474 0.0125
7 0.0609256 -0.248886 0.0241582 0.0125
e_1_4 1 4 1 0.0125 -0.173147 -0.190597 0.102329 0.14938 0.801343 0.22716 0.532853 0.26961
e_4_5 4 5 2 0.0125 -0.0116949 -0.208114 0.0421187 0.371392 0.759519 0.134173 0.516911 0.084036
e_5_6 5 6 3 0.0125 0.0340564 -0.232739 0.0308962 0.418493 0.79698 0.0868937 0.426775 0.022766
e_6_7 6 7 4 0.0125 0.0517766 -0.244187 0.0259025 0.386632 0.753193 0.12773 0.516625 0.020864
e_7_8 7 8 5 0.0125 0.069497 -0.25619 0.025509 0.537342 0.660636 0.0633471 0.520394 0.022686
e_8_9 8 9 6 0.0125 0.086074 -0.269231 0.0286411 0.522765 0.635873 0.0816783 0.561882 0.020014
e_9_10 9 10 7 0.0125 0.103112 -0.279089 0.029189 0.380806 0.736675 0.137518 0.541651 0.020013
e_10_11 10 11 8 0.0125 0.121591 -0.285508 0.0303195 0.390463 0.593681 0.171528 0.682392 0.020005
e_11_2 11 2 9 0.0125 0.139981 -0.285678 0.0366216 0.224831 0.481558 0.266865 0.80395 0.020007
13 9 8
2 -0.0321221 -0.235826 0.0120604 0.0125
10 -0.0268382 -0.212546 0.0136967 0.0125
9 -0.0239428 -0.192292 0.0220698 0.0125
4 0.187681 0.0950078 0.0716091 0.0125
1 0.234539 0.157531 0.0858697 0.0125
8 -0.0151136 -0.172077 0.0336342 0.0125
5 0.0600456 -0.05278 0.0865216 0.0125
6 0.0291424 -0.0893753 0.0644083 0.0125
7 -0.00726235 -0.149364 0.0508631 0.0125
e_1_4 1 4 1 0.0125 0.21111 0.12627 0.0787394 -0.631857 -0.681613 0.353808 0.104789 0.079424
e_4_5 4 5 2 0.0125 0.123864 0.0211137 0.0790654 -0.720968 -0.587439 0.341825 0.135192 0.195843
e_5_6 5 6 3 0.0125 0.0445944 -0.0710779 0.075465 -0.530946 -0.727138 0.425267 0.0922725 0.052756
e_6_7 6 7 4 0.0125 0.01094 -0.11937 0.0576357 -0.630273 -0.708949 0.303578 0.0893719 0.071466
e_7_8 7 8 5 0.0125 -0.011188 -0.160721 0.0422487 -0.456366 -0.852747 0.253272 0.0201401 0.02957
e_8_9 8 9 6 0.0125 -0.0195278 -0.182185 0.0278521 -0.515686 -0.810274 0.274973 0.0437372 0.024907
e_9_10 9 10 7 0.0125 -0.0253902 -0.20242 0.0178831 -0.557205 -0.824295 0.0995604 0.0121665 0.022107
e_10_2 10 2 8 0.0125 -0.0294806 -0.224186 0.0128784 -0.680336 -0.723374 0.10448 0.0543794 0.023927
14 7 6
2 -0.195849 0.138481 0.0417077 0.0125
4 -0.293928 -0.0265052 0.18353 0.0125
1 -0.421222 -0.183024 0.341424 0.0125
8 -0.197582 0.119964 0.0509992 0.0125
5 -0.268301 0.0139784 0.142014 0.0125
6 -0.209388 0.0798105 0.0815977 0.0125
7 -0.199253 0.101501 0.0674653 0.0125
e_1_4 1 4 1 0.0125 -0.357575 -0.104765 0.262478 0.415205 -0.480553 0.759755 0.13945 0.256189
e_4_5 4 5 2 0.0125 -0.281114 -0.0062638 0.162772 0.334654 -0.90742 -0.0634191 -0.246118 0.063398
e_5_6 5 6 3 0.0125 -0.238844 0.0468948 0.111806 0.42566 -0.359492 0.808092 0.191225 0.107027
e_6_7 6 7 4 0.0125 -0.20432 0.090656 0.0745318 0.460021 -0.867124 0.047555 -0.184972 0.027801
e_7_8 7 8 5 0.0125 -0.198417 0.110733 0.0592325 0.203664 -0.522778 -0.747497 -0.35563 0.024794
e_8_2 8 2 6 0.0125 -0.196717 0.129222 0.0463537 0.439935 -0.751865 -0.397675 -0.288115 0.020791
15 10 9
2 -0.0105312 -0.151021 0.091796 0.0125
11 0.00512265 -0.138389 0.0929376 0.0125
10 0.0196558 -0.124049 0.091585 0.0125
9 0.0344718 -0.110222 0.0909992 0.0125
4 0.129541 -0.014107 0.0763084 0.0125
1 0.329834 0.2083 0.0322337 0.0125
8 0.0491762 -0.0963832 0.0904532 0.0125
5 0.107985 -0.0383816 0.080963 0.0125
6 0.0825027 -0.0654967 0.0877349 0.0125
7 0.065631 -0.0824955 0.091332 0.0125
e_1_4 1 4 1 0.0125 0.229687 0.0970972 0.0542707 0.730656 0.58294 -0.29553 -0.197447 0.302531
e_4_5 4 5 2 0.0125 0.118762 -0.0262443 0.078636 0.729137 0.586747 -0.291128 -0.198322 0.032796
e_5_6 5 6 3 0.0125 0.0952438 -0.0519387 0.084349 0.743431 0.561731 -0.308107 -0.191934 0.037821
e_6_7 6 7 4 0.0125 0.0740673 -0.0739961 0.0895332 0.732566 0.565309 -0.325843 -0.193904 0.024219
e_7_8 7 8 5 0.0125 0.0574043 -0.0894394 0.0908927 0.659906 0.610583 -0.384164 -0.210072 0.02155
e_8_9 8 9 6 0.0125 0.0418247 -0.103302 0.0907263 0.686255 0.603999 -0.348799 -0.206346 0.020199
e_9_10 9 10 7 0.0125 0.0270638 -0.117135 0.0912921 0.687092 0.601611 -0.351592 -0.205796 0.020274
e_10_11 10 11 8 0.0125 0.0123894 -0.131219 0.0922606 0.701197 0.596463 -0.333464 -0.203362 0.020462
e_11_2 11 2 9 0.0125 -0.00270385 -0.144705 0.0923666 0.65391 0.607519 -0.399057 -0.209941 0.020148
16 10 9
2 -0.057555 -0.265827 0.110824 0.0125
11 -0.0566421 -0.245368 0.109242 0.0125
10 -0.0596208 -0.227806 0.0993446 0.0125
9 -0.0610062 -0.207598 0.0901598 0.0125
4 -0.0323052 -0.0196885 0.083078 0.0125
1 0.0525981 0.186537 0.168687 0.0125
8 -0.0653864 -0.188886 0.0840218 0.0125
5 -0.0457959 -0.068137 0.0787747 0.0125
6 -0.0648572 -0.137215 0.0689659 0.0125
7 -0.0705444 -0.170123 0.0792228 0.0125
e_1_4 1 4 1 0.0125 0.0101466 0.083424 0.125882 -0.248271 -0.0520378 0.822481 -0.509095 0.238886
e_4_5 4 5 2 0.0125 -0.0390504 -0.043913 0.0809267 -0.258183 -0.0882749 0.731322 -0.625074 0.050475
e_5_6 5 6 3 0.0125 -0.0553262 -0.102676 0.0738709 -0.247665 -0.0879747 0.748377 -0.608978 0.072327
e_6_7 6 7 4 0.0125 -0.0677008 -0.153669 0.0740952 -0.28977 -0.116604 0.582758 -0.75022 0.034936
e_7_8 7 8 5 0.0125 -0.0679646 -0.179505 0.0816226 -0.0907704 -0.230929 0.571798 -0.781972 0.020043
e_8_9 8 9 6 0.0125 -0.0631959 -0.198242 0.0870914 -0.122757 -0.220155 0.547179 -0.798159 0.020174
e_9_10 9 10 7 0.0125 -0.0603138 -0.217701 0.0947523 -0.217807 -0.175844 0.512442 -0.811814 0.022241
e_10_11 10 11 8 0.0125 -0.0581314 -0.236587 0.104294 -0.196594 -0.196603 0.467422 -0.839175 0.020378
e_11_2 11 2 9 0.0125 -0.0570986 -0.255598 0.110033 -0.194499 -0.150667 0.662438 -0.707563 0.02054
17 7 6
2 -0.167581 0.053067 0.0982477 0.0125
4 0.0537241 -0.116222 0.114885 0.0125
1 0.23044 -0.226744 0.169954 0.0125
8 -0.151231 0.0379118 0.100787 0.0125
5 0.0208167 -0.104637 0.116932 0.0125
6 -0.112942 -0.00221219 0.0904055 0.0125
7 -0.136188 0.0224582 0.098025 0.0125
e_1_4 1 4 1 0.0125 0.142082 -0.171482 0.14242 0.514263 -0.715585 -0.340092 0.328343 0.215584
e_4_5 4 5 2 0.0125 0.0372708 -0.110429 0.115909 0.694202 -0.411006 -0.549343 0.21767 0.034947
e_5_6 5 6 3 0.0125 -0.0460627 -0.0534252 0.103669 0.569708 -0.695416 -0.306865 0.312511 0.170546
e_6_7 6 7 4 0.0125 -0.124565 0.0101232 0.094216 0.742052 -0.565451 -0.265727 0.242925 0.034743
e_7_8 7 8 5 0.0125 -0.14371 0.0301851 0.0994066 0.703619 -0.60434 -0.266938 0.261605 0.021742
e_8_2 8 2 6 0.0125 -0.159406 0.0454888 0.0995173 0.590929 -0.702267 -0.251827 0.306931 0.022439
18 6 5
2 -0.26546 0.127885 0.0490103 0.0125
7 -0.227669 0.115627 0.0880554 0.0125
6 -0.185496 0.0834191 0.107558 0.0125
5 -0.133351 0.0712792 0.124002 0.0125
1 0.178483 -0.0342004 0.109517 0.0125
4 -0.0814937 0.0504213 0.135678 0.0125
e_1_4 1 4 1 0.0125 0.0484948 0.00811045 0.122597 0.658202 -0.47747 -0.473706 0.338223 0.274651
e_4_5 4 5 2 0.0125 -0.107422 0.0608503 0.12984 0.549668 -0.605415 -0.485496 0.309242 0.0571
e_5_6 5 6 3 0.0125 -0.159424 0.0773496 0.11578 0.480143 -0.608928 -0.52537 0.350222 0.056009
e_6_7 6 7 4 0.0125 -0.206583 0.0995227 0.0978061 0.531954 -0.702996 -0.42223 0.211052 0.056535
e_7_2 7 2 5 0.0125 -0.246565 0.121756 0.0685326 0.294686 -0.784832 -0.484257 0.250387 0.055704
19 6 5
2 0.222706 -0.109232 0.174772 0.0125
7 0.209145 -0.0945841 0.172412 0.0125
6 0.193161 -0.0843487 0.162788 0.0125
5 0.175715 -0.0780185 0.154213 0.0125
1 -0.23122 0.0732571 0.122261 0.0125
4 0.145424 -0.0756087 0.142157 0.0125
e_1_4 1 4 1 0.0125 -0.0428975 -0.00117571 0.132209 0.71761 0.164514 0.669627 -0.0978304 0.405484
e_4_5 4 5 2 0.0125 0.16057 -0.0768136 0.148185 0.812921 -0.0601131 0.558557 -0.153492 0.032691
e_5_6 5 6 3 0.0125 0.184438 -0.0811837 0.1585 0.839423 0.140305 0.520202 -0.0712204 0.020444
e_6_7 6 7 4 0.0125 0.201152 -0.0894663 0.1676 0.852125 0.281785 0.440998 -0.000811884 0.021281
e_7_2 7 2 5 0.0125 0.215926 -0.101908 0.173592 0.738801 0.550331 0.372068 0.113464 0.0201
20 10 9
2 -0.251704 0.119437 0.150813 0.0125
11 -0.250213 0.0999987 0.14631 0.0125
10 -0.248727 0.0805098 0.141982 0.0125
9 -0.241118 0.06145 0.142045 0.0125
4 -0.12951 -0.0396232 0.135245 0.0125
1 0.148693 -0.0483038 0.101568 0.0125
8 -0.232963 0.0385119 0.141881 0.0125
5 -0.158 -0.0326072 0.129879 0.0125
6 -0.187592 -0.00794198 0.132195 0.0125
7 -0.208396 0.0141121 0.141409 0.0125
e_1_4 1 4 1 0.0125 0.00959097 -0.0439637 0.118406 0.535945 -0.477524 -0.460339 0.522324 0.28037
e_4_5 4 5 2 0.0125 -0.143756 -0.0361155 0.132562 0.466288 -0.644894 -0.417211 0.438887 0.029828
e_5_6 5 6 3 0.0125 -0.172796 -0.020275 0.131037 0.636402 -0.639455 -0.24715 0.353562 0.038592
e_6_7 6 7 4 0.0125 -0.197993 0.00308526 0.136803 0.726923 -0.565919 -0.185343 0.342004 0.031688
e_7_8 7 8 5 0.0125 -0.220679 0.0263127 0.141645 0.633813 -0.667496 -0.218261 0.32418 0.034628
e_8_9 8 9 6 0.0125 -0.23704 0.0499807 0.141963 0.683256 -0.703051 -0.0484442 0.191136 0.024345
e_9_10 9 10 7 0.0125 -0.244922 0.0709795 0.142014 0.676605 -0.705314 -0.063779 0.201666 0.020523
e_10_11 10 11 8 0.0125 -0.24947 0.090254 0.144146 0.767799 -0.622916 0.0622659 0.136323 0.020018
e_11_2 11 2 9 0.0125 -0.250958 0.109717 0.148562 0.770441 -0.619339 0.0623064 0.137687 0.020008
