9
1 7 6
2 -0.0628897 0.166819 0.0114926 0.0125
4 0.0318782 0.0100229 0.0114894 0.0125
1 0.0736267 -0.283161 0.0427121 0.0125
8 -0.0416464 0.160779 0.0172071 0.0125
5 0.0098264 0.121238 0.0199758 0.0125
6 -0.0078815 0.133192 0.0234303 0.0125
7 -0.024264 0.147449 0.0202789 0.0125
e_1_4 1 4 1 0.0125 0.0527523 -0.136569 0.0271008 0.607268 -0.623954 -0.403863 -0.280716 0.297784
e_4_5 4 5 2 0.0125 0.0208526 0.0656306 0.0157323 0.688878 -0.581822 -0.35237 -0.250532 0.113697
e_5_6 5 6 3 0.0125 0.000972453 0.127215 0.021703 0.750811 -0.26817 -0.590161 -0.126798 0.021643
e_6_7 6 7 4 0.0125 -0.0160728 0.140321 0.0218546 0.631327 -0.328915 -0.680902 -0.172089 0.021944
e_7_8 7 8 5 0.0125 -0.0329547 0.154114 0.0187426 0.636475 -0.299782 -0.692501 -0.159598 0.02212
e_8_2 8 2 6 0.0125 -0.0522684 0.163799 0.0143502 0.606369 -0.109655 -0.783079 -0.0841394 0.022812
2 6 5
2 0.262321 0.140781 0.0722014 0.0125
7 0.236076 0.153754 0.069736 0.0125
6 0.218674 0.150798 0.0600361 0.0125
5 0.197557 0.138955 0.0575762 0.0125
1 -0.142287 -0.112743 0.0118971 0.0125
4 0.106512 0.0850882 0.0485921 0.0125
e_1_4 1 4 1 0.0125 -0.0178876 -0.0138278 0.0302445 0.679687 -0.59241 0.302838 -0.308812 0.319976
e_4_5 4 5 2 0.0125 0.152034 0.112022 0.0530835 0.65137 -0.576339 0.354286 -0.343558 0.106167
e_5_6 5 6 3 0.0125 0.208116 0.144877 0.0588061 0.654316 -0.564905 0.36105 -0.349852 0.024336
e_6_7 6 7 4 0.0125 0.227374 0.152276 0.0648854 0.755737 -0.31506 0.399905 -0.411916 0.020141
e_7_2 7 2 5 0.0125 0.249199 0.147267 0.0709688 0.495746 -0.246602 0.630265 -0.544233 0.02938
3 9 8
2 0.139108 0.0217017 0.0141692 0.0125
10 0.122571 0.033316 0.0114915 0.0125
9 0.111919 0.0504798 0.0157151 0.0125
4 -0.105913 0.193254 0.0687905 0.0125
1 -0.25679 0.27335 0.142265 0.0125
8 0.10073 0.0672207 0.0192352 0.0125
5 0.0422437 0.129413 0.0300516 0.0125
6 0.0599255 0.113699 0.0301327 0.0125
7 0.0880826 0.0842898 0.0247541 0.0125
e_1_4 1 4 1 0.0125 -0.181352 0.233302 0.105528 -0.0603238 0.690287 -0.470179 0.546624 0.185951
e_4_5 4 5 2 0.0125 -0.0318348 0.161334 0.0494218 0.277991 0.783973 0.0461749 0.55315 0.165912
e_5_6 5 6 3 0.0125 0.0510847 0.121556 0.0300928 0.658312 0.630546 0.31732 0.261428 0.023656
e_6_7 6 7 4 0.0125 0.0740042 0.0989946 0.0274437 0.534072 0.744905 0.102967 0.38637 0.041069
e_7_8 7 8 5 0.0125 0.0944059 0.0757546 0.0219947 0.436144 0.783343 -0.109976 0.429019 0.021949
e_8_9 8 9 6 0.0125 0.106325 0.0588498 0.0174754 0.517021 0.76469 -0.0368828 0.382854 0.020442
e_9_10 9 10 7 0.0125 0.117245 0.0418972 0.0136033 0.495572 0.771292 -0.0862053 0.389982 0.020637
e_10_2 10 2 8 0.0125 0.130839 0.027509 0.0128304 0.748931 0.426696 0.502253 0.0690965 0.020384
4 9 8
2 -0.375192 0.115332 0.0555505 0.0125
10 -0.371854 0.10247 0.0405041 0.0125
9 -0.366168 0.0904519 0.0251515 0.0125
4 -0.268891 -0.000484334 0.0346962 0.0125
1 -0.139059 -0.28797 0.0152177 0.0125
8 -0.352127 0.0742603 0.014981 0.0125
5 -0.284891 0.0246648 0.0337877 0.0125
6 -0.312037 0.0490933 0.0118718 0.0125
7 -0.332702 0.0621534 0.0136243 0.0125
e_1_4 1 4 1 0.0125 -0.203975 -0.144227 0.0249574 0.0975535 0.195799 -0.656391 -0.722009 0.316044
e_4_5 4 5 2 0.0125 -0.276891 0.0120907 0.0342422 0.183805 0.211746 -0.685854 -0.671553 0.029822
e_5_6 5 6 3 0.0125 -0.298464 0.0368792 0.0228291 0.221476 0.316125 -0.810776 -0.440062 0.04259
e_6_7 6 7 4 0.0125 -0.322369 0.0556227 0.0127482 0.486741 0.18812 -0.654874 -0.546657 0.024509
e_7_8 7 8 5 0.0125 -0.342415 0.0682071 0.0143026 0.485861 0.191112 -0.658704 -0.541779 0.022929
e_8_9 8 9 6 0.0125 -0.359147 0.0823562 0.0200667 0.433812 0.0932519 -0.526244 -0.725382 0.023722
e_9_10 9 10 7 0.0125 -0.36901 0.0964607 0.0328283 0.44534 -0.0186214 -0.348815 -0.824411 0.020309
e_10_2 10 2 8 0.0125 -0.373523 0.1089 0.0480269 0.263404 -0.0111736 -0.353721 -0.897427 0.020075
5 11 10
2 -0.101324 -0.0491794 0.0145969 0.0125
12 -0.0951594 -0.0301904 0.0128174 0.0125
11 -0.0855634 -0.012619 0.0124808 0.0125
10 -0.0787961 0.00620325 0.0126633 0.0125
9 -0.0633672 0.0168987 0.0201329 0.0125
4 0.134995 -0.0165345 0.125564 0.0125
1 0.315366 -0.00387949 0.146084 0.0125
8 -0.0503978 0.0189843 0.0357047 0.0125
5 0.0941732 0.016063 0.106554 0.0125
6 0.0671584 0.0182139 0.0959443 0.0125
7 -0.00791676 0.0243061 0.0551309 0.0125
e_1_4 1 4 1 0.0125 0.22518 -0.010207 0.135824 0.642165 0.247804 -0.703543 -0.176762 0.181974
e_4_5 4 5 2 0.0125 0.114584 -0.000236277 0.11606 -0.193704 -0.429879 0.69727 0.539905 0.055591
e_5_6 5 6 3 0.0125 0.0806663 0.0171383 0.101249 -0.0844675 0.823921 0.0585776 -0.557305 0.029103
e_6_7 6 7 4 0.0125 0.0296214 0.0212597 0.0755373 -0.301348 0.733016 0.448211 -0.413502 0.085669
e_7_8 7 8 5 0.0125 -0.0291568 0.0216451 0.0454179 0.123208 0.835977 -0.0879911 -0.527465 0.047014
e_8_9 8 9 6 0.0125 -0.0568826 0.0179417 0.0279193 -0.1482 0.772044 0.534903 -0.309618 0.020372
e_9_10 9 10 7 0.0125 -0.0710817 0.0115503 0.0163979 0.399507 0.813332 -0.1528 -0.394383 0.020206
e_10_11 10 11 8 0.0125 -0.0821793 -0.00320862 0.0125719 0.690448 0.7024 -0.105779 -0.136845 0.020003
e_11_12 11 12 9 0.0125 -0.0903615 -0.0214051 0.0126493 0.694824 0.675092 -0.189309 -0.160103 0.020023
e_12_2 12 2 10 0.0125 -0.0982419 -0.0396851 0.0137078 0.731368 0.663904 -0.121833 -0.0974136 0.020044
6 11 10
2 -0.161611 0.114428 0.0505703 0.0125
12 -0.142442 0.117622 0.0453544 0.0125
11 -0.123585 0.112493 0.0526166 0.0125
10 -0.103049 0.105807 0.0520212 0.0125
9 -0.0845636 0.0993991 0.0452714 0.0125
4 0.0511299 -0.0142884 0.118397 0.0125
1 0.251742 -0.0745171 0.111912 0.0125
8 -0.0726773 0.0886259 0.0321218 0.0125
5 -0.00466256 0.0351757 0.0829784 0.0125
6 -0.0402966 0.0659854 0.0487954 0.0125
7 -0.0555049 0.074207 0.033285 0.0125
e_1_4 1 4 1 0.0125 0.151436 -0.0444034 0.115155 0.715842 -0.148353 -0.680088 -0.0551499 0.209558
e_4_5 4 5 2 0.0125 0.0232337 0.0104436 0.100688 -0.515368 0.37409 0.758019 0.140925 0.082547
e_5_6 5 6 3 0.0125 -0.0224788 0.0505807 0.0658865 -0.453928 0.607584 0.651536 -0.017075 0.058203
e_6_7 6 7 4 0.0125 -0.0479005 0.0700966 0.0410402 -0.338106 0.808812 0.423923 -0.227589 0.023226
e_7_8 7 8 5 0.0125 -0.0640912 0.0814165 0.0327039 0.165944 -0.651388 0.318751 0.668247 0.022454
e_8_9 8 9 6 0.0125 -0.0786206 0.0940125 0.0386971 0.696767 -0.423397 -0.0613571 0.575747 0.020743
e_9_10 9 10 7 0.0125 -0.0938068 0.102603 0.0486462 0.772255 -0.354214 -0.459861 0.25823 0.020696
e_10_11 10 11 8 0.0125 -0.113318 0.109149 0.0523183 0.716198 -0.189035 -0.67119 -0.0288145 0.021605
e_11_12 11 12 9 0.0125 -0.133014 0.115057 0.048985 0.0734276 0.75798 -0.315663 -0.566067 0.020848
e_12_2 12 2 10 0.0125 -0.152027 0.116025 0.0479622 0.790245 0.153803 -0.588837 -0.0716114 0.020121
7 11 10
2 0.291439 0.144723 0.049735 0.0125
12 0.284026 0.131006 0.0624186 0.0125
11 0.27519 0.114398 0.0742665 0.0125
10 0.256587 0.105815 0.0785272 0.0125
9 0.235192 0.0988936 0.0829519 0.0125
4 -0.0513975 0.11607 0.072712 0.0125
1 -0.140749 0.150718 0.0533661 0.0125
8 0.215382 0.0842062 0.0961972 0.0125
5 0.0537355 0.0813031 0.0932823 0.0125
6 0.177589 0.0588109 0.111139 0.0125
7 0.199109 0.0704701 0.105143 0.0125
e_1_4 1 4 1 0.0125 -0.0960733 0.133393 0.0630394 0.712583 0.441182 0.454337 0.301932 0.097768
e_4_5 4 5 2 0.0125 0.00116941 0.0986861 0.0829974 0.702958 0.429526 0.473482 0.311726 0.112627
e_5_6 5 6 3 0.0125 0.115663 0.0700574 0.102211 0.674992 0.393885 0.52405 0.338545 0.12714
e_6_7 6 7 4 0.0125 0.188349 0.0646404 0.108141 0.442672 0.213306 0.75729 0.430179 0.025199
e_7_8 7 8 5 0.0125 0.207245 0.077338 0.10067 0.341039 0.17025 0.815269 0.435941 0.023098
e_8_9 8 9 6 0.0125 0.225287 0.0915502 0.089575 0.313739 0.233166 0.825963 0.406185 0.027993
e_9_10 9 10 7 0.0125 0.24589 0.102354 0.0807396 0.490804 0.282767 0.71874 0.403195 0.022918
e_10_11 10 11 8 0.0125 0.265889 0.110107 0.0763963 0.467412 0.232526 0.740088 0.423944 0.020926
e_11_12 11 12 9 0.0125 0.279608 0.122702 0.068343 0.190454 0.0733103 0.872398 0.444156 0.022232
e_12_2 12 2 10 0.0125 0.287733 0.137865 0.056076 0.140448 0.145982 0.891188 0.405892 0.0201
8 10 9
2 0.275454 0.0858734 0.0870876 0.0125
11 0.261942 0.0814447 0.072998 0.0125
10 0.250149 0.0763433 0.0576717 0.0125
9 0.243005 0.0620145 0.0456817 0.0125
4 -0.00585422 -0.028318 0.0617866 0.0125
1 -0.136051 -0.0306372 0.0277742 0.0125
8 0.247369 0.0518194 0.0289799 0.0125
5 0.205802 0.0183618 0.0193803 0.0125
6 0.228576 0.0226749 0.0123883 0.0125
7 0.242864 0.0359259 0.0174356 0.0125
e_1_4 1 4 1 0.0125 -0.0709534 -0.0294772 0.0447804 -0.517402 -0.455353 -0.407792 -0.598878 0.134586
e_4_5 4 5 2 0.0125 0.0999738 -0.00497814 0.0405835 -0.290095 -0.59491 -0.492023 -0.565544 0.220852
e_5_6 5 6 3 0.0125 0.217189 0.0205186 0.0158846 -0.274634 -0.631308 -0.49584 -0.529309 0.02421
e_6_7 6 7 4 0.0125 0.23572 0.0293 0.0149127 -0.147918 -0.362998 -0.492805 -0.77685 0.02013
e_7_8 7 8 5 0.0125 0.245116 0.0438727 0.0232085 -0.00583703 -0.123107 -0.44547 -0.886773 0.020153
e_8_9 8 9 6 0.0125 0.245187 0.0569176 0.0373311 -0.528674 0.241423 -0.158658 -0.798152 0.020048
e_9_10 9 10 7 0.0125 0.246577 0.0691789 0.0516767 -0.146417 -0.131405 -0.427807 -0.882199 0.020002
e_10_11 10 11 8 0.0125 0.256046 0.0788934 0.0653346 -0.601638 -0.154131 -0.305109 -0.721931 0.02
e_11_2 11 2 9 0.0125 0.268698 0.0836589 0.0800432 -0.589775 -0.204687 -0.325834 -0.710001 0.020017
9 9 8
2 0.0445658 0.146586 0.048903 0.0125
10 0.0562826 0.132643 0.0571765 0.0125
9 0.0659798 0.115866 0.0621817 0.0125
4 0.123361 -0.202821 0.176023 0.0125
1 0.154935 -0.298351 0.211657 0.0125
8 0.0767808 0.0994408 0.065913 0.0125
5 0.103739 -0.0281788 0.088238 0.0125
6 0.0943787 0.0673604 0.075972 0.0125
7 0.0816831 0.0800825 0.0671916 0.0125
e_1_4 1 4 1 0.0125 0.139148 -0.250586 0.193839 0.432543 -0.411476 -0.705417 -0.382075 0.106736
e_4_5 4 5 2 0.0125 0.11355 -0.1155 0.13213 0.277345 -0.365068 -0.768218 -0.446818 0.196447
e_5_6 5 6 3 0.0125 0.0990593 0.0195912 0.0821049 0.534054 -0.560646 -0.499046 -0.389122 0.096777
e_6_7 6 7 4 0.0125 0.0880312 0.0737219 0.0715822 0.46652 -0.245158 -0.81202 -0.250758 0.020003
e_7_8 7 8 5 0.0125 0.0792316 0.0897614 0.0665529 0.600183 -0.534307 -0.496452 -0.328379 0.020011
e_8_9 8 9 6 0.0125 0.0713796 0.107653 0.0640479 0.575133 -0.397427 -0.659764 -0.275655 0.020009
e_9_10 9 10 7 0.0125 0.0611315 0.124255 0.059679 0.530096 -0.394552 -0.685118 -0.306495 0.020014
e_10_2 10 2 8 0.0125 0.0504241 0.139615 0.0530401 0.466378 -0.279514 -0.792881 -0.275142 0.020004
