9
1 9 8
2 -0.0481701 -0.0746425 0.0262818 0.0125
10 -0.032274 -0.0668652 0.0165756 0.0125
9 -0.0153868 -0.0558909 0.0185306 0.0125
4 0.233157 0.250694 0.0345932 0.0125
1 0.271951 0.286829 0.0545658 0.0125
8 -0.00149132 -0.0366242 0.0196154 0.0125
5 0.124843 0.132317 0.0417195 0.0125
6 0.0757353 0.0906987 0.0339243 0.0125
7 0.00246117 -0.0176623 0.0115395 0.0125
e_1_4 1 4 1 0.0125 0.252554 0.26876 0.0445794 0.510882 0.238404 -0.78704 0.250464 0.056653
e_4_5 4 5 2 0.0125 0.179001 0.191505 0.0381565 0.721277 0.480542 -0.496884 0.0441033 0.16061
e_5_6 5 6 3 0.0125 0.100289 0.111508 0.0378211 0.640684 0.319777 -0.676649 0.1715 0.064842
e_6_7 6 7 4 0.0125 0.0390975 0.0365183 0.0227314 0.642341 0.667651 -0.37226 -0.0553389 0.132712
e_7_8 7 8 5 0.0125 0.000484255 -0.0271434 0.0155774 0.80426 0.553788 0.0299277 -0.213515 0.020986
e_8_9 8 9 6 0.0125 -0.0084388 -0.0462576 0.0190737 0.690073 0.605178 -0.395679 -0.0315887 0.023779
e_9_10 9 10 7 0.0125 -0.0238297 -0.0613782 0.0175535 0.62982 0.161429 -0.722669 0.234557 0.020235
e_10_2 10 2 8 0.0125 -0.0402215 -0.0707543 0.0214289 0.852892 0.161267 -0.483279 0.114064 0.020183
2 10 9
2 0.0426527 0.288506 0.108227 0.0125
11 0.0439394 0.272917 0.0955638 0.0125
10 0.0475367 0.2678 0.0765043 0.0125
9 0.0472552 0.255747 0.0601564 0.0125
4 -0.101794 -0.0131967 0.0252091 0.0125
1 -0.173597 -0.0912822 0.011487 0.0125
8 0.0333069 0.243472 0.0502575 0.0125
5 -0.0149826 0.128843 0.0150312 0.0125
6 -0.00755299 0.216397 0.0465281 0.0125
7 0.00891009 0.235181 0.0448461 0.0125
e_1_4 1 4 1 0.0125 -0.137695 -0.0522399 0.018348 -0.169575 -0.325611 -0.574314 -0.7317 0.106963
e_4_5 4 5 2 0.0125 -0.0583887 0.0578234 0.0201202 -0.0480074 -0.335359 -0.646566 -0.683507 0.166779
e_5_6 5 6 3 0.0125 -0.011268 0.17262 0.0307797 0.174018 -0.169597 -0.550017 -0.799022 0.093343
e_6_7 6 7 4 0.0125 0.000678549 0.225789 0.0456871 -0.135907 -0.362504 -0.634179 -0.669281 0.025035
e_7_8 7 8 5 0.0125 0.0211079 0.239327 0.0475515 -0.428082 -0.386016 -0.498219 -0.6477 0.026329
e_8_9 8 9 6 0.0125 0.0402805 0.24961 0.0552067 -0.265999 -0.261834 -0.443109 -0.815072 0.021053
e_9_10 9 10 7 0.0125 0.0473956 0.261773 0.0683301 0.065391 -0.0287779 -0.311071 -0.947698 0.020312
e_10_11 10 11 8 0.0125 0.0457383 0.270358 0.086034 0.0395969 0.0855679 -0.132709 -0.98666 0.02006
e_11_2 11 2 9 0.0125 0.0432954 0.280712 0.101895 0.20524 -0.0630965 -0.425929 -0.878909 0.020126
3 7 6
2 -0.311846 -0.178201 0.0124939 0.0125
4 -0.232139 -0.0736435 0.0571059 0.0125
1 0.0462033 0.12087 0.0371048 0.0125
8 -0.289501 -0.179067 0.0183021 0.0125
5 -0.237903 -0.0940996 0.0509869 0.0125
6 -0.248259 -0.145003 0.0489229 0.0125
7 -0.271745 -0.169752 0.0336477 0.0125
e_1_4 1 4 1 0.0125 -0.0929686 0.0236135 0.0471054 -0.486119 0.155852 0.668063 -0.541378 0.340162
e_4_5 4 5 2 0.0125 -0.235021 -0.0838715 0.054047 -0.0659576 0.131003 0.78815 -0.597752 0.022116
e_5_6 5 6 3 0.0125 -0.243081 -0.119552 0.0499553 -0.309818 -0.187326 0.696256 -0.619798 0.051988
e_6_7 6 7 4 0.0125 -0.260002 -0.157378 0.0412847 -0.154822 0.380468 0.748034 -0.521267 0.037383
e_7_8 7 8 5 0.0125 -0.280623 -0.17441 0.0259747 -0.156841 0.595002 0.670709 -0.414153 0.025248
e_8_2 8 2 6 0.0125 -0.300674 -0.178634 0.015398 -0.468594 0.53163 0.585737 -0.393321 0.023104
4 10 9
2 -0.0443682 -0.00723689 0.0935602 0.0125
11 -0.0384221 -0.0198765 0.0791747 0.0125
10 -0.0240064 -0.0285991 0.068381 0.0125
9 -0.0108098 -0.0316229 0.0535578 0.0125
4 0.25069 0.010241 0.0119095 0.0125
1 0.388499 0.0711976 0.0822718 0.0125
8 0.00710674 -0.031917 0.0430755 0.0125
5 0.064738 -0.0308166 0.0230524 0.0125
6 0.0447211 -0.028315 0.0264455 0.0125
7 0.025697 -0.0320068 0.0331217 0.0125
e_1_4 1 4 1 0.0125 0.319595 0.0407189 0.0470902 0.198517 0.842926 0.0319258 -0.499047 0.166306
e_4_5 4 5 2 0.0125 0.157714 -0.0102883 0.0174808 0.658187 0.419209 -0.543192 -0.309833 0.190757
e_5_6 5 6 3 0.0125 0.0547297 -0.0295661 0.0247483 0.763238 -0.0636313 -0.642678 -0.0196023 0.020456
e_6_7 6 7 4 0.0125 0.0352088 -0.0301606 0.0297829 0.794433 0.232664 -0.531985 -0.178146 0.020497
e_7_8 7 8 5 0.0125 0.0164021 -0.0319617 0.0380982 0.857211 0.0183441 -0.513463 -0.0347658 0.021088
e_8_9 8 9 6 0.0125 -0.00185132 -0.0317698 0.0483163 0.86717 0.00431926 -0.497517 -0.0217639 0.02076
e_9_10 9 10 7 0.0125 -0.0174084 -0.0301112 0.0609686 0.92794 -0.114466 -0.343085 0.0900937 0.020076
e_10_11 10 11 8 0.0125 -0.0312145 -0.0242375 0.0737773 0.846737 -0.347264 -0.331217 0.229652 0.02001
e_11_2 11 2 9 0.0125 -0.0413952 -0.0135571 0.0863673 0.873334 -0.374037 -0.0370662 0.309856 0.020051
5 10 9
2 0.22448 -0.165009 0.0138567 0.0125
11 0.230967 -0.146143 0.0123795 0.0125
10 0.228314 -0.128193 0.0208153 0.0125
9 0.223628 -0.11015 0.0280682 0.0125
4 0.0981953 0.235999 0.0840464 0.0125
1 0.0957257 0.288505 0.119392 0.0125
8 0.218968 -0.0904777 0.0258294 0.0125
5 0.16049 0.00716625 0.0449163 0.0125
6 0.200637 -0.0510507 0.0309663 0.0125
7 0.209434 -0.0729031 0.02828 0.0125
e_1_4 1 4 1 0.0125 0.0969606 0.262251 0.101719 0.241195 0.487939 -0.735472 0.403512 0.063343
e_4_5 4 5 2 0.0125 0.129343 0.121582 0.0644813 0.227651 0.446344 -0.618202 0.605622 0.240366
e_5_6 5 6 3 0.0125 0.180564 -0.0219424 0.0379417 0.0207973 0.459144 -0.621252 0.634666 0.072081
e_6_7 6 7 4 0.0125 0.205036 -0.0619765 0.029623 0.166752 0.443087 -0.600278 0.644619 0.023709
e_7_8 7 8 5 0.0125 0.214201 -0.0816907 0.0270547 0.094494 0.447288 -0.600618 0.655944 0.020144
e_8_9 8 9 6 0.0125 0.221298 -0.100313 0.0269487 0.300774 0.402748 -0.53176 0.681587 0.02034
e_9_10 9 10 7 0.0125 0.225971 -0.119171 0.0244418 0.196109 0.472036 -0.677099 0.529396 0.020003
e_10_11 10 11 8 0.0125 0.22964 -0.137168 0.016598 0.235267 0.475699 -0.696066 0.483582 0.020011
e_11_2 11 2 9 0.0125 0.227723 -0.155576 0.0131176 0.584333 0.379677 -0.564741 0.442118 0.020004
6 11 10
2 0.38566 -0.0126651 0.101766 0.0125
12 0.366667 -0.00693315 0.0988164 0.0125
11 0.348823 0.000765798 0.0938225 0.0125
10 0.328912 0.00150254 0.0855294 0.0125
9 0.306745 0.00915245 0.0836494 0.0125
4 0.0228243 -0.0560097 0.0270159 0.0125
1 -0.0779553 -0.0856587 0.0771024 0.0125
8 0.277424 0.00353277 0.0828426 0.0125
5 0.0468577 -0.0568359 0.0300196 0.0125
6 0.217935 -0.0116677 0.0732609 0.0125
7 0.25667 -0.00179708 0.079689 0.0125
e_1_4 1 4 1 0.0125 -0.0275657 -0.0708342 0.0520587 -0.130005 -0.728722 -0.429127 -0.517604 0.11638
e_4_5 4 5 2 0.0125 0.0348417 -0.0564228 0.028518 0.741251 0.121182 0.650652 0.111865 0.024235
e_5_6 5 6 3 0.0125 0.132396 -0.0342518 0.0516403 0.767875 -0.283291 0.548677 -0.17049 0.182147
e_6_7 6 7 4 0.0125 0.237303 -0.00673237 0.0764748 0.736881 -0.312545 0.568266 -0.190777 0.040486
e_7_8 7 8 5 0.0125 0.267047 0.00086787 0.0812652 0.730592 -0.322172 0.568699 -0.19754 0.021659
e_8_9 8 9 6 0.0125 0.292085 0.00634263 0.0832458 0.693124 -0.3009 0.629244 -0.181907 0.029865
e_9_10 9 10 7 0.0125 0.317828 0.00532797 0.0845901 0.627025 0.523114 0.43172 0.383157 0.023526
e_10_11 10 11 8 0.0125 0.338868 0.00113417 0.0896764 0.82845 0.071208 0.550272 0.0761618 0.02158
e_11_12 11 12 9 0.0125 0.357745 -0.00308365 0.0963193 0.712581 0.462129 0.402502 0.34155 0.020066
e_12_2 12 2 10 0.0125 0.376163 -0.00979914 0.100291 0.682374 0.441188 0.481462 0.328502 0.020057
7 11 10
2 0.0610293 0.192103 0.0966962 0.0125
12 0.0694715 0.197063 0.0792099 0.0125
11 0.0724258 0.188313 0.0613259 0.0125
10 0.0813014 0.173213 0.0515596 0.0125
9 0.0932976 0.161619 0.0404534 0.0125
4 0.222468 0.0459227 0.0480324 0.0125
1 0.388501 -0.00782228 0.183379 0.0125
8 0.101508 0.150117 0.0257548 0.0125
5 0.17694 0.0536764 0.0354501 0.0125
6 0.12422 0.120046 0.0114886 0.0125
7 0.107677 0.130652 0.0179146 0.0125
e_1_4 1 4 1 0.0125 0.305485 0.0190502 0.115706 -0.23265 0.871387 0.217044 -0.37343 0.220848
e_4_5 4 5 2 0.0125 0.199704 0.0498 0.0417414 0.553435 0.200388 -0.768945 -0.249557 0.047867
e_5_6 5 6 3 0.0125 0.15058 0.0868616 0.0234699 0.444024 -0.79542 0.0576832 0.408439 0.088082
e_6_7 6 7 4 0.0125 0.115948 0.12535 0.0147011 0.802021 -0.381177 -0.446444 0.110243 0.020676
e_7_8 7 8 5 0.0125 0.104592 0.140384 0.0218342 0.764453 -0.564718 0.0430583 0.307979 0.021872
e_8_9 8 9 6 0.0125 0.0974027 0.155868 0.0331043 0.913936 -0.336699 -0.161882 0.158585 0.02039
e_9_10 9 10 7 0.0125 0.0872988 0.167416 0.0460066 0.868393 -0.381603 -0.278029 0.151568 0.020041
e_10_11 10 11 8 0.0125 0.0768639 0.180762 0.0564422 0.829306 -0.4902 -0.127265 0.236135 0.020055
e_11_12 11 12 9 0.0125 0.0709486 0.192687 0.0702677 0.961886 -0.23214 -0.0429862 0.137981 0.020127
e_12_2 12 2 10 0.0125 0.0652508 0.194583 0.0879533 0.964413 0.145121 -0.206566 -0.0785949 0.020041
8 9 8
2 0.23194 0.117239 0.0352446 0.0125
10 0.23593 0.104781 0.0503887 0.0125
9 0.240066 0.0931081 0.0662808 0.0125
4 0.0515097 0.071429 0.128769 0.0125
1 -0.123055 -0.0266541 0.0528532 0.0125
8 0.243442 0.0739768 0.0710806 0.0125
5 0.147883 0.0546834 0.133623 0.0125
6 0.223268 0.0481434 0.0984662 0.0125
7 0.239085 0.0588535 0.083524 0.0125
e_1_4 1 4 1 0.0125 -0.0357724 0.0223878 0.0908119 0.82281 -0.2876 0.489926 -0.0155624 0.214141
e_4_5 4 5 2 0.0125 0.0996965 0.0630562 0.131196 0.696461 -0.0733966 0.685445 -0.199299 0.097938
e_5_6 5 6 3 0.0125 0.185576 0.0514134 0.116045 0.512261 -0.186717 0.822083 -0.164024 0.083436
e_6_7 6 7 4 0.0125 0.231176 0.0534982 0.0909949 0.437494 -0.463859 0.769996 0.0232165 0.024252
e_7_8 7 8 5 0.0125 0.241263 0.0664149 0.0773021 0.389794 -0.66222 0.609567 0.194818 0.020063
e_8_9 8 9 6 0.0125 0.241753 0.0835424 0.068681 0.522955 -0.730183 0.294544 0.326489 0.020011
e_9_10 9 10 7 0.0125 0.237998 0.0989441 0.0583354 0.178404 -0.75337 0.571688 0.271621 0.020147
e_10_2 10 2 8 0.0125 0.233935 0.111009 0.0428173 0.206776 -0.759395 0.549279 0.280812 0.020012
9 7 6
2 0.0761852 0.109727 0.1814 0.0125
4 0.0751872 0.0687273 0.0989303 0.0125
1 0.2205 -0.288507 0.0140072 0.0125
8 0.0691407 0.116076 0.163643 0.0125
5 0.0787514 0.0892243 0.111405 0.0125
6 0.0758394 0.10227 0.126925 0.0125
7 0.0702636 0.11086 0.144329 0.0125
e_1_4 1 4 1 0.0125 0.147844 -0.10989 0.0564686 0.779331 -0.584163 -0.226336 0.0130061 0.394897
e_4_5 4 5 2 0.0125 0.0769697 0.0789753 0.105168 0.867398 -0.477299 0.122664 0.0690005 0.024259
e_5_6 5 6 3 0.0125 0.0772953 0.0957475 0.119165 0.937461 -0.339926 -0.0749054 0.00256432 0.020482
e_6_7 6 7 4 0.0125 0.0730515 0.106565 0.135627 0.964252 -0.215248 -0.150762 -0.0340095 0.020193
e_7_8 7 8 5 0.0125 0.0697026 0.113468 0.153986 0.990686 -0.130695 -0.0312015 -0.022071 0.020037
e_8_2 8 2 6 0.0125 0.0726629 0.112901 0.172521 0.969874 0.158957 0.18358 -0.0193813 0.020131
