9
1 9 8
2 -0.0610874 0.0967637 0.0387207 0.0125
10 -0.054613 0.0795791 0.029994 0.0125
9 -0.0525314 0.0589857 0.0206939 0.0125
4 0.134854 0.0754627 0.029494 0.0125
1 0.341375 0.169291 0.0556382 0.0125
8 -0.0516922 0.0400045 0.0137625 0.0125
5 0.0257964 0.0290054 0.0154063 0.0125
6 -0.0124644 0.0146223 0.0124696 0.0125
7 -0.0378123 0.0244317 0.0130649 0.0125
e_1_4 1 4 1 0.0125 0.238115 0.122377 0.0425662 0.328167 0.743517 -0.0665816 -0.57884 0.228337
e_4_5 4 5 2 0.0125 0.0803259 0.0522341 0.0224503 0.331237 0.742335 -0.0891412 -0.575565 0.119375
e_5_6 5 6 3 0.0125 0.00666555 0.0218138 0.0139378 0.428399 0.694748 -0.230542 -0.529764 0.040981
e_6_7 6 7 4 0.0125 -0.0251382 0.0195264 0.0127669 0.53705 -0.620037 -0.323421 0.471731 0.027186
e_7_8 7 8 5 0.0125 -0.0447516 0.032218 0.0134133 0.525416 -0.695008 0.0160578 0.490555 0.020872
e_8_9 8 9 6 0.0125 -0.052112 0.0494952 0.0172286 0.749401 -0.534043 0.208403 0.331307 0.020225
e_9_10 9 10 7 0.0125 -0.0535724 0.0692825 0.0253444 0.774406 -0.519589 0.158425 0.324383 0.022691
e_10_2 10 2 8 0.0125 -0.0578503 0.088171 0.0343579 0.769903 -0.533084 0.0349063 0.349073 0.020333
2 7 6
2 -0.286182 -0.214437 0.00894154 0.0125
4 0.03811 0.00421504 0.0129875 0.0125
1 0.114167 0.0337296 0.00966514 0.0125
8 -0.264512 -0.187543 0.0197791 0.0125
5 -0.116661 -0.0564686 0.0197086 0.0125
6 -0.148286 -0.0525921 0.00928352 0.0125
7 -0.199563 -0.0859179 0.00894087 0.0125
e_1_4 1 4 1 0.0125 0.0761383 0.0189723 0.0113263 0.720472 0.282072 -0.632527 -0.035554 0.08165
e_4_5 4 5 2 0.0125 -0.0392756 -0.0261268 0.0163476 0.720385 0.284097 -0.631735 -0.0352896 0.166379
e_5_6 5 6 3 0.0125 -0.132474 -0.0545298 0.0144955 0.583144 -0.00641102 -0.809593 -0.0667962 0.033523
e_6_7 6 7 4 0.0125 -0.173925 -0.0692549 0.00911209 0.704861 0.40246 -0.583805 -0.0192041 0.061156
e_7_8 7 8 5 0.0125 -0.232038 -0.136731 0.0143598 0.738051 0.565735 -0.367685 0.00564635 0.121093
e_8_2 8 2 6 0.0125 -0.275346 -0.20099 0.0143599 0.5917 0.615603 -0.520319 0.0138803 0.036199
3 10 9
2 -0.190662 -0.139682 0.0846273 0.0125
11 -0.181226 -0.130453 0.0652765 0.0125
10 -0.173095 -0.132185 0.0464586 0.0125
9 -0.157296 -0.125329 0.0351126 0.0125
4 0.189443 -0.144232 0.0149728 0.0125
1 0.266066 -0.167794 0.0116273 0.0125
8 -0.137387 -0.120293 0.0191945 0.0125
5 -0.0575136 -0.116805 0.0114953 0.0125
6 -0.0916484 -0.119225 0.0127918 0.0125
7 -0.115909 -0.120045 0.0139193 0.0125
e_1_4 1 4 1 0.0125 0.227755 -0.156013 0.0133005 0.229246 0.562742 -0.40308 -0.68432 0.080233
e_4_5 4 5 2 0.0125 0.0659654 -0.130518 0.0132334 0.279348 0.617996 -0.353664 -0.644179 0.2485
e_5_6 5 6 3 0.0125 -0.074581 -0.118015 0.0121436 0.352864 0.627203 -0.296116 -0.628027 0.034245
e_6_7 6 7 4 0.0125 -0.103778 -0.119635 0.0133556 0.343056 0.61861 -0.306799 -0.636796 0.0243
e_7_8 7 8 5 0.0125 -0.126649 -0.120169 0.0165571 0.386003 0.541174 -0.296441 -0.685751 0.022119
e_8_9 8 9 6 0.0125 -0.147342 -0.122811 0.0271535 0.55143 0.403005 -0.176809 -0.708696 0.025982
e_9_10 9 10 7 0.0125 -0.165195 -0.128758 0.0407853 0.575759 0.452611 -0.141709 -0.666005 0.020624
e_10_11 10 11 8 0.0125 -0.17716 -0.131319 0.0558679 0.585103 0.136123 -0.155261 -0.784232 0.020573
e_11_2 11 2 9 0.0125 -0.185944 -0.135068 0.0749524 0.703363 0.294456 -0.0156062 -0.646786 0.023423
4 10 9
2 0.0810459 0.28879 0.0710508 0.0125
11 0.0637159 0.276859 0.0709951 0.0125
10 0.0568256 0.257794 0.0751717 0.0125
9 0.056206 0.237725 0.0785116 0.0125
4 0.0631407 0.10396 0.0954371 0.0125
1 0.0611684 -0.18133 0.0251981 0.0125
8 0.0538276 0.214695 0.0755855 0.0125
5 0.0560865 0.136885 0.099895 0.0125
6 0.0494777 0.169959 0.0775984 0.0125
7 0.052028 0.192164 0.0710196 0.0125
e_1_4 1 4 1 0.0125 0.0621549 -0.0386843 0.0603176 0.784872 -0.614743 0.0506374 0.0591914 0.293816
e_4_5 4 5 2 0.0125 0.0596131 0.120423 0.0976655 0.750344 -0.652331 -0.0940495 0.0510128 0.033966
e_5_6 5 6 3 0.0125 0.0527821 0.153422 0.0887462 0.473435 -0.8676 -0.151654 0.0114485 0.040431
e_6_7 6 7 4 0.0125 0.0507524 0.181061 0.074309 0.598046 -0.789086 0.136161 0.0338286 0.023299
e_7_8 7 8 5 0.0125 0.0529272 0.20343 0.0733025 0.771751 -0.625646 0.0978129 0.0583047 0.02306
e_8_9 8 9 6 0.0125 0.0550168 0.22621 0.0770485 0.748106 -0.651019 0.11608 0.0551086 0.023336
e_9_10 9 10 7 0.0125 0.0565153 0.24776 0.0768411 0.64533 -0.75978 0.0691704 0.0387106 0.020354
e_10_11 10 11 8 0.0125 0.0602712 0.267327 0.0730834 0.630212 -0.708793 0.313836 0.0441931 0.020698
e_11_2 11 2 9 0.0125 0.072381 0.282824 0.0710229 0.704201 -0.337764 0.620154 0.0736546 0.02104
5 8 7
2 0.230163 0.207787 0.0950043 0.0125
9 0.222626 0.197351 0.0791709 0.0125
4 0.196057 0.0832128 0.0124939 0.0125
1 0.159039 -0.247165 0.0511166 0.0125
8 0.214607 0.186634 0.0614111 0.0125
5 0.190847 0.110496 0.0126404 0.0125
6 0.20313 0.145563 0.037453 0.0125
7 0.204928 0.167387 0.0539565 0.0125
e_1_4 1 4 1 0.0125 0.177547 -0.081976 0.0318055 0.613824 -0.652973 0.362391 0.255968 0.334681
e_4_5 4 5 2 0.0125 0.193452 0.0968544 0.0125672 0.708956 -0.693583 -0.127681 0.00470589 0.027777
e_5_6 5 6 3 0.0125 0.196988 0.12803 0.0250462 0.879508 -0.432447 0.187926 0.0643369 0.044679
e_6_7 6 7 4 0.0125 0.204028 0.156475 0.0457042 0.89483 -0.445199 0.0294699 -0.0144279 0.027421
e_7_8 7 8 5 0.0125 0.209768 0.177011 0.0576833 0.796194 -0.451525 0.364168 0.171995 0.022797
e_8_9 8 9 6 0.0125 0.218617 0.191993 0.0702914 0.948292 -0.252825 0.19179 0.00627984 0.022239
e_9_2 9 2 7 0.0125 0.226395 0.20257 0.0870874 0.94218 -0.26802 0.200532 0.0157987 0.020406
6 7 6
2 0.2588 -0.267574 0.0420919 0.0125
4 0.239279 -0.1819 0.0683195 0.0125
1 -0.0328246 0.105259 0.0319113 0.0125
8 0.260614 -0.250483 0.0523961 0.0125
5 0.254266 -0.192107 0.0564633 0.0125
6 0.261247 -0.211689 0.0548766 0.0125
7 0.264056 -0.231448 0.0575964 0.0125
e_1_4 1 4 1 0.0125 0.103227 -0.0383203 0.0501156 0.372808 0.647048 -0.188429 0.637837 0.397273
e_4_5 4 5 2 0.0125 0.246772 -0.187003 0.0623921 0.11993 0.828313 -0.295862 0.460413 0.021665
e_5_6 5 6 3 0.0125 0.257756 -0.201897 0.0556698 0.464534 0.652039 -0.335998 0.496145 0.020849
e_6_7 6 7 4 0.0125 0.262651 -0.221569 0.0562359 0.579225 0.559796 -0.345145 0.481666 0.020143
e_7_8 7 8 5 0.0125 0.262335 -0.240966 0.0549964 0.535897 0.620957 -0.494176 0.288128 0.02003
e_8_2 8 2 6 0.0125 0.259707 -0.259029 0.0472445 0.425533 0.700775 -0.515779 0.248611 0.020039
7 7 6
2 0.454714 -0.0196679 0.284804 0.0125
4 0.147911 0.0970974 0.0830391 0.0125
1 0.0450821 0.0938218 0.0988171 0.0125
8 0.438166 -0.0184689 0.272743 0.0125
5 0.386024 -0.0054751 0.20321 0.0125
6 0.402597 -0.00759584 0.221521 0.0125
7 0.422061 -0.0167356 0.260619 0.0125
e_1_4 1 4 1 0.0125 0.0964966 0.0954601 0.0909282 -0.0832277 0.755296 -0.0729518 0.645972 0.104084
e_4_5 4 5 2 0.0125 0.266967 0.0458115 0.143125 0.0519929 0.506551 -0.182051 0.841166 0.285762
e_5_6 5 6 3 0.0125 0.39431 -0.00653586 0.212365 -0.0291002 0.356938 -0.0570624 0.931929 0.024788
e_6_7 6 7 4 0.0125 0.412329 -0.0121658 0.24107 0.0292968 0.228274 -0.0988799 0.96812 0.044622
e_7_8 7 8 5 0.0125 0.430114 -0.0176028 0.266681 -0.0364182 0.442781 -0.065966 0.893458 0.020232
e_8_2 8 2 6 0.0125 0.44644 -0.0190683 0.278773 -0.0460924 0.45037 -0.0561817 0.88988 0.020512
8 9 8
2 0.208762 -0.264833 0.0363896 0.0125
10 0.190269 -0.255038 0.0443303 0.0125
9 0.181142 -0.251159 0.0623973 0.0125
4 -0.0910484 -0.0645838 0.0640337 0.0125
1 -0.173917 -0.022739 0.0124988 0.0125
8 0.169374 -0.24584 0.0780806 0.0125
5 0.0259526 -0.175672 0.0779786 0.0125
6 0.127489 -0.21376 0.100401 0.0125
7 0.145597 -0.22488 0.0879121 0.0125
e_1_4 1 4 1 0.0125 -0.132483 -0.0436614 0.0382663 0.540641 0.496065 0.106016 0.671109 0.106179
e_4_5 4 5 2 0.0125 -0.0325483 -0.120128 0.0710061 0.49255 0.675722 -0.0185509 0.548133 0.161939
e_5_6 5 6 3 0.0125 0.0767213 -0.194715 0.0891896 0.383502 0.623561 0.0996703 0.673917 0.110739
e_6_7 6 7 4 0.0125 0.136543 -0.21932 0.0941559 0.218768 0.864074 -0.0820147 0.44586 0.024648
e_7_8 7 8 5 0.0125 0.157486 -0.235361 0.0829964 0.351133 0.801869 -0.0715825 0.478109 0.033186
e_8_9 8 9 6 0.0125 0.175258 -0.248499 0.0702389 0.0893547 0.929733 -0.146935 0.325612 0.020316
e_9_10 9 10 7 0.0125 0.185705 -0.253099 0.0533641 0.049494 0.949107 -0.193644 0.243407 0.02061
e_10_2 10 2 8 0.0125 0.199516 -0.259935 0.0403605 0.244997 0.822343 -0.0338067 0.51243 0.022382
9 9 8
2 0.212059 -0.230012 0.0625819 0.0125
10 0.200894 -0.213171 0.0647455 0.0125
9 0.192691 -0.198254 0.0762744 0.0125
4 0.111449 0.0237944 0.0606161 0.0125
1 0.0787973 0.234007 0.0125179 0.0125
8 0.190991 -0.176864 0.0816219 0.0125
5 0.149496 -0.0657321 0.076508 0.0125
6 0.175852 -0.131894 0.0877722 0.0125
7 0.186905 -0.15521 0.0844075 0.0125
e_1_4 1 4 1 0.0125 0.0951233 0.128901 0.0365673 0.662656 0.574028 -0.245413 0.413705 0.218104
e_4_5 4 5 2 0.0125 0.130472 -0.0209686 0.0685622 0.614156 0.63031 -0.148633 0.451031 0.098565
e_5_6 5 6 3 0.0125 0.162674 -0.0988126 0.0821403 0.615288 0.62952 -0.15998 0.446691 0.072103
e_6_7 6 7 4 0.0125 0.181379 -0.143552 0.0860905 0.50709 0.727775 -0.187074 0.422146 0.026022
e_7_8 7 8 5 0.0125 0.188948 -0.166037 0.0830143 0.543907 0.685407 -0.30484 0.376104 0.022211
e_8_9 8 9 6 0.0125 0.191841 -0.187558 0.078948 0.515621 0.691937 -0.377006 0.336489 0.022114
e_9_10 9 10 7 0.0125 0.196792 -0.205713 0.07051 0.320162 0.839644 -0.274501 0.342263 0.02056
e_10_2 10 2 8 0.0125 0.206476 -0.221592 0.0636638 0.494831 0.735262 -0.112463 0.449316 0.020321
