9
1 7 6
2 0.317603 -0.00465098 0.0198968 0.0125
4 0.00432199 0.0399711 0.0463129 0.0125
1 -0.140435 0.0613183 0.0850544 0.0125
8 0.3003 -0.0265322 0.0115263 0.0125
5 0.117071 -0.0110488 0.0114962 0.0125
6 0.219184 -0.0364173 0.0136743 0.0125
7 0.254304 -0.0442791 0.0168191 0.0125
e_1_4 1 4 1 0.0125 -0.0680566 0.0506453 0.0656833 0.301491 -0.624355 0.488013 -0.530215 0.151365
e_4_5 4 5 2 0.0125 0.060696 0.0144614 0.0289042 0.177713 -0.597342 0.527817 -0.57707 0.12856
e_5_6 5 6 3 0.0125 0.168127 -0.0237331 0.0125846 0.333195 -0.52203 0.46598 -0.631924 0.105239
e_6_7 6 7 4 0.0125 0.236744 -0.0403487 0.015246 0.361326 -0.502357 0.45178 -0.642632 0.036126
e_7_8 7 8 5 0.0125 0.277302 -0.0354056 0.0141727 0.526541 -0.638377 0.381896 -0.411564 0.049585
e_8_2 8 2 6 0.0125 0.308952 -0.0155912 0.0157116 0.76177 -0.56075 0.204594 -0.251809 0.029124
2 7 6
2 0.254157 0.28648 0.0256172 0.0125
4 0.175228 0.0296127 0.0464227 0.0125
1 0.261569 -0.169474 0.0182524 0.0125
8 0.233269 0.249382 0.0114972 0.0125
5 0.172543 0.0652501 0.0470618 0.0125
6 0.206814 0.170887 0.0454055 0.0125
7 0.215763 0.197979 0.0333953 0.0125
e_1_4 1 4 1 0.0125 0.218398 -0.0699309 0.0323372 0.568903 -0.630067 0.196592 0.490628 0.218824
e_4_5 4 5 2 0.0125 0.173885 0.0474314 0.0467426 0.558136 -0.579463 0.394053 0.44433 0.035744
e_5_6 5 6 3 0.0125 0.189679 0.118068 0.0462336 0.584871 -0.443182 0.557714 0.387905 0.111069
e_6_7 6 7 4 0.0125 0.211288 0.184432 0.0394007 0.4479 -0.487157 0.675772 0.324649 0.030957
e_7_8 7 8 5 0.0125 0.224516 0.223681 0.022446 0.454617 -0.48183 0.674421 0.326066 0.058551
e_8_2 8 2 6 0.0125 0.243713 0.267931 0.0185565 0.70536 -0.302086 0.50134 0.399836 0.044855
3 10 9
2 0.163145 -0.0991936 0.0350482 0.0125
11 0.145835 -0.108249 0.0307372 0.0125
10 0.128985 -0.11197 0.0206148 0.0125
9 0.11244 -0.118551 0.0114955 0.0125
4 -0.115216 0.00486028 0.0114954 0.0125
1 -0.2523 0.103724 0.018536 0.0125
8 0.0939385 -0.126344 0.0128199 0.0125
5 0.00453354 -0.0819275 0.029104 0.0125
6 0.0561133 -0.111841 0.0182905 0.0125
7 0.0749313 -0.121304 0.0167022 0.0125
e_1_4 1 4 1 0.0125 -0.183759 0.054292 0.0150161 -0.0809074 -0.630657 0.35083 -0.687491 0.169162
e_4_5 4 5 2 0.0125 -0.0553409 -0.0385339 0.0202999 -0.0635005 -0.56879 0.342584 -0.745039 0.148937
e_5_6 5 6 3 0.0125 0.0303238 -0.0968843 0.0236974 -0.0391892 -0.686327 0.343768 -0.639721 0.060599
e_6_7 6 7 4 0.0125 0.0655224 -0.116571 0.017496 0.00336534 -0.653405 0.332658 -0.679992 0.021123
e_7_8 7 8 5 0.0125 0.0844348 -0.123824 0.0147605 0.0972508 -0.707595 0.310093 -0.627451 0.020044
e_8_9 8 9 6 0.0125 0.103189 -0.122448 0.0121575 0.426753 -0.702435 0.198727 -0.53383 0.02012
e_9_10 9 10 7 0.0125 0.120713 -0.115261 0.0160553 0.527536 -0.500119 0.148161 -0.670549 0.020005
e_10_11 10 11 8 0.0125 0.13741 -0.11011 0.0256764 0.465634 -0.467026 0.169967 -0.732245 0.020005
e_11_2 11 2 9 0.0125 0.154489 -0.103721 0.0328932 0.522968 -0.606311 0.156984 -0.578142 0.020006
4 11 10
2 0.0502834 0.0615525 0.0216627 0.0125
12 0.0364353 0.0477246 0.0172033 0.0125
11 0.0251297 0.0313594 0.0148307 0.0125
10 0.00920174 0.0190139 0.0145469 0.0125
9 -0.0111924 0.0208373 0.016264 0.0125
4 -0.1038 0.0473836 0.0214582 0.0125
1 -0.388361 0.162406 0.0964356 0.0125
8 -0.0299249 0.0277616 0.0186216 0.0125
5 -0.0879038 0.0335031 0.0142789 0.0125
6 -0.0695773 0.02561 0.0114901 0.0125
7 -0.0498497 0.0291166 0.0139883 0.0125
e_1_4 1 4 1 0.0125 -0.24608 0.104895 0.0589462 0.613292 0.207421 0.758703 -0.0722476 0.315954
e_4_5 4 5 2 0.0125 -0.0958516 0.0404437 0.0178687 0.369076 0.812634 -0.025375 0.450294 0.022291
e_5_6 5 6 3 0.0125 -0.0787409 0.0295568 0.0128848 0.656111 0.316972 0.684643 0.0176531 0.020148
e_6_7 6 7 4 0.0125 -0.0597134 0.027363 0.0127396 0.732147 -0.25285 0.611727 -0.160677 0.020192
e_7_8 7 8 5 0.0125 -0.0398874 0.0284394 0.0163046 0.781644 0.0064812 0.622067 -0.044975 0.020501
e_8_9 8 9 6 0.0125 -0.0205583 0.0242998 0.017443 0.663812 0.23017 0.71108 -0.0272292 0.02011
e_9_10 9 10 7 0.0125 -0.000995321 0.0199256 0.0154055 0.650489 -0.139856 0.722653 -0.187292 0.020546
e_10_11 10 11 8 0.0125 0.0171649 0.0251869 0.0146885 0.678874 -0.577524 0.399289 -0.21486 0.020155
e_11_12 11 12 9 0.0125 0.0307824 0.0395425 0.0160175 0.73238 -0.611226 0.259175 -0.151162 0.020032
e_12_2 12 2 10 0.0125 0.0433594 0.0546388 0.0194338 0.768622 -0.513724 0.353549 -0.142516 0.020071
5 10 9
2 -0.0715516 -0.00889083 0.087714 0.0125
11 -0.0771245 -0.022151 0.0737433 0.0125
10 -0.0772477 -0.0357174 0.0584699 0.0125
9 -0.0772383 -0.053666 0.0490492 0.0125
4 0.148859 -0.166734 0.0127752 0.0125
1 0.232755 -0.279776 0.0122571 0.0125
8 -0.0805334 -0.0735105 0.0509477 0.0125
5 -0.0419931 -0.126942 0.0120779 0.0125
6 -0.0710895 -0.107786 0.0302697 0.0125
7 -0.0789201 -0.0945592 0.0466592 0.0125
e_1_4 1 4 1 0.0125 0.190807 -0.223254 0.0125158 0.625318 -0.30263 -0.637633 -0.332891 0.140775
e_4_5 4 5 2 0.0125 0.0534322 -0.146838 0.0124264 0.378827 0.507521 -0.494173 -0.595572 0.194957
e_5_6 5 6 3 0.0125 -0.0565415 -0.117364 0.0211734 0.789275 -0.0962788 -0.509198 -0.329384 0.039299
e_6_7 6 7 4 0.0125 -0.0750052 -0.101173 0.0384647 0.929728 -0.320033 -0.181295 0.017793 0.02247
e_7_8 7 8 5 0.0125 -0.0797265 -0.0840353 0.0488035 0.572518 -0.499097 0.389052 0.52131 0.021542
e_8_9 8 9 6 0.0125 -0.0788854 -0.0635885 0.049999 0.266421 -0.177549 0.717957 0.618089 0.020206
e_9_10 9 10 7 0.0125 -0.0772434 -0.0446915 0.0537591 0.761051 -0.460194 0.236337 0.391367 0.02027
e_10_11 10 11 8 0.0125 -0.0771863 -0.0289344 0.0661062 0.905745 -0.343364 0.0909845 0.231191 0.020429
e_11_2 11 2 9 0.0125 -0.0743376 -0.0155213 0.080728 0.857488 -0.279137 0.271527 0.336259 0.020052
6 10 9
2 -0.0457005 0.111858 0.011651 0.0125
11 -0.0216905 0.102533 0.0188022 0.0125
10 0.0150414 0.106219 0.0279602 0.0125
9 0.0872672 0.123561 0.0403032 0.0125
4 0.288678 -0.0134301 0.0366595 0.0125
1 0.304505 -0.0947183 0.0365533 0.0125
8 0.128714 0.112565 0.0730728 0.0125
5 0.281729 0.0181695 0.0375052 0.0125
6 0.257234 0.0404269 0.0395005 0.0125
7 0.179324 0.103823 0.0741688 0.0125
e_1_4 1 4 1 0.0125 0.296591 -0.0540741 0.0366068 -0.610119 0.666499 -0.234816 -0.358324 0.082815
e_4_5 4 5 2 0.0125 0.285204 0.00237008 0.0370816 -0.613815 0.661265 -0.222853 -0.369183 0.032366
e_5_6 5 6 3 0.0125 0.269482 0.0292988 0.0385035 -0.473528 0.685198 -0.0201878 -0.553053 0.033157
e_6_7 6 7 4 0.0125 0.218279 0.0721253 0.0568346 -0.562321 0.578587 0.0459086 -0.589003 0.106258
e_7_8 7 8 5 0.0125 0.154019 0.108195 0.0736208 -0.248132 0.701537 0.136051 -0.654039 0.051371
e_8_9 8 9 6 0.0125 0.107992 0.118063 0.0566879 -0.0592478 0.88942 -0.111961 -0.439189 0.053968
e_9_10 9 10 7 0.0125 0.051155 0.114889 0.0341317 -0.00483545 0.740428 0.183646 -0.646543 0.075298
e_10_11 10 11 8 0.0125 -0.00332473 0.104375 0.0233806 -0.0352828 0.777928 0.123386 -0.615109 0.038035
e_11_2 11 2 9 0.0125 -0.033696 0.107195 0.0152264 -0.222671 0.796064 0.00506372 -0.562737 0.026731
7 7 6
2 -0.0809829 -0.15827 0.0320457 0.0125
4 0.203413 -0.0494101 0.0600688 0.0125
1 0.388501 -0.00142753 0.0911908 0.0125
8 -0.0612123 -0.151742 0.0312112 0.0125
5 0.0922452 -0.0937845 0.0483955 0.0125
6 -0.022199 -0.139163 0.0366318 0.0125
7 -0.041232 -0.14451 0.032384 0.0125
e_1_4 1 4 1 0.0125 0.295956 -0.0254195 0.0756295 0.387126 0.705505 -0.287381 -0.519431 0.193723
e_4_5 4 5 2 0.0125 0.147829 -0.0715973 0.0542321 0.454798 0.692178 -0.26348 -0.494597 0.120264
e_5_6 5 6 3 0.0125 0.0350236 -0.116473 0.0425139 0.455134 0.691042 -0.264612 -0.495272 0.123674
e_6_7 6 7 4 0.0125 -0.0317155 -0.141837 0.0345079 0.368091 0.730198 -0.268071 -0.509371 0.020221
e_7_8 7 8 5 0.0125 -0.0512221 -0.148126 0.0317976 0.466742 0.66922 -0.282294 -0.504586 0.021281
e_8_2 8 2 6 0.0125 -0.0710977 -0.155006 0.0316285 0.506886 0.620603 -0.307914 -0.512941 0.020837
8 9 8
2 0.0837132 -0.18055 0.107421 0.0125
10 0.0947322 -0.163261 0.0970728 0.0125
9 0.103407 -0.146984 0.0877117 0.0125
4 0.00445689 0.0915449 0.0534122 0.0125
1 -0.0984867 0.230879 0.0217087 0.0125
8 0.104807 -0.12777 0.0786743 0.0125
5 0.0607813 0.0462883 0.0427168 0.0125
6 0.0959917 -0.0442656 0.0704165 0.0125
7 0.105616 -0.092314 0.0744473 0.0125
e_1_4 1 4 1 0.0125 -0.0470149 0.161212 0.0375604 0.297246 -0.151554 0.622114 -0.708273 0.176115
e_4_5 4 5 2 0.0125 0.0326191 0.0689166 0.0480645 0.0984864 -0.511961 0.557769 -0.645825 0.073042
e_5_6 5 6 3 0.0125 0.078387 0.00101183 0.0565667 0.438719 0.12623 0.589051 -0.666792 0.101029
e_6_7 6 7 4 0.0125 0.100804 -0.0682893 0.0724318 0.0652921 -0.0735705 0.673499 -0.732614 0.049168
e_7_8 7 8 5 0.0125 0.105212 -0.110042 0.0765614 0.711478 0.636205 0.189901 -0.230175 0.035717
e_8_9 8 9 6 0.0125 0.104108 -0.137377 0.0831931 0.843711 0.535759 -0.0247654 -0.0223806 0.021279
e_9_10 9 10 7 0.0125 0.0990697 -0.155123 0.0923928 0.746633 0.285837 -0.438182 0.410893 0.020684
e_10_2 10 2 8 0.0125 0.0892226 -0.171906 0.102248 0.727072 0.230659 -0.470639 0.443465 0.022966
9 6 5
2 0.203492 0.337527 0.243814 0.0125
7 0.192138 0.314673 0.228067 0.0125
6 0.189451 0.296895 0.214228 0.0125
5 0.182117 0.241057 0.150486 0.0125
1 0.121373 -0.0864384 0.0114978 0.0125
4 0.160107 0.157611 0.127386 0.0125
e_1_4 1 4 1 0.0125 0.14074 0.0355863 0.0694417 0.533625 -0.400079 -0.357257 -0.653872 0.272929
e_4_5 4 5 2 0.0125 0.171112 0.199334 0.138936 0.472012 -0.47511 -0.380769 -0.637566 0.089339
e_5_6 5 6 3 0.0125 0.185784 0.268976 0.182357 0.618819 -0.266779 -0.232656 -0.701258 0.085057
e_6_7 6 7 4 0.0125 0.190796 0.305784 0.221147 0.580608 -0.33291 -0.290168 -0.684009 0.022688
e_7_2 7 2 5 0.0125 0.197815 0.3261 0.23594 0.504876 -0.429176 -0.230728 -0.712512 0.029987
