9
1 11 10
2 0.159949 -0.0934337 0.0663382 0.0125
12 0.156272 -0.0849802 0.0485364 0.0125
11 0.145367 -0.0802496 0.0324295 0.0125
10 0.138013 -0.0640519 0.0231201 0.0125
9 0.131929 -0.0417746 0.0126104 0.0125
4 -0.115723 0.145878 0.0123113 0.0125
1 -0.184834 0.191086 0.032102 0.0125
8 0.118693 -0.0235112 0.0166826 0.0125
5 -0.0780918 0.0808744 0.0224938 0.0125
6 0.00906864 0.00161106 0.0122918 0.0125
7 0.0737712 -0.0138633 0.0162267 0.0125
e_1_4 1 4 1 0.0125 -0.150278 0.168482 0.0222067 0.320587 -0.339661 0.707921 -0.529813 0.084923
e_4_5 4 5 2 0.0125 -0.0969073 0.113376 0.0174026 0.193891 -0.171913 0.635039 -0.727721 0.075797
e_5_6 5 6 3 0.0125 -0.034512 0.0412425 0.0173924 0.29113 -0.278502 0.68233 -0.610005 0.118253
e_6_7 6 7 4 0.0125 0.0414195 -0.00612665 0.0142594 0.543959 -0.323846 0.60465 -0.483353 0.066644
e_7_8 7 8 5 0.0125 0.0962322 -0.0186875 0.0164553 0.536658 -0.339337 0.616352 -0.465789 0.045948
e_8_9 8 9 6 0.0125 0.125311 -0.0326429 0.0146465 0.164038 -0.276358 0.715867 -0.619881 0.02292
e_9_10 9 10 7 0.0125 0.13497 -0.0529134 0.0178656 0.150267 -0.0469981 0.539144 -0.827366 0.025372
e_10_11 10 11 8 0.0125 0.14169 -0.0721511 0.0277743 0.266899 -0.0562846 0.514784 -0.812769 0.020078
e_11_12 11 12 9 0.0125 0.15082 -0.0826144 0.0404827 0.741098 -0.0823348 0.301519 -0.594205 0.020018
e_12_2 12 2 10 0.0125 0.15811 -0.0892065 0.0574375 0.61915 0.0655533 0.227389 -0.748766 0.020047
2 6 5
2 0.0894545 0.0595365 0.0611628 0.0125
7 0.0767322 0.0481441 0.0497428 0.0125
6 0.0640458 0.0324511 0.0435201 0.0125
5 0.0447649 0.0214363 0.0409947 0.0125
1 -0.260076 -0.233716 0.122152 0.0125
4 -0.146391 -0.140445 0.0118678 0.0125
e_1_4 1 4 1 0.0125 -0.203233 -0.18708 0.0670091 0.159861 0.443003 0.777009 0.417671 0.183811
e_4_5 4 5 2 0.0125 -0.050813 -0.0595042 0.0264312 0.471896 0.121785 0.653772 0.578847 0.252179
e_5_6 5 6 3 0.0125 0.054405 0.0269441 0.0422578 0.511477 0.19445 0.636925 0.543053 0.022348
e_6_7 6 7 4 0.0125 0.070389 0.0402977 0.0466319 0.519521 -0.0131122 0.593725 0.614343 0.021117
e_7_2 7 2 5 0.0125 0.0830934 0.0538396 0.055453 0.67315 -0.0130804 0.471046 0.569924 0.020545
3 10 9
2 0.380233 0.0590655 0.0318117 0.0125
11 0.366438 0.0716238 0.022253 0.0125
10 0.353254 0.0843486 0.0130914 0.0125
9 0.346681 0.103512 0.0146942 0.0125
4 0.235385 0.222286 0.0114271 0.0125
1 0.0149446 0.106775 0.0112126 0.0125
8 0.350377 0.123273 0.0180582 0.0125
5 0.291167 0.211919 0.01533 0.0125
6 0.30714 0.195361 0.020702 0.0125
7 0.347169 0.141725 0.0279183 0.0125
e_1_4 1 4 1 0.0125 0.125165 0.16453 0.0113203 0.619683 -0.589342 0.390186 -0.34121 0.248871
e_4_5 4 5 2 0.0125 0.263276 0.217102 0.013379 0.494603 -0.409639 0.545783 -0.538223 0.056871
e_5_6 5 6 3 0.0125 0.299153 0.20364 0.0180161 0.377826 -0.162289 0.599983 -0.686244 0.023625
e_6_7 6 7 4 0.0125 0.327155 0.168543 0.0243107 0.289665 -0.159629 0.648782 -0.685343 0.067315
e_7_8 7 8 5 0.0125 0.348774 0.132499 0.0229882 -0.103687 -0.312868 0.796901 -0.506272 0.021165
e_8_9 8 9 6 0.0125 0.348529 0.113393 0.0163762 -0.148317 -0.0356497 0.762387 -0.628886 0.020384
e_9_10 9 10 7 0.0125 0.349968 0.0939308 0.0138933 0.102995 -0.130124 0.722844 -0.670787 0.020322
e_10_11 10 11 8 0.0125 0.359846 0.0779867 0.0176718 0.482098 -0.104729 0.515199 -0.700845 0.020485
e_11_2 11 2 9 0.0125 0.373335 0.0653449 0.0270324 0.492844 -0.112032 0.509357 -0.696497 0.020961
4 9 8
2 0.00293072 0.0400291 0.0113018 0.0125
10 -0.00893779 0.0548055 0.0177928 0.0125
9 -0.0117377 0.0745719 0.0161866 0.0125
4 0.132887 0.0174148 0.0115 0.0125
1 0.28825 -0.133452 0.108726 0.0125
8 -0.00667885 0.0923448 0.0241193 0.0125
5 0.081811 0.0983743 0.0225514 0.0125
6 0.0379152 0.116319 0.0379254 0.0125
7 0.00445522 0.107874 0.0339642 0.0125
e_1_4 1 4 1 0.0125 0.210569 -0.0580182 0.0601138 0.373807 -0.839453 0.010086 0.394317 0.237385
e_4_5 4 5 2 0.0125 0.107349 0.0578947 0.0170252 0.700238 -0.650886 -0.137861 0.258859 0.096361
e_5_6 5 6 3 0.0125 0.0598635 0.107347 0.030238 0.751219 -0.408413 -0.423078 0.29979 0.049852
e_6_7 6 7 4 0.0125 0.0211849 0.112097 0.0359445 0.195176 -0.638276 -0.386826 0.636298 0.034736
e_7_8 7 8 5 0.0125 -0.00111231 0.100109 0.0290412 -0.4042 -0.225219 0.823572 -0.328067 0.021495
e_8_9 8 9 6 0.0125 -0.0092087 0.0834581 0.0201529 -0.196036 -0.0725582 0.831852 -0.514128 0.020109
e_9_10 9 10 7 0.0125 -0.0103384 0.0646889 0.0169898 0.24653 0.135672 0.664458 -0.692323 0.020028
e_10_2 10 2 8 0.0125 -0.00300426 0.0474176 0.014547 0.22322 -0.226929 0.781335 -0.536836 0.020034
5 7 6
2 0.191369 0.206298 0.0414363 0.0125
4 0.0587539 0.220208 0.101059 0.0125
1 -0.274266 0.210228 0.024065 0.0125
8 0.18238 0.215724 0.0569275 0.0125
5 0.13255 0.226937 0.085687 0.0125
6 0.153555 0.221945 0.0846092 0.0125
7 0.168507 0.218241 0.0716242 0.0125
e_1_4 1 4 1 0.0125 -0.107756 0.215218 0.062562 -0.768221 0.137319 -0.607093 0.149729 0.34195
e_4_5 4 5 2 0.0125 0.0956519 0.223573 0.0933732 0.315108 -0.70443 0.324557 -0.546945 0.07568
e_5_6 5 6 3 0.0125 0.143052 0.22444 0.0851483 -0.417143 -0.662535 -0.293224 -0.548688 0.021616
e_6_7 6 7 4 0.0125 0.161031 0.220093 0.0781167 0.0225663 -0.867253 0.26482 -0.42099 0.020147
e_7_8 7 8 5 0.0125 0.175444 0.216982 0.0642759 0.0714955 -0.86425 0.337448 -0.366181 0.020367
e_8_2 8 2 6 0.0125 0.186875 0.211011 0.049182 -0.189149 -0.916022 0.208799 -0.285535 0.020239
6 6 5
2 0.0570803 -0.197773 0.0973779 0.0125
7 0.0726777 -0.180756 0.08833 0.0125
6 0.0778771 -0.157235 0.0835317 0.0125
5 0.0860769 -0.130907 0.077135 0.0125
1 -0.0459164 0.269535 0.0549319 0.0125
4 0.00827178 0.109494 0.0591446 0.0125
e_1_4 1 4 1 0.0125 -0.0188218 0.189514 0.0570383 0.329991 0.503583 -0.483674 0.635271 0.169019
e_4_5 4 5 2 0.0125 0.0471743 -0.0107065 0.0681398 0.362053 0.503184 -0.45967 0.635946 0.253316
e_5_6 5 6 3 0.0125 0.081977 -0.144071 0.0803334 0.602751 0.339222 -0.521484 0.499674 0.028308
e_6_7 6 7 4 0.0125 0.0752779 -0.168995 0.0859308 0.570237 0.364381 -0.519186 0.522017 0.024562
e_7_2 7 2 5 0.0125 0.0648795 -0.189265 0.0928546 0.738492 0.200691 -0.526545 0.370273 0.024794
7 9 8
2 0.112559 -0.152968 0.020755 0.0125
10 0.0903362 -0.141482 0.0147968 0.0125
9 0.0710893 -0.129862 0.0122871 0.0125
4 -0.0735226 -0.0811025 0.0488063 0.0125
1 -0.296733 0.0917195 0.0120295 0.0125
8 0.047958 -0.116989 0.0147231 0.0125
5 -0.000723792 -0.0790027 0.0329178 0.0125
6 0.0154713 -0.091811 0.0243392 0.0125
7 0.0285795 -0.107485 0.0226549 0.0125
e_1_4 1 4 1 0.0125 -0.185128 0.00530848 0.0304179 0.362417 0.651888 -0.102221 0.658214 0.28468
e_4_5 4 5 2 0.0125 -0.0371232 -0.0800526 0.040862 -0.456531 0.550199 -0.551234 0.430118 0.074542
e_5_6 5 6 3 0.0125 0.00737349 -0.085407 0.0286276 0.0490366 0.695415 -0.456324 0.552958 0.022359
e_6_7 6 7 4 0.0125 0.0220254 -0.0996482 0.0234971 0.322868 0.683783 -0.271141 0.59555 0.020503
e_7_8 7 8 5 0.0125 0.0382683 -0.112237 0.0186889 -0.0753586 0.682291 -0.454907 0.567326 0.022995
e_8_9 8 9 6 0.0125 0.0595244 -0.123426 0.0135046 0.0999076 0.691698 -0.25956 0.666484 0.026584
e_9_10 9 10 7 0.0125 0.0807128 -0.135672 0.0135419 0.286469 0.659382 -0.0987574 0.688039 0.022622
e_10_2 10 2 8 0.0125 0.101448 -0.147225 0.0177756 0.372638 0.619697 0.011018 0.690648 0.025715
8 9 8
2 0.28532 0.0320234 0.0371137 0.0125
10 0.2744 0.0319405 0.0203521 0.0125
9 0.255967 0.0334648 0.012692 0.0125
4 0.0185257 0.00840477 0.10081 0.0125
1 -0.153506 -0.089406 0.0579754 0.0125
8 0.236552 0.0366775 0.0164935 0.0125
5 0.100155 0.0319998 0.0665158 0.0125
6 0.193978 0.0352257 0.0305352 0.0125
7 0.217073 0.0330402 0.021968 0.0125
e_1_4 1 4 1 0.0125 -0.0674897 -0.0405005 0.0793929 0.412194 0.29864 0.552302 0.660206 0.202477
e_4_5 4 5 2 0.0125 0.0593411 0.0202024 0.0836631 0.282745 0.57075 0.601147 0.48262 0.09163
e_5_6 5 6 3 0.0125 0.147067 0.0336129 0.0485249 0.360524 0.617279 0.545812 0.437126 0.100538
e_6_7 6 7 4 0.0125 0.205525 0.0341329 0.0262516 0.398492 0.639562 0.513983 0.409861 0.024729
e_7_8 7 8 5 0.0125 0.226812 0.0348584 0.0192307 0.349306 0.55478 0.570405 0.494816 0.020559
e_8_9 8 9 6 0.0125 0.246259 0.0350707 0.0145928 0.470291 0.605783 0.477356 0.428934 0.020042
e_9_10 9 10 7 0.0125 0.265183 0.0327029 0.0165221 0.629632 0.396294 0.389391 0.543038 0.02002
e_10_2 10 2 8 0.0125 0.27986 0.0319818 0.0287325 0.766692 0.169187 0.229017 0.575422 0.020005
9 9 8
2 -0.0608531 0.181605 0.0954581 0.0125
10 -0.0458282 0.160492 0.0975078 0.0125
9 -0.0244213 0.13914 0.0988911 0.0125
4 0.22237 -0.0744646 0.0339622 0.0125
1 0.29365 -0.0950543 0.0141418 0.0125
8 -0.0225248 0.111841 0.108907 0.0125
5 0.178287 -0.0712579 0.0478596 0.0125
6 0.0266797 0.0648418 0.129011 0.0125
7 0.00252485 0.086689 0.126176 0.0125
e_1_4 1 4 1 0.0125 0.25801 -0.084759 0.0240521 0.755699 -0.338669 -0.506219 0.240758 0.076796
e_4_5 4 5 2 0.0125 0.200329 -0.0728612 0.0409105 0.80284 -0.0966179 -0.58369 0.0736147 0.046333
e_5_6 5 6 3 0.0125 0.102483 -0.00320753 0.0884348 0.73246 -0.526257 -0.195023 0.385384 0.219302
e_6_7 6 7 4 0.0125 0.014602 0.0757659 0.127593 0.42399 -0.735931 0.0420122 0.526187 0.032693
e_7_8 7 8 5 0.0125 -0.00999982 0.0992656 0.117541 0.112974 -0.712477 0.459459 0.51818 0.039475
e_8_9 8 9 6 0.0125 -0.0234732 0.12549 0.1039 0.366959 -0.567445 0.591499 0.439859 0.029141
e_9_10 9 10 7 0.0125 -0.0351247 0.149816 0.0981995 0.456623 -0.721699 0.044736 0.51831 0.030267
e_10_2 10 2 8 0.0125 -0.0533402 0.171048 0.0964831 0.438115 -0.711523 0.182085 0.5183 0.025994
