12
1 8 7
2 0.173601 -0.0166719 0.0143262 0.0125
9 0.146785 -0.0391707 0.0126351 0.0125
4 -0.214148 -0.207778 0.0317475 0.0125
1 -0.275324 -0.213417 0.0313878 0.0125
8 0.115401 -0.0634603 0.0129231 0.0125
5 -0.0719969 -0.163616 0.0406396 0.0125
6 0.0613586 -0.0925799 0.0271236 0.0125
7 0.0795512 -0.0827945 0.0227617 0.0125
e_1_4 1 4 1 0.0125 -0.244736 -0.210597 0.0315674 -0.688647 -0.104842 -0.697195 -0.16939 0.061436
e_4_5 4 5 2 0.0125 -0.143072 -0.185697 0.0361931 -0.719708 0.103275 -0.677879 -0.108788 0.149119
e_5_6 5 6 3 0.0125 -0.00531901 -0.128098 0.0338812 -0.401722 -0.316822 -0.666462 -0.542284 0.151698
e_6_7 6 7 4 0.0125 0.0704549 -0.0876872 0.0249426 -0.0815494 -0.630654 -0.453401 -0.624543 0.021113
e_7_8 7 8 5 0.0125 0.0974766 -0.0731278 0.0178426 -0.0352243 -0.669217 -0.41176 -0.617545 0.041903
e_8_9 8 9 6 0.0125 0.131093 -0.0513153 0.0127795 0.326035 0.296495 0.644763 0.624558 0.039686
e_9_2 9 2 7 0.0125 0.160192 -0.0279211 0.0134809 0.122937 0.445516 0.526686 0.713445 0.035046
2 7 6
2 -0.126615 0.187237 0.051497 0.0125
4 -0.124877 -0.0817465 0.0138974 0.0125
1 -0.0449363 -0.288446 0.0122545 0.0125
8 -0.130437 0.160133 0.0421558 0.0125
5 -0.130678 0.0428282 0.0139579 0.0125
6 -0.13043 0.0741204 0.0121061 0.0125
7 -0.125102 0.128894 0.022219 0.0125
e_1_4 1 4 1 0.0125 -0.084907 -0.185096 0.0130763 0.396122 -0.155875 -0.687019 -0.588893 0.221625
e_4_5 4 5 2 0.0125 -0.127778 -0.019459 0.0139276 0.000493865 0.0323895 -0.706194 -0.707277 0.12471
e_5_6 5 6 3 0.0125 -0.130554 0.0584738 0.0130315 -0.169224 0.173943 -0.706594 -0.664705 0.031348
e_6_7 6 7 4 0.0125 -0.127766 0.101508 0.0171632 0.0152272 -0.0745751 -0.635668 -0.768201 0.055955
e_7_8 7 8 5 0.0125 -0.12777 0.144514 0.0321869 0.871386 -0.482164 -0.0356971 0.0832515 0.03744
e_8_2 8 2 6 0.0125 -0.128527 0.173686 0.0468264 0.784111 -0.533859 0.231317 0.216 0.028923
3 7 6
2 0.285858 0.136923 0.0906521 0.0125
4 0.151735 0.111662 0.0565597 0.0125
1 -0.185619 -0.000401425 0.0640999 0.0125
8 0.264837 0.129197 0.0867523 0.0125
5 0.194456 0.127329 0.0637907 0.0125
6 0.216901 0.126362 0.0750862 0.0125
7 0.246217 0.123081 0.0813267 0.0125
e_1_4 1 4 1 0.0125 -0.0169413 0.0556301 0.0603291 0.225207 -0.714548 0.00503384 -0.662327 0.35556
e_4_5 4 5 2 0.0125 0.173095 0.119496 0.0601749 0.255587 -0.64922 -0.00571353 -0.716349 0.046073
e_5_6 5 6 3 0.0125 0.205677 0.126846 0.0694386 0.158104 -0.510984 0.119587 -0.836419 0.025146
e_6_7 6 7 4 0.0125 0.231559 0.124722 0.0782071 0.100994 -0.611368 0.15079 -0.770254 0.030152
e_7_8 7 8 5 0.0125 0.255527 0.126139 0.08404 0.255618 -0.605449 0.00581915 -0.753696 0.020335
e_8_2 8 2 6 0.0125 0.275347 0.13306 0.0887024 0.257369 -0.64358 -0.00595298 -0.720785 0.022734
4 10 9
2 -0.302177 -0.171424 0.0222642 0.0125
11 -0.292227 -0.154789 0.0272142 0.0125
10 -0.277925 -0.141094 0.0242239 0.0125
9 -0.266182 -0.127952 0.0146328 0.0125
4 -0.210316 -0.0412777 0.027362 0.0125
1 -0.143336 0.284936 0.0110471 0.0125
8 -0.259944 -0.108989 0.0114274 0.0125
5 -0.221758 -0.0582536 0.0214593 0.0125
6 -0.235537 -0.0775538 0.0173488 0.0125
7 -0.248628 -0.0923368 0.0109617 0.0125
e_1_4 1 4 1 0.0125 -0.176825 0.121829 0.0192049 0.255834 0.108875 -0.680939 0.677508 0.333418
e_4_5 4 5 2 0.0125 -0.216037 -0.0497657 0.0244107 0.320123 -0.0252253 -0.79869 0.5089 0.021306
e_5_6 5 6 3 0.0125 -0.228647 -0.0679039 0.0194036 0.390902 0.0247538 -0.764705 0.511673 0.024068
e_6_7 6 7 4 0.0125 -0.242083 -0.0849451 0.0141557 0.368632 -0.0385046 -0.807706 0.458518 0.020753
e_7_8 7 8 5 0.0125 -0.254286 -0.100663 0.0111952 0.492227 0.11284 -0.689718 0.518911 0.020138
e_8_9 8 9 6 0.0125 -0.263063 -0.11847 0.0130305 0.43608 0.186931 -0.621122 0.623778 0.020218
e_9_10 9 10 7 0.0125 -0.272053 -0.134523 0.0194288 0.811961 0.248006 -0.446646 0.282347 0.020066
e_10_11 10 11 8 0.0125 -0.285076 -0.147941 0.0257191 0.645538 0.137152 -0.637597 0.397417 0.020026
e_11_2 11 2 9 0.0125 -0.297201 -0.163107 0.0247395 0.306008 -0.0132144 -0.789642 0.531648 0.020006
5 11 10
2 -0.191833 -0.168524 0.0338897 0.0125
12 -0.175825 -0.157563 0.0288789 0.0125
11 -0.159195 -0.146465 0.0294513 0.0125
10 -0.141633 -0.139171 0.035755 0.0125
9 -0.121999 -0.134682 0.0373874 0.0125
4 -0.00391881 -0.0771103 0.0661129 0.0125
1 0.261776 0.00731945 0.0253789 0.0125
8 -0.101255 -0.130328 0.0397144 0.0125
5 -0.0286254 -0.0912215 0.0606555 0.0125
6 -0.05763 -0.11448 0.0477942 0.0125
7 -0.0773809 -0.126567 0.0409843 0.0125
e_1_4 1 4 1 0.0125 0.128928 -0.0348954 0.0457459 0.580006 0.552005 -0.350716 -0.485677 0.281747
e_4_5 4 5 2 0.0125 -0.0162721 -0.0841651 0.0633841 0.383122 0.764687 -0.097098 -0.508963 0.028971
e_5_6 5 6 3 0.0125 -0.0431274 -0.102851 0.0542256 0.338086 0.813362 0.043735 -0.47141 0.03934
e_6_7 6 7 4 0.0125 -0.0675047 -0.120523 0.0443893 0.329699 0.800216 -0.026829 -0.500233 0.024137
e_7_8 7 8 5 0.0125 -0.0893181 -0.128449 0.0403495 0.411195 0.642094 -0.337561 -0.551985 0.024202
e_8_9 8 9 6 0.0125 -0.111627 -0.132505 0.0385509 0.369495 0.691612 -0.27611 -0.555795 0.021323
e_9_10 9 10 7 0.0125 -0.131816 -0.136927 0.0365717 0.397167 0.676763 -0.287041 -0.549416 0.020207
e_10_11 10 11 8 0.0125 -0.150414 -0.142818 0.0326028 0.25855 0.809106 -0.051703 -0.525192 0.020034
e_11_12 11 12 9 0.0125 -0.167509 -0.152014 0.0291649 0.500098 0.701113 -0.150827 -0.48538 0.020001
e_12_2 12 2 10 0.0125 -0.183829 -0.163043 0.0313843 0.665007 0.564233 -0.237916 -0.427555 0.020038
6 8 7
2 -0.264262 0.269284 0.0166303 0.0125
9 -0.241092 0.242745 0.0199079 0.0125
4 -0.0959097 0.00406903 0.0816826 0.0125
1 -0.0132008 -0.116836 0.0149931 0.0125
8 -0.2247 0.224251 0.024679 0.0125
5 -0.112923 0.0419103 0.0892573 0.0125
6 -0.141124 0.149145 0.0708778 0.0125
7 -0.19585 0.208429 0.047086 0.0125
e_1_4 1 4 1 0.0125 -0.0545553 -0.0563833 0.0483378 0.80829 -0.344995 -0.416905 -0.232025 0.160954
e_4_5 4 5 2 0.0125 -0.104417 0.0229893 0.0854701 0.721446 -0.458706 -0.446976 -0.26328 0.042176
e_5_6 5 6 3 0.0125 -0.127024 0.0955269 0.0800675 0.583229 -0.581425 -0.493667 -0.279431 0.112393
e_6_7 6 7 4 0.0125 -0.168487 0.178787 0.0589823 0.58384 -0.453056 -0.660428 -0.133066 0.084118
e_7_8 7 8 5 0.0125 -0.210275 0.21634 0.0358825 0.467245 -0.39843 -0.789102 -0.0159127 0.039808
e_8_9 8 9 6 0.0125 -0.232896 0.233497 0.0222936 0.619091 -0.442282 -0.631803 -0.148116 0.025169
e_9_2 9 2 7 0.0125 -0.252677 0.256014 0.0182693 0.654407 -0.425864 -0.604119 -0.159476 0.035382
7 6 5
2 -0.0997727 -0.187057 0.0664434 0.0125
7 -0.0793977 -0.179138 0.0615546 0.0125
6 0.055515 -0.126993 0.0887654 0.0125
5 0.221575 -0.0486393 0.042264 0.0125
1 0.358552 -0.043236 0.012474 0.0125
4 0.313047 -0.0387984 0.0249883 0.0125
e_1_4 1 4 1 0.0125 0.3358 -0.0410173 0.0187315 -0.607401 0.434513 0.423319 -0.512897 0.047402
e_4_5 4 5 2 0.0125 0.267311 -0.0437193 0.0336261 -0.532441 0.411148 0.488547 -0.555684 0.093607
e_5_6 5 6 3 0.0125 0.138546 -0.0878162 0.0655146 -0.521252 0.243931 0.563689 -0.592494 0.189414
e_6_7 6 7 4 0.0125 -0.011941 -0.153066 0.0751594 -0.253935 0.548326 0.540167 -0.585726 0.147176
e_7_2 7 2 5 0.0125 -0.0895852 -0.183098 0.063999 -0.511439 0.291759 0.552946 -0.58954 0.0224
8 10 9
2 0.0892785 -0.0474856 0.0204728 0.0125
11 0.0958951 -0.029601 0.0142565 0.0125
10 0.103913 -0.0117155 0.0182709 0.0125
9 0.107177 0.00739575 0.0232166 0.0125
4 0.171022 0.128448 0.0923309 0.0125
1 0.369208 0.29101 0.2088 0.0125
8 0.115298 0.0262116 0.0249121 0.0125
5 0.160338 0.0997554 0.0761058 0.0125
6 0.157443 0.0803051 0.0598826 0.0125
7 0.141604 0.0561453 0.0400372 0.0125
e_1_4 1 4 1 0.0125 0.270115 0.209729 0.150566 0.290897 -0.26179 -0.798938 0.456665 0.281547
e_4_5 4 5 2 0.0125 0.16568 0.114102 0.084219 0.51218 0.832109 -0.20426 -0.0595296 0.034651
e_5_6 5 6 3 0.0125 0.158891 0.0900298 0.0679938 -0.188446 -0.275932 0.861426 -0.382484 0.025493
e_6_7 6 7 4 0.0125 0.149524 0.0682256 0.0499602 -0.0217168 -0.519185 -0.716626 0.465211 0.035048
e_7_8 7 8 5 0.0125 0.128451 0.0411789 0.0324749 0.392777 0.0351301 -0.822311 0.41024 0.042624
e_8_9 8 9 6 0.0125 0.111238 0.016803 0.0240645 0.676245 0.657939 -0.329165 0.0381991 0.020563
e_9_10 9 10 7 0.0125 0.105545 -0.00215949 0.0207435 0.561453 0.765932 0.19218 -0.247357 0.020009
e_10_11 10 11 8 0.0125 0.0999044 -0.0206587 0.0162633 0.628707 0.669868 -0.389368 0.0663073 0.020007
e_11_2 11 2 9 0.0125 0.0925868 -0.0385433 0.0173646 0.809269 0.552606 -0.199158 -0.00682231 0.020057
9 7 6
2 0.249946 0.160318 0.133047 0.0125
4 0.304189 0.0392049 0.0615167 0.0125
1 0.387468 -0.288494 0.0124914 0.0125
8 0.256583 0.14965 0.110009 0.0125
5 0.285853 0.0857642 0.0750213 0.0125
6 0.273134 0.119179 0.0841311 0.0125
7 0.264254 0.133692 0.0984399 0.0125
e_1_4 1 4 1 0.0125 0.345828 -0.124645 0.0370038 0.709824 -0.650946 0.0672536 0.260568 0.341651
e_4_5 4 5 2 0.0125 0.295021 0.0624845 0.068269 0.747296 -0.607756 -0.0187184 0.268014 0.05183
e_5_6 5 6 3 0.0125 0.279494 0.102471 0.0795763 0.74289 -0.613537 -0.0111046 0.267511 0.036896
e_6_7 6 7 4 0.0125 0.268694 0.126435 0.0912862 0.867742 -0.408406 -0.10664 0.262404 0.022231
e_7_8 7 8 5 0.0125 0.260419 0.14167 0.104225 0.838663 -0.471119 -0.067469 0.26484 0.021151
e_8_2 8 2 6 0.0125 0.253264 0.154984 0.121528 0.938682 -0.235611 -0.074357 0.240488 0.026241
10 6 5
2 -0.327595 -0.175229 0.061988 0.0125
7 -0.305126 -0.177141 0.0636354 0.0125
6 -0.287074 -0.182476 0.0704564 0.0125
5 -0.261945 -0.181497 0.0750014 0.0125
1 0.160049 -0.247477 0.0115504 0.0125
4 -0.211226 -0.190026 0.0671308 0.0125
e_1_4 1 4 1 0.0125 -0.0255893 -0.218751 0.0393405 0.542832 -0.521685 -0.393283 0.527737 0.379783
e_4_5 4 5 2 0.0125 -0.236586 -0.185761 0.071066 0.547337 -0.522808 -0.388624 0.52542 0.05203
e_5_6 5 6 3 0.0125 -0.27451 -0.181986 0.0727289 0.402779 -0.577838 -0.505018 0.498827 0.025556
e_6_7 6 7 4 0.0125 -0.2961 -0.179809 0.0670454 0.434164 -0.689275 -0.441865 0.375708 0.020021
e_7_2 7 2 5 0.0125 -0.316361 -0.176185 0.0628118 0.466102 -0.574476 -0.454316 0.49631 0.02261
11 9 8
2 -0.335662 -0.199337 0.0285782 0.0125
10 -0.318719 -0.194517 0.0380491 0.0125
9 -0.299942 -0.192913 0.0447604 0.0125
4 -0.105836 -0.226972 0.0681009 0.0125
1 0.142042 -0.279477 0.0119711 0.0125
8 -0.283078 -0.200836 0.0522764 0.0125
5 -0.201029 -0.217548 0.0625668 0.0125
6 -0.242519 -0.21075 0.059603 0.0125
7 -0.262302 -0.205139 0.0560711 0.0125
e_1_4 1 4 1 0.0125 0.0181037 -0.253224 0.0400363 0.76132 -0.259287 -0.569762 0.168918 0.25952
e_4_5 4 5 2 0.0125 -0.153433 -0.22226 0.0653342 0.660221 -0.266826 -0.676519 0.187705 0.095819
e_5_6 5 6 3 0.0125 -0.221774 -0.214149 0.0610849 0.659133 -0.298904 -0.667698 0.174299 0.042147
e_6_7 6 7 4 0.0125 -0.25241 -0.207944 0.0578368 0.627451 -0.371128 -0.66851 0.147187 0.020864
e_7_8 7 8 5 0.0125 -0.27269 -0.202987 0.0541741 0.620997 -0.340355 -0.687151 0.16231 0.021555
e_8_9 8 9 6 0.0125 -0.291511 -0.196874 0.0485185 0.549909 -0.484131 -0.672815 0.102649 0.020091
e_9_10 9 10 7 0.0125 -0.30933 -0.193716 0.0414053 0.534845 -0.239084 -0.781388 0.214971 0.020004
e_10_2 10 2 8 0.0125 -0.32719 -0.196928 0.0333139 0.452342 -0.182501 -0.838735 0.242082 0.02
12 10 9
2 0.159621 -0.254099 0.212041 0.0125
11 0.160247 -0.239655 0.196156 0.0125
10 0.161333 -0.225765 0.181246 0.0125
9 0.16619 -0.210115 0.169155 0.0125
4 0.0152284 0.117823 0.0201647 0.0125
1 0.00261644 0.14024 0.0119052 0.0125
8 0.170132 -0.192972 0.148794 0.0125
5 0.159278 -0.0838733 0.0878878 0.0125
6 0.171396 -0.15413 0.123736 0.0125
7 0.173787 -0.173399 0.132252 0.0125
e_1_4 1 4 1 0.0125 0.00892279 0.129032 0.0160345 0.807975 0.515832 0.284694 0.00660197 0.027015
e_4_5 4 5 2 0.0125 0.0872531 0.0169741 0.0540261 0.794187 0.507798 0.332193 0.0324808 0.25694
e_5_6 5 6 3 0.0125 0.165337 -0.119002 0.105811 0.848331 0.508002 0.131617 -0.0703221 0.079799
e_6_7 6 7 4 0.0125 0.172592 -0.163765 0.127995 0.833289 0.533775 0.11927 -0.0805469 0.021203
e_7_8 7 8 5 0.0125 0.17196 -0.183186 0.140524 0.895723 0.424509 -0.0166916 -0.131127 0.025886
e_8_9 8 9 6 0.0125 0.168161 -0.201544 0.158975 0.928705 0.34734 -0.0317781 -0.125906 0.026907
e_9_10 9 10 7 0.0125 0.163762 -0.21794 0.175201 0.879188 0.447056 -0.0570314 -0.154651 0.020365
e_10_11 10 11 8 0.0125 0.16079 -0.23271 0.188702 0.924087 0.366745 0.0135561 -0.106663 0.020406
e_11_2 11 2 9 0.0125 0.159934 -0.246878 0.204099 0.927167 0.360112 0.0233908 -0.10067 0.02148
