12
1 6 5
2 -0.0526057 0.0912797 0.0114517 0.0125
7 -0.0490584 0.0715015 0.0132223 0.0125
6 -0.0358228 0.0547242 0.0165523 0.0125
5 -0.0143696 0.0273043 0.0240877 0.0125
1 0.228961 -0.288502 0.164075 0.0125
4 0.0412952 -0.0462562 0.0540526 0.0125
e_1_4 1 4 1 0.0125 0.135129 -0.167379 0.109064 0.536585 -0.422233 -0.700486 -0.207642 0.325587
e_4_5 4 5 2 0.0125 0.0134623 -0.0094764 0.0390703 0.553168 -0.441949 -0.677607 -0.198836 0.096993
e_5_6 5 6 3 0.0125 -0.0250963 0.0410139 0.0203204 0.60411 -0.459079 -0.628502 -0.171124 0.035621
e_6_7 6 7 4 0.0125 -0.0424406 0.0631128 0.0148873 0.631713 -0.46727 -0.598868 -0.15477 0.021628
e_7_2 7 2 5 0.0125 -0.0508328 0.0813905 0.0123374 0.674604 -0.71891 -0.164476 -0.0320232 0.020171
2 6 5
2 -0.248794 0.133334 0.0124306 0.0125
7 -0.116802 0.172702 0.0120583 0.0125
6 -0.088804 0.171373 0.0141677 0.0125
5 -0.0604417 0.170051 0.0165815 0.0125
1 0.243999 0.14398 0.0114836 0.0125
4 0.220945 0.147196 0.0128821 0.0125
e_1_4 1 4 1 0.0125 0.232472 0.145588 0.0121823 -0.236758 -0.611294 0.310386 0.688423 0.02332
e_4_5 4 5 2 0.0125 0.0802514 0.158623 0.0147318 -0.251045 -0.635092 0.300175 0.66598 0.282338
e_5_6 5 6 3 0.0125 -0.0746229 0.170712 0.0153751 -0.242353 -0.674536 0.295567 0.63159 0.028495
e_6_7 6 7 4 0.0125 -0.102803 0.172038 0.0131129 -0.244327 -0.670953 0.29555 0.634646 0.028109
e_7_2 7 2 5 0.0125 -0.182799 0.153018 0.0122444 -0.402946 -0.671288 0.219136 0.582225 0.137739
3 11 10
2 -0.0999329 -0.0272209 0.078814 0.0125
12 -0.0839038 -0.0199561 0.0693089 0.0125
11 -0.0652577 -0.014617 0.0644238 0.0125
10 -0.0478018 -0.00716835 0.0581055 0.0125
9 -0.0288626 -0.00209186 0.054112 0.0125
4 0.251388 0.123495 0.0272529 0.0125
1 0.320954 0.204448 0.0327249 0.0125
8 -0.00990551 0.00190471 0.0591592 0.0125
5 0.0847746 0.0335134 0.0598392 0.0125
6 0.0297405 0.0123582 0.0597648 0.0125
7 0.0100666 0.00256046 0.0600665 0.0125
e_1_4 1 4 1 0.0125 0.286171 0.163972 0.0299889 0.257641 -0.232528 -0.686685 0.638762 0.106877
e_4_5 4 5 2 0.0125 0.168081 0.0785047 0.0435459 0.517651 -0.210051 -0.609161 0.562884 0.192143
e_5_6 5 6 3 0.0125 0.0572569 0.0229357 0.0598024 0.452666 -0.344523 -0.61801 0.542642 0.058959
e_6_7 6 7 4 0.0125 0.0199039 0.0074599 0.0599158 0.433903 -0.307583 -0.631296 0.564434 0.021981
e_7_8 7 8 5 0.0125 8.01935e-05 0.00223199 0.0596128 0.518793 -0.459355 -0.558291 0.456243 0.020004
e_8_9 8 9 6 0.0125 -0.0193841 -9.35748e-05 0.0566356 0.370779 -0.51671 -0.599201 0.486304 0.020021
e_9_10 9 10 7 0.0125 -0.0383327 -0.0046307 0.0561091 0.585356 -0.276308 -0.569107 0.507079 0.020009
e_10_11 10 11 8 0.0125 -0.0565291 -0.0108931 0.0612643 0.621746 -0.169518 -0.559744 0.520944 0.020003
e_11_12 11 12 9 0.0125 -0.0745808 -0.0172871 0.0668669 0.60527 -0.249085 -0.561993 0.505736 0.020001
e_12_2 12 2 10 0.0125 -0.091919 -0.0235881 0.0740618 0.710307 -0.0873732 -0.504745 0.482766 0.020002
4 8 7
2 0.226223 0.137846 0.0368733 0.0125
9 0.209545 0.129543 0.0295059 0.0125
4 0.108407 0.0664742 0.0209743 0.0125
1 -0.234493 -0.0114685 0.0945419 0.0125
8 0.193943 0.117983 0.0241505 0.0125
5 0.143176 0.0858547 0.0172791 0.0125
6 0.160496 0.0963666 0.0186769 0.0125
7 0.177114 0.107577 0.0202233 0.0125
e_1_4 1 4 1 0.0125 -0.0630429 0.0275028 0.0577581 0.571068 -0.476724 0.612472 -0.267383 0.359259
e_4_5 4 5 2 0.0125 0.125791 0.0761644 0.0191267 0.627824 -0.569344 0.471245 -0.244157 0.039977
e_5_6 5 6 3 0.0125 0.151836 0.0911111 0.0179777 0.692289 -0.522666 0.438631 -0.23486 0.020308
e_6_7 6 7 4 0.0125 0.168805 0.101972 0.0194497 0.696621 -0.537666 0.415287 -0.230589 0.020106
e_7_8 7 8 5 0.0125 0.185528 0.11278 0.0221868 0.738635 -0.477811 0.417562 -0.227502 0.020172
e_8_9 8 9 6 0.0125 0.201743 0.123763 0.0268274 0.765444 -0.479719 0.370043 -0.216872 0.020143
e_9_2 9 2 7 0.0125 0.217884 0.133695 0.0331894 0.797069 -0.375631 0.418361 -0.220354 0.020035
5 7 6
2 -0.0990062 0.286788 0.0114994 0.0125
4 -0.0185094 0.222407 0.0359015 0.0125
1 0.335587 0.0721901 0.064663 0.0125
8 -0.0911759 0.269002 0.0204844 0.0125
5 -0.048025 0.227417 0.0346915 0.0125
6 -0.06525 0.238626 0.02922 0.0125
7 -0.0765567 0.256742 0.0270645 0.0125
e_1_4 1 4 1 0.0125 0.158539 0.1473 0.0502823 -0.556684 -0.153523 0.716739 0.390922 0.385716
e_4_5 4 5 2 0.0125 -0.0332673 0.224913 0.0352961 -0.61578 -0.218347 0.687399 0.317211 0.029963
e_5_6 5 6 3 0.0125 -0.0566375 0.233022 0.0319557 -0.440257 -0.147034 0.779115 0.421347 0.021267
e_6_7 6 7 4 0.0125 -0.0709033 0.247684 0.0281426 -0.374935 0.0261335 0.7413 0.556071 0.021462
e_7_8 7 8 5 0.0125 -0.0838664 0.262872 0.0237751 -0.37745 -0.133789 0.80319 0.441042 0.020183
e_8_2 8 2 6 0.0125 -0.0950915 0.277895 0.0159918 -0.180333 -0.0617538 0.84025 0.507589 0.021409
6 9 8
2 0.0840293 0.121588 0.027043 0.0125
10 0.0640493 0.121068 0.0289008 0.0125
9 0.0442012 0.118451 0.0273276 0.0125
4 -0.333849 -0.0256968 0.0165573 0.0125
1 -0.380441 -0.0451776 0.0129633 0.0125
8 0.0243538 0.115848 0.0258376 0.0125
5 -0.0599393 0.0946706 0.034157 0.0125
6 -0.0220097 0.105775 0.0396858 0.0125
7 0.000513399 0.110557 0.0346402 0.0125
e_1_4 1 4 1 0.0125 -0.357145 -0.0354366 0.0147599 0.731764 -0.260054 0.629986 0.00332222 0.050628
e_4_5 4 5 2 0.0125 -0.196895 0.0344873 0.0253572 0.727561 -0.279567 0.626482 -0.00413967 0.299708
e_5_6 5 6 3 0.0125 -0.0409742 0.100224 0.0369217 0.753071 -0.145324 0.64001 0.0464005 0.039906
e_6_7 6 7 4 0.0125 -0.0107479 0.108167 0.0371633 0.623783 -0.0854545 0.774422 0.06216 0.023572
e_7_8 7 8 5 0.0125 0.012434 0.113203 0.0302392 0.572391 -0.102662 0.811792 0.0531349 0.025958
e_8_9 8 9 6 0.0125 0.0342775 0.11715 0.0265826 0.726238 0.00288985 0.680359 0.0984005 0.020073
e_9_10 9 10 7 0.0125 0.0541256 0.119759 0.0281146 0.727697 0.00203831 0.678835 0.0981599 0.020081
e_10_2 10 2 8 0.0125 0.0740396 0.121328 0.0279723 0.658466 0.136843 0.726335 0.141895 0.020073
7 11 10
2 0.0503144 0.262349 0.0127235 0.0125
12 0.0426139 0.250623 0.0283901 0.0125
11 0.0377971 0.238018 0.0432535 0.0125
10 0.0236165 0.227424 0.0542526 0.0125
9 0.00894062 0.217685 0.0656142 0.0125
4 -0.0646877 0.105156 0.0613203 0.0125
1 -0.206217 -0.132959 0.012302 0.0125
8 -0.00651092 0.199079 0.0690207 0.0125
5 -0.0504404 0.128145 0.0647097 0.0125
6 -0.0308152 0.161313 0.0698363 0.0125
7 -0.0192337 0.183026 0.0711135 0.0125
e_1_4 1 4 1 0.0125 -0.135452 -0.0139018 0.0368108 0.736491 -0.440307 0.467977 0.211443 0.281304
e_4_5 4 5 2 0.0125 -0.0575639 0.11665 0.063015 0.720115 -0.44311 0.491404 0.208831 0.027257
e_5_6 5 6 3 0.0125 -0.0406285 0.144729 0.067273 0.721695 -0.449269 0.481903 0.212329 0.038879
e_6_7 6 7 4 0.0125 -0.0250241 0.17217 0.0704746 0.690823 -0.480119 0.493523 0.220646 0.024643
e_7_8 7 8 5 0.0125 -0.0128721 0.191053 0.0700667 0.643865 -0.430811 0.604333 0.186064 0.02059
e_8_9 8 9 6 0.0125 0.00121542 0.208383 0.0673174 0.630541 -0.425293 0.623593 0.180764 0.024424
e_9_10 9 10 7 0.0125 0.0162792 0.222555 0.0599334 0.467313 -0.316805 0.818942 0.102896 0.020959
e_10_11 10 11 8 0.0125 0.0307068 0.232721 0.0487538 0.472081 -0.342449 0.80413 0.11508 0.02084
e_11_12 11 12 9 0.0125 0.0402051 0.24432 0.0358222 0.305056 -0.560682 0.745552 0.191648 0.020075
e_12_2 12 2 10 0.0125 0.0464643 0.256485 0.0205569 0.321451 -0.479572 0.801559 0.15551 0.02103
8 10 9
2 -0.152488 -0.0304253 0.0861122 0.0125
11 -0.135266 -0.0205596 0.0899868 0.0125
10 -0.117995 -0.0111535 0.0947594 0.0125
9 -0.0986512 -0.00605871 0.0970071 0.0125
4 0.23523 -0.000844028 0.037159 0.0125
1 0.322599 -0.011225 0.0124931 0.0125
8 -0.079167 0.00256237 0.102636 0.0125
5 0.215516 0.00109105 0.0431588 0.0125
6 0.189487 0.00184074 0.0503539 0.0125
7 -0.0272476 0.00135231 0.112401 0.0125
e_1_4 1 4 1 0.0125 0.278914 -0.00603453 0.024826 -0.22371 0.595838 0.100008 -0.764806 0.091375
e_4_5 4 5 2 0.0125 0.225373 0.000123879 0.0401595 -0.212896 0.587233 0.10109 -0.774347 0.020698
e_5_6 5 6 3 0.0125 0.202501 0.00146578 0.0467568 -0.156961 0.596966 0.102341 -0.780078 0.027015
e_6_7 6 7 4 0.0125 0.0811204 0.00159606 0.0813772 -0.135196 0.593067 0.103258 -0.786976 0.225442
e_7_8 7 8 5 0.0125 -0.0532072 0.00195697 0.107518 -0.0876251 0.764642 0.087839 -0.632399 0.052844
e_8_9 8 9 6 0.0125 -0.0889096 -0.00174807 0.0998209 0.18635 0.787814 0.0840011 -0.581005 0.022037
e_9_10 9 10 7 0.0125 -0.108323 -0.00860661 0.0958831 0.0888633 0.739824 0.0920726 -0.660519 0.020129
e_10_11 10 11 8 0.0125 -0.126631 -0.015857 0.092373 0.236613 0.781689 0.0830669 -0.571031 0.020237
e_11_2 11 2 9 0.0125 -0.143878 -0.0254924 0.0880495 0.253797 0.767246 0.0843774 -0.582924 0.020223
9 10 9
2 0.303978 -0.329317 0.234984 0.0125
11 0.301693 -0.313192 0.223351 0.0125
10 0.297155 -0.296205 0.21338 0.0125
9 0.288798 -0.283765 0.198474 0.0125
4 0.134323 0.00559268 0.0919241 0.0125
1 0.0878774 0.0447089 0.0952672 0.0125
8 0.279933 -0.270394 0.185344 0.0125
5 0.206899 -0.154914 0.0737159 0.0125
6 0.226268 -0.192391 0.0891587 0.0125
7 0.269267 -0.253895 0.168321 0.0125
e_1_4 1 4 1 0.0125 0.1111 0.0251508 0.0935957 0.682822 0.528724 0.497932 0.079176 0.060814
e_4_5 4 5 2 0.0125 0.170611 -0.0746614 0.0828204 0.667904 0.651902 0.355571 -0.0499729 0.177092
e_5_6 5 6 3 0.0125 0.216583 -0.173653 0.0814373 0.818759 0.495849 0.286811 -0.0388087 0.044923
e_6_7 6 7 4 0.0125 0.247767 -0.223142 0.12874 0.928817 0.300525 0.216373 -0.0128871 0.10908
e_7_8 7 8 5 0.0125 0.2746 -0.262145 0.176834 0.909434 0.344203 0.232613 -0.0185703 0.025996
e_8_9 8 9 6 0.0125 0.284366 -0.277079 0.19191 0.903571 0.352734 0.242689 -0.0155086 0.02073
e_9_10 9 10 7 0.0125 0.292976 -0.289985 0.205926 0.923221 0.31494 0.219585 -0.0160655 0.021137
e_10_11 10 11 8 0.0125 0.299424 -0.304699 0.218365 0.859063 0.469464 0.181538 -0.0930531 0.020213
e_11_2 11 2 9 0.0125 0.302836 -0.321255 0.229167 0.881348 0.440576 0.123601 -0.117652 0.020015
10 6 5
2 0.366285 0.0225775 0.050183 0.0125
7 0.297687 -0.00835642 0.0656175 0.0125
6 0.23204 -0.0345684 0.0894352 0.0125
5 0.211571 -0.0424796 0.0970264 0.0125
1 -0.0662268 -0.196761 0.139748 0.0125
4 -0.00138158 -0.170049 0.151804 0.0125
e_1_4 1 4 1 0.0125 -0.0338046 -0.183404 0.145776 0.565007 -0.58286 0.274872 -0.515254 0.07116
e_4_5 4 5 2 0.0125 0.105095 -0.106264 0.124415 0.41509 -0.766306 0.143229 -0.468999 0.254212
e_5_6 5 6 3 0.0125 0.221806 -0.0385238 0.0932302 0.288253 -0.805238 0.122656 -0.503446 0.023221
e_6_7 6 7 4 0.0125 0.264864 -0.0214621 0.0775264 0.297012 -0.802548 0.124795 -0.502123 0.07459
e_7_2 7 2 5 0.0125 0.331985 0.00711035 0.0579007 0.375626 -0.75743 0.163591 -0.508373 0.076817
11 9 8
2 -0.269299 0.207655 0.0986102 0.0125
10 -0.258903 0.191381 0.0931364 0.0125
9 -0.250666 0.178849 0.0798602 0.0125
4 -0.157881 0.13176 0.069746 0.0125
1 0.0784178 -0.125493 0.101657 0.0125
8 -0.23561 0.16864 0.0713104 0.0125
5 -0.173436 0.144372 0.0760721 0.0125
6 -0.195243 0.156395 0.0754744 0.0125
7 -0.21637 0.163314 0.0693294 0.0125
e_1_4 1 4 1 0.0125 -0.0397314 0.00313423 0.0857014 0.216827 -0.64802 0.354343 0.638356 0.350763
e_4_5 4 5 2 0.0125 -0.165659 0.138066 0.072909 0.204924 -0.538646 0.243384 0.780148 0.021001
e_5_6 5 6 3 0.0125 -0.18434 0.150384 0.0757737 0.0999721 -0.669607 0.252264 0.691372 0.024908
e_6_7 6 7 4 0.0125 -0.205806 0.159854 0.0724013 0.00323243 -0.757539 0.243594 0.605629 0.023066
e_7_8 7 8 5 0.0125 -0.225991 0.165977 0.0703198 0.0205618 -0.651668 0.161106 0.740912 0.020061
e_8_9 8 9 6 0.0125 -0.243138 0.173745 0.0755852 0.187521 -0.49937 0.194747 0.823128 0.0201
e_9_10 9 10 7 0.0125 -0.254784 0.185115 0.0864985 0.344245 -0.338364 0.232572 0.844343 0.020029
e_10_2 10 2 8 0.0125 -0.264101 0.199519 0.0958737 0.32056 -0.501473 0.334917 0.730477 0.020072
12 9 8
2 -0.110862 -0.019063 0.02548 0.0125
10 -0.100963 0.000405536 0.0252435 0.0125
9 -0.0904961 0.0214281 0.0288817 0.0125
4 0.0527437 0.221959 0.128646 0.0125
1 0.150846 0.313085 0.253708 0.0125
8 -0.0745276 0.0330237 0.0346009 0.0125
5 0.00223819 0.17552 0.0876038 0.0125
6 -0.0511851 0.0689685 0.0518109 0.0125
7 -0.0614591 0.0524849 0.0450101 0.0125
e_1_4 1 4 1 0.0125 0.101796 0.267522 0.191178 -0.202338 -0.895948 -0.196399 0.343169 0.183217
e_4_5 4 5 2 0.0125 0.0274916 0.19874 0.108125 0.484681 0.459493 -0.73861 0.0916851 0.079949
e_5_6 5 6 3 0.0125 -0.0244734 0.122244 0.0697074 0.540586 0.802077 -0.0217947 -0.25291 0.124453
e_6_7 6 7 4 0.0125 -0.0563219 0.0607259 0.0484102 0.539423 0.801356 -0.151844 -0.209271 0.020579
e_7_8 7 8 5 0.0125 -0.0679929 0.0427542 0.0398053 0.502212 0.822956 -0.160179 -0.211824 0.025649
e_8_9 8 9 6 0.0125 -0.082512 0.0272252 0.0317413 0.586841 0.320882 -0.732267 0.128211 0.020547
e_9_10 9 10 7 0.0125 -0.0957293 0.0109164 0.0270629 0.613437 0.753688 -0.0922031 -0.217135 0.023763
e_10_2 10 2 8 0.0125 -0.105912 -0.00932887 0.0253615 0.687657 0.687245 -0.149265 -0.180394 0.021843
