12
1 9 8
2 -0.27515 -0.232462 0.016309 0.0125
10 -0.255311 -0.230012 0.0155988 0.0125
9 -0.235846 -0.23346 0.0124804 0.0125
4 -0.0449096 -0.0249532 0.0114957 0.0125
1 0.0508863 0.116939 0.0114909 0.0125
8 -0.216629 -0.228104 0.0142361 0.0125
5 -0.0709257 -0.0614272 0.0122959 0.0125
6 -0.181289 -0.198325 0.0206493 0.0125
7 -0.19882 -0.219694 0.0187146 0.0125
e_1_4 1 4 1 0.0125 0.00298796 0.0459926 0.0114936 0.67941 0.453407 -0.542594 0.196002 0.171202
e_4_5 4 5 2 0.0125 -0.0579173 -0.0431901 0.0118955 0.687445 0.441005 -0.544596 0.190657 0.044808
e_5_6 5 6 3 0.0125 -0.126107 -0.129876 0.0164726 0.701366 0.413953 -0.552192 0.178359 0.176043
e_6_7 6 7 4 0.0125 -0.190054 -0.209009 0.0196819 0.658828 0.426463 -0.594184 0.176124 0.027708
e_7_8 7 8 5 0.0125 -0.207724 -0.223898 0.0164751 0.619417 0.247621 -0.741311 0.0739244 0.020198
e_8_9 8 9 6 0.0125 -0.226237 -0.230782 0.0133575 0.674284 0.157016 -0.720549 0.0386826 0.020026
e_9_10 9 10 7 0.0125 -0.245578 -0.231736 0.0140397 0.758498 -0.0701435 -0.64588 -0.0509932 0.020013
e_10_2 10 2 8 0.0125 -0.265231 -0.231237 0.0159542 0.719495 0.0768341 -0.69018 0.00863494 0.020003
2 6 5
2 0.114619 0.203376 0.0554197 0.0125
7 0.123436 0.108718 0.0296047 0.0125
6 0.129883 0.0574491 0.011496 0.0125
5 0.140946 -0.0766326 0.0286055 0.0125
1 0.280103 -0.232331 0.0114969 0.0125
4 0.157308 -0.10961 0.02539 0.0125
e_1_4 1 4 1 0.0125 0.218706 -0.170971 0.0184429 0.729519 -0.533327 -0.419138 0.0876815 0.174161
e_4_5 4 5 2 0.0125 0.149127 -0.0931213 0.0269978 0.687532 -0.672828 -0.0616155 0.266093 0.036954
e_5_6 5 6 3 0.0125 0.135414 -0.00959174 0.0200507 0.531416 -0.637929 0.39513 0.393087 0.13562
e_6_7 6 7 4 0.0125 0.12666 0.0830831 0.0205501 0.775908 -0.568225 0.108425 0.251658 0.054754
e_7_2 7 2 5 0.0125 0.119028 0.156047 0.0425122 0.743927 -0.586165 0.159331 0.278562 0.09851
3 8 7
2 0.113477 -0.110446 0.0124725 0.0125
9 0.104579 -0.0973023 0.0266604 0.0125
4 -0.131809 0.208972 0.0121252 0.0125
1 -0.173805 0.270595 0.0324106 0.0125
8 0.0848176 -0.0838093 0.0379712 0.0125
5 -0.0125501 0.109016 0.0292644 0.0125
6 0.0317793 -0.00679396 0.0428217 0.0125
7 0.0620992 -0.0508549 0.0412699 0.0125
e_1_4 1 4 1 0.0125 -0.152807 0.239784 0.0222679 -0.05199 -0.502007 0.615818 -0.605024 0.077282
e_4_5 4 5 2 0.0125 -0.072179 0.158994 0.0206949 0.379519 -0.221626 0.629399 -0.640862 0.156549
e_5_6 5 6 3 0.0125 0.00961519 0.0511116 0.0360432 -0.386926 -0.527894 0.408642 -0.636104 0.124744
e_6_7 6 7 4 0.0125 0.0469391 -0.0288241 0.0420455 -0.0308419 -0.432374 0.572316 -0.6961 0.053507
e_7_8 7 8 5 0.0125 0.0734585 -0.0673318 0.0396209 -0.0353641 -0.448549 0.58299 -0.676518 0.040162
e_8_9 8 9 6 0.0125 0.0946978 -0.0905558 0.032316 0.221058 -0.438539 0.722055 -0.487291 0.026467
e_9_2 9 2 7 0.0125 0.109027 -0.103874 0.0195664 -0.0500848 -0.600582 0.687397 -0.405313 0.021288
4 8 7
2 -0.0526516 0.241992 0.124067 0.0125
9 -0.0588234 0.221879 0.106505 0.0125
4 -0.155001 0.0969414 0.0114999 0.0125
1 -0.383187 -0.0602681 0.0135756 0.0125
8 -0.0646141 0.20061 0.087836 0.0125
5 -0.0900201 0.133139 0.0429239 0.0125
6 -0.0721935 0.165905 0.0639411 0.0125
7 -0.0677981 0.184768 0.0743254 0.0125
e_1_4 1 4 1 0.0125 -0.269094 0.0183367 0.0125385 0.573143 -0.667436 0.241395 -0.40959 0.277106
e_4_5 4 5 2 0.0125 -0.122511 0.11504 0.0272124 0.800983 -0.391846 0.389723 -0.230215 0.080749
e_5_6 5 6 3 0.0125 -0.0811068 0.149522 0.0534325 0.849332 -0.479308 0.15755 -0.155166 0.042814
e_6_7 6 7 4 0.0125 -0.0699963 0.175337 0.0691333 0.849741 -0.511497 0.0459307 -0.119174 0.021977
e_7_8 7 8 5 0.0125 -0.0662061 0.19269 0.0810803 0.904681 -0.418927 0.0615131 -0.0476298 0.021063
e_8_9 8 9 6 0.0125 -0.0617187 0.211245 0.0971699 0.905608 -0.411716 0.0856983 -0.054963 0.028886
e_9_2 9 2 7 0.0125 -0.055737 0.231935 0.115286 0.903661 -0.412664 0.0964 -0.0617385 0.027405
5 8 7
2 0.0343614 -0.0565581 0.0361371 0.0125
9 0.0223352 -0.0396725 0.0353583 0.0125
4 -0.155296 0.097748 0.038617 0.0125
1 -0.352291 0.255282 0.0576543 0.0125
8 0.00438773 -0.0265663 0.0377588 0.0125
5 -0.129556 0.077525 0.0357285 0.0125
6 -0.0364757 0.00856678 0.0408026 0.0125
7 -0.0125745 -0.00528101 0.0416728 0.0125
e_1_4 1 4 1 0.0125 -0.253793 0.176514 0.0481359 0.641516 0.242171 0.692086 -0.22545 0.252955
e_4_5 4 5 2 0.0125 -0.142426 0.0876367 0.0371732 0.555094 0.0442289 0.736205 -0.384599 0.032861
e_5_6 5 6 3 0.0125 -0.0830153 0.0430456 0.0382655 0.688625 0.224439 0.654025 -0.218346 0.115952
e_6_7 6 7 4 0.0125 -0.0245251 0.00164289 0.0412377 0.521133 -0.161157 0.676961 -0.494138 0.027636
e_7_8 7 8 5 0.0125 -0.00409341 -0.0159236 0.0397158 0.0301692 0.497747 -0.568698 0.654156 0.027497
e_8_9 8 9 6 0.0125 0.0133615 -0.0331185 0.0365587 0.192122 -0.449339 0.593124 -0.639834 0.022353
e_9_2 9 2 7 0.0125 0.0283477 -0.0481152 0.0357474 0.471406 0.67408 -0.163839 0.544564 0.020745
6 10 9
2 -0.422312 -0.156584 0.238626 0.0125
11 -0.407225 -0.151285 0.226396 0.0125
10 -0.39472 -0.145533 0.210979 0.0125
9 -0.375178 -0.145783 0.197321 0.0125
4 -0.230795 -0.0577736 0.0591261 0.0125
1 -0.0427511 0.0281906 0.0116543 0.0125
8 -0.351519 -0.147353 0.181459 0.0125
5 -0.267882 -0.0823088 0.0876541 0.0125
6 -0.31576 -0.12122 0.13696 0.0125
7 -0.33894 -0.139828 0.165468 0.0125
e_1_4 1 4 1 0.0125 -0.136773 -0.0147919 0.0353903 0.453655 0.61179 -0.117586 -0.637247 0.212142
e_4_5 4 5 2 0.0125 -0.249339 -0.0700414 0.0733905 0.574304 0.475609 -0.0617151 -0.663447 0.052832
e_5_6 5 6 3 0.0125 -0.291821 -0.101765 0.112307 0.615602 0.432366 -0.0301187 -0.658169 0.078978
e_6_7 6 7 4 0.0125 -0.327351 -0.130524 0.151214 0.631533 0.391049 -0.0314849 -0.668772 0.041186
e_7_8 7 8 5 0.0125 -0.345229 -0.143591 0.173463 0.619721 0.356107 -0.0678493 -0.696082 0.021692
e_8_9 8 9 6 0.0125 -0.363349 -0.146568 0.18939 0.439909 0.391926 -0.261515 -0.764516 0.028528
e_9_10 9 10 7 0.0125 -0.384949 -0.145659 0.20415 0.457589 0.392785 -0.243526 -0.759623 0.023843
e_10_11 10 11 8 0.0125 -0.400973 -0.148408 0.218688 0.604057 0.343283 -0.0956955 -0.712821 0.020668
e_11_2 11 2 9 0.0125 -0.414768 -0.153934 0.232512 0.54214 0.421683 -0.135811 -0.714019 0.020132
7 10 9
2 0.203196 -0.0165288 0.0340461 0.0125
11 0.183492 -0.0146232 0.0371274 0.0125
10 0.164365 -0.00915842 0.0424037 0.0125
9 0.145277 0.000377662 0.0449945 0.0125
4 -0.184044 0.211069 0.145547 0.0125
1 -0.191658 0.22968 0.159397 0.0125
8 0.120728 0.0140289 0.041186 0.0125
5 -0.125608 0.149215 0.113307 0.0125
6 0.0762032 0.0594398 0.0541223 0.0125
7 0.0950619 0.0351279 0.045462 0.0125
e_1_4 1 4 1 0.0125 -0.187851 0.220374 0.152472 -0.264031 -0.741024 0.48426 -0.382967 0.024416
e_4_5 4 5 2 0.0125 -0.154827 0.180142 0.129426 -0.147817 -0.70126 0.430564 -0.548634 0.090995
e_5_6 5 6 3 0.0125 -0.0247027 0.104327 0.0837145 0.0361961 -0.704413 0.364984 -0.607683 0.228671
e_6_7 6 7 4 0.0125 0.0856317 0.047284 0.0497921 -0.197823 -0.66799 0.435027 -0.570445 0.031964
e_7_8 7 8 5 0.0125 0.107895 0.0245785 0.0433244 -0.0950529 -0.642647 0.388374 -0.653556 0.033499
e_8_9 8 9 6 0.0125 0.133003 0.00720387 0.0430898 0.00404256 -0.573246 0.322809 -0.753105 0.028346
e_9_10 9 10 7 0.0125 0.154821 -0.00439038 0.0436991 0.0188586 -0.659797 0.353454 -0.662859 0.021494
e_10_11 10 11 8 0.0125 0.173929 -0.0118909 0.0397656 0.103218 -0.714258 0.343563 -0.600955 0.020581
e_11_2 11 2 9 0.0125 0.193344 -0.015576 0.0355868 0.198318 -0.697722 0.300128 -0.619498 0.020033
8 7 6
2 -0.275065 0.166658 0.0114997 0.0125
4 0.0817288 -0.00728477 0.054061 0.0125
1 0.130149 -0.063149 0.0575174 0.0125
8 -0.23354 0.172847 0.0207393 0.0125
5 -0.093286 0.136199 0.0719862 0.0125
6 -0.131973 0.157232 0.0548849 0.0125
7 -0.216058 0.171267 0.0304532 0.0125
e_1_4 1 4 1 0.0125 0.105939 -0.0352169 0.0557892 0.601503 -0.243705 -0.681146 -0.338885 0.074008
e_4_5 4 5 2 0.0125 -0.00577785 0.0644567 0.0630236 0.669999 -0.177429 -0.655011 -0.300966 0.227023
e_5_6 5 6 3 0.0125 -0.112629 0.146716 0.0634359 0.508983 -0.0409395 -0.824215 -0.244807 0.047239
e_6_7 6 7 4 0.0125 -0.174016 0.164248 0.0426695 0.578182 0.0925026 -0.79322 -0.167187 0.08868
e_7_8 7 8 5 0.0125 -0.2248 0.172057 0.0255965 0.489419 0.154315 -0.84751 -0.135582 0.020062
e_8_2 8 2 6 0.0125 -0.254303 0.169752 0.0161193 0.620452 0.220844 -0.74746 -0.0870091 0.042988
9 6 5
2 0.272679 -0.287485 0.0321382 0.0125
7 0.285444 -0.273205 0.0261611 0.0125
6 0.323109 -0.179663 0.0198593 0.0125
5 0.323872 -0.149195 0.012521 0.0125
1 0.171362 0.1594 0.0105095 0.0125
4 0.275572 0.00236856 0.01267 0.0125
e_1_4 1 4 1 0.0125 0.223467 0.0808841 0.0115898 0.627646 0.334232 0.618512 -0.334354 0.188476
e_4_5 4 5 2 0.0125 0.299722 -0.0734134 0.0125951 0.620781 0.48934 0.510895 -0.337881 0.159073
e_5_6 5 6 3 0.0125 0.323491 -0.164429 0.01619 0.727516 0.578815 0.21895 -0.296235 0.031348
e_6_7 6 7 4 0.0125 0.304276 -0.226434 0.0230098 0.685542 0.684245 -0.0249268 -0.247426 0.101038
e_7_2 7 2 5 0.0125 0.279061 -0.280346 0.0291495 0.791071 0.508356 -0.304362 -0.152131 0.020064
10 6 5
2 0.0574143 0.430395 0.30524 0.0125
7 0.0519806 0.413805 0.295075 0.0125
6 0.0479573 0.393541 0.284907 0.0125
5 0.0372465 0.372004 0.273021 0.0125
1 -0.169774 0.0702986 0.0480197 0.0125
4 0.0122612 0.345272 0.251421 0.0125
e_1_4 1 4 1 0.0125 -0.078756 0.207785 0.14972 0.716574 -0.48722 -0.0114599 -0.499006 0.387452
e_4_5 4 5 2 0.0125 0.0247545 0.358638 0.262221 0.692736 -0.493112 0.0516082 -0.523731 0.04249
e_5_6 5 6 3 0.0125 0.0426019 0.382773 0.278964 0.711337 -0.524149 -0.0614536 -0.46421 0.02683
e_6_7 6 7 4 0.0125 0.0499687 0.403673 0.289991 0.73992 -0.502131 -0.164472 -0.416332 0.023026
e_7_2 7 2 5 0.0125 0.0546974 0.4221 0.300158 0.741094 -0.485397 -0.113156 -0.44985 0.020201
11 6 5
2 -0.366095 0.238247 0.0128764 0.0125
7 -0.337262 0.229748 0.0122962 0.0125
6 -0.320422 0.220103 0.0208284 0.0125
5 -0.219313 0.199302 0.0408947 0.0125
1 0.107846 0.277705 0.0115088 0.0125
4 -0.0562634 0.206977 0.0350149 0.0125
e_1_4 1 4 1 0.0125 0.0257913 0.242341 0.0232623 0.214588 0.654844 0.0772785 -0.720527 0.180241
e_4_5 4 5 2 0.0125 -0.137788 0.203139 0.0379549 -0.0213393 0.692223 0.0531954 -0.719404 0.163336
e_5_6 5 6 3 0.0125 -0.269868 0.209702 0.0308611 -0.179419 0.768969 0.0640105 -0.610244 0.105158
e_6_7 6 7 4 0.0125 -0.328842 0.224925 0.0165619 -0.31713 0.833304 0.0826802 -0.445192 0.021199
e_7_2 7 2 5 0.0125 -0.351679 0.233997 0.0125859 -0.232717 0.699532 0.0317785 -0.674898 0.030065
12 7 6
2 0.157581 0.288502 0.130878 0.0125
4 0.193195 0.154514 0.0351701 0.0125
1 0.375744 -0.0996719 0.0124227 0.0125
8 0.150545 0.27572 0.113785 0.0125
5 0.172975 0.181043 0.037494 0.0125
6 0.157513 0.235651 0.0601395 0.0125
7 0.149008 0.266328 0.0902209 0.0125
e_1_4 1 4 1 0.0125 0.28447 0.0274208 0.0237962 0.375848 -0.624821 0.270833 0.62848 0.313771
e_4_5 4 5 2 0.0125 0.183085 0.16778 0.0363319 0.341605 -0.619002 0.286509 0.646571 0.033438
e_5_6 5 6 3 0.0125 0.165244 0.208347 0.0488167 0.805275 -0.560485 -0.0235348 0.191924 0.061104
e_6_7 6 7 4 0.0125 0.15326 0.25099 0.0751797 0.889902 -0.343403 -0.196653 -0.226884 0.043799
e_7_8 7 8 5 0.0125 0.149776 0.271025 0.102003 0.810141 -0.172751 -0.0808694 -0.554336 0.025413
e_8_2 8 2 6 0.0125 0.154063 0.282111 0.122332 0.867046 -0.343838 0.0383751 -0.358516 0.022474
