12
1 11 10
2 0.114912 -0.129566 0.0589282 0.0125
12 0.105645 -0.111969 0.0503034 0.0125
11 0.0901682 -0.09988 0.0364761 0.0125
10 0.0746935 -0.0881967 0.0306111 0.0125
9 0.0552429 -0.0738602 0.0194902 0.0125
4 -0.257919 0.0990532 0.0227667 0.0125
1 -0.28162 0.129386 0.0130757 0.0125
8 0.0378735 -0.0628202 0.0151434 0.0125
5 -0.121399 -0.00991103 0.0114796 0.0125
6 -0.0956171 -0.0324918 0.0149567 0.0125
7 0.0110947 -0.0580431 0.0114795 0.0125
e_1_4 1 4 1 0.0125 -0.26977 0.11422 0.0179213 0.660082 0.61259 0.0516406 0.431693 0.039695
e_4_5 4 5 2 0.0125 -0.189659 0.0445711 0.0171229 0.492668 0.723328 0.0950768 0.474379 0.175038
e_5_6 5 6 3 0.0125 -0.108508 -0.0212009 0.0132182 0.566162 0.663062 0.0993695 0.479515 0.034448
e_6_7 6 7 4 0.0125 -0.0422615 -0.045267 0.0132186 0.370852 0.680139 0.230758 0.588754 0.109783
e_7_8 7 8 5 0.0125 0.0244841 -0.0604311 0.0133116 0.42353 0.600748 0.268997 0.622386 0.027447
e_8_9 8 9 6 0.0125 0.0465585 -0.0683401 0.0173164 0.566986 0.609924 0.157074 0.530893 0.021036
e_9_10 9 10 7 0.0125 0.0649686 -0.081029 0.0250508 0.665494 0.518957 0.147094 0.515912 0.026599
e_10_11 10 11 8 0.0125 0.0824315 -0.0940379 0.0335435 0.618679 0.57993 0.137566 0.511854 0.020258
e_11_12 11 12 9 0.0125 0.0979067 -0.105925 0.0433898 0.733409 0.438741 0.140205 0.499961 0.024018
e_12_2 12 2 10 0.0125 0.110279 -0.120768 0.0546157 0.744463 0.548643 0.00677755 0.380421 0.021677
2 7 6
2 -0.0219534 0.214264 0.0391156 0.0125
4 0.0434156 0.128719 0.0132036 0.0125
1 0.0359613 -0.245626 0.0654221 0.0125
8 -0.0066792 0.212363 0.0262245 0.0125
5 0.0263434 0.164918 0.0138879 0.0125
6 0.0168502 0.184393 0.0120833 0.0125
7 0.00637462 0.201036 0.0160708 0.0125
e_1_4 1 4 1 0.0125 0.0396883 -0.0584539 0.0393125 0.622576 -0.710525 0.253414 0.208171 0.378043
e_4_5 4 5 2 0.0125 0.0348789 0.146818 0.0135457 0.643105 -0.701024 0.00430981 0.308158 0.040029
e_5_6 5 6 3 0.0125 0.0215964 0.174656 0.012985 0.603156 -0.735741 0.013429 0.307747 0.02174
e_6_7 6 7 4 0.0125 0.0116122 0.192715 0.0140776 0.70059 -0.628245 -0.0771748 0.329434 0.020066
e_7_8 7 8 5 0.0125 -0.000153098 0.206699 0.0211473 0.795091 -0.448636 -0.213179 0.348009 0.020044
e_8_2 8 2 6 0.0125 -0.0143165 0.213313 0.0326697 0.836687 -0.209421 -0.367553 0.347854 0.020077
3 6 5
2 0.317053 -0.278103 0.112734 0.0125
7 0.297735 -0.266809 0.115834 0.0125
6 0.233764 -0.229124 0.114681 0.0125
5 0.190037 -0.218121 0.112621 0.0125
1 -0.108725 -0.0363259 0.0360516 0.0125
4 0.140397 -0.187869 0.0990564 0.0125
e_1_4 1 4 1 0.0125 0.0158362 -0.112097 0.0675542 0.361322 0.626742 -0.0399518 0.689235 0.298323
e_4_5 4 5 2 0.0125 0.165217 -0.202995 0.105839 0.363911 0.620318 -0.0398647 0.693675 0.059694
e_5_6 5 6 3 0.0125 0.211901 -0.223623 0.113651 0.245068 0.68738 0.0684579 0.680267 0.045137
e_6_7 6 7 4 0.0125 0.26575 -0.247966 0.115257 0.326989 0.700513 -0.0390031 0.633118 0.074254
e_7_2 7 2 5 0.0125 0.307394 -0.272456 0.114284 0.300326 0.752954 -0.0408026 0.584123 0.022592
4 7 6
2 -0.0556485 0.166087 0.113709 0.0125
4 -0.209203 -0.247994 0.0571165 0.0125
1 -0.238156 -0.287723 0.0564084 0.0125
8 -0.0733889 0.10532 0.0880226 0.0125
5 -0.131128 -0.0634774 0.052628 0.0125
6 -0.121082 -0.0300098 0.0561117 0.0125
7 -0.0837723 0.0750146 0.0805003 0.0125
e_1_4 1 4 1 0.0125 -0.22368 -0.267858 0.0567628 0.546974 -0.170946 0.680864 0.456093 0.049165
e_4_5 4 5 2 0.0125 -0.170166 -0.155736 0.0548727 0.671913 -0.555808 0.449749 0.193225 0.200405
e_5_6 5 6 3 0.0125 -0.126105 -0.0467442 0.0543695 0.740456 -0.651496 0.161079 -0.0364852 0.035116
e_6_7 6 7 4 0.0125 -0.102427 0.0225025 0.0683058 0.778024 -0.579432 0.239542 0.0394607 0.114092
e_7_8 7 8 5 0.0125 -0.078581 0.0901675 0.0842612 0.783358 -0.580641 0.220346 0.0255568 0.032906
e_8_2 8 2 6 0.0125 -0.0645187 0.135703 0.100866 0.829323 -0.538902 0.146933 -0.0148214 0.068315
5 11 10
2 -0.0774167 0.235733 0.0382666 0.0125
12 -0.0882825 0.218229 0.0403784 0.0125
11 -0.0980941 0.200814 0.0424227 0.0125
10 -0.10977 0.182381 0.0431851 0.0125
9 -0.121448 0.163827 0.0432435 0.0125
4 -0.261134 -0.102 0.0469971 0.0125
1 -0.316781 -0.188109 0.0125349 0.0125
8 -0.134755 0.151023 0.0348132 0.0125
5 -0.179593 0.100046 0.0403954 0.0125
6 -0.165518 0.118583 0.0376927 0.0125
7 -0.149941 0.137509 0.0323415 0.0125
e_1_4 1 4 1 0.0125 -0.288958 -0.145055 0.0297657 -0.440571 -0.000118039 -0.583687 -0.68206 0.108162
e_4_5 4 5 2 0.0125 -0.220364 -0.00097712 0.0436963 0.0133101 -0.281284 -0.660319 -0.69619 0.217979
e_5_6 5 6 3 0.0125 -0.172556 0.109315 0.0390437 -0.234932 -0.212411 -0.715922 -0.62221 0.023433
e_6_7 6 7 4 0.0125 -0.157729 0.128046 0.0350176 -0.227808 -0.242721 -0.740091 -0.584343 0.025088
e_7_8 7 8 5 0.0125 -0.142348 0.144266 0.033578 -0.519242 -0.0510235 -0.661093 -0.539204 0.020478
e_8_9 8 9 6 0.0125 -0.128101 0.157425 0.0390281 -0.717237 0.116038 -0.528096 -0.43957 0.0203
e_9_10 9 10 7 0.0125 -0.115608 0.173104 0.0432144 -0.200003 -0.191995 -0.68153 -0.677239 0.021924
e_10_11 10 11 8 0.0125 -0.103932 0.191598 0.042804 -0.188525 -0.205537 -0.689345 -0.668592 0.021833
e_11_12 11 12 9 0.0125 -0.0931885 0.209522 0.0414014 -0.109838 -0.253418 -0.697612 -0.6611 0.020092
e_12_2 12 2 10 0.0125 -0.0828499 0.22698 0.0393227 -0.152442 -0.237762 -0.703177 -0.652513 0.02071
6 11 10
2 -0.14823 -0.343558 0.22887 0.0125
12 -0.145173 -0.324193 0.224513 0.0125
11 -0.147931 -0.306154 0.216159 0.0125
10 -0.14918 -0.287432 0.207367 0.0125
9 -0.141461 -0.271326 0.195795 0.0125
4 -0.0944349 -0.130858 0.10333 0.0125
1 -0.0191549 0.0760999 0.0119781 0.0125
8 -0.125267 -0.254786 0.190579 0.0125
5 -0.0992987 -0.167325 0.131994 0.0125
6 -0.111044 -0.205067 0.164219 0.0125
7 -0.119159 -0.235028 0.179458 0.0125
e_1_4 1 4 1 0.0125 -0.056795 -0.0273791 0.0576533 0.111783 -0.117964 -0.542685 0.824064 0.238419
e_4_5 4 5 2 0.0125 -0.0968668 -0.149091 0.117662 0.0672111 -0.025321 -0.438238 0.895985 0.046639
e_5_6 5 6 3 0.0125 -0.105171 -0.186196 0.148107 0.106503 -0.0782939 -0.42182 0.896992 0.050998
e_6_7 6 7 4 0.0125 -0.115102 -0.220047 0.171838 0.0914623 -0.0824401 -0.522359 0.843789 0.034579
e_7_8 7 8 5 0.0125 -0.122213 -0.244907 0.185018 0.101581 -0.0924654 -0.504623 0.852342 0.023482
e_8_9 8 9 6 0.0125 -0.133364 -0.263056 0.193186 0.22357 -0.290913 -0.552676 0.748288 0.023727
e_9_10 9 10 7 0.0125 -0.14532 -0.279378 0.201581 0.139143 -0.135593 -0.457965 0.86748 0.021282
e_10_11 10 11 8 0.0125 -0.148555 -0.296792 0.211763 0.00478169 0.0387555 -0.535113 0.843877 0.020722
e_11_12 11 12 9 0.0125 -0.146552 -0.315173 0.220336 -0.0177721 0.0703345 -0.535682 0.841298 0.02007
e_12_2 12 2 10 0.0125 -0.146701 -0.333876 0.226691 0.0530126 -0.055323 -0.623249 0.778261 0.020082
7 11 10
2 -0.242219 0.0616926 0.0707939 0.0125
12 -0.222617 0.0628936 0.0651029 0.0125
11 -0.202553 0.0661351 0.0660632 0.0125
10 -0.181812 0.0640376 0.0676036 0.0125
9 -0.162648 0.0599966 0.0717752 0.0125
4 0.0811605 -0.206404 0.0862412 0.0125
1 0.120593 -0.240599 0.0822019 0.0125
8 -0.14303 0.051393 0.076836 0.0125
5 -0.0836185 -0.0193349 0.0920649 0.0125
6 -0.113664 0.0186243 0.0899021 0.0125
7 -0.128157 0.0376023 0.0838619 0.0125
e_1_4 1 4 1 0.0125 0.100877 -0.223501 0.0842212 0.725952 -0.515445 -0.442423 0.10757 0.05235
e_4_5 4 5 2 0.0125 -0.00122887 -0.112869 0.0891534 0.66775 -0.655132 -0.243153 0.256494 0.249361
e_5_6 5 6 3 0.0125 -0.0986407 -0.000354628 0.0909835 0.601956 -0.713953 -0.112204 0.339603 0.048459
e_6_7 6 7 4 0.0125 -0.12091 0.0281137 0.0868823 0.370131 -0.760047 0.211953 0.490314 0.024631
e_7_8 7 8 5 0.0125 -0.135593 0.0444977 0.0803489 0.122884 -0.701176 0.414762 0.566766 0.021465
e_8_9 8 9 6 0.0125 -0.152838 0.0556949 0.0743053 -0.574317 0.0195546 0.783941 0.234976 0.022012
e_9_10 9 10 7 0.0125 -0.172231 0.0620173 0.0696893 -0.469976 0.625438 0.461501 -0.418291 0.020025
e_10_11 10 11 8 0.0125 -0.192184 0.0650863 0.0668337 -0.195651 0.719404 0.138986 -0.651813 0.020904
e_11_12 11 12 9 0.0125 -0.212585 0.0645138 0.0655828 -0.135319 0.677852 0.25321 -0.676824 0.020346
e_12_2 12 2 10 0.0125 -0.232418 0.0622934 0.0679481 0.232881 0.584271 -0.139506 -0.764809 0.020447
8 7 6
2 0.048735 0.0765654 0.043819 0.0125
4 0.27905 0.042109 0.124627 0.0125
1 0.418125 -0.135429 0.227755 0.0125
8 0.0746133 0.0727553 0.0412059 0.0125
5 0.211035 0.0671574 0.0939903 0.0125
6 0.148312 0.066257 0.0740816 0.0125
7 0.0940749 0.072116 0.0469766 0.0125
e_1_4 1 4 1 0.0125 0.348588 -0.0466604 0.176191 -0.538791 0.700736 0.465729 -0.0420678 0.247986
e_4_5 4 5 2 0.0125 0.245042 0.0546328 0.109308 -0.37181 0.772387 0.313187 -0.408766 0.07869
e_5_6 5 6 3 0.0125 0.179673 0.0667074 0.0840354 0.516756 0.400722 -0.700481 -0.285851 0.065813
e_6_7 6 7 4 0.0125 0.121193 0.0691863 0.0605295 0.123218 0.800276 -0.286429 -0.512186 0.060914
e_7_8 7 8 5 0.0125 0.084344 0.0724359 0.0440919 0.476544 0.463255 -0.653802 -0.361724 0.020309
e_8_2 8 2 6 0.0125 0.0616746 0.0746603 0.0425125 -0.166868 -0.624864 0.244659 0.722386 0.026287
9 10 9
2 0.378266 0.287777 0.0160432 0.0125
11 0.361131 0.270057 0.0152084 0.0125
10 0.345629 0.255068 0.0123604 0.0125
9 0.332037 0.241278 0.0202769 0.0125
4 -0.00607246 0.142317 0.0431737 0.0125
1 -0.0728823 0.149274 0.0197097 0.0125
8 0.315536 0.230711 0.0258856 0.0125
5 0.192262 0.166903 0.0167352 0.0125
6 0.211923 0.179537 0.0176842 0.0125
7 0.270543 0.207133 0.0183176 0.0125
e_1_4 1 4 1 0.0125 -0.0394774 0.145795 0.031441 -0.257805 -0.565196 -0.125165 -0.773579 0.071151
e_4_5 4 5 2 0.0125 0.0930949 0.15461 0.0299545 -0.154851 -0.703707 -0.265269 -0.640663 0.201594
e_5_6 5 6 3 0.0125 0.202093 0.17322 0.0172104 -0.00550069 -0.579817 -0.378879 -0.721271 0.02339
e_6_7 6 7 4 0.0125 0.241234 0.193335 0.0180006 -0.0510564 -0.613447 -0.344662 -0.70872 0.064794
e_7_8 7 8 5 0.0125 0.293039 0.218922 0.0221017 -0.0446612 -0.559456 -0.336639 -0.756101 0.051357
e_8_9 8 9 6 0.0125 0.323787 0.235994 0.0230812 0.0115406 -0.680572 -0.41763 -0.601892 0.020381
e_9_10 9 10 7 0.0125 0.338833 0.248173 0.0163194 0.0922523 -0.672537 -0.486735 -0.549794 0.020919
e_10_11 10 11 8 0.0125 0.353379 0.262563 0.0137846 0.0593147 -0.508567 -0.419398 -0.749631 0.02175
e_11_2 11 2 9 0.0125 0.369698 0.278917 0.0156256 0.0785342 -0.534852 -0.443855 -0.714674 0.024664
10 9 8
2 -0.201196 0.106613 0.106778 0.0125
10 -0.18426 0.0960436 0.108164 0.0125
9 -0.170496 0.0806247 0.107697 0.0125
4 -0.0225088 0.0374504 0.0794151 0.0125
1 0.261655 -0.0252273 0.0118852 0.0125
8 -0.152246 0.0676198 0.109614 0.0125
5 -0.059433 0.0435762 0.0893504 0.0125
6 -0.078749 0.0497522 0.0971253 0.0125
7 -0.118927 0.0551321 0.108288 0.0125
e_1_4 1 4 1 0.0125 0.119573 0.00611094 0.0456498 0.773171 -0.0365387 -0.620994 -0.123442 0.298726
e_4_5 4 5 2 0.0125 -0.040971 0.0405128 0.0843827 0.783529 -0.00769605 -0.609638 -0.119854 0.038725
e_5_6 5 6 3 0.0125 -0.0690907 0.0466647 0.0932374 0.813114 -0.0828034 -0.560496 -0.133542 0.021719
e_6_7 6 7 4 0.0125 -0.0988379 0.0524422 0.102706 0.786725 0.00917509 -0.605949 -0.117499 0.042045
e_7_8 7 8 5 0.0125 -0.135587 0.0613766 0.108951 0.708198 -0.121528 -0.683083 -0.130706 0.035607
e_8_9 8 9 6 0.0125 -0.161371 0.0741218 0.108656 0.659494 -0.283989 -0.679689 -0.149803 0.022492
e_9_10 9 10 7 0.0125 -0.177379 0.0883343 0.107931 0.694966 -0.397309 -0.575199 -0.168269 0.020674
e_10_2 10 2 8 0.0125 -0.192729 0.101328 0.107471 0.66657 -0.246301 -0.688448 -0.14512 0.020011
11 6 5
2 0.0913693 0.0936226 0.0645177 0.0125
7 0.0823605 0.0676149 0.0784668 0.0125
6 0.0672016 0.051204 0.0842444 0.0125
5 0.0487095 0.0344361 0.0947227 0.0125
1 -0.334575 -0.117528 0.084516 0.0125
4 -0.0544017 0.0100483 0.120504 0.0125
e_1_4 1 4 1 0.0125 -0.194488 -0.0537401 0.10251 0.734164 -0.158946 0.645509 0.138045 0.309949
e_4_5 4 5 2 0.0125 -0.00284541 0.0222425 0.107614 0.604362 -0.0177674 0.786062 0.128598 0.109047
e_5_6 5 6 3 0.0125 0.0579556 0.0428201 0.0894835 0.517024 -0.301927 0.776122 0.197892 0.027072
e_6_7 6 7 4 0.0125 0.074781 0.059409 0.0813554 0.578204 -0.37222 0.697603 0.201205 0.023076
e_7_2 7 2 5 0.0125 0.0868646 0.0806185 0.0714917 0.464195 -0.585151 0.619372 0.241866 0.030856
12 9 8
2 0.161294 0.286933 0.0178918 0.0125
10 0.149995 0.271892 0.0248386 0.0125
9 0.136978 0.25543 0.0258327 0.0125
4 0.0132853 0.152677 0.0643863 0.0125
1 -0.179297 -0.0242471 0.192619 0.0125
8 0.122643 0.242889 0.0326688 0.0125
5 0.0834343 0.197412 0.040131 0.0125
6 0.0966985 0.211596 0.0351431 0.0125
7 0.109426 0.227183 0.0338904 0.0125
e_1_4 1 4 1 0.0125 -0.083006 0.0642147 0.128503 0.51862 -0.439473 0.725944 0.104415 0.291261
e_4_5 4 5 2 0.0125 0.0483598 0.175044 0.0522591 0.589811 -0.298746 0.742088 0.110358 0.086663
e_5_6 5 6 3 0.0125 0.0900662 0.204503 0.0376368 0.597408 -0.442051 0.654957 0.13684 0.02005
e_6_7 6 7 4 0.0125 0.103063 0.219389 0.0345172 0.66458 -0.436664 0.583426 0.165144 0.020163
e_7_8 7 8 5 0.0125 0.116035 0.235035 0.0332803 0.665849 -0.428504 0.588289 0.164153 0.020563
e_8_9 8 9 6 0.0125 0.129811 0.24916 0.0292512 0.563567 -0.403224 0.711557 0.116142 0.020237
e_9_10 9 10 7 0.0125 0.143486 0.263661 0.0253363 0.669365 -0.441135 0.573638 0.168198 0.021009
e_10_2 10 2 8 0.0125 0.155644 0.279412 0.0213653 0.555587 -0.521556 0.633401 0.134555 0.020054
