12
1 11 10
2 -0.152761 0.189337 0.0719405 0.0125
12 -0.155199 0.17407 0.0577869 0.0125
11 -0.156463 0.157889 0.0457324 0.0125
10 -0.156599 0.139909 0.0328094 0.0125
9 -0.156575 0.124247 0.0199688 0.0125
4 -0.166464 -0.135815 0.0199422 0.0125
1 -0.199631 -0.283556 0.0114965 0.0125
8 -0.157379 0.0978252 0.0154599 0.0125
5 -0.14358 0.0246701 0.018106 0.0125
6 -0.15148 0.0486601 0.0128001 0.0125
7 -0.156424 0.0730391 0.0114876 0.0125
e_1_4 1 4 1 0.0125 -0.183047 -0.209685 0.0157191 0.0201392 -0.16904 -0.666017 -0.726252 0.151654
e_4_5 4 5 2 0.0125 -0.155022 -0.0555718 0.0190243 0.113139 -0.212354 -0.678653 -0.693928 0.162118
e_5_6 5 6 3 0.0125 -0.14753 0.0366653 0.0154524 0.425255 -0.318377 -0.708119 -0.465147 0.025808
e_6_7 6 7 4 0.0125 -0.153952 0.0608498 0.0121432 0.458425 -0.366059 -0.626375 -0.513324 0.02491
e_7_8 7 8 5 0.0125 -0.156902 0.0854324 0.0134734 0.542825 -0.444939 -0.472178 -0.533308 0.02512
e_8_9 8 9 6 0.0125 -0.156978 0.111036 0.0177144 0.493775 -0.431463 -0.479345 -0.583313 0.026816
e_9_10 9 10 7 0.0125 -0.156587 0.132078 0.0263891 0.818796 -0.387777 0.180617 0.382857 0.020253
e_10_11 10 11 8 0.0125 -0.156531 0.148898 0.0392708 0.842515 -0.430891 0.150075 0.286319 0.022143
e_11_12 11 12 9 0.0125 -0.155831 0.16598 0.0517598 0.812219 -0.39268 0.218362 0.372048 0.020217
e_12_2 12 2 10 0.0125 -0.15398 0.181704 0.0648633 0.702091 -0.264501 0.304009 0.5871 0.02096
2 7 6
2 0.0941472 0.144503 0.0114844 0.0125
4 0.00131839 -0.27238 0.199251 0.0125
1 -0.00460416 -0.298173 0.211907 0.0125
8 0.0845047 0.127571 0.0160014 0.0125
5 0.0531593 -0.0995222 0.100059 0.0125
6 0.0795829 0.0847411 0.0373363 0.0125
7 0.0797139 0.104045 0.0286356 0.0125
e_1_4 1 4 1 0.0125 -0.00164289 -0.285276 0.205579 0.385802 -0.727308 -0.432137 -0.368018 0.029335
e_4_5 4 5 2 0.0125 0.0272387 -0.185951 0.149655 0.338211 -0.732526 -0.451936 -0.380491 0.205928
e_5_6 5 6 3 0.0125 0.0663703 -0.00739029 0.0686974 0.469906 -0.7159 -0.383592 -0.345734 0.196432
e_6_7 6 7 4 0.0125 0.079649 0.0943929 0.0329859 0.438461 -0.681902 -0.490354 -0.319867 0.021175
e_7_8 7 8 5 0.0125 0.0821093 0.115808 0.0223185 0.368557 -0.717911 -0.466324 -0.362369 0.02713
e_8_2 8 2 6 0.0125 0.0893254 0.136036 0.0137428 0.473971 -0.769238 -0.145558 -0.403036 0.020001
3 8 7
2 -0.226635 0.0883391 0.0128583 0.0125
9 -0.214164 0.0720114 0.0150557 0.0125
4 0.0247369 -0.247197 0.214974 0.0125
1 0.0315271 -0.263914 0.235697 0.0125
8 -0.202453 0.0558154 0.0163466 0.0125
5 -0.154827 0.00475488 0.0436657 0.0125
6 -0.171339 0.0288082 0.0243244 0.0125
7 -0.186252 0.0437304 0.0153206 0.0125
e_1_4 1 4 1 0.0125 0.028132 -0.255555 0.225336 0.208322 -0.799057 0.488468 0.281971 0.027477
e_4_5 4 5 2 0.0125 -0.0650447 -0.121221 0.129319 0.448968 -0.85387 -0.114472 0.237129 0.353652
e_5_6 5 6 3 0.0125 -0.163083 0.0167812 0.0339947 0.388973 -0.881061 0.00319699 0.26911 0.035004
e_6_7 6 7 4 0.0125 -0.178796 0.0362687 0.019822 0.527013 -0.736972 -0.391307 0.161272 0.022937
e_7_8 7 8 5 0.0125 -0.194352 0.0497724 0.0158341 0.718056 -0.332861 -0.603198 -0.0987466 0.020238
e_8_9 8 9 6 0.0125 -0.208308 0.0639136 0.0157018 0.682589 -0.616766 -0.389669 0.0427738 0.020028
e_9_2 9 2 7 0.0125 -0.2204 0.0801752 0.013957 0.666284 -0.625497 -0.402395 0.0538242 0.020664
4 7 6
2 0.209354 -0.108865 0.120388 0.0125
4 -0.0517247 0.0168908 0.0720281 0.0125
1 -0.236003 0.0920779 0.035399 0.0125
8 0.158977 -0.0796384 0.126491 0.0125
5 -0.00402377 -0.00140716 0.0830889 0.0125
6 0.0733376 -0.0381311 0.106315 0.0125
7 0.136357 -0.0723476 0.125726 0.0125
e_1_4 1 4 1 0.0125 -0.143864 0.054485 0.0537134 0.731951 0.0498559 0.637977 -0.233981 0.202369
e_4_5 4 5 2 0.0125 -0.0278745 0.00774207 0.0775588 0.741808 0.0368685 0.626777 -0.235611 0.052274
e_5_6 5 6 3 0.0125 0.0346568 -0.0197684 0.0947019 0.766854 0.108557 0.597774 -0.206921 0.088729
e_6_7 6 7 4 0.0125 0.104847 -0.0552391 0.116021 0.770961 0.153455 0.588053 -0.19043 0.074291
e_7_8 7 8 5 0.0125 0.147667 -0.0759926 0.126109 0.6623 -0.059714 0.693078 -0.278272 0.023778
e_8_2 8 2 6 0.0125 0.184166 -0.0942511 0.12344 0.629872 0.133712 0.730905 -0.226186 0.058559
5 9 8
2 0.0128357 -0.250061 0.0135339 0.0125
10 -0.00283134 -0.237766 0.0114946 0.0125
9 -0.0168652 -0.223652 0.0138572 0.0125
4 -0.203232 -0.106204 0.0538137 0.0125
1 -0.388504 0.0274435 0.0115201 0.0125
8 -0.0255507 -0.207229 0.0217989 0.0125
5 -0.185301 -0.117873 0.0507188 0.0125
6 -0.0702459 -0.181815 0.0346273 0.0125
7 -0.043858 -0.194882 0.0287724 0.0125
e_1_4 1 4 1 0.0125 -0.295868 -0.03938 0.0326672 -0.0747952 0.479792 -0.422821 0.765133 0.232327
e_4_5 4 5 2 0.0125 -0.194267 -0.112039 0.0522665 -0.0642022 0.590154 -0.472568 0.651365 0.021616
e_5_6 5 6 3 0.0125 -0.127774 -0.149845 0.0426733 -0.0972213 0.59407 -0.455798 0.65565 0.132609
e_6_7 6 7 4 0.0125 -0.0570522 -0.188348 0.0316995 -0.110477 0.622386 -0.458423 0.624723 0.030022
e_7_8 7 8 5 0.0125 -0.034704 -0.201056 0.0252863 -0.0432968 0.633881 -0.498754 0.589546 0.023157
e_8_9 8 9 6 0.0125 -0.0212077 -0.215441 0.0178284 0.165269 0.593523 -0.586745 0.525498 0.020205
e_9_10 9 10 7 0.0125 -0.00984829 -0.230709 0.0126759 0.0287558 0.549612 -0.50682 0.663501 0.020043
e_10_2 10 2 8 0.0125 0.0050021 -0.243913 0.012514 -0.0473691 0.499702 -0.44651 0.740731 0.02002
6 10 9
2 -0.233677 -0.112383 0.17296 0.0125
11 -0.224483 -0.112604 0.15515 0.0125
10 -0.213809 -0.10709 0.139045 0.0125
9 -0.200647 -0.106426 0.123767 0.0125
4 0.088592 0.104551 0.0551358 0.0125
1 0.142114 0.119079 0.0216822 0.0125
8 -0.181155 -0.100862 0.114766 0.0125
5 -0.0822667 0.000203531 0.107655 0.0125
6 -0.119585 -0.0586521 0.10984 0.0125
7 -0.162586 -0.0931699 0.109062 0.0125
e_1_4 1 4 1 0.0125 0.115353 0.111815 0.0384095 -0.840753 -0.247895 0.4246 0.226711 0.064768
e_4_5 4 5 2 0.0125 0.00316306 0.0523771 0.0813955 -0.774702 -0.419125 0.444369 0.163424 0.206976
e_5_6 5 6 3 0.0125 -0.100926 -0.0292247 0.108747 -0.716757 -0.609431 0.336044 0.043903 0.069724
e_6_7 6 7 4 0.0125 -0.141085 -0.0759111 0.109451 -0.691819 -0.533923 0.471142 0.119744 0.055147
e_7_8 7 8 5 0.0125 -0.171871 -0.0970162 0.111914 -0.772806 -0.361871 0.482237 0.198163 0.020892
e_8_9 8 9 6 0.0125 -0.190901 -0.103644 0.119265 -0.807817 -0.284408 0.464977 0.224365 0.022179
e_9_10 9 10 7 0.0125 -0.207228 -0.106758 0.131405 -0.903766 -0.109243 0.330824 0.248654 0.020177
e_10_11 10 11 8 0.0125 -0.219146 -0.109847 0.147097 -0.930173 -0.197281 0.245592 0.188528 0.020093
e_11_2 11 2 9 0.0125 -0.22908 -0.112494 0.164054 -0.942771 -0.0516835 0.230348 0.235483 0.020044
7 7 6
2 -0.355728 -0.243185 0.0961925 0.0125
4 -0.166113 0.0285097 0.0692149 0.0125
1 -0.0586013 0.142602 0.113576 0.0125
8 -0.338143 -0.216969 0.0904344 0.0125
5 -0.265202 -0.0830427 0.066372 0.0125
6 -0.301931 -0.157333 0.0775053 0.0125
7 -0.321543 -0.200845 0.087998 0.0125
e_1_4 1 4 1 0.0125 -0.112357 0.085556 0.0913949 -0.150913 -0.674819 -0.425162 0.584023 0.162923
e_4_5 4 5 2 0.0125 -0.215658 -0.0272666 0.0677935 -0.37383 -0.685729 -0.198247 0.592221 0.149233
e_5_6 5 6 3 0.0125 -0.283566 -0.120188 0.0719385 -0.603678 -0.647598 -0.118508 0.449606 0.083618
e_6_7 6 7 4 0.0125 -0.311738 -0.179089 0.0827521 -0.667512 -0.622194 -0.0742842 0.402225 0.048869
e_7_8 7 8 5 0.0125 -0.329844 -0.208907 0.0892163 -0.458391 -0.665302 -0.0709389 0.584995 0.02327
e_8_2 8 2 6 0.0125 -0.346936 -0.230078 0.0933132 -0.602663 -0.638599 -0.0496619 0.475943 0.032088
8 7 6
2 -0.258201 -0.119814 0.0998215 0.0125
4 -0.176823 0.093371 0.0771927 0.0125
1 0.00265122 0.273125 0.0123213 0.0125
8 -0.258136 -0.0861899 0.0913549 0.0125
5 -0.213329 0.0506012 0.083217 0.0125
6 -0.240585 0.00786991 0.086103 0.0125
7 -0.252698 -0.0533205 0.0899344 0.0125
e_1_4 1 4 1 0.0125 -0.0870856 0.183248 0.0447573 0.774354 0.510811 -0.339633 -0.155235 0.262165
e_4_5 4 5 2 0.0125 -0.195076 0.0719867 0.0802044 0.706273 0.618834 -0.252549 -0.233327 0.056553
e_5_6 5 6 3 0.0125 -0.226956 0.0292357 0.0846603 0.671411 0.676295 -0.11916 -0.278627 0.050766
e_6_7 6 7 4 0.0125 -0.246641 -0.0227253 0.0880187 0.669416 0.670042 0.142784 -0.287294 0.062495
e_7_8 7 8 5 0.0125 -0.255417 -0.0697548 0.0906451 0.661127 0.670445 0.17092 -0.290174 0.033346
e_8_2 8 2 6 0.0125 -0.258169 -0.103002 0.0955882 0.7552 0.588956 0.176192 -0.227509 0.034674
9 10 9
2 -0.215284 -0.015763 0.0910574 0.0125
11 -0.199678 -0.0107698 0.102925 0.0125
10 -0.182379 -0.00608069 0.112498 0.0125
9 -0.163095 -0.00327139 0.118287 0.0125
4 0.167648 -0.134368 0.056208 0.0125
1 0.193893 -0.16024 0.0171713 0.0125
8 -0.141148 0.000497315 0.125172 0.0125
5 0.0484956 -0.0493592 0.121575 0.0125
6 0.00111535 -0.0259537 0.13786 0.0125
7 -0.0221568 -0.0162433 0.140648 0.0125
e_1_4 1 4 1 0.0125 0.180771 -0.147304 0.0366897 0.90249 -0.314528 -0.193633 0.221563 0.053685
e_4_5 4 5 2 0.0125 0.108072 -0.0918636 0.0888914 0.803985 -0.429464 -0.334174 0.239784 0.160302
e_5_6 5 6 3 0.0125 0.0248054 -0.0376566 0.129718 0.77348 -0.399371 -0.439616 0.221289 0.055298
e_6_7 6 7 4 0.0125 -0.0105208 -0.021098 0.139254 0.712185 -0.426187 -0.513237 0.218503 0.025371
e_7_8 7 8 5 0.0125 -0.0816529 -0.00787264 0.13291 0.64312 -0.270877 -0.700353 0.150094 0.121154
e_8_9 8 9 6 0.0125 -0.152122 -0.00138704 0.121729 0.593465 0.123206 -0.795314 0.0097099 0.023309
e_9_10 9 10 7 0.0125 -0.172737 -0.00467542 0.115392 0.597598 0.0854394 -0.796909 0.0226382 0.020329
e_10_11 10 11 8 0.0125 -0.191028 -0.00842522 0.107712 0.509038 0.339396 -0.787646 -0.0728333 0.02032
e_11_2 11 2 9 0.0125 -0.207482 -0.013267 0.0969908 0.432553 0.519545 -0.723426 -0.14009 0.020232
10 11 10
2 0.00219038 -0.115839 0.124209 0.0125
12 0.0217029 -0.113933 0.128618 0.0125
11 0.0407079 -0.112268 0.134693 0.0125
10 0.056862 -0.104321 0.143627 0.0125
9 0.0740916 -0.0941346 0.146023 0.0125
4 0.134386 0.0508999 0.0646154 0.0125
1 0.169205 0.254123 0.0132897 0.0125
8 0.0925616 -0.0880652 0.150823 0.0125
5 0.13557 -0.0479969 0.137033 0.0125
6 0.125095 -0.0619769 0.150042 0.0125
7 0.107815 -0.0757748 0.155164 0.0125
e_1_4 1 4 1 0.0125 0.151795 0.152512 0.0389526 0.74789 0.543428 -0.289665 0.247872 0.212477
e_4_5 4 5 2 0.0125 0.134978 0.00145133 0.100824 0.852936 0.434157 -0.126964 0.260553 0.122582
e_5_6 5 6 3 0.0125 0.130332 -0.0549866 0.143538 0.86944 0.287171 -0.344824 0.20665 0.021779
e_6_7 6 7 4 0.0125 0.116455 -0.0688759 0.152603 0.765939 0.279376 -0.555974 0.161801 0.0227
e_7_8 7 8 5 0.0125 0.100188 -0.0819206 0.152994 0.611794 0.349804 -0.697007 0.132384 0.020064
e_8_9 8 9 6 0.0125 0.0833266 -0.0911005 0.148424 0.611666 0.149725 -0.772937 0.0775658 0.020025
e_9_10 9 10 7 0.0125 0.0654768 -0.0992284 0.144825 0.65299 0.259084 -0.701657 0.118978 0.020159
e_10_11 10 11 8 0.0125 0.0487855 -0.108294 0.13916 0.520924 0.255088 -0.810664 0.0799536 0.020097
e_11_12 11 12 9 0.0125 0.0312054 -0.1131 0.131656 0.588897 0.0178579 -0.807092 0.0385202 0.020022
e_12_2 12 2 10 0.0125 0.0119464 -0.114887 0.126413 0.622903 0.0162319 -0.78067 0.0477748 0.020095
11 10 9
2 -0.181486 -0.125716 0.195935 0.0125
11 -0.172284 -0.111467 0.185288 0.0125
10 -0.163154 -0.0971643 0.174659 0.0125
9 -0.147196 -0.0843396 0.165976 0.0125
4 -0.0237692 0.163836 0.09543 0.0125
1 -0.0145733 0.28761 0.0288044 0.0125
8 -0.117938 -0.0661152 0.158705 0.0125
5 -0.0765973 0.0270495 0.152357 0.0125
6 -0.0854779 0.00754451 0.156392 0.0125
7 -0.100243 -0.046629 0.158568 0.0125
e_1_4 1 4 1 0.0125 -0.0191714 0.225723 0.0621165 0.854976 0.506728 -0.0821243 0.0741509 0.140867
e_4_5 4 5 2 0.0125 -0.0501836 0.0954425 0.123893 0.736727 0.378748 -0.41904 0.371737 0.157296
e_5_6 5 6 3 0.0125 -0.0810372 0.0172966 0.154374 0.56613 0.248063 -0.58818 0.521542 0.021809
e_6_7 6 7 4 0.0125 -0.0928597 -0.0195421 0.15748 0.35575 0.171651 -0.671699 0.626737 0.056191
e_7_8 7 8 5 0.0125 -0.10909 -0.0563721 0.158636 0.464152 -0.0165798 -0.70506 0.535891 0.026322
e_8_9 8 9 6 0.0125 -0.132567 -0.0752275 0.162341 0.657454 -0.00270311 -0.629914 0.413468 0.035228
e_9_10 9 10 7 0.0125 -0.155175 -0.0907524 0.170317 0.75253 0.126816 -0.537307 0.359051 0.022238
e_10_11 10 11 8 0.0125 -0.167719 -0.104316 0.179973 0.833915 0.310312 -0.371875 0.264578 0.020022
e_11_2 11 2 9 0.0125 -0.176885 -0.118592 0.190611 0.834115 0.308067 -0.373197 0.264708 0.020027
12 8 7
2 -0.0734484 0.00294654 0.0214902 0.0125
9 -0.0764272 -0.0166382 0.0180367 0.0125
4 -0.00593892 -0.156786 0.141891 0.0125
1 0.0965627 -0.316202 0.319191 0.0125
8 -0.0772786 -0.0387733 0.0122452 0.0125
5 -0.0567886 -0.094978 0.0559677 0.0125
6 -0.0709234 -0.0796058 0.028975 0.0125
7 -0.0728699 -0.0624066 0.0161195 0.0125
e_1_4 1 4 1 0.0125 0.0453122 -0.236494 0.230541 0.158444 0.14797 -0.905365 -0.365124 0.259529
e_4_5 4 5 2 0.0125 -0.0313636 -0.125882 0.0989299 0.0862033 0.405434 -0.837549 -0.355955 0.117426
e_5_6 5 6 3 0.0125 -0.0638562 -0.0872916 0.0424717 0.00915265 0.620557 -0.714408 -0.323182 0.034128
e_6_7 6 7 4 0.0125 -0.0718971 -0.0710064 0.0225471 0.138426 -0.369033 0.813593 0.427456 0.021561
e_7_8 7 8 5 0.0125 -0.0750737 -0.05059 0.0141828 0.571006 -0.725178 0.231658 0.307252 0.024352
e_8_9 8 9 6 0.0125 -0.0768531 -0.0277055 0.0151413 0.685041 -0.516793 0.326271 0.396473 0.022896
e_9_2 9 2 7 0.0125 -0.0749379 -0.00684549 0.0197631 0.632928 -0.471689 0.437768 0.430432 0.020109
