12
1 11 10
2 0.302624 -0.106311 0.0117884 0.0125
12 0.287759 -0.0942034 0.0175456 0.0125
11 0.274111 -0.0805747 0.0229879 0.0125
10 0.256982 -0.0742301 0.0313279 0.0125
9 0.236261 -0.0709649 0.0335683 0.0125
4 0.127159 -0.0201489 0.0196782 0.0125
1 -0.164016 -0.0430225 0.035719 0.0125
8 0.219825 -0.0594132 0.0392371 0.0125
5 0.160418 -0.0275545 0.0216019 0.0125
6 0.180812 -0.0358174 0.0293422 0.0125
7 0.204505 -0.0458654 0.0389571 0.0125
e_1_4 1 4 1 0.0125 -0.0184279 -0.0315863 0.0276985 0.419302 0.539045 0.486671 0.544763 0.292512
e_4_5 4 5 2 0.0125 0.143789 -0.0238518 0.0206395 0.530733 0.567054 0.387645 0.496492 0.034127
e_5_6 5 6 3 0.0125 0.170615 -0.0316854 0.0254716 0.636403 0.504578 0.28192 0.510797 0.023327
e_6_7 6 7 4 0.0125 0.192659 -0.0408414 0.0341496 0.644 0.500389 0.273193 0.510138 0.027472
e_7_8 7 8 5 0.0125 0.212165 -0.0526399 0.0390969 0.629482 0.657057 0.247834 0.332575 0.020453
e_8_9 8 9 6 0.0125 0.228043 -0.065189 0.0364027 0.524208 0.721499 0.339446 0.299034 0.020874
e_9_10 9 10 7 0.0125 0.246621 -0.0725975 0.0324486 0.471382 0.60254 0.435937 0.47403 0.021096
e_10_11 10 11 8 0.0125 0.265547 -0.077402 0.0271585 0.424102 0.718484 0.437559 0.335349 0.02008
e_11_12 11 12 9 0.0125 0.280935 -0.0873893 0.0202672 0.552396 0.742943 0.289502 0.24307 0.020041
e_12_2 12 2 10 0.0125 0.295191 -0.100257 0.0146675 0.531067 0.734781 0.322344 0.272323 0.020018
2 8 7
2 -0.02867 0.00758826 0.0278441 0.0125
9 -0.0103044 0.00118906 0.022878 0.0125
4 0.340563 0.256357 0.0174757 0.0125
1 0.365877 0.270347 0.0240457 0.0125
8 0.00924361 -0.00301913 0.0219289 0.0125
5 0.136342 0.0631503 0.0120019 0.0125
6 0.0468527 0.000984027 0.0114957 0.0125
7 0.0289044 -0.00476506 0.0182634 0.0125
e_1_4 1 4 1 0.0125 0.35322 0.263352 0.020761 0.623481 0.402752 -0.669733 -0.0228002 0.029659
e_4_5 4 5 2 0.0125 0.238452 0.159755 0.0147388 0.637998 0.660768 -0.270413 -0.288482 0.281184
e_5_6 5 6 3 0.0125 0.0915979 0.0320678 0.0117487 0.687494 0.524596 -0.476574 -0.158205 0.108965
e_6_7 6 7 4 0.0125 0.0378786 -0.0018909 0.0148799 0.817858 0.168953 -0.54997 0.00976288 0.020025
e_7_8 7 8 5 0.0125 0.0190744 -0.00389187 0.0200964 0.736943 -0.236006 -0.594156 0.219533 0.020076
e_8_9 8 9 6 0.0125 -0.000530764 -0.000914878 0.0224028 0.661524 -0.406303 -0.557867 0.293407 0.020018
e_9_2 9 2 7 0.0125 -0.0194872 0.00438904 0.0253607 0.75304 -0.367038 -0.49149 0.238017 0.020073
3 11 10
2 -0.221744 0.0289847 0.0114759 0.0125
12 -0.215385 0.0098407 0.0120779 0.0125
11 -0.208646 -0.00908536 0.0121759 0.0125
10 -0.194174 -0.0231908 0.0120544 0.0125
9 -0.183504 -0.0403809 0.0137158 0.0125
4 -0.0647409 -0.139752 0.0118154 0.0125
1 0.191801 -0.114797 0.0125029 0.0125
8 -0.169842 -0.0561596 0.0161375 0.0125
5 -0.105708 -0.12366 0.0130411 0.0125
6 -0.142854 -0.0879467 0.0263471 0.0125
7 -0.157678 -0.070759 0.0232637 0.0125
e_1_4 1 4 1 0.0125 0.0635298 -0.127275 0.0121586 0.648254 0.342413 -0.619749 -0.280056 0.257754
e_4_5 4 5 2 0.0125 -0.085225 -0.131706 0.0124283 0.616643 0.111706 -0.688186 -0.365613 0.044031
e_5_6 5 6 3 0.0125 -0.124281 -0.105804 0.0196947 0.700059 -0.170709 -0.588084 -0.367332 0.05322
e_6_7 6 7 4 0.0125 -0.150266 -0.0793525 0.0248057 0.488445 -0.0940574 -0.747308 -0.440575 0.022905
e_7_8 7 8 5 0.0125 -0.163759 -0.0634592 0.0197001 0.343446 0.0389316 -0.821003 -0.454403 0.020295
e_8_9 8 9 6 0.0125 -0.176672 -0.0482703 0.0149268 0.500466 -0.102807 -0.739629 -0.438079 0.021012
e_9_10 9 10 7 0.0125 -0.188839 -0.0317859 0.0128851 0.514478 -0.222118 -0.701141 -0.440883 0.0203
e_10_11 10 11 8 0.0125 -0.20141 -0.0161378 0.0121144 0.575339 -0.103943 -0.697278 -0.414711 0.02021
e_11_12 11 12 9 0.0125 -0.212016 0.000378171 0.0121265 0.572862 -0.403545 -0.582729 -0.411592 0.020091
e_12_2 12 2 10 0.0125 -0.218565 0.0194132 0.0117765 0.558439 -0.410862 -0.588322 -0.416191 0.020182
4 8 7
2 0.235981 0.229913 0.044266 0.0125
9 0.216309 0.223413 0.0351409 0.0125
4 -0.172183 0.0458374 0.0358092 0.0125
1 -0.20747 0.0371318 0.0499595 0.0125
8 0.203064 0.212157 0.0248666 0.0125
5 -0.110587 0.061794 0.0114983 0.0125
6 0.0868022 0.149841 0.0124832 0.0125
7 0.168724 0.195334 0.0124401 0.0125
e_1_4 1 4 1 0.0125 -0.189827 0.0414841 0.0428844 0.216187 -0.816057 0.124322 -0.5214 0.039002
e_4_5 4 5 2 0.0125 -0.141385 0.0538158 0.0236541 0.222696 -0.814419 0.123185 -0.521492 0.068116
e_5_6 5 6 3 0.0125 -0.0118926 0.105817 0.0119912 0.419145 -0.689515 0.149302 -0.571486 0.216139
e_6_7 6 7 4 0.0125 0.127763 0.172587 0.0124615 0.445072 -0.696582 0.122504 -0.549251 0.093706
e_7_8 7 8 5 0.0125 0.185894 0.203746 0.018653 0.550561 -0.56273 0.169723 -0.592799 0.040208
e_8_9 8 9 6 0.0125 0.209687 0.217785 0.0300036 0.689442 -0.484394 0.104572 -0.528297 0.020191
e_9_2 9 2 7 0.0125 0.226146 0.226663 0.0397033 0.5544 -0.502289 0.214865 -0.627838 0.022639
5 10 9
2 0.166945 0.102482 0.0542693 0.0125
11 0.148013 0.0961174 0.0567152 0.0125
10 0.129631 0.0884739 0.0588832 0.0125
9 0.111397 0.079045 0.0586062 0.0125
4 -0.0366485 0.0326409 0.0815275 0.0125
1 -0.305313 0.00437448 0.0145956 0.0125
8 0.0946231 0.0716287 0.0671398 0.0125
5 0.0374796 0.041594 0.079232 0.0125
6 0.0589779 0.0547671 0.0768009 0.0125
7 0.0760749 0.0647668 0.0721432 0.0125
e_1_4 1 4 1 0.0125 -0.170981 0.0185082 0.0480615 0.784792 -0.0129486 0.616106 0.0659308 0.278315
e_4_5 4 5 2 0.0125 0.000415614 0.037117 0.0803798 0.694992 -0.044714 0.716495 0.0402623 0.074702
e_5_6 5 6 3 0.0125 0.0482291 0.0481806 0.0780168 0.64371 -0.552454 0.492736 -0.194019 0.025331
e_6_7 6 7 4 0.0125 0.0675267 0.0597671 0.0744724 0.576078 -0.619655 0.480083 -0.231694 0.020347
e_7_8 7 8 5 0.0125 0.085349 0.0681977 0.0696415 0.594085 -0.453041 0.646067 -0.156253 0.0204
e_8_9 8 9 6 0.0125 0.10301 0.0753368 0.0628726 0.46221 -0.687038 0.488778 -0.274656 0.020228
e_9_10 9 10 7 0.0125 0.120514 0.0837595 0.0587447 0.698818 -0.43556 0.550944 -0.135654 0.02053
e_10_11 10 11 8 0.0125 0.138822 0.0922957 0.0577992 0.654377 -0.416854 0.616744 -0.132854 0.020026
e_11_2 11 2 9 0.0125 0.157479 0.0993003 0.0554929 0.655235 -0.342541 0.665901 -0.0995412 0.020122
6 6 5
2 0.00644299 -0.229541 0.011489 0.0125
7 0.0371564 -0.146727 0.0336526 0.0125
6 0.0470688 -0.0590903 0.0477928 0.0125
5 0.00329296 0.13257 0.0521097 0.0125
1 -0.0334622 0.2428 0.012503 0.0125
4 -0.00398137 0.164205 0.0401763 0.0125
e_1_4 1 4 1 0.0125 -0.0187223 0.203503 0.0263397 -0.469412 -0.48565 0.328018 -0.660455 0.088386
e_4_5 4 5 2 0.0125 -0.000344582 0.148388 0.0461426 -0.526431 -0.456331 0.345315 -0.628801 0.034585
e_5_6 5 6 3 0.0125 0.0251802 0.0367396 0.0499511 -0.409902 -0.53744 0.47131 -0.566573 0.196643
e_6_7 6 7 4 0.0125 0.0421123 -0.102908 0.0407234 -0.477075 -0.498153 0.575324 -0.439597 0.089322
e_7_2 7 2 5 0.0125 0.0218004 -0.188133 0.022571 -0.51156 -0.46264 0.638481 -0.341486 0.091064
7 11 10
2 -0.3827 0.274026 0.0275057 0.0125
12 -0.36368 0.27007 0.0322676 0.0125
11 -0.344596 0.27584 0.0338765 0.0125
10 -0.325973 0.282832 0.0317956 0.0125
9 -0.30652 0.287525 0.0307007 0.0125
4 -0.176836 0.272449 0.0122965 0.0125
1 0.110162 0.287756 0.0116938 0.0125
8 -0.286735 0.285191 0.028751 0.0125
5 -0.2069 0.27232 0.0152835 0.0125
6 -0.247165 0.279369 0.0258241 0.0125
7 -0.266953 0.282353 0.0273769 0.0125
e_1_4 1 4 1 0.0125 -0.0333373 0.280102 0.0119948 -0.556042 -0.466041 0.530808 0.438026 0.287406
e_4_5 4 5 2 0.0125 -0.191868 0.272384 0.0137899 -0.584203 -0.415397 0.527272 0.45622 0.030212
e_5_6 5 6 3 0.0125 -0.227033 0.275845 0.0205534 -0.616657 -0.295062 0.536738 0.494555 0.042215
e_6_7 6 7 4 0.0125 -0.257059 0.280861 0.0266007 -0.556258 -0.3614 0.575069 0.478813 0.020072
e_7_8 7 8 5 0.0125 -0.276844 0.283772 0.0280642 -0.553931 -0.367296 0.575154 0.476919 0.020032
e_8_9 8 9 6 0.0125 -0.296627 0.286358 0.0297263 -0.567878 -0.36805 0.561992 0.475625 0.020017
e_9_10 9 10 7 0.0125 -0.316247 0.285178 0.031248 -0.598786 -0.511063 0.459902 0.410804 0.020041
e_10_11 10 11 8 0.0125 -0.335284 0.279335 0.032836 -0.630583 -0.531037 0.407415 0.392909 0.020001
e_11_12 11 12 9 0.0125 -0.354138 0.272955 0.033072 -0.559029 -0.573545 0.459609 0.383786 0.020001
e_12_2 12 2 10 0.0125 -0.37319 0.272048 0.0298867 -0.424915 -0.448393 0.646527 0.447653 0.020002
8 6 5
2 -0.0410927 -0.181148 0.0114861 0.0125
7 -0.15899 -0.135815 0.0125271 0.0125
6 -0.229691 -0.0886057 0.0153144 0.0125
5 -0.270443 -0.0240599 0.0342818 0.0125
1 -0.328832 0.167021 0.0946821 0.0125
4 -0.272625 0.00386851 0.0480603 0.0125
e_1_4 1 4 1 0.0125 -0.300728 0.0854448 0.0713712 0.584187 0.792939 0.0407406 0.168264 0.17875
e_4_5 4 5 2 0.0125 -0.271534 -0.0100957 0.0411711 0.517544 0.842179 -0.106795 0.107134 0.031218
e_5_6 5 6 3 0.0125 -0.250067 -0.0563328 0.0247981 0.575321 0.772404 0.154804 0.220075 0.078656
e_6_7 6 7 4 0.0125 -0.19434 -0.112211 0.0139204 0.630176 0.614339 0.372788 0.2941 0.085059
e_7_2 7 2 5 0.0125 -0.100041 -0.158481 0.0120063 0.62454 0.532153 0.470037 0.325313 0.126317
9 6 5
2 0.0845812 0.454942 0.266772 0.0125
7 0.0814725 0.434459 0.27199 0.0125
6 0.0855234 0.414226 0.271491 0.0125
5 0.0832681 0.392855 0.267533 0.0125
1 0.0626743 0.043249 0.0124398 0.0125
4 0.082186 0.34803 0.253755 0.0125
e_1_4 1 4 1 0.0125 0.0724302 0.195639 0.133097 0.899992 -0.435 0.0281067 0.000531888 0.389237
e_4_5 4 5 2 0.0125 0.0827275 0.370443 0.260644 0.804267 -0.594144 0.0115319 -0.00380239 0.046907
e_5_6 5 6 3 0.0125 0.0843958 0.40354 0.269512 0.768114 -0.638121 0.0470636 -0.0242284 0.021851
e_6_7 6 7 4 0.0125 0.0834979 0.424343 0.27174 0.714502 -0.691447 -0.0991345 0.0395009 0.020641
e_7_2 7 2 5 0.0125 0.0830268 0.4447 0.269381 0.613092 -0.786362 0.061196 -0.0448095 0.021364
10 9 8
2 0.216571 -0.0700045 0.0761754 0.0125
10 0.204058 -0.0761032 0.0617238 0.0125
9 0.191526 -0.0822051 0.0472594 0.0125
4 0.0284265 -0.163086 0.0548945 0.0125
1 -0.227281 -0.250182 0.0966381 0.0125
8 0.174784 -0.0915615 0.0402707 0.0125
5 0.0672133 -0.148285 0.0567441 0.0125
6 0.140055 -0.116462 0.051458 0.0125
7 0.156947 -0.105051 0.042087 0.0125
e_1_4 1 4 1 0.0125 -0.0994271 -0.206633 0.0757664 -0.540252 0.603966 -0.459983 0.363 0.27334
e_4_5 4 5 2 0.0125 0.0478199 -0.155685 0.0558193 -0.62381 0.538734 -0.433018 0.36486 0.041556
e_5_6 5 6 3 0.0125 0.103634 -0.132373 0.0541017 -0.588146 0.59217 -0.427211 0.34772 0.079666
e_6_7 6 7 4 0.0125 0.1485 -0.110757 0.0467724 -0.469083 0.754493 -0.373641 0.266634 0.022435
e_7_8 7 8 5 0.0125 0.165866 -0.0983062 0.0411784 -0.615484 0.648359 -0.346535 0.284117 0.022438
e_8_9 8 9 6 0.0125 0.183155 -0.0868833 0.043765 -0.749864 0.457671 -0.345475 0.329981 0.020412
e_9_10 9 10 7 0.0125 0.197791 -0.0791544 0.0544915 -0.873522 0.267225 -0.261818 0.31145 0.020087
e_10_2 10 2 8 0.0125 0.210314 -0.0730532 0.0689498 -0.873595 0.267225 -0.261683 0.31136 0.020066
11 9 8
2 -0.101205 -0.195917 0.107098 0.0125
10 -0.107544 -0.175274 0.110679 0.0125
9 -0.113656 -0.154931 0.114661 0.0125
4 -0.150171 0.241268 0.0987528 0.0125
1 -0.137912 0.287443 0.100063 0.0125
8 -0.116658 -0.134024 0.116892 0.0125
5 -0.126823 0.0703294 0.07415 0.0125
6 -0.131852 -0.00956069 0.0902573 0.0125
7 -0.13245 -0.105054 0.114134 0.0125
e_1_4 1 4 1 0.0125 -0.144042 0.264355 0.0994081 0.50997 0.381151 -0.606978 0.475639 0.047793
e_4_5 4 5 2 0.0125 -0.138497 0.155799 0.0864516 0.203137 0.329197 -0.679868 0.623013 0.174271
e_5_6 5 6 3 0.0125 -0.129337 0.0303848 0.0822036 0.571546 0.440242 -0.455577 0.521509 0.081653
e_6_7 6 7 4 0.0125 -0.13215 -0.0573067 0.102196 0.582698 0.452337 -0.417265 0.530796 0.098434
e_7_8 7 8 5 0.0125 -0.124554 -0.119538 0.115513 -0.0271669 0.301852 -0.605999 0.735467 0.033109
e_8_9 8 9 6 0.0125 -0.115157 -0.144478 0.115777 0.219887 0.341647 -0.660137 0.63178 0.02124
e_9_10 9 10 7 0.0125 -0.110599 -0.165103 0.112671 0.0435225 0.271114 -0.720165 0.637154 0.021611
e_10_2 10 2 8 0.0125 -0.104375 -0.185596 0.108888 0.0480995 0.277513 -0.710482 0.644894 0.021888
12 6 5
2 -0.0132012 0.134114 0.12771 0.0125
7 -0.00508668 0.116857 0.118512 0.0125
6 0.0670234 0.0390886 0.0983237 0.0125
5 0.0811647 0.0210491 0.0923444 0.0125
1 0.234055 -0.283263 0.0453339 0.0125
4 0.199267 -0.247397 0.0602879 0.0125
e_1_4 1 4 1 0.0125 0.216661 -0.26533 0.0528111 0.728332 -0.215075 -0.557119 -0.335996 0.052156
e_4_5 4 5 2 0.0125 0.140215 -0.113174 0.0763163 0.615684 -0.354151 -0.565906 -0.418642 0.295023
e_5_6 5 6 3 0.0125 0.0740935 0.0300691 0.0953337 0.703615 -0.255222 -0.555569 -0.362119 0.02369
e_6_7 6 7 4 0.0125 0.0309685 0.0779735 0.108417 0.692662 -0.230595 -0.594412 -0.337223 0.10796
e_7_2 7 2 5 0.0125 -0.00914329 0.125486 0.123111 0.736184 -0.306471 -0.434579 -0.418628 0.021172
