12
1 9 8
2 -0.0812053 -0.0822834 0.0114893 0.0125
10 -0.0615488 -0.079847 0.0143705 0.0125
9 -0.0415729 -0.078826 0.0150657 0.0125
4 0.20224 0.0208446 0.0387277 0.0125
1 0.365273 0.112607 0.0114972 0.0125
8 -0.0215553 -0.0777292 0.0157446 0.0125
5 0.0386339 -0.0744146 0.0171136 0.0125
6 0.0186704 -0.0752015 0.0161848 0.0125
7 -0.00149801 -0.0763239 0.0158616 0.0125
e_1_4 1 4 1 0.0125 0.283757 0.0667263 0.0251131 0.752415 0.377083 -0.534591 -0.0767605 0.189054
e_4_5 4 5 2 0.0125 0.120437 -0.0267845 0.0279208 0.660229 0.4555 -0.590961 -0.0859168 0.190548
e_5_6 5 6 3 0.0125 0.0286522 -0.0748076 0.0166494 0.683826 0.128454 -0.71184 -0.0957386 0.02
e_6_7 6 7 4 0.0125 0.00858621 -0.0757632 0.0160231 0.695063 0.134863 -0.699869 -0.0942471 0.020202
e_7_8 7 8 5 0.0125 -0.0115262 -0.0770264 0.0158026 0.698786 0.143132 -0.694574 -0.0936957 0.020106
e_8_9 8 9 6 0.0125 -0.0315641 -0.0782771 0.0154053 0.688503 0.137196 -0.705761 -0.0950886 0.02006
e_9_10 9 10 7 0.0125 -0.0515613 -0.0793365 0.0147181 0.688167 0.134754 -0.706551 -0.0951496 0.020014
e_10_2 10 2 8 0.0125 -0.071377 -0.0810655 0.0129293 0.646652 0.205968 -0.727695 -0.0993917 0.020015
2 10 9
2 -0.232348 -0.00512871 0.0118504 0.0125
11 -0.192819 0.0174157 0.0250442 0.0125
10 -0.173691 0.0283263 0.0266245 0.0125
9 -0.155895 0.0377598 0.0285416 0.0125
4 0.204277 0.158396 0.0195299 0.0125
1 0.223218 0.168714 0.0178459 0.0125
8 -0.129036 0.0506304 0.0316001 0.0125
5 0.0698135 0.0795977 0.0117741 0.0125
6 -0.0760853 0.0522309 0.03113 0.0125
7 -0.0991287 0.0509688 0.0312151 0.0125
e_1_4 1 4 1 0.0125 0.213748 0.163555 0.0186879 0.725853 0.410405 -0.540958 -0.109859 0.021635
e_4_5 4 5 2 0.0125 0.137045 0.118997 0.0156521 0.678783 0.469513 -0.551733 -0.120009 0.156045
e_5_6 5 6 3 0.0125 -0.00313603 0.0659144 0.0214516 0.745684 0.200766 -0.628526 -0.0927606 0.149699
e_6_7 6 7 4 0.0125 -0.0876065 0.0515999 0.0311724 0.70234 0.130305 -0.693669 -0.0925309 0.023079
e_7_8 7 8 5 0.0125 -0.114082 0.0507997 0.0314071 0.706185 0.0947965 -0.696108 -0.0880412 0.029911
e_8_9 8 9 6 0.0125 -0.142466 0.0441951 0.0300709 0.658764 0.437575 -0.599673 -0.122269 0.02994
e_9_10 9 10 7 0.0125 -0.164793 0.0330431 0.0275829 0.661501 0.459864 -0.579574 -0.122617 0.020233
e_10_11 10 11 8 0.0125 -0.183256 0.0228703 0.0258349 0.670424 0.470176 -0.560997 -0.121442 0.022078
e_11_2 11 2 9 0.0125 -0.212584 0.00614309 0.0184469 0.585017 0.54314 -0.586717 -0.13608 0.04738
3 8 7
2 0.0536496 0.115888 0.0686914 0.0125
9 0.0522637 0.100633 0.0558271 0.0125
4 -0.143892 -0.14323 0.031067 0.0125
1 -0.234533 -0.276831 0.0555894 0.0125
8 0.0418454 0.0872572 0.0451959 0.0125
5 -0.0295192 -0.000728263 0.0352705 0.0125
6 0.0148207 0.058045 0.0408452 0.0125
7 0.0284646 0.0724383 0.0439715 0.0125
e_1_4 1 4 1 0.0125 -0.189213 -0.21003 0.0433284 0.618763 -0.729622 0.20673 -0.205055 0.163298
e_4_5 4 5 2 0.0125 -0.086706 -0.07198 0.0331689 0.704414 -0.612527 0.336615 -0.123702 0.182772
e_5_6 5 6 3 0.0125 -0.00734923 0.0286584 0.0380579 0.722404 -0.605054 0.310093 -0.126031 0.073834
e_6_7 6 7 4 0.0125 0.0216428 0.0652423 0.0424082 0.757575 -0.506812 0.406557 -0.0627104 0.020077
e_7_8 7 8 5 0.0125 0.035155 0.0798478 0.0445837 0.722997 -0.560696 0.393704 -0.0888369 0.020004
e_8_9 8 9 6 0.0125 0.0470546 0.093945 0.0505115 0.873932 -0.396114 0.278365 -0.0430018 0.020012
e_9_2 9 2 7 0.0125 0.0529563 0.108261 0.0622589 0.898169 -0.422012 -0.0186751 -0.121856 0.020003
4 8 7
2 -0.0842583 0.126737 0.0640262 0.0125
9 -0.0638745 0.12381 0.0654196 0.0125
4 0.112976 0.0391986 0.0639804 0.0125
1 0.388514 -0.0166192 0.0609983 0.0125
8 -0.0428865 0.11877 0.0673631 0.0125
5 0.0370378 0.072663 0.0688754 0.0125
6 -0.00785361 0.0941487 0.0644444 0.0125
7 -0.0228493 0.107864 0.0636821 0.0125
e_1_4 1 4 1 0.0125 0.250745 0.01129 0.0624897 0.313358 0.557191 -0.429226 -0.638051 0.28115
e_4_5 4 5 2 0.0125 0.075007 0.0559308 0.0664272 0.210837 0.520643 -0.446641 -0.696413 0.083129
e_5_6 5 6 3 0.0125 0.0145921 0.0834059 0.0666599 0.143618 0.582493 -0.452819 -0.659569 0.049965
e_6_7 6 7 4 0.0125 -0.0153519 0.101007 0.0640632 -0.0282857 0.550843 -0.464014 -0.693154 0.020337
e_7_8 7 8 5 0.0125 -0.0328681 0.113318 0.0655222 0.198271 0.469095 -0.447556 -0.735073 0.023108
e_8_9 8 9 6 0.0125 -0.0533809 0.12129 0.0663913 0.26079 0.595312 -0.436381 -0.622225 0.021671
e_9_2 9 2 7 0.0125 -0.0740664 0.125274 0.0647229 0.315732 0.593198 -0.426468 -0.605437 0.02064
5 11 10
2 0.0510953 0.184123 0.102304 0.0125
12 0.0580393 0.16614 0.0965246 0.0125
11 0.062582 0.147015 0.092058 0.0125
10 0.0648363 0.126687 0.0939986 0.0125
9 0.0665471 0.106375 0.0949366 0.0125
4 -0.0903317 -0.13476 0.0514194 0.0125
1 -0.10549 -0.250383 0.0114823 0.0125
8 0.0613592 0.0744926 0.0937173 0.0125
5 -0.0696276 -0.10044 0.0528009 0.0125
6 0.0132918 0.015672 0.0818181 0.0125
7 0.0509102 0.054904 0.0903416 0.0125
e_1_4 1 4 1 0.0125 -0.0979105 -0.192571 0.0314509 -0.336511 0.307217 0.493575 0.740785 0.123263
e_4_5 4 5 2 0.0125 -0.0799792 -0.1176 0.0521107 -0.0260251 0.380223 0.581561 0.718707 0.040104
e_5_6 5 6 3 0.0125 -0.0281677 -0.0423847 0.067309 0.0369079 0.342754 0.531859 0.773488 0.145602
e_6_7 6 7 4 0.0125 0.032101 0.035288 0.0860798 0.140011 0.355742 0.544046 0.746899 0.055018
e_7_8 7 8 5 0.0125 0.0561346 0.0646983 0.0920299 -0.062191 0.352891 0.548008 0.755835 0.022456
e_8_9 8 9 6 0.0125 0.0639531 0.0904336 0.0943269 -0.289485 0.377166 0.582134 0.659594 0.032324
e_9_10 9 10 7 0.0125 0.0656918 0.11653 0.0944676 -0.425854 0.396553 0.604763 0.543742 0.020407
e_10_11 10 11 8 0.0125 0.0637096 0.136851 0.0930283 -0.430067 0.407213 0.617584 0.517503 0.020544
e_11_12 11 12 9 0.0125 0.060311 0.156578 0.0942913 -0.561508 0.33583 0.525766 0.543597 0.020158
e_12_2 12 2 10 0.0125 0.0545677 0.175132 0.0994146 -0.646217 0.321173 0.503256 0.475378 0.020125
6 10 9
2 0.0227261 0.265574 0.0630673 0.0125
11 0.0409749 0.254613 0.0640179 0.0125
10 0.0572253 0.242054 0.0664175 0.0125
9 0.0721721 0.226558 0.0688561 0.0125
4 0.123838 -0.163605 0.0915228 0.0125
1 0.131039 -0.1948 0.0998561 0.0125
8 0.0848435 0.207801 0.0665388 0.0125
5 0.115772 0.0513153 0.0885754 0.0125
6 0.104819 0.159272 0.0619801 0.0125
7 0.0987454 0.187597 0.0640081 0.0125
e_1_4 1 4 1 0.0125 0.127438 -0.179203 0.0956892 -0.370242 0.325051 0.721313 0.486796 0.033083
e_4_5 4 5 2 0.0125 0.119805 -0.0561446 0.0900485 -0.344611 0.325855 0.632985 0.611875 0.215092
e_5_6 5 6 3 0.0125 0.110295 0.105294 0.0752777 -0.310717 0.325426 0.716323 0.533323 0.111722
e_6_7 6 7 4 0.0125 0.101782 0.173434 0.0629944 -0.474599 0.323902 0.600137 0.556488 0.029041
e_7_8 7 8 5 0.0125 0.091795 0.197699 0.0652731 -0.653292 0.305066 0.596335 0.352886 0.024654
e_8_9 8 9 6 0.0125 0.0785078 0.217179 0.0676974 -0.650306 0.305683 0.596352 0.357804 0.022755
e_9_10 9 10 7 0.0125 0.0646985 0.234306 0.0676369 -0.616424 0.300469 0.682635 0.252486 0.021668
e_10_11 10 11 8 0.0125 0.0490997 0.248333 0.0652185 -0.64229 0.288825 0.68892 0.171557 0.020677
e_11_2 11 2 9 0.0125 0.0318509 0.260093 0.0635425 -0.683385 0.275283 0.66822 0.103374 0.021309
7 6 5
2 -0.191957 -0.377032 0.228105 0.0125
7 -0.180758 -0.359667 0.229052 0.0125
6 -0.167512 -0.344636 0.225138 0.0125
5 -0.133261 -0.297775 0.212109 0.0125
1 0.0205197 0.0107749 0.0120228 0.0125
4 -0.0710918 -0.189787 0.150925 0.0125
e_1_4 1 4 1 0.0125 -0.0252865 -0.0895058 0.0814735 0.64479 0.459516 0.149464 -0.592243 0.260598
e_4_5 4 5 2 0.0125 -0.102177 -0.243781 0.181517 0.611153 0.513058 0.128029 -0.588959 0.138817
e_5_6 5 6 3 0.0125 -0.150387 -0.321206 0.218623 0.541262 0.615506 0.107931 -0.562618 0.059487
e_6_7 6 7 4 0.0125 -0.174134 -0.352152 0.227095 0.518507 0.631736 0.0709806 -0.571858 0.020414
e_7_2 7 2 5 0.0125 -0.186357 -0.368349 0.228578 0.483567 0.705277 0.159583 -0.493235 0.020684
8 11 10
2 0.00101036 -0.244138 0.011902 0.0125
12 -0.00692474 -0.226089 0.0153761 0.0125
11 -0.0129333 -0.210267 0.0260933 0.0125
10 -0.0183566 -0.194055 0.036523 0.0125
9 -0.0244943 -0.176995 0.0450318 0.0125
4 -0.0739245 -0.0570803 0.0783268 0.0125
1 -0.112766 0.216704 0.0236104 0.0125
8 -0.0328857 -0.159922 0.0527228 0.0125
5 -0.0695126 -0.0779007 0.0824779 0.0125
6 -0.0481946 -0.125691 0.0724155 0.0125
7 -0.0422016 -0.141759 0.0617437 0.0125
e_1_4 1 4 1 0.0125 -0.0933447 0.0798115 0.0509686 0.736963 0.626225 -0.103864 0.232249 0.281887
e_4_5 4 5 2 0.0125 -0.0717181 -0.0674904 0.0804026 0.732271 0.631789 -0.0715373 0.243936 0.021684
e_5_6 5 6 3 0.0125 -0.0588532 -0.101796 0.0774469 0.578917 0.770944 -0.00792906 0.265399 0.053288
e_6_7 6 7 4 0.0125 -0.0451983 -0.133726 0.0670791 0.431517 0.867935 -0.10422 0.222756 0.020198
e_7_8 7 8 5 0.0125 -0.0375433 -0.15084 0.0572326 0.481096 0.83779 -0.0150052 0.25774 0.022317
e_8_9 8 9 6 0.0125 -0.0286906 -0.168458 0.0488774 0.496216 0.828884 -0.0183177 0.257653 0.020519
e_9_10 9 10 7 0.0125 -0.0214258 -0.185525 0.040778 0.483078 0.839518 -0.0874196 0.232814 0.020029
e_10_11 10 11 8 0.0125 -0.0156449 -0.202161 0.0313081 0.438432 0.863724 -0.119924 0.217661 0.020025
e_11_12 11 12 9 0.0125 -0.00992869 -0.218178 0.0207353 0.427567 0.870013 -0.102825 0.222915 0.020032
e_12_2 12 2 10 0.0125 -0.00295708 -0.235114 0.0136391 0.585485 0.76597 -0.00871193 0.265369 0.02002
9 7 6
2 0.156318 -0.273394 0.0953675 0.0125
4 -0.123875 0.0233276 0.0923552 0.0125
1 -0.18388 0.0789648 0.0829206 0.0125
8 0.14682 -0.256894 0.102076 0.0125
5 0.0765675 -0.136038 0.103738 0.0125
6 0.113895 -0.217184 0.102695 0.0125
7 0.135323 -0.240175 0.103594 0.0125
e_1_4 1 4 1 0.0125 -0.153877 0.0511465 0.0876376 0.609845 0.088189 0.659512 -0.43053 0.082371
e_4_5 4 5 2 0.0125 -0.0236544 -0.0563556 0.098046 0.596124 0.0490415 0.689487 -0.40846 0.256328
e_5_6 5 6 3 0.0125 0.095231 -0.17661 0.103217 0.51482 0.270805 0.657644 -0.478675 0.089326
e_6_7 6 7 4 0.0125 0.124609 -0.22868 0.103145 0.571861 0.119818 0.686557 -0.432733 0.031442
e_7_8 7 8 5 0.0125 0.141071 -0.248535 0.102835 0.515578 0.186899 0.70879 -0.443695 0.020347
e_8_2 8 2 6 0.0125 0.151569 -0.265144 0.0987214 0.404658 0.204793 0.790083 -0.412409 0.020186
10 9 8
2 0.0674999 -0.0884812 0.0118267 0.0125
10 0.0695761 -0.092433 0.0313347 0.0125
9 0.0681115 -0.101769 0.0489712 0.0125
4 0.166364 -0.145435 0.13262 0.0125
1 0.446166 -0.254131 0.229179 0.0125
8 0.0740459 -0.107292 0.0673656 0.0125
5 0.128124 -0.133158 0.119697 0.0125
6 0.106983 -0.125832 0.111175 0.0125
7 0.0835003 -0.113565 0.0863503 0.0125
e_1_4 1 4 1 0.0125 0.306265 -0.199783 0.180899 -0.523456 0.605381 0.535376 -0.269964 0.315322
e_4_5 4 5 2 0.0125 0.147244 -0.139297 0.126158 -0.511511 0.595961 0.545874 -0.291904 0.04219
e_5_6 5 6 3 0.0125 0.117554 -0.129495 0.115436 -0.484378 0.635461 0.523602 -0.295649 0.023943
e_6_7 6 7 4 0.0125 0.0952409 -0.119698 0.0987623 -0.298226 0.856553 0.328926 -0.263032 0.036307
e_7_8 7 8 5 0.0125 0.0787727 -0.110429 0.0768572 -0.184525 0.948284 0.173063 -0.191719 0.022117
e_8_9 8 9 6 0.0125 0.0710789 -0.104531 0.0581687 -0.155258 0.973273 0.101376 -0.13549 0.020101
e_9_10 9 10 7 0.0125 0.0688432 -0.0971012 0.0401526 -0.239819 0.969742 0.0177043 0.0421073 0.02001
e_10_2 10 2 8 0.0125 0.0685382 -0.0904573 0.0215803 -0.098745 0.993616 -0.0115198 -0.053337 0.020012
11 11 10
2 0.236428 -0.13598 0.0138552 0.0125
12 0.222414 -0.145581 0.0244138 0.0125
11 0.209827 -0.156126 0.0358319 0.0125
10 0.195771 -0.167249 0.0447097 0.0125
9 0.182321 -0.179078 0.0536177 0.0125
4 0.0776062 -0.260665 0.185342 0.0125
1 0.00267434 -0.430291 0.317163 0.0125
8 0.1681 -0.191072 0.0609629 0.0125
5 0.127369 -0.220532 0.0974891 0.0125
6 0.137376 -0.210406 0.0795887 0.0125
7 0.154181 -0.201743 0.0706531 0.0125
e_1_4 1 4 1 0.0125 0.04014 -0.345479 0.251252 -0.456598 0.775911 -0.433194 -0.0426935 0.227518
e_4_5 4 5 2 0.0125 0.102487 -0.240598 0.141415 -0.268188 0.886515 -0.344063 0.154232 0.108652
e_5_6 5 6 3 0.0125 0.132372 -0.215469 0.0885389 -0.305952 0.870311 -0.36591 0.122731 0.022871
e_6_7 6 7 4 0.0125 0.145778 -0.206074 0.0751207 -0.507641 0.604713 -0.589892 0.169265 0.020911
e_7_8 7 8 5 0.0125 0.161141 -0.196408 0.0658077 -0.495355 0.663099 -0.549646 0.113192 0.020038
e_8_9 8 9 6 0.0125 0.17521 -0.185075 0.0572899 -0.560288 0.586771 -0.582507 0.0496227 0.020001
e_9_10 9 10 7 0.0125 0.189046 -0.173163 0.0491633 -0.521671 0.643604 -0.555357 0.0721928 0.020004
e_10_11 10 11 8 0.0125 0.202798 -0.161688 0.0402713 -0.51911 0.636271 -0.563094 0.0927811 0.020003
e_11_12 11 12 9 0.0125 0.216121 -0.150854 0.0301228 -0.446871 0.727802 -0.505727 0.121868 0.020001
e_12_2 12 2 10 0.0125 0.229421 -0.140781 0.0191342 -0.462449 0.691336 -0.534786 0.148993 0.020001
12 10 9
2 0.00233775 0.287658 0.0735021 0.0125
11 -0.00271778 0.270137 0.0641544 0.0125
10 -0.00911287 0.251426 0.0600971 0.0125
9 -0.016979 0.23238 0.0559158 0.0125
4 -0.160507 -0.0449115 0.152505 0.0125
1 -0.179728 -0.151674 0.160598 0.0125
8 -0.0185069 0.211756 0.0584016 0.0125
5 -0.0937803 0.062046 0.116358 0.0125
6 -0.083407 0.0784953 0.110531 0.0125
7 -0.0374386 0.16776 0.0734326 0.0125
e_1_4 1 4 1 0.0125 -0.170118 -0.0982932 0.156551 0.679287 -0.713213 0.168902 0.036998 0.10878
e_4_5 4 5 2 0.0125 -0.127144 0.00856662 0.134432 0.596608 -0.72723 0.330076 -0.079033 0.131145
e_5_6 5 6 3 0.0125 -0.088594 0.0702706 0.113445 0.591643 -0.729885 0.332848 -0.0802409 0.020302
e_6_7 6 7 4 0.0125 -0.0604222 0.123128 0.0919817 0.569219 -0.760625 0.307796 -0.0519603 0.10704
e_7_8 7 8 5 0.0125 -0.0279721 0.189758 0.0659171 0.590999 -0.756386 0.278566 -0.0316381 0.0502
e_8_9 8 9 6 0.0125 -0.0177423 0.222068 0.0571586 0.65982 -0.735991 0.134145 0.0704246 0.020829
e_9_10 9 10 7 0.0125 -0.0130459 0.241903 0.0580064 0.773477 -0.595064 0.215561 -0.0341274 0.021028
e_10_11 10 11 8 0.0125 -0.00591524 0.260782 0.0621254 0.77478 -0.601925 0.192818 -0.0149689 0.020185
e_11_2 11 2 9 0.0125 -0.000190366 0.278897 0.0688289 0.853267 -0.501945 0.141263 -0.00562189 0.020492
