12
1 6 5
2 -0.167522 -0.186533 0.0303007 0.0125
7 -0.147335 -0.171631 0.0267325 0.0125
6 -0.13254 -0.150744 0.0187418 0.0125
5 -0.0931682 -0.108782 0.0114942 0.0125
1 0.0644017 0.247692 0.0114953 0.0125
4 0.0569012 0.22848 0.0132519 0.0125
e_1_4 1 4 1 0.0125 0.0606507 0.238086 0.0123734 0.646452 0.435223 -0.517838 0.35288 0.0207
e_4_5 4 5 2 0.0125 -0.0181333 0.0598486 0.0123723 0.615832 0.424798 -0.567386 0.344049 0.369146
e_5_6 5 6 3 0.0125 -0.112854 -0.129763 0.0151177 0.698166 0.283711 -0.59751 0.273959 0.057996
e_6_7 6 7 4 0.0125 -0.139937 -0.161188 0.022737 0.747747 0.321313 -0.497765 0.299771 0.026814
e_7_2 7 2 5 0.0125 -0.157428 -0.179083 0.0285164 0.718386 0.207535 -0.621709 0.233086 0.025344
2 8 7
2 0.315239 0.189897 0.0114979 0.0125
9 0.304048 0.195174 0.0273298 0.0125
4 0.0644659 0.0760818 0.0474843 0.0125
1 -0.110003 -0.0116048 0.0276727 0.0125
8 0.294474 0.191947 0.0450283 0.0125
5 0.237531 0.164474 0.0593786 0.0125
6 0.258847 0.1815 0.0619052 0.0125
7 0.277389 0.188167 0.0557581 0.0125
e_1_4 1 4 1 0.0125 -0.0227682 0.032238 0.0375782 0.741007 -0.270718 0.613384 0.0371388 0.196268
e_4_5 4 5 2 0.0125 0.150999 0.120278 0.0534315 0.727372 -0.279034 0.625775 0.0384159 0.194695
e_5_6 5 6 3 0.0125 0.24819 0.172987 0.0606427 0.732664 -0.348068 0.576824 0.0965765 0.027398
e_6_7 6 7 4 0.0125 0.268119 0.184834 0.0588318 0.592503 -0.278215 0.755988 -0.00441555 0.020641
e_7_8 7 8 5 0.0125 0.285931 0.190057 0.050393 0.486698 -0.260683 0.83272 -0.0418006 0.020525
e_8_9 8 9 6 0.0125 0.299261 0.19356 0.0361789 0.256187 -0.352189 0.900101 -0.0122565 0.02038
e_9_2 9 2 7 0.0125 0.309644 0.192536 0.0194145 0.275334 -0.115669 0.938392 -0.173873 0.020094
3 7 6
2 -0.251549 -0.0825184 0.0114865 0.0125
4 -0.0500668 0.0419058 0.0480918 0.0125
1 0.132225 0.214219 0.0114961 0.0125
8 -0.212084 -0.064464 0.0312573 0.0125
5 -0.0748843 0.0226853 0.0520338 0.0125
6 -0.110232 -0.0111704 0.0557073 0.0125
7 -0.162209 -0.0433706 0.0465199 0.0125
e_1_4 1 4 1 0.0125 0.0410797 0.128063 0.0297938 0.489669 -0.0714381 -0.650167 0.576545 0.253499
e_4_5 4 5 2 0.0125 -0.0624755 0.032296 0.0500623 0.518834 -0.0973507 -0.654395 0.541389 0.031637
e_5_6 5 6 3 0.0125 -0.0925578 0.00575769 0.0538703 0.456419 -0.0914694 -0.673949 0.573679 0.049083
e_6_7 6 7 4 0.0125 -0.13622 -0.0272704 0.0511142 0.445337 -0.198422 -0.731386 0.476842 0.061829
e_7_8 7 8 5 0.0125 -0.187146 -0.053917 0.038889 0.447665 -0.262261 -0.752902 0.404912 0.056262
e_8_2 8 2 6 0.0125 -0.231817 -0.0734912 0.0213719 0.379132 -0.300409 -0.785518 0.385972 0.04769
4 9 8
2 -0.0112265 0.00836078 0.011495 0.0125
10 0.00629193 0.0165361 0.0174373 0.0125
9 0.02374 0.0242837 0.0240672 0.0125
4 0.198967 0.0645196 0.0929645 0.0125
1 0.40656 0.170868 0.217334 0.0125
8 0.0428312 0.0340841 0.0310159 0.0125
5 0.167919 0.0556435 0.0859593 0.0125
6 0.0798666 0.0428649 0.0456646 0.0125
7 0.0597645 0.0430611 0.0371134 0.0125
e_1_4 1 4 1 0.0125 0.302763 0.117694 0.155149 0.253137 -0.472073 -0.715819 0.447964 0.264334
e_4_5 4 5 2 0.0125 0.183443 0.0600821 0.089462 0.627696 0.211651 -0.749131 0.00195682 0.033043
e_5_6 5 6 3 0.0125 0.123893 0.0492541 0.0658124 0.475311 -0.29374 -0.787395 0.260394 0.097675
e_6_7 6 7 4 0.0125 0.0698147 0.0429633 0.0413889 0.509443 -0.327406 -0.767148 0.211561 0.021847
e_7_8 7 8 5 0.0125 0.0512975 0.0385723 0.0340645 0.587801 0.441603 -0.675703 -0.0538748 0.020111
e_8_9 8 9 6 0.0125 0.0332859 0.0291846 0.0275415 0.587878 0.392615 -0.707025 -0.0191936 0.022557
e_9_10 9 10 7 0.0125 0.0150163 0.0204097 0.0207519 0.571141 0.198922 -0.79023 0.0988117 0.02021
e_10_2 10 2 8 0.0125 -0.00246727 0.0124484 0.0144661 0.594221 0.33645 -0.730544 0.00297227 0.020225
5 10 9
2 -0.346093 0.0506976 0.0398118 0.0125
11 -0.328108 0.0528981 0.0313227 0.0125
10 -0.308615 0.0487011 0.0287543 0.0125
9 -0.292497 0.0367734 0.030607 0.0125
4 -0.0135117 -0.234172 0.0190152 0.0125
1 0.0159131 -0.258635 0.0122737 0.0125
8 -0.282606 0.0192745 0.0336688 0.0125
5 -0.194931 -0.0736138 0.0628748 0.0125
6 -0.228248 -0.0477256 0.0501492 0.0125
7 -0.254375 -0.0237678 0.0343511 0.0125
e_1_4 1 4 1 0.0125 0.0012013 -0.246404 0.0156447 0.745983 -0.287952 -0.574741 -0.173973 0.038854
e_4_5 4 5 2 0.0125 -0.104221 -0.153893 0.0409452 0.749414 -0.311193 -0.560434 -0.165685 0.246203
e_5_6 5 6 3 0.0125 -0.21159 -0.0606696 0.0565128 0.549476 -0.207522 -0.775446 -0.231722 0.04407
e_6_7 6 7 4 0.0125 -0.241311 -0.035746 0.04225 0.496883 -0.264534 -0.795964 -0.222642 0.03881
e_7_8 7 8 5 0.0125 -0.26849 -0.00224601 0.0340096 0.696662 -0.540487 -0.463139 -0.0896552 0.051479
e_8_9 8 9 6 0.0125 -0.287552 0.0280242 0.0321375 0.648733 -0.621817 -0.434336 -0.061968 0.020333
e_9_10 9 10 7 0.0125 -0.300556 0.0427377 0.0296807 0.638952 -0.228285 -0.702766 -0.213884 0.020137
e_10_11 10 11 8 0.0125 -0.318361 0.0508003 0.0300382 0.702074 0.0990794 -0.652926 -0.266388 0.020104
e_11_2 11 2 9 0.0125 -0.3371 0.0517978 0.035567 0.806005 0.219996 -0.489346 -0.249996 0.02001
6 9 8
2 0.268462 -0.288516 0.0500148 0.0125
10 0.253169 -0.277239 0.0434569 0.0125
9 0.239459 -0.263154 0.035959 0.0125
4 -0.0284901 -0.00914934 0.0616162 0.0125
1 -0.0711806 0.048959 0.0790702 0.0125
8 0.227357 -0.249876 0.026927 0.0125
5 0.00323952 -0.0583052 0.029945 0.0125
6 0.170404 -0.209558 0.0114895 0.0125
7 0.210745 -0.235579 0.0192762 0.0125
e_1_4 1 4 1 0.0125 -0.049835 0.0199052 0.0703427 0.614914 0.678842 0.395993 0.0651447 0.074187
e_4_5 4 5 2 0.0125 -0.0126248 -0.0337271 0.0457805 0.509948 0.75913 0.402173 0.0439659 0.066529
e_5_6 5 6 3 0.0125 0.0868211 -0.133932 0.0207171 0.669884 0.570039 0.464599 0.102261 0.22619
e_6_7 6 7 4 0.0125 0.190574 -0.222569 0.0153822 0.750144 0.440107 0.475662 0.13166 0.048633
e_7_8 7 8 5 0.0125 0.219052 -0.242727 0.0231015 0.807031 0.436359 0.380509 0.116208 0.023215
e_8_9 8 9 6 0.0125 0.233408 -0.256515 0.0314433 0.844895 0.428021 0.303677 0.103588 0.020108
e_9_10 9 10 7 0.0125 0.246314 -0.270196 0.0397076 0.816748 0.453806 0.340374 0.105487 0.021037
e_10_2 10 2 8 0.0125 0.260816 -0.282878 0.0467363 0.804564 0.41247 0.408331 0.125745 0.020102
7 10 9
2 -0.012611 -0.198677 0.012326 0.0125
11 -0.0234978 -0.181687 0.0133548 0.0125
10 -0.0352648 -0.164992 0.0180945 0.0125
9 -0.0540592 -0.147324 0.0272868 0.0125
4 -0.132981 0.0776501 0.0765826 0.0125
1 -0.0934356 0.238157 0.0117308 0.0125
8 -0.0695907 -0.133508 0.0310286 0.0125
5 -0.120009 0.000947945 0.0843513 0.0125
6 -0.117849 -0.0262429 0.0763057 0.0125
7 -0.108012 -0.0479421 0.0692568 0.0125
e_1_4 1 4 1 0.0125 -0.113209 0.157904 0.0441564 0.326734 0.340115 0.449129 -0.758848 0.177572
e_4_5 4 5 2 0.0125 -0.126495 0.0392985 0.0804665 0.378639 0.241696 0.626014 -0.637434 0.078179
e_5_6 5 6 3 0.0125 -0.118928 -0.012647 0.0803286 0.248887 0.274177 0.752527 -0.544597 0.028438
e_6_7 6 7 4 0.0125 -0.11293 -0.037093 0.0727819 0.355162 0.166799 0.78359 -0.48169 0.024846
e_7_8 7 8 5 0.0125 -0.0888011 -0.0907253 0.0501427 0.326784 0.167893 0.812728 -0.452214 0.101287
e_8_9 8 9 6 0.0125 -0.0618256 -0.140416 0.0291574 0.494187 0.0274415 0.766698 -0.408901 0.021121
e_9_10 9 10 7 0.0125 -0.0446623 -0.156158 0.0226902 0.439815 0.0423636 0.81612 -0.372445 0.027385
e_10_11 10 11 8 0.0125 -0.0293814 -0.173339 0.0157243 0.423374 0.105053 0.775867 -0.455795 0.020967
e_11_2 11 2 9 0.0125 -0.0180544 -0.190182 0.0128411 0.459174 0.115286 0.715661 -0.513514 0.020205
8 7 6
2 0.191298 0.0387215 0.073351 0.0125
4 0.124746 -0.0450386 0.0398763 0.0125
1 -0.223617 -0.186451 0.0812367 0.0125
8 0.185291 0.027441 0.0577137 0.0125
5 0.154609 -0.0225493 0.0352764 0.0125
6 0.166261 -0.00217714 0.0390241 0.0125
7 0.173964 0.0140789 0.0480375 0.0125
e_1_4 1 4 1 0.0125 -0.0494354 -0.115745 0.0605568 0.667214 -0.267339 0.695129 0.0123143 0.378239
e_4_5 4 5 2 0.0125 0.139678 -0.0337944 0.0375766 0.656277 -0.528347 0.53095 -0.0907844 0.037667
e_5_6 5 6 3 0.0125 0.160435 -0.0123633 0.0371506 0.74971 -0.609969 0.221577 -0.129521 0.023765
e_6_7 6 7 4 0.0125 0.170113 0.00595142 0.0435311 0.846908 -0.494243 0.178153 -0.0820526 0.020121
e_7_8 7 8 5 0.0125 0.179628 0.02076 0.0528759 0.860308 -0.402622 0.310053 -0.0404006 0.020012
e_8_2 8 2 6 0.0125 0.188295 0.0330814 0.0655327 0.941873 -0.297319 0.156372 -0.00485637 0.020196
9 10 9
2 -0.0930287 -0.0721639 0.214909 0.0125
11 -0.0762757 -0.065212 0.205767 0.0125
10 -0.0625653 -0.0597011 0.191347 0.0125
9 -0.0449173 -0.0513963 0.183653 0.0125
4 0.262101 0.0720841 0.071486 0.0125
1 0.326162 0.0909433 0.0306857 0.0125
8 -0.0264693 -0.0441539 0.178428 0.0125
5 0.186123 0.0225 0.0999696 0.0125
6 0.0440419 -0.0259972 0.124058 0.0125
7 0.0123431 -0.0274679 0.14238 0.0125
e_1_4 1 4 1 0.0125 0.294132 0.0815133 0.0510858 0.857905 0.0513601 -0.486494 0.15711 0.078256
e_4_5 4 5 2 0.0125 0.224112 0.0472918 0.0857281 0.804441 0.291182 -0.515216 0.0513848 0.095093
e_5_6 5 6 3 0.0125 0.115082 -0.0017492 0.112013 0.754908 0.285748 -0.582355 -0.0965642 0.15205
e_6_7 6 7 4 0.0125 0.0281926 -0.0267331 0.133219 0.854102 -0.0597708 -0.496398 0.14327 0.036643
e_7_8 7 8 5 0.0125 -0.00706273 -0.0358112 0.160403 0.867289 0.0440166 -0.416555 0.268986 0.055536
e_8_9 8 9 6 0.0125 -0.0356927 -0.0477752 0.18104 0.791709 0.241395 -0.560592 -0.0257357 0.020496
e_9_10 9 10 7 0.0125 -0.053741 -0.0555484 0.1875 0.824503 0.201553 -0.525253 0.0606648 0.020967
e_10_11 10 11 8 0.0125 -0.0694205 -0.0624565 0.198558 0.867211 0.0144263 -0.388062 0.31168 0.020647
e_11_2 11 2 9 0.0125 -0.0846527 -0.0686884 0.210338 0.844245 0.136206 -0.506368 0.110858 0.020312
10 8 7
2 -0.388503 -0.00957925 0.014101 0.0125
9 -0.379878 -0.00815312 0.033227 0.0125
4 -0.0578461 0.0362088 0.109853 0.0125
1 0.0733716 0.0308931 0.0654309 0.0125
8 -0.363799 -0.00618654 0.0471867 0.0125
5 -0.11514 0.0313956 0.10764 0.0125
6 -0.327352 -0.00354539 0.0697 0.0125
7 -0.347172 -0.00610648 0.0585424 0.0125
e_1_4 1 4 1 0.0125 0.00776221 0.0335508 0.0876413 0.740965 0.217499 -0.540817 -0.33344 0.138635
e_4_5 4 5 2 0.0125 -0.086493 0.0338028 0.108746 0.618256 0.378843 -0.612948 -0.313899 0.057538
e_5_6 5 6 3 0.0125 -0.221246 0.0139257 0.0886701 0.572197 0.455124 -0.616218 -0.292793 0.21839
e_6_7 6 7 4 0.0125 -0.337262 -0.00482562 0.0641216 0.427734 0.550823 -0.66359 -0.270714 0.022888
e_7_8 7 8 5 0.0125 -0.355485 -0.00614618 0.0528643 0.372496 0.536586 -0.702892 -0.28154 0.020135
e_8_9 8 9 6 0.0125 -0.371839 -0.00717048 0.0402068 0.337856 0.617569 -0.667084 -0.243844 0.021384
e_9_2 9 2 7 0.0125 -0.384191 -0.00886598 0.0236639 0.154444 0.778634 -0.590321 -0.146281 0.021029
11 9 8
2 -0.209415 -0.099849 0.0292946 0.0125
10 -0.201379 -0.103429 0.0479673 0.0125
9 -0.190085 -0.112579 0.0618313 0.0125
4 0.195759 -0.0903479 0.0288962 0.0125
1 0.237077 -0.0647278 0.0114986 0.0125
8 -0.170342 -0.118453 0.0736825 0.0125
5 -0.0933167 -0.135905 0.097235 0.0125
6 -0.115921 -0.136028 0.0929384 0.0125
7 -0.145657 -0.126683 0.0825026 0.0125
e_1_4 1 4 1 0.0125 0.216418 -0.0775376 0.0201978 0.615362 0.550576 -0.168524 -0.538327 0.051635
e_4_5 4 5 2 0.0125 0.051221 -0.113126 0.0630658 0.363431 0.588773 -0.199109 -0.693988 0.300517
e_5_6 5 6 3 0.0125 -0.104619 -0.135966 0.0950867 0.146759 0.750579 -0.17321 -0.620557 0.023009
e_6_7 6 7 4 0.0125 -0.130789 -0.131356 0.0877201 -0.0655114 0.796697 -0.154959 -0.580491 0.03287
e_7_8 7 8 5 0.0125 -0.158 -0.122569 0.0780923 -0.0763541 0.798032 -0.153804 -0.577632 0.027476
e_8_9 8 9 6 0.0125 -0.180213 -0.115516 0.0677568 -0.0669499 0.855261 -0.133723 -0.49615 0.023764
e_9_10 9 10 7 0.0125 -0.195733 -0.108003 0.0548986 -0.218484 0.915368 -0.0848029 -0.327375 0.020088
e_10_2 10 2 8 0.0125 -0.205397 -0.101639 0.0386309 -0.0765676 0.97407 -0.0592804 -0.204476 0.020641
12 9 8
2 -0.00875224 0.154313 0.0815007 0.0125
10 0.00982804 0.134706 0.0742075 0.0125
9 0.0377726 0.119193 0.0724458 0.0125
4 0.019242 -0.256203 0.116202 0.0125
1 0.00529586 -0.2885 0.141214 0.0125
8 0.052117 0.103488 0.0791139 0.0125
5 0.0225683 -0.227257 0.105042 0.0125
6 0.0772672 0.00582588 0.0876931 0.0125
7 0.0743354 0.0454451 0.0916011 0.0125
e_1_4 1 4 1 0.0125 0.0122694 -0.272352 0.128708 0.415631 -0.888298 -0.0253733 -0.193738 0.043165
e_4_5 4 5 2 0.0125 0.0209054 -0.24173 0.110622 0.534459 -0.80325 -0.183434 -0.1884 0.031201
e_5_6 5 6 3 0.0125 0.0499184 -0.110715 0.0963671 0.659692 -0.732055 -0.0151881 -0.169326 0.240043
e_6_7 6 7 4 0.0125 0.0758013 0.0256355 0.0896471 0.722878 -0.642598 -0.195235 -0.162479 0.039919
e_7_8 7 8 5 0.0125 0.0632267 0.0744667 0.0853577 0.610829 -0.622932 -0.458749 -0.168503 0.063393
e_8_9 8 9 6 0.0125 0.0449443 0.111341 0.0757797 0.57454 -0.446578 -0.670916 -0.142631 0.02229
e_9_10 9 10 7 0.0125 0.0238001 0.126949 0.0733271 0.718713 -0.243516 -0.642797 -0.104709 0.03201
e_10_2 10 2 8 0.0125 0.000537919 0.14451 0.0778542 0.784173 -0.370479 -0.48208 -0.124162 0.027979
