1
1 6 5
2 0.0571213 0.147315 0.203996 0.0125
7 0.0588307 0.131577 0.191054 0.0125
6 0.0561514 0.127501 0.170639 0.0125
5 0.0526912 0.11963 0.133124 0.0125
1 0.109075 -0.266069 0.0117573 0.0125
4 0.0811374 0.0593292 0.0772782 0.0125
e_1_4 1 4 1 0.0125 0.0951062 -0.10337 0.0445174 0.773356 -0.632445 -0.0407966 0.0164214 0.333103
e_4_5 4 5 2 0.0125 0.0669138 0.08948 0.105201 0.903734 -0.368491 -0.207751 -0.0657136 0.086972
e_5_6 5 6 3 0.0125 0.0544218 0.123566 0.151881 0.993262 -0.101579 0.0481452 0.0281776 0.038488
e_6_7 6 7 4 0.0125 0.0574911 0.129539 0.180847 0.992479 -0.0953673 0.0677616 0.0360493 0.020989
e_7_2 7 2 5 0.0125 0.0579755 0.139446 0.197524 0.90358 -0.426153 -0.0436501 0.0055305 0.020448
