1
1 8 7
2 -0.33327 0.0933401 0.0284844 0.0125
9 -0.321132 0.0799322 0.0197281 0.0125
4 -0.152695 0.0253268 0.0212661 0.0125
1 0.124023 0.131748 0.0122852 0.0125
8 -0.307198 0.0656428 0.0214029 0.0125
5 -0.175824 0.0294261 0.0124306 0.0125
6 -0.24682 0.0510226 0.0152569 0.0125
7 -0.277579 0.0618677 0.0124542 0.0125
e_1_4 1 4 1 0.0125 -0.0143355 0.0785372 0.016775 0.685678 0.0467295 -0.69475 0.212096 0.296613
e_4_5 4 5 2 0.0125 -0.164259 0.0273763 0.0168479 0.567634 -0.202844 -0.796795 0.0419978 0.025097
e_5_6 5 6 3 0.0125 -0.211322 0.0402244 0.0138437 0.719648 -0.232668 -0.653327 0.0337178 0.074261
e_6_7 6 7 4 0.0125 -0.262199 0.056445 0.0138549 0.676027 -0.258675 -0.689852 0.013379 0.032736
e_7_8 7 8 5 0.0125 -0.292389 0.0637551 0.0169281 0.796526 -0.145328 -0.579087 0.0953096 0.031172
e_8_9 8 9 6 0.0125 -0.314165 0.0727877 0.020566 0.667691 -0.43536 -0.593519 -0.111288 0.020028
e_9_2 9 2 7 0.0125 -0.327201 0.0866362 0.0241063 0.845201 -0.367838 -0.383165 -0.0592946 0.020094
