1
1 9 8
2 0.30304 -0.0292189 0.0553834 0.0125
10 0.286389 -0.035828 0.044233 0.0125
9 0.26862 -0.0450264 0.0382839 0.0125
4 -0.0353991 -0.209533 0.0766568 0.0125
1 -0.0505266 -0.287635 0.121215 0.0125
8 0.246815 -0.0556154 0.0327 0.0125
5 0.124049 -0.0983003 0.0138796 0.0125
6 0.170691 -0.0677027 0.0121623 0.0125
7 0.208101 -0.0637846 0.0314566 0.0125
e_1_4 1 4 1 0.0125 -0.0429629 -0.248584 0.0989355 -0.377674 0.741743 0.440633 0.336187 0.091182
e_4_5 4 5 2 0.0125 0.0443244 -0.153916 0.0452676 -0.00226473 0.664853 0.460012 0.588519 0.204297
e_5_6 5 6 3 0.0125 0.14737 -0.0830015 0.0130209 0.0260544 0.585112 0.415964 0.695658 0.05581
e_6_7 6 7 4 0.0125 0.189396 -0.0657432 0.0218093 0.519439 0.378329 0.358708 0.677037 0.042275
e_7_8 7 8 5 0.0125 0.227458 -0.0596996 0.0320782 0.32298 0.543541 0.434578 0.641396 0.039586
e_8_9 8 9 6 0.0125 0.257717 -0.0503204 0.0354914 0.158121 0.493617 0.3796 0.766318 0.024874
e_9_10 9 10 7 0.0125 0.277504 -0.0404277 0.0412581 0.142301 0.473748 0.364772 0.788831 0.020875
e_10_2 10 2 8 0.0125 0.294715 -0.0325238 0.0498088 0.290809 0.366044 0.319073 0.824399 0.021101
