1
1 6 5
2 -0.388479 -0.0551159 0.113609 0.0125
7 -0.361644 -0.0514648 0.0963302 0.0125
6 -0.328337 -0.0455486 0.0771151 0.0125
5 -0.296122 -0.0200665 0.0387627 0.0125
1 -0.0426804 0.249163 0.0117653 0.0125
4 -0.216026 0.069988 0.0119379 0.0125
e_1_4 1 4 1 0.0125 -0.129353 0.159575 0.0118516 0.336097 -0.191081 -0.680546 0.622402 0.249304
e_4_5 4 5 2 0.0125 -0.256074 0.0249608 0.0253503 0.396336 -0.120633 -0.613854 0.671974 0.12347
e_5_6 5 6 3 0.0125 -0.312229 -0.032807 0.057939 0.609754 -0.069124 -0.392415 0.685152 0.056197
e_6_7 6 7 4 0.0125 -0.344991 -0.0485061 0.0867223 0.647816 -0.261906 -0.429482 0.572088 0.038904
e_7_2 7 2 5 0.0125 -0.375062 -0.0532903 0.10497 0.667889 -0.259263 -0.404773 0.568213 0.032125
