13
1 9 8
2 -0.264196 -0.108039 0.0125724 0.0125
10 -0.244467 -0.103825 0.011496 0.0125
9 -0.227732 -0.0928395 0.0123148 0.0125
4 -0.121271 -0.0244723 0.0114982 0.0125
1 0.204604 -0.0682534 0.0116263 0.0125
8 -0.210979 -0.0814055 0.0129645 0.0125
5 -0.143215 -0.0302597 0.0169013 0.0125
6 -0.171249 -0.0569017 0.0230379 0.0125
7 -0.190661 -0.0704701 0.0149774 0.0125
e_1_4 1 4 1 0.0125 0.0416663 -0.0463632 0.0115626 -0.360776 0.650863 0.276715 -0.607986 0.328802
e_4_5 4 5 2 0.0125 -0.132242 -0.0273656 0.0142 -0.285083 0.500976 0.365008 -0.731109 0.023328
e_5_6 5 6 3 0.0125 -0.157232 -0.0435804 0.0199693 -0.0801011 0.420959 0.4944 -0.756271 0.039158
e_6_7 6 7 4 0.0125 -0.180955 -0.0636859 0.0190077 -0.0163928 0.653044 0.484392 -0.581919 0.025019
e_7_8 7 8 5 0.0125 -0.20082 -0.0759381 0.0139706 -0.114616 0.580467 0.454433 -0.665892 0.023162
e_8_9 8 9 6 0.0125 -0.219355 -0.0871227 0.012639 -0.0877391 0.537515 0.47652 -0.690151 0.020293
e_9_10 9 10 7 0.0125 -0.2361 -0.098332 0.011906 -0.0924514 0.544839 0.472846 -0.686309 0.020036
e_10_2 10 2 8 0.0125 -0.254332 -0.105932 0.0120345 -0.255258 0.579275 0.371214 -0.679326 0.020202
2 8 7
2 -0.333519 0.109028 0.0457383 0.0125
9 -0.315252 0.0996946 0.0316029 0.0125
4 -0.0326398 0.125846 0.0318857 0.0125
1 0.127655 0.188297 0.0114745 0.0125
8 -0.290832 0.0895091 0.022889 0.0125
5 -0.154734 0.0769039 0.0121542 0.0125
6 -0.232622 0.0734698 0.0123971 0.0125
7 -0.259543 0.0734213 0.0158806 0.0125
e_1_4 1 4 1 0.0125 0.0475077 0.157071 0.0216802 -0.213341 -0.661904 -0.0544788 0.716519 0.173237
e_4_5 4 5 2 0.0125 -0.0936871 0.101375 0.02202 -0.166901 -0.752055 -0.0926664 0.630848 0.133011
e_5_6 5 6 3 0.0125 -0.193678 0.0751874 0.0122752 -0.0185996 -0.705894 -0.012562 0.707962 0.077964
e_6_7 6 7 4 0.0125 -0.246083 0.0734459 0.0141387 -0.0173399 -0.660018 0.0140496 0.750918 0.027145
e_7_8 7 8 5 0.0125 -0.275187 0.0814653 0.0193855 0.24482 -0.626906 0.09647 0.733312 0.035874
e_8_9 8 9 6 0.0125 -0.303042 0.0946012 0.0272458 0.170573 -0.576389 0.106702 0.79202 0.027856
e_9_2 9 2 7 0.0125 -0.324386 0.104361 0.0386703 0.114066 -0.43797 0.156477 0.877887 0.024913
3 6 5
2 0.281955 -0.15278 0.0555624 0.0125
7 0.25175 -0.135654 0.0534218 0.0125
6 0.17717 -0.083259 0.0515836 0.0125
5 0.121961 -0.0427674 0.031009 0.0125
1 -0.168275 0.0266309 0.0126259 0.0125
4 0.0550032 -0.00991289 0.0149291 0.0125
e_1_4 1 4 1 0.0125 -0.0566363 0.00835826 0.0137777 0.569464 -0.324323 0.624279 -0.425206 0.226261
e_4_5 4 5 2 0.0125 0.0884821 -0.0263401 0.022969 0.57343 -0.177231 0.602674 -0.525881 0.076297
e_5_6 5 6 3 0.0125 0.149565 -0.0630132 0.0412963 0.561656 -0.0966474 0.588866 -0.573095 0.071491
e_6_7 6 7 4 0.0125 0.21446 -0.109457 0.052502 0.471394 -0.164692 0.680288 -0.536537 0.091164
e_7_2 7 2 5 0.0125 0.266852 -0.144216 0.0544918 0.509219 -0.189987 0.65813 -0.521023 0.034788
4 6 5
2 -0.00707781 -0.158137 0.0640759 0.0125
7 -0.0231206 -0.141442 0.0489544 0.0125
6 -0.0551286 -0.107088 0.0448424 0.0125
5 -0.0741242 -0.0843877 0.0417135 0.0125
1 -0.292626 0.241164 0.05016 0.0125
4 -0.231923 0.17671 0.032732 0.0125
e_1_4 1 4 1 0.0125 -0.262275 0.208937 0.0414466 0.573386 0.735391 0.236146 0.273245 0.090238
e_4_5 4 5 2 0.0125 -0.153024 0.0461609 0.0372225 0.653035 0.691888 0.0811038 0.297082 0.30521
e_5_6 5 6 3 0.0125 -0.0646262 -0.0957383 0.0432781 0.690076 0.635811 0.20781 0.276324 0.029765
e_6_7 6 7 4 0.0125 -0.0391244 -0.124265 0.0468986 0.686483 0.628214 0.248449 0.269 0.047133
e_7_2 7 2 5 0.0125 -0.0150986 -0.149789 0.0565149 0.841708 0.424079 0.21623 0.254814 0.027654
5 7 6
2 -0.0986627 0.135019 0.0629761 0.0125
4 0.226611 -0.0146907 0.0121943 0.0125
1 0.331901 0.0240154 0.0468137 0.0125
8 -0.0810129 0.106331 0.0496068 0.0125
5 0.0958677 -0.00570132 0.012091 0.0125
6 0.0314539 0.0343787 0.0150463 0.0125
7 -0.0266838 0.0597254 0.0327664 0.0125
e_1_4 1 4 1 0.0125 0.279256 0.00466276 0.0295036 -0.347091 -0.775043 0.216223 0.481751 0.1174
e_4_5 4 5 2 0.0125 0.161239 -0.0101953 0.0121428 -0.0980784 -0.69216 0.14597 0.699992 0.131052
e_5_6 5 6 3 0.0125 0.0636609 0.0143388 0.0135682 0.255718 -0.680219 0.133579 0.673845 0.075923
e_6_7 6 7 4 0.0125 0.00238495 0.0470527 0.0239065 0.20393 -0.597537 0.0916815 0.770037 0.065852
e_7_8 7 8 5 0.0125 -0.053848 0.0830285 0.0411867 0.402945 -0.612019 0.104527 0.672415 0.073534
e_8_2 8 2 6 0.0125 -0.0898375 0.120675 0.0562916 0.621188 -0.553637 0.0949927 0.546432 0.036239
6 10 9
2 -0.206828 -0.212588 0.0409699 0.0125
11 -0.194569 -0.195607 0.0479333 0.0125
10 -0.182491 -0.178077 0.0547632 0.0125
9 -0.167308 -0.150655 0.0558833 0.0125
4 -0.208452 0.22105 0.0615131 0.0125
1 -0.196314 0.241638 0.0635898 0.0125
8 -0.147036 -0.117783 0.0514382 0.0125
5 -0.213016 0.150294 0.0699658 0.0125
6 -0.133292 -0.0539854 0.0392205 0.0125
7 -0.137277 -0.0914741 0.0387283 0.0125
e_1_4 1 4 1 0.0125 -0.202383 0.231345 0.0625511 0.538338 0.279499 -0.682035 0.408535 0.02399
e_4_5 4 5 2 0.0125 -0.210734 0.185672 0.0657393 0.644188 0.549057 -0.373289 0.379753 0.071405
e_5_6 5 6 3 0.0125 -0.173154 0.0481542 0.054593 0.579615 0.749545 -0.0872077 0.307609 0.22143
e_6_7 6 7 4 0.0125 -0.135284 -0.0727297 0.0389744 0.581207 0.543277 -0.459748 0.394562 0.037703
e_7_8 7 8 5 0.0125 -0.142156 -0.104628 0.0450836 0.752093 0.370618 -0.395419 0.375023 0.030804
e_8_9 8 9 6 0.0125 -0.157172 -0.134219 0.0536607 0.629036 0.289256 -0.59929 0.401866 0.038876
e_9_10 9 10 7 0.0125 -0.1749 -0.164365 0.0553233 0.561616 0.304215 -0.652158 0.408325 0.031365
e_10_11 10 11 8 0.0125 -0.188531 -0.186842 0.0513482 0.431798 0.175622 -0.788614 0.400993 0.022357
e_11_2 11 2 9 0.0125 -0.200698 -0.204097 0.0444513 0.427951 0.157338 -0.795614 0.398875 0.02207
7 9 8
2 -0.352691 0.0950309 0.0141033 0.0125
10 -0.339956 0.0857834 0.0265579 0.0125
9 -0.324964 0.0764601 0.0361229 0.0125
4 -0.125234 0.0692012 0.072552 0.0125
1 0.103738 0.017442 0.0275957 0.0125
8 -0.311538 0.0719227 0.0511318 0.0125
5 -0.188963 0.082706 0.0849337 0.0125
6 -0.279176 0.0688547 0.0762088 0.0125
7 -0.297794 0.0672679 0.0665119 0.0125
e_1_4 1 4 1 0.0125 -0.0107487 0.0433216 0.0500741 0.745599 0.0215447 -0.636781 -0.195262 0.239015
e_4_5 4 5 2 0.0125 -0.157099 0.0759541 0.078743 0.745961 0.0275401 -0.63709 -0.192092 0.06631
e_5_6 5 6 3 0.0125 -0.234069 0.0757803 0.0805713 0.666483 0.209886 -0.709595 -0.0906787 0.091686
e_6_7 6 7 4 0.0125 -0.288485 0.0680611 0.0713596 0.51246 0.209446 -0.828522 -0.084072 0.021052
e_7_8 7 8 5 0.0125 -0.304666 0.069596 0.0588217 0.339294 0.0731493 -0.926461 -0.145599 0.021145
e_8_9 8 9 6 0.0125 -0.318251 0.0741916 0.043627 0.339525 0.0733508 -0.926374 -0.145513 0.020643
e_9_10 9 10 7 0.0125 -0.33246 0.0811217 0.0313407 0.455661 -0.0720964 -0.856139 -0.232811 0.020079
e_10_2 10 2 8 0.0125 -0.346324 0.0904071 0.0203309 0.372115 -0.0732868 -0.897168 -0.22638 0.02007
8 11 10
2 -0.0590403 0.209383 0.0889842 0.0125
12 -0.0481204 0.193134 0.0931634 0.0125
11 -0.0382887 0.175793 0.0950262 0.0125
10 -0.0372129 0.155609 0.0954764 0.0125
9 -0.032661 0.136488 0.0904134 0.0125
4 0.0319282 -0.202196 0.023977 0.0125
1 0.0380722 -0.264835 0.0124757 0.0125
8 -0.0280324 0.114862 0.084933 0.0125
5 0.001631 0.0309089 0.0714822 0.0125
6 -0.00414267 0.0789774 0.0752421 0.0125
7 -0.0172217 0.0984596 0.0788824 0.0125
e_1_4 1 4 1 0.0125 0.0350006 -0.233516 0.0182267 0.0955852 -0.141347 0.624612 0.762066 0.063983
e_4_5 4 5 2 0.0125 0.01678 -0.0856427 0.04773 0.0840112 -0.14929 0.615361 0.769406 0.239817
e_5_6 5 6 3 0.0125 -0.00125583 0.0549432 0.0733621 0.0761966 -0.150562 0.662278 0.730009 0.04856
e_6_7 6 7 4 0.0125 -0.0106818 0.0887181 0.0770626 -0.120426 -0.272408 0.590881 0.749767 0.023745
e_7_8 7 8 5 0.0125 -0.0226264 0.106661 0.0819074 -0.0990108 -0.263354 0.532429 0.798349 0.020556
e_8_9 8 9 6 0.0125 -0.030347 0.125675 0.0876726 0.0536125 -0.169694 0.592402 0.785741 0.022784
e_9_10 9 10 7 0.0125 -0.0349363 0.146049 0.0929444 0.0448293 -0.17543 0.586937 0.789126 0.020297
e_10_11 10 11 8 0.0125 -0.0377509 0.165702 0.0952515 0.0950823 -0.134782 0.702114 0.692697 0.020218
e_11_12 11 12 9 0.0125 -0.0432041 0.184464 0.094095 -0.108009 -0.256755 0.693259 0.664682 0.020021
e_12_2 12 2 10 0.0125 -0.0535801 0.201259 0.0910732 -0.145226 -0.272951 0.727923 0.611993 0.020018
9 8 7
2 0.0651687 -0.0882893 0.048081 0.0125
9 0.0608847 -0.0506324 0.0573219 0.0125
4 0.0955241 0.178662 0.106671 0.0125
1 0.0914757 0.335273 0.248829 0.0125
8 0.0563769 -0.0267264 0.0577843 0.0125
5 0.0966288 0.133564 0.0714473 0.0125
6 0.082043 0.0568366 0.0554389 0.0125
7 0.0647298 0.00861988 0.0617373 0.0125
e_1_4 1 4 1 0.0125 0.0934998 0.256968 0.17775 -0.359355 -0.800169 -0.442409 0.186726 0.211548
e_4_5 4 5 2 0.0125 0.0960761 0.156113 0.0890586 -0.284758 -0.566701 -0.697539 0.33347 0.057234
e_5_6 5 6 3 0.0125 0.0893363 0.0952006 0.0634428 0.629673 0.771023 -0.0769516 -0.0557988 0.079726
e_6_7 6 7 4 0.0125 0.073386 0.032728 0.0585884 0.741753 0.648627 -0.135189 -0.103966 0.051617
e_7_8 7 8 5 0.0125 0.060553 -0.00905345 0.0597602 0.664139 0.738302 -0.0949005 -0.0694535 0.036534
e_8_9 8 9 6 0.0125 0.0586312 -0.0386796 0.0575525 0.593111 0.523699 0.485024 -0.37244 0.024331
e_9_2 9 2 7 0.0125 0.0630271 -0.0694603 0.0527014 0.528822 0.622994 0.479915 -0.319227 0.03901
10 9 8
2 0.158312 0.156375 0.0125077 0.0125
10 0.162906 0.137362 0.0178711 0.0125
9 0.159025 0.116362 0.0206379 0.0125
4 0.118515 -0.12279 0.0819852 0.0125
1 0.00129925 -0.271997 0.0287183 0.0125
8 0.159893 0.0942783 0.0236844 0.0125
5 0.153088 -0.0500455 0.0750291 0.0125
6 0.168937 0.00335395 0.0420601 0.0125
7 0.163149 0.0509044 0.0321812 0.0125
e_1_4 1 4 1 0.0125 0.059907 -0.197393 0.0553517 0.788312 -0.41502 0.43888 0.117076 0.197077
e_4_5 4 5 2 0.0125 0.135802 -0.0864177 0.0785069 0.671685 -0.625606 0.389406 0.0762872 0.080843
e_5_6 5 6 3 0.0125 0.161012 -0.0233457 0.0585453 0.495296 -0.831488 0.2516 0.00262971 0.064727
e_6_7 6 7 4 0.0125 0.166043 0.0271295 0.037121 0.594752 -0.693028 -0.347431 -0.21278 0.048909
e_7_8 7 8 5 0.0125 0.161521 0.072591 0.0279331 0.605795 -0.716004 -0.288446 -0.192744 0.044319
e_8_9 8 9 6 0.0125 0.15946 0.10532 0.0221609 0.635344 -0.720821 -0.22066 -0.167521 0.02231
e_9_10 9 10 7 0.0125 0.160966 0.126862 0.0192543 0.657439 -0.747945 0.0694 -0.0594617 0.021534
e_10_2 10 2 8 0.0125 0.160609 0.146868 0.0151891 0.545863 -0.614306 -0.504832 -0.26421 0.020282
11 11 10
2 0.111555 -0.158353 0.0399375 0.0125
12 0.0943054 -0.148255 0.0391739 0.0125
11 0.0769885 -0.138227 0.0405476 0.0125
10 0.0664365 -0.122327 0.0465389 0.0125
9 0.0548564 -0.109938 0.0572085 0.0125
4 0.0137037 -0.0287294 0.0892526 0.0125
1 0.101859 0.270101 0.020349 0.0125
8 0.0428741 -0.0955585 0.0643646 0.0125
5 0.0147112 -0.048827 0.0862667 0.0125
6 0.018207 -0.0672936 0.0788451 0.0125
7 0.030843 -0.0811001 0.0715097 0.0125
e_1_4 1 4 1 0.0125 0.0577815 0.120686 0.0548008 0.653136 0.599804 0.179622 -0.425892 0.31909
e_4_5 4 5 2 0.0125 0.0142072 -0.0387775 0.0877596 0.474621 0.523502 0.54711 -0.448723 0.020344
e_5_6 5 6 3 0.0125 0.0164594 -0.0580602 0.0825562 0.368255 0.415686 0.714743 -0.425131 0.020206
e_6_7 6 7 4 0.0125 0.0245247 -0.0741962 0.0751774 0.438766 0.124543 0.816668 -0.353592 0.020103
e_7_8 7 8 5 0.0125 0.036859 -0.0883291 0.0679366 0.437509 0.151842 0.809009 -0.361986 0.020121
e_8_9 8 9 6 0.0125 0.0488652 -0.102748 0.060786 0.43663 0.150979 0.809797 -0.361647 0.020039
e_9_10 9 10 7 0.0125 0.0606466 -0.116132 0.0518729 0.356264 0.0671664 0.872777 -0.32684 0.020035
e_10_11 10 11 8 0.0125 0.0717118 -0.130277 0.0435432 0.450546 0.222355 0.774815 -0.383704 0.020002
e_11_12 11 12 9 0.0125 0.0856466 -0.143241 0.039861 0.599112 0.0185751 0.730669 -0.326867 0.020058
e_12_2 12 2 10 0.0125 0.10293 -0.153304 0.039556 0.639134 0.0345945 0.692632 -0.332522 0.020003
12 6 5
2 -0.335022 0.0660341 0.0124861 0.0125
7 -0.227408 0.0178425 0.0425251 0.0125
6 -0.203384 0.0114675 0.0541601 0.0125
5 -0.142969 -0.004485 0.0800989 0.0125
1 0.0794245 -0.175311 0.0884618 0.0125
4 0.0494014 -0.159834 0.0985998 0.0125
e_1_4 1 4 1 0.0125 0.064413 -0.167572 0.0935311 0.146683 0.471591 -0.365876 -0.78881 0.035266
e_4_5 4 5 2 0.0125 -0.046784 -0.082159 0.0893496 0.0410766 0.541428 -0.494128 -0.678974 0.247956
e_5_6 5 6 3 0.0125 -0.173176 0.00349127 0.0671295 0.16955 0.700886 -0.44772 -0.528732 0.067656
e_6_7 6 7 4 0.0125 -0.215396 0.0146547 0.0483429 0.164209 0.710227 -0.455587 -0.510934 0.027445
e_7_2 7 2 5 0.0125 -0.281216 0.0419381 0.0275052 0.125536 0.639362 -0.463305 -0.60067 0.121678
13 6 5
2 0.335622 -0.0974023 0.022426 0.0125
7 0.23823 -0.0561744 0.0356593 0.0125
6 0.146278 -0.0129568 0.100767 0.0125
5 0.0994854 -0.00661212 0.122699 0.0125
1 -0.0922094 -0.0616847 0.212018 0.0125
4 0.0791313 -0.00436231 0.137363 0.0125
e_1_4 1 4 1 0.0125 -0.00653903 -0.0330235 0.174691 0.55587 -0.25204 0.792096 0.00821817 0.195491
e_4_5 4 5 2 0.0125 0.0893084 -0.00548773 0.130032 0.4568 0.126996 0.880327 0.0151668 0.025187
e_5_6 5 6 3 0.0125 0.122881 -0.009785 0.111734 0.537728 0.136743 0.831818 0.0151535 0.052065
e_6_7 6 7 4 0.0125 0.192254 -0.0345656 0.0682138 0.47946 0.40387 0.778882 0.0187081 0.120674
e_7_2 7 2 5 0.0125 0.286927 -0.0767888 0.0290427 0.661539 0.309794 0.682722 0.0168877 0.106583
