13
1 10 9
2 0.245842 -0.231762 0.0155131 0.0125
11 0.233107 -0.216617 0.0114908 0.0125
10 0.219728 -0.201496 0.0149712 0.0125
9 0.205548 -0.187495 0.0196482 0.0125
4 0.096444 0.0579508 0.015572 0.0125
1 0.0403094 0.20731 0.0115221 0.0125
8 0.178661 -0.168021 0.0183635 0.0125
5 0.104391 0.0287638 0.0177218 0.0125
6 0.146609 -0.13161 0.0124936 0.0125
7 0.161495 -0.155216 0.0173849 0.0125
e_1_4 1 4 1 0.0125 0.0683764 0.132631 0.0135466 -0.408013 -0.574175 0.397035 -0.588398 0.15961
e_4_5 4 5 2 0.0125 0.100417 0.0433575 0.0166469 -0.449934 -0.545594 0.408521 -0.577059 0.030326
e_5_6 5 6 3 0.0125 0.1255 -0.0514235 0.0151071 -0.421445 -0.566092 0.441921 -0.553742 0.16592
e_6_7 6 7 4 0.0125 0.154052 -0.143414 0.0149392 -0.391604 -0.573046 0.292062 -0.658 0.028333
e_7_8 7 8 5 0.0125 0.170078 -0.161619 0.0178742 -0.224108 -0.654449 0.221063 -0.687461 0.021439
e_8_9 8 9 6 0.0125 0.192105 -0.177758 0.0190058 -0.216539 -0.657745 0.219179 -0.687344 0.033223
e_9_10 9 10 7 0.0125 0.212637 -0.194495 0.0173102 -0.182998 -0.695182 0.361898 -0.593518 0.020468
e_10_11 10 11 8 0.0125 0.226418 -0.209056 0.0132311 -0.225685 -0.675346 0.35894 -0.603437 0.02049
e_11_2 11 2 9 0.0125 0.239475 -0.224189 0.0135025 -0.357463 -0.584825 0.241626 -0.68689 0.020191
2 6 5
2 -0.242464 -0.0138244 0.0238843 0.0125
7 -0.213802 -0.00790861 0.0224651 0.0125
6 -0.130047 0.0105052 0.0172183 0.0125
5 -0.0445712 0.0341939 0.0124397 0.0125
1 0.187995 0.203329 0.0618803 0.0125
4 0.157303 0.157562 0.0556694 0.0125
e_1_4 1 4 1 0.0125 0.172649 0.180445 0.0587756 0.664575 0.587469 -0.459212 0.0484238 0.055455
e_4_5 4 5 2 0.0125 0.0563659 0.0958774 0.0340548 0.629473 0.273058 -0.717855 0.117846 0.240502
e_5_6 5 6 3 0.0125 -0.0873087 0.0223498 0.0148283 0.715333 0.0684586 -0.684409 0.123274 0.088827
e_6_7 6 7 4 0.0125 -0.171925 0.00129812 0.0198413 0.717457 0.0294632 -0.684541 0.125663 0.085916
e_7_2 7 2 5 0.0125 -0.228133 -0.0108665 0.0231747 0.712741 0.0184712 -0.689526 0.127331 0.0293
3 11 10
2 -0.0422353 -0.149908 0.0401096 0.0125
12 -0.0455084 -0.131295 0.0335487 0.0125
11 -0.0472186 -0.111664 0.0301236 0.0125
10 -0.0524382 -0.0948381 0.0206439 0.0125
9 -0.0511662 -0.0770306 0.0114888 0.0125
4 0.0142306 0.089906 0.0599959 0.0125
1 0.0508146 0.28828 0.173105 0.0125
8 -0.047552 -0.0572616 0.0119087 0.0125
5 -0.0273605 0.0145921 0.030386 0.0125
6 -0.0365465 -0.0168891 0.0227215 0.0125
7 -0.0439471 -0.036828 0.013826 0.0125
e_1_4 1 4 1 0.0125 0.032522 0.189094 0.116551 0.118526 0.0468654 -0.861596 0.491332 0.231267
e_4_5 4 5 2 0.0125 -0.00656489 0.0522486 0.0451907 0.341074 0.1 -0.807908 0.470055 0.090988
e_5_6 5 6 3 0.0125 -0.0319534 -0.00114893 0.0265535 0.476224 0.43531 -0.651369 0.399292 0.033677
e_6_7 6 7 4 0.0125 -0.0402463 -0.0268581 0.018274 0.282986 0.149494 -0.818898 0.47642 0.023053
e_7_8 7 8 5 0.0125 -0.0457496 -0.0470451 0.0128678 0.613363 0.609293 -0.418052 0.278891 0.020838
e_8_9 8 9 6 0.0125 -0.0493596 -0.0671459 0.0116983 0.65064 0.60629 -0.377974 0.257324 0.0201
e_9_10 9 10 7 0.0125 -0.0518022 -0.0859344 0.0160663 0.847135 0.511833 -0.0993614 0.102551 0.020064
e_10_11 10 11 8 0.0125 -0.0498279 -0.103251 0.0253837 0.856422 0.478277 0.185244 -0.0589689 0.020005
e_11_12 11 12 9 0.0125 -0.0463634 -0.12148 0.0318354 0.764515 0.643135 0.0276817 0.0335818 0.020001
e_12_2 12 2 10 0.0125 -0.0438713 -0.140602 0.0368285 0.814723 0.569022 0.110585 -0.0145556 0.020006
4 6 5
2 -0.319446 0.257006 0.0178582 0.0125
7 -0.29445 0.243886 0.0135388 0.0125
6 -0.127616 0.243639 0.0115357 0.0125
5 -0.0388053 0.234613 0.0126717 0.0125
1 0.176325 0.232188 0.014403 0.0125
4 0.104949 0.229271 0.0123403 0.0125
e_1_4 1 4 1 0.0125 0.140637 0.230729 0.0133715 0.60176 0.386645 -0.604101 -0.351358 0.071465
e_4_5 4 5 2 0.0125 0.0330723 0.231942 0.0125059 0.599715 0.352816 -0.611856 -0.376159 0.143854
e_5_6 5 6 3 0.0125 -0.0832098 0.239126 0.0121038 0.583324 0.334864 -0.627878 -0.391624 0.089275
e_6_7 6 7 4 0.0125 -0.211032 0.243762 0.0125374 0.609029 0.362266 -0.602296 -0.367541 0.166847
e_7_2 7 2 5 0.0125 -0.306949 0.250446 0.015699 0.569869 0.153385 -0.633132 -0.500865 0.02856
5 6 5
2 -0.0535147 0.276025 0.135718 0.0125
7 -0.0285753 0.270384 0.139583 0.0125
6 0.00649693 0.267778 0.137062 0.0125
5 0.0772167 0.232753 0.110359 0.0125
1 0.348116 0.00941627 0.0946123 0.0125
4 0.167483 0.168127 0.0813284 0.0125
e_1_4 1 4 1 0.0125 0.257799 0.0887714 0.0879706 0.685464 -0.518283 -0.508884 0.0505841 0.240819
e_4_5 4 5 2 0.0125 0.12235 0.20044 0.0958439 0.791493 -0.359496 -0.494233 0.00594876 0.114749
e_5_6 5 6 3 0.0125 0.0418564 0.250265 0.123711 0.811166 -0.227653 -0.53658 -0.0475905 0.083313
e_6_7 6 7 4 0.0125 -0.0110388 0.269081 0.138322 0.702595 0.142018 -0.666401 -0.205188 0.035259
e_7_2 7 2 5 0.0125 -0.0410454 0.273205 0.137651 0.616984 0.0812644 -0.753729 -0.211235 0.02586
6 10 9
2 0.147123 -0.107593 0.0377464 0.0125
11 0.127841 -0.101045 0.0372357 0.0125
10 0.108341 -0.0945034 0.036877 0.0125
9 0.0878313 -0.0906694 0.0364719 0.0125
4 -0.0220022 -0.0245455 0.0485462 0.0125
1 -0.234351 0.196158 0.0538711 0.0125
8 0.0674978 -0.0875335 0.0365275 0.0125
5 0.0148978 -0.0522998 0.0438551 0.0125
6 0.0305156 -0.0668585 0.0412559 0.0125
7 0.0497358 -0.0774904 0.0347792 0.0125
e_1_4 1 4 1 0.0125 -0.128177 0.085807 0.0512089 0.672531 0.632475 0.32965 0.197503 0.306318
e_4_5 4 5 2 0.0125 -0.00355253 -0.0384222 0.0462003 0.553931 0.0344897 0.741181 -0.377653 0.04641
e_5_6 5 6 3 0.0125 0.0227064 -0.0595786 0.0425551 0.647027 0.378622 0.645801 -0.144718 0.021509
e_6_7 6 7 4 0.0125 0.0401257 -0.0721751 0.0380174 0.106419 -0.620761 0.506037 -0.589285 0.0229
e_7_8 7 8 5 0.0125 0.0586172 -0.0825116 0.0356535 0.691989 0.110725 0.667117 -0.252676 0.020479
e_8_9 8 9 6 0.0125 0.0776653 -0.0891014 0.0364997 0.556808 -0.345272 0.618178 -0.43429 0.020574
e_9_10 9 10 7 0.0125 0.0980863 -0.0925867 0.0366743 0.575953 -0.302915 0.631295 -0.421885 0.020868
e_10_11 10 11 8 0.0125 0.118091 -0.0977743 0.0370568 0.584394 -0.198329 0.672271 -0.408903 0.020571
e_11_2 11 2 9 0.0125 0.137481 -0.104318 0.0374907 0.5922 -0.18576 0.67303 -0.402273 0.020371
7 11 10
2 0.158599 -0.0609176 0.0265531 0.0125
12 0.157154 -0.0425369 0.017956 0.0125
11 0.155767 -0.0212384 0.0138266 0.0125
10 0.154349 -0.000325807 0.0120801 0.0125
9 0.144399 0.0182685 0.0146246 0.0125
4 -0.0107707 0.190551 0.147061 0.0125
1 -0.0863384 0.295627 0.210769 0.0125
8 0.132784 0.0428428 0.0282223 0.0125
5 0.0320113 0.13444 0.113026 0.0125
6 0.0803688 0.104295 0.0826776 0.0125
7 0.106124 0.0827142 0.0613629 0.0125
e_1_4 1 4 1 0.0125 -0.0485545 0.243089 0.178915 0.504262 0.805862 0.267211 0.157812 0.144257
e_4_5 4 5 2 0.0125 0.0106197 0.162496 0.130043 0.506312 0.798194 0.283039 0.162555 0.078339
e_5_6 5 6 3 0.0125 0.0561896 0.119368 0.0978513 0.467251 0.716948 0.470125 0.215973 0.064562
e_6_7 6 7 4 0.0125 0.0932457 0.0935053 0.0720201 0.44154 0.784615 0.390134 0.192915 0.039792
e_7_8 7 8 5 0.0125 0.119454 0.0627785 0.0447926 0.440696 0.854012 0.234284 0.146842 0.058299
e_8_9 8 9 6 0.0125 0.138592 0.0305553 0.0214239 0.509969 0.834289 0.166354 0.127354 0.030393
e_9_10 9 10 7 0.0125 0.149374 0.00897175 0.0133526 0.648414 0.719467 0.205574 0.140232 0.021241
e_10_11 10 11 8 0.0125 0.155058 -0.0107817 0.0129536 0.732545 0.676856 -0.0186269 0.0699727 0.021033
e_11_12 11 12 9 0.0125 0.15646 -0.0318879 0.0158917 0.768163 0.636193 -0.0165198 0.0700771 0.02174
e_12_2 12 2 10 0.0125 0.157876 -0.0517271 0.0222552 0.840301 0.537297 -0.00378627 0.0720489 0.020343
8 6 5
2 -0.0122111 0.196135 0.023782 0.0125
7 -0.0611116 0.133321 0.0197023 0.0125
6 -0.095161 0.0944236 0.0123417 0.0125
5 -0.109165 0.0751665 0.0161672 0.0125
1 -0.320367 -0.169638 0.129677 0.0125
4 -0.169106 0.0216367 0.0363977 0.0125
e_1_4 1 4 1 0.0125 -0.244736 -0.0740006 0.0830375 0.565099 -0.60356 0.560672 0.0450034 0.261088
e_4_5 4 5 2 0.0125 -0.139135 0.0484012 0.0262824 0.59872 -0.378095 0.692171 0.13956 0.082871
e_5_6 5 6 3 0.0125 -0.102163 0.0847944 0.0142548 0.645136 -0.5661 0.508777 0.066903 0.024117
e_6_7 6 7 4 0.0125 -0.0781361 0.113872 0.0160216 0.74262 -0.406073 0.514412 0.137841 0.052217
e_7_2 7 2 5 0.0125 -0.0366614 0.164728 0.0217421 0.716605 -0.473111 0.500574 0.109858 0.079708
9 7 6
2 -0.18324 0.250667 0.039732 0.0125
4 0.0040726 -0.0477302 0.0724091 0.0125
1 0.0616271 -0.166743 0.0210681 0.0125
8 -0.167996 0.236736 0.0360315 0.0125
5 -0.0474457 0.0711673 0.0585874 0.0125
6 -0.13075 0.198 0.0421447 0.0125
7 -0.152356 0.220793 0.0364494 0.0125
e_1_4 1 4 1 0.0125 0.0328503 -0.107237 0.0467388 0.809001 -0.449927 -0.341403 -0.162871 0.141819
e_4_5 4 5 2 0.0125 -0.0216871 0.0117181 0.0654982 0.592757 -0.468258 -0.577728 -0.309197 0.130314
e_5_6 5 6 3 0.0125 -0.0890977 0.134583 0.050366 0.588913 -0.355684 -0.653721 -0.315149 0.152632
e_6_7 6 7 4 0.0125 -0.141553 0.209396 0.0392968 0.554382 -0.216873 -0.736339 -0.321608 0.031918
e_7_8 7 8 5 0.0125 -0.160176 0.228765 0.0362405 0.638764 -0.259498 -0.664833 -0.28747 0.022338
e_8_2 8 2 6 0.0125 -0.175618 0.243702 0.0378821 0.728942 -0.264196 -0.584819 -0.238394 0.020979
10 8 7
2 -0.117282 -0.0741056 0.028882 0.0125
9 -0.0999585 -0.0888218 0.036773 0.0125
4 0.0168521 -0.119257 0.0800933 0.0125
1 0.33685 -0.0127184 0.0114976 0.0125
8 -0.0811493 -0.096445 0.0404131 0.0125
5 -0.0240046 -0.120282 0.0709285 0.0125
6 -0.0462933 -0.113104 0.0580132 0.0125
7 -0.0625351 -0.104015 0.04942 0.0125
e_1_4 1 4 1 0.0125 0.176852 -0.0659873 0.0457956 0.019835 -0.595015 -0.215182 0.774119 0.344172
e_4_5 4 5 2 0.0125 -0.00357652 -0.119769 0.0755112 0.0666805 -0.773855 -0.102709 0.621412 0.041885
e_5_6 5 6 3 0.0125 -0.035149 -0.116693 0.0644704 0.177957 -0.860184 -0.0396395 0.476281 0.026742
e_6_7 6 7 4 0.0125 -0.0544139 -0.10856 0.0537163 0.300115 -0.83965 -0.0676789 0.447592 0.0205
e_7_8 7 8 5 0.0125 -0.0718421 -0.10023 0.0449169 0.246561 -0.836347 -0.0708589 0.484469 0.022021
e_8_9 8 9 6 0.0125 -0.0905538 -0.0926331 0.0385934 0.354026 -0.751793 -0.15191 0.53516 0.020619
e_9_2 9 2 7 0.0125 -0.10862 -0.0814634 0.0328272 0.420764 -0.810097 -0.0879422 0.398706 0.024062
11 6 5
2 -0.213856 -0.140749 0.0920574 0.0125
7 -0.157356 -0.120325 0.114856 0.0125
6 -0.0945769 -0.0979006 0.121391 0.0125
5 -0.0159961 -0.0599144 0.102656 0.0125
1 0.220048 0.0554116 0.0115153 0.0125
4 0.112617 0.00157634 0.0680063 0.0125
e_1_4 1 4 1 0.0125 0.166333 0.0284938 0.0397608 0.127366 0.509925 0.165084 -0.834567 0.132781
e_4_5 4 5 2 0.0125 0.048311 -0.0291692 0.0853311 0.0820923 0.582329 0.206889 -0.781889 0.146708
e_5_6 5 6 3 0.0125 -0.055287 -0.0789073 0.112024 0.080297 0.591106 0.213665 -0.773624 0.089269
e_6_7 6 7 4 0.0125 -0.125966 -0.109113 0.118124 -0.0167322 0.691207 0.2665 -0.671514 0.066984
e_7_2 7 2 5 0.0125 -0.185606 -0.130538 0.103456 -0.033827 0.755984 0.325398 -0.566975 0.064258
12 7 6
2 -0.103727 -0.0354577 0.0424354 0.0125
4 -0.00854699 -0.00523312 0.0951378 0.0125
1 0.367523 0.0713194 0.119436 0.0125
8 -0.0873562 -0.0289961 0.0543179 0.0125
5 -0.0366791 -0.0150356 0.0844769 0.0125
6 -0.0526567 -0.0154312 0.0720698 0.0125
7 -0.0722776 -0.0220205 0.0673372 0.0125
e_1_4 1 4 1 0.0125 0.179488 0.0330431 0.107287 0.517031 0.577982 -0.444443 -0.448427 0.384551
e_4_5 4 5 2 0.0125 -0.0226129 -0.0101343 0.0898078 0.437564 0.706291 -0.411849 -0.374261 0.031641
e_5_6 5 6 3 0.0125 -0.0446679 -0.0152334 0.0782734 0.250108 0.751113 -0.492383 -0.36171 0.020233
e_6_7 6 7 4 0.0125 -0.0624673 -0.0187259 0.0697031 0.480461 0.664143 -0.412759 -0.397116 0.021232
e_7_8 7 8 5 0.0125 -0.0798172 -0.0255077 0.060827 0.331284 0.819055 -0.370874 -0.2861 0.021107
e_8_2 8 2 6 0.0125 -0.0955419 -0.0322266 0.0483767 0.348602 0.790719 -0.393123 -0.314156 0.021235
13 8 7
2 0.208276 0.041211 0.0458947 0.0125
9 0.196114 0.0555524 0.0528506 0.0125
4 -0.0328784 0.125962 0.111898 0.0125
1 -0.224957 0.196966 0.0126555 0.0125
8 0.178266 0.0622128 0.0598956 0.0125
5 0.0887491 0.0848553 0.104511 0.0125
6 0.121524 0.0811286 0.0858185 0.0125
7 0.147561 0.0723932 0.0777057 0.0125
e_1_4 1 4 1 0.0125 -0.128917 0.161465 0.062277 0.603482 -0.218514 0.483939 -0.594864 0.227563
e_4_5 4 5 2 0.0125 0.0279358 0.105409 0.108205 0.117965 -0.6386 0.347718 -0.676288 0.128598
e_5_6 5 6 3 0.0125 0.105137 0.0829921 0.0951647 0.060239 -0.840634 0.199608 -0.499863 0.037915
e_6_7 6 7 4 0.0125 0.134543 0.0767609 0.0817621 -0.00100475 -0.75986 0.253529 -0.598611 0.028636
e_7_8 7 8 5 0.0125 0.162913 0.0673032 0.0688006 -0.0614135 -0.843877 0.170327 -0.505063 0.036927
e_8_9 8 9 6 0.0125 0.18719 0.0588822 0.0563733 -0.0496503 -0.790868 0.219014 -0.569294 0.020311
e_9_2 9 2 7 0.0125 0.202195 0.0483825 0.0493728 -0.440351 -0.820582 -0.0101467 -0.364188 0.020049
