13
1 10 9
2 0.170878 0.188282 0.0282311 0.0125
11 0.153508 0.178707 0.0250578 0.0125
10 0.135202 0.166572 0.0271939 0.0125
9 0.115034 0.151774 0.0223544 0.0125
4 0.0528966 -0.0704784 0.0218012 0.0125
1 0.0822444 -0.250623 0.0118968 0.0125
8 0.0971462 0.134493 0.0265438 0.0125
5 0.0524579 -0.0337364 0.0114803 0.0125
6 0.0473028 0.0528282 0.0153601 0.0125
7 0.0712696 0.111146 0.0162875 0.0125
e_1_4 1 4 1 0.0125 0.0675706 -0.16055 0.0168492 0.725611 -0.682037 -0.0879286 0.0241558 0.182788
e_4_5 4 5 2 0.0125 0.0526778 -0.052107 0.0166408 0.599975 -0.792763 0.0821049 0.0693984 0.038167
e_5_6 5 6 3 0.0125 0.0498808 0.00954589 0.0134201 0.721463 -0.691126 -0.00011564 0.0428406 0.086805
e_6_7 6 7 4 0.0125 0.0592862 0.0819878 0.0158235 0.703696 -0.600053 0.364115 0.110308 0.063057
e_7_8 7 8 5 0.0125 0.084208 0.12282 0.0214158 0.792353 -0.332973 0.497978 0.115427 0.03633
e_8_9 8 9 6 0.0125 0.106091 0.143134 0.0244488 0.626837 -0.383179 0.660468 0.155021 0.025222
e_9_10 9 10 7 0.0125 0.125119 0.159173 0.0247743 0.760882 -0.287164 0.567949 0.126608 0.025478
e_10_11 10 11 8 0.0125 0.144355 0.17264 0.0261259 0.65467 -0.259278 0.693662 0.151704 0.022066
e_11_2 11 2 9 0.0125 0.162193 0.183494 0.0266447 0.749701 -0.211413 0.613443 0.130153 0.020086
2 11 10
2 -0.236937 -0.237812 0.0149297 0.0125
12 -0.231486 -0.218718 0.0125314 0.0125
11 -0.223391 -0.200514 0.0143362 0.0125
10 -0.214314 -0.182684 0.0149794 0.0125
9 -0.200147 -0.169105 0.020015 0.0125
4 0.0837198 0.00354798 0.0363975 0.0125
1 0.154449 0.047677 0.0260874 0.0125
8 -0.185107 -0.157026 0.0256773 0.0125
5 -0.0686577 -0.105137 0.0350747 0.0125
6 -0.121976 -0.131928 0.0255428 0.0125
7 -0.162759 -0.146643 0.0249784 0.0125
e_1_4 1 4 1 0.0125 0.119085 0.0256125 0.0312424 -0.175601 0.464081 0.472506 -0.728376 0.084002
e_4_5 4 5 2 0.0125 0.00753115 -0.0507951 0.0357363 -0.136601 0.486862 0.516235 -0.691236 0.187172
e_5_6 5 6 3 0.0125 -0.0953168 -0.118533 0.0303092 -0.176506 0.561296 0.513634 -0.624478 0.060426
e_6_7 6 7 4 0.0125 -0.142367 -0.139285 0.0252604 -0.238464 0.547702 0.454459 -0.660776 0.043361
e_7_8 7 8 5 0.0125 -0.173933 -0.151834 0.0253277 -0.210683 0.517945 0.466436 -0.685407 0.024652
e_8_9 8 9 6 0.0125 -0.192627 -0.163065 0.0228459 -0.0835679 0.548155 0.58339 -0.593463 0.020103
e_9_10 9 10 7 0.0125 -0.207231 -0.175894 0.0174974 -0.054309 0.519684 0.595143 -0.61056 0.02026
e_10_11 10 11 8 0.0125 -0.218853 -0.1916 0.0146584 0.0538625 0.374522 0.613031 -0.693559 0.020018
e_11_12 11 12 9 0.0125 -0.227438 -0.209616 0.0134342 0.0805774 0.378451 0.633945 -0.669623 0.020004
e_12_2 12 2 10 0.0125 -0.234211 -0.228266 0.0137301 0.110702 0.274441 0.603937 -0.740059 0.020002
3 9 8
2 -0.401705 -0.172837 0.214298 0.0125
10 -0.384019 -0.173738 0.203983 0.0125
9 -0.351059 -0.154613 0.181999 0.0125
4 -0.215233 -0.0946367 0.0794669 0.0125
1 0.00977981 -0.000493633 0.0114991 0.0125
8 -0.326852 -0.140505 0.165271 0.0125
5 -0.231369 -0.103699 0.0905755 0.0125
6 -0.268541 -0.122256 0.115463 0.0125
7 -0.306456 -0.139233 0.151719 0.0125
e_1_4 1 4 1 0.0125 -0.102727 -0.047566 0.0454833 0.553458 0.563408 -0.2199 -0.572625 0.253207
e_4_5 4 5 2 0.0125 -0.223301 -0.0991685 0.0850211 0.628332 0.471343 -0.143234 -0.602095 0.021583
e_5_6 5 6 3 0.0125 -0.249955 -0.112977 0.103019 0.61969 0.466454 -0.159612 -0.610679 0.048431
e_6_7 6 7 4 0.0125 -0.287498 -0.130745 0.133592 0.642213 0.38697 -0.146565 -0.645241 0.05514
e_7_8 7 8 5 0.0125 -0.316654 -0.139869 0.158495 0.556111 0.384709 -0.275096 -0.683419 0.02452
e_8_9 8 9 6 0.0125 -0.338955 -0.147559 0.173635 0.630691 0.473912 -0.138155 -0.59879 0.032632
e_9_10 9 10 7 0.0125 -0.367539 -0.164176 0.192991 0.627761 0.479949 -0.140716 -0.596459 0.043994
e_10_2 10 2 8 0.0125 -0.392862 -0.173287 0.20914 0.521553 0.382281 -0.319663 -0.692574 0.020494
4 7 6
2 0.269396 0.18039 0.0127357 0.0125
4 0.137236 -0.00175378 0.0377171 0.0125
1 -0.0873317 -0.146164 0.0512875 0.0125
8 0.260447 0.161723 0.0133485 0.0125
5 0.232842 0.0869432 0.0185363 0.0125
6 0.246811 0.121943 0.0140501 0.0125
7 0.254291 0.142631 0.0120914 0.0125
e_1_4 1 4 1 0.0125 0.024952 -0.0739593 0.0445027 0.626573 -0.103113 0.717459 0.286402 0.267337
e_4_5 4 5 2 0.0125 0.185039 0.0425942 0.0281265 0.563811 -0.163287 0.738982 0.330696 0.131817
e_5_6 5 6 3 0.0125 0.239826 0.104443 0.0162932 0.504269 -0.34708 0.662294 0.43199 0.03795
e_6_7 6 7 4 0.0125 0.250551 0.132287 0.0130707 0.513238 -0.364567 0.641427 0.438462 0.022086
e_7_8 7 8 5 0.0125 0.257369 0.152176 0.0127199 0.582105 -0.393973 0.559937 0.438645 0.020099
e_8_2 8 2 6 0.0125 0.264922 0.171057 0.0130417 0.558021 -0.332642 0.635722 0.416916 0.020711
5 7 6
2 -0.0587281 0.206852 0.0114966 0.0125
4 -0.113643 -0.124201 0.0935978 0.0125
1 -0.0648426 -0.253589 0.146717 0.0125
8 -0.07079 0.187363 0.0116975 0.0125
5 -0.09931 0.0851596 0.0340761 0.0125
6 -0.094753 0.140941 0.0197305 0.0125
7 -0.0856751 0.161034 0.018198 0.0125
e_1_4 1 4 1 0.0125 -0.089243 -0.188895 0.120157 0.392331 -0.744 0.354619 0.408394 0.148136
e_4_5 4 5 2 0.0125 -0.106477 -0.0195213 0.0638371 0.51136 -0.646124 0.467934 0.319487 0.218129
e_5_6 5 6 3 0.0125 -0.0970312 0.11305 0.026904 0.525508 -0.641805 0.460681 0.315755 0.057776
e_6_7 6 7 4 0.0125 -0.0902138 0.150987 0.018965 0.644075 -0.530019 0.503749 0.224687 0.022102
e_7_8 7 8 5 0.0125 -0.078233 0.174198 0.0149475 0.59242 -0.510615 0.586811 0.209677 0.030936
e_8_2 8 2 6 0.0125 -0.0647593 0.197107 0.0115964 0.6785 -0.482341 0.521276 0.187767 0.022921
6 7 6
2 -0.0564358 0.106406 0.0822766 0.0125
4 0.150931 0.0489446 0.0650214 0.0125
1 0.387556 -0.0937277 0.0265715 0.0125
8 -0.0281693 0.110365 0.075652 0.0125
5 0.0997593 0.0708192 0.0706007 0.0125
6 0.0489556 0.0918751 0.0699954 0.0125
7 0.00706315 0.108158 0.0694001 0.0125
e_1_4 1 4 1 0.0125 0.269244 -0.022392 0.0457962 0.642958 -0.582971 -0.30205 0.394354 0.278971
e_4_5 4 5 2 0.0125 0.125345 0.0598821 0.0678118 0.598493 -0.577075 -0.342203 0.437822 0.055931
e_5_6 5 6 3 0.0125 0.0743575 0.0813476 0.0702983 0.418163 -0.689943 -0.171717 0.56536 0.054997
e_6_7 6 7 4 0.0125 0.0280099 0.100017 0.0696973 0.404553 -0.690851 -0.171311 0.574208 0.044949
e_7_8 7 8 5 0.0125 -0.0105526 0.109261 0.0725256 0.71104 0.201787 -0.609993 -0.285681 0.035851
e_8_2 8 2 6 0.0125 -0.0423021 0.108385 0.0789645 0.323988 0.596522 -0.17637 -0.712802 0.0293
7 6 5
2 0.276725 0.147222 0.11589 0.0125
7 0.253986 0.126267 0.0879574 0.0125
6 0.204918 0.0294738 0.0351726 0.0125
5 0.159025 -0.0418565 0.0114942 0.0125
1 0.129757 -0.286749 0.0377858 0.0125
4 0.135016 -0.16228 0.0143505 0.0125
e_1_4 1 4 1 0.0125 0.132387 -0.224514 0.0260677 0.216637 -0.230394 0.734407 0.600528 0.126766
e_4_5 4 5 2 0.0125 0.147021 -0.102068 0.0129219 0.333078 -0.211389 0.683333 0.614353 0.122826
e_5_6 5 6 3 0.0125 0.181972 -0.00619182 0.0233333 0.563676 -0.128689 0.590758 0.562774 0.088062
e_6_7 6 7 4 0.0125 0.229451 0.0778705 0.0615658 0.587888 -0.155269 0.507135 0.610814 0.120676
e_7_2 7 2 5 0.0125 0.265355 0.136745 0.101924 0.758205 -0.0615878 0.401308 0.510181 0.04167
8 11 10
2 -0.145115 0.242487 0.0114998 0.0125
12 -0.133138 0.226791 0.0147194 0.0125
11 -0.120306 0.21147 0.013923 0.0125
10 -0.103854 0.202209 0.0205271 0.0125
9 -0.0948559 0.187699 0.0309436 0.0125
4 -0.0672833 0.0315625 0.0665699 0.0125
1 0.00555957 -0.210229 0.0753738 0.0125
8 -0.084555 0.1734 0.0405246 0.0125
5 -0.0723443 0.111311 0.0625503 0.0125
6 -0.0745706 0.133616 0.0535492 0.0125
7 -0.0804831 0.155053 0.0474922 0.0125
e_1_4 1 4 1 0.0125 -0.0308621 -0.0893338 0.070972 0.225698 -0.0275325 -0.718793 -0.656992 0.252679
e_4_5 4 5 2 0.0125 -0.0698136 0.0714366 0.0645606 0.146722 -0.109137 -0.716385 -0.673316 0.08001
e_5_6 5 6 3 0.0125 -0.0734578 0.122463 0.0580499 0.111677 -0.0837165 -0.8242 -0.54883 0.024156
e_6_7 6 7 4 0.0125 -0.0775267 0.144335 0.0505212 0.183514 -0.0301764 -0.794035 -0.578723 0.023047
e_7_8 7 8 5 0.0125 -0.0825189 0.164226 0.0440089 0.153883 -0.0446094 -0.819653 -0.549998 0.020043
e_8_9 8 9 6 0.0125 -0.0897052 0.180549 0.0357341 0.251554 0.0940275 -0.854394 -0.444848 0.020059
e_9_10 9 10 7 0.0125 -0.0993553 0.194953 0.0257351 0.222926 0.0716193 -0.869058 -0.43579 0.02
e_10_11 10 11 8 0.0125 -0.11208 0.20684 0.0172256 0.398627 0.239643 -0.77953 -0.419524 0.020001
e_11_12 11 12 9 0.0125 -0.126722 0.21913 0.0143209 0.364029 0.115838 -0.683145 -0.622397 0.020001
e_12_2 12 2 10 0.0125 -0.139127 0.234639 0.0131096 0.31977 0.102929 -0.754898 -0.563277 0.020004
9 7 6
2 0.374656 0.0612467 0.141353 0.0125
4 0.0254013 0.213691 0.0896647 0.0125
1 -0.0612877 0.270006 0.0983321 0.0125
8 0.3469 0.0680652 0.121212 0.0125
5 0.141076 0.1355 0.110532 0.0125
6 0.270413 0.0910183 0.0990908 0.0125
7 0.310247 0.0790939 0.109922 0.0125
e_1_4 1 4 1 0.0125 -0.017943 0.241848 0.0939986 0.631265 0.151075 0.720382 -0.2444 0.103737
e_4_5 4 5 2 0.0125 0.0832386 0.174595 0.100098 0.706441 0.145589 0.636317 -0.273579 0.141174
e_5_6 5 6 3 0.0125 0.205745 0.113259 0.104811 0.655817 0.0591671 0.733608 -0.167996 0.137249
e_6_7 6 7 4 0.0125 0.29033 0.0850563 0.104506 0.767801 0.0286664 0.610848 -0.191118 0.042968
e_7_8 7 8 5 0.0125 0.328573 0.0735803 0.115567 0.776848 0.0278704 0.59814 -0.19483 0.039907
e_8_2 8 2 6 0.0125 0.360777 0.0646562 0.131282 0.861755 -0.000677921 0.460421 -0.213051 0.034965
10 10 9
2 -0.0883302 -0.0716872 0.0889673 0.0125
11 -0.068664 -0.0767837 0.0910806 0.0125
10 -0.0492379 -0.0801478 0.0958711 0.0125
9 -0.0294548 -0.0758373 0.0949389 0.0125
4 0.171186 -0.108336 0.086809 0.0125
1 0.388435 -0.127956 0.0114962 0.0125
8 -0.0101965 -0.077054 0.0872457 0.0125
5 0.0691229 -0.0984844 0.0711348 0.0125
6 0.0299693 -0.08746 0.0797817 0.0125
7 0.00974314 -0.0820168 0.0833377 0.0125
e_1_4 1 4 1 0.0125 0.279811 -0.118146 0.0491533 0.814118 -0.0381526 -0.579107 -0.019772 0.230768
e_4_5 4 5 2 0.0125 0.120155 -0.10341 0.0789726 0.648363 0.0014015 -0.758653 -0.0637932 0.103728
e_5_6 5 6 3 0.0125 0.0495461 -0.0929722 0.0754582 0.770447 -0.248459 -0.578195 0.10183 0.041585
e_6_7 6 7 4 0.0125 0.0198569 -0.0847389 0.0815594 0.757576 -0.24692 -0.596092 0.0989116 0.021245
e_7_8 7 8 5 0.0125 -0.000226699 -0.0795354 0.0852917 0.765845 -0.219835 -0.598543 0.0830655 0.020917
e_8_9 8 9 6 0.0125 -0.0198259 -0.0764457 0.0910927 0.827136 -0.013764 -0.560927 -0.0319067 0.020774
e_9_10 9 10 7 0.0125 -0.0393465 -0.0779921 0.0954055 0.671014 0.388084 -0.571308 -0.2697 0.020269
e_10_11 10 11 8 0.0125 -0.0589512 -0.0784658 0.0934763 0.615859 -0.198321 -0.760741 0.0515683 0.020289
e_11_2 11 2 9 0.0125 -0.0784973 -0.074235 0.0900244 0.654722 -0.332547 -0.664195 0.139988 0.020425
11 6 5
2 0.168003 0.150229 0.0575522 0.0125
7 0.147107 0.146413 0.071118 0.0125
6 0.130688 0.13884 0.0827905 0.0125
5 0.111085 0.118014 0.0951256 0.0125
1 -0.234597 -0.112472 0.122815 0.0125
4 0.0479494 0.0421296 0.0935928 0.0125
e_1_4 1 4 1 0.0125 -0.0933238 -0.0351706 0.108204 0.173663 -0.717157 -0.175681 -0.651662 0.323401
e_4_5 4 5 2 0.0125 0.0795173 0.0800724 0.0943592 0.456347 -0.690036 -0.126855 -0.547271 0.098726
e_5_6 5 6 3 0.0125 0.120887 0.128428 0.0889573 0.267046 -0.796121 -0.253389 -0.480283 0.031148
e_6_7 6 7 4 0.0125 0.138898 0.142627 0.0769539 0.0271857 -0.817023 -0.321951 -0.477579 0.021521
e_7_2 7 2 5 0.0125 0.157554 0.148321 0.0643347 -0.10905 -0.804491 -0.349167 -0.467957 0.025204
12 10 9
2 -0.0238616 0.259092 0.0589859 0.0125
11 -0.0270514 0.240624 0.0686768 0.0125
10 -0.0385472 0.223967 0.0753025 0.0125
9 -0.0524515 0.208893 0.0721088 0.0125
4 -0.170069 0.0199161 0.0882596 0.0125
1 -0.276418 -0.143624 0.158129 0.0125
8 -0.0659588 0.193768 0.0676169 0.0125
5 -0.145603 0.073274 0.0661363 0.0125
6 -0.107227 0.150804 0.0653862 0.0125
7 -0.0800111 0.178756 0.0673489 0.0125
e_1_4 1 4 1 0.0125 -0.223243 -0.0618538 0.123194 0.558453 -0.773203 0.265989 -0.139774 0.207212
e_4_5 4 5 2 0.0125 -0.157836 0.0465958 0.0771976 0.502127 -0.820943 -0.0488827 -0.267453 0.062731
e_5_6 5 6 3 0.0125 -0.126415 0.11204 0.0657615 0.691127 -0.684847 0.187929 -0.134205 0.086511
e_6_7 6 7 4 0.0125 -0.0936193 0.16478 0.0663679 0.722359 -0.453949 0.518469 0.0576055 0.039062
e_7_8 7 8 5 0.0125 -0.0729846 0.186262 0.0674823 0.710161 -0.480357 0.512599 0.0465832 0.020565
e_8_9 8 9 6 0.0125 -0.0592052 0.201331 0.0698628 0.779185 -0.449464 0.435702 0.0318717 0.02077
e_9_10 9 10 7 0.0125 -0.0454994 0.21643 0.0737056 0.758507 -0.454061 0.465701 0.0402275 0.020754
e_10_11 10 11 8 0.0125 -0.0327989 0.232295 0.0719899 0.577851 -0.7365 0.336355 -0.102574 0.021296
e_11_2 11 2 9 0.0125 -0.0254563 0.249857 0.0638316 0.340053 -0.660494 -0.54167 -0.393327 0.021099
13 11 10
2 0.384052 -0.279729 0.132 0.0125
12 0.366215 -0.270215 0.113621 0.0125
11 0.347494 -0.250381 0.102195 0.0125
10 0.333971 -0.236619 0.0931809 0.0125
9 0.321489 -0.218245 0.0857313 0.0125
4 0.153105 0.0060363 0.0610835 0.0125
1 0.076321 0.0856739 0.0407043 0.0125
8 0.29211 -0.165952 0.0850678 0.0125
5 0.206525 -0.0508393 0.07862 0.0125
6 0.219386 -0.0744468 0.0851788 0.0125
7 0.27142 -0.150414 0.0886451 0.0125
e_1_4 1 4 1 0.0125 0.114713 0.0458551 0.0508939 -0.7649 -0.415551 -0.48655 0.0742582 0.112487
e_4_5 4 5 2 0.0125 0.179816 -0.0224018 0.069852 -0.7769 -0.410491 -0.471022 0.0778589 0.079975
e_5_6 5 6 3 0.0125 0.212955 -0.0626436 0.0818995 -0.773849 -0.481008 -0.387455 0.14024 0.027671
e_6_7 6 7 4 0.0125 0.245403 -0.11243 0.0869117 -0.710979 -0.502103 -0.478628 0.115401 0.092145
e_7_8 7 8 5 0.0125 0.281764 -0.158184 0.0868563 -0.656335 -0.42726 -0.621228 0.027373 0.026121
e_8_9 8 9 6 0.0125 0.3068 -0.192098 0.0853995 -0.697528 -0.534677 -0.456715 0.137792 0.059984
e_9_10 9 10 7 0.0125 0.327731 -0.227432 0.089456 -0.803459 -0.431255 -0.393746 0.115914 0.023428
e_10_11 10 11 8 0.0125 0.340732 -0.2435 0.0976883 -0.840389 -0.348775 -0.408292 0.0734845 0.021296
e_11_12 11 12 9 0.0125 0.356854 -0.260298 0.107909 -0.828914 -0.365392 -0.416293 0.0780397 0.029571
e_12_2 12 2 10 0.0125 0.375134 -0.274972 0.122811 -0.91439 -0.184315 -0.360109 0.015496 0.027321
