13
1 8 7
2 -0.379588 -0.0101725 0.0293818 0.0125
9 -0.359878 -0.0147472 0.0269814 0.0125
4 -0.259528 -0.0180745 0.011535 0.0125
1 0.116482 -0.0317233 0.0114953 0.0125
8 -0.341091 -0.016996 0.0203383 0.0125
5 -0.280932 -0.0161225 0.0120766 0.0125
6 -0.30097 -0.0177575 0.0123198 0.0125
7 -0.32237 -0.0196446 0.0132124 0.0125
e_1_4 1 4 1 0.0125 -0.0715224 -0.0248989 0.0115156 0.437522 0.539247 -0.457339 -0.555543 0.376257
e_4_5 4 5 2 0.0125 -0.27023 -0.017099 0.0118057 0.433188 0.515192 -0.471151 -0.570037 0.0215
e_5_6 5 6 3 0.0125 -0.290951 -0.0169405 0.0121981 0.480216 0.555375 -0.430716 -0.524818 0.020106
e_6_7 6 7 4 0.0125 -0.311669 -0.0187004 0.0127657 0.496745 0.542063 -0.430607 -0.52344 0.021501
e_7_8 7 8 5 0.0125 -0.33173 -0.0183197 0.0167749 0.609064 0.319491 -0.470722 -0.552618 0.020206
e_8_9 8 9 6 0.0125 -0.350484 -0.0158711 0.0236599 0.600584 0.338026 -0.469148 -0.552212 0.020054
e_9_2 9 2 7 0.0125 -0.369734 -0.0124595 0.0281822 0.442641 0.432456 -0.504071 -0.602464 0.020376
2 7 6
2 -0.248824 -0.191702 0.16176 0.0125
4 0.0187261 0.111408 0.0144402 0.0125
1 0.0496988 0.151118 0.0114878 0.0125
8 -0.241669 -0.171402 0.14832 0.0125
5 -0.0661911 0.00719389 0.026289 0.0125
6 -0.155232 -0.0781089 0.0548469 0.0125
7 -0.221354 -0.122158 0.104621 0.0125
e_1_4 1 4 1 0.0125 0.0342124 0.131263 0.012964 0.446693 0.665245 0.167912 -0.574212 0.050447
e_4_5 4 5 2 0.0125 -0.0237329 0.0593009 0.0203643 0.450368 0.657539 0.154077 -0.584013 0.134952
e_5_6 5 6 3 0.0125 -0.110711 -0.0354574 0.0405683 0.461771 0.616743 0.0825472 -0.632125 0.126572
e_6_7 6 7 4 0.0125 -0.188293 -0.100134 0.0797342 0.557134 0.481758 -0.049639 -0.674572 0.093754
e_7_8 7 8 5 0.0125 -0.231512 -0.14678 0.12647 0.757362 0.420251 0.079169 -0.493482 0.068901
e_8_2 8 2 6 0.0125 -0.245247 -0.181552 0.15504 0.726388 0.469648 0.120821 -0.487026 0.025375
3 6 5
2 -0.343933 0.157737 0.0125139 0.0125
7 -0.328373 0.141219 0.0216682 0.0125
6 -0.310596 0.129262 0.0301537 0.0125
5 -0.248202 0.0777483 0.043962 0.0125
1 0.100923 -0.035783 0.0521928 0.0125
4 -0.210762 0.0494216 0.0494954 0.0125
e_1_4 1 4 1 0.0125 -0.0549187 0.00681894 0.0508445 -0.232019 -0.584977 0.40246 0.664827 0.323132
e_4_5 4 5 2 0.0125 -0.229482 0.0635844 0.0467291 0.0137027 -0.605155 0.438534 0.664295 0.047274
e_5_6 5 6 3 0.0125 -0.279399 0.103505 0.0370584 0.0385589 -0.617403 0.450475 0.643738 0.082081
e_6_7 6 7 4 0.0125 -0.319484 0.135241 0.0259105 -0.0207304 -0.668828 0.486619 0.561641 0.023043
e_7_2 7 2 5 0.0125 -0.336153 0.149478 0.0170906 0.0980873 -0.665319 0.494361 0.55076 0.024469
4 9 8
2 -0.349944 0.0641844 0.066863 0.0125
10 -0.333795 0.0730845 0.0747119 0.0125
9 -0.313886 0.0775547 0.0748878 0.0125
4 -0.150394 0.0847733 0.0479198 0.0125
1 0.138286 0.0985718 0.0343368 0.0125
8 -0.294282 0.0846071 0.0744509 0.0125
5 -0.184606 0.0882798 0.0462791 0.0125
6 -0.254982 0.0951351 0.0647397 0.0125
7 -0.275383 0.0905877 0.0692207 0.0125
e_1_4 1 4 1 0.0125 -0.00605369 0.0916724 0.0411289 -0.720101 -0.0997066 0.68307 0.0702032 0.289328
e_4_5 4 5 2 0.0125 -0.1675 0.086527 0.0471 -0.68532 -0.010827 0.723684 0.0806217 0.034431
e_5_6 5 6 3 0.0125 -0.219794 0.0917074 0.0555094 -0.78723 -0.00341379 0.611292 0.0811123 0.073079
e_6_7 6 7 4 0.0125 -0.265183 0.0928608 0.0669806 -0.775432 -0.183144 0.601373 0.0592863 0.021376
e_7_8 7 8 5 0.0125 -0.284832 0.0875974 0.0718358 -0.790359 -0.223134 0.568033 0.0536978 0.0205
e_8_9 8 9 6 0.0125 -0.304084 0.081081 0.0746687 -0.712948 -0.279484 0.641405 0.0468372 0.02084
e_9_10 9 10 7 0.0125 -0.323841 0.0753196 0.0747999 -0.701809 -0.210369 0.678271 0.0561842 0.020405
e_10_2 10 2 8 0.0125 -0.341869 0.0686339 0.0707875 -0.550997 -0.433603 0.712622 0.0236601 0.02004
5 7 6
2 -0.323043 0.28758 0.0217288 0.0125
4 0.000103875 0.0867743 0.0702661 0.0125
1 0.0777235 0.0105163 0.0592791 0.0125
8 -0.298417 0.256846 0.0151161 0.0125
5 -0.178295 0.179028 0.0282525 0.0125
6 -0.242551 0.212596 0.0127904 0.0125
7 -0.277365 0.2419 0.013367 0.0125
e_1_4 1 4 1 0.0125 0.0389141 0.048645 0.0647727 0.0366565 -0.50104 0.445788 0.74087 0.109365
e_4_5 4 5 2 0.0125 -0.0890958 0.132901 0.04926 -0.0778803 -0.640097 0.438923 0.625745 0.205188
e_5_6 5 6 3 0.0125 -0.210423 0.195811 0.0205218 -0.0762062 -0.64033 0.440772 0.624412 0.074127
e_6_7 6 7 4 0.0125 -0.259958 0.227248 0.0130787 0.00665971 -0.541748 0.447404 0.711544 0.04551
e_7_8 7 8 5 0.0125 -0.287891 0.249373 0.0142415 -0.0261976 -0.54222 0.414976 0.730141 0.025877
e_8_2 8 2 6 0.0125 -0.31073 0.272213 0.0184221 0.0829566 -0.456266 0.457192 0.758891 0.039934
6 9 8
2 0.281151 0.159818 0.0114892 0.0125
10 0.279849 0.141503 0.0196181 0.0125
9 0.271821 0.127181 0.0314011 0.0125
4 0.0741959 -0.160108 0.0385934 0.0125
1 0.047397 -0.250883 0.0114871 0.0125
8 0.259835 0.113448 0.0401924 0.0125
5 0.179704 0.0373787 0.0638751 0.0125
6 0.223064 0.0755905 0.0587086 0.0125
7 0.246095 0.102783 0.0529501 0.0125
e_1_4 1 4 1 0.0125 0.060796 -0.205496 0.0250404 0.420132 -0.158802 0.580619 0.679082 0.098453
e_4_5 4 5 2 0.0125 0.12695 -0.0613644 0.0512347 0.419035 -0.0705086 0.662517 0.616854 0.225327
e_5_6 5 6 3 0.0125 0.201385 0.0564853 0.0612918 0.458531 0.0747342 0.734124 0.495203 0.058025
e_6_7 6 7 4 0.0125 0.23458 0.0891867 0.0558286 0.388826 0.0452623 0.760078 0.518697 0.036097
e_7_8 7 8 5 0.0125 0.252965 0.108115 0.0465715 0.285507 0.200793 0.869139 0.350378 0.02157
e_8_9 8 9 6 0.0125 0.265827 0.120314 0.0357969 0.293129 0.112888 0.839324 0.443698 0.020238
e_9_10 9 10 7 0.0125 0.275835 0.134342 0.0255094 0.171732 0.111252 0.882681 0.423091 0.020209
e_10_2 10 2 8 0.0125 0.280501 0.150661 0.0155539 0.0650915 -0.040748 0.837108 0.54162 0.020081
7 7 6
2 0.0776787 0.288504 0.119551 0.0125
4 0.0320135 -0.0863257 0.0752786 0.0125
1 0.0116406 -0.172521 0.0115025 0.0125
8 0.060198 0.261159 0.129351 0.0125
5 0.0501936 0.18958 0.118497 0.0125
6 0.0441694 0.213849 0.123049 0.0125
7 0.0486513 0.236344 0.130952 0.0125
e_1_4 1 4 1 0.0125 0.0218278 -0.129424 0.043391 0.697248 -0.282384 0.357897 0.553185 0.109143
e_4_5 4 5 2 0.0125 0.0411036 0.0516272 0.0968874 0.530787 -0.422699 0.494077 0.543579 0.279861
e_5_6 5 6 3 0.0125 0.0471812 0.201715 0.120773 0.479351 -0.508747 0.389385 0.599815 0.025417
e_6_7 6 7 4 0.0125 0.0464104 0.225096 0.127 0.610144 -0.351609 0.462063 0.539067 0.024259
e_7_8 7 8 5 0.0125 0.0544247 0.24875 0.130152 0.531781 -0.317213 0.65464 0.433625 0.027417
e_8_2 8 2 6 0.0125 0.0689387 0.274831 0.124451 0.476997 -0.281771 0.751762 0.357679 0.033903
8 9 8
2 0.0926675 0.257458 0.0505929 0.0125
10 0.093809 0.237551 0.0521396 0.0125
9 0.0969901 0.217857 0.0537549 0.0125
4 0.128926 -0.0253347 0.102882 0.0125
1 0.0745587 -0.223632 0.107585 0.0125
8 0.0998042 0.19104 0.0521659 0.0125
5 0.123318 0.0523756 0.0737004 0.0125
6 0.113425 0.080666 0.0614303 0.0125
7 0.104235 0.134349 0.0561205 0.0125
e_1_4 1 4 1 0.0125 0.101742 -0.124483 0.105234 0.610846 -0.51082 0.500496 0.339755 0.205669
e_4_5 4 5 2 0.0125 0.126122 0.0135204 0.0882914 0.259866 -0.426492 0.70248 0.507046 0.083198
e_5_6 5 6 3 0.0125 0.118372 0.066521 0.0675652 0.0486502 -0.341464 0.756869 0.555144 0.032385
e_6_7 6 7 4 0.0125 0.10883 0.107508 0.0587752 0.60863 -0.714181 0.196105 0.284706 0.054722
e_7_8 7 8 5 0.0125 0.102019 0.162695 0.0541434 0.608272 -0.675842 0.279151 0.308737 0.057001
e_8_9 8 9 6 0.0125 0.0983968 0.204449 0.0529602 0.700991 -0.676484 0.113852 0.194984 0.027011
e_9_10 9 10 7 0.0125 0.0954 0.227703 0.052947 0.619635 -0.710806 0.187366 0.275139 0.020014
e_10_2 10 2 8 0.0125 0.0932378 0.247503 0.0513666 0.59739 -0.664436 0.311737 0.323217 0.02
9 6 5
2 -0.0492779 -0.179933 0.155052 0.0125
7 -0.0228701 -0.157981 0.130394 0.0125
6 -0.00557998 -0.146579 0.120404 0.0125
5 0.143174 -0.082931 0.0620253 0.0125
1 0.371899 0.0344709 0.0119099 0.0125
4 0.179828 -0.0584862 0.0475062 0.0125
e_1_4 1 4 1 0.0125 0.275863 -0.0120077 0.029708 0.0663455 0.604043 0.229908 -0.760179 0.216333
e_4_5 4 5 2 0.0125 0.161501 -0.0707089 0.0547662 0.187429 0.549597 0.203586 -0.788268 0.046387
e_5_6 5 6 3 0.0125 0.0687979 -0.114755 0.0912146 0.0366484 0.537983 0.202184 -0.817528 0.172008
e_6_7 6 7 4 0.0125 -0.0142247 -0.15228 0.125399 0.196187 0.499668 0.181973 -0.82385 0.022995
e_7_2 7 2 5 0.0125 -0.0360743 -0.168958 0.142722 0.311642 0.431004 0.150362 -0.833371 0.042277
10 7 6
2 0.373684 -0.158165 0.0335153 0.0125
4 0.253559 -0.117827 0.0452685 0.0125
1 0.0664349 0.180158 0.135355 0.0125
8 0.354479 -0.156814 0.0277023 0.0125
5 0.288471 -0.14288 0.0252069 0.0125
6 0.315279 -0.152869 0.0209891 0.0125
7 0.335264 -0.155655 0.0217881 0.0125
e_1_4 1 4 1 0.0125 0.159998 0.031166 0.0903114 0.482058 0.266298 0.743706 -0.378955 0.363217
e_4_5 4 5 2 0.0125 0.271015 -0.130353 0.0352383 0.467414 0.0903825 0.838656 -0.264596 0.047422
e_5_6 5 6 3 0.0125 0.301875 -0.147874 0.023098 0.605881 -0.020785 0.756635 -0.24491 0.028919
e_6_7 6 7 4 0.0125 0.325272 -0.154262 0.0213886 0.688038 -0.11368 0.683597 -0.215352 0.020194
e_7_8 7 8 5 0.0125 0.344871 -0.156235 0.024745 0.770646 -0.135455 0.57862 -0.23012 0.020138
e_8_2 8 2 6 0.0125 0.364081 -0.15749 0.030609 0.768617 -0.131693 0.581503 -0.231816 0.020111
11 6 5
2 0.335963 -0.288505 0.012498 0.0125
7 0.33822 -0.268971 0.018673 0.0125
6 0.341062 -0.249382 0.0253959 0.0125
5 0.35197 -0.173061 0.0517916 0.0125
1 0.288853 0.198172 0.0366042 0.0125
4 0.300298 0.147419 0.0406583 0.0125
e_1_4 1 4 1 0.0125 0.294575 0.172796 0.0386305 0.169976 0.29873 -0.609852 0.714107 0.052185
e_4_5 4 5 2 0.0125 0.326134 -0.0128217 0.0462245 0.189175 0.28718 -0.632763 0.693795 0.32481
e_5_6 5 6 3 0.0125 0.346516 -0.211221 0.0385932 0.255626 0.250724 -0.774012 0.522205 0.081489
e_6_7 6 7 4 0.0125 0.339641 -0.259176 0.0220345 0.25666 0.249758 -0.773583 0.522797 0.020904
e_7_2 7 2 5 0.0125 0.337092 -0.278738 0.0155848 0.250218 0.254746 -0.764787 0.53628 0.020611
12 9 8
2 0.18661 0.312866 0.232032 0.0125
10 0.181811 0.30014 0.216526 0.0125
9 0.172846 0.286764 0.204435 0.0125
4 0.197646 -0.063407 0.0852919 0.0125
1 0.188115 -0.12491 0.0238381 0.0125
8 0.170589 0.269351 0.194789 0.0125
5 0.186667 0.142494 0.15864 0.0125
6 0.175835 0.230019 0.184016 0.0125
7 0.173245 0.249943 0.189438 0.0125
e_1_4 1 4 1 0.0125 0.19288 -0.0941584 0.0545648 0.884925 -0.34876 0.164504 0.261174 0.087465
e_4_5 4 5 2 0.0125 0.192157 0.0395434 0.121965 0.761851 -0.547938 0.179409 0.295227 0.218851
e_5_6 5 6 3 0.0125 0.18125 0.186257 0.171328 0.737759 -0.579554 0.160814 0.306542 0.091771
e_6_7 6 7 4 0.0125 0.174541 0.239981 0.186727 0.731992 -0.586283 0.161186 0.307374 0.02081
e_7_8 7 8 5 0.0125 0.171917 0.259647 0.192114 0.732472 -0.586025 0.157591 0.308585 0.020306
e_8_9 8 9 6 0.0125 0.171718 0.278057 0.199612 0.818605 -0.460065 0.218171 0.265758 0.020034
e_9_10 9 10 7 0.0125 0.177329 0.293452 0.21048 0.873516 -0.30891 0.32305 0.192829 0.020137
e_10_2 10 2 8 0.0125 0.184211 0.306503 0.224279 0.906383 -0.288258 0.202489 0.233187 0.020626
13 8 7
2 0.189424 -0.242493 0.0114875 0.0125
9 0.184348 -0.217333 0.0438998 0.0125
4 0.143232 0.204817 0.108427 0.0125
1 0.13659 0.227134 0.105456 0.0125
8 0.182201 -0.196532 0.0549393 0.0125
5 0.166384 0.0409634 0.11501 0.0125
6 0.170345 -0.0132572 0.106709 0.0125
7 0.178398 -0.160146 0.0675538 0.0125
e_1_4 1 4 1 0.0125 0.139911 0.215976 0.106942 -0.0929414 0.108618 -0.651857 0.744746 0.023472
e_4_5 4 5 2 0.0125 0.154808 0.12289 0.111718 -0.0338123 0.0646656 -0.689887 0.72023 0.165612
e_5_6 5 6 3 0.0125 0.168364 0.0138536 0.11086 -0.0064152 0.047802 -0.75709 0.651528 0.054995
e_6_7 6 7 4 0.0125 0.174371 -0.0867017 0.0871314 0.000864215 0.044529 -0.791594 0.609422 0.152232
e_7_8 7 8 5 0.0125 0.1803 -0.178339 0.0612465 -0.0173873 0.060363 -0.812003 0.580263 0.038697
e_8_9 8 9 6 0.0125 0.183275 -0.206932 0.0494196 -0.0156235 0.0620605 -0.854148 0.516077 0.023646
e_9_2 9 2 7 0.0125 0.186886 -0.229913 0.0276931 -0.0358455 0.0846996 -0.940642 0.326702 0.041345
