13
1 8 7
2 0.0999823 0.283735 0.011966 0.0125
9 0.0920261 0.265405 0.0129204 0.0125
4 0.104955 0.0900578 0.0262007 0.0125
1 0.142329 -0.205212 0.0114908 0.0125
8 0.0834942 0.247372 0.0114952 0.0125
5 0.0962716 0.141569 0.0163566 0.0125
6 0.0898365 0.168866 0.0152032 0.0125
7 0.0774597 0.227232 0.0128863 0.0125
e_1_4 1 4 1 0.0125 0.123643 -0.0575776 0.0188458 0.683411 -0.616626 -0.308367 -0.240067 0.297988
e_4_5 4 5 2 0.0125 0.100613 0.115814 0.0212782 0.591925 -0.656066 -0.402699 -0.23882 0.053158
e_5_6 5 6 3 0.0125 0.0930541 0.155218 0.0157799 0.654417 -0.609613 -0.385907 -0.226245 0.028069
e_6_7 6 7 4 0.0125 0.0836479 0.19805 0.0140444 0.654026 -0.615549 -0.374836 -0.229888 0.059708
e_7_8 7 8 5 0.0125 0.0804774 0.237302 0.012191 0.614066 -0.720382 -0.11856 -0.29986 0.02107
e_8_9 8 9 6 0.0125 0.0877605 0.256388 0.0122081 0.666071 -0.681374 0.00997797 -0.303281 0.020001
e_9_2 9 2 7 0.0125 0.0960042 0.27457 0.0124432 0.616312 -0.722609 -0.0412215 -0.310318 0.020005
2 10 9
2 0.224872 -0.199801 0.0198592 0.0125
11 0.222447 -0.180505 0.0151411 0.0125
10 0.222157 -0.160488 0.0143196 0.0125
9 0.214495 -0.142953 0.0201835 0.0125
4 0.123074 -0.106643 0.0403022 0.0125
1 -0.209514 -0.123667 0.0114949 0.0125
8 0.200179 -0.129525 0.024131 0.0125
5 0.145323 -0.107597 0.0406399 0.0125
6 0.166792 -0.11122 0.033247 0.0125
7 0.185479 -0.115954 0.027663 0.0125
e_1_4 1 4 1 0.0125 -0.0432193 -0.115155 0.0258986 0.713979 0.133747 0.662588 0.182545 0.334267
e_4_5 4 5 2 0.0125 0.134198 -0.10712 0.0404709 0.68455 0.223141 0.665302 0.197415 0.022271
e_5_6 5 6 3 0.0125 0.156057 -0.109409 0.0369431 0.529438 0.457073 0.67219 0.242777 0.022994
e_6_7 6 7 4 0.0125 0.176135 -0.113587 0.0304546 0.553945 0.480848 0.638683 0.232409 0.020069
e_7_8 7 8 5 0.0125 0.192829 -0.12274 0.0258963 0.619943 0.649742 0.405905 0.169551 0.020316
e_8_9 8 9 6 0.0125 0.207337 -0.136238 0.0221572 0.610258 0.661494 0.401261 0.170294 0.020021
e_9_10 9 10 7 0.0125 0.218326 -0.15172 0.0172516 0.583908 0.784273 0.177159 0.112172 0.020015
e_10_11 10 11 8 0.0125 0.222302 -0.170497 0.0147304 0.721043 0.692339 -0.0132405 0.0242418 0.020035
e_11_2 11 2 9 0.0125 0.22366 -0.190153 0.0174998 0.785428 0.61592 0.0525467 0.0313819 0.020011
3 6 5
2 0.0335863 0.279104 0.0114955 0.0125
7 0.0104969 0.244991 0.014765 0.0125
6 -0.0548504 0.0516827 0.0236248 0.0125
5 -0.0891254 -0.0419635 0.0303113 0.0125
1 -0.174009 -0.168888 0.0512528 0.0125
4 -0.116829 -0.0762419 0.03364 0.0125
e_1_4 1 4 1 0.0125 -0.14542 -0.122565 0.0424463 -0.0125491 -0.387309 -0.655625 -0.648067 0.110286
e_4_5 4 5 2 0.0125 -0.102978 -0.0591032 0.0319756 -0.0676335 -0.401896 -0.61329 -0.676595 0.044199
e_5_6 5 6 3 0.0125 -0.0719884 0.00485904 0.026968 0.0819667 -0.331528 -0.650802 -0.678106 0.099946
e_6_7 6 7 4 0.0125 -0.0221771 0.148337 0.0191952 0.0944111 -0.322548 -0.646259 -0.685126 0.204247
e_7_2 7 2 5 0.0125 0.0220408 0.262047 0.0131305 -0.0292166 -0.38516 -0.625474 -0.677923 0.041321
4 7 6
2 0.0605392 -0.0159892 0.0544216 0.0125
4 0.282412 -0.15225 0.125422 0.0125
1 0.423929 -0.264028 0.232875 0.0125
8 0.0846252 -0.0368267 0.0562782 0.0125
5 0.172834 -0.130415 0.0696149 0.0125
6 0.1389 -0.108347 0.0649336 0.0125
7 0.10998 -0.0545897 0.0569019 0.0125
e_1_4 1 4 1 0.0125 0.353171 -0.208139 0.179148 -0.0831419 0.763252 -0.41639 -0.486985 0.209922
e_4_5 4 5 2 0.0125 0.227623 -0.141333 0.0975186 0.355877 0.501676 -0.686832 -0.387213 0.124894
e_5_6 5 6 3 0.0125 0.155867 -0.119381 0.0672747 0.653582 -0.283151 -0.69084 -0.124081 0.040748
e_6_7 6 7 4 0.0125 0.124439 -0.0814686 0.0609182 0.0869119 -0.440348 0.609362 0.653619 0.061569
e_7_8 7 8 5 0.0125 0.0973021 -0.0457083 0.0565905 0.698903 -0.441237 -0.56158 0.0383685 0.030964
e_8_2 8 2 6 0.0125 0.0725825 -0.0264083 0.0553501 0.674472 -0.569116 -0.453 0.126428 0.031902
5 11 10
2 -0.0908658 -0.175216 0.0650583 0.0125
12 -0.088816 -0.155496 0.0623786 0.0125
11 -0.0842861 -0.136139 0.0600499 0.0125
10 -0.0809206 -0.116869 0.0557635 0.0125
9 -0.0738468 -0.0992183 0.0494416 0.0125
4 -0.0253056 -0.00875215 0.0114923 0.0125
1 0.213303 0.157756 0.106703 0.0125
8 -0.0657437 -0.0851779 0.0375162 0.0125
5 -0.0447664 -0.033188 0.0127166 0.0125
6 -0.0514452 -0.053763 0.0171388 0.0125
7 -0.0570885 -0.0707814 0.0266455 0.0125
e_1_4 1 4 1 0.0125 0.0939982 0.074502 0.059098 0.0256748 0.683584 0.433834 -0.58638 0.306144
e_4_5 4 5 2 0.0125 -0.035036 -0.0209701 0.0121044 0.455453 0.677272 0.147403 -0.558693 0.031262
e_5_6 5 6 3 0.0125 -0.048106 -0.0434755 0.0149273 0.713106 0.62991 0.055316 -0.302711 0.022079
e_6_7 6 7 4 0.0125 -0.0542671 -0.0622722 0.0218917 0.845866 0.508977 -0.0820671 -0.136816 0.020295
e_7_8 7 8 5 0.0125 -0.0614168 -0.0779797 0.0320807 0.865795 0.445262 -0.173418 -0.148548 0.020008
e_8_9 8 9 6 0.0125 -0.0697955 -0.0921981 0.0434785 0.889087 0.408753 -0.191427 -0.0761584 0.020125
e_9_10 9 10 7 0.0125 -0.0773844 -0.108043 0.0526024 0.760867 0.584796 -0.0161677 -0.280773 0.020038
e_10_11 10 11 8 0.0125 -0.0826031 -0.126504 0.0579071 0.747998 0.623055 0.0692304 -0.217965 0.020027
e_11_12 11 12 9 0.0125 -0.0865506 -0.145818 0.0612139 0.689833 0.655746 0.108692 -0.286903 0.020015
e_12_2 12 2 10 0.0125 -0.0898408 -0.165355 0.0637189 0.722927 0.647446 0.117701 -0.210562 0.020006
6 11 10
2 0.171396 -0.282956 0.0316454 0.0125
12 0.155543 -0.269439 0.029582 0.0125
11 0.136386 -0.260767 0.0258547 0.0125
10 0.121454 -0.242863 0.0237529 0.0125
9 0.101624 -0.22428 0.011494 0.0125
4 -0.129012 0.00408981 0.108834 0.0125
1 -0.172952 0.0307547 0.13494 0.0125
8 0.0823775 -0.212138 0.011544 0.0125
5 0.0007841 -0.122931 0.0744257 0.0125
6 0.0223835 -0.155157 0.0530277 0.0125
7 0.0517204 -0.197135 0.026506 0.0125
e_1_4 1 4 1 0.0125 -0.150982 0.0174221 0.121886 0.139935 0.820378 -0.231109 0.503971 0.057649
e_4_5 4 5 2 0.0125 -0.0641138 -0.0594205 0.0916292 0.495106 0.765121 0.0875508 0.402236 0.184837
e_5_6 5 6 3 0.0125 0.0115838 -0.139043 0.0637261 0.341398 0.835553 -0.208158 0.376787 0.044305
e_6_7 6 7 4 0.0125 0.037052 -0.176146 0.0397673 0.350769 0.833782 -0.186368 0.383452 0.057674
e_7_8 7 8 5 0.0125 0.067049 -0.204636 0.0190254 0.112266 0.811412 -0.205821 0.535393 0.037266
e_8_9 8 9 6 0.0125 0.0920003 -0.218208 0.0115189 0.611616 0.62653 0.329498 0.353295 0.022756
e_9_10 9 10 7 0.0125 0.111539 -0.233571 0.0176235 0.839644 0.359401 0.406493 -0.0243372 0.029814
e_10_11 10 11 8 0.0125 0.128919 -0.251814 0.0248032 0.702893 0.625291 0.253203 0.225478 0.023408
e_11_12 11 12 9 0.0125 0.145964 -0.265103 0.0277184 0.754185 0.364552 0.528988 0.135936 0.021356
e_12_2 12 2 10 0.0125 0.16347 -0.276197 0.0306136 0.698922 0.58072 0.336903 0.246515 0.020936
7 9 8
2 -0.0919439 -0.228424 0.103156 0.0125
10 -0.0824193 -0.159358 0.0878551 0.0125
9 -0.0789365 -0.125852 0.082292 0.0125
4 -0.182643 0.211901 0.0166183 0.0125
1 -0.189393 0.235103 0.0150354 0.0125
8 -0.0811829 -0.103157 0.0796662 0.0125
5 -0.163123 0.127859 0.0114997 0.0125
6 -0.0865818 -0.00372096 0.0519475 0.0125
7 -0.0829936 -0.069617 0.0700345 0.0125
e_1_4 1 4 1 0.0125 -0.186018 0.223502 0.0158271 0.535033 0.61105 -0.306467 0.496422 0.024216
e_4_5 4 5 2 0.0125 -0.172883 0.16988 0.0140596 0.469879 0.605594 -0.40357 0.4996 0.086431
e_5_6 5 6 3 0.0125 -0.124852 0.0620692 0.0317232 0.640191 0.606304 -0.06321 0.467499 0.157505
e_6_7 6 7 4 0.0125 -0.0847878 -0.0366687 0.0609917 0.64512 0.510642 -0.327229 0.464744 0.068427
e_7_8 7 8 5 0.0125 -0.082088 -0.0863867 0.0748507 0.650408 0.508235 -0.3223 0.463454 0.034942
e_8_9 8 9 6 0.0125 -0.0800593 -0.114504 0.0809786 0.570536 0.548411 -0.3769 0.481333 0.022958
e_9_10 9 10 7 0.0125 -0.0806775 -0.142605 0.0850731 0.609056 0.473702 -0.440613 0.458821 0.034142
e_10_2 10 2 8 0.0125 -0.0871817 -0.193891 0.0955054 0.634861 0.456211 -0.429759 0.451807 0.07138
8 7 6
2 -0.115147 0.145801 0.0825227 0.0125
4 0.133408 -0.25004 0.0656434 0.0125
1 0.14757 -0.265142 0.0763944 0.0125
8 -0.103257 0.131102 0.0721776 0.0125
5 -0.0488296 0.0434091 0.0477313 0.0125
6 -0.0633473 0.070963 0.04661 0.0125
7 -0.0868541 0.11298 0.0568909 0.0125
e_1_4 1 4 1 0.0125 0.140489 -0.257591 0.0710192 0.121225 -0.714015 0.469697 0.504849 0.023328
e_4_5 4 5 2 0.0125 0.0422897 -0.103315 0.0566872 0.416192 -0.677155 0.259528 0.548535 0.345896
e_5_6 5 6 3 0.0125 -0.0560887 0.0571864 0.0471704 0.450066 -0.668213 0.267338 0.528643 0.031165
e_6_7 6 7 4 0.0125 -0.0751011 0.0919718 0.051751 0.574694 -0.612561 0.142671 0.523585 0.049231
e_7_8 7 8 5 0.0125 -0.095055 0.122041 0.0645348 0.730098 -0.479029 -0.0735856 0.481739 0.02883
e_8_2 8 2 6 0.0125 -0.109202 0.138451 0.0773497 0.70344 -0.508763 -0.0340207 0.495152 0.021551
9 6 5
2 -0.0717513 -0.282203 0.168686 0.0125
7 -0.0679592 -0.262677 0.171438 0.0125
6 -0.0679147 -0.242825 0.168905 0.0125
5 -0.0664055 -0.203003 0.160876 0.0125
1 0.0508016 0.169793 0.0114901 0.0125
4 0.0145944 0.0778482 0.0390738 0.0125
e_1_4 1 4 1 0.0125 0.032698 0.12382 0.025282 -0.451753 -0.136615 0.588987 -0.65601 0.102595
e_4_5 4 5 2 0.0125 -0.025905 -0.0625779 0.0999749 -0.47765 -0.180091 0.524636 -0.681303 0.31666
e_5_6 5 6 3 0.0125 -0.0671601 -0.222914 0.16489 -0.328893 -0.247334 0.583167 -0.700407 0.040652
e_6_7 6 7 4 0.0125 -0.0679369 -0.252752 0.170172 -0.285164 -0.249694 0.611839 -0.694253 0.020013
e_7_2 7 2 5 0.0125 -0.0698557 -0.27244 0.170062 -0.234988 -0.130546 0.742619 -0.613396 0.020079
10 9 8
2 -0.177905 -0.194172 0.203632 0.0125
10 -0.167225 -0.177698 0.199559 0.0125
9 -0.163413 -0.148098 0.188145 0.0125
4 -0.0969884 -0.0188203 0.135676 0.0125
1 -0.0331009 0.249079 0.0500598 0.0125
8 -0.163813 -0.132828 0.17449 0.0125
5 -0.115261 -0.0450533 0.140315 0.0125
6 -0.134805 -0.0699579 0.147846 0.0125
7 -0.143144 -0.0894485 0.154674 0.0125
e_1_4 1 4 1 0.0125 -0.0650443 0.115129 0.0928676 0.617231 0.353758 -0.475845 0.517158 0.288413
e_4_5 4 5 2 0.0125 -0.106125 -0.0319368 0.137996 0.608689 0.210303 -0.619647 0.448672 0.032303
e_5_6 5 6 3 0.0125 -0.125033 -0.0575061 0.14408 0.666259 0.211924 -0.582565 0.414494 0.032542
e_6_7 6 7 4 0.0125 -0.138974 -0.0797027 0.151259 0.656804 0.304926 -0.503721 0.471056 0.022271
e_7_8 7 8 5 0.0125 -0.153478 -0.111138 0.164581 0.70849 0.303033 -0.466421 0.434356 0.051978
e_8_9 8 9 6 0.0125 -0.163614 -0.140463 0.181318 0.867354 0.391234 -0.117073 0.284477 0.020489
e_9_10 9 10 7 0.0125 -0.165319 -0.162898 0.193851 0.643663 0.394157 -0.407483 0.514096 0.031952
e_10_2 10 2 8 0.0125 -0.172564 -0.185935 0.201595 0.632828 0.233625 -0.58639 0.448436 0.020051
11 10 9
2 -0.259658 0.00715311 0.102095 0.0125
11 -0.241081 0.0158048 0.100469 0.0125
10 -0.222738 0.0238135 0.101656 0.0125
9 -0.203296 0.0319356 0.103374 0.0125
4 0.162946 -0.0339021 0.0685233 0.0125
1 0.205067 -0.0697106 0.0600896 0.0125
8 -0.182107 0.0316151 0.103019 0.0125
5 0.0318303 0.0259294 0.0837218 0.0125
6 -0.0472327 0.0380891 0.0882154 0.0125
7 -0.157868 0.0308989 0.102951 0.0125
e_1_4 1 4 1 0.0125 0.184007 -0.0518061 0.0643071 -0.028281 -0.480368 0.440277 0.758026 0.055924
e_4_5 4 5 2 0.0125 0.0973885 -0.00398657 0.076123 -0.164234 -0.532217 0.405351 0.724889 0.144922
e_5_6 5 6 3 0.0125 -0.00770131 0.0320094 0.0859682 -0.279512 -0.586599 0.357575 0.670756 0.080119
e_6_7 6 7 4 0.0125 -0.102551 0.0344935 0.0955831 -0.412244 -0.573386 0.324572 0.629235 0.111844
e_7_8 7 8 5 0.0125 -0.169987 0.031257 0.102985 -0.311189 -0.624829 0.328917 0.636053 0.024249
e_8_9 8 9 6 0.0125 -0.192701 0.0317756 0.103196 -0.324108 -0.619654 0.328135 0.635067 0.021194
e_9_10 9 10 7 0.0125 -0.213016 0.0278751 0.102515 -0.445105 -0.697763 0.231824 0.511141 0.02114
e_10_11 10 11 8 0.0125 -0.231909 0.0198096 0.101063 -0.459469 -0.690234 0.230599 0.509205 0.02005
e_11_2 11 2 9 0.0125 -0.25037 0.0114794 0.101282 -0.523298 -0.635764 0.237193 0.515464 0.020558
12 10 9
2 0.211051 0.260558 0.0119369 0.0125
11 0.222728 0.245601 0.0183618 0.0125
10 0.228438 0.230526 0.0302096 0.0125
9 0.228756 0.213027 0.0399317 0.0125
4 0.171856 -0.119989 0.101027 0.0125
1 0.170635 -0.196694 0.147486 0.0125
8 0.220368 0.196775 0.0482748 0.0125
5 0.180489 0.0778903 0.0755335 0.0125
6 0.189053 0.118888 0.0747145 0.0125
7 0.211721 0.180933 0.0576368 0.0125
e_1_4 1 4 1 0.0125 0.171245 -0.158341 0.124257 0.488938 -0.868848 -0.0641338 -0.0439228 0.089686
e_4_5 4 5 2 0.0125 0.176172 -0.0210495 0.0882805 0.659764 -0.750884 -0.00106485 -0.0297224 0.199701
e_5_6 5 6 3 0.0125 0.184772 0.0983892 0.075124 0.700112 -0.697193 0.15395 0.00797075 0.041891
e_6_7 6 7 4 0.0125 0.200388 0.14991 0.0661754 0.609953 -0.716389 0.33457 0.0529756 0.068228
e_7_8 7 8 5 0.0125 0.216045 0.188854 0.0529553 0.507399 -0.645235 0.560261 0.111021 0.020332
e_8_9 8 9 6 0.0125 0.224563 0.204901 0.0441035 0.531527 -0.663512 0.517001 0.0997053 0.020101
e_9_10 9 10 7 0.0125 0.228597 0.221776 0.0350706 0.504203 -0.855012 -0.108398 -0.0546181 0.020021
e_10_11 10 11 8 0.0125 0.225583 0.238063 0.0242855 0.419047 -0.656568 -0.604167 -0.168227 0.020006
e_11_2 11 2 9 0.0125 0.216889 0.253079 0.0151498 0.552942 -0.449768 -0.676805 -0.184117 0.020033
13 10 9
2 0.171118 0.287498 0.0121423 0.0125
11 0.158999 0.274261 0.0213171 0.0125
10 0.143077 0.264619 0.0308461 0.0125
9 0.130102 0.248231 0.0354111 0.0125
4 0.0990334 0.0470731 0.0996178 0.0125
1 0.127531 -0.160921 0.0981297 0.0125
8 0.11521 0.233865 0.0372961 0.0125
5 0.108487 0.0743696 0.0953313 0.0125
6 0.0924632 0.188678 0.0607277 0.0125
7 0.101759 0.219116 0.0493266 0.0125
e_1_4 1 4 1 0.0125 0.113282 -0.056924 0.0988737 0.684223 -0.647745 -0.277275 -0.188108 0.209943
e_4_5 4 5 2 0.0125 0.10376 0.0607214 0.0974745 0.618984 -0.757194 0.00642848 -0.208507 0.029204
e_5_6 5 6 3 0.0125 0.100476 0.131524 0.0780294 0.578283 -0.741885 -0.305272 -0.148338 0.120502
e_6_7 6 7 4 0.0125 0.0971116 0.203897 0.0550271 0.546624 -0.817488 -0.0184237 -0.180488 0.033806
e_7_8 7 8 5 0.0125 0.108484 0.22649 0.0433115 0.451956 -0.82259 0.28536 -0.194036 0.023306
e_8_9 8 9 6 0.0125 0.122656 0.241048 0.036354 0.624562 -0.675221 0.299074 -0.254075 0.020778
e_9_10 9 10 7 0.0125 0.136589 0.256425 0.0331291 0.583649 -0.745235 0.226522 -0.229491 0.021396
e_10_11 10 11 8 0.0125 0.151038 0.26944 0.0260821 0.469782 -0.715277 0.464993 -0.226859 0.020911
e_11_2 11 2 9 0.0125 0.165058 0.280879 0.0167298 0.48057 -0.803989 0.284967 -0.203589 0.020156
