13
1 10 9
2 0.149824 0.244178 0.0132079 0.0125
11 0.168589 0.243485 0.020095 0.0125
10 0.186965 0.244542 0.0279219 0.0125
9 0.204373 0.247473 0.0373534 0.0125
4 0.48347 0.283608 0.287134 0.0125
1 0.524957 0.285271 0.331206 0.0125
8 0.222312 0.249955 0.0461791 0.0125
5 0.392996 0.277125 0.206607 0.0125
6 0.280588 0.265201 0.084317 0.0125
7 0.239535 0.25505 0.0550445 0.0125
e_1_4 1 4 1 0.0125 0.504213 0.284439 0.30917 -0.0873465 0.893508 0.256079 -0.358383 0.06055
e_4_5 4 5 2 0.0125 0.438233 0.280367 0.24687 -0.099887 0.866478 0.284895 -0.397585 0.121293
e_5_6 5 6 3 0.0125 0.336793 0.271163 0.145462 -0.0628587 0.895202 0.256481 -0.358997 0.166531
e_6_7 6 7 4 0.0125 0.260062 0.260125 0.0696804 -0.0647181 0.82182 0.330431 -0.459607 0.051432
e_7_8 7 8 5 0.0125 0.230924 0.252503 0.0506118 -0.0892913 0.761925 0.375185 -0.52032 0.020029
e_8_9 8 9 6 0.0125 0.213343 0.248713 0.0417664 -0.159978 0.765714 0.364315 -0.505335 0.020146
e_9_10 9 10 7 0.0125 0.195669 0.246007 0.0326377 -0.133876 0.779533 0.357696 -0.496446 0.020016
e_10_11 10 11 8 0.0125 0.177777 0.244014 0.0240083 -0.213785 0.749065 0.366841 -0.508552 0.020001
e_11_2 11 2 9 0.0125 0.159207 0.243832 0.0166508 -0.272542 0.734934 0.363359 -0.50355 0.020001
2 6 5
2 -0.108994 -0.199401 0.0130777 0.0125
7 -0.0804076 -0.196905 0.0116003 0.0125
6 -0.0580887 -0.189114 0.01506 0.0125
5 -0.0327216 -0.182272 0.0202586 0.0125
1 0.297724 0.0742003 0.0125266 0.0125
4 0.174335 0.00412258 0.0129451 0.0125
e_1_4 1 4 1 0.0125 0.23603 0.0391611 0.0127364 0.693101 0.467174 -0.529409 -0.145207 0.141901
e_4_5 4 5 2 0.0125 0.0708071 -0.0890754 0.0166017 0.707955 0.54043 -0.441379 -0.109179 0.278691
e_5_6 5 6 3 0.0125 -0.0454048 -0.185694 0.0176592 0.608819 0.404185 -0.65854 -0.179719 0.026783
e_6_7 6 7 4 0.0125 -0.0692475 -0.193009 0.0133299 0.631489 0.426231 -0.625094 -0.169726 0.023891
e_7_2 7 2 5 0.0125 -0.0947005 -0.198153 0.0123384 0.692221 0.261324 -0.637178 -0.215739 0.028733
3 6 5
2 -0.419468 -0.280583 0.238044 0.0125
7 -0.386421 -0.290901 0.226345 0.0125
6 -0.36627 -0.2896 0.220593 0.0125
5 -0.335965 -0.286043 0.212265 0.0125
1 -0.00199778 -0.204661 0.0118654 0.0125
4 -0.131195 -0.287642 0.0892793 0.0125
e_1_4 1 4 1 0.0125 -0.0665966 -0.246151 0.0505724 -0.245955 0.340515 0.398695 -0.815229 0.171961
e_4_5 4 5 2 0.0125 -0.23358 -0.286843 0.150772 -0.371751 0.446949 0.206893 -0.786914 0.238869
e_5_6 5 6 3 0.0125 -0.351118 -0.287821 0.216429 -0.338489 0.515243 0.320725 -0.719087 0.03163
e_6_7 6 7 4 0.0125 -0.376346 -0.290251 0.223469 -0.350793 0.522993 0.29916 -0.716886 0.020995
e_7_2 7 2 5 0.0125 -0.402945 -0.285742 0.232195 -0.428273 0.564537 0.145704 -0.690398 0.036544
4 8 7
2 -0.00321781 0.227146 0.0386747 0.0125
9 0.00549512 0.209688 0.0290833 0.0125
4 0.0870911 0.0324936 0.0198818 0.0125
1 0.15885 -0.225127 0.0908747 0.0125
8 0.0194104 0.192025 0.0185273 0.0125
5 0.0823965 0.0539258 0.0200498 0.0125
6 0.0620676 0.126859 0.0176854 0.0125
7 0.0410714 0.169003 0.0146116 0.0125
e_1_4 1 4 1 0.0125 0.122971 -0.096317 0.0553786 0.578408 -0.791655 0.0396352 0.192758 0.276691
e_4_5 4 5 2 0.0125 0.0847443 0.0432101 0.0199655 0.694516 -0.704376 -0.00544385 0.146534 0.021942
e_5_6 5 6 3 0.0125 0.0722315 0.0903919 0.0188678 0.679798 -0.716942 -0.0400117 0.149227 0.075749
e_6_7 6 7 4 0.0125 0.051569 0.147931 0.0161487 0.6708 -0.703779 -0.19304 0.13213 0.047185
e_7_8 7 8 5 0.0125 0.0302408 0.180514 0.0165701 0.748427 -0.503757 -0.42984 0.0363839 0.031852
e_8_9 8 9 6 0.0125 0.0124524 0.200856 0.0238056 0.844032 -0.424565 -0.327538 0.00858536 0.024841
e_9_2 9 2 7 0.0125 0.00113826 0.218417 0.0338793 0.84806 -0.482865 -0.215047 0.0372807 0.021741
5 6 5
2 0.215248 0.316792 0.246172 0.0125
7 0.201313 0.302527 0.237257 0.0125
6 0.187658 0.294515 0.224836 0.0125
5 0.170987 0.284248 0.208066 0.0125
1 -0.0630143 -0.00999554 0.0126068 0.0125
4 0.0706671 0.168926 0.0812839 0.0125
e_1_4 1 4 1 0.0125 0.00382645 0.0794655 0.0469453 0.53272 -0.581707 -0.121085 -0.602632 0.233667
e_4_5 4 5 2 0.0125 0.120827 0.226588 0.144676 0.626372 -0.423451 -0.0384436 -0.653353 0.198587
e_5_6 5 6 3 0.0125 0.179322 0.289382 0.216451 0.583119 -0.413659 0.0603852 -0.696572 0.025779
e_6_7 6 7 4 0.0125 0.194485 0.298521 0.231047 0.566267 -0.432477 0.0656241 -0.698569 0.020123
e_7_2 7 2 5 0.0125 0.20828 0.309659 0.241715 0.540364 -0.541423 -0.0528744 -0.641928 0.021844
6 7 6
2 0.0558639 0.185433 0.0901 0.0125
4 0.331645 -0.0551906 0.0194107 0.0125
1 0.387453 -0.163086 0.0140917 0.0125
8 0.0922188 0.160526 0.0839503 0.0125
5 0.155081 0.082271 0.0474221 0.0125
6 0.117194 0.115758 0.0623201 0.0125
7 0.106551 0.133298 0.0719127 0.0125
e_1_4 1 4 1 0.0125 0.359548 -0.109138 0.0167517 -0.142483 0.432574 -0.539448 -0.708219 0.121591
e_4_5 4 5 2 0.0125 0.243364 0.0135405 0.033417 0.216394 0.382598 -0.539917 -0.717832 0.22551
e_5_6 5 6 3 0.0125 0.136138 0.0990138 0.0548709 0.3232 0.250513 -0.543998 -0.732701 0.052714
e_6_7 6 7 4 0.0125 0.111872 0.124527 0.0671167 0.410551 0.0199319 -0.536495 -0.737037 0.022649
e_7_8 7 8 5 0.0125 0.0993848 0.146912 0.0779315 0.30812 0.0575208 -0.560825 -0.766309 0.033041
e_8_2 8 2 6 0.0125 0.0740419 0.17298 0.0870248 0.256802 0.382902 -0.533186 -0.709332 0.044496
7 10 9
2 0.23355 0.116602 0.0546085 0.0125
11 0.22045 0.102124 0.0610977 0.0125
10 0.203865 0.091096 0.0659424 0.0125
9 0.185058 0.0805506 0.0685635 0.0125
4 -0.0082184 0.0108454 0.0450566 0.0125
1 -0.183503 -0.131607 0.0122061 0.0125
8 0.164918 0.0721871 0.070752 0.0125
5 0.0257812 0.030241 0.0540083 0.0125
6 0.123692 0.0552895 0.069356 0.0125
7 0.144427 0.0650013 0.0692009 0.0125
e_1_4 1 4 1 0.0125 -0.0958609 -0.060381 0.0286313 -0.728223 0.260298 -0.600235 -0.204093 0.228248
e_4_5 4 5 2 0.0125 0.00878211 0.0205431 0.0495325 -0.76667 0.19624 -0.591623 -0.153911 0.040153
e_5_6 5 6 3 0.0125 0.0747361 0.0427649 0.0616822 -0.756607 0.118626 -0.640984 -0.05112 0.102223
e_6_7 6 7 4 0.0125 0.134059 0.0601454 0.0692784 -0.697106 0.203516 -0.679671 -0.103303 0.022897
e_7_8 7 8 5 0.0125 0.154672 0.0685946 0.0699764 -0.728069 0.158969 -0.662652 -0.0744105 0.021771
e_8_9 8 9 6 0.0125 0.174988 0.0763696 0.0696577 -0.666249 0.202214 -0.713476 -0.0785766 0.021917
e_9_10 9 10 7 0.0125 0.194461 0.0858232 0.0672525 -0.652363 0.243351 -0.707897 -0.118681 0.02172
e_10_11 10 11 8 0.0125 0.212158 0.0966108 0.06352 -0.603235 0.283107 -0.733505 -0.133898 0.020499
e_11_2 11 2 9 0.0125 0.227 0.109363 0.0578526 -0.546662 0.367958 -0.722699 -0.208503 0.020574
8 10 9
2 -0.00158262 0.022187 0.0114953 0.0125
11 0.0152367 0.029848 0.0191409 0.0125
10 0.0329075 0.0359652 0.026664 0.0125
9 0.0477827 0.0466993 0.0347825 0.0125
4 0.218264 0.132218 0.139422 0.0125
1 0.422614 0.143593 0.22147 0.0125
8 0.0624511 0.0578089 0.0426427 0.0125
5 0.182093 0.121808 0.117034 0.0125
6 0.0964753 0.0782582 0.0602614 0.0125
7 0.0797417 0.0681388 0.0480841 0.0125
e_1_4 1 4 1 0.0125 0.320439 0.137905 0.180446 0.560178 0.0279695 -0.82781 0.0122325 0.2205
e_4_5 4 5 2 0.0125 0.200178 0.127013 0.128228 0.493318 0.294396 -0.817881 -0.0322451 0.043794
e_5_6 5 6 3 0.0125 0.139284 0.100033 0.0886479 0.475534 0.595791 -0.632011 -0.139509 0.11158
e_6_7 6 7 4 0.0125 0.0881085 0.0731985 0.0541727 0.451169 0.696706 -0.528103 -0.179314 0.023037
e_7_8 7 8 5 0.0125 0.0710958 0.0629737 0.0453638 0.574145 0.608669 -0.509839 -0.199859 0.020864
e_8_9 8 9 6 0.0125 0.0551168 0.0522543 0.0387119 0.497955 0.740099 -0.385601 -0.235811 0.020009
e_9_10 9 10 7 0.0125 0.0403447 0.0413326 0.0307234 0.496746 0.727534 -0.415967 -0.225632 0.02006
e_10_11 10 11 8 0.0125 0.0240724 0.0329068 0.0229028 0.551554 0.401004 -0.725135 -0.0957212 0.020156
e_11_2 11 2 9 0.0125 0.00682702 0.0260175 0.0153181 0.538526 0.520841 -0.647966 -0.137314 0.020001
9 7 6
2 0.045482 -0.222842 0.0176762 0.0125
4 0.098658 -0.0280335 0.0669191 0.0125
1 0.190958 0.220507 0.178585 0.0125
8 0.0471381 -0.203151 0.0137182 0.0125
5 0.0637111 -0.143807 0.0216632 0.0125
6 0.0586046 -0.162167 0.015093 0.0125
7 0.0520909 -0.183029 0.0119207 0.0125
e_1_4 1 4 1 0.0125 0.144807 0.096237 0.122752 0.195443 0.547301 0.628124 -0.517421 0.287682
e_4_5 4 5 2 0.0125 0.0811845 -0.0859205 0.0442911 0.237573 0.543795 0.61606 -0.517993 0.129124
e_5_6 5 6 3 0.0125 0.0611579 -0.152987 0.0183781 0.257067 0.542991 0.606746 -0.520516 0.020157
e_6_7 6 7 4 0.0125 0.0553475 -0.172597 0.0135071 0.325671 0.554728 0.513907 -0.567552 0.022085
e_7_8 7 8 5 0.0125 0.0496147 -0.19309 0.0128195 0.458181 0.534503 0.413642 -0.577301 0.0208
e_8_2 8 2 6 0.0125 0.0463099 -0.212996 0.0156967 0.560256 0.494163 0.396972 -0.533225 0.020153
10 7 6
2 0.235471 -0.223875 0.110209 0.0125
4 -0.128449 0.0419339 0.089393 0.0125
1 -0.157296 0.055086 0.0852268 0.0125
8 0.219033 -0.216283 0.0961646 0.0125
5 0.00936042 -0.0171832 0.108066 0.0125
6 0.156538 -0.142524 0.0867749 0.0125
7 0.18366 -0.190225 0.0884087 0.0125
e_1_4 1 4 1 0.0125 -0.142872 0.0485104 0.0873094 -0.632517 -0.55444 -0.357 -0.406287 0.031976
e_4_5 4 5 2 0.0125 -0.0595447 0.0123752 0.0987294 -0.627873 -0.550868 -0.367094 -0.409344 0.151112
e_5_6 5 6 3 0.0125 0.0829489 -0.079854 0.0974204 -0.498672 -0.737667 -0.102887 -0.443381 0.194487
e_6_7 6 7 4 0.0125 0.170099 -0.166375 0.0875922 -0.628103 -0.696446 -0.00859639 -0.346952 0.054896
e_7_8 7 8 5 0.0125 0.201347 -0.203254 0.0922865 -0.665942 -0.587179 -0.261346 -0.378736 0.044615
e_8_2 8 2 6 0.0125 0.227252 -0.22008 0.103187 -0.885222 -0.249033 -0.362682 -0.151084 0.022914
11 9 8
2 -0.485255 0.286874 0.283389 0.0125
10 -0.471627 0.28936 0.268775 0.0125
9 -0.454835 0.289747 0.257008 0.0125
4 -0.367166 0.229274 0.188666 0.0125
1 -0.154626 0.0573906 0.0114976 0.0125
8 -0.440123 0.286631 0.242398 0.0125
5 -0.388636 0.245179 0.206284 0.0125
6 -0.401602 0.269874 0.215072 0.0125
7 -0.42045 0.284133 0.231389 0.0125
e_1_4 1 4 1 0.0125 -0.260895 0.143333 0.100081 0.859653 -0.370522 -0.301274 0.181506 0.325739
e_4_5 4 5 2 0.0125 -0.377901 0.237226 0.197475 0.859727 -0.357765 -0.311058 0.190043 0.032005
e_5_6 5 6 3 0.0125 -0.395119 0.257526 0.210678 0.802765 -0.547271 -0.224136 0.076322 0.029245
e_6_7 6 7 4 0.0125 -0.411026 0.277004 0.223231 0.865071 -0.352989 -0.30219 0.18903 0.028718
e_7_8 7 8 5 0.0125 -0.430286 0.285382 0.236894 0.81311 -0.227059 -0.453602 0.285555 0.022682
e_8_9 8 9 6 0.0125 -0.447479 0.288189 0.249703 0.881855 -0.187203 -0.341411 0.265943 0.020966
e_9_10 9 10 7 0.0125 -0.463231 0.289553 0.262891 0.831744 -0.150463 -0.436426 0.308375 0.020508
e_10_2 10 2 8 0.0125 -0.478441 0.288117 0.276081 0.873123 -0.0618867 -0.365102 0.317058 0.020137
12 7 6
2 -0.15962 0.143817 0.0131003 0.0125
4 0.143363 -0.157477 0.0438583 0.0125
1 0.18118 -0.183567 0.0365768 0.0125
8 -0.0632552 0.0681939 0.0583103 0.0125
5 0.0386683 -0.102324 0.0625327 0.0125
6 0.0229603 -0.080757 0.0612026 0.0125
7 -0.0308146 0.008249 0.0782602 0.0125
e_1_4 1 4 1 0.0125 0.162271 -0.170522 0.0402179 0.397232 0.263171 -0.593696 -0.648439 0.046517
e_4_5 4 5 2 0.0125 0.0910153 -0.1299 0.0531954 0.450291 0.283754 -0.584415 -0.61252 0.119798
e_5_6 5 6 3 0.0125 0.0308146 -0.0915407 0.0618674 0.196569 0.241828 -0.682947 -0.660654 0.026713
e_6_7 6 7 4 0.0125 -0.00392741 -0.0362539 0.069731 0.187066 0.188529 -0.61929 -0.738879 0.10538
e_7_8 7 8 5 0.0125 -0.0470355 0.0382218 0.0682852 0.0961588 0.263092 -0.755802 -0.591862 0.071019
e_8_2 8 2 6 0.0125 -0.111438 0.106006 0.0357049 0.267116 0.334015 -0.749371 -0.505496 0.130572
13 11 10
2 0.0308109 0.324343 0.216005 0.0125
12 0.0278958 0.304756 0.212925 0.0125
11 0.0218088 0.285785 0.211066 0.0125
10 0.0196401 0.266194 0.20757 0.0125
9 0.0264855 0.24376 0.20786 0.0125
4 0.093662 -0.0812871 0.132706 0.0125
1 0.102894 -0.145183 0.112009 0.0125
8 0.0331213 0.214764 0.213098 0.0125
5 0.0690712 0.1367 0.196897 0.0125
6 0.0631379 0.172445 0.206667 0.0125
7 0.0471156 0.195049 0.211707 0.0125
e_1_4 1 4 1 0.0125 0.0982776 -0.113236 0.122358 0.802972 -0.589043 -0.0196894 0.0887509 0.067796
e_4_5 4 5 2 0.0125 0.0813661 0.0277063 0.164801 0.795219 -0.599649 2.47613e-06 0.0897113 0.228568
e_5_6 5 6 3 0.0125 0.0661042 0.154572 0.201782 0.78913 -0.607197 -0.0337887 0.0862763 0.037529
e_6_7 6 7 4 0.0125 0.0551262 0.183747 0.209187 0.765577 -0.549261 -0.329895 0.0580832 0.028161
e_7_8 7 8 5 0.0125 0.0401189 0.204907 0.212403 0.72527 -0.586766 -0.356355 0.051964 0.024216
e_8_9 8 9 6 0.0125 0.0298034 0.229262 0.210479 0.639358 -0.760428 -0.0920438 0.0670781 0.030204
e_9_10 9 10 7 0.0125 0.0230634 0.254976 0.207715 0.699358 -0.69753 -0.140112 0.0686925 0.023456
e_10_11 10 11 8 0.0125 0.020724 0.275989 0.209318 0.759911 -0.624 0.152705 0.0991977 0.020018
e_11_12 11 12 9 0.0125 0.0248518 0.29527 0.211995 0.731253 -0.604199 0.297472 0.108271 0.020011
e_12_2 12 2 10 0.0125 0.0293537 0.31455 0.214465 0.752797 -0.625009 0.180279 0.100799 0.02004
