13
1 7 6
2 -0.300135 0.000538047 0.0781346 0.0125
4 -0.147226 -0.0157251 0.0115275 0.0125
1 0.160929 -0.127151 0.0382959 0.0125
8 -0.282558 -0.00501147 0.0660033 0.0125
5 -0.171852 -0.0121049 0.0206585 0.0125
6 -0.215399 -0.0108677 0.0305552 0.0125
7 -0.246077 -0.0105656 0.0377843 0.0125
e_1_4 1 4 1 0.0125 0.0068512 -0.0714384 0.0249119 0.324433 0.487423 -0.550571 -0.595008 0.328773
e_4_5 4 5 2 0.0125 -0.159539 -0.0139153 0.0160926 0.602843 0.322691 -0.472953 -0.555668 0.026513
e_5_6 5 6 3 0.0125 -0.193626 -0.0114863 0.0256063 0.603263 0.38278 -0.492652 -0.496837 0.044674
e_6_7 6 7 4 0.0125 -0.230738 -0.010717 0.03417 0.614182 0.381018 -0.490052 -0.487294 0.031519
e_7_8 7 8 5 0.0125 -0.264318 -0.0077887 0.051894 0.735201 0.195957 -0.397341 -0.513031 0.046455
e_8_2 8 2 6 0.0125 -0.291346 -0.00223643 0.0720681 0.632548 0.211996 -0.424467 -0.612184 0.022065
2 6 5
2 -0.203617 0.212124 0.0268226 0.0125
7 -0.178637 0.194791 0.0267882 0.0125
6 -0.163059 0.171812 0.0162262 0.0125
5 -0.152019 0.149064 0.0124432 0.0125
1 0.150884 -0.129428 0.0114405 0.0125
4 -0.119795 0.096118 0.0133824 0.0125
e_1_4 1 4 1 0.0125 0.0155448 -0.016655 0.0124118 0.614544 -0.121013 -0.694694 -0.353684 0.352337
e_4_5 4 5 2 0.0125 -0.135906 0.122591 0.0129126 0.561431 -0.264724 -0.661439 -0.420971 0.061989
e_5_6 5 6 3 0.0125 -0.157539 0.160438 0.0143341 0.620297 -0.317128 -0.57048 -0.434988 0.025566
e_6_7 6 7 4 0.0125 -0.170848 0.183301 0.0215071 0.721241 -0.258015 -0.505603 -0.396995 0.029703
e_7_2 7 2 5 0.0125 -0.191127 0.203457 0.0268058 0.623822 -0.0813156 -0.702009 -0.333792 0.030405
3 7 6
2 0.0239296 0.245439 0.019035 0.0125
4 -0.102118 -0.0565683 0.0544253 0.0125
1 -0.17849 -0.191599 0.0113364 0.0125
8 0.0261086 0.214086 0.0154306 0.0125
5 -0.0335731 0.13133 0.025123 0.0125
6 -0.00766316 0.159736 0.0132035 0.0125
7 0.0186078 0.194656 0.0113468 0.0125
e_1_4 1 4 1 0.0125 -0.140304 -0.124084 0.0328814 0.756461 -0.407619 0.44725 0.248154 0.161005
e_4_5 4 5 2 0.0125 -0.0678454 0.037381 0.0397741 0.557662 -0.470862 0.592257 0.34137 0.202146
e_5_6 5 6 3 0.0125 -0.0206173 0.145533 0.0191632 0.527377 -0.280273 0.754655 0.271691 0.040253
e_6_7 6 7 4 0.0125 0.00547169 0.177196 0.0122754 0.635155 -0.357397 0.627288 0.274511 0.043738
e_7_8 7 8 5 0.0125 0.0223582 0.204371 0.0133887 0.718224 -0.467396 0.430515 0.283463 0.021225
e_8_2 8 2 6 0.0125 0.0250189 0.229762 0.0172327 0.666976 -0.61414 0.256653 0.334821 0.031634
4 10 9
2 0.24692 -0.0169502 0.0952642 0.0125
11 0.234294 -0.00466542 0.0857836 0.0125
10 0.216801 -0.00129898 0.0765989 0.0125
9 0.198116 -0.00335791 0.0672183 0.0125
4 0.0879741 -0.0183793 0.0336673 0.0125
1 -0.219901 -0.0488548 0.107281 0.0125
8 0.17997 -0.000944295 0.0589783 0.0125
5 0.121759 -0.0142173 0.0358632 0.0125
6 0.144794 -0.00340763 0.0407153 0.0125
7 0.161753 0.00231654 0.0513506 0.0125
e_1_4 1 4 1 0.0125 -0.0659632 -0.0336174 0.0704738 0.491464 -0.537183 0.57199 -0.377789 0.318017
e_4_5 4 5 2 0.0125 0.104866 -0.0162976 0.0347654 0.598258 -0.45705 0.508839 -0.417463 0.034111
e_5_6 5 6 3 0.0125 0.133277 -0.00881222 0.0382893 0.691618 -0.497414 0.398659 -0.33958 0.025905
e_6_7 6 7 4 0.0125 0.153274 -0.00054596 0.0460328 0.768632 -0.358603 0.340561 -0.405741 0.02082
e_7_8 7 8 5 0.0125 0.170862 0.000685972 0.0551644 0.642471 -0.271516 0.485539 -0.527031 0.020017
e_8_9 8 9 6 0.0125 0.189043 -0.00215142 0.0630977 0.661213 -0.275422 0.467892 -0.517704 0.020075
e_9_10 9 10 7 0.0125 0.207458 -0.00232861 0.0719081 0.716232 -0.330471 0.409281 -0.458574 0.021008
e_10_11 10 11 8 0.0125 0.225547 -0.00298188 0.0811918 0.666772 -0.242476 0.46052 -0.533424 0.020042
e_11_2 11 2 9 0.0125 0.240607 -0.0108075 0.0905239 0.561466 -0.0441618 0.510987 -0.649383 0.020006
5 11 10
2 0.323166 -0.150161 0.0187656 0.0125
12 0.314485 -0.132512 0.0148897 0.0125
11 0.302534 -0.116502 0.0187546 0.0125
10 0.285656 -0.104493 0.0167073 0.0125
9 0.270508 -0.0914236 0.0161084 0.0125
4 0.0280068 0.137233 0.0272948 0.0125
1 -0.00710814 0.210838 0.0471353 0.0125
8 0.254651 -0.0790679 0.0126551 0.0125
5 0.0865605 0.0682505 0.0204224 0.0125
6 0.22281 -0.0495947 0.0135422 0.0125
7 0.238064 -0.0631024 0.0124455 0.0125
e_1_4 1 4 1 0.0125 0.0104493 0.174036 0.0372147 -0.218899 -0.56799 0.543678 -0.577827 0.08393
e_4_5 4 5 2 0.0125 0.0572834 0.102742 0.0238579 -0.0467609 -0.51193 0.525159 -0.678196 0.090744
e_5_6 5 6 3 0.0125 0.154685 0.00932779 0.0169822 0.0649963 -0.498352 0.520316 -0.690429 0.180274
e_6_7 6 7 4 0.0125 0.230437 -0.0563486 0.0129938 0.0547981 -0.503375 0.522953 -0.685661 0.020404
e_7_8 7 8 5 0.0125 0.246357 -0.0710846 0.0125499 0.0337258 -0.483376 0.511651 -0.709523 0.023024
e_8_9 8 9 6 0.0125 0.262579 -0.0852459 0.0143822 0.137468 -0.428871 0.481058 -0.752167 0.020398
e_9_10 9 10 7 0.0125 0.278082 -0.0979587 0.0164083 0.0758573 -0.476247 0.508165 -0.713585 0.020015
e_10_11 10 11 8 0.0125 0.294095 -0.110497 0.0177307 0.155116 -0.453517 0.495126 -0.724645 0.020815
e_11_12 11 12 9 0.0125 0.308509 -0.124507 0.0168222 -0.0950136 -0.548498 0.542321 -0.629294 0.020349
e_12_2 12 2 10 0.0125 0.318826 -0.141337 0.0168276 -0.216171 -0.428606 0.468652 -0.741574 0.020047
6 10 9
2 0.064964 0.0565297 0.0141548 0.0125
11 0.0763648 0.0405672 0.0200464 0.0125
10 0.0878007 0.0232141 0.0262526 0.0125
9 0.0908246 0.00358551 0.0318623 0.0125
4 0.09486 -0.14069 0.106845 0.0125
1 0.0958773 -0.363521 0.258541 0.0125
8 0.0934924 -0.0169294 0.0358832 0.0125
5 0.0971597 -0.089027 0.0657499 0.0125
6 0.0981126 -0.0673778 0.047203 0.0125
7 0.096569 -0.0367938 0.0405301 0.0125
e_1_4 1 4 1 0.0125 0.0953689 -0.252106 0.182694 0.305365 -0.574225 -0.672038 -0.354094 0.269566
e_4_5 4 5 2 0.0125 0.0960098 -0.114858 0.0862977 0.22485 -0.499692 -0.749254 -0.371979 0.066055
e_5_6 5 6 3 0.0125 0.0976368 -0.078202 0.0564769 0.205529 -0.480768 -0.770697 -0.364205 0.028523
e_6_7 6 7 4 0.0125 0.0973408 -0.0520858 0.0438665 0.625567 -0.772638 -0.0974066 -0.0469901 0.031341
e_7_8 7 8 5 0.0125 0.0950301 -0.0268619 0.0382067 0.622325 -0.771561 -0.131587 -0.00949751 0.020631
e_8_9 8 9 6 0.0125 0.0921583 -0.00667252 0.0338724 0.635664 -0.768299 -0.0714576 0.0232647 0.021075
e_9_10 9 10 7 0.0125 0.0893124 0.0133995 0.029058 0.599904 -0.770555 -0.205333 -0.0647945 0.020637
e_10_11 10 11 8 0.0125 0.0820832 0.0318905 0.0231495 0.584553 -0.746291 -0.293469 0.123384 0.021689
e_11_2 11 2 9 0.0125 0.0706644 0.0485485 0.0171006 0.580879 -0.742524 -0.304125 0.136913 0.020482
7 11 10
2 0.14919 -0.0235401 0.147993 0.0125
12 0.139492 -0.0231603 0.130503 0.0125
11 0.126919 -0.0291412 0.116139 0.0125
10 0.110931 -0.035492 0.105842 0.0125
9 0.0947323 -0.0412379 0.0956081 0.0125
4 -0.0472144 -0.132519 0.0245735 0.0125
1 -0.241215 -0.263002 0.0125195 0.0125
8 0.0784987 -0.0468318 0.0853437 0.0125
5 0.0312839 -0.0697549 0.0548963 0.0125
6 0.0467748 -0.0612783 0.0652036 0.0125
7 0.0621583 -0.0524582 0.0750253 0.0125
e_1_4 1 4 1 0.0125 -0.144214 -0.197761 0.0185464 0.687793 -0.54547 0.42038 -0.229531 0.23411
e_4_5 4 5 2 0.0125 -0.00796553 -0.101137 0.0397352 0.763862 -0.497554 0.328658 -0.246856 0.104979
e_5_6 5 6 3 0.0125 0.0390294 -0.0655173 0.0600501 0.816389 -0.372371 0.330581 -0.292515 0.020447
e_6_7 6 7 4 0.0125 0.0544665 -0.0568685 0.0701151 0.811916 -0.385292 0.330588 -0.288193 0.020271
e_7_8 7 8 5 0.0125 0.0703285 -0.049645 0.0801845 0.811536 -0.317757 0.377772 -0.312615 0.020127
e_8_9 8 9 6 0.0125 0.0866151 -0.0440345 0.090476 0.811676 -0.317664 0.377534 -0.312633 0.020005
e_9_10 9 10 7 0.0125 0.102832 -0.0383646 0.100725 0.811642 -0.321109 0.37564 -0.311482 0.020004
e_10_11 10 11 8 0.0125 0.118925 -0.0323163 0.11099 0.813812 -0.332279 0.364387 -0.307444 0.020049
e_11_12 11 12 9 0.0125 0.133205 -0.02615 0.123322 0.870253 -0.268102 0.262893 -0.318856 0.020004
e_12_2 12 2 10 0.0125 0.144341 -0.0233501 0.139248 0.898117 -0.0843683 0.23597 -0.361368 0.020003
8 11 10
2 -0.0490137 0.153522 0.0754784 0.0125
12 -0.0425867 0.138212 0.0642572 0.0125
11 -0.0370447 0.122105 0.053736 0.0125
10 -0.0243082 0.107913 0.0476718 0.0125
9 -0.00730524 0.0953732 0.0468622 0.0125
4 0.33168 -0.0156195 0.0186288 0.0125
1 0.38759 -0.0286475 0.0124906 0.0125
8 0.0132909 0.0849583 0.0455087 0.0125
5 0.0763289 0.0600662 0.055037 0.0125
6 0.0509192 0.0664023 0.0494637 0.0125
7 0.0313013 0.073747 0.0473451 0.0125
e_1_4 1 4 1 0.0125 0.359635 -0.0221341 0.0155599 -0.709793 -0.0496923 0.666611 0.22216 0.057735
e_4_5 4 5 2 0.0125 0.204005 0.0222232 0.0368328 0.626436 -0.505624 -0.420269 0.418684 0.268808
e_5_6 5 6 3 0.0125 0.0636246 0.0632343 0.052251 -0.490086 -0.326516 0.705309 0.394642 0.026775
e_6_7 6 7 4 0.0125 0.0411103 0.0700746 0.0484044 -0.229459 -0.563811 0.482114 0.630104 0.021055
e_7_8 7 8 5 0.0125 0.0222961 0.0793524 0.0464274 0.161394 -0.70055 0.228817 0.656373 0.021294
e_8_9 8 9 6 0.0125 0.0029922 0.0901657 0.0461848 0.353911 -0.685547 -0.0273508 0.635629 0.023119
e_9_10 9 10 7 0.0125 -0.0158067 0.101643 0.047267 0.433317 -0.693396 -0.00676537 0.575667 0.021142
e_10_11 10 11 8 0.0125 -0.0306764 0.115009 0.0507035 0.763643 -0.543375 -0.230713 0.261466 0.02001
e_11_12 11 12 9 0.0125 -0.0398151 0.130159 0.0589964 0.872769 -0.466091 -0.141427 0.0321289 0.020021
e_12_2 12 2 10 0.0125 -0.0458001 0.145867 0.0698685 0.883153 -0.433185 -0.179946 0.00328929 0.02004
9 9 8
2 -0.0482245 0.0260848 0.0491445 0.0125
10 -0.0290985 0.0165996 0.0573483 0.0125
9 -0.0110798 0.00678214 0.0622935 0.0125
4 0.206533 0.0892668 0.02959 0.0125
1 0.355207 0.220338 0.0124523 0.0125
8 0.00832632 0.00639998 0.0695594 0.0125
5 0.105311 0.0320753 0.088845 0.0125
6 0.0731057 0.0130823 0.0897877 0.0125
7 0.0337339 0.00661764 0.075586 0.0125
e_1_4 1 4 1 0.0125 0.280871 0.154803 0.0210209 0.588821 0.662071 -0.136344 -0.443129 0.19894
e_4_5 4 5 2 0.0125 0.155922 0.0606717 0.0592176 0.787122 0.412141 -0.321084 -0.327847 0.130492
e_5_6 5 6 3 0.0125 0.0892079 0.022579 0.0893162 0.53408 0.665046 -0.21239 -0.476826 0.0374
e_6_7 6 7 4 0.0125 0.05342 0.00985019 0.0826865 0.146991 0.81342 -0.0775753 -0.557427 0.042351
e_7_8 7 8 5 0.0125 0.0210302 0.0065086 0.0725721 0.241646 0.725058 -0.299457 -0.57116 0.026113
e_8_9 8 9 6 0.0125 -0.00137659 0.00659025 0.0659268 0.0414095 0.81825 -0.0758407 -0.568331 0.020726
e_9_10 9 10 7 0.0125 -0.0200889 0.0116911 0.0598205 0.270999 -0.784782 0.0357598 0.556236 0.021107
e_10_2 10 2 8 0.0125 -0.0386612 0.0213416 0.0532463 -0.527902 0.0741985 0.820872 0.204899 0.022871
10 7 6
2 0.0952236 0.136871 0.0191703 0.0125
4 -0.10326 0.23247 0.141412 0.0125
1 -0.307338 0.293089 0.210321 0.0125
8 0.0838539 0.154207 0.0509777 0.0125
5 -0.0164467 0.186346 0.129746 0.0125
6 0.0529229 0.175475 0.100512 0.0125
7 0.0759148 0.165587 0.0729134 0.0125
e_1_4 1 4 1 0.0125 -0.205299 0.26278 0.175866 0.527002 -0.138099 0.796808 -0.261333 0.223766
e_4_5 4 5 2 0.0125 -0.0598535 0.209408 0.135579 0.635977 0.526115 0.53115 0.191352 0.098995
e_5_6 5 6 3 0.0125 0.018238 0.18091 0.11513 0.311585 -0.607736 0.568187 -0.459059 0.076059
e_6_7 6 7 4 0.0125 0.0644187 0.170531 0.0867136 -0.350341 -0.556063 -0.749118 -0.0829292 0.037258
e_7_8 7 8 5 0.0125 0.0798845 0.159897 0.0619447 -0.203853 -0.20294 -0.938811 0.189454 0.025956
e_8_2 8 2 6 0.0125 0.0895385 0.145538 0.035074 -0.197371 -0.17647 -0.9422 0.205334 0.037967
11 11 10
2 0.0876363 0.12736 0.0758081 0.0125
12 0.0988527 0.112392 0.0828913 0.0125
11 0.109039 0.0956821 0.0870105 0.0125
10 0.121522 0.0807462 0.091611 0.0125
9 0.132583 0.0640826 0.0917533 0.0125
4 0.187187 -0.0249307 0.0900277 0.0125
1 0.383141 -0.266834 0.120134 0.0125
8 0.14321 0.0482883 0.0979627 0.0125
5 0.173043 -0.00814834 0.0916703 0.0125
6 0.15886 0.0115981 0.0962057 0.0125
7 0.150562 0.0294645 0.100316 0.0125
e_1_4 1 4 1 0.0125 0.285165 -0.145882 0.105081 0.668571 -0.523724 -0.523299 -0.0698859 0.312764
e_4_5 4 5 2 0.0125 0.180114 -0.01654 0.0908489 0.72933 -0.473552 -0.488292 -0.0734598 0.02201
e_5_6 5 6 3 0.0125 0.165951 0.00172457 0.0939388 0.767751 -0.541023 -0.339997 0.0474819 0.024731
e_6_7 6 7 4 0.0125 0.154712 0.0205313 0.0982612 0.73243 -0.627731 -0.0618947 0.25626 0.020124
e_7_8 7 8 5 0.0125 0.146885 0.0388768 0.0991393 0.387588 -0.626311 0.406918 0.540304 0.020345
e_8_9 8 9 6 0.0125 0.137896 0.0561852 0.0948576 -0.342785 0.025019 0.808962 0.47692 0.020023
e_9_10 9 10 7 0.0125 0.127052 0.0724144 0.0916821 0.683398 -0.668972 -0.236684 0.171538 0.020001
e_10_11 10 11 8 0.0125 0.115281 0.0882139 0.0893115 0.42384 -0.043766 -0.78301 -0.453143 0.020002
e_11_12 11 12 9 0.0125 0.103946 0.104037 0.0849507 0.308992 -0.677391 0.379641 0.549125 0.02
e_12_2 12 2 10 0.0125 0.0932442 0.119877 0.0793496 -0.555809 0.541232 0.619787 0.118356 0.02
12 7 6
2 -0.343863 -0.13041 0.0107551 0.0125
4 0.050098 -0.190175 0.0544895 0.0125
1 0.121357 -0.206199 0.0114145 0.0125
8 -0.317264 -0.128936 0.0151497 0.0125
5 -0.0567506 -0.148769 0.0660157 0.0125
6 -0.159888 -0.11397 0.057833 0.0125
7 -0.295209 -0.125658 0.0232443 0.0125
e_1_4 1 4 1 0.0125 0.0857274 -0.198187 0.032952 0.820824 -0.260727 -0.421928 0.283276 0.084794
e_4_5 4 5 2 0.0125 -0.00332672 -0.169472 0.0602523 0.605883 -0.558731 -0.371188 0.427721 0.115169
e_5_6 5 6 3 0.0125 -0.108319 -0.13137 0.0619239 0.496744 -0.645649 -0.347305 0.464502 0.109157
e_6_7 6 7 4 0.0125 -0.227548 -0.119814 0.0405385 0.463926 -0.463571 -0.639135 0.401724 0.140159
e_7_8 7 8 5 0.0125 -0.306236 -0.127297 0.0191969 0.383085 -0.522769 -0.630341 0.427351 0.023722
e_8_2 8 2 6 0.0125 -0.330563 -0.129674 0.0129525 0.526402 -0.408361 -0.643908 0.376198 0.026999
13 7 6
2 -0.174992 -0.225689 0.0401536 0.0125
4 -0.248185 -0.0420461 0.0770287 0.0125
1 -0.236827 0.236639 0.0114972 0.0125
8 -0.193137 -0.207274 0.0575234 0.0125
5 -0.238218 -0.136511 0.0776172 0.0125
6 -0.229354 -0.161022 0.0695976 0.0125
7 -0.212742 -0.183143 0.0621545 0.0125
e_1_4 1 4 1 0.0125 -0.242506 0.0972958 0.0442629 0.753336 0.589376 -0.195641 0.216437 0.286511
e_4_5 4 5 2 0.0125 -0.243202 -0.0892785 0.0773228 0.672527 0.688179 -0.152655 0.225418 0.094991
e_5_6 5 6 3 0.0125 -0.233785 -0.148767 0.0736079 0.544634 0.802743 -0.0514283 0.237347 0.02727
e_6_7 6 7 4 0.0125 -0.221049 -0.172082 0.0658763 0.547489 0.778939 0.152227 0.26521 0.028647
e_7_8 7 8 5 0.0125 -0.202939 -0.195209 0.0598389 0.59376 0.733252 0.189757 0.27163 0.031436
e_8_2 8 2 6 0.0125 -0.184064 -0.216482 0.0488386 0.394745 0.864331 0.178238 0.255616 0.031145
