20
1 11 10
2 0.26603 0.343247 0.307852 0.0125
12 0.263041 0.345369 0.28819 0.0125
11 0.267979 0.336947 0.270736 0.0125
10 0.264555 0.336607 0.251034 0.0125
9 0.250907 0.328698 0.238738 0.0125
4 0.169751 0.284203 0.208173 0.0125
1 0.0440567 0.0661669 0.0122999 0.0125
8 0.231295 0.325292 0.236791 0.0125
5 0.182561 0.29951 0.214954 0.0125
6 0.198164 0.310071 0.221663 0.0125
7 0.214388 0.320303 0.227332 0.0125
e_1_4 1 4 1 0.0125 0.106904 0.175185 0.110237 0.896273 -0.364579 0.24492 0.0615732 0.318913
e_4_5 4 5 2 0.0125 0.176156 0.291857 0.211564 0.812799 -0.440569 0.380902 0.013086 0.02108
e_5_6 5 6 3 0.0125 0.190363 0.30479 0.218308 0.81603 -0.347566 0.459864 -0.0426314 0.02
e_6_7 6 7 4 0.0125 0.206275 0.315188 0.224497 0.799293 -0.352355 0.483865 -0.0534011 0.020001
e_7_8 7 8 5 0.0125 0.222841 0.322797 0.232062 0.85414 -0.192091 0.476124 -0.0827748 0.020006
e_8_9 8 9 6 0.0125 0.241101 0.326995 0.237765 0.726014 -0.244001 0.625915 -0.146964 0.02
e_9_10 9 10 7 0.0125 0.257731 0.332652 0.244886 0.898185 -0.230661 0.37339 -0.0252886 0.02
e_10_11 10 11 8 0.0125 0.266267 0.336778 0.260885 0.994788 -0.00384765 0.0862737 0.0542182 0.02
e_11_12 11 12 9 0.0125 0.265511 0.341159 0.279463 0.950921 -0.237448 -0.0850728 0.179247 0.02
e_12_2 12 2 10 0.0125 0.264535 0.344308 0.298021 0.994698 0.0566781 0.0724871 0.0459253 0.02
2 9 8
2 0.228079 -0.225153 0.0123148 0.0125
10 0.223559 -0.205675 0.0152196 0.0125
9 0.217502 -0.186543 0.0148374 0.0125
4 0.129968 -0.010078 0.0483672 0.0125
1 -0.090503 0.0935407 0.0444955 0.0125
8 0.208453 -0.167275 0.0229388 0.0125
5 0.204558 -0.0999964 0.0115293 0.0125
6 0.211162 -0.120287 0.0191704 0.0125
7 0.21294 -0.141259 0.0244584 0.0125
e_1_4 1 4 1 0.0125 0.0197325 0.0417315 0.0464307 0.491955 0.665302 0.222326 0.51568 0.243638
e_4_5 4 5 2 0.0125 0.167263 -0.055037 0.0299484 0.42421 0.80398 -0.0630265 0.411935 0.122499
e_5_6 5 6 3 0.0125 0.20786 -0.110142 0.0153505 0.697636 0.560025 -0.13349 0.426446 0.022665
e_6_7 6 7 4 0.0125 0.212051 -0.130773 0.0218141 0.69218 0.562745 -0.247962 0.377783 0.021702
e_7_8 7 8 5 0.0125 0.210696 -0.154267 0.0236986 0.622415 0.59754 -0.414347 0.289587 0.026444
e_8_9 8 9 6 0.0125 0.212977 -0.176909 0.0188883 0.439092 0.798269 -0.201487 0.359677 0.022777
e_9_10 9 10 7 0.0125 0.22053 -0.196109 0.0150292 0.595624 0.673637 -0.191556 0.393385 0.020071
e_10_2 10 2 8 0.0125 0.225819 -0.215414 0.013767 0.548456 0.710721 -0.258395 0.356797 0.020205
3 6 5
2 -0.0110307 0.25125 0.0169907 0.0125
7 1.11259e-05 0.228744 0.0114545 0.0125
6 0.00698325 0.207876 0.0120492 0.0125
5 0.0102033 0.179077 0.0231223 0.0125
1 -0.0535366 -0.234466 0.04389 0.0125
4 -0.0178857 -0.0267319 0.0114612 0.0125
e_1_4 1 4 1 0.0125 -0.0357112 -0.130599 0.0276756 0.562846 -0.582073 0.487059 0.327367 0.213251
e_4_5 4 5 2 0.0125 -0.00384123 0.0761728 0.0172918 0.657592 -0.576469 0.373707 0.309191 0.208045
e_5_6 5 6 3 0.0125 0.00859336 0.193477 0.0175858 0.417551 -0.664714 0.48644 0.383644 0.031021
e_6_7 6 7 4 0.0125 0.00349719 0.21831 0.0117519 0.593892 -0.697804 0.163052 0.365753 0.022011
e_7_2 7 2 5 0.0125 -0.00551021 0.239997 0.0142223 0.719146 -0.625125 -0.037312 0.30109 0.025672
4 9 8
2 0.0452139 0.180331 0.0564187 0.0125
10 0.0316997 0.166037 0.0526799 0.0125
9 0.0316673 0.145052 0.0484916 0.0125
4 0.00172498 -0.153939 0.0118143 0.0125
1 -0.0603408 -0.288042 0.0339182 0.0125
8 0.0230328 0.125597 0.0427364 0.0125
5 0.0146934 0.0395868 0.0222125 0.0125
6 0.0212196 0.0891586 0.025851 0.0125
7 0.0166129 0.106575 0.0390498 0.0125
e_1_4 1 4 1 0.0125 -0.0293081 -0.220991 0.0228671 0.581826 -0.46865 0.595259 0.295825 0.149413
e_4_5 4 5 2 0.0125 0.00820928 -0.0571764 0.0170137 0.71883 -0.67345 0.140356 0.100242 0.194238
e_5_6 5 6 3 0.0125 0.0179571 0.0643723 0.0240318 0.721609 -0.650117 0.202626 0.124783 0.050132
e_6_7 6 7 4 0.0125 0.0189166 0.0978673 0.0324499 0.882318 -0.41558 -0.178335 -0.1304 0.022333
e_7_8 7 8 5 0.0125 0.0198228 0.116086 0.0408931 0.751806 -0.551202 0.325359 0.158449 0.020412
e_8_9 8 9 6 0.0125 0.0273502 0.135325 0.0456143 0.778748 -0.496758 0.350342 0.15506 0.02205
e_9_10 9 10 7 0.0125 0.0316841 0.155545 0.0505856 0.772703 -0.633674 0.0241948 0.0283139 0.021398
e_10_2 10 2 8 0.0125 0.0384566 0.173184 0.0545489 0.73798 -0.318364 0.552522 0.220795 0.020023
5 11 10
2 -0.0934057 0.192302 0.0321614 0.0125
12 -0.10147 0.179144 0.0194404 0.0125
11 -0.105127 0.159638 0.0169071 0.0125
10 -0.108577 0.139933 0.017248 0.0125
9 -0.110657 0.116612 0.0288105 0.0125
4 -0.0328392 -0.00168422 0.0544484 0.0125
1 0.182374 -0.122796 0.0114904 0.0125
8 -0.110526 0.0950191 0.0246846 0.0125
5 -0.0512888 0.00850578 0.0520518 0.0125
6 -0.075956 0.0437988 0.0199549 0.0125
7 -0.0966945 0.0628216 0.0123333 0.0125
e_1_4 1 4 1 0.0125 0.0747674 -0.0622399 0.0329687 -0.158686 0.614211 -0.192501 -0.74867 0.250659
e_4_5 4 5 2 0.0125 -0.0420636 0.00341038 0.0532497 -0.0524143 0.67935 -0.308162 -0.663907 0.021212
e_5_6 5 6 3 0.0125 -0.063622 0.0261519 0.0360029 -0.186822 0.770615 -0.452745 -0.407765 0.053705
e_6_7 6 7 4 0.0125 -0.0863247 0.0533108 0.016144 -0.178486 0.717109 -0.341265 -0.580892 0.029156
e_7_8 7 8 5 0.0125 -0.10361 0.0789204 0.018509 -0.659926 0.563383 -0.128003 -0.480326 0.037155
e_8_9 8 9 6 0.0125 -0.110592 0.105815 0.0267472 -0.720406 0.597156 -0.222641 -0.273588 0.021984
e_9_10 9 10 7 0.0125 -0.109618 0.128273 0.0230293 -0.479245 0.736496 -0.423044 -0.221206 0.026113
e_10_11 10 11 8 0.0125 -0.106852 0.149785 0.0170775 -0.675306 0.643581 -0.307124 -0.188256 0.020008
e_11_12 11 12 9 0.0125 -0.103298 0.169391 0.0181733 -0.730778 0.604666 -0.266595 -0.171083 0.020007
e_12_2 12 2 10 0.0125 -0.097438 0.185723 0.0258001 -0.894023 0.393263 -0.165257 0.136954 0.02
6 8 7
2 -0.472479 0.026238 0.194414 0.0125
9 -0.456189 0.0158389 0.200518 0.0125
4 -0.323909 -0.0656597 0.169797 0.0125
1 -0.0756481 -0.148076 0.0114982 0.0125
8 -0.43911 0.00642417 0.206566 0.0125
5 -0.367352 -0.0510535 0.195447 0.0125
6 -0.400734 -0.0324609 0.214654 0.0125
7 -0.418348 -0.0177459 0.220208 0.0125
e_1_4 1 4 1 0.0125 -0.199779 -0.106868 0.0906474 -0.871128 0.155754 0.465696 -0.00194361 0.305753
e_4_5 4 5 2 0.0125 -0.34563 -0.0583567 0.182622 -0.862658 0.161792 0.47921 -0.00107774 0.052521
e_5_6 5 6 3 0.0125 -0.384043 -0.0417567 0.20505 -0.850611 0.237919 0.467791 0.0320463 0.042766
e_6_7 6 7 4 0.0125 -0.409541 -0.0251034 0.217431 -0.782389 0.350105 0.509744 0.073853 0.023615
e_7_8 7 8 5 0.0125 -0.428729 -0.00566135 0.213387 -0.537711 0.501147 0.667567 0.118633 0.03466
e_8_9 8 9 6 0.0125 -0.447649 0.0111309 0.203541 -0.591682 0.33747 0.730918 0.0422567 0.020419
e_9_2 9 2 7 0.0125 -0.464333 0.0210388 0.197465 -0.588432 0.367299 0.718103 0.0562796 0.020266
7 9 8
2 -0.0470626 -0.0537879 0.0118274 0.0125
10 -0.0668443 -0.0470281 0.0141918 0.0125
9 -0.089523 -0.0393775 0.0168108 0.0125
4 -0.206454 -0.00234503 0.066562 0.0125
1 -0.448455 0.0822034 0.251744 0.0125
8 -0.108347 -0.0301749 0.0179426 0.0125
5 -0.163478 -0.019317 0.0480131 0.0125
6 -0.142604 -0.0284253 0.0389391 0.0125
7 -0.129252 -0.0333374 0.0225178 0.0125
e_1_4 1 4 1 0.0125 -0.327455 0.0399297 0.159153 0.33803 0.781042 0.427506 0.304874 0.316236
e_4_5 4 5 2 0.0125 -0.184966 -0.0108306 0.0572872 0.548685 0.452935 0.69363 0.112574 0.04979
e_5_6 5 6 3 0.0125 -0.153041 -0.0238712 0.0434758 0.541799 0.517246 0.646168 0.146211 0.024516
e_6_7 6 7 4 0.0125 -0.135929 -0.0308818 0.0307281 -0.276303 0.282506 -0.893357 0.213915 0.021726
e_7_8 7 8 5 0.0125 -0.1188 -0.0317566 0.0202298 0.535333 -0.501399 0.595287 -0.328104 0.021633
e_8_9 8 9 6 0.0125 -0.0989345 -0.0347763 0.0173764 0.684299 0.38272 0.616837 0.0690922 0.020983
e_9_10 9 10 7 0.0125 -0.0781836 -0.0432028 0.0155013 0.667539 0.233572 0.706978 -0.00418392 0.024078
e_10_2 10 2 8 0.0125 -0.0569533 -0.0504075 0.0130096 0.666182 0.240301 0.706015 -0.00082266 0.021038
8 6 5
2 0.101396 -0.145125 0.0305625 0.0125
7 0.0937832 -0.121544 0.0437712 0.0125
6 0.0976336 -0.102807 0.05415 0.0125
5 0.088331 -0.070431 0.0555245 0.0125
1 0.0892704 0.305083 0.217644 0.0125
4 0.0577346 0.160939 0.130769 0.0125
e_1_4 1 4 1 0.0125 0.0735025 0.233011 0.174206 0.152893 0.437782 0.749687 -0.472166 0.171229
e_4_5 4 5 2 0.0125 0.0730328 0.045254 0.0931469 0.513091 0.646481 0.485271 -0.288638 0.245214
e_5_6 5 6 3 0.0125 0.0929825 -0.0866184 0.0548375 0.683918 0.65336 0.305791 -0.108945 0.033713
e_6_7 6 7 4 0.0125 0.0957084 -0.112175 0.0489601 0.209543 0.502689 0.696967 -0.466512 0.021764
e_7_2 7 2 5 0.0125 0.0975889 -0.133335 0.0371668 0.413181 0.498122 0.697897 -0.30675 0.02808
9 6 5
2 0.128083 0.185565 0.0780042 0.0125
7 0.11713 0.133507 0.0967749 0.0125
6 0.0895051 0.0616612 0.127535 0.0125
5 0.0541521 0.0136867 0.106029 0.0125
1 -0.198528 -0.100621 0.0127102 0.0125
4 -0.0885675 -0.0237623 0.0668945 0.0125
e_1_4 1 4 1 0.0125 -0.143548 -0.0621922 0.0398029 0.713283 -0.0420772 0.557658 0.422461 0.144688
e_4_5 4 5 2 0.0125 -0.0172077 -0.00503782 0.0864618 0.716119 0.112911 0.599225 0.339638 0.152653
e_5_6 5 6 3 0.0125 0.0718281 0.0376744 0.116782 0.659743 -0.171251 0.548589 0.484214 0.063354
e_6_7 6 7 4 0.0125 0.103318 0.097584 0.112154 0.310104 -0.179778 0.808223 0.467216 0.082893
e_7_2 7 2 5 0.0125 0.122606 0.159536 0.0873896 0.290872 -0.257083 0.774773 0.499027 0.056412
10 9 8
2 -0.156951 -0.149219 0.0876663 0.0125
10 -0.141124 -0.140852 0.078744 0.0125
9 -0.123897 -0.133401 0.071772 0.0125
4 0.172712 -0.2271 0.0537485 0.0125
1 0.283493 -0.212999 0.0217936 0.0125
8 -0.110688 -0.120529 0.0638114 0.0125
5 0.0486778 -0.154749 0.0569394 0.0125
6 -0.072511 -0.101218 0.0483056 0.0125
7 -0.094918 -0.105391 0.0575631 0.0125
e_1_4 1 4 1 0.0125 0.228102 -0.220049 0.0377706 0.707519 0.344173 -0.493959 -0.37009 0.116157
e_4_5 4 5 2 0.0125 0.110694 -0.190924 0.055344 0.54538 0.121746 -0.688526 -0.462245 0.143629
e_5_6 5 6 3 0.0125 -0.0119165 -0.127983 0.0526229 0.515754 0.215808 -0.697094 -0.44887 0.132766
e_6_7 6 7 4 0.0125 -0.0837139 -0.103304 0.0529347 0.748113 0.32944 -0.450911 -0.358433 0.024601
e_7_8 7 8 5 0.0125 -0.102803 -0.112961 0.0606875 0.758547 0.531691 -0.282627 -0.249064 0.022735
e_8_9 8 9 6 0.0125 -0.117292 -0.126965 0.0677914 0.796828 0.484048 -0.259914 -0.251411 0.020087
e_9_10 9 10 7 0.0125 -0.132511 -0.137126 0.0752584 0.755906 0.413182 -0.393917 -0.320492 0.020022
e_10_2 10 2 8 0.0125 -0.149037 -0.145035 0.0832049 0.793455 0.396812 -0.34572 -0.305692 0.020002
11 6 5
2 0.217675 -0.182562 0.0662149 0.0125
7 0.0848917 -0.133918 0.0697758 0.0125
6 0.059835 -0.133341 0.0779519 0.0125
5 -0.0198358 -0.162897 0.0822146 0.0125
1 -0.225783 -0.279952 0.0125533 0.0125
4 -0.179064 -0.250412 0.0319367 0.0125
e_1_4 1 4 1 0.0125 -0.202424 -0.265182 0.022245 0.721864 -0.501234 0.288632 -0.379958 0.058574
e_4_5 4 5 2 0.0125 -0.09945 -0.206654 0.0570756 0.701305 -0.507851 0.329752 -0.376194 0.188522
e_5_6 5 6 3 0.0125 0.0199998 -0.148119 0.0800839 0.535432 -0.623524 0.369144 -0.433892 0.085083
e_6_7 6 7 4 0.0125 0.0723634 -0.133629 0.073864 0.18555 0.773596 0.237955 0.557223 0.026362
e_7_2 7 2 5 0.0125 0.151283 -0.15824 0.0679953 0.555592 0.603076 0.385861 0.422762 0.141458
12 11 10
2 -0.319454 0.142158 0.0124051 0.0125
12 -0.301775 0.130513 0.0157271 0.0125
11 -0.28543 0.118908 0.0181534 0.0125
10 -0.268933 0.115403 0.0293553 0.0125
9 -0.252917 0.102909 0.0388891 0.0125
4 -0.0449514 -0.0352701 0.130764 0.0125
1 0.0825428 -0.0722576 0.1481 0.0125
8 -0.240387 0.0895807 0.0520586 0.0125
5 -0.183655 0.00750229 0.0900864 0.0125
6 -0.20342 0.0479569 0.075424 0.0125
7 -0.226298 0.0755073 0.0654827 0.0125
e_1_4 1 4 1 0.0125 0.0187963 -0.0537636 0.139433 0.64867 -0.074215 -0.747821 -0.120347 0.133878
e_4_5 4 5 2 0.0125 -0.114303 -0.013884 0.110426 0.595505 -0.102607 -0.790188 -0.102213 0.150741
e_5_6 5 6 3 0.0125 -0.193537 0.0277287 0.0827551 0.548348 -0.551086 -0.592563 -0.210922 0.047352
e_6_7 6 7 4 0.0125 -0.214859 0.0617321 0.0704534 0.57681 -0.429788 -0.670092 -0.183161 0.037166
e_7_8 7 8 5 0.0125 -0.233343 0.0825445 0.0587709 0.452115 -0.431934 -0.770012 -0.126917 0.024016
e_8_9 8 9 6 0.0125 -0.246651 0.096245 0.0454734 0.437847 -0.452775 -0.766242 -0.127116 0.022541
e_9_10 9 10 7 0.0125 -0.260925 0.109156 0.0341215 0.520161 -0.341793 -0.771763 -0.130349 0.022439
e_10_11 10 11 8 0.0125 -0.277182 0.117155 0.0237544 0.470339 -0.0975887 -0.875843 -0.0464362 0.020247
e_11_12 11 12 9 0.0125 -0.293603 0.124711 0.0169407 0.642126 -0.266621 -0.699278 -0.166124 0.020192
e_12_2 12 2 10 0.0125 -0.310615 0.136336 0.0140665 0.630807 -0.252597 -0.716732 -0.156754 0.021428
13 6 5
2 -0.147417 0.0504046 0.0828103 0.0125
7 -0.118617 -0.082989 0.0716862 0.0125
6 -0.121345 -0.206495 0.13965 0.0125
5 -0.121454 -0.254601 0.182361 0.0125
1 -0.0950141 -0.378389 0.275559 0.0125
4 -0.11056 -0.333798 0.237726 0.0125
e_1_4 1 4 1 0.0125 -0.102787 -0.356093 0.256642 0.274173 -0.309512 -0.846659 -0.334964 0.06051
e_4_5 4 5 2 0.0125 -0.116007 -0.294199 0.210044 0.389161 -0.670209 -0.579216 -0.252749 0.097242
e_5_6 5 6 3 0.0125 -0.1214 -0.230548 0.161006 0.370085 -0.824372 -0.390357 -0.176264 0.064331
e_6_7 6 7 4 0.0125 -0.119981 -0.144741 0.105668 0.485537 -0.826776 -0.239688 -0.152462 0.140997
e_7_2 7 2 5 0.0125 -0.133018 -0.0162917 0.077248 0.689105 -0.571024 -0.365112 -0.256434 0.13692
14 6 5
2 0.136897 -0.22215 0.0745306 0.0125
7 0.113906 -0.223047 0.0761051 0.0125
6 0.0954821 -0.222104 0.0854546 0.0125
5 0.0713565 -0.219372 0.0948997 0.0125
1 -0.31383 -0.0337965 0.134778 0.0125
4 -0.0387804 -0.161574 0.117604 0.0125
e_1_4 1 4 1 0.0125 -0.176305 -0.097685 0.126192 0.627738 0.0123958 0.726716 -0.278703 0.303767
e_4_5 4 5 2 0.0125 0.016288 -0.190473 0.106252 0.571267 0.0108301 0.7679 -0.289596 0.126437
e_5_6 5 6 3 0.0125 0.0834193 -0.220738 0.0901772 0.493022 -0.318492 0.761467 -0.275063 0.026053
e_6_7 6 7 4 0.0125 0.104694 -0.222576 0.0807799 0.449604 -0.398303 0.753249 -0.268005 0.020681
e_7_2 7 2 5 0.0125 0.125401 -0.222598 0.0753175 0.63446 -0.295743 0.668336 -0.251641 0.023063
15 6 5
2 0.0297161 0.182883 0.112712 0.0125
7 0.0267861 0.162425 0.114779 0.0125
6 0.0279207 0.116121 0.0963111 0.0125
5 0.0293136 0.0347952 0.0701748 0.0125
1 0.0668889 -0.288571 0.149105 0.0125
4 0.0811458 -0.265498 0.129471 0.0125
e_1_4 1 4 1 0.0125 0.0740178 -0.277034 0.139287 0.304104 -0.158579 0.876385 0.338117 0.033484
e_4_5 4 5 2 0.0125 0.0552301 -0.115351 0.0998224 0.635432 -0.754205 -0.163329 -0.0269228 0.310448
e_5_6 5 6 3 0.0125 0.0286167 0.0754579 0.083243 0.807828 -0.589083 0.00410574 0.0194722 0.085434
e_6_7 6 7 4 0.0125 0.027354 0.139273 0.105545 0.827649 -0.561066 -0.00465645 0.0133925 0.049864
e_7_2 7 2 5 0.0125 0.0282517 0.172654 0.113746 0.659854 -0.702684 0.236609 0.121831 0.02077
16 10 9
2 -0.289691 -0.116657 0.195069 0.0125
11 -0.285539 -0.0998245 0.184083 0.0125
10 -0.277603 -0.0744667 0.16995 0.0125
9 -0.267617 -0.0478603 0.158518 0.0125
4 -0.0279476 0.13999 0.0375015 0.0125
1 -0.0375472 0.213762 0.0113152 0.0125
8 -0.228007 -0.00787232 0.136092 0.0125
5 -0.0375815 0.109749 0.0606564 0.0125
6 -0.106797 0.0429869 0.097159 0.0125
7 -0.160473 0.0185228 0.114115 0.0125
e_1_4 1 4 1 0.0125 -0.0327479 0.176877 0.0244088 -0.0932283 0.00861633 -0.577851 0.810754 0.078868
e_4_5 4 5 2 0.0125 -0.032765 0.12487 0.0490784 0.0430057 -0.11655 -0.437873 0.890412 0.039287
e_5_6 5 6 3 0.0125 -0.0721894 0.0763674 0.0789072 0.209408 -0.295011 -0.485317 0.79598 0.102861
e_6_7 6 7 4 0.0125 -0.133635 0.0307544 0.105638 0.318285 -0.402649 -0.446918 0.732689 0.061377
e_7_8 7 8 5 0.0125 -0.194241 0.00532481 0.125104 0.332772 -0.415178 -0.427316 0.730952 0.075766
e_8_9 8 9 6 0.0125 -0.247812 -0.0278668 0.147306 0.201171 -0.286181 -0.482729 0.802872 0.060587
e_9_10 9 10 7 0.0125 -0.272609 -0.0611636 0.164234 0.0669693 -0.153713 -0.53832 0.825893 0.030632
e_10_11 10 11 8 0.0125 -0.281571 -0.0871461 0.177016 0.0460425 -0.127188 -0.499016 0.855971 0.030095
e_11_2 11 2 9 0.0125 -0.287615 -0.108241 0.189576 0.0251071 -0.10199 -0.471139 0.875783 0.020525
17 6 5
2 0.179037 0.164979 0.0555878 0.0125
7 0.174403 0.145933 0.0625379 0.0125
6 0.172645 0.124349 0.065369 0.0125
5 0.154436 0.0718052 0.0924908 0.0125
1 0.447206 -0.137512 0.239231 0.0125
4 0.172421 0.0425166 0.126044 0.0125
e_1_4 1 4 1 0.0125 0.309814 -0.0474978 0.182638 0.391315 0.202412 -0.788611 -0.428947 0.34746
e_4_5 4 5 2 0.0125 0.163429 0.0571607 0.109267 -0.35999 0.547612 0.741212 0.145371 0.048032
e_5_6 5 6 3 0.0125 0.163541 0.098077 0.0789299 0.245329 -0.124825 0.838811 0.469712 0.061871
e_6_7 6 7 4 0.0125 0.173524 0.13514 0.0639531 0.450895 -0.467444 0.588478 0.481543 0.021839
e_7_2 7 2 5 0.0125 0.17672 0.155456 0.0590628 0.306012 -0.257232 0.775183 0.489161 0.020798
18 8 7
2 -0.223982 -0.181005 0.087906 0.0125
9 -0.204321 -0.176589 0.0976373 0.0125
4 0.0153743 -0.105158 0.148387 0.0125
1 0.214054 -0.0972363 0.0358255 0.0125
8 -0.172681 -0.163354 0.115289 0.0125
5 -0.0983693 -0.155505 0.142838 0.0125
6 -0.123904 -0.159552 0.142007 0.0125
7 -0.145871 -0.150185 0.12769 0.0125
e_1_4 1 4 1 0.0125 0.114714 -0.101198 0.0921063 0.635873 -0.325904 -0.384016 0.584794 0.228488
e_4_5 4 5 2 0.0125 -0.0414976 -0.130332 0.145612 0.38587 -0.38497 -0.611623 0.573428 0.124511
e_5_6 5 6 3 0.0125 -0.111137 -0.157528 0.142422 0.462409 -0.455326 -0.555651 0.519719 0.025867
e_6_7 6 7 4 0.0125 -0.134888 -0.154869 0.134849 0.423464 -0.702756 -0.513045 0.252184 0.027843
e_7_8 7 8 5 0.0125 -0.159276 -0.156769 0.121489 0.26967 -0.474459 -0.68309 0.485341 0.032341
e_8_9 8 9 6 0.0125 -0.188501 -0.169971 0.106463 0.263285 -0.512926 -0.682434 0.449301 0.038573
e_9_2 9 2 7 0.0125 -0.214152 -0.178797 0.0927721 0.319201 -0.549382 -0.644695 0.425039 0.022377
19 6 5
2 -0.0620627 0.0631323 0.156533 0.0125
7 0.00867087 0.0143628 0.13973 0.0125
6 0.121117 -0.0119746 0.111103 0.0125
5 0.210444 -0.0121673 0.0878071 0.0125
1 0.382235 -0.0868095 0.0194183 0.0125
4 0.239409 -0.0152498 0.0812498 0.0125
e_1_4 1 4 1 0.0125 0.310822 -0.0510297 0.050334 0.0371301 0.493468 -0.275703 -0.824074 0.171299
e_4_5 4 5 2 0.0125 0.224927 -0.0137083 0.0845283 0.251074 0.566912 -0.262297 -0.739441 0.029858
e_5_6 5 6 3 0.0125 0.165781 -0.0120707 0.0994553 0.314483 0.560528 -0.244199 -0.726137 0.092315
e_6_7 6 7 4 0.0125 0.0648937 0.00119412 0.125416 0.177963 0.552695 -0.272458 -0.767219 0.118984
e_7_2 7 2 5 0.0125 -0.0266953 0.0387474 0.148131 -0.0550004 0.547681 -0.322608 -0.770029 0.087544
20 8 7
2 0.207563 -0.016348 0.106925 0.0125
9 0.206738 -0.00931745 0.0881001 0.0125
4 0.174524 0.0835617 0.088665 0.0125
1 -0.0458259 0.279581 0.308034 0.0125
8 0.201612 0.00533227 0.0753932 0.0125
5 0.176871 0.0642521 0.0758237 0.0125
6 0.184583 0.0408646 0.0683917 0.0125
7 0.198411 0.023097 0.0655766 0.0125
e_1_4 1 4 1 0.0125 0.0643489 0.181571 0.19835 0.408714 0.264274 0.853564 -0.185851 0.36756
e_4_5 4 5 2 0.0125 0.175697 0.0739067 0.0822445 0.418175 0.821446 -0.317327 0.222843 0.023308
e_5_6 5 6 3 0.0125 0.180726 0.0525581 0.0721078 0.580799 0.799522 0.0723904 0.134898 0.025723
e_6_7 6 7 4 0.0125 0.191496 0.0319811 0.0669844 0.660645 0.617725 0.424786 0.0389944 0.02269
e_7_8 7 8 5 0.0125 0.200011 0.0142141 0.0704846 0.815131 0.505665 -0.0737032 0.272824 0.020547
e_8_9 8 9 6 0.0125 0.204175 -0.00199233 0.0817459 0.866187 0.427608 0.0202765 0.257799 0.020059
e_9_2 9 2 7 0.0125 0.207151 -0.012833 0.0975124 0.934327 0.175238 -0.0358708 0.308282 0.020113
