20
1 8 7
2 -0.0125725 -0.15964 0.0116146 0.0125
9 -0.00404465 -0.140762 0.0226413 0.0125
4 -0.00538094 0.110232 0.0114736 0.0125
1 -0.0532915 0.26635 0.125117 0.0125
8 0.010866 -0.12695 0.026182 0.0125
5 0.0452154 -0.0391026 0.0114932 0.0125
6 0.0362901 -0.0755009 0.0205376 0.0125
7 0.0276822 -0.110594 0.0289508 0.0125
e_1_4 1 4 1 0.0125 -0.0293362 0.188291 0.0682955 -0.0966455 0.077451 -0.882951 0.452833 0.198955
e_4_5 4 5 2 0.0125 0.0199174 0.035564 0.0114835 -0.342419 -0.125754 -0.695789 0.618719 0.157674
e_5_6 5 6 3 0.0125 0.0407528 -0.0573018 0.0160154 0.178875 -0.00667238 -0.618593 0.76505 0.038552
e_6_7 6 7 4 0.0125 0.0319856 -0.0930478 0.0247442 0.182797 -0.00309051 -0.621767 0.761565 0.0371
e_7_8 7 8 5 0.0125 0.0192736 -0.118772 0.0275669 0.645247 0.378506 -0.644478 0.158234 0.023622
e_8_9 8 9 6 0.0125 0.00341036 -0.133855 0.0244119 0.627598 0.382832 -0.662752 0.14255 0.020631
e_9_2 9 2 7 0.0125 -0.00830888 -0.150201 0.0171281 0.334292 0.23892 -0.823327 0.391534 0.023467
2 6 5
2 -0.0917162 -0.0829889 0.0119348 0.0125
7 0.0174724 -0.0122433 0.0423138 0.0125
6 0.0454957 -0.00678847 0.03382 0.0125
5 0.0887759 0.00864403 0.0241109 0.0125
1 0.369755 0.0671247 0.0116141 0.0125
4 0.329119 0.0655849 0.0244749 0.0125
e_1_4 1 4 1 0.0125 0.349437 0.066355 0.0180447 0.701714 -0.271853 -0.524711 0.39796 0.042649
e_4_5 4 5 2 0.0125 0.208948 0.037114 0.0242931 0.289729 -0.561129 -0.431127 0.644454 0.246996
e_5_6 5 6 3 0.0125 0.0671359 0.000928472 0.0289655 0.371846 -0.41957 -0.469682 0.681975 0.046964
e_6_7 6 7 4 0.0125 0.0314842 -0.00951631 0.0380667 0.612165 -0.291615 -0.521896 0.517531 0.029786
e_7_2 7 2 5 0.0125 -0.0371225 -0.0476163 0.0271241 -0.210141 -0.762755 -0.178596 0.584935 0.133604
3 6 5
2 0.19695 0.146606 0.0643424 0.0125
7 0.179238 0.119054 0.0446406 0.0125
6 0.154705 0.113737 0.0330057 0.0125
5 -0.042642 0.0798785 0.0361106 0.0125
1 -0.216041 -0.0651741 0.0118953 0.0125
4 -0.114471 0.0463879 0.0438701 0.0125
e_1_4 1 4 1 0.0125 -0.165256 -0.00939333 0.0278824 0.507186 -0.624951 -0.0759803 -0.588579 0.154224
e_4_5 4 5 2 0.0125 -0.0785563 0.063133 0.0399901 0.152261 -0.724845 -0.152708 -0.654291 0.079632
e_5_6 5 6 3 0.0125 0.0560312 0.0968073 0.0345585 -0.0251497 -0.697534 -0.145593 -0.701153 0.200253
e_6_7 6 7 4 0.0125 0.166971 0.116395 0.0388235 0.185824 -0.538262 0.00478141 -0.822022 0.027668
e_7_2 7 2 5 0.0125 0.188094 0.13283 0.0544918 0.721302 -0.492092 -0.0112048 -0.487281 0.038223
4 8 7
2 0.354206 0.156781 0.116354 0.0125
9 0.320389 0.149969 0.0953785 0.0125
4 -0.0603606 0.0085116 0.0219125 0.0125
1 -0.092265 -0.00653822 0.03152 0.0125
8 0.282322 0.137003 0.0776089 0.0125
5 -0.0388453 0.00771458 0.023697 0.0125
6 0.151251 0.107293 0.063508 0.0125
7 0.240835 0.133287 0.0877288 0.0125
e_1_4 1 4 1 0.0125 -0.0763132 0.00098692 0.0267164 0.562363 -0.043155 0.793428 0.228817 0.03656
e_4_5 4 5 2 0.0125 -0.0496031 0.00811271 0.022805 0.727494 0.125774 0.665492 0.109793 0.021604
e_5_6 5 6 3 0.0125 0.0562024 0.0575034 0.0436021 0.766614 -0.252202 0.587531 0.0591886 0.218259
e_6_7 6 7 4 0.0125 0.196043 0.12029 0.0756181 0.78893 -0.127685 0.598358 0.0570385 0.096373
e_7_8 7 8 5 0.0125 0.261579 0.135145 0.0826684 0.583061 0.193469 0.761981 0.204923 0.042865
e_8_9 8 9 6 0.0125 0.301356 0.143486 0.0864934 0.837903 -0.176149 0.516614 -0.000265382 0.043966
e_9_2 9 2 7 0.0125 0.337298 0.153375 0.105866 0.871078 -0.114156 0.476645 -0.0316423 0.040372
5 7 6
2 -0.169906 0.250363 0.0316245 0.0125
4 -0.194282 0.107884 0.0114987 0.0125
1 -0.388502 -0.179419 0.0130197 0.0125
8 -0.169643 0.23266 0.021795 0.0125
5 -0.185729 0.132994 0.0173332 0.0125
6 -0.162797 0.189998 0.0214177 0.0125
7 -0.166351 0.213061 0.0262912 0.0125
e_1_4 1 4 1 0.0125 -0.291392 -0.0357681 0.0122599 0.299459 -0.608539 -0.363142 -0.638852 0.346795
e_4_5 4 5 2 0.0125 -0.190006 0.120439 0.0144162 0.445247 -0.504671 -0.371362 -0.63965 0.027162
e_5_6 5 6 3 0.0125 -0.174263 0.161496 0.0193759 0.395395 -0.557624 -0.394828 -0.613864 0.061579
e_6_7 6 7 4 0.0125 -0.164574 0.20153 0.0238547 0.598692 -0.419806 -0.4707 -0.493733 0.023839
e_7_8 7 8 5 0.0125 -0.167997 0.222861 0.0240435 0.50059 -0.540542 -0.564044 -0.372932 0.020375
e_8_2 8 2 6 0.0125 -0.169774 0.241512 0.0267095 0.607397 -0.352112 -0.365122 -0.611369 0.020251
6 11 10
2 0.110192 0.174895 0.0624865 0.0125
12 0.103475 0.157196 0.0560307 0.0125
11 0.0985601 0.137827 0.0551885 0.0125
10 0.0869304 0.122778 0.0614538 0.0125
9 0.0737892 0.107702 0.0628692 0.0125
4 0.0531443 -0.0686061 0.0537753 0.0125
1 0.121433 -0.281398 0.0114853 0.0125
8 0.060368 0.0914865 0.0643058 0.0125
5 0.0361669 -0.0179059 0.0627551 0.0125
6 0.0326325 0.00317478 0.0643252 0.0125
7 0.0435999 0.0733287 0.064856 0.0125
e_1_4 1 4 1 0.0125 0.0872892 -0.175002 0.0326307 0.728434 -0.511436 -0.381401 -0.249701 0.227447
e_4_5 4 5 2 0.0125 0.0446562 -0.0432564 0.0582654 0.718568 -0.507222 -0.399892 -0.257824 0.054216
e_5_6 5 6 3 0.0125 0.0343994 -0.00736523 0.0635404 0.674639 -0.574417 -0.365266 -0.285461 0.021433
e_6_7 6 7 4 0.0125 0.0381163 0.0382514 0.0645912 0.665342 -0.690342 -0.140314 -0.247103 0.071008
e_7_8 7 8 5 0.0125 0.0519846 0.0824072 0.0645811 0.634193 -0.272174 0.661098 0.294399 0.024722
e_8_9 8 9 6 0.0125 0.0670792 0.0995941 0.0635871 0.639445 -0.364339 0.633496 0.238853 0.021098
e_9_10 9 10 7 0.0125 0.0803601 0.11524 0.0621607 0.625137 -0.314043 0.660807 0.271873 0.02005
e_10_11 10 11 8 0.0125 0.0927449 0.130303 0.0583207 0.529479 -0.366625 0.722519 0.251406 0.020024
e_11_12 11 12 9 0.0125 0.101017 0.147511 0.0556096 0.69854 -0.692036 -0.00437791 -0.181959 0.020001
e_12_2 12 2 10 0.0125 0.106834 0.166046 0.0592592 0.813178 -0.541157 0.213931 0.011144 0.020002
7 7 6
2 -0.150915 0.280286 0.0994907 0.0125
4 -0.111503 -0.0260078 0.0500736 0.0125
1 -0.0393596 -0.190235 0.0193369 0.0125
8 -0.157431 0.263209 0.0886838 0.0125
5 -0.12297 0.0419538 0.0672324 0.0125
6 -0.140061 0.189465 0.0792604 0.0125
7 -0.142431 0.213736 0.0841461 0.0125
e_1_4 1 4 1 0.0125 -0.0754312 -0.108121 0.0347051 -0.115206 -0.167366 0.622528 0.755761 0.181989
e_4_5 4 5 2 0.0125 -0.117237 0.00797302 0.058653 0.711582 -0.592388 0.168188 0.338291 0.071026
e_5_6 5 6 3 0.0125 -0.131515 0.115709 0.0732463 0.429673 -0.456957 0.500822 0.596446 0.148985
e_6_7 6 7 4 0.0125 -0.141246 0.2016 0.0817032 0.645039 -0.560121 0.296715 0.426789 0.02487
e_7_8 7 8 5 0.0125 -0.149931 0.238472 0.0864156 0.155411 -0.327825 0.590603 0.720809 0.051896
e_8_2 8 2 6 0.0125 -0.154174 0.271748 0.0940869 0.867591 -0.47093 0.15417 -0.041747 0.021235
8 9 8
2 -0.131288 0.130776 0.0114944 0.0125
10 -0.107061 0.105286 0.0257686 0.0125
9 -0.089009 0.0890282 0.0436703 0.0125
4 0.113467 0.11532 0.0883688 0.0125
1 0.236491 0.256431 0.0124064 0.0125
8 -0.0655252 0.0817726 0.0648789 0.0125
5 0.0393258 0.0854946 0.0883746 0.0125
6 0.00809717 0.0671708 0.0772773 0.0125
7 -0.0375586 0.0646161 0.068309 0.0125
e_1_4 1 4 1 0.0125 0.174978 0.185875 0.0503879 0.422105 0.530242 0.175639 -0.714018 0.202034
e_4_5 4 5 2 0.0125 0.0763966 0.100407 0.0883718 0.181445 0.701742 0.0867369 -0.683457 0.079914
e_5_6 5 6 3 0.0125 0.023712 0.0763324 0.0828256 0.197077 0.789173 0.154028 -0.560929 0.037871
e_6_7 6 7 4 0.0125 -0.0147311 0.0658936 0.0727924 0.0172997 0.771843 0.0221204 -0.635193 0.046598
e_7_8 7 8 5 0.0125 -0.0515419 0.0731943 0.066594 -0.23919 0.730303 -0.136528 -0.625145 0.032989
e_8_9 8 9 6 0.0125 -0.0772674 0.0854008 0.0542745 -0.138582 0.908487 0.0360637 -0.392614 0.032465
e_9_10 9 10 7 0.0125 -0.0980352 0.0971566 0.0347192 -0.285664 0.891533 -0.0421102 -0.348988 0.030177
e_10_2 10 2 8 0.0125 -0.119175 0.118031 0.0186315 -0.344261 0.820582 -0.121228 -0.43981 0.037953
9 8 7
2 0.176094 0.0569615 0.0844133 0.0125
9 0.156193 0.0423469 0.0962331 0.0125
4 -0.0948029 0.111414 0.120088 0.0125
1 -0.26362 0.173225 0.0407888 0.0125
8 0.0911425 0.0469104 0.114092 0.0125
5 -0.00513445 0.0721265 0.102447 0.0125
6 0.011818 0.0532485 0.111279 0.0125
7 0.0632848 0.0502832 0.122763 0.0125
e_1_4 1 4 1 0.0125 -0.179211 0.142319 0.0804383 -0.0863881 0.490699 -0.239634 0.833263 0.196489
e_4_5 4 5 2 0.0125 -0.0499687 0.0917702 0.111267 0.103475 0.743223 -0.190489 0.632951 0.099474
e_5_6 5 6 3 0.0125 0.00334151 0.0626877 0.106863 0.66826 0.575026 0.0705521 0.466686 0.026866
e_6_7 6 7 4 0.0125 0.037552 0.0517662 0.117021 -0.375368 0.530155 -0.331995 0.683969 0.052816
e_7_8 7 8 5 0.0125 0.0772139 0.0485966 0.118428 -0.131722 0.757533 -0.271596 0.578817 0.029369
e_8_9 8 9 6 0.0125 0.123668 0.0446286 0.105162 -0.177755 0.741955 -0.285607 0.579944 0.067612
e_9_2 9 2 7 0.0125 0.166143 0.0496543 0.0903236 -0.465505 0.769572 -0.351647 0.25963 0.027374
10 6 5
2 0.0314078 0.119433 0.0474231 0.0125
7 0.0134026 0.11092 0.049668 0.0125
6 -0.00500328 0.101526 0.0550737 0.0125
5 -0.0243872 0.10397 0.0657668 0.0125
1 -0.389795 0.28885 0.216321 0.0125
4 -0.0417019 0.112161 0.072334 0.0125
e_1_4 1 4 1 0.0125 -0.215749 0.200505 0.144328 0.476737 -0.0943538 0.814939 -0.315743 0.416076
e_4_5 4 5 2 0.0125 -0.0330453 0.108066 0.0690502 0.493543 -0.0930747 0.8084 -0.306988 0.020249
e_5_6 5 6 3 0.0125 -0.0146958 0.102748 0.0604198 0.341804 -0.561131 0.652056 -0.378318 0.022272
e_6_7 6 7 4 0.0125 0.00420004 0.106222 0.052371 0.559611 -0.612803 0.501007 -0.24556 0.02136
e_7_2 7 2 5 0.0125 0.0224053 0.115176 0.0485459 0.628925 -0.523493 0.530997 -0.220113 0.020042
11 10 9
2 -0.000153128 -0.0908086 0.0372588 0.0125
11 0.00381102 -0.0727836 0.0451068 0.0125
10 0.0079475 -0.0543018 0.0518267 0.0125
9 0.01745 -0.0452942 0.0670121 0.0125
4 0.121912 0.0391538 0.143435 0.0125
1 0.289945 0.235721 0.0568157 0.0125
8 0.0271001 -0.0336211 0.0815303 0.0125
5 0.104627 -0.000443345 0.133877 0.0125
6 0.0638059 -0.0158854 0.112631 0.0125
7 0.037024 -0.0240226 0.0987284 0.0125
e_1_4 1 4 1 0.0125 0.205928 0.137437 0.100126 0.758173 0.279224 -0.513057 0.289794 0.27272
e_4_5 4 5 2 0.0125 0.113269 0.019355 0.138656 0.55572 0.490597 -0.606065 0.288399 0.04425
e_5_6 5 6 3 0.0125 0.0842161 -0.00816393 0.123254 0.493765 -0.00965005 -0.8478 0.193232 0.048541
e_6_7 6 7 4 0.0125 0.0504148 -0.0199536 0.105679 0.493514 -0.053352 -0.848266 0.184508 0.031253
e_7_8 7 8 5 0.0125 0.0320619 -0.0288225 0.0901293 0.277392 0.17622 -0.92674 0.182079 0.022055
e_8_9 8 9 6 0.0125 0.022275 -0.0394583 0.0742707 0.33027 0.280128 -0.876092 0.211926 0.02098
e_9_10 9 10 7 0.0125 0.0126988 -0.049798 0.0594194 0.294162 0.18028 -0.919871 0.186559 0.020051
e_10_11 10 11 8 0.0125 0.00587866 -0.0635429 0.0484671 0.498059 0.598155 -0.556245 0.2911 0.020096
e_11_2 11 2 9 0.0125 0.00182854 -0.0817963 0.0411826 0.471195 0.602615 -0.57665 0.286888 0.020054
12 9 8
2 0.20819 -0.0954291 0.12567 0.0125
10 0.191143 -0.093476 0.114449 0.0125
9 0.172314 -0.0915463 0.0999906 0.0125
4 -0.198722 -0.0619123 0.0416405 0.0125
1 -0.265942 -0.0619666 0.0269325 0.0125
8 0.0894086 -0.0825015 0.0775507 0.0125
5 -0.0952776 -0.102282 0.0695973 0.0125
6 -0.00420977 -0.0919741 0.0749637 0.0125
7 0.0570324 -0.0859648 0.0750608 0.0125
e_1_4 1 4 1 0.0125 -0.232331 -0.0619399 0.0342868 0.689306 -0.29257 0.554549 -0.362954 0.06881
e_4_5 4 5 2 0.0125 -0.147 -0.0820971 0.055619 0.669554 -0.112957 0.60429 -0.41686 0.114507
e_5_6 5 6 3 0.0125 -0.0497439 -0.0971276 0.0722808 0.640947 -0.390488 0.564174 -0.344115 0.091807
e_6_7 6 7 4 0.0125 0.0264115 -0.0889691 0.0750125 0.61713 -0.404289 0.579452 -0.346319 0.061536
e_7_8 7 8 5 0.0125 0.0732205 -0.0842332 0.0763057 0.647155 -0.381963 0.562124 -0.345415 0.032657
e_8_9 8 9 6 0.0125 0.130861 -0.0870233 0.088771 0.697308 -0.230862 0.562838 -0.379049 0.086363
e_9_10 9 10 7 0.0125 0.181729 -0.0925106 0.10722 0.82846 -0.126605 0.4248 -0.342301 0.023819
e_10_2 10 2 8 0.0125 0.199668 -0.0944521 0.12006 0.805749 -0.139957 0.454717 -0.352721 0.020501
13 10 9
2 -0.155382 -0.0344273 0.0135639 0.0125
11 -0.152532 -0.0491412 0.0269652 0.0125
10 -0.141024 -0.05788 0.0409047 0.0125
9 -0.126413 -0.0641824 0.0543084 0.0125
4 0.216863 -0.0520109 0.0543434 0.0125
1 0.287051 -0.0395942 0.0451276 0.0125
8 -0.0912584 -0.0788845 0.0892494 0.0125
5 0.150221 -0.0560268 0.0618752 0.0125
6 -0.0102324 -0.0632632 0.0906344 0.0125
7 -0.0682992 -0.0817702 0.0954274 0.0125
e_1_4 1 4 1 0.0125 0.251957 -0.0458024 0.0497351 0.732775 0.254838 -0.609055 -0.164771 0.071872
e_4_5 4 5 2 0.0125 0.183542 -0.0540187 0.0581086 0.733043 0.161359 -0.646463 -0.136739 0.067185
e_5_6 5 6 3 0.0125 0.0699943 -0.0596449 0.0762541 0.756895 0.131726 -0.628111 -0.123434 0.163172
e_6_7 6 7 4 0.0125 -0.0392662 -0.0725168 0.0930312 0.705943 0.376191 -0.565044 -0.202115 0.061132
e_7_8 7 8 5 0.0125 -0.0797781 -0.0803279 0.0923383 0.596619 0.061748 -0.790666 -0.1228 0.023951
e_8_9 8 9 6 0.0125 -0.108836 -0.0715336 0.0717796 0.389008 -0.558757 -0.725061 0.103683 0.051699
e_9_10 9 10 7 0.0125 -0.133719 -0.0610313 0.0476073 0.410093 -0.543639 -0.725657 0.0984963 0.020806
e_10_11 10 11 8 0.0125 -0.146778 -0.0535111 0.0339349 0.185502 -0.909362 0.142143 0.344159 0.020078
e_11_2 11 2 9 0.0125 -0.153958 -0.0417842 0.0202645 0.244935 -0.676463 0.612925 0.326691 0.020105
14 11 10
2 0.38763 0.187051 0.0146512 0.0125
12 0.373003 0.175177 0.0214246 0.0125
11 0.357367 0.16571 0.0295715 0.0125
10 0.339615 0.160472 0.0371995 0.0125
9 0.320801 0.155645 0.0454246 0.0125
4 0.193987 0.0107843 0.0712361 0.0125
1 0.0789489 -0.146015 0.142097 0.0125
8 0.297545 0.150407 0.0425143 0.0125
5 0.244261 0.0839131 0.034335 0.0125
6 0.263535 0.121925 0.0257958 0.0125
7 0.276306 0.138419 0.0345886 0.0125
e_1_4 1 4 1 0.0125 0.136468 -0.0676157 0.106667 0.551175 -0.501211 0.648048 0.158202 0.206981
e_4_5 4 5 2 0.0125 0.219124 0.0473491 0.0527853 0.530513 -0.516807 0.651832 0.163039 0.096109
e_5_6 5 6 3 0.0125 0.253898 0.102919 0.0300652 0.596512 -0.530921 0.562455 0.214338 0.043466
e_6_7 6 7 4 0.0125 0.26992 0.130172 0.0301917 0.811919 -0.350069 0.428061 0.187089 0.022638
e_7_8 7 8 5 0.0125 0.286926 0.144414 0.0385516 0.805217 -0.237939 0.53746 0.0783999 0.025644
e_8_9 8 9 6 0.0125 0.309173 0.153026 0.0439699 0.748561 -0.159709 0.643337 -0.0163396 0.024015
e_9_10 9 10 7 0.0125 0.330208 0.158058 0.0413122 0.550952 -0.26279 0.791151 -0.0383757 0.021094
e_10_11 10 11 8 0.0125 0.348491 0.163091 0.0333855 0.555624 -0.27477 0.784224 -0.0278541 0.020019
e_11_12 11 12 9 0.0125 0.365185 0.170443 0.0254983 0.542707 -0.37551 0.750037 0.0436596 0.020011
e_12_2 12 2 10 0.0125 0.380316 0.181114 0.0180376 0.568575 -0.413669 0.70572 0.0869469 0.020021
15 10 9
2 -0.196061 -0.180853 0.011794 0.0125
11 -0.179038 -0.190902 0.0149964 0.0125
10 -0.160757 -0.199068 0.0157455 0.0125
9 -0.143223 -0.208754 0.0173898 0.0125
4 -0.0425492 -0.225976 0.0234073 0.0125
1 0.238001 -0.103843 0.100509 0.0125
8 -0.133713 -0.226157 0.0141651 0.0125
5 -0.0835275 -0.240457 0.0191922 0.0125
6 -0.102113 -0.246756 0.0143496 0.0125
7 -0.121662 -0.2421 0.0120527 0.0125
e_1_4 1 4 1 0.0125 0.0977264 -0.164909 0.0619571 -0.0202622 0.712448 0.33851 -0.614343 0.315547
e_4_5 4 5 2 0.0125 -0.0630385 -0.233217 0.0212997 -0.0739797 0.666732 0.322067 -0.668033 0.043666
e_5_6 5 6 3 0.0125 -0.0928198 -0.243607 0.0167707 -0.0630848 0.715865 0.327625 -0.613367 0.020212
e_6_7 6 7 4 0.0125 -0.111887 -0.244428 0.0132014 -0.351316 0.707807 0.236196 -0.565506 0.020226
e_7_8 7 8 5 0.0125 -0.127687 -0.234129 0.013109 -0.651088 0.662003 0.0958515 -0.358676 0.020097
e_8_9 8 9 6 0.0125 -0.138468 -0.217456 0.0157774 -0.701157 0.644752 0.0638103 -0.297661 0.020092
e_9_10 9 10 7 0.0125 -0.15199 -0.203912 0.0165672 -0.468692 0.710894 0.18849 -0.489315 0.020098
e_10_11 10 11 8 0.0125 -0.169897 -0.194986 0.0153709 -0.446385 0.692381 0.198215 -0.531093 0.020037
e_11_2 11 2 9 0.0125 -0.18755 -0.185877 0.0133952 -0.459354 0.737019 0.191748 -0.457197 0.020025
16 8 7
2 0.0770617 0.061066 0.0824711 0.0125
9 0.0431791 0.0512684 0.0890972 0.0125
4 -0.260248 0.0321716 0.0344098 0.0125
1 -0.38371 0.0295753 0.0209601 0.0125
8 0.0138521 0.0383871 0.0920849 0.0125
5 -0.17941 -0.00689539 0.0589411 0.0125
6 -0.130075 -0.0235644 0.0740909 0.0125
7 -0.0184884 0.0317027 0.0981841 0.0125
e_1_4 1 4 1 0.0125 -0.321978 0.0308737 0.0276854 0.713135 -0.204903 0.635513 -0.213486 0.124219
e_4_5 4 5 2 0.0125 -0.21983 0.012638 0.0466752 0.711963 0.479426 0.371975 0.353403 0.093074
e_5_6 5 6 3 0.0125 -0.154743 -0.0152299 0.066516 0.764264 0.351218 0.486808 0.235721 0.054234
e_6_7 6 7 4 0.0125 -0.074282 0.00406927 0.0861368 0.689211 -0.508463 0.382732 -0.346366 0.126832
e_7_8 7 8 5 0.0125 -0.00231879 0.0350443 0.0951346 0.369425 -0.704361 0.307699 -0.522228 0.033583
e_8_9 8 9 6 0.0125 0.0285156 0.0448277 0.0905911 0.475459 -0.689207 0.267267 -0.476971 0.032171
e_9_2 9 2 7 0.0125 0.06012 0.0561677 0.085784 0.371047 -0.725916 0.255666 -0.51962 0.035887
17 9 8
2 -0.116082 0.0805302 0.157541 0.0125
10 -0.106889 0.0811391 0.139784 0.0125
9 -0.100265 0.0799081 0.120948 0.0125
4 -0.121746 -0.00984126 0.104843 0.0125
1 -0.0340313 -0.321407 0.221816 0.0125
8 -0.0970702 0.0656326 0.107286 0.0125
5 -0.112824 0.016143 0.0864869 0.0125
6 -0.104515 0.0369356 0.0829124 0.0125
7 -0.0977486 0.0540156 0.0909938 0.0125
e_1_4 1 4 1 0.0125 -0.0778885 -0.165624 0.163329 0.568861 -0.749089 -0.329851 -0.0803761 0.344165
e_4_5 4 5 2 0.0125 -0.117285 0.0031508 0.0956649 0.447314 -0.881878 0.00855127 -0.148757 0.033042
e_5_6 5 6 3 0.0125 -0.10867 0.0265393 0.0846997 0.636634 -0.747851 0.139741 -0.126051 0.022674
e_6_7 6 7 4 0.0125 -0.101131 0.0454762 0.0869532 0.834243 -0.523743 0.156143 -0.0731499 0.020071
e_7_8 7 8 5 0.0125 -0.0974092 0.059824 0.0991395 0.95226 -0.304792 0.0149255 -0.00896066 0.020021
e_8_9 8 9 6 0.0125 -0.0986671 0.0727703 0.114117 0.917083 -0.387244 -0.0935943 -0.0155355 0.020016
e_9_10 9 10 7 0.0125 -0.103577 0.0805232 0.130367 0.983256 -0.0419527 -0.165688 0.063201 0.020005
e_10_2 10 2 8 0.0125 -0.111486 0.0808348 0.148663 0.968407 -0.00324273 -0.237007 0.0774908 0.020005
18 7 6
2 -0.0667429 -0.303528 0.219731 0.0125
4 -0.168863 -0.0120201 0.0878186 0.0125
1 -0.151228 0.136926 0.127119 0.0125
8 -0.0778527 -0.287844 0.205912 0.0125
5 -0.130218 -0.135127 0.120768 0.0125
6 -0.105797 -0.172577 0.127027 0.0125
7 -0.0804896 -0.264777 0.185689 0.0125
e_1_4 1 4 1 0.0125 -0.160045 0.0624524 0.107469 0.592026 0.738835 -0.284359 0.150889 0.15505
e_4_5 4 5 2 0.0125 -0.14954 -0.073574 0.104293 0.789181 0.591842 0.161274 0.0301093 0.13317
e_5_6 5 6 3 0.0125 -0.118007 -0.153852 0.123897 0.752738 0.523735 0.395462 -0.0519425 0.045144
e_6_7 6 7 4 0.0125 -0.0931434 -0.218676 0.156358 0.870017 0.479548 0.0924671 0.0674744 0.112173
e_7_8 7 8 5 0.0125 -0.0791711 -0.276311 0.1958 0.904014 0.414242 -0.00105305 0.105644 0.03079
e_8_2 8 2 6 0.0125 -0.0722977 -0.295686 0.212822 0.889703 0.377425 0.256257 0.0176761 0.023673
19 8 7
2 0.194587 -0.203812 0.0970512 0.0125
9 0.17849 -0.194486 0.0889555 0.0125
4 0.0961038 -0.140886 0.0892215 0.0125
1 -0.120697 0.158868 0.153685 0.0125
8 0.162733 -0.181547 0.092164 0.0125
5 0.107398 -0.156651 0.0980929 0.0125
6 0.12713 -0.162904 0.0987036 0.0125
7 0.146745 -0.170387 0.0985933 0.0125
e_1_4 1 4 1 0.0125 -0.0122967 0.00899131 0.121453 -0.569053 -0.338884 -0.686288 0.300576 0.375514
e_4_5 4 5 2 0.0125 0.101751 -0.148769 0.0936572 -0.831792 -0.386727 -0.377406 0.127002 0.021326
e_5_6 5 6 3 0.0125 0.117265 -0.159777 0.0983989 -0.713021 -0.135477 -0.683311 0.0795801 0.020708
e_6_7 6 7 4 0.0125 0.136938 -0.166645 0.0986485 -0.69768 -0.153212 -0.692209 0.103025 0.020994
e_7_8 7 8 5 0.0125 0.154739 -0.175966 0.0953781 -0.54321 -0.180653 -0.789902 0.219866 0.02053
e_8_9 8 9 6 0.0125 0.170611 -0.188016 0.0905602 -0.6099 -0.249978 -0.717797 0.224277 0.02064
e_9_2 9 2 7 0.0125 0.186538 -0.199149 0.0930028 -0.834762 -0.244898 -0.490423 0.051803 0.020288
20 7 6
2 0.00781397 0.242484 0.0955142 0.0125
4 0.0120769 0.101018 0.133428 0.0125
1 0.0636245 -0.221878 0.161662 0.0125
8 0.00877258 0.217318 0.0810969 0.0125
5 0.00743485 0.140387 0.0944234 0.0125
6 0.00676207 0.167249 0.0754063 0.0125
7 0.00975779 0.196238 0.068882 0.0125
e_1_4 1 4 1 0.0125 0.0378503 -0.0604298 0.147545 0.663481 -0.736456 0.0254198 0.129534 0.328202
e_4_5 4 5 2 0.0125 0.00975632 0.120703 0.113926 0.283637 -0.745667 0.542823 0.262437 0.055612
e_5_6 5 6 3 0.0125 0.00709873 0.153818 0.0849153 0.392413 -0.769821 0.44297 0.239092 0.032919
e_6_7 6 7 4 0.0125 0.00825993 0.181743 0.0721441 0.601982 -0.726043 0.286516 0.168487 0.029865
e_7_8 7 8 5 0.0125 0.00926481 0.206778 0.0749897 0.866246 -0.499208 -0.0177712 0.00962003 0.024383
e_8_2 8 2 6 0.0125 0.00829338 0.229901 0.0883048 0.865032 -0.501434 -0.0125975 0.0111971 0.029019
