20
1 6 5
2 -0.361188 -0.06635 0.0672155 0.0125
7 -0.32863 -0.0384867 0.0666705 0.0125
6 -0.306453 -0.0261511 0.0612095 0.0125
5 -0.149776 0.0352767 0.0255576 0.0125
1 0.0977224 0.0312156 0.0114959 0.0125
4 -0.0811562 0.067237 0.0133027 0.0125
e_1_4 1 4 1 0.0125 0.00828327 0.049226 0.0123987 0.695635 -0.276774 -0.646875 0.145056 0.182478
e_4_5 4 5 2 0.0125 -0.115466 0.0512568 0.0194299 0.697447 0.0147366 -0.647978 0.305738 0.076683
e_5_6 5 6 3 0.0125 -0.228114 0.00456289 0.0433827 0.719465 -0.0084234 -0.629527 0.293248 0.172024
e_6_7 6 7 4 0.0125 -0.317541 -0.0323194 0.0639403 0.707994 0.0503832 -0.626313 0.322394 0.025959
e_7_2 7 2 5 0.0125 -0.34491 -0.0524181 0.0669427 0.614279 0.124921 -0.691403 0.35919 0.042856
2 7 6
2 -0.194565 -0.188408 0.0121926 0.0125
4 0.0392657 0.0385687 0.0363622 0.0125
1 0.0448831 0.202432 0.0243649 0.0125
8 -0.17598 -0.178066 0.0126737 0.0125
5 -0.111214 -0.150041 0.0123664 0.0125
6 -0.134078 -0.154013 0.01562 0.0125
7 -0.153537 -0.165101 0.0136506 0.0125
e_1_4 1 4 1 0.0125 0.0420746 0.1205 0.0303633 0.732078 0.679315 -0.0451583 0.0235175 0.164398
e_4_5 4 5 2 0.0125 -0.0359736 -0.0557365 0.0243639 0.668184 0.620662 -0.40529 -0.0636312 0.242474
e_5_6 5 6 3 0.0125 -0.122645 -0.152027 0.0139931 0.754595 0.11613 -0.645818 -0.00444994 0.023434
e_6_7 6 7 4 0.0125 -0.143808 -0.159557 0.0146359 0.671597 0.431121 -0.598275 -0.0718306 0.022483
e_7_8 7 8 5 0.0125 -0.164759 -0.171584 0.0131619 0.690855 0.414823 -0.58887 -0.062236 0.025937
e_8_2 8 2 6 0.0125 -0.185273 -0.183237 0.0124326 0.696587 0.39918 -0.593247 -0.0590005 0.021274
3 7 6
2 0.334766 0.0412448 0.0611711 0.0125
4 0.217457 -0.0711025 0.0242327 0.0125
1 -0.0954866 -0.129076 0.0396057 0.0125
8 0.320889 0.0218089 0.0410424 0.0125
5 0.236589 -0.0559257 0.0164856 0.0125
6 0.293778 -0.0151981 0.01246 0.0125
7 0.307802 0.00121703 0.0247225 0.0125
e_1_4 1 4 1 0.0125 0.0609852 -0.100089 0.0319192 0.157119 -0.723177 0.0337262 -0.671707 0.318639
e_4_5 4 5 2 0.0125 0.227023 -0.0635141 0.0203591 0.318579 -0.802864 -0.0812711 -0.497304 0.025621
e_5_6 5 6 3 0.0125 0.265184 -0.035562 0.0144722 0.356959 -0.725175 -0.052364 -0.586481 0.070324
e_6_7 6 7 4 0.0125 0.30079 -0.00699098 0.0185907 0.580198 -0.498964 -0.0641065 -0.640543 0.02483
e_7_8 7 8 5 0.0125 0.314347 0.0115126 0.0328825 0.643019 -0.462897 -0.0879418 -0.603754 0.029354
e_8_2 8 2 6 0.0125 0.327828 0.0315268 0.0511065 0.642309 -0.415989 -0.0686734 -0.640059 0.031233
4 11 10
2 -0.13142 0.15851 0.0218889 0.0125
12 -0.133823 0.140456 0.0136102 0.0125
11 -0.133938 0.121378 0.0196499 0.0125
10 -0.13946 0.103489 0.0268003 0.0125
9 -0.132845 0.084936 0.0307827 0.0125
4 -0.111153 -0.0577006 0.0800525 0.0125
1 0.0852955 -0.22274 0.0293298 0.0125
8 -0.131221 0.0684022 0.0426091 0.0125
5 -0.12544 -0.0414072 0.0777187 0.0125
6 -0.124009 0.0234563 0.0541899 0.0125
7 -0.127962 0.0440939 0.0471347 0.0125
e_1_4 1 4 1 0.0125 -0.0129287 -0.14022 0.0546908 0.440028 -0.632116 0.0588353 0.635093 0.261539
e_4_5 4 5 2 0.0125 -0.118296 -0.0495541 0.0788858 0.304328 -0.691472 0.274591 0.594854 0.021795
e_5_6 5 6 3 0.0125 -0.124725 -0.00897578 0.0659546 0.455086 -0.637962 0.513291 0.349904 0.069014
e_6_7 6 7 4 0.0125 -0.125985 0.0337749 0.0506618 0.405714 -0.663956 0.467243 0.419814 0.022166
e_7_8 7 8 5 0.0125 -0.129592 0.0562483 0.0448717 0.486847 -0.645968 0.416482 0.415028 0.02494
e_8_9 8 9 6 0.0125 -0.132033 0.0766694 0.0366963 0.305378 -0.654164 0.601682 0.34175 0.020393
e_9_10 9 10 7 0.0125 -0.136153 0.0942129 0.0287917 0.412073 -0.671808 0.384393 0.480741 0.020095
e_10_11 10 11 8 0.0125 -0.136699 0.112433 0.0232254 0.507296 -0.595452 0.569067 0.253477 0.020041
e_11_12 11 12 9 0.0125 -0.13388 0.130917 0.0166299 0.469205 -0.637726 0.494182 0.359077 0.020011
e_12_2 12 2 10 0.0125 -0.132622 0.149483 0.0177492 0.795082 -0.484295 0.242021 0.273368 0.020007
5 9 8
2 0.380579 0.0632368 0.0757541 0.0125
10 0.371725 0.0608411 0.0579309 0.0125
9 0.364954 0.0600872 0.0390687 0.0125
4 0.27942 0.0271157 0.0256431 0.0125
1 -0.0476596 -0.0958854 0.0385045 0.0125
8 0.357435 0.0609319 0.0205319 0.0125
5 0.302113 0.0307041 0.0221161 0.0125
6 0.321787 0.0451002 0.0161925 0.0125
7 0.339195 0.0554156 0.0114894 0.0125
e_1_4 1 4 1 0.0125 0.11588 -0.0343843 0.0320742 0.692017 -0.202051 0.691061 0.0521737 0.349679
e_4_5 4 5 2 0.0125 0.290766 0.0289104 0.0238795 0.651085 -0.13568 0.74663 -0.014949 0.023244
e_5_6 5 6 3 0.0125 0.31195 0.0379027 0.0191542 0.603459 -0.316465 0.719662 0.133314 0.025089
e_6_7 6 7 4 0.0125 0.330491 0.050258 0.0138406 0.613265 -0.281538 0.73071 0.103468 0.020774
e_7_8 7 8 5 0.0125 0.348315 0.0581742 0.0160101 0.84428 -0.130721 0.51822 0.0393904 0.021093
e_8_9 8 9 6 0.0125 0.361194 0.0605099 0.0297997 0.981269 0.0203995 0.191473 -0.00569157 0.020021
e_9_10 9 10 7 0.0125 0.368339 0.0604648 0.0484998 0.984662 -0.0144495 0.171826 0.0265956 0.020056
e_10_2 10 2 8 0.0125 0.376152 0.0620386 0.0668427 0.970929 -0.0513119 0.229775 0.0432139 0.020045
6 6 5
2 0.12159 0.0336879 0.0114945 0.0125
7 0.124845 0.0512234 0.0208564 0.0125
6 0.128483 0.0687089 0.0310399 0.0125
5 0.132468 0.0848532 0.0444487 0.0125
1 0.209495 0.425976 0.307668 0.0125
4 0.151385 0.169488 0.117591 0.0125
e_1_4 1 4 1 0.0125 0.180441 0.297732 0.21263 0.440577 0.890028 0.0271405 -0.11404 0.324487
e_4_5 4 5 2 0.0125 0.141927 0.127171 0.0810195 0.394611 0.898085 0.125702 -0.148068 0.11345
e_5_6 5 6 3 0.0125 0.130476 0.0767809 0.0377437 0.413091 0.900973 0.0458176 -0.124513 0.021361
e_6_7 6 7 4 0.0125 0.126664 0.0599666 0.0259477 0.494402 0.864354 -0.0235515 -0.0889114 0.020559
e_7_2 7 2 5 0.0125 0.123218 0.042456 0.0161757 0.50944 0.85577 -0.00765105 -0.0898375 0.020143
7 6 5
2 -0.00130353 -0.0502914 0.0450647 0.0125
7 0.0280949 -0.0178922 0.0159576 0.0125
6 0.0994552 8.88287e-05 0.0123655 0.0125
5 0.161941 0.0190589 0.0291898 0.0125
1 0.3804 0.216931 0.0115073 0.0125
4 0.263867 0.0608926 0.0114981 0.0125
e_1_4 1 4 1 0.0125 0.322134 0.138911 0.011503 0.579438 0.221777 -0.671445 0.40525 0.194751
e_4_5 4 5 2 0.0125 0.212904 0.0399755 0.0203443 0.49633 -0.294309 -0.578023 0.577 0.111588
e_5_6 5 6 3 0.0125 0.130698 0.0095742 0.0207773 0.258029 -0.589243 -0.526821 0.555583 0.067434
e_6_7 6 7 4 0.0125 0.063775 -0.00890171 0.0141616 0.420085 -0.446961 -0.525212 0.589836 0.073679
e_7_2 7 2 5 0.0125 0.0133951 -0.0340919 0.0305116 0.722574 0.104952 -0.460461 0.504824 0.052547
8 11 10
2 -0.227562 0.0774527 0.0390498 0.0125
12 -0.213145 0.0667455 0.0478594 0.0125
11 -0.196809 0.0583712 0.0557965 0.0125
10 -0.177476 0.0622852 0.0591019 0.0125
9 -0.158081 0.0679508 0.0640283 0.0125
4 -0.0691867 0.244508 0.171255 0.0125
1 -0.0297228 0.373963 0.276122 0.0125
8 -0.138659 0.0724523 0.0695474 0.0125
5 -0.0771632 0.166383 0.114914 0.0125
6 -0.0963463 0.131211 0.0802341 0.0125
7 -0.12183 0.0824026 0.0641146 0.0125
e_1_4 1 4 1 0.0125 -0.0494547 0.309236 0.223688 -0.207728 -0.174497 0.880796 -0.388071 0.17121
e_4_5 4 5 2 0.0125 -0.0731747 0.205446 0.143085 -0.0168351 0.0576767 0.887773 -0.456343 0.096652
e_5_6 5 6 3 0.0125 -0.086755 0.148797 0.0975736 -0.410634 -0.721473 0.553823 -0.064322 0.052988
e_6_7 6 7 4 0.0125 -0.109088 0.106807 0.0721738 0.595971 0.745812 -0.290254 -0.0658475 0.057373
e_7_8 7 8 5 0.0125 -0.130245 0.0774275 0.066831 0.739422 0.0928861 -0.597904 0.295191 0.020291
e_8_9 8 9 6 0.0125 -0.14837 0.0702019 0.0667875 0.373951 -0.498782 -0.620174 0.476195 0.020686
e_9_10 9 10 7 0.0125 -0.167779 0.0651179 0.0615645 0.395652 -0.438439 -0.652858 0.47435 0.020798
e_10_11 10 11 8 0.0125 -0.187143 0.0603285 0.0574488 0.450634 -0.430441 -0.630346 0.462941 0.02
e_11_12 11 12 9 0.0125 -0.204977 0.0625583 0.0518279 0.38744 -0.796024 -0.254518 0.389174 0.02
e_12_2 12 2 10 0.0125 -0.220353 0.0720995 0.0434548 0.391294 -0.832742 -0.163537 0.355928 0.020002
9 6 5
2 0.131705 -0.196799 0.0971298 0.0125
7 0.144392 -0.166892 0.0803689 0.0125
6 0.137694 -0.144084 0.0707651 0.0125
5 0.128879 -0.116671 0.0645368 0.0125
1 -0.17713 0.150037 0.0402887 0.0125
4 -0.140908 0.132954 0.0438607 0.0125
e_1_4 1 4 1 0.0125 -0.159019 0.141496 0.0420746 -0.669254 -0.518192 -0.4325 -0.310675 0.040207
e_4_5 4 5 2 0.0125 -0.00601418 0.00814202 0.0541991 -0.650234 -0.642599 -0.242868 -0.324466 0.368137
e_5_6 5 6 3 0.0125 0.133287 -0.130377 0.0676509 -0.719311 -0.62589 0.0505875 -0.297144 0.029461
e_6_7 6 7 4 0.0125 0.141043 -0.155488 0.0755673 -0.777818 -0.557916 0.0378285 -0.286875 0.025639
e_7_2 7 2 5 0.0125 0.138049 -0.181846 0.0887496 -0.825676 -0.411283 0.318744 -0.217963 0.036555
10 11 10
2 0.338697 -0.221367 0.0115746 0.0125
12 0.332662 -0.204109 0.0196816 0.0125
11 0.317665 -0.19114 0.0170605 0.0125
10 0.301691 -0.179307 0.0148571 0.0125
9 0.287099 -0.165708 0.0133422 0.0125
4 0.296125 0.155323 0.0622853 0.0125
1 0.289843 0.240367 0.0341147 0.0125
8 0.282598 -0.147616 0.0206803 0.0125
5 0.284509 -0.00320808 0.0457213 0.0125
6 0.276087 -0.108071 0.0310132 0.0125
7 0.277659 -0.132074 0.032297 0.0125
e_1_4 1 4 1 0.0125 0.292983 0.197845 0.0481992 0.794976 0.581447 -0.0712998 0.157635 0.089808
e_4_5 4 5 2 0.0125 0.290317 0.0760571 0.0540029 0.661555 0.723794 -0.167165 0.102581 0.159816
e_5_6 5 6 3 0.0125 0.280298 -0.0556393 0.0383667 0.648821 0.734335 -0.17315 0.0990036 0.106224
e_6_7 6 7 4 0.0125 0.276873 -0.120072 0.0316549 0.710073 0.681035 -0.0977203 0.149794 0.024089
e_7_8 7 8 5 0.0125 0.280129 -0.139845 0.0264888 0.422971 0.88553 -0.0770103 0.176073 0.020021
e_8_9 8 9 6 0.0125 0.284848 -0.156661 0.0170117 0.532999 0.823623 -0.0690749 0.181067 0.020036
e_9_10 9 10 7 0.0125 0.294395 -0.172508 0.014099 0.639901 0.647378 0.207487 0.358297 0.020005
e_10_11 10 11 8 0.0125 0.309677 -0.185224 0.0159583 0.63769 0.616986 0.25343 0.385296 0.02
e_11_12 11 12 9 0.0125 0.325163 -0.197625 0.0183712 0.656397 0.619624 0.224809 0.366975 0.02
e_12_2 12 2 10 0.0125 0.33568 -0.212738 0.0156283 0.50592 0.837381 -0.0384439 0.20337 0.02
11 7 6
2 0.0631119 0.333126 0.237157 0.0125
4 -0.00213445 0.166551 0.110994 0.0125
1 -0.135867 -0.0609229 0.0328165 0.0125
8 0.0542877 0.295172 0.212421 0.0125
5 -0.00203791 0.214136 0.143638 0.0125
6 0.0102797 0.240776 0.165244 0.0125
7 0.0255266 0.261823 0.184429 0.0125
e_1_4 1 4 1 0.0125 -0.0690007 0.0528136 0.0719057 0.0885258 -0.358352 -0.479115 -0.796364 0.27521
e_4_5 4 5 2 0.0125 -0.00208565 0.190344 0.127316 0.250484 -0.132835 -0.446669 -0.848587 0.057705
e_5_6 5 6 3 0.0125 0.0041206 0.227456 0.15444 0.141555 -0.251922 -0.374317 -0.881127 0.036444
e_6_7 6 7 4 0.0125 0.0179033 0.251299 0.174836 0.0921389 -0.3006 -0.335678 -0.887959 0.032304
e_7_8 7 8 5 0.0125 0.0399073 0.278498 0.198424 0.0629502 -0.3398 -0.341064 -0.874213 0.052182
e_8_2 8 2 6 0.0125 0.0586991 0.314149 0.224789 0.191368 -0.208903 -0.434032 -0.855193 0.046155
12 7 6
2 -0.0972378 0.151312 0.125409 0.0125
4 0.0621448 -0.143747 0.0426002 0.0125
1 0.0952859 -0.255199 0.0656814 0.0125
8 -0.0828227 0.144956 0.140064 0.0125
5 0.0511366 -0.0142046 0.114064 0.0125
6 -0.0539359 0.108662 0.139128 0.0125
7 -0.070276 0.13005 0.145692 0.0125
e_1_4 1 4 1 0.0125 0.0787154 -0.199473 0.0541408 0.456826 -0.380446 -0.672765 -0.440407 0.118544
e_4_5 4 5 2 0.0125 0.0566406 -0.0789759 0.0783327 0.598344 -0.321628 -0.394594 -0.618737 0.148356
e_5_6 5 6 3 0.0125 -0.00139945 0.0472282 0.126596 0.637467 -0.185358 -0.623731 -0.412599 0.163599
e_6_7 6 7 4 0.0125 -0.0621064 0.119356 0.14241 0.648466 -0.192579 -0.586888 -0.444936 0.027704
e_7_8 7 8 5 0.0125 -0.0765495 0.137502 0.142878 0.511381 -0.249811 -0.759189 -0.315778 0.02028
e_8_2 8 2 6 0.0125 -0.0900306 0.148134 0.132736 0.389807 -0.179154 -0.899138 -0.0866288 0.021517
13 6 5
2 0.157944 0.271279 0.0881513 0.0125
7 0.0861526 0.196879 0.046844 0.0125
6 0.0298238 0.127047 0.055946 0.0125
5 -0.0929136 -0.0367155 0.107398 0.0125
1 -0.134078 -0.108532 0.113915 0.0125
4 -0.128062 -0.0840813 0.101293 0.0125
e_1_4 1 4 1 0.0125 -0.13107 -0.096307 0.107603 0.452513 -0.608551 0.594759 0.266758 0.028167
e_4_5 4 5 2 0.0125 -0.110488 -0.0603989 0.104345 0.715957 -0.412531 0.527575 0.1972 0.059297
e_5_6 5 6 3 0.0125 -0.0315449 0.0451652 0.0816721 0.575348 -0.423597 0.665189 0.216941 0.211021
e_6_7 6 7 4 0.0125 0.0579885 0.161963 0.0513954 0.637965 -0.406192 0.620865 0.206242 0.09018
e_7_2 7 2 5 0.0125 0.122048 0.23408 0.0674982 0.812319 -0.320619 0.460104 0.16014 0.111335
14 10 9
2 -0.0614225 -0.207474 0.129197 0.0125
11 -0.0422488 -0.20172 0.12869 0.0125
10 -0.0229027 -0.196632 0.128574 0.0125
9 -0.0111338 -0.184339 0.139551 0.0125
4 0.212118 -0.127479 0.09335 0.0125
1 0.374298 -0.0639929 0.0125591 0.0125
8 0.00503895 -0.172693 0.137367 0.0125
5 0.0950187 -0.131839 0.0930538 0.0125
6 0.0597755 -0.148008 0.100224 0.0125
7 0.0197871 -0.168217 0.12431 0.0125
e_1_4 1 4 1 0.0125 0.293208 -0.0957357 0.0529544 0.823304 0.298922 -0.447482 -0.180489 0.19199
e_4_5 4 5 2 0.0125 0.153568 -0.129659 0.0932013 0.704558 0.0746618 -0.704053 -0.048292 0.117181
e_5_6 5 6 3 0.0125 0.0773971 -0.139923 0.0966388 0.743258 0.406232 -0.494019 -0.196183 0.039433
e_6_7 6 7 4 0.0125 0.0397807 -0.158112 0.112267 0.834304 0.332547 -0.390724 -0.201704 0.050869
e_7_8 7 8 5 0.0125 0.0124123 -0.170455 0.130838 0.891672 0.194404 -0.372851 -0.167663 0.020199
e_8_9 8 9 6 0.0125 -0.00304718 -0.178517 0.138459 0.699901 0.551521 -0.375974 -0.254181 0.020049
e_9_10 9 10 7 0.0125 -0.0170183 -0.190485 0.134062 0.315229 0.874691 0.0771213 -0.359999 0.020251
e_10_11 10 11 8 0.0125 -0.0325758 -0.199176 0.128632 0.696376 0.304978 -0.635677 -0.134029 0.020004
e_11_2 11 2 9 0.0125 -0.0518354 -0.204597 0.128944 0.70057 0.33445 -0.612756 -0.147906 0.020025
15 10 9
2 0.11782 0.168094 0.159422 0.0125
11 0.0988602 0.167942 0.165786 0.0125
10 0.0817659 0.178299 0.164923 0.0125
9 0.0619435 0.175677 0.165576 0.0125
4 -0.0647935 0.113103 0.113231 0.0125
1 -0.336476 0.0333619 0.0772573 0.0125
8 0.0425271 0.173018 0.161246 0.0125
5 -0.00599208 0.137952 0.127984 0.0125
6 0.013529 0.153921 0.14078 0.0125
7 0.0270652 0.166116 0.150603 0.0125
e_1_4 1 4 1 0.0125 -0.200634 0.0732325 0.0952444 0.579397 0.259282 0.608073 0.47678 0.28542
e_4_5 4 5 2 0.0125 -0.0353921 0.125528 0.120608 0.603245 0.178558 0.59626 0.498684 0.065519
e_5_6 5 6 3 0.0125 0.00376818 0.145937 0.134382 0.673348 -0.0135613 0.523067 0.522321 0.02828
e_6_7 6 7 4 0.0125 0.0202967 0.160018 0.145691 0.68057 -0.03972 0.511015 0.523556 0.020698
e_7_8 7 8 5 0.0125 0.0347957 0.169567 0.155925 0.733864 0.0754164 0.477713 0.477018 0.02
e_8_9 8 9 6 0.0125 0.0522355 0.174347 0.163412 0.639063 0.285734 0.557214 0.446617 0.020071
e_9_10 9 10 7 0.0125 0.0718554 0.176988 0.16525 0.541221 0.374038 0.613534 0.43675 0.020006
e_10_11 10 11 8 0.0125 0.090313 0.173121 0.165355 0.669452 0.554179 0.413895 0.270943 0.020005
e_11_2 11 2 9 0.0125 0.10834 0.168018 0.162604 0.445485 0.519799 0.623627 0.377415 0.020001
16 9 8
2 0.235507 -0.141116 0.11035 0.0125
10 0.221208 -0.129447 0.100161 0.0125
9 0.212534 -0.121883 0.0813155 0.0125
4 -0.0203305 0.141275 0.157518 0.0125
1 -0.0730394 0.178519 0.161594 0.0125
8 0.202955 -0.108237 0.0641052 0.0125
5 0.165329 -0.00249197 0.0861597 0.0125
6 0.170029 -0.0402564 0.0638995 0.0125
7 0.187673 -0.0950573 0.0586917 0.0125
e_1_4 1 4 1 0.0125 -0.0466845 0.159897 0.159556 0.581128 0.0426063 0.7278 -0.361638 0.064668
e_4_5 4 5 2 0.0125 0.0724992 0.0693921 0.121838 0.429704 -0.0848319 0.798865 -0.412279 0.245418
e_5_6 5 6 3 0.0125 0.167679 -0.021374 0.0750292 -0.170246 -0.395222 0.772174 -0.467507 0.044089
e_6_7 6 7 4 0.0125 0.178851 -0.0676563 0.0612953 0.473891 0.332726 0.659042 -0.479984 0.057806
e_7_8 7 8 5 0.0125 0.195314 -0.101647 0.0613985 0.749442 0.2241 0.565885 -0.260558 0.020894
e_8_9 8 9 6 0.0125 0.207745 -0.11506 0.07271 0.926159 0.315491 0.203352 0.0366363 0.023962
e_9_10 9 10 7 0.0125 0.216871 -0.125665 0.090738 0.955639 0.201229 0.181067 0.116082 0.022082
e_10_2 10 2 8 0.0125 0.228358 -0.135282 0.105256 0.849274 0.251597 0.441636 -0.142796 0.021082
17 7 6
2 -0.252465 0.0364967 0.0123207 0.0125
4 -0.0834008 -0.180094 0.0553076 0.0125
1 0.102669 -0.197313 0.158004 0.0125
8 -0.231052 0.0287882 0.014481 0.0125
5 -0.109042 -0.154699 0.0422674 0.0125
6 -0.134895 -0.108764 0.0190257 0.0125
7 -0.207859 -0.00162126 0.0156489 0.0125
e_1_4 1 4 1 0.0125 0.0096346 -0.188703 0.106656 0.474328 -0.3852 -0.769701 0.184919 0.213225
e_4_5 4 5 2 0.0125 -0.096222 -0.167397 0.0487878 0.574064 -0.552376 -0.603995 -0.0228453 0.038372
e_5_6 5 6 3 0.0125 -0.121968 -0.131732 0.0306469 0.538067 -0.648804 -0.529884 -0.0935937 0.057606
e_6_7 6 7 4 0.0125 -0.171377 -0.0551933 0.0173375 0.687449 -0.513888 -0.498939 -0.119972 0.129672
e_7_8 7 8 5 0.0125 -0.219456 0.0135839 0.0150651 0.688416 -0.499353 -0.51567 -0.103993 0.038263
e_8_2 8 2 6 0.0125 -0.241758 0.0326426 0.0134006 0.669369 -0.320131 -0.666907 0.0685272 0.022861
18 10 9
2 -0.268111 0.134854 0.0121414 0.0125
11 -0.236754 0.128784 0.0615882 0.0125
10 -0.202666 0.13732 0.0938162 0.0125
9 -0.181291 0.143067 0.113523 0.0125
4 -0.0644373 0.0776593 0.140538 0.0125
1 0.0293699 -0.093385 0.0539013 0.0125
8 -0.163209 0.150257 0.120872 0.0125
5 -0.0769354 0.0992914 0.13352 0.0125
6 -0.0958905 0.111764 0.137997 0.0125
7 -0.125393 0.133204 0.135287 0.0125
e_1_4 1 4 1 0.0125 -0.0175337 -0.00786217 0.0972197 0.838416 -0.478045 -0.261786 0.000529083 0.213453
e_4_5 4 5 2 0.0125 -0.0706869 0.088475 0.137029 0.603651 -0.70249 -0.376485 0.0192942 0.02595
e_5_6 5 6 3 0.0125 -0.0864128 0.105527 0.135758 0.764541 -0.421527 -0.47488 0.110818 0.023127
e_6_7 6 7 4 0.0125 -0.110641 0.122484 0.136642 0.670999 -0.523075 -0.513274 0.112705 0.036571
e_7_8 7 8 5 0.0125 -0.144301 0.141731 0.128079 0.556069 -0.53073 -0.618427 0.163282 0.043917
e_8_9 8 9 6 0.0125 -0.17225 0.146662 0.117197 0.47191 -0.17424 -0.803917 0.317268 0.0208
e_9_10 9 10 7 0.0125 -0.191978 0.140194 0.103669 0.300237 -0.425046 -0.807353 0.278161 0.029636
e_10_11 10 11 8 0.0125 -0.21971 0.133052 0.0777021 0.295426 -0.439991 -0.802723 0.273435 0.047682
e_11_2 11 2 9 0.0125 -0.252433 0.131819 0.0368643 0.230457 -0.694465 -0.661604 0.163978 0.058865
19 6 5
2 0.306478 0.0645167 0.11924 0.0125
7 0.293699 0.0201113 0.107014 0.0125
6 0.278536 -0.00277473 0.107954 0.0125
5 0.195835 -0.0628451 0.116872 0.0125
1 -0.0292188 -0.288446 0.11985 0.0125
4 0.12877 -0.162224 0.117062 0.0125
e_1_4 1 4 1 0.0125 0.0497756 -0.225335 0.118457 0.692686 -0.347037 0.621657 0.115296 0.202238
e_4_5 4 5 2 0.0125 0.162302 -0.112535 0.116967 0.694373 -0.503328 0.497449 0.130581 0.11989
e_5_6 5 6 3 0.0125 0.237185 -0.0328099 0.112413 0.666199 -0.327582 0.660413 0.112801 0.102605
e_6_7 6 7 4 0.0125 0.286117 0.00866816 0.107485 0.682359 -0.51351 0.503405 0.131445 0.027469
e_7_2 7 2 5 0.0125 0.300089 0.0423145 0.113128 0.781343 -0.549969 0.263909 0.131869 0.047798
20 7 6
2 -0.219534 -0.0408349 0.0138362 0.0125
4 -0.00883589 0.00679273 0.150716 0.0125
1 0.1963 0.0919633 0.174957 0.0125
8 -0.212124 -0.039467 0.037033 0.0125
5 -0.175497 -0.0132353 0.0817163 0.0125
6 -0.193723 -0.0233551 0.0751045 0.0125
7 -0.201058 -0.0392381 0.060805 0.0125
e_1_4 1 4 1 0.0125 0.0937318 0.0493787 0.162836 0.654714 0.414619 -0.618337 -0.130769 0.223433
e_4_5 4 5 2 0.0125 -0.092167 -0.00322114 0.116216 0.505722 -0.254735 -0.790697 0.232711 0.181488
e_5_6 5 6 3 0.0125 -0.18461 -0.0182952 0.0784104 0.552396 0.616066 -0.521173 -0.209043 0.02187
e_6_7 6 7 4 0.0125 -0.197391 -0.0312969 0.0679551 -0.0409766 0.298644 0.852776 -0.426504 0.022595
e_7_8 7 8 5 0.0125 -0.206592 -0.0393525 0.0489196 -0.0985237 -0.878053 0.426957 0.192415 0.026223
e_8_2 8 2 6 0.0125 -0.21583 -0.0401509 0.0254352 -0.113657 -0.797482 0.582725 0.107411 0.024391
