20
1 6 5
2 0.371101 0.209478 0.0178299 0.0125
7 0.358607 0.18948 0.0216464 0.0125
6 0.348483 0.171819 0.015363 0.0125
5 0.328332 0.160134 0.0123545 0.0125
1 -0.0858689 0.0415128 0.0125522 0.0125
4 0.29303 0.155758 0.0120984 0.0125
e_1_4 1 4 1 0.0125 0.10358 0.0986354 0.0123258 0.482252 -0.634536 0.31295 -0.516585 0.395748
e_4_5 4 5 2 0.0125 0.310681 0.157947 0.0122267 0.438591 -0.603252 0.363988 -0.557886 0.035574
e_5_6 5 6 3 0.0125 0.338408 0.165976 0.0138594 0.57572 -0.620681 0.225185 -0.482279 0.023487
e_6_7 6 7 4 0.0125 0.353545 0.180649 0.0185044 0.719064 -0.592845 0.0326947 -0.361128 0.021304
e_7_2 7 2 5 0.0125 0.364854 0.199479 0.0197383 0.586109 -0.756278 0.0890917 -0.276736 0.023887
2 8 7
2 -0.385916 0.0423133 0.172918 0.0125
9 -0.376931 0.0508446 0.142045 0.0125
4 -0.0831952 0.282681 0.0593707 0.0125
1 -0.0397512 0.287612 0.089211 0.0125
8 -0.364948 0.0607554 0.109214 0.0125
5 -0.140272 0.230747 0.0444644 0.0125
6 -0.280063 0.104698 0.0548364 0.0125
7 -0.327953 0.0833737 0.0806055 0.0125
e_1_4 1 4 1 0.0125 -0.0614731 0.285146 0.0742909 0.340984 -0.52758 -0.709587 0.319178 0.052936
e_4_5 4 5 2 0.0125 -0.111734 0.256714 0.0519179 0.590822 0.694044 -0.336356 -0.236849 0.078593
e_5_6 5 6 3 0.0125 -0.210167 0.167722 0.0496507 0.703422 0.572929 -0.379794 -0.180851 0.188514
e_6_7 6 7 4 0.0125 -0.304008 0.0940357 0.0677213 0.848468 0.229678 -0.476106 -0.0259445 0.058414
e_7_8 7 8 5 0.0125 -0.34645 0.0720651 0.09491 0.878734 0.272615 -0.387722 -0.0563758 0.051949
e_8_9 8 9 6 0.0125 -0.37094 0.0558005 0.12563 0.974947 0.146086 -0.163659 -0.0367927 0.036327
e_9_2 9 2 7 0.0125 -0.381423 0.0465796 0.157482 0.981152 0.135693 -0.132506 -0.0370258 0.033266
3 8 7
2 0.078377 0.28833 0.0413189 0.0125
9 0.0688485 0.271316 0.0457815 0.0125
4 -0.108744 0.0525112 0.0114899 0.0125
1 -0.237085 -0.0800048 0.0173084 0.0125
8 0.067167 0.252852 0.0382329 0.0125
5 0.0428332 0.204887 0.0114857 0.0125
6 0.0523386 0.220862 0.0196463 0.0125
7 0.0620504 0.236208 0.0280965 0.0125
e_1_4 1 4 1 0.0125 -0.172915 -0.0137465 0.0143995 0.679313 -0.611955 0.375862 -0.150908 0.184569
e_4_5 4 5 2 0.0125 -0.0329554 0.1287 0.0114879 0.690754 -0.596333 0.379999 -0.151152 0.214928
e_5_6 5 6 3 0.0125 0.0475859 0.212875 0.015566 0.832244 -0.497653 0.226595 -0.0914606 0.020302
e_6_7 6 7 4 0.0125 0.0571949 0.228536 0.0238718 0.83797 -0.483379 0.235409 -0.0934495 0.020031
e_7_8 7 8 5 0.0125 0.0646087 0.244531 0.0331644 0.865268 -0.484574 0.116828 -0.0533895 0.020148
e_8_9 8 9 6 0.0125 0.0680078 0.262084 0.0420075 0.829264 -0.557224 0.0307661 -0.029602 0.020018
e_9_2 9 2 7 0.0125 0.0736123 0.279823 0.0435504 0.612199 -0.741869 0.247339 -0.116906 0.020004
4 8 7
2 0.0679328 -0.188333 0.0114868 0.0125
9 0.0652855 -0.174312 0.0256862 0.0125
4 0.0379938 -0.0185276 0.0361897 0.0125
1 -0.0307839 0.284174 0.0664698 0.0125
8 0.0620843 -0.160418 0.0398192 0.0125
5 0.0649381 -0.100078 0.0453613 0.0125
6 0.0662333 -0.120894 0.0472028 0.0125
7 0.0625557 -0.140392 0.0444591 0.0125
e_1_4 1 4 1 0.0125 0.00360449 0.132823 0.0513299 0.661838 0.683102 0.286205 -0.115886 0.31189
e_4_5 4 5 2 0.0125 0.0514654 -0.0593022 0.0407756 0.737912 0.603712 0.287131 -0.0925946 0.086374
e_5_6 5 6 3 0.0125 0.0655861 -0.110486 0.0462819 0.731965 0.663727 0.124422 -0.0906256 0.020938
e_6_7 6 7 4 0.0125 0.064394 -0.130643 0.0458312 0.648752 0.753664 -0.0216228 -0.103168 0.020032
e_7_8 7 8 5 0.0125 0.06232 -0.150405 0.0421392 0.609512 0.770336 0.139343 -0.125146 0.020561
e_8_9 8 9 6 0.0125 0.0636853 -0.167366 0.0327521 0.341734 0.703771 0.597245 -0.176698 0.020076
e_9_2 9 2 7 0.0125 0.0666093 -0.181323 0.0185869 0.339588 0.723049 0.574367 -0.178839 0.020129
5 9 8
2 -0.137361 0.0688461 0.0182905 0.0125
10 -0.132226 0.052149 0.0295917 0.0125
9 -0.131938 0.0343525 0.0394371 0.0125
4 -0.153427 -0.101648 0.097452 0.0125
1 -0.032865 -0.333281 0.232758 0.0125
8 -0.131483 0.0141929 0.0351484 0.0125
5 -0.143562 -0.0384837 0.0533229 0.0125
6 -0.137768 -0.0274647 0.0357305 0.0125
7 -0.136895 -0.00874907 0.0279971 0.0125
e_1_4 1 4 1 0.0125 -0.0931458 -0.217465 0.165105 0.51958 -0.759419 -0.391555 0.00200161 0.294103
e_4_5 4 5 2 0.0125 -0.148494 -0.070066 0.0753875 0.407143 -0.700596 0.541484 0.224042 0.077682
e_5_6 5 6 3 0.0125 -0.140665 -0.0329744 0.0445271 0.172879 -0.116849 0.945773 0.248942 0.021552
e_6_7 6 7 4 0.0125 -0.137331 -0.0181069 0.0318637 0.528216 -0.776495 0.296348 0.173843 0.02027
e_7_8 7 8 5 0.0125 -0.134189 0.00272194 0.0315727 0.792594 -0.549915 0.228958 0.130255 0.024633
e_8_9 8 9 6 0.0125 -0.13171 0.024273 0.0372922 0.770765 -0.62575 0.0665811 0.0996253 0.020615
e_9_10 9 10 7 0.0125 -0.132081 0.0432508 0.0345143 0.47681 -0.813323 0.283741 0.175069 0.020341
e_10_2 10 2 8 0.0125 -0.134793 0.060498 0.0239413 0.469709 -0.872822 -0.0989167 0.088147 0.020805
6 6 5
2 0.305901 0.252419 0.0125003 0.0125
7 0.251683 0.218713 0.0335708 0.0125
6 0.154813 0.1958 0.0210148 0.0125
5 0.109408 0.182824 0.0396949 0.0125
1 -0.150303 0.27034 0.0114777 0.0125
4 -0.0191395 0.19607 0.0329548 0.0125
e_1_4 1 4 1 0.0125 -0.0847211 0.233204 0.0222158 -0.326043 -0.653786 0.0451151 -0.68134 0.152253
e_4_5 4 5 2 0.0125 0.0451343 0.189447 0.0363252 -0.0307138 -0.687192 0.0415015 -0.724639 0.129404
e_5_6 5 6 3 0.0125 0.13211 0.189312 0.0303555 0.411205 -0.708462 0.426613 -0.383397 0.050783
e_6_7 6 7 4 0.0125 0.203249 0.207256 0.0272934 0.184837 -0.661292 0.0110679 -0.726915 0.100331
e_7_2 7 2 5 0.0125 0.278792 0.235566 0.0230356 0.56095 -0.608361 0.535354 -0.169198 0.067228
7 8 7
2 -0.181287 0.10466 0.032579 0.0125
9 -0.15936 0.074365 0.0542822 0.0125
4 -0.00547469 -0.165472 0.012247 0.0125
1 0.0983464 -0.287416 0.0125368 0.0125
8 -0.145139 0.0456199 0.0609525 0.0125
5 -0.0634085 -0.0798526 0.042784 0.0125
6 -0.081541 -0.0250013 0.0543146 0.0125
7 -0.120524 0.0129406 0.0668115 0.0125
e_1_4 1 4 1 0.0125 0.0464365 -0.226444 0.0123916 -0.142348 0.557976 -0.435394 -0.691976 0.160154
e_4_5 4 5 2 0.0125 -0.0344412 -0.122662 0.0275156 -0.108584 0.39959 -0.445736 -0.793635 0.107794
e_5_6 5 6 3 0.0125 -0.0724741 -0.0524269 0.048549 -0.246536 0.380617 -0.507211 -0.732862 0.058911
e_6_7 6 7 4 0.0125 -0.101032 -0.0060299 0.0605635 -0.0478761 0.472161 -0.406342 -0.780806 0.055816
e_7_8 7 8 5 0.0125 -0.132832 0.0292799 0.0638823 -0.192474 0.61185 -0.443313 -0.626153 0.041329
e_8_9 8 9 6 0.0125 -0.152249 0.0599922 0.0576169 -0.277782 0.614965 -0.472895 -0.566591 0.032757
e_9_2 9 2 7 0.0125 -0.170323 0.0895126 0.043431 -0.224898 0.76993 -0.397717 -0.445477 0.043239
8 6 5
2 0.455131 0.0945739 0.260019 0.0125
7 0.431127 0.0941918 0.246037 0.0125
6 0.419377 0.106007 0.232848 0.0125
5 0.391362 0.121765 0.208725 0.0125
1 0.0548726 0.135626 0.0173619 0.0125
4 0.28259 0.188687 0.120485 0.0125
e_1_4 1 4 1 0.0125 0.168731 0.162157 0.0689234 -0.159974 0.545737 0.0200851 0.822299 0.255548
e_4_5 4 5 2 0.0125 0.336976 0.155227 0.164605 -0.0014943 0.395222 -0.24408 0.885564 0.155231
e_5_6 5 6 3 0.0125 0.40537 0.113886 0.220787 -0.0155339 0.38579 -0.225915 0.894364 0.040188
e_6_7 6 7 4 0.0125 0.425252 0.100099 0.239443 0.0296477 0.317124 -0.298536 0.899683 0.021251
e_7_2 7 2 5 0.0125 0.44313 0.0943825 0.253028 -0.116245 0.494872 -0.0589556 0.859135 0.027782
9 6 5
2 -0.246458 0.243408 0.0114799 0.0125
7 -0.28523 0.124859 0.0330478 0.0125
6 -0.302684 0.0873684 0.034992 0.0125
5 -0.296578 0.0257044 0.042797 0.0125
1 -0.0764332 -0.0740667 0.13208 0.0125
4 -0.231306 -0.0418409 0.0590252 0.0125
e_1_4 1 4 1 0.0125 -0.15387 -0.0579536 0.0955521 0.443859 0.32628 -0.776643 -0.305542 0.174244
e_4_5 4 5 2 0.0125 -0.263942 -0.00806829 0.0509111 0.473953 -0.0447975 -0.76362 -0.436172 0.095321
e_5_6 5 6 3 0.0125 -0.299631 0.0565368 0.0388943 0.430462 -0.429596 -0.614762 -0.502212 0.062456
e_6_7 6 7 4 0.0125 -0.293957 0.106114 0.0340192 0.449266 -0.658722 -0.299268 -0.524103 0.041399
e_7_2 7 2 5 0.0125 -0.265845 0.184134 0.0222635 0.394444 -0.633276 -0.429135 -0.509135 0.12658
10 10 9
2 0.0228321 0.287595 0.103787 0.0125
11 0.00682641 0.275952 0.0996943 0.0125
10 -0.0191208 0.270797 0.0919085 0.0125
9 -0.0390851 0.261415 0.0860302 0.0125
4 -0.28209 0.0231433 0.0207105 0.0125
1 -0.342841 -0.00839635 0.0114935 0.0125
8 -0.065286 0.250499 0.0763381 0.0125
5 -0.160009 0.165329 0.0513458 0.0125
6 -0.11915 0.181378 0.0549009 0.0125
7 -0.101105 0.203451 0.0788064 0.0125
e_1_4 1 4 1 0.0125 -0.312466 0.00737365 0.0161017 0.547879 -0.621384 0.217166 -0.516284 0.069069
e_4_5 4 5 2 0.0125 -0.22105 0.0942362 0.0360278 0.604896 -0.646555 0.0360667 -0.463429 0.189892
e_5_6 5 6 3 0.0125 -0.13958 0.173353 0.053123 0.514248 -0.624317 0.26434 -0.525263 0.044042
e_6_7 6 7 4 0.0125 -0.110128 0.192415 0.0668533 0.773264 -0.418836 0.0576304 -0.472565 0.037207
e_7_8 7 8 5 0.0125 -0.0831959 0.226975 0.0775716 0.53935 -0.721444 -0.0192756 -0.433877 0.059182
e_8_9 8 9 6 0.0125 -0.0521848 0.255957 0.0811843 0.614872 -0.520672 0.259472 -0.532454 0.029994
e_9_10 9 10 7 0.0125 -0.0291034 0.266106 0.0889699 0.592863 -0.559956 0.24021 -0.526557 0.022828
e_10_11 10 11 8 0.0125 -0.0061476 0.273375 0.0958013 0.582215 -0.488234 0.347079 -0.549717 0.027576
e_11_2 11 2 9 0.0125 0.0148289 0.281773 0.10174 0.592015 -0.613386 0.14998 -0.500781 0.020211
11 10 9
2 0.00568742 -0.375637 0.232828 0.0125
11 0.00032015 -0.357017 0.23784 0.0125
10 0.00194548 -0.338194 0.231267 0.0125
9 0.00497327 -0.318862 0.222568 0.0125
4 0.0354684 -0.166912 0.1195 0.0125
1 0.0861061 0.0487801 0.0116064 0.0125
8 0.00866497 -0.30152 0.212882 0.0125
5 0.0206481 -0.188443 0.152915 0.0125
6 0.0090175 -0.262565 0.191112 0.0125
7 0.0113896 -0.282459 0.205626 0.0125
e_1_4 1 4 1 0.0125 0.0607872 -0.0590661 0.0655531 0.717055 0.501168 0.172971 -0.452487 0.246431
e_4_5 4 5 2 0.0125 0.0280578 -0.177678 0.136207 0.801363 0.325543 -0.014179 -0.501635 0.042424
e_5_6 5 6 3 0.0125 0.0148333 -0.225504 0.172014 0.729356 0.483663 0.198048 -0.44146 0.084192
e_6_7 6 7 4 0.0125 0.0102031 -0.272512 0.198369 0.791978 0.376757 0.254395 -0.407563 0.02474
e_7_8 7 8 5 0.0125 0.0100269 -0.29199 0.209254 0.70048 0.521913 0.226494 -0.430853 0.020575
e_8_9 8 9 6 0.0125 0.00681886 -0.310191 0.217725 0.73175 0.480356 0.171858 -0.451957 0.020205
e_9_10 9 10 7 0.0125 0.00345938 -0.328528 0.226917 0.715195 0.503169 0.209101 -0.437714 0.021414
e_10_11 10 11 8 0.0125 0.00113294 -0.347606 0.234554 0.699225 0.520847 0.253831 -0.418775 0.020004
e_11_2 11 2 9 0.0125 0.00300366 -0.366326 0.235334 0.551729 0.589801 0.526635 -0.265303 0.020015
12 10 9
2 0.0871036 -0.149105 0.115356 0.0125
11 0.0751872 -0.133834 0.110349 0.0125
10 0.0658763 -0.116207 0.112147 0.0125
9 0.0545461 -0.099806 0.114076 0.0125
4 0.245304 0.0442929 0.0133721 0.0125
1 0.383858 0.010442 0.0121843 0.0125
8 0.0540824 -0.0815962 0.105799 0.0125
5 0.0637851 -0.0143255 0.0712089 0.0125
6 0.0530766 -0.036072 0.0853863 0.0125
7 0.0535568 -0.0563707 0.0944578 0.0125
e_1_4 1 4 1 0.0125 0.314581 0.0273677 0.0127778 0.65789 0.102476 -0.696659 -0.267106 0.142635
e_4_5 4 5 2 0.0125 0.154544 0.0149837 0.0422908 0.753241 0.368467 -0.468134 -0.278766 0.199323
e_5_6 5 6 3 0.0125 0.058431 -0.025199 0.078298 0.838203 0.487924 -0.0975296 -0.223233 0.028082
e_6_7 6 7 4 0.0125 0.0533167 -0.0462214 0.089922 0.820513 0.529243 0.126227 -0.17529 0.022238
e_7_8 7 8 5 0.0125 0.0538196 -0.0689828 0.100128 0.821067 0.528652 0.124642 -0.175615 0.027663
e_8_9 8 9 6 0.0125 0.0543143 -0.0907004 0.109938 0.822334 0.52655 0.126111 -0.174951 0.020008
e_9_10 9 10 7 0.0125 0.0602106 -0.108007 0.113112 0.667904 0.55782 0.48682 -0.0758105 0.020027
e_10_11 10 11 8 0.0125 0.0705316 -0.12502 0.111249 0.667629 0.596514 0.434836 -0.09675 0.020016
e_11_2 11 2 9 0.0125 0.081145 -0.14147 0.112853 0.786582 0.44207 0.423616 -0.0800814 0.020007
13 11 10
2 0.254488 0.0117814 0.0170739 0.0125
12 0.240927 -0.00318417 0.0183024 0.0125
11 0.225156 -0.0141058 0.0124809 0.0125
10 0.218831 -0.0333159 0.0137239 0.0125
9 0.210713 -0.0515544 0.0188162 0.0125
4 0.0532944 -0.2593 0.20797 0.0125
1 -0.00288212 -0.301667 0.244754 0.0125
8 0.205249 -0.0676244 0.0295463 0.0125
5 0.193578 -0.142966 0.0630148 0.0125
6 0.207066 -0.108122 0.0555966 0.0125
7 0.205982 -0.0832548 0.0423834 0.0125
e_1_4 1 4 1 0.0125 0.0252061 -0.280484 0.226362 -0.482707 0.232075 -0.823279 -0.188006 0.079397
e_4_5 4 5 2 0.0125 0.123436 -0.201133 0.135492 -0.263246 -0.203172 -0.877478 -0.345622 0.232864
e_5_6 5 6 3 0.0125 0.200322 -0.125544 0.0593054 0.631778 -0.743621 0.210699 -0.0590716 0.038092
e_6_7 6 7 4 0.0125 0.206524 -0.0956887 0.0489898 0.478707 -0.781548 -0.351611 -0.190766 0.02818
e_7_8 7 8 5 0.0125 0.205615 -0.0754396 0.0359648 0.353004 -0.721435 -0.544662 -0.241376 0.020239
e_8_9 8 9 6 0.0125 0.207981 -0.0595894 0.0241813 0.362535 -0.80911 -0.335407 -0.318451 0.020081
e_9_10 9 10 7 0.0125 0.214773 -0.0424353 0.0162704 0.605606 -0.76355 0.201432 -0.0982734 0.020603
e_10_11 10 11 8 0.0125 0.221994 -0.023711 0.0131027 0.684022 -0.678346 0.265585 0.0377578 0.020262
e_11_12 11 12 9 0.0125 0.233041 -0.00864471 0.0153919 0.577681 0.0963531 0.587795 0.55812 0.020048
e_12_2 12 2 10 0.0125 0.247708 0.00429887 0.017688 0.628585 -0.300197 0.663507 0.272987 0.020233
14 10 9
2 0.357657 0.010254 0.0359151 0.0125
11 0.351752 0.0293144 0.0375361 0.0125
10 0.338977 0.0415378 0.0471664 0.0125
9 0.330445 0.0573112 0.0568142 0.0125
4 0.187898 0.106114 0.111777 0.0125
1 -0.0685531 0.0512877 0.0484777 0.0125
8 0.319343 0.0710318 0.0683729 0.0125
5 0.250945 0.0764265 0.0973197 0.0125
6 0.282314 0.0775787 0.0916291 0.0125
7 0.299149 0.0768892 0.0754759 0.0125
e_1_4 1 4 1 0.0125 0.0596719 0.0787009 0.0801271 0.776162 -0.0338092 0.617688 0.122024 0.269777
e_4_5 4 5 2 0.0125 0.219421 0.0912703 0.104549 0.625802 0.235846 0.738877 -0.0825182 0.071171
e_5_6 5 6 3 0.0125 0.26663 0.0770025 0.0944746 0.637928 0.0462639 0.766194 0.0620808 0.031901
e_6_7 6 7 4 0.0125 0.29073 0.0772343 0.0835529 0.391759 0.0893734 0.91545 0.022128 0.023341
e_7_8 7 8 5 0.0125 0.309245 0.0739611 0.0719239 0.581883 0.176 0.793126 -0.0372515 0.022194
e_8_9 8 9 6 0.0125 0.324894 0.064172 0.0625936 0.430048 0.382551 0.792203 -0.202798 0.021098
e_9_10 9 10 7 0.0125 0.334711 0.049425 0.0519899 0.444335 0.449946 0.731046 -0.256296 0.020364
e_10_11 10 11 8 0.0125 0.345364 0.0354266 0.0423512 0.480301 0.347839 0.786243 -0.173613 0.020133
e_11_2 11 2 9 0.0125 0.354704 0.0197842 0.0367255 0.601119 0.522147 0.51753 -0.313339 0.02002
15 10 9
2 0.222701 0.0579629 0.0559879 0.0125
11 0.207861 0.0646884 0.044366 0.0125
10 0.189939 0.0675588 0.0359642 0.0125
9 0.17182 0.0755863 0.0331082 0.0125
4 0.000547669 0.0311634 0.0687855 0.0125
1 -0.248699 0.0437155 0.103418 0.0125
8 0.152481 0.0703407 0.0319935 0.0125
5 0.0718517 0.0317506 0.0595418 0.0125
6 0.113962 0.0562297 0.0418991 0.0125
7 0.133476 0.0641823 0.0300749 0.0125
e_1_4 1 4 1 0.0125 -0.124076 0.0374397 0.0861023 0.647157 0.165402 0.735778 0.11163 0.251954
e_4_5 4 5 2 0.0125 0.0361992 0.031457 0.0641636 0.651271 0.116287 0.74213 0.107549 0.071904
e_5_6 5 6 3 0.0125 0.0929075 0.0439902 0.0507201 0.569903 -0.321816 0.752805 0.0702153 0.051806
e_6_7 6 7 4 0.0125 0.123719 0.0602065 0.0359872 0.492784 -0.140841 0.851374 0.111762 0.024162
e_7_8 7 8 5 0.0125 0.142979 0.0672614 0.0310343 0.737843 -0.156527 0.654005 0.0580006 0.020069
e_8_9 8 9 6 0.0125 0.16215 0.0729632 0.0325502 0.723388 -0.117857 0.676991 0.0671062 0.020069
e_9_10 9 10 7 0.0125 0.180879 0.0715721 0.0345361 0.750454 0.334766 0.562683 0.0902086 0.020022
e_10_11 10 11 8 0.0125 0.1989 0.0661233 0.0401657 0.840788 0.120089 0.524936 0.0556505 0.020001
e_11_2 11 2 9 0.0125 0.215281 0.0613255 0.0501774 0.888135 0.207528 0.408114 0.039894 0.020013
16 11 10
2 0.0534019 -0.286613 0.0448063 0.0125
12 0.0469015 -0.267501 0.0436311 0.0125
11 0.0392958 -0.249122 0.0473388 0.0125
10 0.0366744 -0.235655 0.0633409 0.0125
9 0.0388469 -0.213001 0.0683379 0.0125
4 0.101819 -0.114039 0.141527 0.0125
1 0.231136 0.10006 0.0638105 0.0125
8 0.0451989 -0.198465 0.0816788 0.0125
5 0.0920144 -0.14625 0.143706 0.0125
6 0.0606897 -0.171645 0.1268 0.0125
7 0.052712 -0.187127 0.0965729 0.0125
e_1_4 1 4 1 0.0125 0.166478 -0.00698964 0.102669 0.803115 0.484181 -0.34236 0.0580134 0.261918
e_4_5 4 5 2 0.0125 0.0969167 -0.130144 0.142617 0.726917 0.634854 -0.254301 0.0623157 0.03374
e_5_6 5 6 3 0.0125 0.0763521 -0.158948 0.135252 0.532084 0.324528 -0.766813 0.153511 0.043727
e_6_7 6 7 4 0.0125 0.0567003 -0.179386 0.111687 0.1549 0.160601 -0.952593 0.206835 0.034885
e_7_8 7 8 5 0.0125 0.0489556 -0.192796 0.0891257 0.303418 0.371844 -0.854958 0.196763 0.02017
e_8_9 8 9 6 0.0125 0.0420229 -0.205733 0.0750084 0.382835 0.600432 -0.679183 0.177846 0.020727
e_9_10 9 10 7 0.0125 0.0377601 -0.224328 0.0658393 0.623458 0.76411 -0.152884 0.0637325 0.023299
e_10_11 10 11 8 0.0125 0.0379845 -0.242389 0.0553402 0.336153 0.936246 -0.0549793 0.0861514 0.021079
e_11_12 11 12 9 0.0125 0.0430987 -0.258312 0.0454849 0.636786 0.683554 0.352682 -0.053602 0.020234
e_12_2 12 2 10 0.0125 0.0501517 -0.277057 0.0442187 0.725817 0.633851 0.262986 -0.0475448 0.020221
17 8 7
2 -0.0408773 -0.234349 0.0123476 0.0125
9 -0.0237428 -0.204161 0.0206676 0.0125
4 -0.0177366 0.0876287 0.11256 0.0125
1 -0.01747 0.230225 0.0955465 0.0125
8 -0.014378 -0.186664 0.0290869 0.0125
5 0.0120192 -0.0626393 0.0653172 0.0125
6 0.014601 -0.138665 0.0557649 0.0125
7 -0.000509763 -0.161116 0.0437336 0.0125
e_1_4 1 4 1 0.0125 -0.0176038 0.158927 0.104053 -0.0582772 -0.052976 -0.661783 0.745547 0.143608
e_4_5 4 5 2 0.0125 -0.00285862 0.0124951 0.0889383 -0.140257 -0.0345437 -0.80384 0.57704 0.160305
e_5_6 5 6 3 0.0125 0.0133102 -0.100652 0.0605408 -0.0691547 -0.0530223 -0.747988 0.657966 0.076668
e_6_7 6 7 4 0.0125 0.00704613 -0.149891 0.0497488 0.227337 -0.135271 -0.827538 0.495177 0.029616
e_7_8 7 8 5 0.0125 -0.00744344 -0.17389 0.0364101 0.180796 -0.123314 -0.842482 0.492271 0.032551
e_8_9 8 9 6 0.0125 -0.0190599 -0.195412 0.0248775 0.185112 -0.12418 -0.824533 0.520056 0.021557
e_9_2 9 2 7 0.0125 -0.0323101 -0.219255 0.0165076 0.212123 -0.130221 -0.77433 0.581773 0.035696
18 9 8
2 -0.0438439 0.0829224 0.177974 0.0125
10 -0.0353435 0.0847893 0.159224 0.0125
9 -0.0236786 0.0805769 0.143259 0.0125
4 -0.0299799 -0.164763 0.165927 0.0125
1 -0.0384739 -0.3327 0.259801 0.0125
8 -0.0130809 0.0642896 0.133842 0.0125
5 -0.0149477 -0.00751857 0.10916 0.0125
6 -0.0173975 0.0280397 0.116689 0.0125
7 -0.017707 0.0467057 0.124858 0.0125
e_1_4 1 4 1 0.0125 -0.0342274 -0.248731 0.212864 0.483516 -0.835547 -0.213513 -0.14995 0.192581
e_4_5 4 5 2 0.0125 -0.0224633 -0.0861402 0.137543 0.569456 -0.795068 0.192259 0.0813798 0.167852
e_5_6 5 6 3 0.0125 -0.0161726 0.0102606 0.112924 0.773785 -0.622156 -0.0979255 -0.0677439 0.036429
e_6_7 6 7 4 0.0125 -0.0175518 0.0373725 0.120774 0.8367 -0.546842 -0.0222189 -0.020102 0.020378
e_7_8 7 8 5 0.0125 -0.0153935 0.0554975 0.129351 0.842817 -0.489786 0.196591 0.105455 0.020281
e_8_9 8 9 6 0.0125 -0.0183798 0.0724329 0.13855 0.81838 -0.354684 -0.395131 -0.21983 0.021593
e_9_10 9 10 7 0.0125 -0.0295106 0.0826831 0.151242 0.932377 -0.0570559 -0.319203 -0.159772 0.020216
e_10_2 10 2 8 0.0125 -0.0395932 0.0838556 0.168598 0.972422 0.0652519 -0.20546 -0.0890146 0.020672
19 6 5
2 -0.373373 -0.0307169 0.0248588 0.0125
7 -0.366901 -0.0123689 0.0176246 0.0125
6 -0.367215 0.00682668 0.0114915 0.0125
5 -0.360047 0.0294091 0.0169942 0.0125
1 0.0255026 0.0405368 0.16224 0.0125
4 -0.293175 0.074803 0.0836305 0.0125
e_1_4 1 4 1 0.0125 -0.133836 0.0576699 0.122935 0.595401 -0.287101 -0.73258 0.162472 0.330014
e_4_5 4 5 2 0.0125 -0.326612 0.0521063 0.0503123 0.296846 -0.183853 -0.885587 0.306294 0.104752
e_5_6 5 6 3 0.0125 -0.363631 0.0181175 0.0142431 0.291206 0.140102 -0.770383 0.549618 0.024323
e_6_7 6 7 4 0.0125 -0.367058 -0.00277028 0.0145582 0.504092 0.375644 -0.454679 0.630912 0.020154
e_7_2 7 2 5 0.0125 -0.370137 -0.0215426 0.0212414 0.599131 0.262873 -0.506602 0.561511 0.020758
20 11 10
2 -0.285707 -0.0739137 0.106159 0.0125
12 -0.266172 -0.0749874 0.112179 0.0125
11 -0.24807 -0.0772823 0.120643 0.0125
10 -0.227701 -0.0759031 0.123373 0.0125
9 -0.208114 -0.0732751 0.114412 0.0125
4 0.0588748 0.0246026 0.12894 0.0125
1 0.188656 0.031502 0.115052 0.0125
8 -0.187307 -0.0642943 0.116137 0.0125
5 -0.0504142 -0.0158183 0.137737 0.0125
6 -0.114767 -0.0381718 0.126879 0.0125
7 -0.167504 -0.0569809 0.119128 0.0125
e_1_4 1 4 1 0.0125 0.123765 0.0280526 0.121996 0.728528 0.169021 -0.646765 -0.149581 0.130705
e_4_5 4 5 2 0.0125 0.00423007 0.00439276 0.133338 0.730132 0.293528 -0.613352 -0.0674363 0.116856
e_5_6 5 6 3 0.0125 -0.0825907 -0.0269946 0.132308 0.646021 0.318085 -0.691029 -0.0629057 0.068984
e_6_7 6 7 4 0.0125 -0.141136 -0.0475763 0.123003 0.653956 0.318695 -0.683367 -0.061513 0.056525
e_7_8 7 8 5 0.0125 -0.177406 -0.0606377 0.117633 0.653034 0.323514 -0.682268 -0.058269 0.021321
e_8_9 8 9 6 0.0125 -0.19771 -0.0687851 0.115274 0.678175 0.335773 -0.652073 -0.0462253 0.022728
e_9_10 9 10 7 0.0125 -0.217908 -0.0745895 0.118892 0.82955 0.157582 -0.518355 -0.135361 0.021698
e_10_11 10 11 8 0.0125 -0.237886 -0.0765928 0.122008 0.644115 0.206252 -0.723687 -0.137309 0.020598
e_11_12 11 12 9 0.0125 -0.257121 -0.0761348 0.116411 0.510041 0.166188 -0.826306 -0.171635 0.020114
e_12_2 12 2 10 0.0125 -0.27594 -0.0744502 0.109169 0.571584 0.176591 -0.784763 -0.162032 0.02047
