20
1 9 8
2 0.0315598 -0.253138 0.0202984 0.0125
10 0.0127116 -0.249916 0.0143009 0.0125
9 -0.00719049 -0.249588 0.0123269 0.0125
4 -0.125162 -0.0878589 0.0114992 0.0125
1 -0.0852963 0.14758 0.0115712 0.0125
8 -0.0242113 -0.243838 0.0220087 0.0125
5 -0.0899287 -0.185837 0.0397256 0.0125
6 -0.0597762 -0.223998 0.032748 0.0125
7 -0.0407394 -0.23787 0.0319241 0.0125
e_1_4 1 4 1 0.0125 -0.105229 0.0298611 0.0115347 0.54664 0.464252 -0.533499 0.448369 0.23879
e_4_5 4 5 2 0.0125 -0.107545 -0.136848 0.0256119 0.499021 0.51919 -0.315628 0.617899 0.10788
e_5_6 5 6 3 0.0125 -0.0748521 -0.204918 0.0362363 0.277554 0.67558 -0.33851 0.593267 0.049133
e_6_7 6 7 4 0.0125 -0.0502573 -0.230934 0.0323366 0.226098 0.687612 -0.211357 0.656809 0.023569
e_7_8 7 8 5 0.0125 -0.0324753 -0.240854 0.0269669 -0.0227194 0.798186 -0.32956 0.503759 0.020177
e_8_9 8 9 6 0.0125 -0.0157009 -0.246713 0.0171683 -0.0257381 0.798631 -0.315274 0.511985 0.020409
e_9_10 9 10 7 0.0125 0.00276055 -0.249752 0.0133139 0.0880369 0.667767 0.0687171 0.735944 0.020002
e_10_2 10 2 8 0.0125 0.0221357 -0.251527 0.0172996 0.237307 0.586956 0.0764495 0.770275 0.02004
2 10 9
2 -0.379708 0.168117 0.0774257 0.0125
11 -0.373377 0.165482 0.0585049 0.0125
10 -0.367522 0.162913 0.0391897 0.0125
9 -0.350318 0.172176 0.025113 0.0125
4 -0.10951 -0.0156005 0.0809596 0.0125
1 -0.0345196 -0.0511339 0.0649749 0.0125
8 -0.333913 0.18453 0.024656 0.0125
5 -0.240266 0.159885 0.028174 0.0125
6 -0.26165 0.177423 0.0215706 0.0125
7 -0.29318 0.185311 0.0114905 0.0125
e_1_4 1 4 1 0.0125 -0.0720151 -0.0333666 0.0729676 0.701089 -0.487445 -0.409665 0.32101 0.084509
e_4_5 4 5 2 0.0125 -0.174888 0.0721428 0.0545665 0.603658 -0.717502 -0.320045 0.135493 0.225119
e_5_6 5 6 3 0.0125 -0.250958 0.168654 0.0248724 0.586138 -0.667584 -0.412858 0.200804 0.028433
e_6_7 6 7 4 0.0125 -0.277415 0.181367 0.016531 0.510849 -0.565261 -0.573231 0.301529 0.034029
e_7_8 7 8 5 0.0125 -0.313547 0.184921 0.0180732 0.680175 -0.308596 -0.501022 0.437158 0.042816
e_8_9 8 9 6 0.0125 -0.342115 0.178353 0.0248839 0.479464 -0.132192 -0.686601 0.5303 0.020541
e_9_10 9 10 7 0.0125 -0.35892 0.167544 0.0321516 0.717941 -0.0629501 -0.451399 0.526153 0.024083
e_10_11 10 11 8 0.0125 -0.37045 0.164198 0.0488472 0.90676 -0.116379 -0.108548 0.390461 0.020345
e_11_2 11 2 9 0.0125 -0.376542 0.1668 0.0679657 0.903482 -0.124553 -0.120032 0.392174 0.020126
3 10 9
2 0.240453 -0.0651628 0.0119888 0.0125
11 0.226221 -0.053673 0.020104 0.0125
10 0.215037 -0.0401461 0.0296972 0.0125
9 0.204372 -0.0233228 0.0316028 0.0125
4 0.114848 0.0179583 0.0135882 0.0125
1 -0.109399 0.26892 0.0115667 0.0125
8 0.187821 -0.0125198 0.0285298 0.0125
5 0.130795 0.0054193 0.0115745 0.0125
6 0.149253 -0.00247844 0.0195466 0.0125
7 0.168238 -0.0086172 0.0273528 0.0125
e_1_4 1 4 1 0.0125 0.00272472 0.143439 0.0125778 0.697303 0.431075 0.557827 -0.12951 0.33656
e_4_5 4 5 2 0.0125 0.122821 0.011688 0.0125813 0.643854 0.27455 0.688477 -0.189931 0.020386
e_5_6 5 6 3 0.0125 0.140024 0.00147006 0.0155609 0.817441 0.13856 0.544311 -0.127739 0.021602
e_6_7 6 7 4 0.0125 0.158746 -0.00554778 0.0234504 0.814746 0.0831232 0.557608 -0.13547 0.021425
e_7_8 7 8 5 0.0125 0.17803 -0.0105689 0.0279416 0.700013 -0.0545636 0.683805 -0.198532 0.020003
e_8_9 8 9 6 0.0125 0.196097 -0.0179214 0.030067 0.744131 0.239428 0.604873 -0.151894 0.020002
e_9_10 9 10 7 0.0125 0.209704 -0.0317342 0.0306504 0.665339 0.560182 0.483532 -0.098574 0.02001
e_10_11 10 11 8 0.0125 0.220629 -0.0469097 0.0249006 0.446695 0.315882 0.800018 -0.246278 0.020002
e_11_2 11 2 9 0.0125 0.233337 -0.0594176 0.016046 0.479085 0.151418 0.82452 -0.260223 0.020011
4 11 10
2 0.0147937 -0.277976 0.0536152 0.0125
12 0.00424964 -0.263048 0.0454905 0.0125
11 -0.00444963 -0.245324 0.0422204 0.0125
10 -0.00714105 -0.227306 0.033954 0.0125
9 -0.00265654 -0.207942 0.0311234 0.0125
4 0.021202 -0.094545 0.0123566 0.0125
1 -0.0716002 0.186286 0.0115062 0.0125
8 0.00224532 -0.188768 0.0275247 0.0125
5 0.0237942 -0.123833 0.0244997 0.0125
6 0.0230902 -0.152356 0.0261951 0.0125
7 0.00721012 -0.168833 0.0249251 0.0125
e_1_4 1 4 1 0.0125 -0.0251991 0.0458704 0.0119314 0.517571 0.641224 -0.295625 0.483279 0.295768
e_4_5 4 5 2 0.0125 0.0224981 -0.109189 0.0184286 0.776552 0.534923 -0.151666 0.296348 0.031811
e_5_6 5 6 3 0.0125 0.0234422 -0.138095 0.0253479 0.619858 0.575061 -0.373681 0.381371 0.028582
e_6_7 6 7 4 0.0125 0.0151502 -0.160595 0.0255601 0.666722 0.385217 -0.615896 0.166617 0.022918
e_7_8 7 8 5 0.0125 0.0047282 -0.1788 0.0262249 0.68544 0.521305 -0.406765 0.304885 0.020708
e_8_9 8 9 6 0.0125 -0.000205235 -0.198355 0.0293234 0.71061 0.514523 -0.381894 0.290614 0.020116
e_9_10 9 10 7 0.0125 -0.00489914 -0.217623 0.0325389 0.690525 0.523749 -0.393915 0.306093 0.020076
e_10_11 10 11 8 0.0125 -0.00579585 -0.236315 0.0380877 0.789367 0.530595 -0.109002 0.288941 0.020006
e_11_12 11 12 9 0.0125 -0.000100475 -0.254186 0.0438555 0.61403 0.636455 -0.114986 0.452404 0.020013
e_12_2 12 2 10 0.0125 0.00952149 -0.270512 0.0495532 0.785909 0.526717 0.139497 0.292328 0.02
5 7 6
2 0.0826263 0.248819 0.0640549 0.0125
4 0.12848 -0.141584 0.0268282 0.0125
1 0.146261 -0.240816 0.0423376 0.0125
8 0.0924825 0.229521 0.0621461 0.0125
5 0.125539 0.000935874 0.0358994 0.0125
6 0.113354 0.134038 0.0468327 0.0125
7 0.0939468 0.209337 0.056976 0.0125
e_1_4 1 4 1 0.0125 0.137371 -0.1912 0.0345835 0.541385 -0.546772 -0.526371 -0.361769 0.101998
e_4_5 4 5 2 0.0125 0.12701 -0.0703243 0.0313647 0.679109 -0.631987 -0.262371 -0.265639 0.142839
e_5_6 5 6 3 0.0125 0.119446 0.0674874 0.0413664 0.681041 -0.601689 -0.31178 -0.277392 0.134105
e_6_7 6 7 4 0.0125 0.103651 0.171687 0.0519046 0.693025 -0.52558 -0.398862 -0.290502 0.078418
e_7_8 7 8 5 0.0125 0.0932149 0.219429 0.0595616 0.757877 -0.574573 -0.214727 -0.222218 0.020888
e_8_2 8 2 6 0.0125 0.0875542 0.23917 0.0631008 0.666524 -0.412105 -0.535057 -0.315641 0.021753
6 11 10
2 -0.0179347 -0.316525 0.21591 0.0125
12 -0.0321102 -0.302348 0.216286 0.0125
11 -0.0372231 -0.286053 0.205403 0.0125
10 -0.0428105 -0.269833 0.195095 0.0125
9 -0.0533865 -0.253474 0.185255 0.0125
4 -0.0315357 -0.149226 0.0573659 0.0125
1 0.0377818 0.0883725 0.0347258 0.0125
8 -0.0523135 -0.240564 0.16814 0.0125
5 -0.0392325 -0.208391 0.109364 0.0125
6 -0.0456913 -0.219104 0.132278 0.0125
7 -0.0507178 -0.228653 0.152049 0.0125
e_1_4 1 4 1 0.0125 0.00312323 -0.0304271 0.0460452 0.0378756 0.22174 0.636621 -0.737638 0.248537
e_4_5 4 5 2 0.0125 -0.0353846 -0.178809 0.0833644 0.14171 0.116702 0.397329 -0.899126 0.079142
e_5_6 5 6 3 0.0125 -0.0424621 -0.213747 0.12082 0.0480764 0.138021 0.205154 -0.967755 0.026107
e_6_7 6 7 4 0.0125 -0.048205 -0.223878 0.142163 0.0637001 0.129285 0.210724 -0.966863 0.022524
e_7_8 7 8 5 0.0125 -0.0515156 -0.234608 0.160094 0.15203 0.0913654 0.301747 -0.936743 0.020084
e_8_9 8 9 6 0.0125 -0.0528498 -0.247019 0.176697 0.16794 0.0821496 0.307536 -0.932989 0.021464
e_9_10 9 10 7 0.0125 -0.048099 -0.261653 0.190175 0.40615 -0.0402194 0.522433 -0.748658 0.021824
e_10_11 10 11 8 0.0125 -0.0400168 -0.277943 0.200249 0.31447 0.0186764 0.492059 -0.811565 0.020015
e_11_12 11 12 9 0.0125 -0.0346666 -0.2942 0.210845 0.303822 0.0239536 0.480348 -0.822426 0.020251
e_12_2 12 2 10 0.0125 -0.0250227 -0.309437 0.216098 0.456981 -0.05317 0.711732 -0.530828 0.020052
7 10 9
2 0.0793835 0.182133 0.0992615 0.0125
11 0.0710692 0.172503 0.0833216 0.0125
10 0.0622415 0.159395 0.0708353 0.0125
9 0.0529454 0.144281 0.0610281 0.0125
4 -0.123617 -0.0381845 0.0507971 0.0125
1 -0.299652 -0.0553673 0.0114883 0.0125
8 0.0440983 0.128235 0.0518345 0.0125
5 -0.0644816 0.0189767 0.0570203 0.0125
6 0.0201363 0.0944414 0.0506756 0.0125
7 0.0324369 0.110651 0.051364 0.0125
e_1_4 1 4 1 0.0125 -0.211635 -0.0467759 0.0311427 0.508337 -0.511977 0.359726 -0.591668 0.181187
e_4_5 4 5 2 0.0125 -0.0940499 -0.0096037 0.0539084 0.552199 -0.677497 0.0572126 -0.482494 0.082481
e_5_6 5 6 3 0.0125 -0.0221724 0.0567093 0.0538476 0.481292 -0.72576 0.0347227 -0.490331 0.113558
e_6_7 6 7 4 0.0125 0.0262857 0.102546 0.0510199 0.56468 -0.694924 -0.0127417 -0.445033 0.02036
e_7_8 7 8 5 0.0125 0.038267 0.119444 0.0515996 0.572298 -0.69804 -0.0399166 -0.428512 0.021105
e_8_9 8 9 6 0.0125 0.0485213 0.136258 0.0564313 0.760746 -0.524749 0.0205433 -0.381421 0.020501
e_9_10 9 10 7 0.0125 0.0575929 0.151839 0.0659321 0.769511 -0.506197 0.0433977 -0.386955 0.020274
e_10_11 10 11 8 0.0125 0.0666553 0.165949 0.0770784 0.821717 -0.429448 0.0748592 -0.367084 0.02014
e_11_2 11 2 9 0.0125 0.0752266 0.177318 0.0912915 0.884726 -0.309694 0.11531 -0.328715 0.020395
8 10 9
2 -0.14194 0.125743 0.0171662 0.0125
11 -0.128031 0.118804 0.0297594 0.0125
10 -0.113543 0.109633 0.0401281 0.0125
9 -0.107305 0.0936312 0.0506282 0.0125
4 -0.0226279 -0.0920721 0.096584 0.0125
1 0.131492 -0.225615 0.011492 0.0125
8 -0.0959896 0.0756019 0.0557674 0.0125
5 -0.0433501 -0.051013 0.0926369 0.0125
6 -0.0523136 0.0282091 0.0835586 0.0125
7 -0.0844534 0.0598639 0.0614781 0.0125
e_1_4 1 4 1 0.0125 0.0544323 -0.158844 0.0540376 0.827916 -0.318829 -0.45366 -0.0842356 0.220969
e_4_5 4 5 2 0.0125 -0.032989 -0.0715429 0.0946107 0.665393 -0.588051 -0.443779 -0.12045 0.046161
e_5_6 5 6 3 0.0125 -0.0478319 -0.0114016 0.0880974 0.661602 -0.746039 0.000780396 0.0755575 0.080243
e_6_7 6 7 4 0.0125 -0.0683833 0.0440358 0.0725183 0.420804 -0.106589 -0.841698 -0.321103 0.050224
e_7_8 7 8 5 0.0125 -0.090222 0.0677324 0.058623 0.546107 -0.392431 -0.697448 -0.247651 0.020332
e_8_9 8 9 6 0.0125 -0.101647 0.0846159 0.0531978 0.581882 -0.484276 -0.618727 -0.209921 0.021898
e_9_10 9 10 7 0.0125 -0.110425 0.101633 0.045378 0.3845 -0.443092 -0.751312 -0.302256 0.020131
e_10_11 10 11 8 0.0125 -0.120788 0.114218 0.0349432 0.36718 0.140593 -0.859636 -0.326251 0.020038
e_11_2 11 2 9 0.0125 -0.134985 0.122274 0.0234628 0.286978 0.333284 -0.838851 -0.320773 0.020004
9 8 7
2 0.210796 -0.12632 0.0502714 0.0125
9 0.195951 -0.112368 0.0484238 0.0125
4 0.126003 -0.0203625 0.0612305 0.0125
1 -0.191512 0.0490144 0.21486 0.0125
8 0.184895 -0.0924763 0.0508424 0.0125
5 0.144772 -0.039513 0.0579688 0.0125
6 0.157839 -0.066052 0.0541909 0.0125
7 0.166692 -0.0840297 0.0511616 0.0125
e_1_4 1 4 1 0.0125 -0.0327545 0.014326 0.138045 0.32086 -0.552348 0.63921 -0.428218 0.359488
e_4_5 4 5 2 0.0125 0.135388 -0.0299379 0.0595994 0.261406 -0.270761 0.697898 -0.609339 0.027012
e_5_6 5 6 3 0.0125 0.151306 -0.0527827 0.05608 0.084323 -0.242888 0.710174 -0.655399 0.029822
e_6_7 6 7 4 0.0125 0.162265 -0.0750413 0.0526763 0.0650435 -0.265418 0.71013 -0.648874 0.020267
e_7_8 7 8 5 0.0125 0.175793 -0.0882529 0.0510022 0.462081 -0.288783 0.651593 -0.527742 0.02007
e_8_9 8 9 6 0.0125 0.190423 -0.102422 0.0496327 0.133402 -0.224305 0.708891 -0.65526 0.022885
e_9_2 9 2 7 0.0125 0.203373 -0.119344 0.0493476 0.426328 -0.134539 0.660868 -0.602825 0.020456
10 11 10
2 0.325661 -0.0718895 0.0410502 0.0125
12 0.30873 -0.0652135 0.0324751 0.0125
11 0.293314 -0.0527686 0.0364201 0.0125
10 0.279614 -0.0382559 0.0389814 0.0125
9 0.261977 -0.024345 0.0404194 0.0125
4 0.0324652 0.198859 0.103428 0.0125
1 0.032982 0.249668 0.133869 0.0125
8 0.238611 -0.00913392 0.0443832 0.0125
5 0.0881192 0.0785576 0.0765146 0.0125
6 0.0984735 0.0521224 0.0678223 0.0125
7 0.13835 0.00492048 0.0588175 0.0125
e_1_4 1 4 1 0.0125 0.0327232 0.224264 0.118649 -0.398442 -0.69793 0.519477 -0.290315 0.059231
e_4_5 4 5 2 0.0125 0.060292 0.138709 0.0899723 -0.391472 -0.690114 0.351047 -0.497251 0.135256
e_5_6 5 6 3 0.0125 0.0932965 0.0653398 0.0721689 -0.380055 -0.703957 0.388356 -0.457365 0.029691
e_6_7 6 7 4 0.0125 0.118412 0.0285208 0.0633201 -0.314019 -0.705567 0.272546 -0.573834 0.062444
e_7_8 7 8 5 0.0125 0.18848 -0.00210718 0.0516001 0.0052088 -0.747192 0.110798 -0.655287 0.102266
e_8_9 8 9 6 0.0125 0.250294 -0.016739 0.0424015 -0.197225 -0.727584 0.202489 -0.625077 0.028161
e_9_10 9 10 7 0.0125 0.270796 -0.0313011 0.0397006 -0.259549 -0.701188 0.200669 -0.633009 0.022509
e_10_11 10 11 8 0.0125 0.286464 -0.0455127 0.0377006 -0.298165 -0.706304 0.254521 -0.58945 0.020122
e_11_12 11 12 9 0.0125 0.301021 -0.0589913 0.0344472 -0.223291 -0.733976 0.242784 -0.593697 0.0202
e_12_2 12 2 10 0.0125 0.317195 -0.068551 0.036763 -0.332606 -0.535389 -0.0156854 -0.7762 0.020119
11 8 7
2 -0.0508835 -0.0403255 0.118793 0.0125
9 -0.0444781 -0.021827 0.113359 0.0125
4 0.202721 0.181904 0.0114644 0.0125
1 0.292224 0.266716 0.0349514 0.0125
8 -0.0366067 -0.000477681 0.11138 0.0125
5 0.108891 0.0932226 0.0992224 0.0125
6 0.0798885 0.0735577 0.103662 0.0125
7 -0.0153144 0.0174369 0.101992 0.0125
e_1_4 1 4 1 0.0125 0.247472 0.22431 0.0232083 0.422666 0.76999 0.0259639 -0.477279 0.125521
e_4_5 4 5 2 0.0125 0.155806 0.137563 0.0553434 0.87567 0.364419 -0.293454 -0.119521 0.156108
e_5_6 5 6 3 0.0125 0.0943897 0.0833906 0.101442 0.657818 0.588471 -0.301418 -0.360728 0.035321
e_6_7 6 7 4 0.0125 0.0322875 0.0454969 0.102827 0.54687 0.666536 -0.251572 -0.439743 0.110525
e_7_8 7 8 5 0.0125 -0.02596 0.00848025 0.106686 0.770344 0.497673 -0.304104 -0.257708 0.029367
e_8_9 8 9 6 0.0125 -0.0405423 -0.0111517 0.112369 0.663924 0.672648 0.0648815 -0.320217 0.02284
e_9_2 9 2 7 0.0125 -0.0476809 -0.0310765 0.116076 0.752275 0.60521 -7.95884e-05 -0.260392 0.020317
12 8 7
2 -0.28778 0.00638834 0.0658652 0.0125
9 -0.271639 0.0136258 0.0759154 0.0125
4 -0.0140885 0.0401198 0.13233 0.0125
1 0.177076 -0.0402679 0.0949971 0.0125
8 -0.255423 0.0170702 0.0876945 0.0125
5 -0.177115 0.0222491 0.101396 0.0125
6 -0.217345 0.0225558 0.0971613 0.0125
7 -0.23788 0.0246649 0.0951426 0.0125
e_1_4 1 4 1 0.0125 0.0814946 -7.40226e-05 0.113664 0.493892 0.292387 -0.570898 -0.587074 0.210712
e_4_5 4 5 2 0.0125 -0.0956015 0.0311842 0.116863 0.372604 0.670286 -0.378667 -0.518164 0.166895
e_5_6 5 6 3 0.0125 -0.19723 0.0224023 0.0992782 0.371776 0.614741 -0.417667 -0.556264 0.040453
e_6_7 6 7 4 0.0125 -0.227612 0.02361 0.0961519 0.320775 0.611274 -0.418327 -0.590296 0.020742
e_7_8 7 8 5 0.0125 -0.246651 0.0208677 0.0914181 0.389749 0.774419 -0.285999 -0.408137 0.020516
e_8_9 8 9 6 0.0125 -0.263531 0.0153474 0.0818046 0.182093 0.871069 -0.175595 -0.421008 0.020336
e_9_2 9 2 7 0.0125 -0.279709 0.0100064 0.07089 0.318532 0.83429 -0.225747 -0.389276 0.020345
13 7 6
2 0.263111 -0.00696515 0.0162798 0.0125
4 0.181412 0.326269 0.243806 0.0125
1 0.192926 0.383595 0.262744 0.0125
8 0.259885 0.0152224 0.0118794 0.0125
5 0.238071 0.106293 0.0156886 0.0125
6 0.249666 0.0562025 0.0129614 0.0125
7 0.253931 0.0360591 0.0124687 0.0125
e_1_4 1 4 1 0.0125 0.187168 0.354932 0.253275 -0.588139 -0.791195 0.167527 -0.00613919 0.061462
e_4_5 4 5 2 0.0125 0.209742 0.21628 0.129747 -0.368381 -0.924205 0.0119566 -0.0999837 0.321928
e_5_6 5 6 3 0.0125 0.243869 0.0812473 0.0143246 -0.679003 -0.724086 -0.0467341 -0.111674 0.051486
e_6_7 6 7 4 0.0125 0.251798 0.0461311 0.0127154 -0.690383 -0.714423 -0.0393646 -0.106866 0.020596
e_7_8 7 8 5 0.0125 0.256908 0.025641 0.0121744 -0.686396 -0.713052 -0.0717123 -0.123589 0.021679
e_8_2 8 2 6 0.0125 0.261498 0.00412824 0.0140799 -0.767145 -0.635095 -0.0189982 -0.0882089 0.022849
14 11 10
2 -0.092939 0.18728 0.0254408 0.0125
12 -0.0783348 0.186939 0.0391019 0.0125
11 -0.0625269 0.188174 0.0512931 0.0125
10 -0.0476705 0.192073 0.064111 0.0125
9 -0.029676 0.193846 0.0727569 0.0125
4 0.054405 0.17366 0.134995 0.0125
1 0.276574 -0.0220368 0.06392 0.0125
8 -0.0183364 0.195094 0.0893252 0.0125
5 0.0222528 0.183516 0.129519 0.0125
6 0.00951783 0.195219 0.118227 0.0125
7 -0.00401741 0.192039 0.10363 0.0125
e_1_4 1 4 1 0.0125 0.165489 0.0758118 0.0994575 0.772691 -0.319684 -0.530176 -0.140229 0.30448
e_4_5 4 5 2 0.0125 0.0383284 0.178588 0.132257 0.57193 0.144931 -0.747899 -0.304202 0.034071
e_5_6 5 6 3 0.0125 0.0158853 0.189367 0.123872 0.292072 0.146283 -0.867151 -0.375958 0.020656
e_6_7 6 7 4 0.0125 0.00275021 0.193629 0.110928 0.249508 0.812173 -0.449909 -0.275142 0.020159
e_7_8 7 8 5 0.0125 -0.0111775 0.193566 0.096477 0.193195 0.686013 -0.615472 -0.336537 0.020469
e_8_9 8 9 6 0.0125 -0.0240062 0.194469 0.0810407 0.146497 0.877132 -0.377436 -0.258302 0.020116
e_9_10 9 10 7 0.0125 -0.0386738 0.192959 0.0684337 0.431755 0.561201 -0.633043 -0.312885 0.020042
e_10_11 10 11 8 0.0125 -0.0550987 0.190123 0.0577021 0.314385 0.758082 -0.495662 -0.28424 0.020005
e_11_12 11 12 9 0.0125 -0.0704304 0.187557 0.0451978 0.311774 0.683044 -0.581559 -0.31311 0.020001
e_12_2 12 2 10 0.0125 -0.085637 0.18711 0.0322717 0.240247 0.718341 -0.570529 -0.317433 0.02
15 9 8
2 0.0541782 0.288419 0.165334 0.0125
10 0.0481138 0.277553 0.149667 0.0125
9 0.0544804 0.260453 0.138101 0.0125
4 0.318867 0.0500107 0.0756702 0.0125
1 0.388376 -0.0143 0.0822906 0.0125
8 0.0662806 0.228508 0.115969 0.0125
5 0.213526 0.112949 0.0667162 0.0125
6 0.088165 0.203116 0.0881777 0.0125
7 0.0775294 0.219086 0.102022 0.0125
e_1_4 1 4 1 0.0125 0.353621 0.0178549 0.07898 0.378573 -0.722226 0.115147 0.567285 0.094927
e_4_5 4 5 2 0.0125 0.266196 0.0814799 0.0711936 0.401586 -0.729271 -0.0674641 0.549856 0.123038
e_5_6 5 6 3 0.0125 0.150845 0.158032 0.0774474 0.557929 -0.642323 -0.13635 0.507489 0.155903
e_6_7 6 7 4 0.0125 0.0828472 0.211101 0.0950999 0.778763 -0.45393 -0.0371383 0.43139 0.023661
e_7_8 7 8 5 0.0125 0.0719049 0.223797 0.108996 0.848817 -0.34975 -0.18226 0.352087 0.020244
e_8_9 8 9 6 0.0125 0.0603799 0.24448 0.127035 0.752052 -0.468412 0.0901363 0.454844 0.040616
e_9_10 9 10 7 0.0125 0.0512966 0.269003 0.143884 0.747249 -0.473047 0.0924325 0.457496 0.021603
e_10_2 10 2 8 0.0125 0.0511456 0.282986 0.157501 0.885346 -0.213877 0.250454 0.328165 0.020008
16 7 6
2 0.350592 0.222341 0.0757774 0.0125
4 0.155824 0.113074 0.146155 0.0125
1 0.0284131 -0.0294139 0.045814 0.0125
8 0.335007 0.218277 0.108539 0.0125
5 0.200151 0.161763 0.180582 0.0125
6 0.238314 0.172622 0.183915 0.0125
7 0.317441 0.204105 0.136803 0.0125
e_1_4 1 4 1 0.0125 0.0921191 0.0418298 0.0959849 0.809164 -0.476882 0.200463 -0.27866 0.215881
e_4_5 4 5 2 0.0125 0.177987 0.137419 0.163369 0.808092 -0.476205 0.203849 -0.280467 0.074301
e_5_6 5 6 3 0.0125 0.219232 0.167193 0.182248 0.627075 -0.49877 0.457576 -0.385525 0.039818
e_6_7 6 7 4 0.0125 0.277877 0.188363 0.160359 0.405194 -0.736648 0.446529 -0.306234 0.097323
e_7_8 7 8 5 0.0125 0.326223 0.211191 0.122671 0.279038 -0.894097 0.302158 -0.17728 0.03617
e_8_2 8 2 6 0.0125 0.342799 0.220309 0.092158 0.135787 -0.901639 0.368454 -0.181247 0.036507
17 11 10
2 0.00448525 -0.0908924 0.104707 0.0125
12 0.000605024 -0.0727783 0.112357 0.0125
11 -0.00329391 -0.052731 0.123902 0.0125
10 -0.0152 -0.0451323 0.140767 0.0125
9 -0.0222918 -0.0289052 0.156731 0.0125
4 0.152083 0.228915 0.112689 0.0125
1 0.18193 0.288111 0.086592 0.0125
8 -0.0286574 -0.00751877 0.160685 0.0125
5 0.0636278 0.0996477 0.167059 0.0125
6 0.0407376 0.0639511 0.18128 0.0125
7 -0.0153773 0.0205562 0.157073 0.0125
e_1_4 1 4 1 0.0125 0.167007 0.258513 0.0996404 0.767517 0.372699 -0.421836 0.306705 0.071246
e_4_5 4 5 2 0.0125 0.107856 0.164281 0.139875 0.759249 0.326931 -0.478705 0.295803 0.165803
e_5_6 5 6 3 0.0125 0.0521827 0.0817987 0.174169 0.75399 0.339789 -0.474941 0.300786 0.044726
e_6_7 6 7 4 0.0125 0.0126798 0.0422535 0.169176 0.519405 0.154241 -0.798554 0.262184 0.074953
e_7_8 7 8 5 0.0125 -0.0220173 0.00651893 0.158878 0.66636 0.40798 -0.525161 0.337229 0.031267
e_8_9 8 9 6 0.0125 -0.0254746 -0.0182125 0.158708 0.485028 0.69785 -0.316614 0.421318 0.022662
e_9_10 9 10 7 0.0125 -0.0187459 -0.0370188 0.148749 0.0799297 0.523389 -0.748902 0.398523 0.023842
e_10_11 10 11 8 0.0125 -0.00924626 -0.0489317 0.132334 -0.267279 0.0976576 -0.934766 0.212692 0.021999
e_11_12 11 12 9 0.0125 -0.00134406 -0.0627548 0.118129 0.275167 0.601122 -0.620247 0.422172 0.02346
e_12_2 12 2 10 0.0125 0.00254586 -0.0818349 0.108532 0.352549 0.649924 -0.518107 0.429969 0.020043
18 9 8
2 0.0755672 -0.0828685 0.138488 0.0125
10 0.0589657 -0.071722 0.140785 0.0125
9 0.0404409 -0.073297 0.148174 0.0125
4 -0.143235 -0.0288184 0.0687336 0.0125
1 -0.377448 0.0158389 0.0252343 0.0125
8 0.0205366 -0.0700565 0.145621 0.0125
5 -0.0363469 -0.0780955 0.13073 0.0125
6 -0.0213954 -0.071892 0.142637 0.0125
7 0.00115467 -0.0767579 0.147052 0.0125
e_1_4 1 4 1 0.0125 -0.260341 -0.00648974 0.046984 0.761217 0.0358147 0.639515 -0.101427 0.242368
e_4_5 4 5 2 0.0125 -0.0897908 -0.0534564 0.0997314 0.843821 0.133818 0.499075 -0.144853 0.13303
e_5_6 5 6 3 0.0125 -0.0288714 -0.0749932 0.136684 0.890168 -0.20166 0.403804 -0.0622618 0.020095
e_6_7 6 7 4 0.0125 -0.0101204 -0.0743244 0.144845 0.763474 0.0480832 0.635386 -0.105262 0.023489
e_7_8 7 8 5 0.0125 0.0108458 -0.0734067 0.146336 0.681985 -0.249028 0.687592 -0.00993757 0.020557
e_8_9 8 9 6 0.0125 0.0304889 -0.0716763 0.146898 0.744203 0.0229802 0.6608 -0.0947429 0.020327
e_9_10 9 10 7 0.0125 0.0497036 -0.0725096 0.14448 0.560905 -0.109079 0.820231 -0.0266127 0.020006
e_10_2 10 2 8 0.0125 0.0672663 -0.0772958 0.139636 0.649023 0.26858 0.696373 -0.147303 0.020128
19 6 5
2 -0.375297 0.0795339 0.0845023 0.0125
7 -0.355614 0.084845 0.0722214 0.0125
6 -0.309235 0.108365 0.0627912 0.0125
5 -0.186397 0.117642 0.0668987 0.0125
1 0.103185 0.100559 0.122872 0.0125
4 -0.127587 0.128889 0.0629982 0.0125
e_1_4 1 4 1 0.0125 -0.0122012 0.114725 0.0929359 0.340574 0.59855 -0.516167 -0.509234 0.240091
e_4_5 4 5 2 0.0125 -0.156992 0.123265 0.0649484 0.568485 0.521108 -0.442657 -0.457521 0.060002
e_5_6 5 6 3 0.0125 -0.247815 0.113004 0.0648457 0.495656 0.541195 -0.473041 -0.487509 0.123257
e_6_7 6 7 4 0.0125 -0.332425 0.0966049 0.0675067 0.680076 0.521913 -0.372008 -0.355969 0.05285
e_7_2 7 2 5 0.0125 -0.365456 0.0821889 0.0783621 0.758088 0.345154 -0.350553 -0.428118 0.023801
20 8 7
2 -0.00383573 0.0822189 0.0123168 0.0125
9 -0.0130485 0.0999091 0.0142163 0.0125
4 -0.212709 0.233406 0.143223 0.0125
1 -0.394157 0.252993 0.210319 0.0125
8 -0.0248575 0.111425 0.0255464 0.0125
5 -0.0615736 0.153216 0.0403887 0.0125
6 -0.0409567 0.148115 0.040315 0.0125
7 -0.0274867 0.131875 0.0297006 0.0125
e_1_4 1 4 1 0.0125 -0.303433 0.243199 0.176771 0.247177 -0.697343 0.431559 -0.516113 0.194445
e_4_5 4 5 2 0.0125 -0.137141 0.193311 0.0918061 0.490827 0.345985 0.798669 -0.0388659 0.199617
e_5_6 5 6 3 0.0125 -0.0512654 0.150666 0.0403525 0.53618 -0.318 0.632949 -0.459089 0.021238
e_6_7 6 7 4 0.0125 -0.0342218 0.139996 0.0350075 0.49186 0.803462 0.281339 0.18268 0.02362
e_7_8 7 8 5 0.0125 -0.0261722 0.121651 0.0276232 0.630434 0.773437 0.0235577 0.0615968 0.021032
e_8_9 8 9 6 0.0125 -0.0189531 0.105668 0.019881 0.364966 0.877722 0.1127 0.289315 0.020011
e_9_2 9 2 7 0.0125 -0.00844143 0.0910641 0.0132665 0.672705 0.651747 0.350169 -0.00868701 0.020036
