2
1 11 10
2 0.0012879 -0.379364 0.290911 0.0125
12 0.0177151 -0.369982 0.284421 0.0125
11 0.0316121 -0.366962 0.270357 0.0125
10 0.0456664 -0.355637 0.261742 0.0125
9 0.0561777 -0.340521 0.253928 0.0125
4 0.155662 -0.183762 0.0767457 0.0125
1 0.2031 -0.0486243 0.0114807 0.0125
8 0.067324 -0.32579 0.246264 0.0125
5 0.103236 -0.248169 0.141483 0.0125
6 0.073989 -0.297208 0.218149 0.0125
7 0.0751689 -0.31167 0.233561 0.0125
e_1_4 1 4 1 0.0125 0.179381 -0.116193 0.0441127 0.260305 0.328372 0.429928 -0.799735 0.157391
e_4_5 4 5 2 0.0125 0.129449 -0.215965 0.109115 0.206335 0.3478 0.267648 -0.874543 0.105298
e_5_6 5 6 3 0.0125 0.088613 -0.272688 0.179815 0.261302 0.229325 0.215419 -0.912538 0.095593
e_6_7 6 7 4 0.0125 0.0745789 -0.304439 0.225855 0.361354 0.115243 0.350236 -0.856433 0.021167
e_7_8 7 8 5 0.0125 0.0712469 -0.318729 0.239912 0.243228 0.307586 0.310343 -0.865978 0.020549
e_8_9 8 9 6 0.0125 0.0617505 -0.333156 0.250095 0.182335 0.424023 0.358614 -0.81139 0.02
e_9_10 9 10 7 0.0125 0.0509223 -0.34808 0.257835 0.193001 0.411452 0.367928 -0.811225 0.020001
e_10_11 10 11 8 0.0125 0.0386387 -0.3613 0.26605 0.130955 0.46222 0.266373 -0.835613 0.02
e_11_12 11 12 9 0.0125 0.0246627 -0.368472 0.277389 0.105106 0.383346 0.0383992 -0.916801 0.020001
e_12_2 12 2 10 0.0125 0.00950148 -0.374673 0.287666 0.0754092 0.529195 0.240219 -0.810284 0.02
2 6 5
2 -0.0354024 -0.28739 0.0628248 0.0125
7 -0.0237871 -0.219954 0.039385 0.0125
6 -0.00877982 -0.191445 0.0257885 0.0125
5 0.0798507 -0.127434 0.0124812 0.0125
1 0.31797 0.0163829 0.0571554 0.0125
4 0.164772 -0.0683345 0.0371448 0.0125
e_1_4 1 4 1 0.0125 0.241371 -0.0259752 0.04715 -0.104954 0.587899 0.45952 -0.657421 0.176202
e_4_5 4 5 2 0.0125 0.122311 -0.0978841 0.0248124 -0.0176952 0.631114 0.466515 -0.619472 0.106361
e_5_6 5 6 3 0.0125 0.0355361 -0.159439 0.0191349 0.0414065 0.55814 0.357865 -0.747461 0.110135
e_6_7 6 7 4 0.0125 -0.0162835 -0.2057 0.0325866 0.632213 0.538877 0.123315 -0.542874 0.03497
e_7_2 7 2 5 0.0125 -0.0295951 -0.253672 0.0511046 0.749271 0.566053 0.132487 -0.317213 0.072332
