2
1 11 10
2 0.171551 0.228609 0.0965663 0.0125
12 0.173709 0.208844 0.100199 0.0125
11 0.171593 0.188943 0.100987 0.0125
10 0.175919 0.169147 0.10433 0.0125
9 0.188238 0.153346 0.103057 0.0125
4 0.304085 -0.0550204 0.0235152 0.0125
1 0.3876 -0.192259 0.0121438 0.0125
8 0.197789 0.12529 0.096564 0.0125
5 0.262198 -0.00965934 0.0303786 0.0125
6 0.214119 0.0698583 0.0613072 0.0125
7 0.204604 0.101842 0.0818644 0.0125
e_1_4 1 4 1 0.0125 0.345843 -0.12364 0.0178286 -0.447617 0.0759547 0.677443 0.57874 0.161054
e_4_5 4 5 2 0.0125 0.283142 -0.0323399 0.0269469 -0.531205 0.032 0.666133 0.522555 0.062123
e_5_6 5 6 3 0.0125 0.238159 0.0300997 0.0458426 -0.52374 0.0921013 0.577592 0.619356 0.097935
e_6_7 6 7 4 0.0125 0.209361 0.08585 0.0715853 -0.504889 0.156845 0.461673 0.712281 0.039193
e_7_8 7 8 5 0.0125 0.201197 0.113566 0.0892138 -0.498819 0.15818 0.465951 0.713476 0.028501
e_8_9 8 9 6 0.0125 0.193013 0.139318 0.0998099 -0.405096 0.13599 0.611955 0.665518 0.03034
e_9_10 9 10 7 0.0125 0.182079 0.161246 0.103694 -0.488004 0.0485772 0.682594 0.54181 0.020076
e_10_11 10 11 8 0.0125 0.173756 0.179045 0.102659 -0.238641 0.123436 0.752431 0.601382 0.020537
e_11_12 11 12 9 0.0125 0.172651 0.198894 0.100593 -0.118506 0.197671 0.693259 0.682842 0.020029
e_12_2 12 2 10 0.0125 0.17263 0.218727 0.0983823 -0.185054 0.14078 0.755011 0.613102 0.020212
2 10 9
2 0.105271 0.239512 0.0238861 0.0125
11 0.092966 0.226825 0.0145193 0.0125
10 0.0818491 0.21021 0.0139225 0.0125
9 0.0705682 0.193748 0.0124633 0.0125
4 0.00217664 0.10841 0.029875 0.0125
1 -0.199843 -0.125129 0.139939 0.0125
8 0.0579607 0.1782 0.0124056 0.0125
5 0.0227013 0.129591 0.0199933 0.0125
6 0.0344182 0.145909 0.0137867 0.0125
7 0.0462479 0.162048 0.0138975 0.0125
e_1_4 1 4 1 0.0125 -0.0988335 -0.00835945 0.0849075 0.569718 -0.691617 0.435359 -0.0868899 0.327821
e_4_5 4 5 2 0.0125 0.0124388 0.119001 0.0249338 0.576899 -0.664048 0.466788 -0.0913097 0.031104
e_5_6 5 6 3 0.0125 0.0285593 0.137749 0.0168892 0.589532 -0.704326 0.389234 -0.0698086 0.021027
e_6_7 6 7 4 0.0125 0.0403331 0.153978 0.0138421 0.708499 -0.584941 0.393789 -0.0283467 0.02001
e_7_8 7 8 5 0.0125 0.0521045 0.170124 0.0131511 0.679059 -0.61751 0.39495 -0.0396893 0.020008
e_8_9 8 9 6 0.0125 0.0642647 0.185974 0.012434 0.707318 -0.569137 0.417889 -0.0339741 0.020018
e_9_10 9 10 7 0.0125 0.0762088 0.201979 0.0131925 0.732291 -0.569186 0.37358 -0.0146449 0.020009
e_10_11 10 11 8 0.0125 0.0874074 0.218518 0.0142206 0.717299 -0.589402 0.371066 -0.0199317 0.02
e_11_2 11 2 9 0.0125 0.0991188 0.233169 0.0192025 0.855851 -0.352635 0.376175 0.0407461 0.020002
