2
1 10 9
2 0.0898359 0.0867705 0.268537 0.0125
11 0.095556 0.067924 0.264384 0.0125
10 0.0975373 0.04716 0.263976 0.0125
9 0.0993929 0.026298 0.269852 0.0125
4 0.123794 -0.0856529 0.239653 0.0125
1 0.140819 -0.399597 0.202468 0.0125
8 0.0994625 0.00558716 0.266919 0.0125
5 0.117366 -0.0569354 0.244468 0.0125
6 0.113097 -0.0338277 0.246911 0.0125
7 0.106147 -0.0141476 0.257969 0.0125
e_1_4 1 4 1 0.0125 0.132306 -0.242625 0.22106 0.70515 -0.637678 0.186117 0.247974 0.316597
e_4_5 4 5 2 0.0125 0.120579 -0.0712943 0.24206 0.733667 -0.570078 -0.307033 -0.206092 0.029819
e_5_6 5 6 3 0.0125 0.115232 -0.045382 0.24569 0.728198 -0.621511 -0.249028 -0.146411 0.023625
e_6_7 6 7 4 0.0125 0.109622 -0.0239882 0.25244 0.831375 -0.430312 -0.284174 -0.207105 0.02362
e_7_8 7 8 5 0.0125 0.102804 -0.00428027 0.262444 0.803018 -0.452646 -0.312691 -0.229125 0.022677
e_8_9 8 9 6 0.0125 0.0994276 0.0159425 0.268385 0.678621 -0.590231 0.2855 0.331043 0.020918
e_9_10 9 10 7 0.0125 0.0984651 0.036729 0.266914 -0.572162 0.729166 0.321546 0.193792 0.021754
e_10_11 10 11 8 0.0125 0.0965461 0.0575419 0.26418 0.668406 -0.675851 0.182826 0.251066 0.020862
e_11_2 11 2 9 0.0125 0.0926956 0.0773473 0.266461 0.712173 -0.479798 -0.40821 -0.309787 0.020128
2 11 10
2 -0.322387 0.0019331 0.0803814 0.0125
12 -0.305018 0.000991738 0.070506 0.0125
11 -0.286284 -0.00314827 0.064618 0.0125
10 -0.267924 -0.00883312 0.0589528 0.0125
9 -0.250697 -0.0112136 0.0490524 0.0125
4 -0.0164441 0.0796928 0.0245811 0.0125
1 0.138772 0.0935748 0.0482795 0.0125
8 -0.228465 -0.0127293 0.0440092 0.0125
5 -0.127853 0.0200675 0.0119017 0.0125
6 -0.173167 -0.00322487 0.022146 0.0125
7 -0.197673 -0.0069935 0.0345319 0.0125
e_1_4 1 4 1 0.0125 0.0611637 0.0866338 0.0364302 0.651699 0.0800097 -0.75417 -0.0107482 0.157628
e_4_5 4 5 2 0.0125 -0.072149 0.0498802 0.0182413 0.670805 0.340059 -0.658999 0.010071 0.126995
e_5_6 5 6 3 0.0125 -0.15051 0.00842136 0.0170234 0.773618 0.28329 -0.566733 0.00872478 0.05197
e_6_7 6 7 4 0.0125 -0.18542 -0.00510916 0.0283385 0.850547 0.0823845 -0.51939 -0.0040237 0.027716
e_7_8 7 8 5 0.0125 -0.213069 -0.0098614 0.0392705 0.802987 0.11188 -0.58539 -0.0037514 0.032723
e_8_9 8 9 6 0.0125 -0.239581 -0.0119714 0.0465304 0.781124 -0.0306056 -0.623449 -0.0148504 0.022848
e_9_10 9 10 7 0.0125 -0.259311 -0.0100233 0.0540025 0.864404 -0.0609613 -0.498903 -0.0135982 0.020011
e_10_11 10 11 8 0.0125 -0.277104 -0.00599119 0.0617854 0.800527 -0.160749 -0.576884 -0.0228231 0.020038
e_11_12 11 12 9 0.0125 -0.29565 -0.00107876 0.0675621 0.803927 -0.114054 -0.583357 -0.0196707 0.020068
e_12_2 12 2 10 0.0125 -0.313702 0.00146289 0.0754442 0.864144 -0.0209137 -0.502693 -0.0108621 0.020002
