2
1 11 10
2 -0.387417 -0.188092 0.0775193 0.0125
12 -0.382304 -0.171843 0.0670402 0.0125
11 -0.371558 -0.157449 0.0582195 0.0125
10 -0.362023 -0.142231 0.0493932 0.0125
9 -0.35746 -0.129692 0.0344344 0.0125
4 -0.2267 0.189477 0.0163781 0.0125
1 -0.210349 0.25853 0.012444 0.0125
8 -0.347305 -0.115029 0.0250896 0.0125
5 -0.314166 -0.0287975 0.0127036 0.0125
6 -0.33043 -0.0758179 0.0208535 0.0125
7 -0.336378 -0.0952263 0.0232578 0.0125
e_1_4 1 4 1 0.0125 -0.218525 0.224004 0.0144111 0.118337 -0.0472957 -0.685627 0.716711 0.071072
e_4_5 4 5 2 0.0125 -0.270433 0.0803397 0.0145409 0.272877 0.0130976 -0.71249 0.646317 0.235175
e_5_6 5 6 3 0.0125 -0.322298 -0.0523074 0.0167782 0.268224 0.0172371 -0.647205 0.713362 0.050417
e_6_7 6 7 4 0.0125 -0.333404 -0.0855217 0.022056 0.210541 -0.00790727 -0.664178 0.717271 0.020442
e_7_8 7 8 5 0.0125 -0.341841 -0.105128 0.0241741 0.430139 0.0817496 -0.673007 0.596121 0.022691
e_8_9 8 9 6 0.0125 -0.352383 -0.122361 0.0297624 0.760846 0.24363 -0.456749 0.39133 0.020136
e_9_10 9 10 7 0.0125 -0.359741 -0.135962 0.0419141 0.864584 0.355893 0.0142651 -0.354445 0.020045
e_10_11 10 11 8 0.0125 -0.366791 -0.14984 0.053807 0.706423 0.217164 -0.481966 0.470653 0.02001
e_11_12 11 12 9 0.0125 -0.376931 -0.164646 0.0626299 0.764406 0.244144 -0.469049 0.368878 0.020012
e_12_2 12 2 10 0.0125 -0.384861 -0.179968 0.0722794 0.42358 0.0977962 -0.477976 0.763253 0.02
2 8 7
2 0.0973395 0.204358 0.0183471 0.0125
9 0.077382 0.20257 0.0167556 0.0125
4 -0.13455 0.193881 0.03491 0.0125
1 -0.387732 0.266471 0.0471983 0.0125
8 0.057951 0.205197 0.0228536 0.0125
5 -0.0964076 0.186851 0.0358728 0.0125
6 -0.000344497 0.193001 0.0223724 0.0125
7 0.0380707 0.199569 0.0239732 0.0125
e_1_4 1 4 1 0.0125 -0.26114 0.230176 0.0410542 0.661704 -0.00742801 0.723358 -0.197093 0.26367
e_4_5 4 5 2 0.0125 -0.115478 0.190365 0.0353915 0.683217 -0.0840928 0.693199 -0.213585 0.038797
e_5_6 5 6 3 0.0125 -0.0483753 0.189926 0.0291223 0.590914 -0.370814 0.657223 -0.285263 0.097202
e_6_7 6 7 4 0.0125 0.0188635 0.196285 0.0231731 0.668573 -0.364682 0.588628 -0.271172 0.039006
e_7_8 7 8 5 0.0125 0.0480115 0.202383 0.0234133 0.622409 -0.476038 0.548133 -0.292479 0.020691
e_8_9 8 9 6 0.0125 0.0676666 0.203883 0.0198055 0.523771 -0.278686 0.755514 -0.277842 0.020534
e_9_2 9 2 7 0.0125 0.0873607 0.203464 0.0175514 0.68838 -0.292588 0.612224 -0.256335 0.020101
