2
1 6 5
2 -0.149143 0.0708437 0.0167386 0.0125
7 -0.143822 0.00311955 0.0346746 0.0125
6 -0.131288 -0.150754 0.0826551 0.0125
5 -0.134652 -0.173357 0.100547 0.0125
1 -0.114519 -0.338159 0.270739 0.0125
4 -0.117388 -0.304451 0.220794 0.0125
e_1_4 1 4 1 0.0125 -0.115954 -0.321304 0.245766 0.241581 -0.830543 0.473462 0.166346 0.060324
e_4_5 4 5 2 0.0125 -0.12602 -0.238903 0.16067 0.403744 -0.912254 -0.064767 0.0242752 0.178725
e_5_6 5 6 3 0.0125 -0.13297 -0.162055 0.0916014 0.415514 -0.80196 0.406309 0.13828 0.029023
e_6_7 6 7 4 0.0125 -0.137555 -0.0738169 0.0586656 0.592855 -0.803669 -0.0501352 0.0112474 0.161667
e_7_2 7 2 5 0.0125 -0.146483 0.0369821 0.0257069 0.610139 -0.790684 -0.04956 0.00965346 0.070261
2 6 5
2 0.340144 0.175119 0.0342646 0.0125
7 0.302738 0.155815 0.0383282 0.0125
6 0.264294 0.141405 0.0385836 0.0125
5 0.244618 0.133972 0.0400961 0.0125
1 -0.133678 0.23704 0.0120831 0.0125
4 0.214376 0.13318 0.0458005 0.0125
e_1_4 1 4 1 0.0125 0.0403485 0.18511 0.0289412 -0.0609237 -0.65919 0.138757 -0.736548 0.364782
e_4_5 4 5 2 0.0125 0.229497 0.133576 0.0429482 0.137511 -0.75584 0.146106 -0.623257 0.030785
e_5_6 5 6 3 0.0125 0.254456 0.137689 0.0393398 0.34334 -0.721837 0.121705 -0.588436 0.021087
e_6_7 6 7 4 0.0125 0.283516 0.148609 0.0384564 0.351647 -0.699827 0.115565 -0.610927 0.041056
e_7_2 7 2 5 0.0125 0.321441 0.165468 0.0362958 0.400927 -0.730547 0.119802 -0.539636 0.04229
