2
1 9 8
2 -0.34346 -0.193595 0.0481198 0.0125
10 -0.32556 -0.186512 0.0403461 0.0125
9 -0.307119 -0.178099 0.0376062 0.0125
4 -0.166583 -0.0574502 0.0161784 0.0125
1 0.0447921 0.0963368 0.0285382 0.0125
8 -0.289795 -0.174562 0.0270729 0.0125
5 -0.230011 -0.132109 0.0123652 0.0125
6 -0.251475 -0.157649 0.0134759 0.0125
7 -0.271006 -0.166831 0.0154121 0.0125
e_1_4 1 4 1 0.0125 -0.0608954 0.0194433 0.0223583 0.687725 0.473767 -0.546953 -0.0584893 0.261692
e_4_5 4 5 2 0.0125 -0.198297 -0.0947803 0.0142718 0.688807 0.598328 -0.401811 -0.0780726 0.098039
e_5_6 5 6 3 0.0125 -0.240743 -0.144878 0.0129206 0.714734 0.576606 -0.388445 -0.0761044 0.03338
e_6_7 6 7 4 0.0125 -0.26124 -0.16224 0.0144445 0.73703 0.31844 -0.594905 -0.0383556 0.021669
e_7_8 7 8 5 0.0125 -0.280401 -0.170696 0.0212425 0.864865 0.206579 -0.456551 -0.0299055 0.023426
e_8_9 8 9 6 0.0125 -0.298457 -0.176331 0.0323394 0.869266 0.108183 -0.48207 -0.0168034 0.02058
e_9_10 9 10 7 0.0125 -0.316339 -0.182305 0.0389766 0.752079 0.302044 -0.584631 -0.0367965 0.020454
e_10_2 10 2 8 0.0125 -0.33451 -0.190053 0.0442324 0.828433 0.224566 -0.512212 -0.0301326 0.020761
2 11 10
2 -0.112479 0.134819 0.245552 0.0125
12 -0.103715 0.122918 0.232078 0.0125
11 -0.0952684 0.113544 0.21656 0.0125
10 -0.0831497 0.103205 0.204463 0.0125
9 -0.0695754 0.0924128 0.194484 0.0125
4 0.0308311 0.0490336 0.126285 0.0125
1 0.214966 -0.139948 0.011495 0.0125
8 -0.0559015 0.0893749 0.180146 0.0125
5 -0.00392626 0.0644171 0.139522 0.0125
6 -0.0284193 0.0739392 0.149945 0.0125
7 -0.0429519 0.0823527 0.164978 0.0125
e_1_4 1 4 1 0.0125 0.122898 -0.0454573 0.0688897 0.836301 -0.396375 -0.378709 0.00819566 0.287743
e_4_5 4 5 2 0.0125 0.0134524 0.0567249 0.132904 0.812768 -0.274081 -0.510332 0.0620383 0.040249
e_5_6 5 6 3 0.0125 -0.0161728 0.0691777 0.144733 0.824469 -0.245762 -0.505241 0.0676941 0.02827
e_6_7 6 7 4 0.0125 -0.0356861 0.0781458 0.157461 0.911981 -0.220668 -0.343197 0.0425646 0.022539
e_7_8 7 8 5 0.0125 -0.0494267 0.0858638 0.172562 0.925583 -0.194808 -0.321528 0.0443379 0.021143
e_8_9 8 9 6 0.0125 -0.0627391 0.0908935 0.187315 0.923337 -0.110004 -0.360888 0.0714608 0.020045
e_9_10 9 10 7 0.0125 -0.0763623 0.0978089 0.199475 0.865276 -0.323263 -0.382248 0.0261612 0.020008
e_10_11 10 11 8 0.0125 -0.0892091 0.108375 0.210512 0.895474 -0.296884 -0.330884 0.0224213 0.020001
e_11_12 11 12 9 0.0125 -0.0994913 0.118231 0.224319 0.942235 -0.25142 -0.221019 0.011503 0.020001
e_12_2 12 2 10 0.0125 -0.108097 0.128869 0.238815 0.914792 -0.324756 -0.24018 -0.00185577 0.02
