2
1 8 7
2 0.201908 -0.163736 0.0250101 0.0125
9 0.198726 -0.144038 0.0211907 0.0125
4 0.076208 0.13652 0.0156319 0.0125
1 -0.00993552 0.284588 0.0122889 0.0125
8 0.195098 -0.124027 0.0174878 0.0125
5 0.148432 0.0026704 0.0124917 0.0125
6 0.171567 -0.0576877 0.0121434 0.0125
7 0.189384 -0.101405 0.0134118 0.0125
e_1_4 1 4 1 0.0125 0.0331363 0.210554 0.0139603 0.702016 0.659232 0.235922 0.130103 0.171336
e_4_5 4 5 2 0.0125 0.11232 0.0695946 0.0140619 0.685533 0.683976 0.20614 0.140457 0.152125
e_5_6 5 6 3 0.0125 0.16 -0.0275091 0.0123176 0.688375 0.70135 0.103964 0.1531 0.064641
e_6_7 6 7 4 0.0125 0.180475 -0.0795462 0.0127773 0.70145 0.686098 0.125858 0.146277 0.047225
e_7_8 7 8 5 0.0125 0.192241 -0.112716 0.0154505 0.753216 0.641908 0.0435028 0.136849 0.023686
e_8_9 8 9 6 0.0125 0.196912 -0.134033 0.01934 0.754968 0.640659 -0.00247848 0.139906 0.020672
e_9_2 9 2 7 0.0125 0.200317 -0.153887 0.0231011 0.757981 0.637018 -0.0139624 0.139561 0.020315
2 8 7
2 -0.0363456 0.276979 0.0958122 0.0125
9 -0.0331091 0.256186 0.0962515 0.0125
4 0.0586683 -0.00436069 0.0343632 0.0125
1 0.156886 -0.169241 0.0121592 0.0125
8 -0.0297333 0.229855 0.0969561 0.0125
5 -0.0119785 0.162986 0.0774457 0.0125
6 -0.0202543 0.182455 0.0817595 0.0125
7 -0.0267428 0.202622 0.0876806 0.0125
e_1_4 1 4 1 0.0125 0.107777 -0.0868009 0.0232615 -0.175911 -0.196213 0.635639 0.725617 0.193198
e_4_5 4 5 2 0.0125 0.0233443 0.0793124 0.055904 -0.109831 -0.158829 0.599486 0.776741 0.186686
e_5_6 5 6 3 0.0125 -0.0161168 0.17272 0.0796026 -0.108998 -0.163063 0.611154 0.766825 0.02159
e_6_7 6 7 4 0.0125 -0.0234988 0.192538 0.0847205 -0.0635178 -0.138666 0.588373 0.794074 0.021997
e_7_8 7 8 5 0.0125 -0.0282376 0.216239 0.0923184 0.046643 -0.0967551 0.57472 0.811271 0.028925
e_8_9 8 9 6 0.0125 -0.0314208 0.24302 0.0966039 0.0526617 -0.144482 0.701705 0.695673 0.026556
e_9_2 9 2 7 0.0125 -0.0347278 0.266582 0.0960318 0.0380636 -0.148147 0.698921 0.698651 0.021048
