4
1 24 23
3 0.0278785 -0.0953405 0.0114958 0.0125
25 0.00770327 -0.093819 0.0200689 0.0125
24 -0.0176956 -0.0916643 0.031381 0.0125
23 -0.0325169 -0.0878999 0.045269 0.0125
4 -0.143628 -0.113025 0.0735773 0.0125
22 -0.12119 -0.10967 0.0685656 0.0125
1 -0.0516692 -0.0773086 0.0650211 0.0125
21 -0.0703619 -0.0722285 0.0546889 0.0125
11 -0.311864 0.0675779 0.0191954 0.0125
6 -0.370901 -0.0838761 0.0503182 0.0125
10 -0.360859 -0.0675923 0.0429189 0.0125
9 -0.346915 -0.0297612 0.0320674 0.0125
2 -0.314998 0.0493489 0.0115867 0.0125
19 -0.108468 -0.0576515 0.0472818 0.0125
8 -0.338553 -0.0099451 0.0268396 0.0125
12 -0.306925 0.0854678 0.0266478 0.0125
13 -0.303055 0.104259 0.0322988 0.0125
14 -0.304502 0.123279 0.0383097 0.0125
5 -0.306237 0.14223 0.0444641 0.0125
15 -0.206791 -0.00915947 0.0210585 0.0125
16 -0.167649 -0.0302829 0.0282399 0.0125
17 -0.147465 -0.0395524 0.0347911 0.0125
18 -0.128352 -0.0469587 0.0405475 0.0125
20 -0.0895101 -0.066742 0.0510383 0.0125
e_2_8 2 8 1 0.0125 -0.326776 0.0197024 0.0192133 0.76822 0.516323 -0.342276 0.16154 0.065599
e_8_9 8 9 2 0.0125 -0.342734 -0.0198532 0.0294532 0.770306 0.509832 -0.349256 0.157226 0.022135
e_9_10 9 10 3 0.0125 -0.353887 -0.0486769 0.0374938 0.777244 0.51634 -0.321629 0.160747 0.041754
e_10_6 10 6 4 0.0125 -0.36588 -0.0757343 0.0466192 0.817747 0.438268 -0.357164 0.107914 0.020512
e_2_11 2 11 1 0.0125 -0.313432 0.0584631 0.0153908 0.714848 -0.520036 -0.198365 -0.423327 0.02
e_11_12 11 12 2 0.0125 -0.309395 0.076523 0.0229214 0.707299 -0.538538 -0.153823 -0.431329 0.02
e_12_13 12 13 3 0.0125 -0.30499 0.0948633 0.0294733 0.670285 -0.557127 -0.21987 -0.438161 0.02
e_13_14 13 14 4 0.0125 -0.303779 0.113769 0.0353042 0.696872 -0.48701 -0.335464 -0.405776 0.02
e_14_5 14 5 5 0.0125 -0.305369 0.132754 0.0413867 0.700947 -0.481137 -0.338599 -0.403153 0.02
e_2_15 2 15 1 0.0125 -0.260894 0.0200952 0.0163227 0.717236 0.441954 0.516034 0.154785 0.123377
e_15_16 15 16 2 0.0125 -0.18722 -0.0197212 0.0246492 0.751493 0.395567 0.513633 0.122339 0.045053
e_16_17 16 17 3 0.0125 -0.157557 -0.0349177 0.0315162 0.799314 0.283621 0.527371 0.0503541 0.023157
e_17_18 17 18 4 0.0125 -0.137909 -0.0432555 0.0376696 0.796636 0.234781 0.556502 0.0235407 0.021291
e_18_19 18 19 5 0.0125 -0.11841 -0.0523056 0.0439146 0.798027 0.332848 0.496272 0.0779702 0.02356
e_19_20 19 20 6 0.0125 -0.0989889 -0.0621972 0.04916 0.761142 0.345545 0.540977 0.092769 0.021357
e_20_21 20 21 7 0.0125 -0.0799359 -0.0694858 0.052864 0.768173 0.170979 0.616953 -0.00668129 0.020251
e_21_1 21 1 8 0.0125 -0.0610156 -0.0747686 0.059855 0.854778 0.0949232 0.505643 -0.0683308 0.021954
e_1_22 1 22 1 0.0125 -0.0864301 -0.0934891 0.0667936 0.722978 0.274251 -0.633799 0.019727 0.076766
e_22_4 22 4 2 0.0125 -0.132409 -0.111348 0.0710709 0.77701 0.143139 -0.609648 -0.0639951 0.023234
e_1_23 1 23 1 0.0125 -0.0420932 -0.0826044 0.0551457 -0.0762298 0.702462 -0.584422 0.398982 0.029481
e_23_24 23 24 2 0.0125 -0.0251061 -0.0897816 0.0383251 -0.296337 0.43895 -0.802171 0.275733 0.020657
e_24_25 24 25 3 0.0125 -0.00499562 -0.0927412 0.0257248 0.518992 -0.188153 0.816955 -0.166823 0.027887
e_25_3 25 3 4 0.0125 0.0177908 -0.0945803 0.0157823 0.51908 -0.224635 0.80288 -0.188357 0.021974
2 22 21
3 -0.19037 0.0375114 0.0227502 0.0125
23 -0.202286 0.0260502 0.0340022 0.0125
22 -0.213995 0.0115697 0.0412999 0.0125
21 -0.229488 -0.00066903 0.0444895 0.0125
20 -0.2465 -0.0101374 0.0490628 0.0125
4 -0.317852 -0.100351 0.0693946 0.0125
6 0.0676908 0.0772857 0.142471 0.0125
11 0.0631974 0.0669498 0.125939 0.0125
10 0.0604294 0.0527756 0.112034 0.0125
9 0.0565966 0.0413853 0.0958297 0.0125
2 0.0271532 0.0289651 0.0122702 0.0125
19 -0.310668 -0.0829502 0.0622304 0.0125
8 0.051705 0.0360321 0.0765086 0.0125
12 -0.00179638 -0.00716638 0.0138624 0.0125
5 -0.0418057 -0.0429174 0.0124276 0.0125
13 -0.0136562 0.0231142 0.0239917 0.0125
14 -0.114152 -0.00112078 0.0500317 0.0125
15 -0.205043 -0.0112347 0.049859 0.0125
16 -0.240024 -0.015081 0.0495679 0.0125
1 -0.262935 -0.0207122 0.0533133 0.0125
18 -0.300572 -0.0667511 0.0555201 0.0125
17 -0.289057 -0.0502683 0.0538492 0.0125
e_2_8 2 8 1 0.0125 0.0394294 0.0324989 0.0443893 0.972149 -0.0772418 0.171555 -0.139747 0.069132
e_8_9 8 9 2 0.0125 0.0541505 0.0387082 0.0861688 0.955085 -0.156892 0.0852275 -0.236505 0.020637
e_9_10 9 10 3 0.0125 0.0585126 0.0470803 0.103932 0.873343 -0.312702 -0.0246582 -0.372668 0.020175
e_10_11 10 11 4 0.0125 0.061814 0.0598629 0.118987 0.799392 -0.370892 -0.125105 -0.455808 0.020048
e_11_6 11 6 5 0.0125 0.0654448 0.0721176 0.134205 0.892626 -0.29443 0.0132758 -0.341105 0.020008
e_2_12 2 12 1 0.0125 0.0126787 0.0108999 0.0130667 0.71041 0.603217 -0.344882 -0.111814 0.046326
e_12_5 12 5 2 0.0125 -0.021801 -0.0250419 0.013145 0.679092 0.586973 -0.410888 -0.159589 0.053674
e_2_13 2 13 1 0.0125 0.0067488 0.0260401 0.0181313 0.716233 0.33979 -0.497797 -0.351782 0.04286
e_13_14 13 14 2 0.0125 -0.0639041 0.0109965 0.0370112 0.718751 0.377432 -0.485197 -0.324847 0.106606
e_14_15 14 15 3 0.0125 -0.159597 -0.00617793 0.0499449 0.615464 0.413513 -0.57441 -0.346791 0.091452
e_15_16 15 16 4 0.0125 -0.222533 -0.0131578 0.0497135 0.61292 0.415004 -0.576116 -0.346686 0.035193
e_16_1 16 1 5 0.0125 -0.251479 -0.0178966 0.0514406 0.690037 0.405733 -0.506932 -0.319764 0.023889
e_1_17 1 17 1 0.0125 -0.275995 -0.0354899 0.0535811 0.700736 0.599983 -0.365017 -0.125511 0.039448
e_17_18 17 18 2 0.0125 -0.294814 -0.0585094 0.0546846 0.729668 0.600504 -0.313008 -0.0948971 0.020176
e_18_19 18 19 3 0.0125 -0.30562 -0.0748503 0.0588752 0.809735 0.524606 -0.242824 -0.10077 0.020233
e_19_4 19 4 4 0.0125 -0.31426 -0.0916507 0.065812 0.821541 0.537668 -0.18193 -0.0537102 0.020143
e_1_20 1 20 1 0.0125 -0.254718 -0.0154249 0.0511886 0.02743 0.635753 0.44954 0.626881 0.02
e_20_21 20 21 2 0.0125 -0.237993 -0.00540339 0.0467758 0.048481 0.653027 0.433477 0.619115 0.02
e_21_22 21 22 3 0.0125 -0.221741 0.00545046 0.0428942 0.247555 0.371951 0.664375 0.599145 0.02
e_22_23 22 23 4 0.0125 -0.208141 0.0188104 0.0376513 -0.501695 0.335308 -0.75498 -0.256664 0.02
e_23_3 23 3 5 0.0125 -0.196328 0.0317811 0.0283761 -0.462079 0.703349 -0.53537 0.0718536 0.02
3 23 22
3 -0.0146946 -0.146073 0.0496764 0.0125
24 -0.0069854 -0.117433 0.0515115 0.0125
23 0.00451871 -0.09674 0.0547685 0.0125
22 0.0148283 -0.0763407 0.0539224 0.0125
4 0.105332 -0.105202 0.0228976 0.0125
21 0.0813439 -0.0993585 0.0298942 0.0125
20 0.0632049 -0.0878972 0.0387776 0.0125
12 -0.102871 0.232592 0.118464 0.0125
11 -0.0929029 0.232376 0.101113 0.0125
10 -0.0783821 0.232386 0.0871573 0.0125
9 -0.059397 0.231652 0.0687792 0.0125
2 -0.0303572 0.234672 0.0133547 0.0125
19 0.0230028 -0.0355004 0.0534723 0.0125
8 -0.0362813 0.230791 0.032198 0.0125
6 -0.114733 0.234366 0.134473 0.0125
13 -0.0893794 0.236802 0.0122911 0.0125
14 -0.109646 0.23761 0.0157935 0.0125
5 -0.12976 0.236244 0.0185364 0.0125
15 0.00838908 0.0679403 0.0344132 0.0125
16 0.0115042 0.0276405 0.0467421 0.0125
17 0.0146409 0.00696642 0.0475917 0.0125
18 0.0198499 -0.0122672 0.0506442 0.0125
1 0.0251104 -0.0556174 0.0497135 0.0125
e_2_8 2 8 1 0.0125 -0.0333189 0.232732 0.0227759 0.886928 0.153036 -0.0924093 -0.425909 0.02013
e_8_9 8 9 2 0.0125 -0.0478391 0.231221 0.050489 0.875347 0.105021 -0.257626 -0.395433 0.043281
e_9_10 9 10 3 0.0125 -0.0688888 0.232019 0.0779685 0.857333 0.128142 -0.36871 -0.335578 0.026433
e_10_11 10 11 4 0.0125 -0.0856422 0.23238 0.0941355 0.858841 0.140768 -0.365686 -0.329923 0.02014
e_11_12 11 12 5 0.0125 -0.0978868 0.232484 0.109788 0.877376 0.102867 -0.23642 -0.404643 0.020011
e_12_6 12 6 6 0.0125 -0.108802 0.233479 0.126469 0.866197 0.0848636 -0.304375 -0.387114 0.020004
e_2_13 2 13 1 0.0125 -0.0598681 0.235737 0.0128227 0.687597 0.112033 -0.704595 -0.134928 0.05907
e_13_14 13 14 2 0.0125 -0.0995124 0.237206 0.0140416 0.74287 0.128462 -0.631206 -0.182266 0.020583
e_14_5 14 5 3 0.0125 -0.119704 0.236927 0.0171656 0.738053 0.174931 -0.634012 -0.150684 0.020347
e_2_15 2 15 1 0.0125 -0.0109836 0.151306 0.023884 0.723053 0.583799 0.313254 -0.195561 0.172465
e_15_16 15 16 2 0.0125 0.00994716 0.0477904 0.0405781 0.777131 0.562037 0.195541 -0.204806 0.042258
e_16_17 16 17 3 0.0125 0.013072 0.0173035 0.0471664 0.712909 0.660991 0.20689 -0.109767 0.020927
e_17_18 17 18 4 0.0125 0.0172456 -0.00264977 0.0491182 0.723218 0.54775 0.352483 -0.229523 0.020159
e_18_19 18 19 5 0.0125 0.0214259 -0.023884 0.0520582 0.733993 0.62756 0.21519 -0.145316 0.023617
e_19_1 19 1 6 0.0125 0.0240567 -0.0455591 0.0515922 0.635646 0.76899 -0.00153192 0.0678759 0.020573
e_1_20 1 20 1 0.0125 0.0441573 -0.0717577 0.0442449 0.241241 -0.35481 0.693603 -0.578642 0.051115
e_20_21 20 21 2 0.0125 0.072274 -0.0936281 0.0343359 -0.00669505 -0.708166 0.435612 -0.555607 0.023223
e_21_4 21 4 3 0.0125 0.0933387 -0.10228 0.0263964 0.0960514 -0.735072 0.309817 -0.595363 0.025663
e_1_22 1 22 1 0.0125 0.019969 -0.0659795 0.0518183 0.76668 0.588429 -0.253471 -0.0413068 0.023514
e_22_23 22 23 2 0.0125 0.00967371 -0.0865407 0.0543452 0.71964 0.608136 -0.334175 0.0248306 0.022872
e_23_24 23 24 3 0.0125 -0.00123335 -0.107087 0.05314 0.649403 0.594901 -0.462849 0.100692 0.023899
e_24_3 24 3 4 0.0125 -0.0108398 -0.131753 0.0505937 0.681521 0.681257 -0.258417 0.068105 0.029715
4 22 21
3 0.275754 -0.339443 0.231636 0.0125
23 0.293249 -0.3192 0.222 0.0125
22 0.305443 -0.298465 0.211886 0.0125
21 0.31927 -0.278963 0.208681 0.0125
4 0.429785 -0.278391 0.210758 0.0125
20 0.409921 -0.276661 0.212324 0.0125
5 0.156071 -0.193021 0.104843 0.0125
10 0.15697 -0.174836 0.096481 0.0125
6 0.0509799 0.00149478 0.0119087 0.0125
9 0.0870044 -0.0478941 0.0335455 0.0125
2 0.142452 -0.107005 0.0567008 0.0125
19 0.389995 -0.275122 0.213086 0.0125
8 0.108805 -0.0651683 0.0373032 0.0125
11 0.233017 -0.14713 0.123834 0.0125
12 0.273828 -0.175959 0.162334 0.0125
13 0.293628 -0.193408 0.178897 0.0125
14 0.30427 -0.208992 0.187663 0.0125
15 0.310251 -0.230114 0.197807 0.0125
16 0.319713 -0.247531 0.204915 0.0125
1 0.332765 -0.262436 0.208021 0.0125
18 0.37004 -0.27446 0.21425 0.0125
17 0.350587 -0.269964 0.213095 0.0125
e_2_8 2 8 1 0.0125 0.125628 -0.0860867 0.0470025 0.511136 -0.801651 -0.165085 0.262378 0.057085
e_8_9 8 9 2 0.0125 0.0979045 -0.056531 0.0354241 0.658022 -0.47487 -0.584329 0.00811173 0.028068
e_9_6 9 6 3 0.0125 0.0689915 -0.0231993 0.0227272 0.511364 -0.807683 -0.120313 0.267729 0.064847
e_2_10 2 10 1 0.0125 0.149711 -0.14092 0.0765913 0.739602 0.364505 0.344087 -0.449143 0.079965
e_10_5 10 5 2 0.0125 0.15652 -0.183928 0.100663 0.688148 0.456004 0.288748 -0.484909 0.020035
e_2_11 2 11 1 0.0125 0.187735 -0.127067 0.0902675 0.833524 0.0370681 0.467024 -0.292835 0.119662
e_11_12 11 12 2 0.0125 0.253423 -0.161544 0.143084 0.833712 0.103311 0.429133 -0.331807 0.063079
e_12_13 12 13 3 0.0125 0.283728 -0.184684 0.170615 0.803704 0.150259 0.460049 -0.346175 0.031158
e_13_14 13 14 4 0.0125 0.298949 -0.2012 0.183279 0.749505 0.256069 0.473042 -0.385879 0.020807
e_14_15 14 15 5 0.0125 0.30726 -0.219553 0.192735 0.718501 0.365466 0.395842 -0.439886 0.024183
e_15_16 15 16 6 0.0125 0.314981 -0.238822 0.201361 0.71296 0.306325 0.487236 -0.400567 0.021057
e_16_1 16 1 7 0.0125 0.326239 -0.254983 0.206468 0.676737 0.240702 0.603831 -0.345656 0.020055
e_1_17 1 17 1 0.0125 0.341676 -0.2662 0.210558 0.748337 0.0409686 0.609494 -0.258518 0.02
e_17_18 17 18 2 0.0125 0.360313 -0.272213 0.213672 0.700075 -0.0323065 0.685617 -0.196928 0.02
e_18_19 18 19 3 0.0125 0.380017 -0.274791 0.213669 0.672578 -0.120683 0.717302 -0.136205 0.02
e_19_20 19 20 4 0.0125 0.399958 -0.275891 0.212705 0.67722 -0.100509 0.713421 -0.149338 0.02
e_20_4 20 4 5 0.0125 0.419853 -0.277527 0.211542 0.6629 -0.095524 0.728009 -0.146427 0.02
e_1_21 1 21 1 0.0125 0.326018 -0.270699 0.208352 0.468522 0.685445 0.121234 -0.544017 0.021347
e_21_22 21 22 2 0.0125 0.312357 -0.288713 0.210284 0.522678 0.647065 0.122004 -0.541507 0.024121
e_22_23 22 23 3 0.0125 0.299346 -0.308833 0.216943 0.643237 0.546577 0.0863931 -0.529185 0.026095
e_23_3 23 3 4 0.0125 0.284501 -0.329321 0.226818 0.61547 0.574936 0.00382806 -0.539102 0.028437
