4
1 21 20
3 0.161403 0.0652793 0.0670275 0.0125
22 0.129605 0.0702022 0.03691 0.0125
4 0.0188097 0.0149173 0.0571836 0.0125
21 0.0323557 0.0256797 0.044035 0.0125
20 0.067009 0.0612727 0.0197196 0.0125
11 0.249475 0.276712 0.133563 0.0125
10 0.264964 0.265832 0.125549 0.0125
6 0.303305 0.120619 0.0114961 0.0125
9 0.284929 0.253273 0.118277 0.0125
2 0.311622 0.234849 0.108323 0.0125
19 0.0904559 0.094862 0.015402 0.0125
8 0.306757 0.184076 0.0660636 0.0125
5 0.233888 0.288052 0.141473 0.0125
12 0.282154 0.217344 0.0919912 0.0125
13 0.2029 0.174716 0.0587214 0.0125
14 0.17799 0.155118 0.056398 0.0125
15 0.154933 0.139404 0.0449624 0.0125
16 0.138629 0.12835 0.0364997 0.0125
17 0.121612 0.119018 0.0277923 0.0125
18 0.104852 0.107556 0.022403 0.0125
1 0.0804019 0.0780132 0.011497 0.0125
e_2_8 2 8 1 0.0125 0.30919 0.209463 0.0871927 -0.419704 -0.874591 0.232577 -0.0696194 0.066236
e_8_6 8 6 2 0.0125 0.305031 0.152348 0.0387805 -0.408517 -0.877728 0.235188 -0.0859864 0.083764
e_2_9 2 9 1 0.0125 0.298275 0.244061 0.1133 0.804125 -0.331802 -0.493152 -0.00955445 0.033928
e_9_10 9 10 2 0.0125 0.274946 0.259553 0.121913 0.804536 -0.31917 -0.50083 0.0047358 0.024682
e_10_11 10 11 3 0.0125 0.257219 0.271272 0.129556 0.831212 -0.282115 -0.474826 -0.0635401 0.020555
e_11_5 11 5 4 0.0125 0.241681 0.282382 0.137518 0.828153 -0.292492 -0.473955 -0.0630699 0.020835
e_2_12 2 12 1 0.0125 0.296887 0.226096 0.100157 -0.091733 -0.790432 -0.30049 0.52584 0.037967
e_12_13 12 13 2 0.0125 0.242527 0.19603 0.0753563 -0.0165091 -0.733616 -0.367679 0.571268 0.095943
e_13_14 13 14 3 0.0125 0.190445 0.164917 0.0575596 -0.0755219 -0.622376 -0.386265 0.676567 0.03178
e_14_15 14 15 4 0.0125 0.166461 0.147261 0.0506798 -0.141613 -0.782562 -0.277876 0.53882 0.030156
e_15_16 15 16 5 0.0125 0.146781 0.133877 0.0407304 -0.142693 -0.789086 -0.273314 0.531301 0.021439
e_16_17 16 17 6 0.0125 0.13012 0.123683 0.0321461 -0.0517866 -0.771161 -0.331665 0.54095 0.021271
e_17_18 17 18 7 0.0125 0.113233 0.113287 0.0250972 -0.0989824 -0.718214 -0.335277 0.601631 0.021008
e_18_19 18 19 8 0.0125 0.0976536 0.101208 0.0189033 -0.277218 -0.799975 -0.177157 0.501802 0.02043
e_19_1 19 1 9 0.0125 0.0854286 0.0864372 0.0134495 -0.618083 -0.735937 0.236654 0.142708 0.020005
e_1_20 1 20 1 0.0125 0.0737055 0.0696436 0.0156085 0.386328 0.519982 0.224835 -0.727886 0.022961
e_20_21 20 21 2 0.0125 0.0496827 0.0434761 0.0318777 0.657967 0.527242 -0.0469204 -0.535624 0.055308
e_21_4 21 4 3 0.0125 0.0255824 0.0202987 0.0506089 0.758318 0.419229 -0.147354 -0.476957 0.021731
e_1_22 1 22 1 0.0125 0.105004 0.074108 0.0242034 0.296643 -0.455138 0.25622 -0.799502 0.055927
e_22_3 22 3 2 0.0125 0.145504 0.0677402 0.0519692 0.393625 -0.329059 0.223701 -0.828696 0.044073
2 22 21
3 -0.0825561 0.0424341 0.143797 0.0125
23 -0.0547993 0.0808201 0.104904 0.0125
4 0.0351017 0.0946052 0.0114951 0.0125
22 0.0182061 0.0966087 0.0220086 0.0125
21 0.00389534 0.0994845 0.0356812 0.0125
20 -0.0102802 0.100277 0.0497678 0.0125
6 0.0118111 -0.226189 0.0246753 0.0125
11 0.0305379 -0.203539 0.0198036 0.0125
10 0.0514807 -0.187263 0.0119239 0.0125
9 0.0666791 -0.173427 0.01173 0.0125
2 0.122402 -0.127927 0.0143212 0.0125
19 -0.0224272 0.0996501 0.0656441 0.0125
8 0.084362 -0.15889 0.012664 0.0125
12 0.110218 -0.105148 0.0166851 0.0125
13 0.0912105 -0.0797667 0.0221202 0.0125
5 0.0775001 -0.0402058 0.0233458 0.0125
14 0.0842003 -0.104793 0.0314122 0.0125
15 0.00697041 -0.0160121 0.0705025 0.0125
16 -0.00775694 0.0211947 0.0789201 0.0125
17 -0.0197343 0.044178 0.0819488 0.0125
18 -0.0292592 0.0832251 0.0802061 0.0125
1 -0.0341752 0.103581 0.0813459 0.0125
e_2_8 2 8 1 0.0125 0.103382 -0.143409 0.0134928 0.695066 0.454893 -0.556735 -0.00129005 0.049076
e_8_9 8 9 2 0.0125 0.0755207 -0.166159 0.0121968 0.69253 0.459555 -0.556065 -0.00181846 0.02291
e_9_10 9 10 3 0.0125 0.0590801 -0.180344 0.0118268 0.710381 0.467122 -0.52638 0.0090159 0.020554
e_10_11 10 11 4 0.0125 0.0410098 -0.195401 0.0158638 0.800446 0.342275 -0.490355 0.0410588 0.02767
e_11_6 11 6 5 0.0125 0.0211745 -0.214864 0.0222394 0.761621 0.475426 -0.438412 0.04121 0.02979
e_2_12 2 12 1 0.0125 0.11631 -0.116537 0.0155029 0.728115 -0.639414 -0.213503 0.124153 0.025942
e_12_13 12 13 2 0.0125 0.100714 -0.0924565 0.0194025 0.757427 -0.563657 -0.312758 0.103814 0.032171
e_13_5 13 5 3 0.0125 0.0843559 -0.0599862 0.0227324 0.701153 -0.691632 -0.0837822 0.15169 0.041887
e_2_14 2 14 1 0.0125 0.103302 -0.11636 0.0228674 0.820401 -0.336625 -0.456044 0.0751616 0.047819
e_14_15 14 15 2 0.0125 0.0455849 -0.0604029 0.0509574 0.80354 -0.489209 -0.321005 0.109332 0.123994
e_15_16 15 16 3 0.0125 -0.000392545 0.0025909 0.0747115 0.760674 -0.620537 -0.109537 0.155915 0.040892
e_16_17 16 17 4 0.0125 -0.0137451 0.0326863 0.0804349 0.735853 -0.633657 -0.201117 0.128653 0.026093
e_17_18 17 18 5 0.0125 -0.0244968 0.0637018 0.081077 0.671 -0.72225 0.00399512 0.167621 0.040231
e_18_1 18 1 6 0.0125 -0.0317172 0.0934034 0.0807756 0.705009 -0.687618 0.00307301 0.173592 0.020971
e_1_19 1 19 1 0.0125 -0.0283005 0.101615 0.0734948 0.274718 0.740042 0.587262 0.178861 0.02
e_19_20 19 20 2 0.0125 -0.0163534 0.0999639 0.0577062 0.240038 0.591735 0.739427 0.21326 0.02
e_20_21 20 21 3 0.0125 -0.00319268 0.0998799 0.0427243 0.312393 0.579167 0.718843 0.224143 0.02
e_21_22 21 22 4 0.0125 0.0110506 0.0980468 0.0288445 0.335601 0.635258 0.662005 0.213469 0.02
e_22_4 22 4 5 0.0125 0.0266537 0.0956074 0.0167521 0.421272 0.524102 0.698689 0.244297 0.02
e_1_23 1 23 1 0.0125 -0.0444877 0.0922004 0.0931249 0.891151 0.292373 -0.331995 0.100735 0.038709
e_23_3 23 3 2 0.0125 -0.0686774 0.0616277 0.124351 0.897155 0.312912 -0.291212 0.111329 0.061291
3 21 20
3 -0.221586 -0.0771895 0.0123094 0.0125
22 -0.207652 -0.0593902 0.0195544 0.0125
21 -0.193995 -0.0412544 0.0276875 0.0125
4 -0.0690163 0.0283671 0.0123585 0.0125
20 -0.090083 0.026998 0.0131158 0.0125
11 -0.284172 0.139953 0.253171 0.0125
10 -0.29748 0.142234 0.238327 0.0125
6 -0.450368 0.252207 0.226499 0.0125
9 -0.316221 0.148192 0.226969 0.0125
2 -0.340269 0.155667 0.199711 0.0125
19 -0.109054 0.0199075 0.0171315 0.0125
8 -0.366609 0.169687 0.20226 0.0125
5 -0.270551 0.138241 0.267873 0.0125
12 -0.31658 0.139608 0.186224 0.0125
13 -0.218126 0.0687511 0.117712 0.0125
14 -0.195182 0.0523904 0.0998137 0.0125
15 -0.177394 0.0347528 0.076994 0.0125
16 -0.168017 0.0242586 0.0612474 0.0125
17 -0.162228 0.0137288 0.0450278 0.0125
1 -0.162372 0.000161527 0.0296917 0.0125
18 -0.127967 0.0128594 0.0215661 0.0125
e_2_8 2 8 1 0.0125 -0.353439 0.162677 0.200986 0.63311 0.0319582 -0.675605 -0.376441 0.029947
e_8_6 8 6 2 0.0125 -0.408489 0.210947 0.214379 0.637102 -0.107983 -0.622401 -0.441653 0.120053
e_2_9 2 9 1 0.0125 -0.328245 0.151929 0.21334 0.864612 -0.0288645 0.363205 -0.345971 0.03711
e_9_10 9 10 2 0.0125 -0.306851 0.145214 0.232648 0.81345 -0.0212687 0.499475 -0.297273 0.022708
e_10_11 10 11 3 0.0125 -0.290826 0.141094 0.245749 0.854765 -0.0863744 0.350237 -0.373163 0.020067
e_11_5 11 5 4 0.0125 -0.277362 0.139096 0.260522 0.848637 -0.107391 0.350752 -0.381124 0.020114
e_2_12 2 12 1 0.0125 -0.328425 0.147636 0.192968 0.487933 0.719938 0.441403 0.220849 0.031638
e_12_13 12 13 2 0.0125 -0.267353 0.104179 0.151968 0.423987 0.803477 0.316739 0.272646 0.139312
e_13_14 13 14 3 0.0125 -0.206654 0.0605708 0.108763 0.374437 0.844355 0.234801 0.30287 0.033383
e_14_15 14 15 4 0.0125 -0.186288 0.0435719 0.0884041 0.228339 0.899839 -0.164327 0.333389 0.033886
e_15_16 15 16 5 0.0125 -0.172706 0.029505 0.0691208 0.159157 0.867939 -0.345661 0.31917 0.02112
e_16_17 16 17 6 0.0125 -0.165123 0.0189937 0.0531379 0.158736 0.815923 -0.485843 0.270239 0.020185
e_17_1 17 1 7 0.0125 -0.1623 0.00694515 0.0373597 0.300043 0.786622 -0.505668 0.188416 0.020477
e_1_18 1 18 1 0.0125 -0.14517 0.00651084 0.0256286 0.352464 -0.756649 0.188792 -0.517309 0.037563
e_18_19 18 19 2 0.0125 -0.118511 0.0163838 0.0193485 0.352816 -0.756708 0.186252 -0.517904 0.020665
e_19_20 19 20 3 0.0125 -0.0995689 0.0234531 0.0151234 0.367374 -0.746914 0.198421 -0.51748 0.020647
e_20_4 20 4 4 0.0125 -0.0795495 0.0276833 0.0127371 0.569399 -0.449213 0.56226 -0.397312 0.021125
e_1_21 1 21 1 0.0125 -0.178184 -0.020546 0.0286901 0.690788 0.608374 -0.386132 -0.0599592 0.052147
e_21_22 21 22 2 0.0125 -0.200824 -0.050322 0.0236206 0.575641 0.654262 -0.490486 -0.00121981 0.024115
e_22_3 22 3 3 0.0125 -0.214619 -0.0682895 0.0159316 0.589294 0.645424 -0.485836 -0.0111634 0.023738
4 20 19
3 0.167734 0.0406626 0.100023 0.0125
21 0.153286 0.028745 0.0930054 0.0125
20 0.138545 0.0172535 0.0858885 0.0125
19 0.124077 0.00901173 0.0748094 0.0125
11 0.126214 0.272246 0.197121 0.0125
6 0.0339925 0.202479 0.0693865 0.0125
10 0.0495826 0.211409 0.0848276 0.0125
9 0.0612322 0.220196 0.105008 0.0125
2 0.107477 0.259051 0.185042 0.0125
8 0.0735726 0.230699 0.138599 0.0125
5 0.184553 0.311532 0.220428 0.0125
12 0.114209 0.203034 0.165078 0.0125
13 0.120531 0.131445 0.127165 0.0125
14 0.101649 0.0510611 0.09659 0.0125
15 0.0983109 0.0348055 0.0852305 0.0125
16 0.0951479 0.017318 0.0726387 0.0125
1 0.0917333 -0.00860173 0.0601892 0.0125
18 0.109482 -0.00162712 0.0662203 0.0125
17 0.0385118 -0.0340031 0.020725 0.0125
4 0.0119927 -0.0417448 0.0117713 0.0125
e_2_8 2 8 1 0.0125 0.0905247 0.244874 0.16182 -0.297105 -0.0497044 0.927217 -0.222546 0.064112
e_8_9 8 9 2 0.0125 0.0674031 0.225447 0.121804 -0.180835 -0.0788344 0.971659 -0.13024 0.037295
e_9_10 9 10 3 0.0125 0.0554074 0.215803 0.0949185 -0.269869 -0.136324 0.941592 -0.148293 0.024904
e_10_6 10 6 4 0.0125 0.0417879 0.206944 0.0771077 -0.410113 -0.589197 0.691917 0.076848 0.023689
e_2_11 2 11 1 0.0125 0.116845 0.265649 0.191082 0.724394 -0.0264945 0.51591 0.456496 0.025905
e_11_5 11 5 2 0.0125 0.155383 0.291889 0.208775 0.689461 -0.0226052 0.584986 0.426525 0.074095
e_2_12 2 12 1 0.0125 0.110843 0.231043 0.17506 0.555325 0.753362 0.315018 -0.157554 0.059847
e_12_13 12 13 2 0.0125 0.11737 0.16724 0.146122 0.469663 0.744437 0.423215 -0.214755 0.081255
e_13_14 13 14 3 0.0125 0.11109 0.0912526 0.111878 0.53654 0.814856 0.0981599 -0.196214 0.088051
e_14_15 14 15 4 0.0125 0.0999801 0.0429336 0.0909098 0.349119 0.76652 0.441447 -0.309334 0.020111
e_15_16 15 16 5 0.0125 0.096729 0.0260615 0.0789343 0.340173 0.753672 0.47016 -0.308563 0.02178
e_16_1 16 1 6 0.0125 0.093441 0.00435817 0.0664134 0.478897 0.800764 0.27154 -0.236011 0.028956
e_1_17 1 17 1 0.0125 0.0651232 -0.0213028 0.0404575 -0.2834 -0.864472 0.175406 0.376305 0.070959
e_17_4 17 4 2 0.0125 0.0252526 -0.037874 0.0162488 0.11797 -0.715147 -0.377784 0.576131 0.029041
e_1_18 1 18 1 0.0125 0.100608 -0.00511449 0.0632054 0.711451 0.0686438 0.586958 0.380271 0.02
e_18_19 18 19 2 0.0125 0.11678 0.00369236 0.0705143 0.713585 -0.0341165 0.533013 0.453355 0.02
e_19_20 19 20 3 0.0125 0.131312 0.0131326 0.080349 0.755251 0.0113149 0.472131 0.454488 0.02
e_20_21 20 21 4 0.0125 0.145916 0.0229993 0.0894464 0.691358 -0.0499091 0.56531 0.447167 0.02
e_21_3 21 3 5 0.0125 0.16051 0.0347041 0.0965143 0.686647 -0.0613662 0.56639 0.451612 0.02
