4
1 29 28
3 -0.0754542 -0.210384 0.0326359 0.0125
30 -0.0564405 -0.214775 0.0282547 0.0125
29 -0.0374084 -0.219137 0.0239211 0.0125
28 -0.0180196 -0.221149 0.019448 0.0125
27 0.0015892 -0.224451 0.0173009 0.0125
4 -0.0648099 -0.197729 0.0517557 0.0125
26 -0.047304 -0.20172 0.0429456 0.0125
25 -0.0296004 -0.207531 0.0356771 0.0125
24 -0.0116351 -0.215175 0.0313368 0.0125
23 0.00523593 -0.220927 0.0222674 0.0125
1 0.019994 -0.231467 0.0138351 0.0125
22 0.0229032 -0.211746 0.0114558 0.0125
21 0.0235151 -0.191761 0.0118987 0.0125
11 -0.0187607 0.0816952 0.0146052 0.0125
6 -0.157199 0.0505585 0.0150014 0.0125
10 -0.137871 0.0455308 0.0125071 0.0125
9 -0.113004 0.0440588 0.013693 0.0125
2 -0.0104395 0.0636694 0.012187 0.0125
19 0.0224791 -0.151874 0.0150933 0.0125
8 -0.0884956 0.0445657 0.0147228 0.0125
12 -0.0312712 0.096683 0.0189445 0.0125
13 -0.0429105 0.112763 0.0213807 0.0125
14 -0.0515425 0.130698 0.0194195 0.0125
5 -0.0618138 0.147623 0.0165831 0.0125
15 0.0178563 -0.0574461 0.023675 0.0125
16 0.0192578 -0.0823417 0.0207691 0.0125
17 0.0211209 -0.111348 0.017765 0.0125
18 0.0213 -0.131893 0.0166802 0.0125
20 0.0231826 -0.171795 0.0130447 0.0125
e_2_8 2 8 1 0.0125 -0.0494679 0.0541181 0.0134546 0.718116 0.157083 -0.677905 0.00884852 0.0804
e_8_9 8 9 2 0.0125 -0.10075 0.0443121 0.0142086 0.690425 0.06529 -0.718828 -0.0483366 0.024535
e_9_10 9 10 3 0.0125 -0.125437 0.0447946 0.0131007 0.686676 0.0291779 -0.72314 -0.0685077 0.024939
e_10_6 10 6 4 0.0125 -0.147535 0.0480442 0.0137542 0.741716 -0.0719304 -0.657917 -0.108762 0.020127
e_2_11 2 11 1 0.0125 -0.0145994 0.0726824 0.0133962 0.692273 -0.450859 -0.48608 -0.284974 0.02
e_11_12 11 12 2 0.0125 -0.0250156 0.0891892 0.0167746 0.745396 -0.340829 -0.524743 -0.229926 0.02
e_12_13 12 13 3 0.0125 -0.0370907 0.104724 0.0201631 0.70481 -0.373739 -0.547171 -0.25331 0.02
e_13_14 13 14 4 0.0125 -0.0472269 0.12173 0.0204004 0.597919 -0.448172 -0.590075 -0.305689 0.02
e_14_5 14 5 5 0.0125 -0.0566788 0.13916 0.0180011 0.586872 -0.404588 -0.638137 -0.290983 0.02
e_2_15 2 15 1 0.0125 0.00370797 0.00311149 0.0179312 0.65007 0.650121 -0.17707 0.351281 0.124906
e_15_16 15 16 2 0.0125 0.0185566 -0.0698941 0.0222223 0.576802 0.667785 -0.334582 0.330783 0.025104
e_16_17 16 17 3 0.0125 0.0201888 -0.0968444 0.0192674 0.58164 0.667135 -0.326096 0.332095 0.029221
e_17_18 17 18 4 0.0125 0.0212106 -0.12162 0.0172219 0.608963 0.644899 -0.332376 0.320617 0.020574
e_18_19 18 19 5 0.0125 0.0218902 -0.141883 0.015887 0.592576 0.661375 -0.319508 0.330684 0.020079
e_19_20 19 20 6 0.0125 0.0228312 -0.161834 0.0140694 0.584963 0.660545 -0.338827 0.326643 0.020037
e_20_21 20 21 7 0.0125 0.0233491 -0.181777 0.0124722 0.606239 0.647603 -0.330541 0.322221 0.020002
e_21_22 21 22 8 0.0125 0.0232088 -0.201753 0.0116775 0.625637 0.62958 -0.338666 0.312272 0.02
e_22_1 22 1 9 0.0125 0.021449 -0.221607 0.0126458 0.691722 0.57068 -0.339224 0.284206 0.020077
e_1_23 1 23 1 0.0125 0.0126143 -0.226197 0.0180511 0.828172 -0.225103 -0.488403 -0.157866 0.02
e_23_24 23 24 2 0.0125 -0.0032 -0.21805 0.0268018 0.846696 -0.109956 -0.511046 -0.0992354 0.02
e_24_25 24 25 3 0.0125 -0.0206182 -0.211352 0.0335067 0.768105 -0.140741 -0.60966 -0.136093 0.02
e_25_26 25 26 4 0.0125 -0.0384519 -0.204625 0.0393112 0.818871 -0.105926 -0.554133 -0.105676 0.02
e_26_4 26 4 5 0.0125 -0.0560562 -0.199724 0.0473508 0.844935 -0.0687088 -0.524439 -0.0795468 0.02
e_1_27 1 27 1 0.0125 0.0107918 -0.227959 0.0155685 0.754663 -0.123019 -0.631046 -0.130884 0.02
e_27_28 27 28 2 0.0125 -0.00821504 -0.2228 0.018375 0.738759 -0.0314346 -0.667343 -0.0888776 0.02
e_28_29 28 29 3 0.0125 -0.027714 -0.220143 0.0216846 0.779231 -0.0101386 -0.622949 -0.0680536 0.02
e_29_30 29 30 4 0.0125 -0.0469244 -0.216957 0.0260878 0.773948 -0.063207 -0.622641 -0.0965833 0.02
e_30_3 30 3 5 0.0125 -0.0659474 -0.21258 0.0304453 0.774699 -0.0640316 -0.621586 -0.0968095 0.02
2 25 24
3 0.198889 -0.09303 0.0111089 0.0125
26 0.187741 -0.0787546 0.019589 0.0125
25 0.171702 -0.0683302 0.0254294 0.0125
24 0.155836 -0.0571545 0.0302614 0.0125
23 0.140778 -0.0445345 0.0340056 0.0125
4 0.106543 -0.126134 0.0428372 0.0125
22 0.116146 -0.109001 0.0390633 0.0125
21 0.125469 -0.0915164 0.0363515 0.0125
20 0.129542 -0.0719395 0.0359495 0.0125
11 -0.134457 -0.242019 0.0284361 0.0125
6 -0.0645048 -0.285845 0.141489 0.0125
10 -0.0706479 -0.272913 0.126512 0.0125
9 -0.0777046 -0.259003 0.1088 0.0125
2 -0.12114 -0.198872 0.0336187 0.0125
19 0.127623 -0.0520539 0.0369053 0.0125
8 -0.0953107 -0.23622 0.0774248 0.0125
12 -0.144855 -0.263932 0.0225094 0.0125
5 -0.157597 -0.288583 0.0122663 0.0125
13 -0.0716027 -0.173435 0.0359857 0.0125
14 0.0166164 -0.11519 0.041398 0.0125
15 0.0513819 -0.085956 0.0450212 0.0125
16 0.0687389 -0.0731398 0.0460481 0.0125
17 0.0922715 -0.0555447 0.0473208 0.0125
18 0.107893 -0.0429093 0.0419715 0.0125
1 0.125659 -0.0322085 0.0384201 0.0125
e_2_8 2 8 1 0.0125 -0.108225 -0.217546 0.0555223 0.737423 0.390707 -0.0142495 0.550774 0.063096
e_8_9 8 9 2 0.0125 -0.0865073 -0.247612 0.093113 0.744565 0.362763 0.0046301 0.560362 0.042584
e_9_10 9 10 3 0.0125 -0.0741759 -0.265958 0.117657 0.767649 0.349799 -0.0489423 0.534752 0.023602
e_10_6 10 6 4 0.0125 -0.0675763 -0.279379 0.134001 0.762747 0.367348 -0.0603095 0.528806 0.020718
e_2_11 2 11 1 0.0125 -0.127799 -0.220445 0.0310269 0.62294 0.589941 -0.457141 0.234387 0.045452
e_11_12 11 12 2 0.0125 -0.139656 -0.252975 0.0254725 0.593089 0.588667 -0.52169 0.17192 0.024968
e_12_5 12 5 3 0.0125 -0.151225 -0.276257 0.0173882 0.554298 0.614348 -0.543802 0.140036 0.02958
e_2_13 2 13 1 0.0125 -0.0963714 -0.186154 0.0348024 0.290089 0.436661 0.536746 0.66112 0.055736
e_13_14 13 14 2 0.0125 -0.0274927 -0.144313 0.0386915 0.283603 0.380541 0.574126 0.667186 0.105852
e_14_15 14 15 3 0.0125 0.0339991 -0.100573 0.0432094 0.292563 0.302413 0.607284 0.673914 0.045568
e_15_16 15 16 4 0.0125 0.0600606 -0.0795472 0.0455348 0.27752 0.355521 0.591475 0.66839 0.0216
e_16_17 16 17 5 0.0125 0.0805055 -0.064342 0.0466848 0.274716 0.35476 0.593711 0.66797 0.02941
e_17_18 17 18 6 0.0125 0.100082 -0.049227 0.0446464 0.0950971 0.531097 0.588702 0.601933 0.020792
e_18_1 18 1 7 0.0125 0.116776 -0.0375596 0.0401954 0.169014 0.528541 0.552322 0.622109 0.021042
e_1_19 1 19 1 0.0125 0.126641 -0.0421315 0.0376621 0.588851 0.668248 -0.302149 0.339714 0.02
e_19_20 19 20 2 0.0125 0.128582 -0.0619967 0.0364274 0.597846 0.658932 -0.299497 0.344515 0.02
e_20_21 20 21 3 0.0125 0.127506 -0.0817277 0.0361509 0.654861 0.571517 -0.404146 0.28494 0.02
e_21_22 21 22 4 0.0125 0.120807 -0.100258 0.0377068 0.714497 0.451813 -0.477566 0.239354 0.02
e_22_4 22 4 5 0.0125 0.111344 -0.117567 0.0409502 0.73062 0.427146 -0.472443 0.246044 0.02
e_1_23 1 23 1 0.0125 0.133218 -0.0383713 0.0362123 0.405553 0.781036 0.0181407 0.474531 0.02
e_23_24 23 24 2 0.0125 0.148307 -0.0508442 0.0321341 0.420031 0.770267 0.0167351 0.479565 0.02
e_24_25 24 25 3 0.0125 0.163769 -0.0627428 0.0278456 0.383628 0.786553 0.046399 0.481676 0.02
e_25_26 25 26 4 0.0125 0.179722 -0.0735426 0.0225098 0.357566 0.801857 0.0549147 0.475559 0.02
e_26_3 26 3 5 0.0125 0.193315 -0.0858923 0.0153489 0.375577 0.836415 -0.111495 0.383301 0.02
3 26 25
3 0.0756967 0.376209 0.231185 0.0125
27 0.0559888 0.327437 0.217018 0.0125
4 0.107088 0.228125 0.176146 0.0125
26 0.0904097 0.238805 0.178936 0.0125
25 0.0777769 0.252504 0.186198 0.0125
24 0.0631975 0.264707 0.192405 0.0125
23 0.0486764 0.277061 0.198447 0.0125
1 0.0361748 0.286974 0.210508 0.0125
22 0.0317742 0.276469 0.193428 0.0125
21 0.0258344 0.272025 0.17417 0.0125
12 -0.117843 0.0351844 0.0402683 0.0125
11 -0.114165 0.0554485 0.0357018 0.0125
10 -0.110548 0.0861055 0.0288245 0.0125
9 -0.107657 0.113585 0.0225247 0.0125
2 -0.0862597 0.15348 0.015483 0.0125
19 0.0180339 0.272842 0.13503 0.0125
8 -0.0978231 0.136104 0.0188652 0.0125
6 -0.123765 0.0130411 0.0391282 0.0125
13 -0.137605 0.126682 0.048774 0.0125
5 -0.1643 0.11367 0.0636078 0.0125
14 -0.0297704 0.246534 0.0553374 0.0125
15 -0.0206888 0.260523 0.0679366 0.0125
16 -0.0106704 0.269711 0.0828329 0.0125
17 0.00364002 0.274695 0.0978052 0.0125
18 0.0140147 0.274494 0.115452 0.0125
20 0.023214 0.272853 0.154357 0.0125
e_2_8 2 8 1 0.0125 -0.0920414 0.144792 0.0171741 0.749769 0.468253 -0.448069 0.133492 0.021144
e_8_9 8 9 2 0.0125 -0.10274 0.124844 0.0206948 0.757081 0.605716 -0.24383 -0.0219938 0.024844
e_9_10 9 10 3 0.0125 -0.109103 0.0998448 0.0256747 0.754402 0.615565 0.0996612 -0.205002 0.02834
e_10_11 10 11 4 0.0125 -0.112356 0.0707769 0.0322628 0.753917 0.619152 0.0890695 -0.200814 0.031627
e_11_12 11 12 5 0.0125 -0.116004 0.0453164 0.037985 0.761527 0.625445 0.0237643 -0.168316 0.021095
e_12_6 12 6 6 0.0125 -0.120804 0.0241131 0.0396985 0.649095 0.722031 0.0593205 -0.232011 0.02295
e_2_13 2 13 1 0.0125 -0.111932 0.140081 0.0321285 0.806687 0.0550395 -0.497794 0.313732 0.066804
e_13_5 13 5 2 0.0125 -0.150953 0.120176 0.0561915 0.78101 0.0243616 -0.525339 0.336822 0.033196
e_2_14 2 14 1 0.0125 -0.0580154 0.200008 0.0354104 0.816969 -0.463799 0.336142 0.0667799 0.115925
e_14_15 14 15 2 0.0125 -0.0252302 0.253529 0.061637 0.892583 -0.354166 0.270529 0.0683817 0.020902
e_15_16 15 16 3 0.0125 -0.0156796 0.265117 0.0753839 0.931964 -0.23626 0.273583 0.0278549 0.020166
e_16_17 16 17 4 0.0125 -0.00351521 0.272203 0.0903191 0.92142 -0.145969 0.356748 -0.049077 0.021303
e_17_18 17 18 5 0.0125 0.00882697 0.274595 0.106629 0.963787 -0.0074369 0.262564 -0.0460408 0.020471
e_18_19 18 19 6 0.0125 0.0160245 0.273668 0.125241 0.993774 0.0437751 0.0998117 0.0231419 0.020054
e_19_20 19 20 7 0.0125 0.0206239 0.272848 0.144693 0.991203 0.0025811 0.130528 0.0217431 0.02001
e_20_21 20 21 8 0.0125 0.024524 0.272439 0.164264 0.996426 0.023963 0.064559 0.0489247 0.020002
e_21_22 21 22 9 0.0125 0.0288039 0.274247 0.1838 0.981986 -0.102278 0.151527 0.047776 0.020638
e_22_1 22 1 10 0.0125 0.0339743 0.281721 0.201968 0.95128 -0.253416 0.140673 0.105157 0.020528
e_1_23 1 23 1 0.0125 0.0424251 0.282017 0.204477 0.27327 -0.212893 0.869597 -0.351854 0.02
e_23_24 23 24 2 0.0125 0.0559367 0.270884 0.195427 0.451588 0.00348573 0.806848 -0.380858 0.02
e_24_25 24 25 3 0.0125 0.0704868 0.258605 0.189302 0.448057 -0.004776 0.809426 -0.379543 0.02
e_25_26 25 26 4 0.0125 0.0840929 0.245654 0.182567 0.394756 0.0246217 0.825193 -0.403259 0.02
e_26_4 26 4 5 0.0125 0.0987487 0.233465 0.177542 0.557029 0.00999903 0.754749 -0.34637 0.02
e_1_27 1 27 1 0.0125 0.0460814 0.307205 0.213762 0.75125 -0.552051 0.351752 0.0844583 0.045522
e_27_3 27 3 2 0.0125 0.0658423 0.351823 0.224101 0.786665 -0.528575 0.300981 0.10572 0.054478
4 22 21
3 -0.167564 -0.123109 0.0655285 0.0125
23 -0.200004 -0.118803 0.0559021 0.0125
22 -0.221251 -0.116002 0.0496212 0.0125
21 -0.241022 -0.113548 0.0439196 0.0125
4 -0.176873 -0.0673631 0.0123382 0.0125
20 -0.194437 -0.0796291 0.0194286 0.0125
10 -0.107733 -0.0271695 0.0492123 0.0125
5 0.00991237 0.0167816 0.134409 0.0125
6 0.083918 -0.0735645 0.0778123 0.0125
9 0.00238929 0.0259463 0.0711209 0.0125
2 -0.00807234 0.037668 0.0391629 0.0125
19 -0.223249 -0.0973228 0.030217 0.0125
8 0.0723185 -0.0584496 0.0680483 0.0125
11 -0.126367 -0.0339692 0.05276 0.0125
12 -0.14382 -0.0434137 0.0553263 0.0125
13 -0.161741 -0.0530784 0.0572217 0.0125
14 -0.179888 -0.0612719 0.0593856 0.0125
15 -0.198746 -0.0677158 0.0575458 0.0125
16 -0.21651 -0.0761057 0.0537319 0.0125
17 -0.233065 -0.0858602 0.0481409 0.0125
18 -0.247714 -0.09794 0.0418541 0.0125
1 -0.262525 -0.110438 0.0368965 0.0125
e_2_8 2 8 1 0.0125 0.0321235 -0.0103913 0.0536053 0.774166 0.414359 0.46475 -0.113934 0.128591
e_8_6 8 6 2 0.0125 0.0781187 -0.0660075 0.07293 0.84699 0.372315 0.365172 -0.103144 0.021409
e_2_9 2 9 1 0.0125 -0.00284181 0.0318077 0.0551415 0.973132 0.162381 0.157868 -0.0415254 0.035611
e_9_5 9 5 2 0.0125 0.00615083 0.0213639 0.102765 0.995602 0.0705874 0.0597399 -0.015008 0.064389
e_2_10 2 10 1 0.0125 -0.0579029 0.00524874 0.0441876 0.717006 0.488286 -0.468472 -0.167372 0.11932
e_10_11 10 11 2 0.0125 -0.11705 -0.0305693 0.0509855 0.758701 0.305273 -0.564601 -0.111385 0.020151
e_11_12 11 12 3 0.0125 -0.135094 -0.0386914 0.0540432 0.736529 0.421877 -0.507825 -0.147172 0.020009
e_12_13 12 13 4 0.0125 -0.152781 -0.048246 0.0562739 0.723459 0.434439 -0.514702 -0.151497 0.020449
e_13_14 13 14 5 0.0125 -0.170814 -0.0571756 0.0583033 0.731913 0.380902 -0.548547 -0.135324 0.020028
e_14_15 14 15 6 0.0125 -0.189317 -0.0644938 0.0584654 0.659767 0.37601 -0.636064 -0.136921 0.020013
e_15_16 15 16 7 0.0125 -0.207628 -0.0719103 0.0556393 0.610415 0.512666 -0.576583 -0.179218 0.020013
e_16_17 16 17 8 0.0125 -0.224788 -0.0809825 0.0509367 0.561232 0.624028 -0.500297 -0.212861 0.020012
e_17_18 17 18 9 0.0125 -0.24039 -0.0918996 0.044998 0.533221 0.728055 -0.356505 -0.241901 0.02
e_18_1 18 1 10 0.0125 -0.25512 -0.104189 0.0393753 0.567206 0.700669 -0.364652 -0.233171 0.020005
e_1_19 1 19 1 0.0125 -0.242888 -0.103881 0.033557 0.643816 -0.15406 0.74558 0.0766677 0.041944
e_19_20 19 20 2 0.0125 -0.208842 -0.088476 0.0248229 0.578294 -0.278258 0.757999 0.116557 0.035491
e_20_4 20 4 3 0.0125 -0.185655 -0.0734961 0.0158837 0.571768 -0.309791 0.749095 0.126364 0.022565
e_1_21 1 21 1 0.0125 -0.251773 -0.111993 0.0404081 0.808565 0.0818675 0.582674 -0.00325946 0.022834
e_21_22 21 22 2 0.0125 -0.231136 -0.114775 0.0467704 0.798471 0.0739046 0.59748 -0.000295729 0.020723
e_22_23 22 23 3 0.0125 -0.210627 -0.117402 0.0527617 0.800396 0.0772694 0.59447 -0.0014595 0.022333
e_23_3 23 3 4 0.0125 -0.183783 -0.120955 0.0607154 0.800682 0.0776639 0.594032 -0.00159852 0.034111
