4
1 25 24
3 0.173886 -0.0150388 0.139635 0.0125
26 0.175742 -0.0116788 0.119903 0.0125
25 0.178506 -0.00883088 0.0928912 0.0125
24 0.180073 -0.00326193 0.0714874 0.0125
4 0.143616 0.0871993 0.0124662 0.0125
23 0.154499 0.0714678 0.0183042 0.0125
22 0.159021 0.0529933 0.0244886 0.0125
21 0.166937 0.0351184 0.0287142 0.0125
20 0.177531 0.0200977 0.0365965 0.0125
11 -0.0739074 -0.161944 0.0191411 0.0125
10 -0.0780567 -0.143918 0.0271135 0.0125
6 -0.102092 -0.0315009 0.184216 0.0125
9 -0.0842055 -0.124606 0.0316134 0.0125
2 -0.0862631 -0.0893685 0.0483431 0.0125
19 0.171849 -0.000280841 0.0390676 0.0125
8 -0.0902274 -0.049703 0.117353 0.0125
5 -0.0719789 -0.180701 0.0123682 0.0125
12 -0.0562847 -0.0778333 0.0452146 0.0125
13 0.0212499 -0.0507304 0.0316408 0.0125
14 0.0777629 -0.0315833 0.0221395 0.0125
15 0.0977875 -0.0263194 0.0209342 0.0125
16 0.119711 -0.0223508 0.019603 0.0125
17 0.13893 -0.016837 0.0237954 0.0125
18 0.156972 -0.0115342 0.0316549 0.0125
1 0.189982 0.00655936 0.0444512 0.0125
e_2_8 2 8 1 0.0125 -0.0882452 -0.069536 0.0828478 0.957875 -0.258816 0.00760441 0.12423 0.079696
e_8_6 8 6 2 0.0125 -0.0961594 -0.0406016 0.150784 0.976439 -0.14243 -0.0647428 0.148622 0.070304
e_2_9 2 9 1 0.0125 -0.0852338 -0.106987 0.0399789 0.518134 0.829715 -0.160361 0.131888 0.039061
e_9_10 9 10 2 0.0125 -0.0811314 -0.134263 0.0293633 0.623187 0.761713 0.16785 0.0570803 0.020761
e_10_11 10 11 3 0.0125 -0.0759824 -0.152931 0.0231276 0.54499 0.831542 0.0803078 0.0712327 0.020142
e_11_5 11 5 4 0.0125 -0.0729437 -0.171322 0.015754 0.563209 0.813613 -0.0840435 0.117327 0.020036
e_2_12 2 12 1 0.0125 -0.071274 -0.0836008 0.0467781 0.665935 -0.355883 0.649481 -0.0897317 0.032273
e_12_13 12 13 2 0.0125 -0.0175174 -0.0642819 0.0384277 0.639179 -0.359521 0.672506 -0.0996547 0.083249
e_13_14 13 14 3 0.0125 0.0495062 -0.0411564 0.0268899 0.641433 -0.351845 0.674412 -0.0996883 0.060421
e_14_15 14 15 4 0.0125 0.087775 -0.0289507 0.021537 0.680022 -0.277771 0.672242 -0.0922196 0.02074
e_15_16 15 16 5 0.0125 0.10875 -0.0243352 0.0202682 0.678893 -0.22899 0.690932 -0.0963356 0.02232
e_16_17 16 17 6 0.0125 0.129321 -0.019594 0.0216987 0.774226 -0.217421 0.591707 -0.0564255 0.020429
e_17_18 17 18 7 0.0125 0.147951 -0.0141857 0.0277247 0.831814 -0.175326 0.525784 -0.0299676 0.020382
e_18_19 18 19 8 0.0125 0.164411 -0.00590774 0.0353608 0.827349 -0.345259 0.442884 -0.0120267 0.020072
e_19_1 19 1 9 0.0125 0.180915 0.00313913 0.0417594 0.794915 -0.244515 0.553526 -0.0439416 0.020115
e_1_20 1 20 1 0.0125 0.183756 0.0133292 0.040524 0.528668 -0.748591 -0.368738 0.155419 0.02
e_20_21 20 21 2 0.0125 0.172234 0.027608 0.0326553 0.533263 -0.780177 -0.297299 0.136264 0.02
e_21_22 21 22 3 0.0125 0.162979 0.0440559 0.0266018 0.617112 -0.757632 -0.17786 0.116326 0.02
e_22_23 22 23 4 0.0125 0.156761 0.0622303 0.0213966 0.581687 -0.805285 -0.0783116 0.0838029 0.02
e_23_4 23 4 5 0.0125 0.149058 0.0793331 0.0153854 0.578163 -0.750301 -0.288103 0.140618 0.02
e_1_24 1 24 1 0.0125 0.185028 0.00164872 0.0579693 0.953692 0.130855 -0.19635 0.186533 0.030424
e_24_25 24 25 2 0.0125 0.17929 -0.00604706 0.0821891 0.979588 0.11972 -0.054648 0.151947 0.022172
e_25_26 25 26 3 0.0125 0.177124 -0.0102552 0.106397 0.985675 0.0439332 -0.0581412 0.152102 0.027303
e_26_3 26 3 4 0.0125 0.174814 -0.0133588 0.129769 0.983615 0.0758723 -0.0586875 0.152646 0.020102
2 28 27
3 -0.387527 -0.262374 0.0120694 0.0125
29 -0.373918 -0.248105 0.0154134 0.0125
28 -0.360326 -0.23429 0.0203547 0.0125
27 -0.345457 -0.221574 0.0245011 0.0125
26 -0.329301 -0.209787 0.0242749 0.0125
4 -0.359482 -0.28769 0.0412025 0.0125
25 -0.349514 -0.270374 0.0402979 0.0125
24 -0.338759 -0.253513 0.0404432 0.0125
23 -0.331075 -0.2353 0.0374059 0.0125
22 -0.3219 -0.217979 0.0334277 0.0125
1 -0.312079 -0.201021 0.02943 0.0125
21 -0.299827 -0.185247 0.030564 0.0125
11 -0.0654084 -0.0336821 0.0393201 0.0125
6 -0.0117587 0.0901499 0.0115024 0.0125
10 -0.0226057 0.0731538 0.017852 0.0125
9 -0.0303005 0.0554277 0.0238968 0.0125
2 -0.085754 -0.0266361 0.0655283 0.0125
19 -0.27691 -0.152762 0.0349564 0.0125
8 -0.0449591 0.0204357 0.0374267 0.0125
12 -0.0492623 -0.0443143 0.0261106 0.0125
13 -0.034419 -0.0564466 0.0189329 0.0125
5 -0.0181357 -0.0695704 0.0114951 0.0125
14 -0.190399 -0.097888 0.0772697 0.0125
15 -0.217592 -0.113763 0.0713447 0.0125
16 -0.233541 -0.124278 0.0633018 0.0125
17 -0.24929 -0.129827 0.0522748 0.0125
18 -0.264018 -0.139652 0.0428447 0.0125
20 -0.28801 -0.169255 0.0327511 0.0125
e_2_8 2 8 1 0.0125 -0.0653573 -0.0030999 0.0514777 -0.0489539 -0.49062 -0.681841 -0.54036 0.068335
e_8_9 8 9 2 0.0125 -0.0376299 0.037932 0.0306622 0.312052 -0.673698 -0.46269 -0.484429 0.040279
e_9_10 9 10 3 0.0125 -0.0264528 0.0642904 0.0208747 0.346748 -0.692887 -0.411325 -0.480089 0.020248
e_10_6 10 6 4 0.0125 -0.0171818 0.0816513 0.014677 0.257764 -0.686642 -0.422741 -0.532326 0.021139
e_2_11 2 11 1 0.0125 -0.0755812 -0.0301591 0.0524242 -0.239757 0.406323 -0.849261 0.237011 0.033918
e_11_12 11 12 2 0.0125 -0.0573351 -0.0389985 0.0327156 -0.147296 0.54739 -0.69458 0.442975 0.023415
e_12_13 12 13 3 0.0125 -0.0418408 -0.0503804 0.0225211 -0.0392005 0.599009 -0.562601 0.568447 0.02047
e_13_5 13 5 4 0.0125 -0.0262771 -0.0630082 0.0152132 -0.0354876 0.603381 -0.550868 0.575514 0.022197
e_2_14 2 14 1 0.0125 -0.138076 -0.0622618 0.0713989 0.618299 0.0121872 -0.673557 0.404821 0.127142
e_14_15 14 15 2 0.0125 -0.203995 -0.105825 0.0743069 0.546036 -0.0124724 -0.769612 0.330738 0.03204
e_15_16 15 16 3 0.0125 -0.225567 -0.119021 0.0673233 0.465358 0.00972818 -0.833009 0.299071 0.020728
e_16_17 16 17 4 0.0125 -0.241415 -0.127052 0.0577886 0.432368 -0.0724314 -0.877674 0.193648 0.02001
e_17_18 17 18 5 0.0125 -0.256655 -0.134739 0.0475599 0.432261 0.0122878 -0.85725 0.279502 0.020059
e_18_19 18 19 6 0.0125 -0.270464 -0.146206 0.0389007 0.424551 0.0867594 -0.830437 0.350148 0.020007
e_19_20 19 20 7 0.0125 -0.282461 -0.161008 0.033854 0.48146 0.158292 -0.728049 0.461612 0.020002
e_20_21 20 21 8 0.0125 -0.293919 -0.177251 0.0316575 0.491484 0.141737 -0.731153 0.451408 0.020005
e_21_1 21 1 9 0.0125 -0.305953 -0.193134 0.029997 0.513073 0.132482 -0.714694 0.456527 0.020005
e_1_22 1 22 1 0.0125 -0.31699 -0.2095 0.0314286 0.560389 0.177172 -0.607183 0.534698 0.02
e_22_23 22 23 2 0.0125 -0.326487 -0.226639 0.0354172 0.551884 0.190875 -0.603414 0.543031 0.02
e_23_24 23 24 3 0.0125 -0.334917 -0.244406 0.0389249 0.517994 0.224511 -0.611281 0.554629 0.02
e_24_25 24 25 4 0.0125 -0.344137 -0.261944 0.0403703 0.507883 0.166835 -0.689784 0.488281 0.02
e_25_4 25 4 5 0.0125 -0.354498 -0.279032 0.0407503 0.513652 0.182873 -0.666291 0.5087 0.02
e_1_26 1 26 1 0.0125 -0.32069 -0.205404 0.0268525 0.530753 -0.0335206 -0.792309 0.299039 0.02
e_26_27 26 27 2 0.0125 -0.337379 -0.21568 0.0243881 0.589099 0.0251853 -0.702654 0.398254 0.02
e_27_28 27 28 3 0.0125 -0.352891 -0.227932 0.0224281 0.506616 0.0558218 -0.774941 0.373752 0.02
e_28_29 28 29 4 0.0125 -0.367122 -0.241198 0.017884 0.476499 0.0882225 -0.784699 0.386541 0.02
e_29_3 29 3 5 0.0125 -0.380723 -0.25524 0.0137415 0.499612 0.0943598 -0.75809 0.408391 0.02
3 21 20
3 -0.0296076 0.0602744 0.0914951 0.0125
22 -0.0347451 0.0366026 0.0855695 0.0125
21 -0.0426085 0.0108395 0.0850983 0.0125
20 -0.0505139 -0.0130685 0.0883348 0.0125
4 -0.0479275 -0.0938427 0.0124845 0.0125
11 -0.0825393 0.265857 0.17122 0.0125
6 0.0603002 0.287544 0.114772 0.0125
10 0.028229 0.269836 0.119133 0.0125
9 0.00846787 0.265735 0.122517 0.0125
2 -0.0773152 0.254553 0.155569 0.0125
19 -0.0541248 -0.0448942 0.0749435 0.0125
8 -0.0419141 0.259969 0.142903 0.0125
12 -0.0877485 0.276087 0.187596 0.0125
13 -0.0962442 0.286801 0.202192 0.0125
14 -0.105025 0.295946 0.21766 0.0125
5 -0.115301 0.305443 0.23195 0.0125
15 -0.0589871 0.103554 0.13958 0.0125
16 -0.0524863 0.0629214 0.125442 0.0125
17 -0.0498717 0.0399607 0.118837 0.0125
18 -0.053094 -0.0143388 0.100015 0.0125
1 -0.0542677 -0.0350394 0.0928088 0.0125
e_2_8 2 8 1 0.0125 -0.0596142 0.257261 0.149237 0.407196 0.485073 0.656817 0.409251 0.037987
e_8_9 8 9 2 0.0125 -0.0167231 0.262852 0.13271 0.411086 0.489711 0.668352 0.380127 0.054656
e_9_10 9 10 3 0.0125 0.0183489 0.267785 0.120825 0.403858 0.486361 0.588328 0.504204 0.020464
e_10_6 10 6 4 0.0125 0.0442651 0.27869 0.116953 0.334638 0.383229 0.642049 0.57352 0.036894
e_2_11 2 11 1 0.0125 -0.0799268 0.260205 0.163395 -0.051588 -0.121764 0.306431 0.942662 0.02
e_11_12 11 12 2 0.0125 -0.0851433 0.270972 0.179408 -0.0535936 -0.121292 0.275476 0.952118 0.02
e_12_13 12 13 3 0.0125 -0.0919964 0.281445 0.194894 -0.104005 -0.194722 0.311724 0.924172 0.02
e_13_14 13 14 4 0.0125 -0.100635 0.291373 0.209926 -0.112799 -0.202383 0.268984 0.934861 0.02
e_14_5 14 5 5 0.0125 -0.110163 0.300695 0.224805 -0.13586 -0.236838 0.294362 0.915861 0.02
e_2_15 2 15 1 0.0125 -0.0681512 0.179053 0.147575 0.0727099 0.169179 -0.723634 0.665165 0.152945
e_15_16 15 16 2 0.0125 -0.0557367 0.0832378 0.132511 0.564394 0.750282 0.31552 -0.137782 0.04351
e_16_17 16 17 3 0.0125 -0.0511795 0.0514417 0.122139 0.230756 0.387435 -0.698061 0.556198 0.024034
e_17_18 17 18 4 0.0125 -0.0514829 0.0128113 0.109427 -0.579893 -0.811608 0.0692276 -0.0149726 0.05756
e_18_1 18 1 5 0.0125 -0.0536808 -0.0246897 0.0964122 -0.579101 -0.811275 0.0773297 -0.0222297 0.02195
e_1_19 1 19 1 0.0125 -0.0541968 -0.0399665 0.0838767 -0.0350099 -0.149902 0.95673 -0.246923 0.020404
e_19_4 19 4 2 0.0125 -0.0510256 -0.0693687 0.0437134 0.0138134 -0.0790847 0.941326 -0.327812 0.079596
e_1_20 1 20 1 0.0125 -0.0523908 -0.024054 0.0905718 0.0869997 0.0243703 0.773192 0.627703 0.022734
e_20_21 20 21 2 0.0125 -0.0465611 -0.00111501 0.0867164 0.131608 0.0889481 0.745541 0.647253 0.025388
e_21_22 21 22 3 0.0125 -0.0386767 0.0237207 0.0853332 0.124852 0.0841133 0.69582 0.702261 0.026941
e_22_3 22 3 4 0.0125 -0.0321764 0.0484383 0.0885328 0.0981419 0.0546363 0.614983 0.780499 0.024938
4 24 23
3 -0.20577 -0.0545424 0.0129944 0.0125
25 -0.206371 -0.0628216 0.0395825 0.0125
4 -0.283883 -0.04583 0.155237 0.0125
24 -0.26926 -0.0535735 0.144003 0.0125
23 -0.255794 -0.0618774 0.131767 0.0125
22 -0.241776 -0.0710239 0.120821 0.0125
21 -0.224794 -0.0802307 0.115637 0.0125
1 -0.20918 -0.0890156 0.106747 0.0125
11 0.141541 -0.128003 0.0350057 0.0125
10 0.123934 -0.122251 0.0260285 0.0125
6 0.120057 -0.253301 0.037754 0.0125
9 0.0992999 -0.117968 0.0158002 0.0125
2 0.070408 -0.114079 0.0126908 0.0125
19 -0.170865 -0.0985546 0.100479 0.0125
8 0.114495 -0.233541 0.0332942 0.0125
5 0.1573 -0.134276 0.0506642 0.0125
12 0.0383 -0.11403 0.0227865 0.0125
13 -0.0181634 -0.114145 0.0404449 0.0125
14 -0.0727105 -0.115929 0.0592213 0.0125
15 -0.095505 -0.117115 0.0665124 0.0125
16 -0.115723 -0.113907 0.0776947 0.0125
17 -0.134443 -0.110374 0.0887696 0.0125
18 -0.152297 -0.10325 0.0946241 0.0125
20 -0.190262 -0.0946335 0.103407 0.0125
e_2_8 2 8 1 0.0125 0.0924515 -0.17381 0.022993 0.421645 0.523578 -0.382103 0.634097 0.128994
e_8_6 8 6 2 0.0125 0.117276 -0.243421 0.0355247 0.449226 0.487446 -0.395273 0.635887 0.021006
e_2_9 2 9 1 0.0125 0.0848537 -0.116024 0.0142459 0.71073 -0.109757 0.659482 -0.218859 0.029318
e_9_10 9 10 2 0.0125 0.111617 -0.12011 0.0209148 0.830025 0.0828748 0.551206 -0.0190438 0.027015
e_10_11 10 11 3 0.0125 0.132738 -0.125128 0.0305169 0.842637 0.217304 0.484484 0.0895351 0.020584
e_11_5 11 5 4 0.0125 0.14942 -0.13114 0.0428349 0.890877 0.231 0.32782 0.213335 0.023084
e_2_12 2 12 1 0.0125 0.0543541 -0.114055 0.0177388 0.685593 -0.312041 -0.502649 0.424189 0.033658
e_12_13 12 13 2 0.0125 0.0100687 -0.114088 0.0316155 0.684601 -0.311306 -0.503832 0.424928 0.05916
e_13_14 13 14 3 0.0125 -0.0454369 -0.115037 0.0498331 0.689082 -0.292979 -0.501497 0.433394 0.057716
e_14_15 14 15 4 0.0125 -0.0841076 -0.116523 0.0628671 0.679279 -0.292772 -0.511999 0.436717 0.023961
e_15_16 15 16 5 0.0125 -0.105614 -0.115511 0.072103 0.763123 -0.303331 -0.410249 0.396648 0.023326
e_16_17 16 17 6 0.0125 -0.125083 -0.112141 0.0832319 0.773607 -0.303562 -0.395661 0.390941 0.022035
e_17_18 17 18 7 0.0125 -0.14337 -0.106813 0.0916965 0.732425 -0.428492 -0.413202 0.330473 0.020095
e_18_19 18 19 8 0.0125 -0.161581 -0.100902 0.097551 0.716639 -0.391226 -0.448055 0.364168 0.020027
e_19_20 19 20 9 0.0125 -0.180564 -0.0965942 0.101942 0.663742 -0.421541 -0.499128 0.364171 0.020005
e_20_1 20 1 10 0.0125 -0.199722 -0.0918246 0.105077 0.682463 -0.442016 -0.470303 0.343047 0.020016
e_1_21 1 21 1 0.0125 -0.216988 -0.0846233 0.111192 0.791397 -0.408058 -0.333487 0.309784 0.02
e_21_22 21 22 2 0.0125 -0.233285 -0.0756268 0.11823 0.735864 -0.469158 -0.387688 0.296803 0.02
e_22_23 22 23 3 0.0125 -0.248785 -0.0664511 0.126295 0.825771 -0.381281 -0.284544 0.302922 0.02
e_23_24 23 24 4 0.0125 -0.262527 -0.0577255 0.137885 0.840852 -0.347951 -0.270295 0.314386 0.02
e_24_4 24 4 5 0.0125 -0.276572 -0.0497015 0.14962 0.82157 -0.356021 -0.303965 0.325388 0.02
e_1_25 1 25 1 0.0125 -0.207775 -0.0759189 0.0731645 0.160398 -0.896263 -0.402725 -0.0937995 0.072146
e_25_3 25 3 2 0.0125 -0.20607 -0.0586814 0.0262882 0.129851 -0.885691 -0.439121 -0.0765648 0.027854
