4
1 19 18
3 0.156025 -0.0898415 0.0115306 0.0125
20 0.141137 -0.0812469 0.0218375 0.0125
19 0.125447 -0.0686254 0.038611 0.0125
11 0.10748 0.282547 0.19929 0.0125
10 0.100774 0.257995 0.171955 0.0125
6 0.00265682 0.20623 0.0503618 0.0125
9 0.0359735 0.208352 0.0878053 0.0125
2 0.0972178 0.244116 0.157547 0.0125
8 0.0505469 0.21325 0.105149 0.0125
12 0.114986 0.297373 0.213357 0.0125
5 0.119465 0.312382 0.226675 0.0125
13 0.0814351 0.06431 0.10651 0.0125
14 0.089557 0.0145951 0.0950093 0.0125
15 0.0922064 -0.00479822 0.0900029 0.0125
16 0.0952677 -0.0242487 0.0849082 0.0125
1 0.096738 -0.0412366 0.0740537 0.0125
18 0.110908 -0.0539155 0.0620648 0.0125
17 0.0580013 -0.05927 0.02928 0.0125
4 0.0274224 -0.0734439 0.0114912 0.0125
e_2_8 2 8 1 0.0125 0.0738824 0.228683 0.131348 0.324106 0.856039 -0.330102 -0.23062 0.076658
e_8_9 8 9 2 0.0125 0.0432598 0.210802 0.0964767 0.287444 -0.278079 -0.892646 0.20792 0.023178
e_9_6 9 6 3 0.0125 0.0193145 0.207291 0.0690835 0.118774 -0.859332 -0.367088 0.335689 0.050164
e_2_10 2 10 1 0.0125 0.0989959 0.251056 0.164751 0.910411 -0.347449 0.15729 0.160281 0.020319
e_10_11 10 11 2 0.0125 0.104127 0.270271 0.185623 0.917407 -0.332051 0.154283 0.155897 0.037349
e_11_12 11 12 3 0.0125 0.111233 0.28996 0.206324 0.895253 -0.339569 0.248266 0.1469 0.021773
e_12_5 12 5 4 0.0125 0.117226 0.304878 0.220016 0.892665 -0.37379 0.190831 0.164361 0.020559
e_2_13 2 13 1 0.0125 0.0893269 0.154213 0.132028 0.551578 0.754623 0.258051 -0.244367 0.187575
e_13_14 13 14 2 0.0125 0.0854962 0.0394525 0.100759 0.579599 0.670878 0.401512 -0.229729 0.05167
e_14_15 14 15 3 0.0125 0.090882 0.00489855 0.0925065 0.566837 0.682553 0.397528 -0.234071 0.020203
e_15_16 15 16 4 0.0125 0.0937377 -0.0145228 0.0874556 0.566023 0.675397 0.411197 -0.233184 0.020338
e_16_1 16 1 5 0.0125 0.0960024 -0.0327422 0.0794812 0.403024 0.690295 0.54036 -0.262821 0.020214
e_1_17 1 17 1 0.0125 0.0773689 -0.0502534 0.0516668 0.350348 0.651216 -0.661539 -0.124659 0.06189
e_17_4 17 4 2 0.0125 0.0427117 -0.0663568 0.0203863 0.516274 0.372827 -0.770967 -0.008463 0.03811
e_1_18 1 18 1 0.0125 0.103823 -0.0475766 0.068059 0.453687 0.324421 0.813284 -0.165794 0.022479
e_18_19 18 19 2 0.0125 0.118177 -0.0612705 0.0503372 0.311463 0.274973 0.894093 -0.167271 0.03127
e_19_20 19 20 3 0.0125 0.133292 -0.0749366 0.030224 0.394423 0.267818 0.865037 -0.156255 0.026207
e_20_3 20 3 4 0.0125 0.148581 -0.0855441 0.0166844 0.474924 0.217818 0.842411 -0.131707 0.020044
2 24 23
3 0.493122 0.0656856 0.180497 0.0125
25 0.458581 0.0299353 0.228038 0.0125
4 0.428138 0.0672455 0.324006 0.0125
24 0.429107 0.053165 0.308819 0.0125
23 0.431199 0.035131 0.288019 0.0125
22 0.437681 0.0239256 0.266077 0.0125
1 0.447629 0.00823751 0.247626 0.0125
21 0.43303 0.0149413 0.234549 0.0125
6 0.291896 -0.121754 0.130187 0.0125
11 0.285756 -0.103052 0.124246 0.0125
10 0.275111 -0.0867051 0.117127 0.0125
9 0.25051 -0.0643468 0.101765 0.0125
2 0.212366 -0.0106097 0.0730164 0.0125
19 0.394567 0.0191626 0.210145 0.0125
8 0.221536 -0.0271473 0.0807838 0.0125
12 0.197343 -0.0136282 0.0864395 0.0125
13 0.17349 -0.0178014 0.107593 0.0125
14 0.15499 -0.0154262 0.117792 0.0125
5 0.130975 -0.00681839 0.123834 0.0125
15 0.244862 -0.00342818 0.0951345 0.0125
16 0.267551 0.00713124 0.107615 0.0125
17 0.318711 0.0177633 0.153826 0.0125
18 0.366227 0.0211044 0.196607 0.0125
20 0.417241 0.0175455 0.221212 0.0125
e_2_8 2 8 1 0.0125 0.216951 -0.0188791 0.0768999 0.802417 0.400615 0.386694 -0.214713 0.020443
e_8_9 8 9 2 0.0125 0.236023 -0.0457468 0.0912752 0.811458 0.331333 0.432366 -0.211694 0.051609
e_9_10 9 10 3 0.0125 0.262811 -0.0755259 0.109446 0.816815 0.253712 0.475286 -0.206268 0.036621
e_10_11 10 11 4 0.0125 0.280433 -0.0948784 0.120687 0.789723 0.379522 0.429584 -0.218535 0.020766
e_11_6 11 6 5 0.0125 0.288827 -0.112403 0.127217 0.772281 0.494215 0.333599 -0.219191 0.020561
e_2_12 2 12 1 0.0125 0.204855 -0.0121193 0.0797284 0.910748 0.0821234 -0.404711 -0.00174202 0.020371
e_12_13 12 13 2 0.0125 0.185417 -0.0157144 0.0970157 0.910462 0.0708457 -0.407479 0.000961057 0.032153
e_13_14 13 14 3 0.0125 0.164241 -0.0166134 0.112692 0.85838 -0.0974505 -0.500608 0.055492 0.021258
e_14_5 14 5 4 0.0125 0.142983 -0.0111223 0.120813 0.776998 -0.287213 -0.549788 0.107307 0.026218
e_2_15 2 15 1 0.0125 0.228614 -0.00701883 0.0840756 0.872453 -0.166284 0.442254 -0.124852 0.03996
e_15_16 15 16 2 0.0125 0.256207 0.00185153 0.101375 0.844154 -0.277988 0.446755 -0.102651 0.027965
e_16_17 16 17 3 0.0125 0.293131 0.0124477 0.13072 0.903571 -0.136499 0.387471 -0.12163 0.069755
e_17_18 17 18 4 0.0125 0.342469 0.0194344 0.175216 0.903561 -0.0874121 0.397818 -0.132959 0.064026
e_18_19 18 19 5 0.0125 0.380397 0.0201335 0.203376 0.830601 -0.064122 0.529897 -0.158745 0.031467
e_19_20 19 20 6 0.0125 0.405904 0.0183533 0.215678 0.832894 -0.0619097 0.526577 -0.158657 0.025282
e_20_21 20 21 7 0.0125 0.425135 0.0162431 0.22788 0.892517 -0.00286259 0.424128 -0.153368 0.020831
e_21_1 21 1 8 0.0125 0.440329 0.0115897 0.241087 0.886758 0.101968 0.417083 -0.171187 0.020715
e_1_22 1 22 1 0.0125 0.442655 0.0160816 0.256851 0.922672 -0.331475 -0.194338 0.0321543 0.026182
e_22_23 22 23 2 0.0125 0.43444 0.0295288 0.277048 0.964693 -0.227534 -0.132611 -0.00312737 0.025477
e_23_24 23 24 3 0.0125 0.430153 0.0441482 0.298419 0.936314 -0.348933 -0.0394133 0.00281984 0.027608
e_24_4 24 4 4 0.0125 0.428622 0.0602051 0.316412 0.930725 -0.364924 -0.0239184 0.00308698 0.020733
e_1_25 1 25 1 0.0125 0.453105 0.0190864 0.237832 0.430965 -0.782562 0.448708 0.0229469 0.031215
e_25_3 25 3 2 0.0125 0.475851 0.04781 0.204268 0.392368 -0.695497 0.60155 -0.0216475 0.068785
3 23 22
3 -0.236964 0.0612901 0.0541805 0.0125
24 -0.283624 0.0851333 0.0667383 0.0125
23 -0.305022 0.0943958 0.0648027 0.0125
4 -0.388521 0.172245 0.101587 0.0125
22 -0.375348 0.155082 0.0930741 0.0125
21 -0.362499 0.135843 0.0828929 0.0125
20 -0.346186 0.123415 0.0735066 0.0125
11 -0.051306 0.0224122 0.029997 0.0125
6 0.109059 0.0175009 0.0113291 0.0125
10 0.0827939 0.0154176 0.0127393 0.0125
9 0.0623639 0.0169316 0.0170917 0.0125
2 -0.037064 0.036209 0.0326048 0.0125
19 -0.305507 0.0982781 0.0622981 0.0125
8 0.0352446 0.0194031 0.0202418 0.0125
12 -0.0658995 0.0092997 0.0261114 0.0125
13 -0.0816688 -0.00176328 0.0207313 0.0125
14 -0.0941912 -0.017117 0.0179982 0.0125
5 -0.108797 -0.0291217 0.0114728 0.0125
15 -0.199179 0.0591805 0.0553459 0.0125
16 -0.231252 0.0700994 0.0587049 0.0125
17 -0.26079 0.0788925 0.0598886 0.0125
18 -0.284196 0.0916363 0.0592431 0.0125
1 -0.324093 0.10674 0.0651287 0.0125
e_2_8 2 8 1 0.0125 -0.000909237 0.027806 0.0264227 -0.129026 0.69374 -0.31759 0.633414 0.075258
e_8_9 8 9 2 0.0125 0.0488037 0.0181669 0.0186663 0.249949 -0.663614 0.342168 -0.616493 0.027413
e_9_10 9 10 3 0.0125 0.0725789 0.0161746 0.0149155 -0.465565 -0.563982 -0.534626 -0.423496 0.020944
e_10_6 10 6 4 0.0125 0.0959265 0.0164592 0.0120342 0.276758 -0.685446 0.238507 -0.629828 0.026385
e_2_11 2 11 1 0.0125 -0.044185 0.0293101 0.0313009 0.609322 0.276949 -0.698919 0.252065 0.02
e_11_12 11 12 2 0.0125 -0.0586032 0.0158555 0.0280548 0.587315 0.259938 -0.727713 0.24068 0.02
e_12_13 12 13 3 0.0125 -0.0737846 0.00376779 0.0234219 0.569473 0.212006 -0.767828 0.20296 0.02
e_13_14 13 14 4 0.0125 -0.0879293 -0.00943969 0.0193651 0.590941 0.317214 -0.683894 0.287148 0.02
e_14_5 14 5 5 0.0125 -0.101493 -0.0231189 0.0147354 0.535207 0.233408 -0.780157 0.224565 0.02
e_2_15 2 15 1 0.0125 -0.118122 0.0476947 0.0439754 0.752769 -0.052217 -0.654589 -0.0460973 0.165307
e_15_16 15 16 2 0.0125 -0.215216 0.06464 0.057026 0.733522 -0.123111 -0.659942 -0.10614 0.034046
e_16_17 16 17 3 0.0125 -0.246021 0.0744955 0.0592968 0.71458 -0.11083 -0.68449 -0.0925549 0.030842
e_17_18 17 18 4 0.0125 -0.272493 0.085264 0.0595659 0.680165 -0.190158 -0.689884 -0.158981 0.026658
e_18_19 18 19 5 0.0125 -0.294852 0.0949568 0.0607702 0.74708 -0.112101 -0.647802 -0.0982703 0.02253
e_19_1 19 1 6 0.0125 -0.3148 0.102509 0.0637135 0.741285 -0.157829 -0.637525 -0.13838 0.020617
e_1_20 1 20 1 0.0125 -0.33514 0.115077 0.0693176 0.776319 -0.225424 -0.551667 -0.205369 0.02892
e_20_21 20 21 2 0.0125 -0.354343 0.129629 0.0781998 0.816802 -0.214483 -0.495883 -0.202315 0.022553
e_21_22 21 22 3 0.0125 -0.368923 0.145463 0.0879834 0.784005 -0.318689 -0.443887 -0.294513 0.025276
e_22_4 22 4 4 0.0125 -0.381934 0.163664 0.097331 0.777759 -0.304329 -0.473634 -0.279544 0.02325
e_1_23 1 23 1 0.0125 -0.314557 0.100568 0.0649657 0.36957 0.71202 -0.0142774 0.59686 0.02272
e_23_24 23 24 2 0.0125 -0.294323 0.0897646 0.0657705 0.570002 0.601405 0.311346 0.465267 0.023396
e_24_3 24 3 3 0.0125 -0.260295 0.0732118 0.06046 -0.0379617 0.675981 -0.399476 0.618084 0.053884
4 22 21
3 0.186644 -0.221796 0.0189369 0.0125
23 0.203502 -0.211107 0.0201755 0.0125
22 0.222614 -0.20525 0.019491 0.0125
21 0.241195 -0.198593 0.0162644 0.0125
20 0.259603 -0.191584 0.0128021 0.0125
4 0.244709 -0.269485 0.0489961 0.0125
10 0.125406 0.00284071 0.101278 0.0125
5 0.171202 0.0799779 0.0616086 0.0125
6 -0.00780742 -0.0666782 0.139703 0.0125
9 0.132189 0.0506997 0.0934568 0.0125
2 0.107221 0.0268136 0.116883 0.0125
19 0.253353 -0.240784 0.0321601 0.0125
8 0.0326944 -0.0322622 0.131041 0.0125
11 0.178542 -0.0382563 0.079209 0.0125
12 0.195027 -0.0499887 0.0733881 0.0125
13 0.214315 -0.0633779 0.0690551 0.0125
14 0.242072 -0.0973329 0.0599659 0.0125
15 0.253792 -0.114769 0.0487892 0.0125
16 0.260744 -0.131732 0.037233 0.0125
17 0.267448 -0.148053 0.0276372 0.0125
18 0.274113 -0.164365 0.0180311 0.0125
1 0.277762 -0.183219 0.0122455 0.0125
e_2_8 2 8 1 0.0125 0.0699581 -0.00272396 0.123962 0.271306 0.623055 0.1954 -0.707117 0.096149
e_8_6 8 6 2 0.0125 0.0124437 -0.0494699 0.135371 0.29278 0.616889 0.197529 -0.703356 0.053851
e_2_9 2 9 1 0.0125 0.119705 0.0387563 0.10517 0.0467842 0.574211 0.671466 0.466075 0.041746
e_9_5 9 5 2 0.0125 0.151695 0.0653392 0.0775324 0.109869 0.562553 0.675934 0.463224 0.058254
e_2_10 2 10 1 0.0125 0.116314 0.0148274 0.10908 0.517254 0.630797 0.576448 -0.0474407 0.033895
e_10_11 10 11 2 0.0125 0.151974 -0.0177079 0.0902436 0.583486 0.557526 0.587555 0.0590478 0.070707
e_11_12 11 12 3 0.0125 0.186785 -0.0441229 0.076299 0.596627 0.541916 0.586997 0.0761355 0.021055
e_12_13 12 13 4 0.0125 0.204671 -0.0566829 0.0712211 0.635008 0.511596 0.573601 0.0775679 0.023876
e_13_14 13 14 5 0.0125 0.228193 -0.0803557 0.06451 0.62888 0.555299 0.5414 -0.0551358 0.044788
e_14_15 14 15 6 0.0125 0.247932 -0.106051 0.0543772 0.510164 0.63969 0.570627 -0.0701036 0.023798
e_15_16 15 16 7 0.0125 0.257268 -0.123251 0.0430111 0.462 0.677876 0.554192 -0.141104 0.02167
e_16_17 16 17 8 0.0125 0.264096 -0.139892 0.0324355 0.488489 0.664175 0.545659 -0.150018 0.020085
e_17_18 17 18 9 0.0125 0.270781 -0.156208 0.0228342 0.487828 0.664617 0.545544 -0.150633 0.020069
e_18_1 18 1 10 0.0125 0.275937 -0.173793 0.0151381 0.535472 0.64023 0.484078 -0.262762 0.020057
e_1_19 1 19 1 0.0125 0.265557 -0.212002 0.022203 0.543927 0.536296 0.246263 -0.596561 0.065621
e_19_4 19 4 2 0.0125 0.249031 -0.255135 0.0405788 0.640036 0.456387 0.216433 -0.578984 0.034379
e_1_20 1 20 1 0.0125 0.268683 -0.187402 0.0125232 0.108479 0.6701 0.192497 -0.708621 0.02
e_20_21 20 21 2 0.0125 0.250399 -0.195088 0.0145329 0.112625 0.628022 0.137934 -0.757548 0.02
e_21_22 21 22 3 0.0125 0.231904 -0.201921 0.0178779 0.0974439 0.632528 0.138681 -0.755765 0.02
e_22_23 22 23 4 0.0125 0.213058 -0.208178 0.0198333 0.0332861 0.673131 0.17262 -0.718324 0.02
e_23_3 23 3 5 0.0125 0.195073 -0.216451 0.0195564 0.15747 0.688617 0.238248 -0.66652 0.02
