4
1 25 24
3 -0.216573 0.0389334 0.0570604 0.0125
26 -0.213493 -0.000777648 0.0680339 0.0125
25 -0.219095 -0.0319823 0.0737285 0.0125
4 -0.291702 -0.0409832 0.0114955 0.0125
24 -0.28021 -0.0434296 0.02768 0.0125
23 -0.267052 -0.0431522 0.0427392 0.0125
22 -0.253838 -0.0452913 0.057599 0.0125
21 -0.238378 -0.0516124 0.0686019 0.0125
1 -0.221549 -0.0581087 0.077238 0.0125
11 0.00775505 0.0856156 0.0224102 0.0125
6 0.0744453 0.0389702 0.132792 0.0125
10 0.0612103 0.0495209 0.107782 0.0125
9 0.048601 0.0650459 0.0761163 0.0125
2 0.00692895 0.104976 0.0174618 0.0125
19 -0.179844 -0.0344039 0.03687 0.0125
8 0.0375173 0.0737929 0.0618148 0.0125
12 0.00662948 0.0656623 0.0216445 0.0125
13 0.00533354 0.0464448 0.0270317 0.0125
14 0.0056073 0.0274198 0.0331957 0.0125
5 0.00107844 0.0081597 0.0361115 0.0125
15 -0.0715196 0.03881 0.0117961 0.0125
16 -0.0963025 0.0203865 0.0114906 0.0125
17 -0.120112 0.00322751 0.0180402 0.0125
18 -0.159891 -0.0253878 0.0293391 0.0125
20 -0.200318 -0.0441813 0.0543998 0.0125
e_2_8 2 8 1 0.0125 0.022223 0.0893846 0.0396388 0.768222 0.076701 0.371312 -0.515828 0.062251
e_8_9 8 9 2 0.0125 0.0430596 0.0694195 0.0689661 0.759024 0.0226291 0.379054 -0.528856 0.020097
e_9_10 9 10 3 0.0125 0.0549051 0.0572835 0.0919496 0.893201 0.136133 0.242336 -0.353459 0.037453
e_10_6 10 6 4 0.0125 0.0678273 0.0442456 0.120287 0.862807 0.0661636 0.285556 -0.41188 0.030199
e_2_11 2 11 1 0.0125 0.00734255 0.0952957 0.0199356 0.0239059 -0.00759505 0.613383 -0.789387 0.02
e_11_12 11 12 2 0.0125 0.00719227 0.075639 0.0220274 -0.670261 -0.705733 -0.145202 0.177786 0.02
e_12_13 12 13 3 0.0125 0.00598101 0.0560535 0.0243381 0.378057 0.250358 -0.550114 0.701262 0.02
e_13_14 13 14 4 0.0125 0.00547042 0.0369328 0.0301136 0.765613 0.553986 0.197527 -0.260612 0.02
e_14_5 14 5 5 0.0125 0.00334292 0.0177896 0.0346531 -0.191066 -0.305339 -0.577805 0.732395 0.02
e_2_15 2 15 1 0.0125 -0.0322958 0.0718925 0.014629 0.118465 -0.466199 -0.556973 0.677057 0.102783
e_15_16 15 16 2 0.0125 -0.0839116 0.0295983 0.0116438 0.186114 -0.43783 -0.559685 0.678541 0.030881
e_16_17 16 17 3 0.0125 -0.108207 0.0118076 0.0147658 0.374249 -0.269821 -0.564177 0.684718 0.03007
e_17_18 17 18 4 0.0125 -0.140002 -0.0110798 0.0236891 0.38049 -0.26488 -0.563475 0.683785 0.050288
e_18_19 18 19 5 0.0125 -0.169868 -0.0298954 0.0331044 0.522146 -0.252653 -0.523008 0.624494 0.023155
e_19_20 19 20 6 0.0125 -0.190081 -0.0392931 0.045635 0.737656 -0.0705214 -0.435118 0.511432 0.028672
e_20_1 20 1 7 0.0125 -0.210934 -0.0511456 0.0658185 0.778214 0.0120003 -0.406806 0.478275 0.034151
e_1_21 1 21 1 0.0125 -0.229964 -0.0548606 0.0729199 0.379759 -0.770971 -0.348555 0.374026 0.02
e_21_22 21 22 2 0.0125 -0.246108 -0.0484519 0.0631004 0.328413 -0.818626 -0.323917 0.342161 0.02
e_22_23 22 23 3 0.0125 -0.260444 -0.0442219 0.0501687 0.168048 -0.883944 -0.300246 0.316632 0.02
e_23_24 23 24 4 0.0125 -0.273631 -0.0432909 0.0352096 0.109746 -0.883028 -0.311023 0.333888 0.02
e_24_4 24 4 5 0.0125 -0.285956 -0.042206 0.0195871 0.146236 -0.913155 -0.266033 0.272009 0.02
e_1_25 1 25 1 0.0125 -0.220322 -0.0450456 0.0754832 0.654601 -0.75241 -0.0122846 -0.0722891 0.026475
e_25_26 25 26 2 0.0125 -0.216294 -0.0163796 0.0708806 0.633183 -0.766973 0.0121253 -0.103369 0.032211
e_26_3 26 3 3 0.0125 -0.215033 0.0190779 0.0625471 0.605954 -0.792758 -0.0659058 -0.00334562 0.041314
2 24 23
3 0.133328 -0.0391583 0.0119787 0.0125
25 0.123808 -0.0807528 0.0553273 0.0125
4 0.16299 -0.160204 0.0114978 0.0125
24 0.149097 -0.149906 0.0283995 0.0125
23 0.136592 -0.133686 0.0505681 0.0125
1 0.11704 -0.107899 0.0827479 0.0125
22 0.100004 -0.0968282 0.0861448 0.0125
21 0.0835188 -0.0848828 0.0880825 0.0125
6 0.0482208 0.160943 0.0747827 0.0125
11 0.0277604 0.159077 0.0748975 0.0125
10 0.00904077 0.152074 0.0738363 0.0125
9 -0.00970341 0.144155 0.0717975 0.0125
2 -0.0803106 0.0991087 0.0423075 0.0125
19 0.0485548 -0.0558683 0.0938172 0.0125
8 -0.0594224 0.112106 0.0538395 0.0125
12 -0.0722621 0.066565 0.0356364 0.0125
13 -0.0684611 0.0445527 0.0362746 0.0125
5 -0.0536684 0.00375116 0.0337874 0.0125
14 -0.0467764 0.056121 0.0595624 0.0125
15 -0.0212178 0.0175668 0.0603782 0.0125
16 -0.0096416 -0.000821648 0.0674368 0.0125
17 0.00929936 -0.0215055 0.0846427 0.0125
18 0.0325209 -0.0393354 0.0926172 0.0125
20 0.0660341 -0.0742964 0.0887785 0.0125
e_2_8 2 8 1 0.0125 -0.0698665 0.105608 0.0480735 0.795949 -0.115922 0.523784 0.280497 0.02717
e_8_9 8 9 2 0.0125 -0.0345628 0.128131 0.062818 0.743834 -0.109831 0.585397 0.303246 0.061819
e_9_10 9 10 3 0.0125 -0.000331068 0.148114 0.0728163 0.681724 0.00309346 0.670933 0.291706 0.02045
e_10_11 10 11 4 0.0125 0.0184011 0.155575 0.0743665 0.666797 0.0326401 0.687327 0.286178 0.020015
e_11_6 11 6 5 0.0125 0.0379908 0.16001 0.0748395 0.666557 0.169438 0.688534 0.230026 0.020545
e_2_12 2 12 1 0.0125 -0.0762866 0.0828371 0.0389726 0.619898 0.693899 0.340709 -0.134712 0.034181
e_12_13 12 13 2 0.0125 -0.0703621 0.0555583 0.0359555 0.701497 0.647201 0.258588 -0.148882 0.022347
e_13_5 13 5 3 0.0125 -0.0610649 0.0241526 0.0350311 0.678327 0.636973 0.350526 -0.106157 0.043471
e_2_14 2 14 1 0.0125 -0.0635436 0.0776144 0.0509354 0.806527 0.456927 0.37463 -0.0195849 0.057186
e_14_15 14 15 2 0.0125 -0.0339973 0.0368441 0.0599709 0.71199 0.559507 0.422066 -0.0433887 0.046263
e_15_16 15 16 3 0.0125 -0.0154292 0.00837307 0.0639075 0.807812 0.479757 0.339638 -0.0437972 0.022847
e_16_17 16 17 4 0.0125 -0.000170936 -0.0111627 0.0760395 0.872614 0.36091 0.329068 0.00188616 0.032904
e_17_18 17 18 5 0.0125 0.0209101 -0.0304204 0.08863 0.793476 0.394928 0.461117 0.0424236 0.030344
e_18_19 18 19 6 0.0125 0.0405381 -0.0476021 0.0932166 0.725253 0.497599 0.475791 0.00512384 0.023061
e_19_20 19 20 7 0.0125 0.0572948 -0.0650827 0.0912981 0.634596 0.561384 0.531164 0.000794388 0.025895
e_20_21 20 21 8 0.0125 0.0747768 -0.0795895 0.0884302 0.691224 0.434153 0.573177 0.0720354 0.020452
e_21_22 21 22 9 0.0125 0.0917616 -0.0908551 0.087114 0.670891 0.477665 0.56499 0.0502673 0.02045
e_22_1 22 1 10 0.0125 0.108522 -0.102363 0.0844464 0.643054 0.476648 0.596044 0.0634033 0.020598
e_1_23 1 23 1 0.0125 0.126816 -0.120792 0.0666577 0.383075 0.695714 0.607076 -0.0263716 0.045638
e_23_24 23 24 2 0.0125 0.142844 -0.141796 0.0394838 0.363556 0.698442 0.615978 -0.0240197 0.030181
e_24_4 24 4 3 0.0125 0.156043 -0.155055 0.0199478 0.38611 0.618481 0.68335 0.0378626 0.024181
e_1_25 1 25 1 0.0125 0.120424 -0.0943257 0.0690376 0.0821105 0.0283208 0.92151 0.378518 0.039174
e_25_3 25 3 2 0.0125 0.128568 -0.0599561 0.033653 0.0669698 0.0438374 0.924344 0.373071 0.060826
3 25 24
3 -0.0735317 -0.260417 0.0124272 0.0125
26 -0.0622562 -0.244423 0.0173824 0.0125
25 -0.0508933 -0.227553 0.0207057 0.0125
24 -0.0377559 -0.20755 0.024958 0.0125
4 0.00818152 -0.0899171 0.0667085 0.0125
23 -0.00449119 -0.137211 0.0525178 0.0125
1 -0.0216167 -0.176937 0.0294574 0.0125
22 -0.0412838 -0.170401 0.0241225 0.0125
21 -0.0625259 -0.16308 0.0192985 0.0125
6 -0.292406 -0.00741898 0.0907176 0.0125
11 -0.271726 -0.0038171 0.0927161 0.0125
10 -0.251912 6.08422e-05 0.0928219 0.0125
9 -0.214297 0.00432397 0.09163 0.0125
2 -0.15423 0.0407293 0.0915974 0.0125
19 -0.100917 -0.136715 0.0202233 0.0125
8 -0.181656 0.0187782 0.0907372 0.0125
12 -0.174359 0.0364153 0.102376 0.0125
13 -0.207456 0.031451 0.117503 0.0125
14 -0.225851 0.0330431 0.12521 0.0125
5 -0.243447 0.0401026 0.131667 0.0125
15 -0.158471 -0.0215091 0.0566027 0.0125
16 -0.149114 -0.0605977 0.0435201 0.0125
17 -0.132043 -0.102304 0.0353841 0.0125
18 -0.115558 -0.122536 0.0288287 0.0125
20 -0.0793502 -0.150552 0.0167148 0.0125
e_2_8 2 8 1 0.0125 -0.167943 0.0297537 0.0911673 0.681572 0.558366 -0.447738 -0.152373 0.035139
e_8_9 8 9 2 0.0125 -0.197976 0.0115511 0.0911831 0.675293 0.478611 -0.508364 -0.23765 0.03571
e_9_10 9 10 3 0.0125 -0.233105 0.0021924 0.092226 0.634228 0.393577 -0.573896 -0.336891 0.037875
e_10_11 10 11 4 0.0125 -0.261819 -0.00187813 0.092769 0.631194 0.432245 -0.561947 -0.3146 0.02019
e_11_6 11 6 5 0.0125 -0.282066 -0.00561804 0.0917173 0.58759 0.465867 -0.574763 -0.327649 0.021087
e_2_12 2 12 1 0.0125 -0.164294 0.0385723 0.0969869 0.825758 0.237121 -0.460271 -0.223713 0.023237
e_12_13 12 13 2 0.0125 -0.190907 0.0339332 0.109939 0.800513 0.239513 -0.486514 -0.255178 0.036727
e_13_14 13 14 3 0.0125 -0.216654 0.0322465 0.121357 0.76681 0.170607 -0.527541 -0.323412 0.020008
e_14_5 14 5 4 0.0125 -0.234649 0.0365728 0.128439 0.702086 0.0853735 -0.575768 -0.410217 0.020028
e_2_15 2 15 1 0.0125 -0.156351 0.0096101 0.0741005 0.494823 0.83107 -0.232257 0.102612 0.071528
e_15_16 15 16 2 0.0125 -0.153793 -0.0410539 0.0500616 0.544985 0.800315 -0.119398 0.219616 0.042269
e_16_17 16 17 3 0.0125 -0.140578 -0.0814512 0.0394523 0.575113 0.765499 -0.0533425 0.283568 0.045792
e_17_18 17 18 4 0.0125 -0.123801 -0.112419 0.0321069 0.494846 0.787638 0.0378172 0.365136 0.026908
e_18_19 18 19 5 0.0125 -0.108238 -0.129625 0.0245258 0.408275 0.831773 0.0513939 0.372591 0.022124
e_19_20 19 20 6 0.0125 -0.0901344 -0.143633 0.0184693 0.463223 0.736761 0.158146 0.466474 0.025863
e_20_21 20 21 7 0.0125 -0.0709378 -0.156816 0.0180073 0.582105 0.641878 0.163894 0.471472 0.021135
e_21_22 21 22 8 0.0125 -0.0519046 -0.16674 0.0217112 0.546922 0.566511 0.27224 0.553016 0.02298
e_22_1 22 1 9 0.0125 -0.0314503 -0.173669 0.02679 0.561856 0.546258 0.277411 0.555844 0.0214
e_1_23 1 23 1 0.0125 -0.013054 -0.157074 0.0409876 0.665296 -0.238144 0.456162 0.540912 0.049023
e_23_4 23 4 2 0.0125 0.00184563 -0.113564 0.0596134 0.561033 -0.29639 0.522465 0.569583 0.050977
e_1_24 1 24 1 0.0125 -0.0296868 -0.192243 0.0272075 0.659825 0.671403 -0.337163 -0.0130569 0.034899
e_24_25 24 25 2 0.0125 -0.0443246 -0.217551 0.0228318 0.640316 0.671534 -0.369496 -0.0501088 0.024305
e_25_26 25 26 3 0.0125 -0.0565752 -0.235988 0.0190438 0.645388 0.664973 -0.372059 -0.0534528 0.020611
e_26_3 26 3 4 0.0125 -0.0678944 -0.25242 0.0149046 0.610718 0.689765 -0.383351 -0.0654935 0.020185
4 22 21
3 -0.324179 0.0555308 0.0536252 0.0125
23 -0.312686 0.0389411 0.0707307 0.0125
22 -0.307355 0.00891109 0.102053 0.0125
4 -0.358604 0.0053582 0.0479059 0.0125
21 -0.347657 0.00472559 0.0649938 0.0125
20 -0.337317 0.00252167 0.0821272 0.0125
11 -0.0241427 -0.0659551 0.0124812 0.0125
6 0.0111556 -0.0279937 0.139261 0.0125
10 -0.00226512 -0.0446825 0.105751 0.0125
9 -0.0114346 -0.0567049 0.0814709 0.0125
2 -0.0374577 -0.0940529 0.0137215 0.0125
19 -0.312174 -0.00363584 0.107479 0.0125
8 -0.0265861 -0.0793286 0.0408363 0.0125
12 -0.0130965 -0.0443306 0.0114839 0.0125
5 -0.0018357 -0.00123011 0.0131767 0.0125
13 -0.114126 -0.070621 0.0554337 0.0125
14 -0.148712 -0.0458092 0.0743668 0.0125
15 -0.184366 -0.0305685 0.0864538 0.0125
16 -0.231969 -0.0157772 0.109918 0.0125
17 -0.252278 -0.0106673 0.114428 0.0125
18 -0.273977 -0.00645312 0.11751 0.0125
1 -0.296535 -0.00775648 0.124295 0.0125
e_2_8 2 8 1 0.0125 -0.0320217 -0.0866911 0.0272792 0.878618 -0.147648 0.252543 0.377429 0.032714
e_8_9 8 9 2 0.0125 -0.0190101 -0.068017 0.0611532 0.871591 -0.153437 0.247163 0.394584 0.048914
e_9_10 9 10 3 0.0125 -0.00684922 -0.0506936 0.0936107 0.87797 -0.131634 0.241327 0.391921 0.028603
e_10_6 10 6 4 0.0125 0.00444561 -0.0363378 0.122506 0.882594 -0.131916 0.24757 0.377274 0.039769
e_2_11 2 11 1 0.0125 -0.0308005 -0.0800038 0.0131017 0.679132 -0.577503 0.431765 0.137291 0.031118
e_11_12 11 12 2 0.0125 -0.0186192 -0.0551426 0.0119827 0.681629 -0.574663 0.436208 0.121931 0.024303
e_12_5 12 5 3 0.0125 -0.00746541 -0.0227803 0.0123301 0.676868 -0.570459 0.394458 0.246634 0.044579
e_2_13 2 13 1 0.0125 -0.0757919 -0.0823369 0.0345769 0.205207 -0.518103 0.0281016 0.829861 0.090372
e_13_14 13 14 2 0.0125 -0.131419 -0.0582158 0.0649005 0.347781 -0.534492 0.105388 0.76306 0.046586
e_14_15 14 15 3 0.0125 -0.166539 -0.0381892 0.0804102 0.217231 -0.587556 0.0773412 0.775633 0.040615
e_15_16 15 16 4 0.0125 -0.208167 -0.0231734 0.0981858 0.197507 -0.534638 0.0348918 0.820936 0.055095
e_16_17 16 17 5 0.0125 -0.242123 -0.013222 0.112173 0.117262 -0.62543 0.059708 0.769105 0.021422
e_17_18 17 18 6 0.0125 -0.263128 -0.00856064 0.115969 0.0737269 -0.65358 0.0615616 0.750738 0.022319
e_18_1 18 1 7 0.0125 -0.285256 -0.0071048 0.120902 -0.0284633 -0.596686 -0.0132494 0.801861 0.023592
e_1_19 1 19 1 0.0125 -0.304355 -0.00569616 0.115887 -0.00486715 -0.893801 0.247994 0.373625 0.02333
e_19_20 19 20 2 0.0125 -0.324745 -0.000557286 0.0948023 -0.00926823 -0.889914 0.240632 0.38738 0.036233
e_20_21 20 21 3 0.0125 -0.342487 0.00362331 0.0735609 -0.0241502 -0.919465 0.283 0.271868 0.020132
e_21_4 21 4 4 0.0125 -0.353131 0.00504211 0.0564502 -0.0632275 -0.921051 0.269209 0.274215 0.020304
e_1_22 1 22 1 0.0125 -0.301945 0.000577942 0.113174 0.20819 -0.870529 0.339178 0.289473 0.029826
e_22_23 22 23 2 0.0125 -0.31002 0.0239261 0.0863923 0.309527 -0.842054 0.386233 0.214391 0.043718
e_23_3 23 3 3 0.0125 -0.318433 0.0472356 0.0621778 0.23779 -0.847995 0.322784 0.346657 0.026456
