4
1 25 24
3 -0.0978876 -0.102576 0.126061 0.0125
26 -0.110629 -0.0894356 0.117998 0.0125
25 -0.125325 -0.0769414 0.112715 0.0125
24 -0.139868 -0.0641975 0.107604 0.0125
23 -0.155724 -0.0520743 0.106354 0.0125
4 -0.195629 -0.0583137 0.01208 0.0125
22 -0.186899 -0.044837 0.0730558 0.0125
1 -0.170415 -0.0385297 0.105513 0.0125
21 -0.183927 -0.0229378 0.113041 0.0125
6 -0.479704 0.227819 0.250787 0.0125
11 -0.466286 0.212531 0.244399 0.0125
10 -0.446351 0.192957 0.235112 0.0125
9 -0.435252 0.173582 0.225994 0.0125
2 -0.402537 0.107735 0.214662 0.0125
19 -0.211932 0.00381093 0.129115 0.0125
8 -0.410576 0.133809 0.216399 0.0125
12 -0.421996 0.104997 0.218382 0.0125
13 -0.441426 0.102701 0.222531 0.0125
14 -0.460608 0.0970418 0.222676 0.0125
15 -0.480551 0.0962937 0.223969 0.0125
5 -0.500526 0.0969128 0.224792 0.0125
16 -0.299925 0.059707 0.164017 0.0125
17 -0.261835 0.0346862 0.156667 0.0125
18 -0.226772 0.0189241 0.139607 0.0125
20 -0.19744 -0.00959378 0.122818 0.0125
e_2_8 2 8 1 0.0125 -0.406556 0.120771 0.215531 0.0280413 0.176309 -0.661162 -0.728693 0.02734
e_8_9 8 9 2 0.0125 -0.422913 0.153695 0.221197 0.138845 0.231612 -0.588177 -0.762316 0.047779
e_9_10 9 10 3 0.0125 -0.440801 0.183269 0.230553 0.151472 0.184261 -0.526334 -0.816135 0.02412
e_10_11 10 11 4 0.0125 -0.456319 0.202744 0.239756 0.236345 0.279871 -0.51376 -0.775799 0.029441
e_11_6 11 6 5 0.0125 -0.472995 0.220176 0.247593 0.209162 0.261576 -0.530831 -0.778491 0.02132
e_2_12 2 12 1 0.0125 -0.412266 0.106367 0.216521 0.508449 0.533144 -0.35036 -0.578346 0.02
e_12_13 12 13 2 0.0125 -0.431712 0.103849 0.220457 0.504355 0.5235 -0.349571 -0.591079 0.02
e_13_14 13 14 3 0.0125 -0.451017 0.0998712 0.222604 0.526066 0.601347 -0.36711 -0.476305 0.02
e_14_15 14 15 4 0.0125 -0.47058 0.0966676 0.223322 0.467434 0.541139 -0.418147 -0.560203 0.02
e_15_5 15 5 5 0.0125 -0.490538 0.0966029 0.224381 0.445077 0.531479 -0.443789 -0.56788 0.02
e_2_16 2 16 1 0.0125 -0.351231 0.0837208 0.18934 -0.410744 0.229737 -0.807012 0.35671 0.124099
e_16_17 16 17 2 0.0125 -0.280881 0.0471962 0.160342 -0.395491 0.249257 -0.719372 0.513772 0.046162
e_17_18 17 18 3 0.0125 -0.244304 0.0268052 0.148137 -0.424259 0.212689 -0.810903 0.34235 0.042058
e_18_19 18 19 4 0.0125 -0.219352 0.0113682 0.134361 -0.00290393 0.591932 -0.609556 0.527304 0.023637
e_19_20 19 20 5 0.0125 -0.204686 -0.00289172 0.125966 -0.0248424 0.56916 -0.572714 0.589439 0.020722
e_20_21 20 21 6 0.0125 -0.190683 -0.0162662 0.11793 -0.0245456 0.578483 -0.627873 0.520125 0.021359
e_21_1 21 1 7 0.0125 -0.177172 -0.0307342 0.109277 0.124595 0.658371 -0.487782 0.559547 0.021962
e_1_22 1 22 1 0.0125 -0.178657 -0.0416834 0.0892849 0.228541 0.659934 -0.709753 -0.0922284 0.036945
e_22_4 22 4 2 0.0125 -0.191264 -0.051576 0.0425678 0.122561 0.633848 -0.762726 0.0382634 0.063055
e_1_23 1 23 1 0.0125 -0.16307 -0.0453016 0.105933 0.601561 0.672181 0.164789 0.398925 0.02
e_23_24 23 24 2 0.0125 -0.147796 -0.0581358 0.106979 0.269265 0.659041 -0.185484 0.677316 0.02
e_24_25 24 25 3 0.0125 -0.132595 -0.0705693 0.11016 0.503646 -0.0986443 0.602078 -0.611648 0.02
e_25_26 25 26 4 0.0125 -0.117976 -0.0831884 0.115357 0.45759 -0.15175 0.587292 -0.650132 0.02
e_26_3 26 3 5 0.0125 -0.104258 -0.096006 0.122029 0.533897 -0.0430397 0.544577 -0.645397 0.02
2 28 27
3 0.252437 0.219548 0.011838 0.0125
29 0.236031 0.215933 0.0228268 0.0125
28 0.221115 0.213704 0.0359742 0.0125
27 0.192782 0.218724 0.0517405 0.0125
4 0.26451 0.211161 0.039089 0.0125
26 0.245442 0.214689 0.0439839 0.0125
25 0.22651 0.218371 0.049279 0.0125
24 0.207993 0.220931 0.0563904 0.0125
23 0.189175 0.222023 0.0630747 0.0125
1 0.169457 0.219735 0.0655137 0.0125
22 0.15464 0.206376 0.0673974 0.0125
21 0.140652 0.192258 0.0698473 0.0125
6 0.00386104 0.141166 0.0474762 0.0125
11 -0.00511794 0.123405 0.041292 0.0125
10 -0.00923742 0.10368 0.0377187 0.0125
9 -0.00855368 0.0832784 0.0347938 0.0125
2 -0.0162951 -0.00102813 0.012333 0.0125
19 0.111751 0.164018 0.0650747 0.0125
8 -0.0111575 0.0260809 0.0232009 0.0125
12 -0.0381947 -0.0195563 0.0159211 0.0125
13 -0.06319 -0.0324424 0.018335 0.0125
14 -0.0791753 -0.0441509 0.0217421 0.0125
5 -0.0958644 -0.0566565 0.0308588 0.0125
15 0.0328702 0.0580416 0.0488069 0.0125
16 0.0509595 0.0876132 0.058884 0.0125
17 0.0847601 0.1278 0.0635676 0.0125
18 0.100327 0.146674 0.064648 0.0125
20 0.1254 0.179144 0.0669 0.0125
e_2_8 2 8 1 0.0125 -0.0137267 0.0125266 0.0177668 0.794848 -0.5605 -0.0509864 -0.226839 0.029655
e_8_9 8 9 2 0.0125 -0.0098556 0.0546796 0.0289973 0.755809 -0.623694 -0.108537 -0.167268 0.058418
e_9_10 9 10 3 0.0125 -0.00889514 0.0934787 0.0362564 0.742852 -0.639648 -0.141243 -0.138099 0.020621
e_10_11 10 11 4 0.0125 -0.00717768 0.113542 0.0395047 0.738039 -0.640988 -0.0428829 -0.206383 0.020466
e_11_6 11 6 5 0.0125 -0.000628662 0.132286 0.0443835 0.751833 -0.589895 0.0603271 -0.288326 0.02084
e_2_12 2 12 1 0.0125 -0.0272455 -0.0102924 0.0141267 0.743563 0.3594 -0.555676 0.0957637 0.02891
e_12_13 12 13 2 0.0125 -0.0506923 -0.0259993 0.0171281 0.709555 0.136709 -0.66223 0.198229 0.028224
e_13_14 13 14 3 0.0125 -0.0711824 -0.0382962 0.0200388 0.758075 0.309299 -0.565329 0.100298 0.020106
e_14_5 14 5 4 0.0125 -0.0875204 -0.0504039 0.0263002 0.836254 0.344133 -0.425806 -0.0306655 0.02276
e_2_15 2 15 1 0.0125 0.00828737 0.0285063 0.0305697 0.76738 -0.51625 0.138238 -0.354267 0.085069
e_15_16 15 16 2 0.0125 0.0419142 0.0728272 0.0538451 0.738657 -0.593094 0.0930512 -0.306539 0.036101
e_16_17 16 17 3 0.0125 0.0678598 0.107707 0.0612258 0.662738 -0.654949 0.16319 -0.324328 0.05272
e_17_18 17 18 4 0.0125 0.0925444 0.137237 0.0641077 0.649325 -0.672232 0.161355 -0.316932 0.024489
e_18_19 18 19 5 0.0125 0.106039 0.155347 0.0648615 0.654249 -0.689797 0.11797 -0.286743 0.020772
e_19_20 19 20 6 0.0125 0.118575 0.171581 0.0659872 0.658553 -0.651097 0.177316 -0.333076 0.020455
e_20_21 20 21 7 0.0125 0.133026 0.185701 0.0683735 0.660239 -0.614136 0.224382 -0.36956 0.02033
e_21_22 21 22 8 0.0125 0.147646 0.199317 0.0686228 0.580307 -0.720443 0.205303 -0.319462 0.020025
e_22_1 22 1 9 0.0125 0.162049 0.213056 0.0664553 0.582567 -0.703773 0.22737 -0.337078 0.020038
e_1_23 1 23 1 0.0125 0.179316 0.220879 0.0642945 0.467404 -0.588204 0.463673 -0.469635 0.02
e_23_24 23 24 2 0.0125 0.198584 0.221476 0.0597325 0.343539 -0.626957 0.523494 -0.463529 0.02
e_24_25 24 25 3 0.0125 0.217252 0.219651 0.0528343 0.31617 -0.614495 0.547882 -0.471441 0.02
e_25_26 25 26 4 0.0125 0.235976 0.21653 0.0466314 0.343785 -0.556915 0.567648 -0.499433 0.02
e_26_4 26 4 5 0.0125 0.254976 0.212925 0.0415358 0.354596 -0.550744 0.564859 -0.501874 0.02
e_1_27 1 27 1 0.0125 0.181119 0.219229 0.0586275 0.269556 -0.707767 0.503099 -0.41629 0.027108
e_27_28 27 28 2 0.0125 0.206949 0.216215 0.0438575 0.250768 -0.663678 0.547542 -0.443671 0.03281
e_28_29 28 29 3 0.0125 0.228573 0.214819 0.0294005 0.241189 -0.810119 0.415054 -0.336549 0.020007
e_29_3 29 3 4 0.0125 0.244234 0.217741 0.0173323 0.308428 -0.776715 0.412803 -0.362188 0.020075
3 20 19
3 0.201005 -0.223891 0.125531 0.0125
21 0.207027 -0.229154 0.105385 0.0125
20 0.212476 -0.231575 0.0841431 0.0125
19 0.214069 -0.233311 0.0627645 0.0125
11 0.187668 0.055215 0.0150796 0.0125
6 0.219272 0.19076 0.0428426 0.0125
10 0.211658 0.168315 0.0433847 0.0125
9 0.189425 0.134468 0.0349762 0.0125
2 0.151069 0.0611575 0.0163867 0.0125
8 0.178324 0.117593 0.0302183 0.0125
5 0.249715 0.0455464 0.0114849 0.0125
12 0.172655 -0.116113 0.017556 0.0125
13 0.181624 -0.139959 0.0242613 0.0125
14 0.193169 -0.165676 0.0250083 0.0125
15 0.201351 -0.185955 0.0281891 0.0125
16 0.203883 -0.208664 0.0285795 0.0125
1 0.211663 -0.229157 0.0283431 0.0125
18 0.139723 -0.248301 0.0251983 0.0125
17 0.161672 -0.243649 0.0305041 0.0125
4 0.119435 -0.254686 0.0123467 0.0125
e_2_8 2 8 1 0.0125 0.164696 0.0893762 0.023302 0.725201 -0.424686 0.460313 0.286072 0.064181
e_8_9 8 9 2 0.0125 0.183874 0.12603 0.0325972 0.737145 -0.371434 0.497384 0.26695 0.020751
e_9_10 9 10 3 0.0125 0.200542 0.151391 0.0391805 0.726956 -0.373553 0.508732 0.270528 0.04136
e_10_6 10 6 4 0.0125 0.215465 0.179538 0.043114 0.615017 -0.486705 0.523971 0.332155 0.023708
e_2_11 2 11 1 0.0125 0.169368 0.0581858 0.015733 0.693043 0.16163 0.701065 0.0455437 0.037102
e_11_5 11 5 2 0.0125 0.218691 0.0503807 0.0132823 0.684963 0.161326 0.708905 0.0474658 0.062898
e_2_12 2 12 1 0.0125 0.161862 -0.0274781 0.0169711 0.661679 0.621817 0.331768 -0.255839 0.178584
e_12_13 12 13 2 0.0125 0.177139 -0.128036 0.0209086 0.767609 0.500912 0.349032 -0.195037 0.026345
e_13_14 13 14 3 0.0125 0.187397 -0.152818 0.0246349 0.690332 0.536908 0.445509 -0.191554 0.028199
e_14_15 14 15 4 0.0125 0.19726 -0.175815 0.0265986 0.73047 0.522607 0.393598 -0.1959 0.022097
e_15_16 15 16 5 0.0125 0.202617 -0.19731 0.0283847 0.665046 0.621686 0.32396 -0.25743 0.022853
e_16_1 16 1 6 0.0125 0.207773 -0.21891 0.028462 0.672588 0.56189 0.43551 -0.205512 0.021922
e_1_17 1 17 1 0.0125 0.186667 -0.236403 0.0294236 0.626775 0.49693 -0.481997 -0.357622 0.052095
e_17_18 17 18 2 0.0125 0.150697 -0.245975 0.0278519 0.458463 0.637093 -0.457355 -0.418032 0.023055
e_18_4 18 4 3 0.0125 0.129579 -0.251494 0.0187727 0.194963 0.866346 -0.0896534 -0.450994 0.02485
e_1_19 1 19 1 0.0125 0.212867 -0.231234 0.0455541 0.996609 0.0582973 0.0373359 -0.0444673 0.034754
e_19_20 19 20 2 0.0125 0.213273 -0.232443 0.0734533 0.998434 -0.0400051 -0.0375305 -0.0110249 0.021508
e_20_21 20 21 3 0.0125 0.209752 -0.230364 0.0947643 0.990399 -0.0525593 -0.12587 -0.0224707 0.022064
e_21_3 21 3 4 0.0125 0.204017 -0.226522 0.115458 0.982143 -0.12513 -0.140077 0.0107329 0.021675
4 22 21
3 -0.00833146 -0.226641 0.0151658 0.0125
23 -0.0402366 -0.22247 0.0139713 0.0125
4 -0.189462 -0.256235 0.0533878 0.0125
22 -0.163876 -0.24609 0.0367208 0.0125
21 -0.131706 -0.229138 0.0221115 0.0125
1 -0.107778 -0.216738 0.0124325 0.0125
6 -0.337844 0.0689082 0.138875 0.0125
11 -0.336866 0.0563391 0.118261 0.0125
10 -0.335413 0.0381049 0.0884461 0.0125
9 -0.32571 0.0269999 0.0610915 0.0125
2 -0.293042 0.0172988 0.0123822 0.0125
19 -0.138931 -0.185475 0.0163078 0.0125
8 -0.314653 0.0242153 0.0394555 0.0125
12 -0.311042 0.0109715 0.0183811 0.0125
13 -0.328161 0.000936817 0.0208743 0.0125
14 -0.343514 -0.0118682 0.0214429 0.0125
15 -0.358971 -0.0245427 0.0220939 0.0125
5 -0.3757 -0.0352221 0.0196223 0.0125
16 -0.181299 -0.120905 0.0191898 0.0125
17 -0.17097 -0.142487 0.0207453 0.0125
18 -0.153611 -0.167701 0.0176055 0.0125
20 -0.123579 -0.20095 0.0143614 0.0125
e_2_8 2 8 1 0.0125 -0.303848 0.0207572 0.0259184 0.835973 -0.241373 -0.241949 0.429358 0.035325
e_8_9 8 9 2 0.0125 -0.320181 0.0256074 0.0502728 0.872029 -0.154984 -0.183403 0.426508 0.024456
e_9_10 9 10 3 0.0125 -0.330561 0.0325522 0.0747681 0.902663 -0.230334 -0.0826253 0.354003 0.031077
e_10_11 10 11 4 0.0125 -0.33614 0.0472221 0.103353 0.925265 -0.266334 0.0537378 0.264693 0.034979
e_11_6 11 6 5 0.0125 -0.337355 0.0626241 0.128567 0.92546 -0.265551 0.0540982 0.264727 0.024163
e_2_12 2 12 1 0.0125 -0.302042 0.014135 0.0153821 0.599609 -0.227182 -0.546271 0.53893 0.02
e_12_13 12 13 2 0.0125 -0.319601 0.005954 0.0196282 0.499087 -0.203311 -0.629551 0.55968 0.02
e_13_14 13 14 3 0.0125 -0.335837 -0.00546605 0.0211584 0.429434 -0.161334 -0.678049 0.574289 0.02
e_14_15 14 15 4 0.0125 -0.351242 -0.0182058 0.0217682 0.432709 -0.163768 -0.675954 0.57361 0.02
e_15_5 15 5 5 0.0125 -0.367335 -0.0298827 0.0208579 0.384667 -0.279829 -0.695328 0.538744 0.02
e_2_16 2 16 1 0.0125 -0.237171 -0.0518032 0.015786 0.642612 0.67812 0.144975 0.325862 0.177857
e_16_17 16 17 2 0.0125 -0.176135 -0.131696 0.0199677 0.522176 0.647578 -0.21956 0.509675 0.023977
e_17_18 17 18 3 0.0125 -0.16229 -0.155094 0.0191754 0.512725 0.738851 -0.0715106 0.431392 0.030772
e_18_19 18 19 4 0.0125 -0.146271 -0.176588 0.0169571 0.610551 0.710098 0.1545 0.31483 0.023089
e_19_20 19 20 5 0.0125 -0.131256 -0.193213 0.0153341 0.651509 0.641392 0.364811 0.176252 0.021885
e_20_1 20 1 6 0.0125 -0.115679 -0.208844 0.0133976 0.654227 0.635316 0.373333 0.170244 0.022421
e_1_21 1 21 1 0.0125 -0.119742 -0.222938 0.017272 0.596326 -0.156633 -0.553599 0.559812 0.028635
e_21_22 21 22 2 0.0125 -0.147791 -0.237614 0.0294157 0.610015 -0.143008 -0.541436 0.560605 0.039188
e_22_4 22 4 3 0.0125 -0.176669 -0.251162 0.0450538 0.681902 -0.142382 -0.469823 0.542221 0.032177
e_1_23 1 23 1 0.0125 -0.0740071 -0.219604 0.0132019 0.68187 -0.153446 0.68199 -0.215401 0.067801
e_23_3 23 3 2 0.0125 -0.0242846 -0.224556 0.0145692 0.690977 -0.107414 0.685493 -0.202761 0.032199
