15
1 10 9
2 -0.312489 -0.0604637 0.0124575 0.0125
11 -0.293947 -0.0610737 0.0204642 0.0125
10 -0.276442 -0.0702525 0.0168003 0.0125
9 -0.256773 -0.0738122 0.0185102 0.0125
4 -0.0357638 -0.0196535 0.0114874 0.0125
1 0.151213 -0.0874136 0.0114674 0.0125
8 -0.240373 -0.0655104 0.0284214 0.0125
5 -0.0744997 -0.0230489 0.0123108 0.0125
6 -0.187453 -0.0402874 0.0469498 0.0125
7 -0.206457 -0.0477303 0.0413329 0.0125
e_1_4 1 4 1 0.0125 0.0577241 -0.0535334 0.0114775 0.631158 -0.514801 -0.484698 0.318884 0.198876
e_4_5 4 5 2 0.0125 -0.055132 -0.0213512 0.0118984 0.634244 -0.266769 -0.646725 0.329115 0.038893
e_5_6 5 6 3 0.0125 -0.130977 -0.0316681 0.0296303 0.760459 -0.104366 -0.586555 0.258386 0.119397
e_6_7 6 7 4 0.0125 -0.196956 -0.0440094 0.0441416 0.475156 -0.232375 -0.760711 0.376228 0.021169
e_7_8 7 8 5 0.0125 -0.223416 -0.0566206 0.0348771 0.444223 -0.179022 -0.792275 0.378043 0.040412
e_8_9 8 9 6 0.0125 -0.248574 -0.0696619 0.0234661 0.288717 -0.414543 -0.751961 0.423498 0.020883
e_9_10 9 10 7 0.0125 -0.266608 -0.0720327 0.0176549 0.582062 -0.481986 -0.557065 0.344342 0.020061
e_10_11 10 11 8 0.0125 -0.285195 -0.0656634 0.0186319 0.716295 -0.482426 -0.419667 0.279404 0.020102
e_11_2 11 2 9 0.0125 -0.303218 -0.060769 0.0164606 0.388506 -0.609931 -0.571049 0.388524 0.020207
2 9 8
2 0.0182417 -0.184122 0.092035 0.0125
10 0.0338355 -0.176153 0.082032 0.0125
9 0.0533128 -0.175325 0.0770293 0.0125
4 0.103043 0.00836582 0.0461057 0.0125
1 0.132022 0.258764 0.0116639 0.0125
8 0.0802174 -0.156976 0.0653751 0.0125
5 0.0973706 -0.0460057 0.0570723 0.0125
6 0.0952832 -0.0723304 0.067589 0.0125
7 0.0876784 -0.137667 0.0667 0.0125
e_1_4 1 4 1 0.0125 0.117532 0.133565 0.0288853 0.744292 0.656954 0.0268624 -0.117126 0.254412
e_4_5 4 5 2 0.0125 0.100206 -0.0188197 0.0515896 0.76275 0.632503 0.0399952 -0.128656 0.055756
e_5_6 5 6 3 0.0125 0.0963263 -0.0591677 0.0623312 0.813754 0.558194 0.0584644 -0.151017 0.028425
e_6_7 6 7 4 0.0125 0.0914809 -0.104999 0.0671438 0.69455 0.711486 0.0234278 -0.104108 0.065784
e_7_8 7 8 5 0.0125 0.0839475 -0.147322 0.0660368 0.674837 0.627786 -0.371226 0.112568 0.020742
e_8_9 8 9 6 0.0125 0.0667653 -0.16615 0.0712021 0.801813 0.225124 -0.52995 0.159897 0.034589
e_9_10 9 10 7 0.0125 0.043574 -0.17574 0.0795308 0.766979 -0.121815 -0.600732 0.189805 0.020126
e_10_2 10 2 8 0.0125 0.0260386 -0.180137 0.0870338 0.856957 0.166006 -0.47375 0.116737 0.020167
3 6 5
2 0.329702 0.137743 0.0408993 0.0125
7 0.294984 0.101876 0.0149797 0.0125
6 0.235849 0.030789 0.0115149 0.0125
5 0.171907 0.00421366 0.0188689 0.0125
1 -0.0867961 -0.1019 0.0268758 0.0125
4 0.0138207 -0.0580338 0.0392992 0.0125
e_1_4 1 4 1 0.0125 -0.0364877 -0.0799672 0.0330868 0.720321 -0.415404 0.520775 -0.193315 0.110464
e_4_5 4 5 2 0.0125 0.0928639 -0.0269105 0.0290838 0.657529 -0.365224 0.652919 -0.0892409 0.171124
e_5_6 5 6 3 0.0125 0.203878 0.0175015 0.0151915 0.663421 -0.369383 0.645264 -0.0840451 0.069634
e_6_7 6 7 4 0.0125 0.265416 0.0663331 0.013247 0.691426 -0.3878 0.57523 0.201624 0.092533
e_7_2 7 2 5 0.0125 0.312343 0.119809 0.0279393 0.788302 -0.483605 0.188968 -0.330146 0.056245
4 10 9
2 0.00710249 0.333204 0.219864 0.0125
11 0.0174038 0.315058 0.22054 0.0125
10 0.016932 0.288866 0.207593 0.0125
9 0.0222005 0.275319 0.193566 0.0125
4 -0.10814 0.00810226 0.0487073 0.0125
1 -0.121386 -0.0717089 0.0505923 0.0125
8 0.0293981 0.260891 0.176548 0.0125
5 -0.0503135 0.142692 0.1056 0.0125
6 -0.00178775 0.188771 0.114597 0.0125
7 0.00694501 0.200287 0.129229 0.0125
e_1_4 1 4 1 0.0125 -0.114763 -0.0318038 0.04965 0.672908 -0.647875 0.303156 0.188546 0.080925
e_4_5 4 5 2 0.0125 -0.0792266 0.0753975 0.077154 0.816486 -0.481028 0.295963 0.119872 0.157147
e_5_6 5 6 3 0.0125 -0.0260506 0.165732 0.110098 0.751778 -0.428584 0.499697 0.0380698 0.06752
e_6_7 6 7 4 0.0125 0.00257865 0.194529 0.121912 0.923545 -0.289066 0.246412 0.0527896 0.020567
e_7_8 7 8 5 0.0125 0.0181717 0.230588 0.152888 0.884855 -0.401226 0.208903 0.111393 0.0801
e_8_9 8 9 6 0.0125 0.0257994 0.268104 0.185057 0.910977 -0.357193 -0.0971945 0.181897 0.023444
e_9_10 9 10 7 0.0125 0.0195656 0.282092 0.20058 0.901722 -0.385328 -0.0656869 0.184674 0.020201
e_10_11 10 11 8 0.0125 0.0171683 0.301962 0.214067 0.829306 -0.51306 0.123437 0.183804 0.029221
e_11_2 11 2 9 0.0125 0.0122528 0.324131 0.220203 0.619664 -0.717752 -0.0322167 0.31593 0.020877
5 10 9
2 0.0730638 0.133261 0.0157315 0.0125
11 0.0592347 0.118423 0.0141137 0.0125
10 0.056231 0.0986388 0.0167473 0.0125
9 0.0646167 0.0796814 0.0269575 0.0125
4 0.197734 -0.134948 0.0382274 0.0125
1 0.274342 -0.27783 0.0114899 0.0125
8 0.0768568 0.0678365 0.0431969 0.0125
5 0.118824 0.0112418 0.0655169 0.0125
6 0.109516 0.0297833 0.0702768 0.0125
7 0.0860523 0.0483256 0.0596781 0.0125
e_1_4 1 4 1 0.0125 0.236037 -0.206389 0.0248582 -0.724779 0.636981 0.113558 -0.23676 0.164314
e_4_5 4 5 2 0.0125 0.158279 -0.0618533 0.0518725 -0.724349 0.637012 0.114753 -0.237415 0.168354
e_5_6 5 6 3 0.0125 0.11417 0.0205126 0.0678967 -0.755265 0.610365 0.125065 -0.203442 0.021285
e_6_7 6 7 4 0.0125 0.0977847 0.0390541 0.0649772 -0.275808 0.804883 -0.138506 -0.506862 0.031728
e_7_8 7 8 5 0.0125 0.0814551 0.0580807 0.0514373 -0.242566 0.763635 -0.469506 -0.370929 0.027146
e_8_9 8 9 6 0.0125 0.0707362 0.0737586 0.0350775 -0.0360167 0.716326 -0.576105 -0.392024 0.023534
e_9_10 9 10 7 0.0125 0.0604238 0.0891597 0.0218528 -0.365203 0.784966 -0.32365 -0.381715 0.023108
e_10_11 10 11 8 0.0125 0.0577327 0.108531 0.0154312 -0.635861 0.686954 -0.305501 -0.174484 0.020183
e_11_2 11 2 9 0.0125 0.0661487 0.125842 0.0149229 -0.732882 0.527347 -0.426808 0.0512268 0.020348
6 9 8
2 0.297798 -0.139704 0.0570063 0.0125
10 0.315601 -0.130796 0.0522968 0.0125
9 0.330835 -0.11487 0.0483206 0.0125
4 0.210968 -0.0488143 0.0267991 0.0125
1 0.0301911 0.151613 0.0969582 0.0125
8 0.337987 -0.0961573 0.0467543 0.0125
5 0.282367 -0.0548777 0.0243757 0.0125
6 0.311214 -0.0541911 0.022665 0.0125
7 0.329202 -0.068282 0.0306723 0.0125
e_1_4 1 4 1 0.0125 0.12058 0.0513997 0.0618782 0.506325 0.783538 0.108888 0.343288 0.278879
e_4_5 4 5 2 0.0125 0.246667 -0.0518456 0.0255869 0.368074 0.6399 0.327761 0.589594 0.071698
e_5_6 5 6 3 0.0125 0.296791 -0.0545342 0.0235206 0.321119 0.634751 0.355916 0.60605 0.028906
e_6_7 6 7 4 0.0125 0.320209 -0.0612362 0.0266684 0.652882 0.55852 0.150647 0.488985 0.024212
e_7_8 7 8 5 0.0125 0.333595 -0.0822196 0.0387133 0.802615 0.507816 -0.03285 0.311212 0.03336
e_8_9 8 9 6 0.0125 0.334412 -0.105514 0.047538 0.734071 0.63755 -0.233594 -0.0101758 0.020094
e_9_10 9 10 7 0.0125 0.323218 -0.122833 0.0503086 0.752758 0.540539 -0.345018 -0.14878 0.022395
e_10_2 10 2 8 0.0125 0.306699 -0.13525 0.0546513 0.738137 0.448795 -0.428343 -0.265064 0.020456
7 6 5
2 0.239789 0.185322 0.0859553 0.0125
7 0.18124 0.136407 0.0687012 0.0125
6 0.125175 0.0874055 0.0940104 0.0125
5 0.106693 0.0683379 0.0927586 0.0125
1 0.012239 -0.20933 0.0304576 0.0125
4 0.020026 -0.0314757 0.0710104 0.0125
e_1_4 1 4 1 0.0125 0.0161325 -0.120402 0.0507341 0.603104 -0.463353 0.417434 0.497311 0.182586
e_4_5 4 5 2 0.0125 0.0633596 0.0184315 0.0818846 0.675762 -0.236774 0.602302 0.352868 0.133965
e_5_6 5 6 3 0.0125 0.115934 0.0778717 0.0933845 0.629971 -0.195222 0.662086 0.355904 0.026585
e_6_7 6 7 4 0.0125 0.153207 0.111906 0.0813558 0.466588 -0.0624172 0.81056 0.348413 0.078645
e_7_2 7 2 5 0.0125 0.210515 0.160865 0.0773277 0.724593 -0.192179 0.593949 0.291986 0.078219
8 6 5
2 -0.0421401 -0.273856 0.045306 0.0125
7 -0.10497 -0.211013 0.0226315 0.0125
6 -0.129852 -0.170483 0.0190017 0.0125
5 -0.123074 -0.130484 0.0163001 0.0125
1 0.0856911 0.0876301 0.100485 0.0125
4 -0.103462 -0.0869484 0.0124838 0.0125
e_1_4 1 4 1 0.0125 -0.0088858 0.000340311 0.0564838 0.281882 0.790286 0.192863 -0.508718 0.272031
e_4_5 4 5 2 0.0125 -0.113268 -0.108716 0.0143918 0.673149 0.678312 -0.00739015 -0.294464 0.047902
e_5_6 5 6 3 0.0125 -0.126463 -0.150484 0.0176507 0.67454 0.665966 0.152548 -0.279668 0.040659
e_6_7 6 7 4 0.0125 -0.117411 -0.190748 0.0208162 0.721698 0.506297 0.453444 -0.131162 0.047697
e_7_2 7 2 5 0.0125 -0.0735551 -0.242434 0.0339689 0.788857 0.413394 0.453304 -0.0364153 0.091712
9 11 10
2 0.0672927 -0.10856 0.0794537 0.0125
12 0.0568767 -0.103797 0.0958495 0.0125
11 0.0452201 -0.0901256 0.10464 0.0125
10 0.0341082 -0.0737404 0.101783 0.0125
9 0.0175999 -0.0691802 0.0914496 0.0125
4 -0.0711586 -0.033884 0.0782729 0.0125
1 -0.387907 -0.00411208 0.0447171 0.0125
8 0.00125011 -0.0609548 0.0833824 0.0125
5 -0.0516879 -0.0374464 0.0814817 0.0125
6 -0.0375943 -0.0516687 0.0810945 0.0125
7 -0.0181527 -0.056243 0.0821581 0.0125
e_1_4 1 4 1 0.0125 -0.229532 -0.0189979 0.061495 0.567395 0.478031 0.468015 0.480116 0.319909
e_4_5 4 5 2 0.0125 -0.0614229 -0.0356644 0.0798775 0.632638 0.451802 0.464617 0.423999 0.020052
e_5_6 5 6 3 0.0125 -0.0446416 -0.0445577 0.0812881 0.546859 0.709884 0.0757143 0.437353 0.020027
e_6_7 6 7 4 0.0125 -0.0278736 -0.0539554 0.081626 0.485047 0.603476 0.330496 0.539738 0.020001
e_7_8 7 8 5 0.0125 -0.00845084 -0.0585985 0.0827707 0.497659 0.596649 0.336763 0.531917 0.020004
e_8_9 8 9 6 0.0125 0.00942451 -0.0650676 0.087416 0.806097 0.368884 0.402808 0.227768 0.020001
e_9_10 9 10 7 0.0125 0.0258536 -0.0714606 0.0966159 0.869356 0.157969 0.465569 0.050115 0.020002
e_10_11 10 11 8 0.0125 0.0396637 -0.0819335 0.103212 0.679338 0.648082 0.0925811 0.331539 0.020003
e_11_12 11 12 9 0.0125 0.0510479 -0.0969614 0.100245 0.291041 0.814703 -0.23665 0.442212 0.020001
e_12_2 12 2 10 0.0125 0.0620842 -0.106179 0.0876516 -0.0791624 0.732176 -0.611404 0.289545 0.02
10 7 6
2 -0.224034 -0.13356 0.012333 0.0125
4 -0.054886 -0.127483 0.0731783 0.0125
1 0.249989 -0.136526 0.11102 0.0125
8 -0.202056 -0.132802 0.0172747 0.0125
5 -0.0890501 -0.116529 0.0565754 0.0125
6 -0.123209 -0.105029 0.0409421 0.0125
7 -0.181781 -0.125163 0.0368886 0.0125
e_1_4 1 4 1 0.0125 0.0975516 -0.132005 0.0920997 0.630621 -0.249533 -0.706608 0.20188 0.307347
e_4_5 4 5 2 0.0125 -0.0719677 -0.122006 0.0648771 0.525547 -0.426139 -0.726912 0.117493 0.039533
e_5_6 5 6 3 0.0125 -0.106129 -0.110779 0.0487585 0.536395 -0.42746 -0.718495 0.115425 0.039287
e_6_7 6 7 4 0.0125 -0.152495 -0.115096 0.0389151 0.621097 -0.0728225 -0.726189 0.28563 0.062068
e_7_8 7 8 5 0.0125 -0.191918 -0.128982 0.0270813 0.33143 -0.229509 -0.884804 0.233672 0.029226
e_8_2 8 2 6 0.0125 -0.213044 -0.133181 0.0148042 0.587451 -0.240402 -0.742862 0.212751 0.02254
11 7 6
2 0.12411 0.21664 0.048608 0.0125
4 0.248555 -0.0766836 0.0541108 0.0125
1 0.300431 -0.227928 0.0784299 0.0125
8 0.140837 0.206098 0.0413226 0.0125
5 0.179646 0.121643 0.0235192 0.0125
6 0.183575 0.164383 0.0282965 0.0125
7 0.159014 0.194498 0.0375311 0.0125
e_1_4 1 4 1 0.0125 0.274493 -0.152306 0.0662704 0.522079 -0.721935 0.232367 0.39019 0.161733
e_4_5 4 5 2 0.0125 0.2141 0.0224799 0.0388147 0.526429 -0.722331 0.224338 0.388307 0.212173
e_5_6 5 6 3 0.0125 0.18161 0.143012 0.0259076 0.645112 -0.544309 0.385249 0.373015 0.043186
e_6_7 6 7 4 0.0125 0.171295 0.17944 0.0329135 0.758 -0.56535 -0.254519 0.202575 0.039942
e_7_8 7 8 5 0.0125 0.149926 0.200297 0.0394266 0.76393 -0.383816 -0.515838 0.054843 0.021894
e_8_2 8 2 6 0.0125 0.132474 0.211369 0.0449656 0.818381 -0.337221 -0.461963 0.055901 0.021072
12 9 8
2 -0.0992753 0.0328555 0.0132728 0.0125
10 -0.0810993 0.0297088 0.0339888 0.0125
9 -0.0658628 0.024988 0.0461432 0.0125
4 0.0521105 -0.248676 0.162229 0.0125
1 0.0754483 -0.315871 0.247125 0.0125
8 -0.0499888 0.0213419 0.0597263 0.0125
5 0.038422 -0.162809 0.151217 0.0125
6 0.0379955 -0.103931 0.134488 0.0125
7 0.0204352 -0.0686802 0.121477 0.0125
e_1_4 1 4 1 0.0125 0.0637794 -0.282274 0.204677 -0.00431072 0.31952 -0.883833 -0.341655 0.110757
e_4_5 4 5 2 0.0125 0.0452666 -0.205742 0.156723 0.660968 -0.743693 -0.0987059 0.0172747 0.087646
e_5_6 5 6 3 0.0125 0.0382087 -0.13337 0.142852 0.598202 -0.79254 0.0924021 0.0741404 0.06121
e_6_7 6 7 4 0.0125 0.0292161 -0.0863054 0.127982 0.54713 -0.548458 -0.596694 -0.209282 0.041476
e_7_8 7 8 5 0.0125 -0.0147765 -0.0236694 0.0906013 0.420623 -0.253577 -0.820587 -0.292252 0.12991
e_8_9 8 9 6 0.0125 -0.0579258 0.0231646 0.0529351 0.364186 0.277854 -0.861995 -0.217097 0.021208
e_9_10 9 10 7 0.0125 -0.073481 0.0273484 0.040066 0.38017 0.214436 -0.870087 -0.228991 0.020054
e_10_2 10 2 8 0.0125 -0.0901872 0.031283 0.0236311 0.28991 0.403903 -0.842781 -0.206241 0.027739
13 11 10
2 0.184206 0.0157 0.11313 0.0125
12 0.16888 0.0280636 0.117585 0.0125
11 0.14969 0.0313491 0.112603 0.0125
10 0.131865 0.0407 0.117002 0.0125
9 0.112779 0.037213 0.123798 0.0125
4 -0.187904 -0.00307022 0.104086 0.0125
1 -0.292017 -0.00615464 0.07789 0.0125
8 0.0924032 0.0366222 0.11883 0.0125
5 -0.0480548 0.00297935 0.111651 0.0125
6 0.0333862 0.0354541 0.101028 0.0125
7 0.072798 0.0366637 0.112509 0.0125
e_1_4 1 4 1 0.0125 -0.239959 -0.00461229 0.0909882 0.450525 -0.514831 0.336149 -0.647287 0.107403
e_4_5 4 5 2 0.0125 -0.117979 -4.61072e-05 0.107868 0.389335 -0.595879 0.343435 -0.612697 0.140184
e_5_6 5 6 3 0.0125 -0.00733425 0.019216 0.106339 0.423804 -0.711884 0.231001 -0.510147 0.088318
e_6_7 6 7 4 0.0125 0.0530921 0.0360589 0.106769 0.463264 -0.499695 0.332436 -0.652056 0.041067
e_7_8 7 8 5 0.0125 0.0826005 0.0366424 0.115669 0.46483 -0.480918 0.339553 -0.661328 0.020599
e_8_9 8 9 6 0.0125 0.102591 0.0369177 0.121314 0.447892 -0.51774 0.336971 -0.646366 0.020981
e_9_10 9 10 7 0.0125 0.122322 0.0389565 0.1204 0.300867 -0.761578 0.292057 -0.494147 0.020558
e_10_11 10 11 8 0.0125 0.140777 0.0360241 0.114802 0.132485 -0.597762 0.499437 -0.612936 0.020604
e_11_12 11 12 9 0.0125 0.159285 0.0297064 0.115094 0.40084 -0.468316 0.395849 -0.680669 0.020097
e_12_2 12 2 10 0.0125 0.176542 0.0218821 0.115358 0.0621048 -0.556219 0.548602 -0.621127 0.020189
14 10 9
2 -0.269751 -0.164145 0.012499 0.0125
11 -0.262062 -0.149868 0.0243528 0.0125
10 -0.256965 -0.133627 0.0352071 0.0125
9 -0.259704 -0.116328 0.0452328 0.0125
4 -0.21764 0.0129107 0.121976 0.0125
1 0.0394894 0.0661944 0.0562833 0.0125
8 -0.255197 -0.107268 0.0627971 0.0125
5 -0.238817 -0.0109283 0.115833 0.0125
6 -0.260492 -0.0727444 0.0942666 0.0125
7 -0.257048 -0.0930922 0.0780464 0.0125
e_1_4 1 4 1 0.0125 -0.0890759 0.0395522 0.0891303 0.774666 0.0113114 -0.615245 0.145733 0.270685
e_4_5 4 5 2 0.0125 -0.228229 0.000991285 0.118905 0.538395 0.214073 -0.740787 0.33991 0.032473
e_5_6 5 6 3 0.0125 -0.249655 -0.0418368 0.10505 0.39748 0.321344 -0.743702 0.430878 0.068965
e_6_7 6 7 4 0.0125 -0.25877 -0.0829177 0.0861569 0.0812478 0.312378 -0.843445 0.429441 0.026248
e_7_8 7 8 5 0.0125 -0.256122 -0.10018 0.0704217 0.0440889 0.23004 -0.901029 0.365083 0.020903
e_8_9 8 9 6 0.0125 -0.25745 -0.111798 0.054015 0.128222 0.0558132 -0.964436 0.224294 0.020271
e_9_10 9 10 7 0.0125 -0.258335 -0.124977 0.0402195 0.14679 0.379354 -0.777485 0.479646 0.020181
e_10_11 10 11 8 0.0125 -0.259514 -0.141747 0.0297805 0.276295 0.265854 -0.835547 0.393503 0.020188
e_11_2 11 2 9 0.0125 -0.265907 -0.157006 0.0184259 0.298114 0.198873 -0.869215 0.340649 0.020086
15 6 5
2 -0.194493 -0.0501812 0.108026 0.0125
7 -0.0566778 -0.0461274 0.144058 0.0125
6 -0.0273027 -0.0541391 0.156752 0.0125
5 0.0670756 -0.0690659 0.135292 0.0125
1 0.253075 -0.0994157 0.0172889 0.0125
4 0.128455 -0.0892783 0.115497 0.0125
e_1_4 1 4 1 0.0125 0.190766 -0.0943468 0.0663929 0.367514 0.383239 -0.210428 -0.820842 0.158989
e_4_5 4 5 2 0.0125 0.097766 -0.0791719 0.125394 0.105703 0.53542 -0.258612 -0.797039 0.067587
e_5_6 5 6 3 0.0125 0.0198864 -0.0616025 0.146022 0.145508 0.588169 -0.210927 -0.767069 0.097931
e_6_7 6 7 4 0.0125 -0.0419905 -0.0501329 0.150405 -0.0745805 0.824933 -0.109004 -0.549582 0.032988
e_7_2 7 2 5 0.0125 -0.125585 -0.0481543 0.126042 0.0853718 0.786622 -0.0874633 -0.605216 0.142505
