15
1 7 6
2 0.174627 0.120815 0.0328663 0.0125
4 -0.190067 -0.130167 0.0115864 0.0125
1 -0.221634 -0.158278 0.0114957 0.0125
8 0.159545 0.104603 0.0272382 0.0125
5 0.00779541 0.0513168 0.0114879 0.0125
6 0.0841525 0.0714483 0.0229023 0.0125
7 0.118425 0.0835625 0.0119669 0.0125
e_1_4 1 4 1 0.0125 -0.205851 -0.144223 0.0115409 0.693593 -0.354899 0.610719 0.141414 0.04227
e_4_5 4 5 2 0.0125 -0.0911362 -0.0394252 0.0115366 0.692783 -0.364539 0.606048 0.140956 0.268488
e_5_6 5 6 3 0.0125 0.0459744 0.0613823 0.0171944 0.744002 -0.0519408 0.652515 0.134115 0.079787
e_6_7 6 7 4 0.0125 0.101289 0.0775056 0.0174341 0.573331 -0.0476392 0.801103 0.165093 0.03796
e_7_8 7 8 5 0.0125 0.138984 0.0940835 0.0196023 0.801465 -0.186068 0.555359 0.12087 0.048649
e_8_2 8 2 6 0.0125 0.167086 0.112709 0.0300522 0.780913 -0.38337 0.479426 0.115556 0.022846
2 11 10
2 -0.275278 0.0966571 0.0224366 0.0125
12 -0.255704 0.0881552 0.0179867 0.0125
11 -0.234939 0.0815723 0.0142438 0.0125
10 -0.215396 0.078159 0.0117033 0.0125
9 -0.19323 0.071399 0.0132682 0.0125
4 0.0357684 0.11744 0.0114915 0.0125
1 0.190971 0.15885 0.045027 0.0125
8 -0.170864 0.0668337 0.017167 0.0125
5 -0.0286495 0.123169 0.0215787 0.0125
6 -0.11646 0.0679851 0.0114675 0.0125
7 -0.150309 0.0623289 0.0178496 0.0125
e_1_4 1 4 1 0.0125 0.11337 0.138145 0.0282596 0.537291 -0.222298 -0.743483 0.330357 0.164095
e_4_5 4 5 2 0.0125 0.00355947 0.120305 0.0165354 0.711313 -0.281302 -0.586357 0.266624 0.065454
e_5_6 5 6 3 0.0125 -0.0725541 0.0955767 0.0165234 0.587199 0.039576 -0.739564 0.326614 0.104203
e_6_7 6 7 4 0.0125 -0.133385 0.065157 0.0146578 0.715582 -0.132933 -0.625227 0.281712 0.034907
e_7_8 7 8 5 0.0125 -0.160587 0.0645813 0.0175083 0.641921 -0.412164 -0.5885 0.267817 0.021054
e_8_9 8 9 6 0.0125 -0.182047 0.069116 0.0152172 0.582387 -0.45958 -0.610709 0.276849 0.023157
e_9_10 9 10 7 0.0125 -0.204312 0.0747794 0.0124861 0.632022 -0.461839 -0.566035 0.258568 0.023226
e_10_11 10 11 8 0.0125 -0.225167 0.0798657 0.0129735 0.704028 -0.332416 -0.570964 0.260469 0.020002
e_11_12 11 12 9 0.0125 -0.245321 0.0848638 0.0161145 0.725884 -0.377993 -0.521966 0.240344 0.022102
e_12_2 12 2 10 0.0125 -0.265491 0.0924062 0.0202116 0.743005 -0.407413 -0.481596 0.223657 0.0218
3 9 8
2 0.177881 -0.346388 0.266658 0.0125
10 0.172637 -0.334191 0.25158 0.0125
9 0.17234 -0.323623 0.234396 0.0125
4 0.104226 -0.25858 0.160189 0.0125
1 -0.00258163 0.0336873 0.0347326 0.0125
8 0.159349 -0.311744 0.224682 0.0125
5 0.115796 -0.27059 0.177626 0.0125
6 0.127793 -0.283103 0.195731 0.0125
7 0.142091 -0.300656 0.22127 0.0125
e_1_4 1 4 1 0.0125 0.0508223 -0.112446 0.0974609 0.754787 0.557902 -0.0422265 0.342432 0.335511
e_4_5 4 5 2 0.0125 0.110011 -0.264585 0.168908 0.850227 0.349222 0.129147 0.372127 0.024128
e_5_6 5 6 3 0.0125 0.121795 -0.276847 0.186679 0.850138 0.349814 0.128433 0.372023 0.025065
e_6_7 6 7 4 0.0125 0.134943 -0.291879 0.2085 0.861255 0.340557 0.0993301 0.36386 0.03413
e_7_8 7 8 5 0.0125 0.15072 -0.3062 0.222976 0.640905 0.588619 0.267389 0.41385 0.020794
e_8_9 8 9 6 0.0125 0.165844 -0.317683 0.229539 0.765737 0.476684 0.176647 0.393974 0.020106
e_9_10 9 10 7 0.0125 0.172488 -0.328907 0.242988 0.913075 0.260715 -0.0786004 0.303551 0.020176
e_10_2 10 2 8 0.0125 0.175259 -0.34029 0.259119 0.870754 0.353001 0.0111927 0.342129 0.02009
4 8 7
2 -0.111062 -0.216045 0.0286387 0.0125
9 -0.0911287 -0.217854 0.0290582 0.0125
4 -0.0402545 -0.10271 0.0247973 0.0125
1 -0.016804 0.235573 0.0561639 0.0125
8 -0.0747636 -0.207602 0.0342951 0.0125
5 -0.0382433 -0.161391 0.0265039 0.0125
6 -0.0480746 -0.178856 0.0297094 0.0125
7 -0.0582378 -0.196018 0.0322917 0.0125
e_1_4 1 4 1 0.0125 -0.0285293 0.0664319 0.0404805 0.181436 0.149301 -0.723716 0.648865 0.340542
e_4_5 4 5 2 0.0125 -0.039249 -0.13205 0.0256505 0.174571 0.19262 -0.669608 0.695736 0.05874
e_5_6 5 6 3 0.0125 -0.0431592 -0.170123 0.0281059 0.731677 0.45635 -0.461272 0.208857 0.020297
e_6_7 6 7 4 0.0125 -0.0531563 -0.187437 0.0310004 0.716079 0.439947 -0.492187 0.226779 0.020112
e_7_8 7 8 5 0.0125 -0.066501 -0.20181 0.0332938 0.738142 0.333697 -0.582448 0.0674311 0.02028
e_8_9 8 9 6 0.0125 -0.0829467 -0.212727 0.0316763 0.577164 0.19038 -0.771131 0.189721 0.020008
e_9_2 9 2 7 0.0125 -0.101095 -0.21695 0.0288478 0.678693 0.110309 -0.705909 -0.17 0.02002
5 9 8
2 -0.0473817 0.187726 0.0241792 0.0125
10 -0.0345827 0.203289 0.0203783 0.0125
9 -0.0215034 0.219386 0.0164511 0.0125
4 0.137638 0.280823 0.0239599 0.0125
1 0.388271 0.233344 0.0981433 0.0125
8 -0.0112173 0.237536 0.0121227 0.0125
5 0.102445 0.288007 0.0129896 0.0125
6 0.0494782 0.282483 0.0282288 0.0125
7 0.011413 0.261207 0.0232208 0.0125
e_1_4 1 4 1 0.0125 0.262954 0.257083 0.0610517 0.569176 0.108659 -0.792348 -0.190833 0.265658
e_4_5 4 5 2 0.0125 0.120042 0.284415 0.0184748 0.552891 0.141402 -0.791236 -0.219686 0.037558
e_5_6 5 6 3 0.0125 0.0759613 0.285246 0.0206092 0.691382 -0.245469 -0.549719 0.399431 0.055391
e_6_7 6 7 4 0.0125 0.0304451 0.271845 0.0257242 0.659349 0.272028 -0.695014 0.0906403 0.043895
e_7_8 7 8 5 0.0125 9.75654e-05 0.249371 0.0176716 0.580241 0.533598 -0.612986 0.0533051 0.034578
e_8_9 8 9 6 0.0125 -0.0163599 0.228461 0.014287 0.684744 0.338658 -0.532672 0.364276 0.021306
e_9_10 9 10 7 0.0125 -0.0280431 0.211337 0.0184143 0.696619 0.276415 -0.574957 0.328238 0.021109
e_10_2 10 2 8 0.0125 -0.0409822 0.195507 0.0222787 0.696968 0.274077 -0.576377 0.326965 0.020506
6 8 7
2 -0.115142 0.254056 0.0927194 0.0125
9 -0.116968 0.241688 0.0770515 0.0125
4 -0.124753 0.0610348 0.0373167 0.0125
1 -0.148015 -0.224973 0.0360271 0.0125
8 -0.120606 0.228127 0.0627568 0.0125
5 -0.116639 0.173315 0.0378401 0.0125
6 -0.118209 0.191174 0.0468223 0.0125
7 -0.120034 0.209439 0.0549755 0.0125
e_1_4 1 4 1 0.0125 -0.136384 -0.0819689 0.0366721 0.628601 -0.650137 -0.274 -0.327272 0.286956
e_4_5 4 5 2 0.0125 -0.120696 0.117175 0.0375782 0.628007 -0.647036 -0.281104 -0.328531 0.112574
e_5_6 5 6 3 0.0125 -0.117424 0.182245 0.0423318 0.837029 -0.506578 -0.139281 -0.152845 0.020052
e_6_7 6 7 4 0.0125 -0.119121 0.200306 0.0508993 0.820277 -0.519362 -0.165234 -0.173513 0.020084
e_7_8 7 8 5 0.0125 -0.12032 0.218782 0.0588662 0.813944 -0.539097 -0.131347 -0.172097 0.020252
e_8_9 8 9 6 0.0125 -0.118787 0.234907 0.0699039 0.924473 -0.360392 0.115855 0.0452196 0.020036
e_9_2 9 2 7 0.0125 -0.116055 0.247872 0.0848853 0.942588 -0.323949 0.0649975 0.0485815 0.020045
7 8 7
2 -0.19271 -0.119723 0.033843 0.0125
9 -0.19567 -0.099453 0.0353715 0.0125
4 -0.140102 0.00396338 0.0620451 0.0125
1 0.173761 0.152528 0.0665166 0.0125
8 -0.194673 -0.0803964 0.0414051 0.0125
5 -0.156818 -0.00727582 0.0470595 0.0125
6 -0.173686 -0.0400938 0.0314787 0.0125
7 -0.181376 -0.0622435 0.0366596 0.0125
e_1_4 1 4 1 0.0125 0.0168295 0.0782455 0.0642803 0.701509 0.338847 -0.625797 -0.0380396 0.347277
e_4_5 4 5 2 0.0125 -0.14846 -0.00165589 0.0545522 0.447769 0.55117 -0.703313 -0.0326335 0.025105
e_5_6 5 6 3 0.0125 -0.165252 -0.0236848 0.0392693 0.545828 0.67196 -0.492918 0.0870294 0.040054
e_6_7 6 7 4 0.0125 -0.177531 -0.0511682 0.0340697 0.767001 0.545072 -0.30824 0.139978 0.024011
e_7_8 7 8 5 0.0125 -0.188024 -0.0713195 0.0390329 0.772646 0.467874 -0.42181 0.078674 0.022997
e_8_9 8 9 6 0.0125 -0.195172 -0.089925 0.0383886 0.561909 0.752868 -0.289679 0.183122 0.020014
e_9_2 9 2 7 0.0125 -0.19419 -0.109588 0.0346072 0.639668 0.718006 -0.147267 0.23153 0.020541
8 8 7
2 -0.0688664 0.261828 0.0137773 0.0125
9 -0.0691267 0.238475 0.0322507 0.0125
4 -0.230631 -0.158299 0.0580065 0.0125
1 -0.239798 -0.189641 0.0533606 0.0125
8 -0.0684192 0.215436 0.0414343 0.0125
5 -0.219263 -0.137462 0.0651842 0.0125
6 -0.15863 0.0319039 0.0672406 0.0125
7 -0.126029 0.0754574 0.065669 0.0125
e_1_4 1 4 1 0.0125 -0.235215 -0.173969 0.0556837 0.754383 -0.63721 0.15344 -0.0364101 0.032984
e_4_5 4 5 2 0.0125 -0.224948 -0.147881 0.0615954 0.801772 -0.537926 0.256726 -0.0434649 0.024797
e_5_6 5 6 3 0.0125 -0.188947 -0.0527788 0.0662125 0.710845 -0.668437 0.217887 -0.0203929 0.179904
e_6_7 6 7 4 0.0125 -0.142329 0.0536805 0.0664547 0.696787 -0.57857 0.423902 -0.00714953 0.054427
e_7_8 7 8 5 0.0125 -0.0972232 0.145447 0.0535521 0.648808 -0.7039 0.289089 -0.000478793 0.153297
e_8_9 8 9 6 0.0125 -0.068773 0.226955 0.036842 0.561166 -0.826943 -0.0348885 -0.00641571 0.024813
e_9_2 9 2 7 0.0125 -0.0689971 0.250152 0.0230136 0.43462 -0.897165 0.0726757 0.0303254 0.029778
9 9 8
2 0.0331804 -0.0722593 0.207514 0.0125
10 0.0253372 -0.0643492 0.187807 0.0125
9 0.0277655 -0.0633602 0.167411 0.0125
4 0.174255 -0.0402866 0.0114956 0.0125
1 0.372441 0.0470906 0.0630002 0.0125
8 0.0282965 -0.0578289 0.141461 0.0125
5 0.150165 -0.0499964 0.0133892 0.0125
6 0.0593529 -0.0707106 0.0929078 0.0125
7 0.044279 -0.0639181 0.11888 0.0125
e_1_4 1 4 1 0.0125 0.273348 0.0034021 0.0372472 0.610895 0.189716 -0.761368 0.105521 0.222632
e_4_5 4 5 2 0.0125 0.16221 -0.0451411 0.012442 0.732352 0.258951 -0.629745 -0.00511119 0.026042
e_5_6 5 6 3 0.0125 0.104759 -0.0603531 0.0531481 0.906306 0.118575 -0.401619 -0.0570189 0.122471
e_6_7 6 7 4 0.0125 0.0518157 -0.0673145 0.105894 0.960069 -0.112915 -0.255857 -0.00740031 0.030788
e_7_8 7 8 5 0.0125 0.0362877 -0.0608735 0.13017 0.947835 -0.117624 -0.295957 0.0135327 0.028327
e_8_9 8 9 6 0.0125 0.0280313 -0.0605948 0.154435 0.967412 0.104292 0.0144921 -0.230278 0.026538
e_9_10 9 10 7 0.0125 0.0265517 -0.063855 0.177609 0.983553 0.0337389 -0.0542265 -0.168949 0.020565
e_10_2 10 2 8 0.0125 0.0292592 -0.0683041 0.197661 0.91517 0.113063 0.227919 -0.312622 0.022636
10 8 7
2 0.361716 0.260345 0.0131459 0.0125
9 0.349221 0.262524 0.0286947 0.0125
4 0.125579 0.125747 0.115038 0.0125
1 0.143091 -0.0463767 0.181514 0.0125
8 0.330212 0.257545 0.0329667 0.0125
5 0.129732 0.152617 0.0980195 0.0125
6 0.17181 0.19728 0.0650026 0.0125
7 0.303806 0.249393 0.0411561 0.0125
e_1_4 1 4 1 0.0125 0.134335 0.0396852 0.148276 0.561951 -0.803431 -0.18393 -0.0698481 0.185344
e_4_5 4 5 2 0.0125 0.127656 0.139182 0.106529 0.461895 -0.864551 -0.133509 -0.146215 0.032076
e_5_6 5 6 3 0.0125 0.15077 0.174949 0.0815113 0.377847 -0.858369 0.0111169 -0.346859 0.06968
e_6_7 6 7 4 0.0125 0.237808 0.223336 0.0530797 0.359336 -0.746038 0.162116 -0.536678 0.143901
e_7_8 7 8 5 0.0125 0.317009 0.253469 0.037062 0.284509 -0.785925 0.156181 -0.526292 0.028823
e_8_9 8 9 6 0.0125 0.339716 0.260034 0.0308305 0.294462 -0.757703 0.179181 -0.554142 0.020109
e_9_2 9 2 7 0.0125 0.355469 0.261434 0.0209203 -0.0450538 -0.941362 0.0357952 -0.332455 0.020066
11 7 6
2 0.137125 0.0990779 0.101761 0.0125
4 -0.132825 0.163362 0.0683155 0.0125
1 -0.282739 0.0337561 0.029391 0.0125
8 0.121206 0.107812 0.0918137 0.0125
5 -0.0129029 0.179261 0.0843305 0.0125
6 0.0075259 0.179807 0.0831508 0.0125
7 0.102989 0.119737 0.0904278 0.0125
e_1_4 1 4 1 0.0125 -0.207782 0.0985591 0.048853 0.769593 -0.453901 0.44453 -0.0639871 0.201957
e_4_5 4 5 2 0.0125 -0.0728642 0.171312 0.0763224 0.736983 -0.21513 0.622975 -0.149924 0.122027
e_5_6 5 6 3 0.0125 -0.00268889 0.179535 0.0837406 0.667041 -0.19045 0.701805 -0.162031 0.020471
e_6_7 6 7 4 0.0125 0.0552578 0.149772 0.0867891 0.688819 0.1533 0.666565 -0.240249 0.113025
e_7_8 7 8 5 0.0125 0.112097 0.113775 0.0911207 0.687842 0.163386 0.664483 -0.24216 0.021816
e_8_2 8 2 6 0.0125 0.129165 0.103445 0.0967875 0.832144 0.123649 0.494473 -0.218501 0.020705
12 11 10
2 0.037803 -0.0241152 0.159413 0.0125
12 0.0179457 -0.0224151 0.162047 0.0125
11 0.00379125 -0.00821526 0.162742 0.0125
10 -0.00589876 0.00731067 0.15432 0.0125
9 -0.0164993 0.0233523 0.148623 0.0125
4 -0.180491 0.00154154 0.0885723 0.0125
1 -0.388338 -0.0593503 0.0549858 0.0125
8 -0.0286873 0.0368394 0.14023 0.0125
5 -0.0865342 0.0477083 0.144335 0.0125
6 -0.0665514 0.0444995 0.150015 0.0125
7 -0.0489166 0.0410377 0.140933 0.0125
e_1_4 1 4 1 0.0125 -0.284415 -0.0289039 0.0717783 0.756315 -0.12639 0.638283 0.0678761 0.219171
e_4_5 4 5 2 0.0125 -0.133513 0.0246249 0.116454 0.851517 -0.171595 0.485271 0.0999326 0.118612
e_5_6 5 6 3 0.0125 -0.0765427 0.0461034 0.147175 0.796723 0.0822352 0.598451 -0.0180823 0.02102
e_6_7 6 7 4 0.0125 -0.0577344 0.0427685 0.145474 0.521746 0.0874872 0.847269 -0.0475583 0.020136
e_7_8 7 8 5 0.0125 -0.0388016 0.0389386 0.140581 0.693868 0.105965 0.711171 -0.0394236 0.020672
e_8_9 8 9 6 0.0125 -0.0225929 0.0300959 0.144427 0.83371 0.344024 0.414793 -0.120504 0.020022
e_9_10 9 10 7 0.0125 -0.0111986 0.015331 0.151472 0.785491 0.424198 0.421938 -0.158206 0.020054
e_10_11 10 11 8 0.0125 -0.00105333 -0.000452732 0.158531 0.829749 0.402321 0.359321 -0.143328 0.020147
e_11_12 11 12 9 0.0125 0.0108688 -0.0153147 0.162395 0.677187 0.383035 0.608762 -0.155277 0.020061
e_12_2 12 2 10 0.0125 0.0278743 -0.0232647 0.16073 0.658928 0.0449305 0.750673 -0.0168858 0.020104
13 7 6
2 0.279673 0.111054 0.0572595 0.0125
4 -0.132753 0.0833155 0.144767 0.0125
1 -0.20097 0.0778364 0.131338 0.0125
8 0.221354 0.105661 0.0469131 0.0125
5 0.0193914 0.0835106 0.109096 0.0125
6 0.0807215 0.0854231 0.0864294 0.0125
7 0.154296 0.0869785 0.0595196 0.0125
e_1_4 1 4 1 0.0125 -0.166861 0.0805764 0.138052 0.550699 -0.480257 0.416024 -0.541302 0.069742
e_4_5 4 5 2 0.0125 -0.0566809 0.0834129 0.126932 -0.223308 -0.730916 -0.282655 -0.579656 0.15627
e_5_6 5 6 3 0.0125 0.0500559 0.0844665 0.0977628 -0.190767 -0.76457 -0.297808 -0.538843 0.065412
e_6_7 6 7 4 0.0125 0.117509 0.0862006 0.0729751 -0.20234 -0.760484 -0.305579 -0.536044 0.078357
e_7_8 7 8 5 0.0125 0.187825 0.0963201 0.0532167 0.189448 -0.767221 0.0217263 -0.61238 0.070744
e_8_2 8 2 6 0.0125 0.250513 0.108357 0.0520861 0.504304 -0.520699 0.376683 -0.576767 0.059475
14 9 8
2 -0.0845163 0.189646 0.150312 0.0125
10 -0.0566161 0.190719 0.139518 0.0125
9 -0.0424344 0.178333 0.129399 0.0125
4 -0.0742169 -0.11595 0.0615668 0.0125
1 -0.188078 -0.15156 0.0613182 0.0125
8 -0.0245175 0.154428 0.112695 0.0125
5 -0.0467068 -0.068422 0.0711027 0.0125
6 -0.0058902 0.0941215 0.0919658 0.0125
7 -0.00551751 0.129771 0.107883 0.0125
e_1_4 1 4 1 0.0125 -0.131147 -0.133755 0.0614429 0.705649 -0.157152 0.688667 0.0556873 0.1193
e_4_5 4 5 2 0.0125 -0.0604619 -0.092186 0.0663347 0.765155 -0.560974 0.315853 -0.0090944 0.055737
e_5_6 5 6 3 0.0125 -0.0262984 0.0128498 0.0815338 0.748851 -0.648253 0.134176 -0.0314168 0.168883
e_6_7 6 7 4 0.0125 -0.00570376 0.111946 0.0999239 0.83842 -0.54403 -0.0137297 -0.029923 0.039044
e_7_8 7 8 5 0.0125 -0.0150174 0.1421 0.110289 0.757002 -0.483858 -0.435312 -0.0577366 0.031498
e_8_9 8 9 6 0.0125 -0.033476 0.166381 0.121047 0.861747 -0.391304 -0.320737 -0.0374375 0.034227
e_9_10 9 10 7 0.0125 -0.0495258 0.184527 0.134459 0.857533 -0.320706 -0.400546 -0.0367124 0.021376
e_10_2 10 2 8 0.0125 -0.0705656 0.190183 0.144915 0.824643 0.0326415 -0.564486 -0.0159145 0.029935
15 9 8
2 -0.235357 0.203249 0.0116209 0.0125
10 -0.231272 0.186206 0.0213528 0.0125
9 -0.224093 0.170591 0.0315983 0.0125
4 0.118067 0.0786387 0.166098 0.0125
1 0.174581 0.0481488 0.159108 0.0125
8 -0.213389 0.158022 0.0429565 0.0125
5 -0.170958 0.134931 0.0899607 0.0125
6 -0.195026 0.135413 0.0702014 0.0125
7 -0.205225 0.145403 0.0561831 0.0125
e_1_4 1 4 1 0.0125 0.146324 0.063394 0.162604 0.666838 -0.545203 -0.385539 0.330818 0.064593
e_4_5 4 5 2 0.0125 -0.0264452 0.106785 0.128029 0.49074 -0.585201 -0.531704 0.366068 0.304141
e_5_6 5 6 3 0.0125 -0.182992 0.135172 0.0800815 0.288061 -0.680055 -0.595612 0.3159 0.031144
e_6_7 6 7 4 0.0125 -0.200126 0.140407 0.0631925 0.361348 -0.83807 -0.384649 0.138247 0.020008
e_7_8 7 8 5 0.0125 -0.209307 0.151713 0.0495698 0.401427 -0.856542 -0.310911 0.0923414 0.020021
e_8_9 8 9 6 0.0125 -0.218742 0.164306 0.0372774 0.443426 -0.816309 -0.342111 0.141326 0.02004
e_9_10 9 10 7 0.0125 -0.227683 0.178399 0.0264751 0.488181 -0.836066 -0.238804 0.0751422 0.020008
e_10_2 10 2 8 0.0125 -0.233315 0.194727 0.0164866 0.506694 -0.846316 -0.162735 0.0229639 0.020046
