15
1 7 6
2 0.0578664 -0.0933643 0.066516 0.0125
4 -0.246676 0.2191 0.0923589 0.0125
1 -0.259623 0.239541 0.104206 0.0125
8 0.0267722 -0.0870734 0.0479687 0.0125
5 -0.177654 0.138013 0.0587185 0.0125
6 -0.0274165 -0.0624594 0.0153705 0.0125
7 -0.00538108 -0.0754482 0.0195128 0.0125
e_1_4 1 4 1 0.0125 -0.253149 0.22932 0.0982818 0.244894 0.734118 -0.42537 0.469211 0.026941
e_4_5 4 5 2 0.0125 -0.212165 0.178556 0.0755387 0.223818 0.716479 -0.370508 0.547071 0.111673
e_5_6 5 6 3 0.0125 -0.102535 0.0377759 0.0370443 0.294313 0.687837 -0.334856 0.572827 0.254243
e_6_7 6 7 4 0.0125 -0.0163984 -0.0689538 0.0174414 0.179429 0.62018 -0.188288 0.740087 0.025911
e_7_8 7 8 5 0.0125 0.0106956 -0.0812608 0.0337407 0.357208 0.423707 0.024852 0.83202 0.044483
e_8_2 8 2 6 0.0125 0.0423191 -0.0902192 0.0572419 0.136919 0.497211 -0.0204553 0.856514 0.036749
2 11 10
2 0.16631 -0.0128916 0.0151907 0.0125
12 0.14898 -0.0244148 0.0121742 0.0125
11 0.132666 -0.036601 0.0199121 0.0125
10 0.111998 -0.0540209 0.0249777 0.0125
9 0.084766 -0.0740534 0.0260225 0.0125
4 -0.170568 -0.16951 0.0205525 0.0125
1 -0.262794 -0.232049 0.0441996 0.0125
8 0.0518377 -0.0837182 0.0217758 0.0125
5 -0.145372 -0.137333 0.0122565 0.0125
6 -0.0283698 -0.104252 0.011745 0.0125
7 0.0215591 -0.0954189 0.0142845 0.0125
e_1_4 1 4 1 0.0125 -0.216681 -0.200779 0.0323758 0.558413 -0.0900944 0.771802 0.290483 0.113912
e_4_5 4 5 2 0.0125 -0.15797 -0.153422 0.0164044 0.55294 -0.300373 0.713615 0.307876 0.041701
e_5_6 5 6 3 0.0125 -0.0868709 -0.120793 0.0120008 0.662496 0.0537053 0.706555 0.242889 0.121589
e_6_7 6 7 4 0.0125 -0.0034058 -0.0998356 0.0130149 0.68822 0.0982253 0.68216 0.226634 0.050769
e_7_8 7 8 5 0.0125 0.0366977 -0.0895683 0.0180299 0.747657 -0.0428451 0.621066 0.231194 0.033314
e_8_9 8 9 6 0.0125 0.0683017 -0.0788855 0.0238988 0.711901 0.0209666 0.661935 0.233665 0.03458
e_9_10 9 10 7 0.0125 0.0983822 -0.0640367 0.0255004 0.637945 -0.158466 0.700239 0.278533 0.033823
e_10_11 10 11 8 0.0125 0.122332 -0.0453112 0.0224445 0.565415 -0.165439 0.75149 0.296984 0.0275
e_11_12 11 12 9 0.0125 0.140823 -0.0305079 0.0160432 0.480582 -0.0657511 0.820536 0.302389 0.021784
e_12_2 12 2 10 0.0125 0.157645 -0.0186532 0.0136824 0.711378 -0.156214 0.635515 0.256242 0.021029
3 11 10
2 0.247773 0.073119 0.0212676 0.0125
12 0.239155 0.0553809 0.0179291 0.0125
11 0.230316 0.0374336 0.0176163 0.0125
10 0.221193 0.0196486 0.0168199 0.0125
9 0.207819 0.00564898 0.021842 0.0125
4 0.0697942 -0.135592 0.0177202 0.0125
1 -0.140844 -0.131951 0.0390372 0.0125
8 0.193655 -0.007602 0.0267321 0.0125
5 0.17313 -0.0642317 0.0125834 0.0125
6 0.183248 -0.0447462 0.0167322 0.0125
7 0.185901 -0.0254269 0.0219938 0.0125
e_1_4 1 4 1 0.0125 -0.0355245 -0.133772 0.0283792 0.546099 -0.420015 0.61149 -0.389157 0.211746
e_4_5 4 5 2 0.0125 0.121462 -0.0999117 0.0151518 0.637432 -0.609325 0.386214 -0.270631 0.125685
e_5_6 5 6 3 0.0125 0.178189 -0.0544885 0.014658 0.756 -0.611775 0.18133 -0.145997 0.022344
e_6_7 6 7 4 0.0125 0.184574 -0.0350868 0.0193634 0.791665 -0.606921 0.0376024 -0.0591595 0.020198
e_7_8 7 8 5 0.0125 0.189778 -0.0165142 0.0243624 0.776107 -0.598758 0.151911 -0.126768 0.020008
e_8_9 8 9 6 0.0125 0.200738 -0.00097621 0.0242866 0.564957 -0.722221 0.317225 -0.242052 0.020003
e_9_10 9 10 7 0.0125 0.214506 0.0126485 0.0193302 0.567574 -0.734646 0.29298 -0.228732 0.020002
e_10_11 10 11 8 0.0125 0.225754 0.0285415 0.0172183 0.704926 -0.66923 0.179511 -0.151612 0.020004
e_11_12 11 12 9 0.0125 0.234735 0.0464079 0.0177725 0.696984 -0.680122 0.172098 -0.148428 0.020008
e_12_2 12 2 10 0.0125 0.243464 0.0642504 0.0195986 0.750793 -0.622503 0.170371 -0.140619 0.020002
4 10 9
2 0.402929 0.264561 0.211836 0.0125
11 0.378897 0.261151 0.209513 0.0125
10 0.360538 0.261486 0.201229 0.0125
9 0.340737 0.261687 0.192182 0.0125
4 0.193513 0.121034 0.0600192 0.0125
1 0.0749114 0.00453718 0.0114977 0.0125
8 0.315292 0.253042 0.176398 0.0125
5 0.272452 0.163697 0.122982 0.0125
6 0.287906 0.231509 0.154795 0.0125
7 0.297119 0.244319 0.170473 0.0125
e_1_4 1 4 1 0.0125 0.134212 0.0627854 0.035758 0.398675 0.161584 0.577756 0.693647 0.173182
e_4_5 4 5 2 0.0125 0.232982 0.142365 0.0915012 0.509125 0.206502 0.412505 0.726628 0.109617
e_5_6 5 6 3 0.0125 0.280179 0.197603 0.138889 0.291897 -0.070169 0.535818 0.789159 0.076482
e_6_7 6 7 4 0.0125 0.292512 0.237914 0.162634 0.445962 0.0457723 0.381414 0.808422 0.022243
e_7_8 7 8 5 0.0125 0.306205 0.24868 0.173436 0.475584 0.280517 0.529445 0.644063 0.021011
e_8_9 8 9 6 0.0125 0.328015 0.257364 0.18429 0.533224 0.272925 0.415074 0.684761 0.031166
e_9_10 9 10 7 0.0125 0.350638 0.261587 0.196705 0.586565 0.391319 0.372965 0.603082 0.021771
e_10_11 10 11 8 0.0125 0.369717 0.261318 0.20537 0.587553 0.394625 0.372373 0.600326 0.020144
e_11_2 11 2 9 0.0125 0.390913 0.262856 0.210674 0.511288 0.416134 0.52838 0.535006 0.024384
5 8 7
2 -0.0549237 -0.306746 0.222668 0.0125
9 -0.0369205 -0.296785 0.214605 0.0125
4 0.0159319 0.0914617 0.0151372 0.0125
1 0.0230506 0.123808 0.0114871 0.0125
8 -0.0293635 -0.283918 0.198001 0.0125
5 -0.0193997 -0.218506 0.162252 0.0125
6 -0.0215845 -0.239232 0.172742 0.0125
7 -0.0240333 -0.271344 0.183193 0.0125
e_1_4 1 4 1 0.0125 0.0194918 0.107635 0.0133125 -0.740255 -0.663528 0.0703786 0.0824637 0.033321
e_4_5 4 5 2 0.0125 -0.00173337 -0.0635222 0.0886947 -0.842134 -0.535099 0.0202945 0.0637754 0.344922
e_5_6 5 6 3 0.0125 -0.0204916 -0.228869 0.167497 -0.84906 -0.524338 0.0166305 0.0623727 0.023331
e_6_7 6 7 4 0.0125 -0.0228095 -0.255288 0.177967 -0.807092 -0.587902 0.00528171 0.0542696 0.033859
e_7_8 7 8 5 0.0125 -0.0266988 -0.277631 0.190597 -0.925031 -0.34939 0.101873 0.108927 0.020145
e_8_9 8 9 6 0.0125 -0.033142 -0.290352 0.206304 -0.925123 -0.330363 0.137732 0.126636 0.022323
e_9_2 9 2 7 0.0125 -0.0459216 -0.301765 0.218636 -0.789392 -0.406049 0.390751 0.24351 0.022099
6 11 10
2 0.177572 0.0459082 0.0243234 0.0125
12 0.161004 0.0364577 0.0182911 0.0125
11 0.144206 0.0278471 0.011616 0.0125
10 0.130409 0.0137435 0.0149584 0.0125
9 0.116506 -0.000395658 0.0184354 0.0125
4 -0.018775 0.0517999 0.0661988 0.0125
1 -0.222571 0.171192 0.0207189 0.0125
8 0.101986 -0.0088959 0.0318413 0.0125
5 0.0459928 0.00846692 0.0739772 0.0125
6 0.0703705 -0.0138673 0.0619039 0.0125
7 0.0883157 -0.0135621 0.0470669 0.0125
e_1_4 1 4 1 0.0125 -0.120673 0.111496 0.0434582 0.617309 -0.0715265 0.632729 -0.462026 0.240532
e_4_5 4 5 2 0.0125 0.0136092 0.0301333 0.0700876 0.535651 -0.116011 0.660966 -0.512584 0.078314
e_5_6 5 6 3 0.0125 0.0581812 -0.00270028 0.0679403 0.163854 -0.420711 0.703215 -0.54922 0.035197
e_6_7 6 7 4 0.0125 0.0793428 -0.0137146 0.0544858 0.320961 -0.606333 0.671512 -0.280029 0.023286
e_7_8 7 8 5 0.0125 0.0951512 -0.0112288 0.0394548 0.327116 -0.677676 0.6352 -0.173988 0.020988
e_8_9 8 9 6 0.0125 0.109247 -0.00464638 0.0251381 0.416872 -0.653775 0.619805 -0.120983 0.021513
e_9_10 9 10 7 0.0125 0.123457 0.0066739 0.0166969 0.64301 -0.534757 0.548083 0.013343 0.020132
e_10_11 10 11 8 0.0125 0.137307 0.0207948 0.0132874 0.645183 -0.53335 0.546851 0.0151743 0.020011
e_11_12 11 12 9 0.0125 0.152605 0.0321526 0.0149542 0.816158 -0.278486 0.505712 -0.0242383 0.020022
e_12_2 12 2 10 0.0125 0.169288 0.0411835 0.0213074 0.806554 -0.302184 0.507874 -0.0148114 0.020004
7 11 10
2 -0.247359 -0.0926916 0.0254983 0.0125
12 -0.238827 -0.0762141 0.0180347 0.0125
11 -0.226015 -0.0618439 0.0126184 0.0125
10 -0.210598 -0.0491046 0.0125101 0.0125
9 -0.191056 -0.0447504 0.0128435 0.0125
4 0.108903 -0.153734 0.194912 0.0125
1 0.124613 -0.164147 0.20473 0.0125
8 -0.175945 -0.0325163 0.0177817 0.0125
5 -0.106335 -0.0105233 0.0588033 0.0125
6 -0.14564 -0.019235 0.0369008 0.0125
7 -0.16493 -0.0245948 0.0327811 0.0125
e_1_4 1 4 1 0.0125 0.116758 -0.158941 0.199821 -0.0240379 0.733789 -0.438809 -0.518095 0.021252
e_4_5 4 5 2 0.0125 0.0012839 -0.0821287 0.126858 -0.0314485 0.740295 -0.429991 -0.515832 0.292168
e_5_6 5 6 3 0.0125 -0.125988 -0.0148794 0.0478523 0.468526 0.50534 -0.695398 -0.203804 0.045831
e_6_7 6 7 4 0.0125 -0.155286 -0.0219152 0.0348412 0.62963 0.269255 -0.726826 -0.0528431 0.020441
e_7_8 7 8 5 0.0125 -0.170438 -0.0285564 0.0252813 0.337567 0.771894 -0.524393 -0.123452 0.020225
e_8_9 8 9 6 0.0125 -0.183501 -0.0386331 0.015313 0.612059 0.447292 -0.650398 0.0479242 0.020059
e_9_10 9 10 7 0.0125 -0.200827 -0.0469272 0.0126772 0.699354 0.104288 -0.705303 0.0507418 0.020024
e_10_11 10 11 8 0.0125 -0.218306 -0.0554737 0.0125644 0.690099 0.312446 -0.632194 0.162699 0.02
e_11_12 11 12 9 0.0125 -0.23242 -0.069029 0.0153264 0.729931 0.251244 -0.549059 0.32033 0.02
e_12_2 12 2 10 0.0125 -0.243093 -0.0844531 0.0217667 0.717933 0.302197 -0.471259 0.41372 0.02
8 7 6
2 0.0967206 0.210769 0.089418 0.0125
4 -0.111309 0.123837 0.0229574 0.0125
1 -0.208893 0.288502 0.138397 0.0125
8 0.0870138 0.191027 0.0617735 0.0125
5 -0.0453303 0.101262 0.0116611 0.0125
6 -0.00500091 0.112647 0.0263375 0.0125
7 0.0217996 0.13217 0.0369813 0.0125
e_1_4 1 4 1 0.0125 -0.160101 0.20617 0.0806769 0.466815 0.850633 0.186138 0.154464 0.223524
e_4_5 4 5 2 0.0125 -0.07832 0.11255 0.0173087 0.543951 -0.184829 0.738776 -0.352371 0.070643
e_5_6 5 6 3 0.0125 -0.0251662 0.106955 0.0189994 0.778628 -0.315878 0.484722 -0.242908 0.044401
e_6_7 6 7 4 0.0125 0.00839915 0.122409 0.0316597 0.777279 -0.463775 0.363431 -0.220606 0.034824
e_7_8 7 8 5 0.0125 0.0544065 0.161599 0.0493777 0.768325 -0.509425 0.323546 -0.213262 0.091278
e_8_2 8 2 6 0.0125 0.0918665 0.200898 0.0755963 0.942406 -0.304024 0.127781 -0.0557818 0.03533
9 11 10
2 -0.197548 -0.0816645 0.0127509 0.0125
12 -0.180533 -0.0706696 0.014482 0.0125
11 -0.172437 -0.0568142 0.026507 0.0125
10 -0.176152 -0.0480852 0.0441731 0.0125
9 -0.174195 -0.0320714 0.0559994 0.0125
4 -0.0851575 0.00646948 0.123541 0.0125
1 0.180904 -0.0648431 0.03744 0.0125
8 -0.159547 -0.0224979 0.067468 0.0125
5 -0.112659 0.0166018 0.113555 0.0125
6 -0.135813 0.00656232 0.0977895 0.0125
7 -0.149149 -0.0145345 0.0829709 0.0125
e_1_4 1 4 1 0.0125 0.0478729 -0.0291868 0.0804906 0.783666 -0.282064 -0.520835 0.187184 0.288597
e_4_5 4 5 2 0.0125 -0.0989085 0.0115361 0.118548 0.526369 -0.579832 -0.570137 0.248344 0.030963
e_5_6 5 6 3 0.0125 -0.124236 0.0115824 0.105671 0.466298 0.114667 -0.867038 0.1329 0.029756
e_6_7 6 7 4 0.0125 -0.142481 -0.00398625 0.0903798 0.480195 0.82469 -0.274145 -0.118929 0.029026
e_7_8 7 8 5 0.0125 -0.154348 -0.0185162 0.0752194 0.343265 0.537868 -0.769832 0.015024 0.020295
e_8_9 8 9 6 0.0125 -0.166871 -0.027284 0.061734 0.471469 0.383762 -0.791702 0.0604331 0.020923
e_9_10 9 10 7 0.0125 -0.175174 -0.0400783 0.0500864 0.396372 0.82827 0.331021 -0.21745 0.020004
e_10_11 10 11 8 0.0125 -0.174294 -0.0524499 0.0353396 0.149807 0.248391 0.937449 -0.192483 0.020052
e_11_12 11 12 9 0.0125 -0.176485 -0.063742 0.020494 0.420829 0.879492 -0.162292 -0.151847 0.020052
e_12_2 12 2 10 0.0125 -0.189041 -0.0761672 0.013616 0.673782 0.344443 -0.651089 0.0588209 0.020333
10 8 7
2 0.175216 -0.144787 0.0608438 0.0125
9 0.164931 -0.126229 0.0642919 0.0125
4 0.0716177 0.0127996 0.0841557 0.0125
1 -0.0896611 0.263105 0.01695 0.0125
8 0.151162 -0.105528 0.0681987 0.0125
5 0.0956402 -0.0184247 0.0926253 0.0125
6 0.105006 -0.0370272 0.0922346 0.0125
7 0.122859 -0.063757 0.0763828 0.0125
e_1_4 1 4 1 0.0125 -0.00902133 0.137952 0.0505522 0.777519 0.49027 0.386721 -0.0744712 0.305254
e_4_5 4 5 2 0.0125 0.083629 -0.00281242 0.088391 0.774253 0.458766 0.429454 -0.0750669 0.040296
e_5_6 5 6 3 0.0125 0.100323 -0.0277263 0.0924305 0.694759 0.591489 0.399401 -0.0890483 0.020831
e_6_7 6 7 4 0.0125 0.113932 -0.0503921 0.0843087 0.515792 0.58866 0.612066 -0.113193 0.03584
e_7_8 7 8 5 0.0125 0.13701 -0.0846422 0.0722913 0.640595 0.558733 0.517564 -0.0978901 0.051115
e_8_9 8 9 6 0.0125 0.158046 -0.115878 0.0662453 0.642527 0.562418 0.511185 -0.0976519 0.025167
e_9_2 9 2 7 0.0125 0.170073 -0.135508 0.0625675 0.640471 0.602771 0.465699 -0.0979178 0.021496
11 7 6
2 -0.22746 -0.288558 0.203601 0.0125
4 -0.17279 -0.0106695 0.0906021 0.0125
1 -0.128659 0.164237 0.076689 0.0125
8 -0.217879 -0.27926 0.180655 0.0125
5 -0.202672 -0.138147 0.112073 0.0125
6 -0.2142 -0.243926 0.150204 0.0125
7 -0.216695 -0.264314 0.166891 0.0125
e_1_4 1 4 1 0.0125 -0.150724 0.0767835 0.0836455 -0.192521 -0.333212 -0.592047 0.708086 0.180923
e_4_5 4 5 2 0.0125 -0.187731 -0.0744079 0.101337 -0.209403 -0.315225 -0.565439 0.732845 0.132682
e_5_6 5 6 3 0.0125 -0.208435 -0.191036 0.131138 -0.272448 -0.249451 -0.51875 0.771003 0.113031
e_6_7 6 7 4 0.0125 -0.215447 -0.25412 0.158547 -0.303978 -0.192783 -0.384135 0.850219 0.026465
e_7_8 7 8 5 0.0125 -0.217287 -0.271787 0.173772 -0.321294 -0.170507 -0.364398 0.85727 0.020352
e_8_2 8 2 6 0.0125 -0.222669 -0.283909 0.192128 -0.204257 -0.221027 -0.137727 0.94364 0.026547
12 7 6
2 0.145224 -0.160456 0.0951032 0.0125
4 0.00622216 0.204495 0.0659654 0.0125
1 -0.0611494 0.260302 0.052641 0.0125
8 0.166591 -0.0881702 0.0897234 0.0125
5 0.100481 0.0321141 0.0731762 0.0125
6 0.121814 0.00275594 0.0762053 0.0125
7 0.146799 -0.0349832 0.0831714 0.0125
e_1_4 1 4 1 0.0125 -0.027464 0.232399 0.0593033 0.726963 0.54162 0.362439 0.216355 0.088492
e_4_5 4 5 2 0.0125 0.0533508 0.118305 0.0695709 0.695079 0.674662 0.162762 0.187632 0.196601
e_5_6 5 6 3 0.0125 0.111147 0.0174352 0.0746899 0.708137 0.63538 0.233899 0.200312 0.036417
e_6_7 6 7 4 0.0125 0.134306 -0.016113 0.0796885 0.736629 0.613513 0.218025 0.18288 0.045793
e_7_8 7 8 5 0.0125 0.156695 -0.0615767 0.0864474 0.730795 0.657814 0.0996994 0.152575 0.057127
e_8_2 8 2 6 0.0125 0.155908 -0.124313 0.0924126 0.731373 0.64617 -0.216491 0.0262499 0.07557
13 10 9
2 -0.060829 0.0617995 0.152439 0.0125
11 -0.0595451 0.0434632 0.144503 0.0125
10 -0.0565143 0.025485 0.135911 0.0125
9 -0.0471971 0.00695964 0.13713 0.0125
4 -0.0573697 -0.125512 0.115256 0.0125
1 -0.00509695 -0.360419 0.285603 0.0125
8 -0.0527699 -0.0168459 0.137197 0.0125
5 -0.0630044 -0.099529 0.109999 0.0125
6 -0.0721843 -0.0616058 0.116071 0.0125
7 -0.0643634 -0.0432677 0.124333 0.0125
e_1_4 1 4 1 0.0125 -0.0312333 -0.242965 0.20043 -0.0976241 0.372728 -0.806195 -0.448992 0.294842
e_4_5 4 5 2 0.0125 -0.060187 -0.11252 0.112628 0.251843 -0.149241 -0.758103 -0.582737 0.027101
e_5_6 5 6 3 0.0125 -0.0675943 -0.0805669 0.113035 0.753059 -0.606904 -0.234066 -0.0989113 0.039487
e_6_7 6 7 4 0.0125 -0.0682739 -0.0524367 0.120202 0.295389 0.0221752 0.555057 0.777281 0.02158
e_7_8 7 8 5 0.0125 -0.0585667 -0.0300568 0.130765 0.312421 0.0173373 0.544151 0.778455 0.031591
e_8_9 8 9 6 0.0125 -0.0499831 -0.00494367 0.137163 -0.272602 0.415034 0.5737 0.651386 0.024449
e_9_10 9 10 7 0.0125 -0.0518562 0.0162223 0.13652 0.569662 -0.357522 -0.633635 -0.382322 0.020772
e_10_11 10 11 8 0.0125 -0.0580302 0.0344742 0.140207 0.78354 -0.523246 0.114369 0.314957 0.020155
e_11_2 11 2 9 0.0125 -0.060187 0.0526313 0.148471 0.739754 -0.50301 0.220861 0.388543 0.020021
14 11 10
2 -0.163342 0.0575954 0.0149746 0.0125
12 -0.178015 0.0708517 0.0114956 0.0125
11 -0.193649 0.0785373 0.021714 0.0125
10 -0.201708 0.0929032 0.0330929 0.0125
9 -0.206442 0.105404 0.0489691 0.0125
4 0.09766 0.167843 0.0677241 0.0125
1 0.132146 0.152169 0.0238721 0.0125
8 -0.205452 0.119728 0.0632632 0.0125
5 0.0818835 0.17318 0.0860273 0.0125
6 -0.113256 0.163254 0.120594 0.0125
7 -0.182771 0.130774 0.0835229 0.0125
e_1_4 1 4 1 0.0125 0.114903 0.160005 0.0457984 0.889668 -0.236821 -0.256011 0.294729 0.057948
e_4_5 4 5 2 0.0125 0.0897715 0.170511 0.0768754 0.881299 -0.221093 -0.285132 0.305171 0.024747
e_5_6 5 6 3 0.0125 -0.0156869 0.168217 0.103311 0.704298 -0.22274 -0.602732 0.301768 0.198426
e_6_7 6 7 4 0.0125 -0.148014 0.147014 0.102058 0.442635 -0.126187 -0.837611 0.29421 0.085214
e_7_8 7 8 5 0.0125 -0.194111 0.125251 0.0733925 0.350036 -0.15615 -0.888087 0.253758 0.032356
e_8_9 8 9 6 0.0125 -0.205946 0.112566 0.0561164 0.129206 0.250214 -0.888908 0.361305 0.020259
e_9_10 9 10 7 0.0125 -0.204075 0.0991534 0.0410316 -0.0031607 0.324584 -0.88154 0.342815 0.020754
e_10_11 10 11 8 0.0125 -0.197678 0.0857203 0.0274043 0.0901033 0.574824 -0.673619 0.455738 0.02002
e_11_12 11 12 9 0.0125 -0.185832 0.0746941 0.0166045 0.0933738 0.8368 -0.229716 0.488137 0.020196
e_12_2 12 2 10 0.0125 -0.170679 0.0642232 0.0132352 0.56326 0.640229 0.0587635 0.51903 0.020079
15 7 6
2 0.191897 0.247226 0.0939056 0.0125
4 0.115243 -0.0178509 0.123625 0.0125
1 0.140492 -0.179717 0.0580371 0.0125
8 0.128797 0.206665 0.0817338 0.0125
5 0.0886608 0.118768 0.115343 0.0125
6 0.084594 0.142194 0.112584 0.0125
7 0.112545 0.186927 0.0923098 0.0125
e_1_4 1 4 1 0.0125 0.127868 -0.0987832 0.0908304 0.782629 -0.551608 0.0994513 0.270796 0.176465
e_4_5 4 5 2 0.0125 0.101952 0.050459 0.119484 0.652201 -0.72239 0.0886232 0.211974 0.139428
e_5_6 5 6 3 0.0125 0.086627 0.130482 0.113964 0.633562 -0.739719 0.102211 0.202406 0.023936
e_6_7 6 7 4 0.0125 0.0985693 0.164561 0.102447 0.551196 -0.580509 0.585153 0.129571 0.056509
e_7_8 7 8 5 0.0125 0.12067 0.196796 0.0870217 0.542134 -0.509685 0.656763 0.122372 0.027669
e_8_2 8 2 6 0.0125 0.160347 0.226946 0.0878197 0.73026 -0.181123 0.622181 0.216346 0.075994
