15
1 11 10
2 0.0564682 0.287926 0.015369 0.0125
12 0.0607213 0.268444 0.0133512 0.0125
11 0.0665659 0.249316 0.0118528 0.0125
10 0.0715387 0.229947 0.0125814 0.0125
9 0.0761445 0.210376 0.0139931 0.0125
4 -0.0492939 -0.105162 0.0288398 0.0125
1 -0.0819521 -0.111154 0.0150538 0.0125
8 0.0890067 0.179274 0.0133586 0.0125
5 0.0320997 -0.0443951 0.0108799 0.0125
6 0.0892951 0.0658242 0.0228723 0.0125
7 0.110473 0.128977 0.0118832 0.0125
e_1_4 1 4 1 0.0125 -0.0656234 -0.108158 0.0219474 0.827533 -0.154334 0.533334 -0.0832154 0.035951
e_4_5 4 5 2 0.0125 -0.00859772 -0.0747789 0.0198596 0.640668 -0.504623 0.576554 -0.0498549 0.103152
e_5_6 5 6 3 0.0125 0.0606974 0.0107145 0.0168761 0.74027 -0.600054 0.303101 -0.00809039 0.124753
e_6_7 6 7 4 0.0125 0.0998838 0.0974002 0.0173784 0.646885 -0.718186 0.256121 0.0122857 0.06751
e_7_8 7 8 5 0.0125 0.0997401 0.154126 0.0126213 0.713449 -0.664281 -0.212708 0.0669023 0.054706
e_8_9 8 9 6 0.0125 0.0825757 0.194825 0.0136763 0.710628 -0.669397 -0.206103 0.0666048 0.033662
e_9_10 9 10 7 0.0125 0.0738421 0.220161 0.0132873 0.679304 -0.723888 -0.1049 0.0593986 0.020156
e_10_11 10 11 8 0.0125 0.0690524 0.239632 0.0122177 0.691556 -0.710033 -0.118589 0.0595003 0.02001
e_11_12 11 12 9 0.0125 0.0636437 0.25888 0.0126025 0.730777 -0.664102 -0.147002 0.0576424 0.020058
e_12_2 12 2 10 0.0125 0.0585953 0.278185 0.0143605 0.740107 -0.663395 -0.0978296 0.0507778 0.020042
2 8 7
2 -0.156904 -0.121074 0.011864 0.0125
9 -0.0856738 -0.064222 0.0412498 0.0125
4 0.0293416 0.239331 0.0282182 0.0125
1 0.0660341 0.281114 0.0631478 0.0125
8 -0.0652608 -0.0419449 0.0412375 0.0125
5 0.00306638 0.222329 0.0237695 0.0125
6 -0.0219856 0.147377 0.0395507 0.0125
7 -0.0596914 -0.00313539 0.0302455 0.0125
e_1_4 1 4 1 0.0125 0.0476885 0.260223 0.0456827 0.267497 -0.117568 -0.867257 0.403098 0.065668
e_4_5 4 5 2 0.0125 0.0162043 0.23083 0.0259945 0.622443 0.190888 -0.730698 0.205443 0.031611
e_5_6 5 6 3 0.0125 -0.00945973 0.184853 0.0316605 0.772956 0.595651 -0.217457 0.021236 0.080588
e_6_7 6 7 4 0.0125 -0.0408386 0.0721212 0.0348986 0.378303 0.242098 -0.686527 0.5718 0.155442
e_7_8 7 8 5 0.0125 -0.0624761 -0.0225397 0.0357415 0.693198 0.562581 0.220291 -0.393002 0.040719
e_8_9 8 9 6 0.0125 -0.0754673 -0.053083 0.0412437 0.667891 0.335094 -0.622496 0.232665 0.030216
e_9_2 9 2 7 0.0125 -0.121289 -0.0926482 0.0265569 0.498595 0.091182 -0.803199 0.312986 0.095757
3 6 5
2 -0.071081 0.0641942 0.0874629 0.0125
7 -0.0275892 0.043306 0.0993512 0.0125
6 0.00702498 0.027763 0.0792408 0.0125
5 0.0241235 0.0153719 0.0641558 0.0125
1 0.380726 -0.0776538 0.0126954 0.0125
4 0.183809 -0.0581965 0.0114915 0.0125
e_1_4 1 4 1 0.0125 0.282268 -0.0679247 0.0120937 0.278539 -0.675942 -0.214815 0.64759 0.197879
e_4_5 4 5 2 0.0125 0.103967 -0.0214124 0.0378235 0.654139 -0.517637 -0.297623 0.4643 0.183535
e_5_6 5 6 3 0.0125 0.0155746 0.0215677 0.0716981 0.859914 -0.353929 -0.289997 0.22624 0.025951
e_6_7 6 7 4 0.0125 -0.0102814 0.0355344 0.0892959 0.772298 -0.394088 -0.332478 0.371093 0.042944
e_7_2 7 2 5 0.0125 -0.0493347 0.0537503 0.0934068 0.342399 -0.779368 -0.110491 0.512972 0.049691
4 10 9
2 -0.175696 -0.160668 0.087019 0.0125
11 -0.187936 -0.144964 0.0840037 0.0125
10 -0.201297 -0.13768 0.070995 0.0125
9 -0.212503 -0.127802 0.0574285 0.0125
4 -0.0618395 0.0735804 0.0151679 0.0125
1 0.0199136 0.205654 0.0114781 0.0125
8 -0.211699 -0.110153 0.0468935 0.0125
5 -0.129804 0.0421938 0.0114865 0.0125
6 -0.212264 -0.0538915 0.0500939 0.0125
7 -0.212817 -0.0893898 0.0485682 0.0125
e_1_4 1 4 1 0.0125 -0.0209633 0.139618 0.0133228 0.68618 0.673864 -0.184491 -0.202554 0.155373
e_4_5 4 5 2 0.0125 -0.0958213 0.0578877 0.0133271 0.658167 0.485876 -0.537105 -0.205568 0.074952
e_5_6 5 6 3 0.0125 -0.171034 -0.00584871 0.0307898 0.786771 0.521123 -0.287408 -0.163768 0.132373
e_6_7 6 7 4 0.0125 -0.212541 -0.0716406 0.0493309 0.674204 0.706241 0.150645 -0.154852 0.035536
e_7_8 7 8 5 0.0125 -0.212258 -0.099772 0.0477311 0.661842 0.707628 0.198486 -0.147754 0.020861
e_8_9 8 9 6 0.0125 -0.212101 -0.118978 0.0521609 0.864539 0.492955 0.0304061 -0.0929697 0.02057
e_9_10 9 10 7 0.0125 -0.2069 -0.132742 0.0642119 0.913993 0.276735 0.29541 0.027685 0.020179
e_10_11 10 11 8 0.0125 -0.194616 -0.141322 0.0775 0.906554 0.222295 0.354525 0.0552926 0.02002
e_11_2 11 2 9 0.0125 -0.181816 -0.152816 0.0855117 0.757492 0.496529 0.422609 -0.0326575 0.020137
5 10 9
2 0.358171 -0.136046 0.0473877 0.0125
11 0.351649 -0.127132 0.0641526 0.0125
10 0.343772 -0.112549 0.0753491 0.0125
9 0.326549 -0.102345 0.0759148 0.0125
4 0.203696 -0.023086 0.0190002 0.0125
1 0.110346 0.237725 0.0114999 0.0125
8 0.314278 -0.0894198 0.0643689 0.0125
5 0.241624 -0.0475254 0.0336111 0.0125
6 0.281366 -0.078038 0.0379239 0.0125
7 0.296404 -0.084051 0.0517984 0.0125
e_1_4 1 4 1 0.0125 0.15702 0.10732 0.0152502 -0.678909 -0.54689 -0.432871 0.229384 0.277115
e_4_5 4 5 2 0.0125 0.222659 -0.0353053 0.0263054 -0.78694 -0.196017 -0.554563 0.186446 0.047427
e_5_6 5 6 3 0.0125 0.261494 -0.0627813 0.0357673 -0.702664 -0.231316 -0.635308 0.221676 0.05029
e_6_7 6 7 4 0.0125 0.288884 -0.0810443 0.0448607 -0.900921 -0.104038 -0.404834 0.116736 0.021326
e_7_8 7 8 5 0.0125 0.305341 -0.0867354 0.0580839 -0.873437 -0.068364 -0.464756 0.128206 0.022501
e_8_9 8 9 6 0.0125 0.320413 -0.0958822 0.0701418 -0.86551 -0.284784 -0.383459 0.150831 0.021236
e_9_10 9 10 7 0.0125 0.335161 -0.107447 0.0756322 -0.659739 -0.146779 -0.701834 0.225011 0.020027
e_10_11 10 11 8 0.0125 0.347711 -0.119841 0.0697509 -0.35305 -0.30836 -0.827534 0.308963 0.020002
e_11_2 11 2 9 0.0125 0.35491 -0.131589 0.0557698 -0.133172 0.142635 -0.947196 0.254441 0.020076
6 7 6
2 -0.0341127 0.288506 0.0588325 0.0125
4 0.0503871 0.163417 0.0498462 0.0125
1 0.246778 -0.123076 0.0316645 0.0125
8 -0.0231353 0.2676 0.0540661 0.0125
5 0.0146385 0.209051 0.0490297 0.0125
6 0.00384183 0.226561 0.0483012 0.0125
7 -0.012108 0.249121 0.0504513 0.0125
e_1_4 1 4 1 0.0125 0.148583 0.0201711 0.0407552 0.725123 -0.577377 -0.374833 0.0182161 0.34782
e_4_5 4 5 2 0.0125 0.0325124 0.186234 0.0494373 0.701689 -0.575474 -0.419364 0.024407 0.057974
e_5_6 5 6 3 0.0125 0.00924012 0.217806 0.0486659 0.694335 -0.620328 -0.364518 0.0147901 0.020584
e_6_7 6 7 4 0.0125 -0.00413304 0.237841 0.0493758 0.733763 -0.564595 -0.377433 0.0191743 0.027712
e_7_8 7 8 5 0.0125 -0.0176216 0.25836 0.0522583 0.763341 -0.55972 -0.322309 0.0118747 0.021821
e_8_2 8 2 6 0.0125 -0.0286235 0.278053 0.0564494 0.773885 -0.563401 -0.289188 0.00718614 0.024089
7 11 10
2 0.126848 0.120252 0.0604072 0.0125
12 0.108093 0.124964 0.0655987 0.0125
11 0.0893036 0.131435 0.0679827 0.0125
10 0.0725575 0.141746 0.0719345 0.0125
9 0.0540675 0.148409 0.0757397 0.0125
4 -0.194641 0.12787 0.0187495 0.0125
1 -0.326823 0.139182 0.0906079 0.0125
8 0.0343628 0.157011 0.0767169 0.0125
5 -0.156402 0.123231 0.0221139 0.0125
6 -0.0560799 0.147359 0.0356474 0.0125
7 -0.0360956 0.153943 0.0601693 0.0125
e_1_4 1 4 1 0.0125 -0.260732 0.133526 0.0546787 0.456021 0.453675 0.729599 0.232183 0.150876
e_4_5 4 5 2 0.0125 -0.175521 0.12555 0.0204318 0.716661 0.236431 0.632922 0.172936 0.038666
e_5_6 5 6 3 0.0125 -0.106241 0.135294 0.0288807 0.751348 -0.173162 0.636392 -0.0222846 0.104066
e_6_7 6 7 4 0.0125 -0.0460877 0.150651 0.0479084 0.934911 -0.0824748 0.337254 0.0734825 0.032312
e_7_8 7 8 5 0.0125 -0.000866001 0.155477 0.0684436 0.778629 0.0437594 0.619573 0.0891653 0.072441
e_8_9 8 9 6 0.0125 0.0442155 0.15271 0.0762288 0.602908 0.57597 0.436978 0.337358 0.021523
e_9_10 9 10 7 0.0125 0.0633126 0.145077 0.0738372 0.537165 0.609818 0.472408 0.341185 0.020018
e_10_11 10 11 8 0.0125 0.0809308 0.136591 0.0699589 0.479748 0.737461 0.233775 0.413935 0.02006
e_11_12 11 12 9 0.0125 0.0986979 0.1282 0.066791 0.582919 0.552027 0.504803 0.317246 0.020014
e_12_2 12 2 10 0.0125 0.11747 0.122608 0.0630032 0.527678 0.551046 0.57095 0.303183 0.020024
8 6 5
2 0.053958 0.119233 0.133304 0.0125
7 -0.0495183 0.116653 0.0533743 0.0125
6 -0.102097 0.0854539 0.0469989 0.0125
5 -0.166698 0.0454625 0.0443747 0.0125
1 -0.388505 -0.00443926 0.0824829 0.0125
4 -0.252309 0.0266082 0.0474634 0.0125
e_1_4 1 4 1 0.0125 -0.320407 0.011085 0.064973 0.613289 -0.234504 0.752725 -0.0478521 0.144012
e_4_5 4 5 2 0.0125 -0.209504 0.0360358 0.0459184 0.693432 -0.194229 0.692737 -0.0392861 0.087718
e_5_6 5 6 3 0.0125 -0.134398 0.0654581 0.0456863 0.719067 -0.377345 0.583396 -0.0142538 0.076023
e_6_7 6 7 4 0.0125 -0.0758075 0.101053 0.0501867 0.742759 -0.351639 0.56964 -0.0130066 0.06147
e_7_2 7 2 5 0.0125 0.00221988 0.117943 0.0933393 0.897495 -0.0159061 0.440625 -0.0100027 0.130777
9 9 8
2 0.207158 -0.015959 0.179383 0.0125
10 0.208078 -0.00241962 0.164692 0.0125
9 0.205513 -0.00198265 0.144862 0.0125
4 0.152308 -0.0405999 0.0690305 0.0125
1 -0.190909 -0.127706 0.0378586 0.0125
8 0.198068 -0.0126232 0.129624 0.0125
5 0.16587 -0.0373286 0.0856614 0.0125
6 0.181077 -0.0331135 0.101705 0.0125
7 0.190656 -0.0277142 0.118727 0.0125
e_1_4 1 4 1 0.0125 -0.0193006 -0.0841528 0.0534445 0.737271 -0.180894 0.650715 -0.0166697 0.355467
e_4_5 4 5 2 0.0125 0.159089 -0.0389642 0.0773456 0.939644 -0.0762107 0.333371 0.0111983 0.021707
e_5_6 5 6 3 0.0125 0.173474 -0.035221 0.0936829 0.925451 -0.0995784 0.365524 0.00410834 0.022504
e_6_7 6 7 4 0.0125 0.185867 -0.0304139 0.110217 0.959044 -0.142773 0.244171 -0.0151799 0.020264
e_7_8 7 8 5 0.0125 0.194362 -0.0201688 0.124176 0.868937 -0.45508 0.144829 -0.129906 0.020035
e_8_9 8 9 6 0.0125 0.20179 -0.00730296 0.137242 0.935585 -0.297609 0.175715 -0.0723456 0.020021
e_9_10 9 10 7 0.0125 0.206795 -0.00220114 0.154777 0.997356 0.0130132 0.0638671 0.0321235 0.02
e_10_2 10 2 8 0.0125 0.207618 -0.00918982 0.172038 0.920272 0.355389 -0.0800988 0.142768 0.02
10 8 7
2 0.27798 0.125724 0.0472654 0.0125
9 0.26908 0.143117 0.0520416 0.0125
4 0.133862 0.173932 0.114634 0.0125
1 -0.161474 0.10701 0.0715614 0.0125
8 0.260759 0.160575 0.0578423 0.0125
5 0.218592 0.19147 0.0836634 0.0125
6 0.236492 0.187357 0.0747635 0.0125
7 0.252034 0.17786 0.0638151 0.0125
e_1_4 1 4 1 0.0125 -0.0138062 0.140472 0.093098 0.747859 -0.0541993 0.653187 0.105428 0.305871
e_4_5 4 5 2 0.0125 0.176227 0.182701 0.0991487 0.55986 0.0257165 0.817215 0.13437 0.091901
e_5_6 5 6 3 0.0125 0.227542 0.189413 0.0792133 0.525271 0.308819 0.789085 0.0778869 0.020409
e_6_7 6 7 4 0.0125 0.244263 0.182608 0.0692897 0.491474 0.497244 0.714383 0.0293073 0.021252
e_7_8 7 8 5 0.0125 0.256396 0.169218 0.0608295 0.590206 0.673973 0.439476 -0.0654123 0.020262
e_8_9 8 9 6 0.0125 0.264919 0.151846 0.0549417 0.592918 0.679352 0.426784 -0.0691715 0.020191
e_9_2 9 2 7 0.0125 0.27353 0.13442 0.0496538 0.613995 0.658214 0.430657 -0.0655633 0.020114
11 11 10
2 0.191868 0.091085 0.0593559 0.0125
12 0.177228 0.0777612 0.0557962 0.0125
11 0.161757 0.0663399 0.0613992 0.0125
10 0.14988 0.0501263 0.06343 0.0125
9 0.13219 0.0394956 0.0668118 0.0125
4 -0.083891 -0.0401314 0.0618086 0.0125
1 -0.233692 0.0353808 0.0770763 0.0125
8 0.114959 0.0210057 0.0681682 0.0125
5 -0.00154719 -0.0281964 0.0828232 0.0125
6 0.0549574 -0.0221414 0.0984854 0.0125
7 0.0759079 -0.0112714 0.0884754 0.0125
e_1_4 1 4 1 0.0125 -0.158791 -0.00237568 0.0694424 0.511856 -0.176947 0.716945 -0.438957 0.16845
e_4_5 4 5 2 0.0125 -0.042719 -0.0341636 0.0723155 0.699565 -0.359303 0.498454 -0.364765 0.085817
e_5_6 5 6 3 0.0125 0.026705 -0.0251685 0.0906545 0.707322 -0.333121 0.506148 -0.36406 0.058947
e_6_7 6 7 4 0.0125 0.0654326 -0.0167064 0.0934804 0.430054 -0.763218 0.33573 -0.346176 0.025638
e_7_8 7 8 5 0.0125 0.0954342 0.00486745 0.0783216 0.469652 -0.790487 0.247292 -0.305621 0.054582
e_8_9 8 9 6 0.0125 0.123575 0.0302511 0.0674904 0.626801 -0.687692 0.232104 -0.283424 0.02531
e_9_10 9 10 7 0.0125 0.141035 0.0448102 0.0651209 0.550345 -0.677767 0.348555 -0.340972 0.020914
e_10_11 10 11 8 0.0125 0.155818 0.0582332 0.0624151 0.618833 -0.721123 0.173885 -0.258441 0.0202
e_11_12 11 12 9 0.0125 0.169492 0.0720505 0.0585975 0.50704 -0.745652 0.289621 -0.320987 0.02003
e_12_2 12 2 10 0.0125 0.184548 0.084423 0.0575754 0.710528 -0.578769 0.276642 -0.289216 0.020112
12 10 9
2 0.0823299 0.0192549 0.0976361 0.0125
11 0.0673722 0.033446 0.0924105 0.0125
10 0.0495699 0.0493939 0.0894577 0.0125
9 0.0308873 0.0606609 0.101348 0.0125
4 -0.274797 0.256186 0.0218727 0.0125
1 -0.302221 0.277989 0.0146289 0.0125
8 0.00956194 0.077642 0.119745 0.0125
5 -0.0652131 0.118962 0.114765 0.0125
6 -0.0502221 0.0986238 0.127475 0.0125
7 -0.0324068 0.0851673 0.12756 0.0125
e_1_4 1 4 1 0.0125 -0.288509 0.267088 0.0182508 0.636194 0.605009 0.180892 0.443283 0.035775
e_4_5 4 5 2 0.0125 -0.170005 0.187574 0.0683191 0.76169 0.468424 0.326714 0.306049 0.26718
e_5_6 5 6 3 0.0125 -0.0577176 0.108792 0.12112 0.803084 0.50171 0.153578 0.282412 0.028282
e_6_7 6 7 4 0.0125 -0.0413149 0.091896 0.127518 0.430687 0.705747 0.00460815 0.562502 0.022326
e_7_8 7 8 5 0.0125 -0.0114229 0.0814051 0.123653 -0.319593 0.587504 -0.494953 0.554726 0.043349
e_8_9 8 9 6 0.0125 0.0202247 0.0691516 0.110547 -0.0600616 0.614689 -0.633922 0.465504 0.032887
e_9_10 9 10 7 0.0125 0.0402281 0.055027 0.0954025 -0.111565 0.621475 -0.59417 0.498282 0.024847
e_10_11 10 11 8 0.0125 0.0584716 0.0414201 0.0909348 0.564887 0.65728 0.0816656 0.492154 0.024083
e_11_2 11 2 9 0.0125 0.0748511 0.0263511 0.0950231 0.671109 0.593887 0.15644 0.415255 0.02127
13 10 9
2 -0.109585 -0.0762195 0.0689533 0.0125
11 -0.0952534 -0.0892684 0.0740087 0.0125
10 -0.0768459 -0.0935216 0.0807478 0.0125
9 -0.0598259 -0.0822038 0.0885669 0.0125
4 0.0730335 0.0742755 0.109035 0.0125
1 0.25433 0.208285 0.10848 0.0125
8 -0.0480358 -0.0667628 0.0978595 0.0125
5 0.0649038 0.0547758 0.111316 0.0125
6 0.0378661 0.0307048 0.121794 0.0125
7 -0.0280831 -0.0441939 0.103429 0.0125
e_1_4 1 4 1 0.0125 0.163682 0.141281 0.108757 0.705178 0.468588 -0.528388 -0.0628954 0.22545
e_4_5 4 5 2 0.0125 0.0689688 0.0645253 0.110175 0.708777 0.665617 -0.0571327 -0.226549 0.021249
e_5_6 5 6 3 0.0125 0.0513849 0.0427399 0.116555 0.793373 0.451443 -0.396462 -0.0978609 0.037686
e_6_7 6 7 4 0.0125 0.00489102 -0.00674483 0.112612 0.621801 0.6804 -0.35714 -0.151231 0.101472
e_7_8 7 8 5 0.0125 -0.0380599 -0.0554782 0.100644 0.621661 0.679523 -0.359374 -0.150457 0.030634
e_8_9 8 9 6 0.0125 -0.0539309 -0.0744833 0.0932132 0.489058 0.821252 -0.203217 -0.212296 0.021536
e_9_10 9 10 7 0.0125 -0.0683362 -0.0878633 0.0846572 0.566548 0.479067 -0.670188 -0.019164 0.021884
e_10_11 10 11 8 0.0125 -0.0860501 -0.0913948 0.0773784 0.526207 -0.4925 -0.652244 0.234791 0.020059
e_11_2 11 2 9 0.0125 -0.10242 -0.082744 0.0714808 0.571717 -0.705542 -0.358322 0.21669 0.02003
14 8 7
2 -0.0798755 0.223392 0.038169 0.0125
9 -0.0601809 0.224008 0.0416012 0.0125
4 0.113813 0.0204548 0.119829 0.0125
1 0.177669 -0.0929163 0.0921601 0.0125
8 -0.0413013 0.22391 0.048203 0.0125
5 0.058154 0.173583 0.151352 0.0125
6 0.038974 0.193029 0.142859 0.0125
7 -0.0220106 0.221148 0.052707 0.0125
e_1_4 1 4 1 0.0125 0.145741 -0.0362302 0.105995 0.743208 -0.614633 -0.135007 0.227246 0.133028
e_4_5 4 5 2 0.0125 0.0859834 0.0970197 0.135591 0.73974 -0.635217 -0.0390341 0.21854 0.165951
e_5_6 5 6 3 0.0125 0.048564 0.183306 0.147105 0.557199 -0.732048 -0.335539 0.202605 0.028604
e_6_7 6 7 4 0.0125 0.00848195 0.207089 0.0977833 0.275346 -0.765069 -0.561823 0.152344 0.112414
e_7_8 7 8 5 0.0125 -0.0316552 0.222529 0.0504555 0.580123 -0.38413 -0.681944 0.225509 0.020001
e_8_9 8 9 6 0.0125 -0.0507411 0.223959 0.0449021 0.536217 -0.310778 -0.75396 0.217791 0.020002
e_9_2 9 2 7 0.0125 -0.0700287 0.2237 0.0398846 0.60139 -0.250095 -0.723359 0.229205 0.020001
15 10 9
2 0.358726 -0.033437 0.0241639 0.0125
11 0.365653 -0.00114848 0.0359731 0.0125
10 0.364706 0.0182327 0.0307269 0.0125
9 0.360282 0.0437635 0.0289108 0.0125
4 0.0957214 0.0508385 0.0624314 0.0125
1 -0.00713318 0.0508082 0.0246448 0.0125
8 0.355015 0.0679534 0.0380996 0.0125
5 0.15818 0.084217 0.0868158 0.0125
6 0.308088 0.0751287 0.0646437 0.0125
7 0.339102 0.0769333 0.0500804 0.0125
e_1_4 1 4 1 0.0125 0.0442942 0.050823 0.0435378 0.761141 0.212795 0.531317 0.305098 0.109576
e_4_5 4 5 2 0.0125 0.126951 0.0675277 0.0746238 0.701088 0.0246337 0.580178 0.413837 0.074898
e_5_6 5 6 3 0.0125 0.233134 0.0796728 0.0757306 0.608729 0.317351 0.687251 0.237536 0.151812
e_6_7 6 7 4 0.0125 0.323595 0.0760309 0.0573623 0.485757 0.313065 0.783726 0.227602 0.03431
e_7_8 7 8 5 0.0125 0.347058 0.0724434 0.0440905 0.470938 0.531327 0.701316 0.0637647 0.021849
e_8_9 8 9 6 0.0125 0.357649 0.0558585 0.0335059 0.553989 0.735999 0.363716 -0.138243 0.026407
e_9_10 9 10 7 0.0125 0.362494 0.0309985 0.0298192 0.726712 0.654473 0.191622 -0.0826736 0.025975
e_10_11 10 11 8 0.0125 0.36518 0.00854175 0.0333496 0.791433 0.602747 0.0787229 -0.0642909 0.020102
e_11_2 11 2 9 0.0125 0.36219 -0.0172935 0.0300687 0.521799 0.796827 0.182829 -0.243652 0.035071
