20
1 26 25
3 0.18816 0.113612 0.0972059 0.0125
27 0.201258 0.127405 0.0900559 0.0125
26 0.215944 0.141869 0.082039 0.0125
25 0.230524 0.15625 0.074157 0.0125
4 0.17637 0.233281 0.0580867 0.0125
24 0.192799 0.221556 0.0581464 0.0125
1 0.25656 0.173558 0.0570905 0.0125
23 0.236649 0.174144 0.0588657 0.0125
22 0.218142 0.180584 0.0628739 0.0125
21 0.19898 0.185861 0.0651145 0.0125
11 -0.0462827 0.226087 0.0747574 0.0125
6 -0.169503 0.284476 0.0708248 0.0125
10 -0.144494 0.267504 0.0728715 0.0125
9 -0.124623 0.261864 0.0745497 0.0125
2 -0.0350649 0.225214 0.0582231 0.0125
19 0.160617 0.192752 0.0738417 0.0125
8 -0.10428 0.252251 0.0761028 0.0125
12 -0.0527097 0.226777 0.0936849 0.0125
13 -0.0597672 0.232463 0.111513 0.0125
14 -0.0668776 0.238527 0.129196 0.0125
5 -0.0792445 0.244869 0.143578 0.0125
15 0.0259513 0.209409 0.0593552 0.0125
16 0.100506 0.197684 0.0702661 0.0125
17 0.120358 0.195383 0.073504 0.0125
18 0.140497 0.194004 0.0731481 0.0125
20 0.18014 0.188838 0.0711396 0.0125
e_2_8 2 8 1 0.0125 -0.0696731 0.238733 0.0671633 0.604407 0.194904 -0.587402 -0.50166 0.07643
e_8_9 8 9 2 0.0125 -0.114451 0.257057 0.0753266 -0.146602 0.712643 -0.163035 -0.666383 0.022553
e_9_10 9 10 3 0.0125 -0.134558 0.264683 0.0737102 0.00691707 0.705167 -0.207935 -0.677831 0.020724
e_10_6 10 6 4 0.0125 -0.156998 0.275989 0.0718488 -0.533027 0.698079 0.215528 -0.42675 0.030294
e_2_11 2 11 1 0.0125 -0.0406738 0.225651 0.0664909 0.946756 0.0174513 -0.293811 -0.130473 0.02
e_11_12 11 12 2 0.0125 -0.049496 0.226431 0.0842214 0.986437 -0.0157798 -0.163054 -0.0102742 0.02
e_12_13 12 13 3 0.0125 -0.0562388 0.22962 0.102598 0.967534 -0.16372 -0.165803 0.0978962 0.02
e_13_14 13 14 4 0.0125 -0.0633226 0.235495 0.120355 0.964664 -0.175442 -0.164766 0.107216 0.02
e_14_5 14 5 5 0.0125 -0.0730611 0.241698 0.136387 0.926664 -0.160413 -0.338684 -0.0292242 0.02
e_2_15 2 15 1 0.0125 -0.00455721 0.217312 0.0587899 0.682945 0.364375 0.598539 0.206319 0.06304
e_15_16 15 16 2 0.0125 0.0632282 0.203547 0.064811 0.716109 0.303598 0.579906 0.242334 0.076255
e_16_17 16 17 3 0.0125 0.110432 0.196533 0.071885 0.717218 0.286764 0.5812 0.256068 0.020246
e_17_18 17 18 4 0.0125 0.130427 0.194694 0.0733261 0.647785 0.316648 0.639169 0.267528 0.020189
e_18_19 18 19 5 0.0125 0.150557 0.193378 0.0734949 0.666008 0.30165 0.625956 0.271329 0.020171
e_19_20 19 20 6 0.0125 0.170378 0.190794 0.0724903 0.620398 0.385209 0.647198 0.218756 0.020094
e_20_21 20 21 7 0.0125 0.18956 0.187349 0.068127 0.548233 0.414627 0.691864 0.221017 0.020003
e_21_22 21 22 8 0.0125 0.208561 0.183222 0.0639942 0.636867 0.40059 0.628931 0.195892 0.020001
e_22_23 22 23 9 0.0125 0.227395 0.177363 0.0608702 0.609369 0.440688 0.637166 0.168772 0.02
e_23_1 23 1 10 0.0125 0.246604 0.17385 0.0579781 0.615478 0.322564 0.663586 0.277115 0.02
e_1_24 1 24 1 0.0125 0.22468 0.197556 0.0576181 -0.542263 0.685345 0.153901 -0.46105 0.079815
e_24_4 24 4 2 0.0125 0.184584 0.227419 0.0581162 -0.38863 0.707658 -0.0261925 -0.589491 0.020185
e_1_25 1 25 1 0.0125 0.243542 0.164903 0.0656234 0.742298 0.458447 -0.224168 -0.434245 0.035619
e_25_26 25 26 2 0.0125 0.223234 0.149059 0.078098 0.696276 0.551478 -0.127573 -0.441358 0.021944
e_26_27 26 27 3 0.0125 0.208601 0.134637 0.0860471 0.69791 0.549741 -0.128634 -0.440636 0.022117
e_27_3 27 3 4 0.0125 0.194709 0.120508 0.0936309 0.696915 0.557887 -0.113289 -0.436161 0.02032
2 23 22
3 0.389358 -0.290049 0.206522 0.0125
24 0.370881 -0.275889 0.18805 0.0125
23 0.345351 -0.261806 0.159291 0.0125
4 0.232146 -0.234385 0.158576 0.0125
22 0.25221 -0.240995 0.149513 0.0125
21 0.270343 -0.247849 0.144259 0.0125
20 0.289537 -0.25121 0.13908 0.0125
5 0.120387 -0.229653 0.0929079 0.0125
10 0.0971488 -0.229991 0.0608265 0.0125
6 0.147101 -0.283123 0.119673 0.0125
9 0.083794 -0.229806 0.0421627 0.0125
2 0.0625158 -0.225027 0.0117361 0.0125
19 0.308019 -0.255054 0.129536 0.0125
8 0.0771965 -0.240098 0.0258324 0.0125
11 0.106698 -0.242075 0.0300373 0.0125
12 0.168472 -0.250887 0.0587763 0.0125
13 0.203236 -0.255352 0.0701782 0.0125
14 0.224681 -0.260765 0.0753085 0.0125
15 0.243917 -0.259847 0.0825967 0.0125
16 0.261226 -0.259032 0.0929769 0.0125
17 0.275734 -0.258148 0.106845 0.0125
18 0.29045 -0.254424 0.119998 0.0125
1 0.326059 -0.255331 0.138169 0.0125
e_2_8 2 8 1 0.0125 0.0698565 -0.232563 0.0187845 0.875368 0.375505 0.284058 0.109715 0.025325
e_8_6 8 6 2 0.0125 0.112149 -0.26161 0.0727527 0.92098 0.235003 0.261595 0.167741 0.124675
e_2_9 2 9 1 0.0125 0.0731542 -0.227417 0.0269493 0.927986 0.132048 0.275988 0.212687 0.037435
e_9_10 9 10 2 0.0125 0.0904715 -0.229899 0.0514943 0.922318 0.0799833 0.294957 0.236502 0.02295
e_10_5 10 5 3 0.0125 0.108768 -0.229822 0.0768672 0.920541 0.073403 0.299488 0.23984 0.039615
e_2_11 2 11 1 0.0125 0.084606 -0.233551 0.0208869 0.806985 0.308133 0.47415 0.170329 0.05077
e_11_12 11 12 2 0.0125 0.137585 -0.246481 0.0444068 0.814098 0.210204 0.496637 0.215432 0.0687
e_12_13 12 13 3 0.0125 0.185854 -0.25312 0.0644776 0.780322 0.226291 0.542335 0.213922 0.036857
e_13_14 13 14 4 0.0125 0.213958 -0.258058 0.072743 0.760415 0.291518 0.549574 0.186429 0.022704
e_14_15 14 15 5 0.0125 0.234298 -0.260306 0.0789522 0.784537 0.145257 0.549474 0.247953 0.020591
e_15_16 15 16 6 0.0125 0.252571 -0.25944 0.0877864 0.833361 0.119241 0.478369 0.249909 0.0202
e_16_17 16 17 7 0.0125 0.26848 -0.25859 0.0999115 0.884631 0.0838379 0.384477 0.250154 0.020089
e_17_18 17 18 8 0.0125 0.283092 -0.256286 0.113422 0.866512 0.0254327 0.414658 0.27671 0.020086
e_18_19 18 19 9 0.0125 0.299234 -0.254739 0.124766 0.826391 0.157764 0.486475 0.23565 0.02
e_19_1 19 1 10 0.0125 0.317039 -0.255192 0.133852 0.811794 0.158017 0.509135 0.238334 0.020002
e_1_20 1 20 1 0.0125 0.307799 -0.25327 0.138625 0.715817 -0.0798906 -0.693701 0.00163728 0.036765
e_20_21 20 21 2 0.0125 0.279939 -0.249529 0.14167 0.789087 -0.162096 -0.587632 0.0758669 0.020163
e_21_22 21 22 3 0.0125 0.261276 -0.244423 0.146886 0.779271 -0.320583 -0.51616 0.153432 0.020084
e_22_4 22 4 4 0.0125 0.242178 -0.23769 0.154044 0.82174 -0.262081 -0.483919 0.14792 0.022988
e_1_23 1 23 1 0.0125 0.335705 -0.258568 0.14873 0.906285 0.191564 0.321283 0.196796 0.02933
e_23_24 23 24 2 0.0125 0.358116 -0.268848 0.173671 0.906755 0.24545 0.297729 0.170019 0.040954
e_24_3 24 3 3 0.0125 0.380119 -0.282969 0.197286 0.889482 0.315064 0.299891 0.140075 0.029716
3 25 24
3 -0.32877 0.0645375 0.0115988 0.0125
26 -0.341107 0.0490541 0.0178555 0.0125
25 -0.354622 0.0306869 0.0219078 0.0125
24 -0.372814 0.00630387 0.0347528 0.0125
4 -0.356038 0.0808756 0.0500041 0.0125
23 -0.358979 0.061709 0.0451046 0.0125
22 -0.361491 0.0425155 0.0400765 0.0125
21 -0.367695 0.0237742 0.0368687 0.0125
20 -0.37715 0.00623923 0.0386331 0.0125
11 -0.0893279 -0.0100235 0.0202008 0.0125
6 -0.23185 -0.141563 0.0121731 0.0125
10 -0.209761 -0.132437 0.0134357 0.0125
9 -0.19043 -0.123715 0.0139545 0.0125
2 -0.0976368 -0.0751025 0.0124117 0.0125
19 -0.366758 -0.0135773 0.0398843 0.0125
8 -0.166803 -0.113041 0.0146066 0.0125
5 -0.0780626 0.0215732 0.0253104 0.0125
12 -0.202096 -0.0394979 0.0250899 0.0125
13 -0.248765 -0.027357 0.0319633 0.0125
14 -0.267987 -0.0220788 0.0348743 0.0125
15 -0.287472 -0.0230077 0.0392923 0.0125
16 -0.307405 -0.0210359 0.0401008 0.0125
17 -0.327354 -0.0198662 0.0391895 0.0125
18 -0.346836 -0.0153514 0.0397057 0.0125
1 -0.386623 -0.0112924 0.0403358 0.0125
e_2_8 2 8 1 0.0125 -0.13222 -0.0940724 0.0135088 0.642556 0.57157 -0.399254 -0.317845 0.078919
e_8_9 8 9 2 0.0125 -0.178616 -0.118379 0.0142802 0.612888 0.57124 -0.431561 -0.334377 0.025934
e_9_10 9 10 3 0.0125 -0.200096 -0.128076 0.0136952 0.613038 0.570883 -0.431647 -0.334601 0.021215
e_10_6 10 6 4 0.0125 -0.220805 -0.137 0.012805 0.598044 0.572555 -0.445606 -0.340528 0.023933
e_2_11 2 11 1 0.0125 -0.0934826 -0.0425634 0.0163064 0.37216 -0.400877 -0.529484 -0.648415 0.066068
e_11_5 11 5 2 0.0125 -0.0836949 0.00577538 0.022756 0.493034 -0.565324 -0.324205 -0.576383 0.033932
e_2_12 2 12 1 0.0125 -0.149866 -0.0573002 0.0187508 0.528407 0.292882 -0.597624 -0.527117 0.111087
e_12_13 12 13 2 0.0125 -0.225431 -0.0334272 0.0285265 0.554047 0.310058 -0.577331 -0.513405 0.04871
e_13_14 13 14 3 0.0125 -0.258376 -0.0247184 0.0334184 0.55281 0.303949 -0.579118 -0.516371 0.020145
e_14_15 14 15 4 0.0125 -0.27773 -0.0225433 0.0370828 0.639087 0.382966 -0.492821 -0.44948 0.020001
e_15_16 15 16 5 0.0125 -0.297438 -0.0220217 0.039697 0.544715 0.400291 -0.565339 -0.472699 0.020047
e_16_17 16 17 6 0.0125 -0.31738 -0.020451 0.0396457 0.519403 0.444058 -0.570597 -0.455469 0.020005
e_17_18 17 18 7 0.0125 -0.337095 -0.0176087 0.0394481 0.512741 0.361873 -0.596796 -0.499979 0.020004
e_18_19 18 19 8 0.0125 -0.356797 -0.0144637 0.0397948 0.534482 0.414779 -0.568761 -0.467759 0.020002
e_19_1 19 1 9 0.0125 -0.37669 -0.0124353 0.0401096 0.53465 0.401448 -0.572318 -0.474806 0.020001
e_1_20 1 20 1 0.0125 -0.381886 -0.00252708 0.0394841 0.284133 -0.589989 -0.441004 -0.613757 0.02
e_20_21 20 21 2 0.0125 -0.372422 0.0150068 0.0377514 0.275665 -0.584671 -0.449729 -0.616371 0.02
e_21_22 21 22 3 0.0125 -0.364592 0.033145 0.038473 0.489643 -0.551375 -0.340288 -0.583471 0.02
e_22_23 22 23 4 0.0125 -0.360235 0.0521125 0.0425905 0.497712 -0.443397 -0.421555 -0.614796 0.02
e_23_4 23 4 5 0.0125 -0.357508 0.0712922 0.0475539 0.498618 -0.456036 -0.411753 -0.61145 0.02
e_1_24 1 24 1 0.0125 -0.379718 -0.00249467 0.0375439 -0.614793 0.643391 -0.45513 0.0305716 0.023054
e_24_25 24 25 2 0.0125 -0.363718 0.0184956 0.0283297 -0.549555 0.717464 -0.423946 0.0591899 0.033023
e_25_26 25 26 3 0.0125 -0.347865 0.0398705 0.0198817 0.319356 -0.701094 -0.309761 -0.55725 0.023161
e_26_3 26 3 4 0.0125 -0.334938 0.0567959 0.0147276 -0.567253 0.746662 -0.305211 0.166029 0.020762
4 20 19
3 -0.19919 -0.264993 0.0118464 0.0125
21 -0.198515 -0.218668 0.0142718 0.0125
4 -0.159744 -0.0762183 0.0357961 0.0125
20 -0.167975 -0.0937584 0.0407561 0.0125
5 0.03212 -0.0100157 0.0959698 0.0125
10 0.054753 -0.033094 0.0470574 0.0125
6 0.181955 -0.0460943 0.112466 0.0125
9 0.116005 -0.0363346 0.0403035 0.0125
2 0.0738881 -0.0405774 0.0111483 0.0125
19 -0.174118 -0.112766 0.0397812 0.0125
8 0.0933599 -0.0376705 0.0212392 0.0125
11 -0.0484614 -0.0720101 0.0188622 0.0125
12 -0.0910828 -0.099274 0.0290308 0.0125
13 -0.10952 -0.11281 0.0328855 0.0125
14 -0.130817 -0.130689 0.0320517 0.0125
15 -0.151697 -0.149014 0.0261407 0.0125
16 -0.169478 -0.159219 0.0241924 0.0125
1 -0.190015 -0.166347 0.0222637 0.0125
18 -0.180298 -0.131757 0.0386842 0.0125
17 -0.18455 -0.150511 0.0331886 0.0125
e_2_8 2 8 1 0.0125 0.0836244 -0.0391242 0.016194 0.448075 -0.479349 0.20531 -0.726155 0.022123
e_8_9 8 9 2 0.0125 0.104682 -0.0370024 0.030772 0.778386 -0.237384 0.349235 -0.464541 0.029631
e_9_6 9 6 3 0.0125 0.14898 -0.0412149 0.0763846 0.922918 0.00470775 0.364306 -0.124425 0.098246
e_2_10 2 10 1 0.0125 0.064321 -0.0368359 0.0291031 0.941049 -0.145606 -0.211701 0.220019 0.041372
e_10_5 10 5 2 0.0125 0.0434362 -0.0215555 0.0715136 0.953373 -0.223672 -0.181195 0.0906594 0.058628
e_2_11 2 11 1 0.0125 0.0127136 -0.0562931 0.0150053 0.59668 -0.240905 -0.641475 0.41767 0.126558
e_11_12 11 12 2 0.0125 -0.0697725 -0.0856423 0.023946 0.554652 -0.127317 -0.620703 0.539332 0.051608
e_12_13 12 13 3 0.0125 -0.100301 -0.106042 0.0309578 0.522288 -0.118323 -0.634756 0.557045 0.023195
e_13_14 13 14 4 0.0125 -0.120168 -0.12175 0.0324682 0.425687 -0.152974 -0.70112 0.551199 0.027818
e_14_15 14 15 5 0.0125 -0.141257 -0.139851 0.0290962 0.351594 -0.197987 -0.751577 0.521837 0.028404
e_15_16 15 16 6 0.0125 -0.160587 -0.154116 0.0251671 0.462978 -0.212195 -0.708698 0.488233 0.020593
e_16_1 16 1 7 0.0125 -0.179746 -0.162783 0.0232286 0.521655 -0.255488 -0.692044 0.428576 0.021824
e_1_17 1 17 1 0.0125 -0.187282 -0.158429 0.0277259 0.787943 -0.472447 -0.0606032 -0.390213 0.02
e_17_18 17 18 2 0.0125 -0.182424 -0.141134 0.0359362 0.67977 -0.569885 -0.194577 -0.418669 0.02
e_18_19 18 19 3 0.0125 -0.177208 -0.122262 0.0392324 0.552614 -0.635431 -0.262289 -0.471221 0.02
e_19_20 19 20 4 0.0125 -0.171047 -0.103263 0.0402685 0.550419 -0.636616 -0.265218 -0.470551 0.02
e_20_4 20 4 5 0.0125 -0.16386 -0.0849885 0.0382762 0.366657 -0.696571 -0.372539 -0.491494 0.02
e_1_21 1 21 1 0.0125 -0.194265 -0.192507 0.0182683 0.0581995 -0.0543167 -0.756037 0.64967 0.053606
e_21_3 21 3 2 0.0125 -0.198852 -0.241831 0.0130591 0.0138531 0.0040456 -0.725347 0.688232 0.046394
5 20 19
3 -0.000991591 0.0553679 0.0132823 0.0125
21 0.00970102 0.1258 0.0124155 0.0125
4 0.089512 0.0856046 0.0123571 0.0125
20 0.0622843 0.105511 0.0119552 0.0125
11 0.234501 0.0376044 0.155579 0.0125
10 0.248809 0.0398348 0.141393 0.0125
6 0.388533 0.0812092 0.011469 0.0125
9 0.25936 0.0377641 0.123398 0.0125
2 0.274942 0.0353749 0.0980486 0.0125
19 0.0336326 0.142728 0.0193968 0.0125
8 0.309174 0.0493215 0.0720567 0.0125
5 0.216225 0.0260845 0.174797 0.0125
12 0.257523 0.0426245 0.0825272 0.0125
13 0.157726 0.08378 0.0428542 0.0125
14 0.127585 0.0920059 0.0355184 0.0125
15 0.106814 0.103364 0.0319409 0.0125
16 0.086164 0.11475 0.0282064 0.0125
17 0.0684971 0.124105 0.0252985 0.0125
18 0.0500496 0.131338 0.0225537 0.0125
1 0.0166921 0.153385 0.016551 0.0125
e_2_8 2 8 1 0.0125 0.292058 0.0423489 0.0850526 0.386884 -0.727707 0.507983 -0.250435 0.045187
e_8_6 8 6 2 0.0125 0.348854 0.0652657 0.0417632 0.384712 -0.727682 0.509418 -0.250935 0.104813
e_2_9 2 9 1 0.0125 0.267151 0.0365687 0.110723 0.960403 -0.0548792 -0.269051 0.0471803 0.029851
e_9_10 9 10 2 0.0125 0.254085 0.0387994 0.132396 0.963031 -0.0626229 -0.258585 0.0422259 0.020963
e_10_11 10 11 3 0.0125 0.241655 0.03872 0.148487 0.915904 0.015684 -0.387114 0.104955 0.020272
e_11_5 11 5 4 0.0125 0.225363 0.0318442 0.165188 0.907903 0.183251 -0.366183 0.0896762 0.028914
e_2_12 2 12 1 0.0125 0.266232 0.0389997 0.0902872 0.35567 -0.751392 -0.503053 0.23632 0.024432
e_12_13 12 13 2 0.0125 0.207624 0.0632026 0.0626903 0.518722 -0.603635 -0.555069 0.241767 0.115009
e_13_14 13 14 3 0.0125 0.142655 0.0878929 0.0391856 0.565412 -0.500686 -0.602993 0.256948 0.032092
e_14_15 14 15 4 0.0125 0.1172 0.0976845 0.03373 0.617087 -0.559312 -0.51174 0.210941 0.023942
e_15_16 15 16 5 0.0125 0.0964887 0.109057 0.0300736 0.614291 -0.563411 -0.510659 0.210812 0.023875
e_16_17 16 17 6 0.0125 0.07733 0.119427 0.0267528 0.618594 -0.552209 -0.516774 0.212959 0.020201
e_17_18 17 18 7 0.0125 0.0592738 0.127721 0.0239258 0.614439 -0.505561 -0.559479 0.232068 0.020004
e_18_19 18 19 8 0.0125 0.0418417 0.137033 0.0209749 0.620699 -0.598362 -0.469024 0.191603 0.020229
e_19_1 19 1 9 0.0125 0.0251628 0.148056 0.0179736 0.624484 -0.577306 -0.486933 0.199082 0.020215
e_1_20 1 20 1 0.0125 0.0394887 0.129448 0.0142531 0.555224 0.138029 0.718069 -0.396298 0.066269
e_20_4 20 4 2 0.0125 0.0758978 0.0955584 0.0121561 0.59584 0.0375882 0.701873 -0.388506 0.033731
e_1_21 1 21 1 0.0125 0.013197 0.139592 0.0144829 0.654159 0.729243 -0.20028 0.0129593 0.028755
e_21_3 21 3 2 0.0125 0.00435527 0.0905845 0.0128492 0.70813 0.701738 -0.0385408 -0.0680458 0.071245
6 26 25
3 0.117288 0.255135 0.0121985 0.0125
27 0.0530882 0.25343 0.0327301 0.0125
4 -0.0730855 0.287595 0.0185751 0.0125
26 -0.0532874 0.281654 0.0216348 0.0125
25 -0.0242854 0.272529 0.0254786 0.0125
24 -0.00359508 0.26671 0.0255664 0.0125
1 0.0209166 0.258521 0.0332618 0.0125
23 0.0281594 0.239725 0.033642 0.0125
22 0.0391435 0.222874 0.0358538 0.0125
21 0.0467666 0.203849 0.038209 0.0125
12 0.183945 -0.117347 0.0994373 0.0125
11 0.170266 -0.103361 0.0951758 0.0125
10 0.155384 -0.0861885 0.0914187 0.0125
9 0.138261 -0.0666527 0.0851052 0.0125
2 0.0985774 -0.0252512 0.0694988 0.0125
19 0.052872 0.160052 0.0425064 0.0125
8 0.124459 -0.0523128 0.0796329 0.0125
6 0.196682 -0.133203 0.103688 0.0125
13 0.0579401 -0.00645682 0.0457102 0.0125
14 0.040266 0.00280826 0.0309093 0.0125
5 0.0267335 0.0104169 0.0120148 0.0125
15 0.0773886 0.0309322 0.0575437 0.0125
16 0.0648751 0.0900685 0.058862 0.0125
17 0.0596357 0.120621 0.0522013 0.0125
18 0.0560415 0.140048 0.0473978 0.0125
20 0.0496328 0.183079 0.0402278 0.0125
e_2_8 2 8 1 0.0125 0.111519 -0.0387817 0.0745663 0.703056 0.584176 0.167688 0.369231 0.038793
e_8_9 8 9 2 0.0125 0.13136 -0.0594823 0.0823686 0.706461 0.581044 0.172772 0.365308 0.020642
e_9_10 9 10 3 0.0125 0.146822 -0.0764206 0.0882619 0.676192 0.60752 0.113277 0.401063 0.026734
e_10_11 10 11 4 0.0125 0.162825 -0.094774 0.0932973 0.615138 0.644704 0.0527764 0.450752 0.023031
e_11_12 11 12 5 0.0125 0.177105 -0.110354 0.0973061 0.668326 0.610076 0.146275 0.39969 0.020022
e_12_6 12 6 6 0.0125 0.190313 -0.125274 0.101562 0.644698 0.628294 0.0544004 0.432032 0.020778
e_2_13 2 13 1 0.0125 0.0782586 -0.015854 0.057604 0.502933 -0.182684 -0.837392 -0.111623 0.050701
e_13_14 13 14 2 0.0125 0.049103 -0.00182428 0.0383097 0.435104 -0.202049 -0.870078 -0.113248 0.024845
e_14_5 14 5 3 0.0125 0.0334992 0.00661223 0.0214626 0.323283 -0.209348 -0.917874 -0.095752 0.024454
e_2_15 2 15 1 0.0125 0.0879835 0.00284032 0.0635212 0.520987 -0.438477 -0.636687 -0.361859 0.061224
e_15_16 15 16 2 0.0125 0.0711324 0.0605007 0.0582023 0.580855 -0.471646 -0.516386 -0.416537 0.060461
e_16_17 16 17 3 0.0125 0.0622554 0.105345 0.0555316 0.476683 -0.495812 -0.599338 -0.409558 0.031705
e_17_18 17 18 4 0.0125 0.057838 0.130335 0.0497991 0.468174 -0.492336 -0.612969 -0.403345 0.020333
e_18_19 18 19 5 0.0125 0.0544566 0.15005 0.0449521 0.463267 -0.499741 -0.606328 -0.409889 0.020836
e_19_20 19 20 6 0.0125 0.0512524 0.171565 0.0413671 0.518281 -0.500349 -0.546275 -0.427339 0.023364
e_20_21 20 21 7 0.0125 0.0481995 0.193463 0.0392184 0.518475 -0.500983 -0.544907 -0.428107 0.021064
e_21_22 21 22 8 0.0125 0.042955 0.213362 0.0370314 0.557705 -0.429126 -0.610693 -0.36314 0.020631
e_22_23 22 23 9 0.0125 0.0336514 0.2313 0.0347479 0.591845 -0.365427 -0.648929 -0.30834 0.020236
e_23_1 23 1 10 0.0125 0.0245382 0.249123 0.0334519 0.593069 -0.427406 -0.571618 -0.372621 0.020146
e_1_24 1 24 1 0.0125 0.00866085 0.262615 0.0294146 0.590767 -0.135208 -0.790202 -0.0910694 0.026965
e_24_25 24 25 2 0.0125 -0.0139403 0.269619 0.0255225 0.699698 -0.101665 -0.701208 -0.0916182 0.021493
e_25_26 25 26 3 0.0125 -0.0387863 0.277092 0.0235572 0.654426 -0.120106 -0.740468 -0.09491 0.030646
e_26_4 26 4 4 0.0125 -0.0631858 0.284625 0.0201049 0.647134 -0.116294 -0.748126 -0.0894514 0.020896
e_1_27 1 27 1 0.0125 0.0370024 0.255975 0.0329959 0.419478 -0.497616 0.510435 -0.562025 0.032576
e_27_3 27 3 2 0.0125 0.0851885 0.254282 0.0224642 -0.23566 -0.731504 -0.342289 -0.540559 0.067424
7 24 23
3 0.0885577 -0.0382318 0.0943677 0.0125
25 0.0897543 -0.00453046 0.08997 0.0125
24 0.0850068 0.0224028 0.0909859 0.0125
4 0.0667035 0.138927 0.147195 0.0125
23 0.0724215 0.122407 0.129989 0.0125
22 0.0780906 0.102968 0.116175 0.0125
21 0.0755635 0.0829993 0.103288 0.0125
1 0.0744628 0.059543 0.0898416 0.0125
12 -0.320971 0.0845617 0.081192 0.0125
11 -0.30243 0.091927 0.0730818 0.0125
10 -0.284011 0.098067 0.0675034 0.0125
9 -0.26508 0.106394 0.0590647 0.0125
2 -0.211283 0.125404 0.0381814 0.0125
19 0.0346888 0.0651737 0.079962 0.0125
8 -0.24233 0.113999 0.0519096 0.0125
6 -0.344212 0.0789103 0.0887456 0.0125
13 -0.216962 0.144429 0.0357724 0.0125
14 -0.222044 0.16328 0.0314346 0.0125
15 -0.227821 0.1819 0.0269705 0.0125
16 -0.232794 0.200261 0.0207936 0.0125
5 -0.240014 0.21696 0.0124864 0.0125
17 -0.086037 0.107803 0.0517561 0.0125
18 0.0119686 0.0725084 0.072008 0.0125
20 0.0547392 0.0640599 0.0852339 0.0125
e_2_8 2 8 1 0.0125 -0.226806 0.119702 0.0450454 0.628946 -0.196224 -0.519449 0.544146 0.035811
e_8_9 8 9 2 0.0125 -0.253705 0.110197 0.055487 0.557417 -0.275674 -0.530179 0.576368 0.025032
e_9_10 9 10 3 0.0125 -0.274545 0.10223 0.063284 0.618702 -0.172923 -0.530275 0.553275 0.022337
e_10_11 10 11 4 0.0125 -0.29322 0.0949973 0.0702925 0.550103 -0.282828 -0.530985 0.57918 0.020201
e_11_12 11 12 5 0.0125 -0.311701 0.0882449 0.0771368 0.621071 -0.189706 -0.525072 0.550074 0.021536
e_12_6 12 6 6 0.0125 -0.332591 0.0817365 0.0849692 0.583466 -0.295555 -0.51194 0.556895 0.025083
e_2_13 2 13 1 0.0125 -0.214123 0.134917 0.0369769 0.649798 -0.745517 -0.0665363 0.13244 0.02
e_13_14 13 14 2 0.0125 -0.219503 0.153855 0.033604 0.613427 -0.778401 -0.0502875 0.123572 0.02
e_14_15 14 15 3 0.0125 -0.224932 0.172591 0.029202 0.607938 -0.779616 -0.0618159 0.137072 0.02
e_15_16 15 16 4 0.0125 -0.230307 0.191081 0.023882 0.574711 -0.807841 -0.0424606 0.12368 0.02
e_16_5 16 5 5 0.0125 -0.236404 0.20861 0.0166395 0.513249 -0.837965 -0.0742135 0.169949 0.02
e_2_17 2 17 1 0.0125 -0.148661 0.116604 0.0449688 0.501822 -0.425798 0.515109 -0.549121 0.127203
e_17_18 17 18 2 0.0125 -0.0370347 0.090156 0.0618821 0.488061 -0.327208 0.545446 -0.597679 0.106118
e_18_19 18 19 3 0.0125 0.0233293 0.068841 0.0759855 0.564946 -0.274249 0.516477 -0.582129 0.025165
e_19_20 19 20 4 0.0125 0.0447141 0.0646172 0.0825974 0.592246 -0.379424 0.478637 -0.525536 0.020761
e_20_1 20 1 5 0.0125 0.0646015 0.0618014 0.0875377 0.535965 -0.347076 0.518177 -0.56901 0.020752
e_1_21 1 21 1 0.0125 0.0750135 0.0712706 0.0965654 0.864954 -0.501362 0.0131863 -0.0178124 0.02706
e_21_22 21 22 2 0.0125 0.0768274 0.0929831 0.109732 0.87603 -0.478727 0.0348582 -0.0466481 0.0239
e_22_23 22 23 3 0.0125 0.0752567 0.112688 0.123082 0.880107 -0.458947 -0.0872331 0.0846803 0.024511
e_23_4 23 4 4 0.0125 0.0695625 0.130667 0.138592 0.919211 -0.374265 -0.0957917 0.0761646 0.024529
e_1_24 1 24 1 0.0125 0.0797353 0.0409728 0.0904137 0.0146884 -0.176473 0.673833 -0.71735 0.038625
e_24_25 24 25 2 0.0125 0.0873799 0.00893578 0.0904776 -0.145223 -0.270658 0.667311 -0.678491 0.027368
e_25_3 25 3 3 0.0125 0.0891559 -0.0213816 0.0921689 0.08617 0.0988548 0.652352 -0.746484 0.034008
8 21 20
3 -0.0108929 0.0283345 0.0129754 0.0125
22 -0.0470035 0.0584833 0.0617349 0.0125
4 -0.0301052 0.00230008 0.0228701 0.0125
21 -0.0441193 0.0417709 0.0551136 0.0125
20 -0.0529578 0.0576233 0.0684464 0.0125
11 0.177921 -0.066833 0.199537 0.0125
6 0.0406782 -0.163854 0.201856 0.0125
10 0.0586692 -0.155084 0.199388 0.0125
9 0.0759506 -0.145725 0.195665 0.0125
2 0.16373 -0.0804151 0.195777 0.0125
19 -0.0547387 0.0530665 0.0917618 0.0125
8 0.0903 -0.131904 0.192973 0.0125
12 0.192408 -0.0540096 0.204609 0.0125
13 0.209813 -0.0467103 0.211222 0.0125
14 0.228158 -0.0432539 0.2184 0.0125
5 0.246823 -0.0413819 0.225337 0.0125
15 0.0227336 0.00182442 0.120332 0.0125
16 -0.000477634 0.0166156 0.106615 0.0125
17 -0.0229285 0.0259928 0.102697 0.0125
18 -0.0401885 0.0380543 0.0998749 0.0125
1 -0.0650222 0.0704618 0.085646 0.0125
e_2_8 2 8 1 0.0125 0.127015 -0.10616 0.194375 0.638805 0.611746 -0.376022 -0.276227 0.089728
e_8_9 8 9 2 0.0125 0.0831253 -0.138814 0.194319 0.681607 0.61464 -0.235059 -0.319963 0.020103
e_9_10 9 10 3 0.0125 0.0673104 -0.150404 0.197527 0.684403 0.527151 -0.359236 -0.353065 0.020003
e_10_6 10 6 4 0.0125 0.0496742 -0.159469 0.200623 0.668922 0.527252 -0.401011 -0.337253 0.020166
e_2_11 2 11 1 0.0125 0.170826 -0.0736245 0.197657 0.431187 -0.628021 -0.107621 -0.638815 0.02
e_11_12 11 12 2 0.0125 0.185165 -0.0604214 0.202074 0.452077 -0.606746 -0.0712374 -0.649931 0.02
e_12_13 12 13 3 0.0125 0.201111 -0.0503596 0.207915 0.475406 -0.563902 0.129163 -0.662812 0.02
e_13_14 13 14 4 0.0125 0.218986 -0.0449824 0.214812 0.492739 -0.508691 0.248545 -0.660808 0.02
e_14_5 14 5 5 0.0125 0.237491 -0.0423176 0.221869 0.49361 -0.488563 0.296474 -0.65556 0.02
e_2_15 2 15 1 0.0125 0.0932315 -0.039295 0.158054 0.440935 0.0706831 -0.839515 -0.309508 0.179821
e_15_16 15 16 2 0.0125 0.011128 0.00922001 0.113473 0.427375 0.047378 -0.848993 -0.30711 0.030752
e_16_17 16 17 3 0.0125 -0.0117035 0.0213041 0.104655 0.536784 0.15125 -0.746067 -0.363829 0.024644
e_17_18 17 18 4 0.0125 -0.0315583 0.0320233 0.101285 0.522285 0.0337722 -0.751837 -0.401022 0.021244
e_18_19 18 19 5 0.0125 -0.0474631 0.0455601 0.0958188 0.43056 -0.0798388 -0.82128 -0.365708 0.022426
e_19_1 19 1 6 0.0125 -0.0598806 0.0617648 0.088704 0.425137 -0.206759 -0.775957 -0.417612 0.021113
e_1_20 1 20 1 0.0125 -0.0589898 0.0640427 0.0770455 0.268438 0.00840983 0.921523 -0.280475 0.024621
e_20_21 20 21 2 0.0125 -0.0485385 0.0496971 0.06178 0.422289 0.574493 0.682619 -0.160195 0.02252
e_21_4 21 4 3 0.0125 -0.037112 0.0220358 0.0389924 0.436574 0.790818 0.423802 -0.066341 0.052859
e_1_22 1 22 1 0.0125 -0.0560128 0.064473 0.0736902 -0.000412931 -0.777692 0.515692 -0.359524 0.032247
e_22_3 22 3 2 0.0125 -0.028948 0.0434091 0.0373545 0.121927 -0.479456 0.793695 -0.353983 0.067753
9 24 23
3 -0.14551 -0.148777 0.0541136 0.0125
25 -0.159159 -0.120075 0.0611364 0.0125
24 -0.178909 -0.0877231 0.0705186 0.0125
4 -0.2384 -0.116262 0.0147316 0.0125
23 -0.222972 -0.103216 0.0295311 0.0125
22 -0.214494 -0.0909516 0.0443287 0.0125
1 -0.185351 -0.0613014 0.0787096 0.0125
21 -0.174001 -0.0422525 0.0799981 0.0125
6 -0.168787 0.296026 0.231957 0.0125
11 -0.168648 0.284459 0.213393 0.0125
10 -0.163974 0.276121 0.195578 0.0125
9 -0.155401 0.266144 0.171582 0.0125
2 -0.143013 0.229412 0.102008 0.0125
19 -0.163541 -0.00307872 0.0820103 0.0125
8 -0.150227 0.260706 0.150465 0.0125
12 -0.160633 0.221717 0.0964985 0.0125
13 -0.178193 0.213852 0.0910418 0.0125
14 -0.196088 0.205845 0.0870894 0.0125
15 -0.214046 0.197039 0.0872071 0.0125
5 -0.232865 0.190348 0.086186 0.0125
16 -0.156236 0.155074 0.0864676 0.0125
17 -0.159198 0.0513731 0.0754145 0.0125
18 -0.160675 0.0217705 0.0811119 0.0125
20 -0.165869 -0.0232361 0.0826874 0.0125
e_2_8 2 8 1 0.0125 -0.146621 0.245059 0.126237 0.952823 -0.273352 -0.0921956 -0.0943769 0.058133
e_8_9 8 9 2 0.0125 -0.152814 0.263425 0.161024 0.983406 -0.1153 -0.124831 -0.0635233 0.022412
e_9_10 9 10 3 0.0125 -0.159688 0.271132 0.18358 0.966996 -0.178166 -0.172664 -0.057987 0.027364
e_10_11 10 11 4 0.0125 -0.16631 0.28029 0.204485 0.967114 -0.203092 -0.134773 -0.0726626 0.020218
e_11_6 11 6 5 0.0125 -0.168717 0.290242 0.222676 0.955019 -0.272794 -0.0350096 -0.110889 0.021873
e_2_12 2 12 1 0.0125 -0.151823 0.225565 0.0992532 0.570596 0.0701348 -0.795502 0.191516 0.02
e_12_13 12 13 2 0.0125 -0.169412 0.217785 0.0937695 0.571568 0.0771947 -0.794013 0.19208 0.02
e_13_14 13 14 3 0.0125 -0.187141 0.209848 0.0890654 0.605909 0.0964368 -0.767782 0.184622 0.02
e_14_15 14 15 4 0.0125 -0.205067 0.201442 0.0871489 0.690041 0.155942 -0.687565 0.163644 0.02
e_15_5 15 5 5 0.0125 -0.223455 0.193694 0.0866963 0.669334 0.0747385 -0.721079 0.162639 0.02
e_2_16 2 16 1 0.0125 -0.149625 0.192244 0.0942379 0.614892 0.711455 -0.307613 0.145308 0.077088
e_16_17 16 17 2 0.0125 -0.157717 0.103224 0.080941 0.662281 0.733383 -0.122975 0.0917031 0.10433
e_17_18 17 18 3 0.0125 -0.159937 0.0365722 0.0782629 0.769074 0.632291 -0.0762494 0.0540358 0.030182
e_18_19 18 19 4 0.0125 -0.162108 0.00934585 0.0815612 0.713938 0.674211 -0.165839 0.0907109 0.025031
e_19_20 19 20 5 0.0125 -0.164705 -0.0131572 0.0823494 0.71301 0.674921 -0.166706 0.0911452 0.020302
e_20_21 20 21 6 0.0125 -0.169935 -0.0327436 0.0813431 0.637706 0.591507 -0.463253 0.169843 0.020856
e_21_1 21 1 7 0.0125 -0.179676 -0.0517765 0.0793537 0.664714 0.512571 -0.516018 0.170739 0.022211
e_1_22 1 22 1 0.0125 -0.199923 -0.0761267 0.0615186 0.34462 0.149564 -0.892341 0.250191 0.05395
e_22_23 22 23 2 0.0125 -0.218733 -0.0970836 0.0369293 0.278593 0.188613 -0.903687 0.264879 0.021005
e_23_4 23 4 3 0.0125 -0.230686 -0.109738 0.0221311 0.382918 0.125232 -0.883054 0.24064 0.025045
e_1_24 1 24 1 0.0125 -0.18213 -0.0745119 0.0746145 0.595976 0.787043 0.157338 0.0249228 0.028403
e_24_25 24 25 2 0.0125 -0.169035 -0.103898 0.0658271 0.606019 0.586154 0.525895 -0.112244 0.039048
e_25_3 25 3 3 0.0125 -0.152334 -0.134425 0.0576247 0.622425 0.663184 0.409958 -0.068618 0.03255
10 29 28
3 -0.119836 0.0766373 0.201719 0.0125
30 -0.10548 0.0882845 0.194088 0.0125
29 -0.0898386 0.10003 0.189915 0.0125
28 -0.0745201 0.112172 0.185684 0.0125
27 -0.0590574 0.123089 0.179222 0.0125
4 -0.115203 0.0707596 0.198165 0.0125
26 -0.100982 0.0817163 0.18935 0.0125
25 -0.0879291 0.0946866 0.181514 0.0125
24 -0.0736596 0.108649 0.180319 0.0125
23 -0.0605062 0.12349 0.177723 0.0125
1 -0.0479634 0.137467 0.170845 0.0125
22 -0.0415463 0.120618 0.162107 0.0125
21 -0.0356677 0.103983 0.152685 0.0125
12 -0.0763562 -0.255912 0.0597109 0.0125
11 -0.0694126 -0.239659 0.0692102 0.0125
10 -0.0635164 -0.221615 0.078641 0.0125
9 -0.054387 -0.204994 0.0880147 0.0125
2 -0.0247728 -0.148524 0.109849 0.0125
19 -0.0302892 0.0674489 0.137651 0.0125
8 -0.0445736 -0.187079 0.0968411 0.0125
6 -0.0827051 -0.272238 0.049895 0.0125
13 -0.0571623 -0.17028 0.155395 0.0125
5 -0.0667334 -0.187432 0.190271 0.0125
14 -0.0270461 -0.12549 0.110555 0.0125
15 -0.022319 -0.062076 0.11076 0.0125
16 -0.0224055 0.00646137 0.121779 0.0125
17 -0.0268328 0.0273942 0.126605 0.0125
18 -0.0287683 0.0477986 0.133114 0.0125
20 -0.0311913 0.0864283 0.1439 0.0125
e_2_8 2 8 1 0.0125 -0.0346736 -0.167801 0.103344 0.595415 0.737663 -0.315563 -0.0418741 0.045253
e_8_9 8 9 2 0.0125 -0.0494806 -0.196036 0.0924275 0.547262 0.764362 -0.337751 -0.0466709 0.022252
e_9_10 9 10 3 0.0125 -0.0589515 -0.213304 0.0833276 0.52567 0.777308 -0.342568 -0.0459383 0.021154
e_10_11 10 11 4 0.0125 -0.0664644 -0.230636 0.0739258 0.526824 0.807611 -0.264993 0.000645644 0.021196
e_11_12 11 12 5 0.0125 -0.0728841 -0.247786 0.064461 0.512699 0.802344 -0.304876 -0.0208313 0.020066
e_12_6 12 6 6 0.0125 -0.0795307 -0.264075 0.054803 0.505388 0.811591 -0.292826 -0.0124544 0.02008
e_2_13 2 13 1 0.0125 -0.0409676 -0.159401 0.132622 0.929801 0.229535 -0.25999 -0.123241 0.059974
e_13_5 13 5 2 0.0125 -0.061948 -0.178856 0.172833 0.966122 0.227318 -0.112575 -0.0475483 0.040026
e_2_14 2 14 1 0.0125 -0.0259098 -0.137006 0.110201 0.633707 -0.579606 -0.385787 -0.337108 0.023156
e_14_15 14 15 2 0.0125 -0.0246831 -0.0937829 0.110657 0.655852 -0.67174 -0.217145 -0.26734 0.06359
e_15_16 15 16 3 0.0125 -0.0223628 -0.0278072 0.116269 0.715456 -0.609327 -0.222136 -0.259804 0.069418
e_16_17 16 17 4 0.0125 -0.0246196 0.0169279 0.124192 0.714913 -0.507252 -0.36429 -0.314464 0.021933
e_17_18 17 18 5 0.0125 -0.0278005 0.0375964 0.12986 0.764935 -0.539341 -0.240311 -0.257366 0.021505
e_18_19 18 19 6 0.0125 -0.0295287 0.0576235 0.135382 0.73348 -0.565371 -0.261161 -0.272319 0.020224
e_19_20 19 20 7 0.0125 -0.0307407 0.0769387 0.140775 0.774215 -0.551554 -0.198924 -0.238346 0.020002
e_20_21 20 21 8 0.0125 -0.0334295 0.0952058 0.148292 0.805154 -0.447824 -0.285106 -0.264379 0.020135
e_21_22 21 22 9 0.0125 -0.038607 0.112301 0.157396 0.813039 -0.405149 -0.316754 -0.272927 0.020001
e_22_1 22 1 10 0.0125 -0.0447546 0.129043 0.166477 0.797216 -0.402747 -0.346003 -0.28727 0.020035
e_1_23 1 23 1 0.0125 -0.0542348 0.130479 0.174284 0.812884 0.472043 -0.324372 -0.105726 0.02
e_23_24 23 24 2 0.0125 -0.0670831 0.11607 0.179022 0.743833 0.551277 -0.362204 -0.10777 0.02
e_24_25 24 25 3 0.0125 -0.0807946 0.101668 0.180917 0.716998 0.556908 -0.399993 -0.125589 0.02
e_25_26 25 26 4 0.0125 -0.0944558 0.0882014 0.185433 0.825976 0.439683 -0.332825 -0.116923 0.02
e_26_4 26 4 5 0.0125 -0.108092 0.076238 0.193758 0.836903 0.387977 -0.359313 -0.141285 0.02
e_1_27 1 27 1 0.0125 -0.0535106 0.130278 0.175034 0.837709 0.458694 -0.283159 -0.0875476 0.02
e_27_28 27 28 2 0.0125 -0.0667892 0.11763 0.182453 0.798244 0.420487 -0.402049 -0.156054 0.02
e_28_29 28 29 3 0.0125 -0.0821798 0.106101 0.187799 0.764164 0.476313 -0.409101 -0.147701 0.02
e_29_30 29 30 4 0.0125 -0.0976591 0.0941573 0.192001 0.762024 0.46975 -0.418345 -0.15376 0.02
e_30_3 30 3 5 0.0125 -0.112658 0.0824616 0.197904 0.81943 0.41762 -0.367154 -0.139021 0.02
11 29 28
3 -0.019632 -0.224082 0.229248 0.0125
30 -0.020662 -0.208457 0.216807 0.0125
29 -0.0189875 -0.192602 0.204732 0.0125
28 -0.0174084 -0.177055 0.19225 0.0125
27 -0.0194326 -0.158959 0.183975 0.0125
4 0.0130236 -0.076633 0.111504 0.0125
26 0.0105865 -0.090035 0.127052 0.0125
25 0.00442935 -0.106263 0.137917 0.0125
24 -0.00503524 -0.120707 0.150076 0.0125
1 -0.0235627 -0.141186 0.175787 0.0125
23 -0.0376395 -0.143254 0.161378 0.0125
22 -0.0529852 -0.140214 0.1489 0.0125
21 -0.069824 -0.136949 0.137979 0.0125
12 -0.206897 -0.111341 0.189269 0.0125
11 -0.221237 -0.0992061 0.173013 0.0125
10 -0.232735 -0.0860414 0.158342 0.0125
9 -0.240663 -0.0743603 0.140629 0.0125
2 -0.273731 -0.0504411 0.107498 0.0125
19 -0.10067 -0.133105 0.112574 0.0125
8 -0.25931 -0.0594865 0.118314 0.0125
6 -0.189449 -0.124004 0.205281 0.0125
13 -0.273097 -0.0292516 0.0897308 0.0125
14 -0.270192 0.000905582 0.0677276 0.0125
5 -0.262607 0.0309764 0.0517282 0.0125
15 -0.222367 -0.0749767 0.0930122 0.0125
16 -0.152836 -0.10732 0.0930919 0.0125
17 -0.132239 -0.117625 0.0938555 0.0125
18 -0.115839 -0.127475 0.100717 0.0125
20 -0.0868874 -0.134386 0.127553 0.0125
e_2_8 2 8 1 0.0125 -0.266521 -0.0549635 0.112906 0.863062 0.322923 0.357183 0.152527 0.020169
e_8_9 8 9 2 0.0125 -0.249987 -0.0669234 0.129472 0.908191 0.289645 0.272981 0.129519 0.032662
e_9_10 9 10 3 0.0125 -0.236699 -0.0802011 0.149485 0.940077 0.288788 0.160013 0.0851648 0.022651
e_10_11 10 11 4 0.0125 -0.226986 -0.0926246 0.165678 0.900702 0.347239 0.240727 0.101053 0.02282
e_11_12 11 12 5 0.0125 -0.214068 -0.105274 0.181141 0.900769 0.309815 0.277212 0.125636 0.024842
e_12_6 12 6 6 0.0125 -0.198173 -0.117673 0.197275 0.882455 0.31738 0.318048 0.139242 0.026855
e_2_13 2 13 1 0.0125 -0.273414 -0.0398457 0.0986143 0.0730139 -0.129665 0.896856 0.41654 0.02766
e_13_14 13 14 2 0.0125 -0.271645 -0.0141728 0.0787291 0.146865 -0.206025 0.866819 0.429661 0.037444
e_14_5 14 5 3 0.0125 -0.266399 0.0159407 0.0597282 0.284862 -0.278489 0.807267 0.435452 0.034897
e_2_15 2 15 1 0.0125 -0.248049 -0.0627088 0.100255 0.588807 0.527514 0.587394 0.173217 0.058737
e_15_16 15 16 2 0.0125 -0.187602 -0.0911484 0.0930527 0.683723 0.452718 0.542704 0.181772 0.076686
e_16_17 16 17 3 0.0125 -0.142537 -0.112473 0.0934735 0.696839 0.453894 0.52671 0.175986 0.023044
e_17_18 17 18 4 0.0125 -0.124038 -0.12255 0.0972861 0.802022 0.387033 0.4259 0.159923 0.020324
e_18_19 18 19 5 0.0125 -0.108254 -0.130289 0.106646 0.872737 0.241449 0.382297 0.18407 0.020059
e_19_20 19 20 6 0.0125 -0.0937784 -0.133746 0.120064 0.908582 0.112462 0.346617 0.204175 0.020395
e_20_21 20 21 7 0.0125 -0.0783555 -0.135667 0.132766 0.842243 0.194317 0.45128 0.221841 0.020159
e_21_22 21 22 8 0.0125 -0.0614048 -0.138581 0.143439 0.850216 0.203959 0.435747 0.213679 0.020334
e_22_23 22 23 9 0.0125 -0.0453126 -0.141734 0.155138 0.877296 0.179043 0.395166 0.205279 0.020011
e_23_1 23 1 10 0.0125 -0.0306017 -0.14222 0.168582 0.895157 0.0413881 0.377497 0.233402 0.02025
e_1_24 1 24 1 0.0125 -0.0142994 -0.130947 0.162931 0.197412 0.198308 0.895195 0.346883 0.037732
e_24_25 24 25 2 0.0125 -0.000303166 -0.113484 0.143996 0.242916 0.0217478 0.887344 0.39133 0.02112
e_25_26 25 26 3 0.0125 0.00750795 -0.0981485 0.132485 0.240741 -0.137145 0.864005 0.420394 0.020477
e_26_4 26 4 4 0.0125 0.0118051 -0.0833343 0.119277 0.00575209 0.152448 0.923494 0.351973 0.020671
e_1_27 1 27 1 0.0125 -0.0214978 -0.150073 0.179881 0.83947 0.529401 0.122574 0.00067367 0.02
e_27_28 27 28 2 0.0125 -0.0184201 -0.168007 0.188112 0.840481 0.536349 0.0739015 -0.0214402 0.02
e_28_29 28 29 3 0.0125 -0.0181977 -0.184828 0.19849 0.900528 0.432633 -0.0279388 -0.0331328 0.02
e_29_30 29 30 4 0.0125 -0.0198252 -0.20053 0.21077 0.894726 0.444184 -0.0285219 -0.0367691 0.02
e_30_3 30 3 5 0.0125 -0.020147 -0.216269 0.223028 0.900538 0.433496 0.0324037 -0.00792993 0.02
12 21 20
3 -0.145149 0.0515295 0.0133483 0.0125
22 -0.14627 0.0299228 0.0331384 0.0125
21 -0.142408 -0.00395643 0.0530284 0.0125
4 -0.159085 0.0568336 0.0281233 0.0125
20 -0.145337 0.027606 0.044908 0.0125
11 -0.0449717 -0.270726 0.129474 0.0125
6 0.0442835 -0.165763 0.0999463 0.0125
10 0.0294356 -0.179126 0.113145 0.0125
9 0.0198276 -0.194304 0.123422 0.0125
2 -0.0190978 -0.285938 0.156929 0.0125
19 -0.127168 -0.0495884 0.0637917 0.0125
8 0.00347816 -0.222984 0.134317 0.0125
12 -0.0740402 -0.261085 0.106596 0.0125
5 -0.0897256 -0.253037 0.0950113 0.0125
13 -0.0620753 -0.150677 0.110349 0.0125
14 -0.0757967 -0.131352 0.103671 0.0125
15 -0.0883113 -0.117909 0.0939018 0.0125
16 -0.0995545 -0.0981685 0.0868294 0.0125
17 -0.109536 -0.0840388 0.0758101 0.0125
18 -0.120164 -0.0678656 0.0682058 0.0125
1 -0.136291 -0.031841 0.065622 0.0125
e_2_8 2 8 1 0.0125 -0.00780981 -0.254461 0.145623 -0.0686329 0.362398 0.727196 0.578916 0.070598
e_8_9 8 9 2 0.0125 0.0116527 -0.208643 0.12887 -0.0317311 0.438858 0.681242 0.58507 0.034765
e_9_10 9 10 3 0.0125 0.0246318 -0.186714 0.118284 -0.156201 0.667285 0.550488 0.476755 0.020695
e_10_6 10 6 4 0.0125 0.0368593 -0.172445 0.106546 -0.0902289 0.75486 0.453672 0.465002 0.023942
e_2_11 2 11 1 0.0125 -0.0320345 -0.278331 0.143202 0.198461 0.458367 -0.792068 -0.350916 0.040677
e_11_12 11 12 2 0.0125 -0.0595066 -0.265906 0.118035 0.323321 0.384367 -0.807158 -0.310196 0.038228
e_12_5 12 5 3 0.0125 -0.081883 -0.25706 0.100803 0.324534 0.296927 -0.828493 -0.34657 0.021095
e_2_13 2 13 1 0.0125 -0.0405865 -0.218308 0.133639 0.532808 -0.598522 -0.545611 -0.245349 0.149372
e_13_14 13 14 2 0.0125 -0.068936 -0.141015 0.10701 0.508232 -0.298243 -0.739356 -0.325736 0.024624
e_14_15 14 15 3 0.0125 -0.0820537 -0.124631 0.0987866 0.295503 0.118341 -0.848999 -0.421751 0.020803
e_15_16 15 16 4 0.0125 -0.0939328 -0.108039 0.0903658 0.483162 -0.339532 -0.730311 -0.343392 0.023794
e_16_17 16 17 5 0.0125 -0.104545 -0.0911044 0.0813193 0.143595 0.268978 -0.834424 -0.459095 0.02051
e_17_18 17 18 6 0.0125 -0.11485 -0.0759522 0.0720079 0.386074 -0.143044 -0.813877 -0.409987 0.020794
e_18_19 18 19 7 0.0125 -0.123666 -0.0587267 0.0659982 0.612202 -0.659737 -0.418022 -0.123343 0.020065
e_19_1 19 1 8 0.0125 -0.131729 -0.040714 0.064707 0.73419 -0.629811 -0.240122 0.0815182 0.020038
e_1_20 1 20 1 0.0125 -0.140814 -0.00211788 0.0552655 0.333123 -0.562094 0.58898 0.475586 0.0636
e_20_4 20 4 2 0.0125 -0.152211 0.0422205 0.0365158 0.14349 0.135808 -0.84387 -0.49885 0.0364
e_1_21 1 21 1 0.0125 -0.13935 -0.0178985 0.0593246 -0.0778575 0.294358 -0.784327 -0.540483 0.031203
e_21_22 21 22 2 0.0125 -0.144339 0.0129832 0.0430834 -0.497528 0.865203 0.0578636 -0.0232652 0.039475
e_22_3 22 3 3 0.0125 -0.14571 0.0407266 0.0232431 -0.399887 0.912511 0.0691642 0.0512856 0.029322
13 25 24
3 -0.241038 0.15399 0.0611428 0.0125
26 -0.227701 0.156166 0.0758861 0.0125
25 -0.213113 0.158054 0.0894374 0.0125
24 -0.196074 0.158198 0.0999092 0.0125
23 -0.177888 0.161025 0.107737 0.0125
4 -0.216089 0.241657 0.101273 0.0125
22 -0.203653 0.227976 0.109569 0.0125
21 -0.191267 0.211357 0.112507 0.0125
20 -0.179691 0.192197 0.115337 0.0125
11 0.118576 0.345137 0.210348 0.0125
10 0.102301 0.329913 0.215041 0.0125
6 0.148208 0.411739 0.145191 0.0125
9 0.132205 0.388483 0.162863 0.0125
2 0.0746198 0.308562 0.224206 0.0125
19 -0.141314 0.172679 0.116391 0.0125
8 0.104602 0.339967 0.198858 0.0125
12 0.136069 0.355654 0.210275 0.0125
5 0.155443 0.362688 0.21188 0.0125
13 0.0477479 0.299164 0.214827 0.0125
14 0.00577939 0.270147 0.192357 0.0125
15 -0.033721 0.244752 0.177939 0.0125
16 -0.0886635 0.209767 0.13826 0.0125
17 -0.108024 0.197225 0.129197 0.0125
18 -0.125003 0.183911 0.119293 0.0125
1 -0.158765 0.162679 0.113357 0.0125
e_2_8 2 8 1 0.0125 0.089611 0.324265 0.211532 -0.0792396 0.691044 0.523969 0.491565 0.050277
e_8_9 8 9 2 0.0125 0.118403 0.364225 0.180861 -0.148861 0.650048 0.590262 0.454829 0.066418
e_9_6 9 6 3 0.0125 0.140207 0.400111 0.154027 -0.125061 0.665164 0.568215 0.468026 0.033305
e_2_10 2 10 1 0.0125 0.0884606 0.319237 0.219624 -0.0176382 0.640602 0.46522 0.610645 0.03614
e_10_11 10 11 2 0.0125 0.110439 0.337524 0.212694 -0.0424157 0.601538 0.491117 0.628615 0.022775
e_11_12 11 12 3 0.0125 0.127322 0.350396 0.210311 0.0410303 0.584833 0.399696 0.704649 0.020411
e_12_5 12 5 4 0.0125 0.145756 0.359171 0.211077 0.1073 0.597611 0.322581 0.726147 0.020675
e_2_13 2 13 1 0.0125 0.0611833 0.303864 0.219517 0.554189 0.501872 -0.636073 -0.190813 0.029973
e_13_14 13 14 2 0.0125 0.0267633 0.284656 0.203591 0.525303 0.647326 -0.531492 -0.15014 0.055752
e_14_15 14 15 3 0.0125 -0.0139709 0.257449 0.185148 0.592725 0.483578 -0.642581 -0.0438088 0.049122
e_15_16 15 16 4 0.0125 -0.0611916 0.22726 0.158099 0.413777 0.789087 -0.370763 -0.26204 0.076269
e_16_17 16 17 5 0.0125 -0.098344 0.203496 0.133729 0.548454 0.595122 -0.573279 -0.127985 0.024785
e_17_18 17 18 6 0.0125 -0.116514 0.190569 0.124245 0.523645 0.664779 -0.5164 -0.131133 0.023741
e_18_19 18 19 7 0.0125 -0.133158 0.178295 0.117842 0.635807 0.271859 -0.706087 0.152587 0.020015
e_19_1 19 1 8 0.0125 -0.150039 0.167679 0.114874 0.635239 0.21799 -0.726009 0.147859 0.020341
e_1_20 1 20 1 0.0125 -0.169228 0.177438 0.114347 -0.360709 -0.0664805 0.684289 0.630252 0.036238
e_20_21 20 21 2 0.0125 -0.185479 0.201777 0.113922 -0.396384 0.0743444 0.746446 0.529312 0.022563
e_21_22 21 22 3 0.0125 -0.19746 0.219666 0.111038 -0.417893 0.0382327 0.754133 0.50516 0.020934
e_22_4 22 4 4 0.0125 -0.209871 0.234817 0.105421 -0.463096 0.233891 0.806216 0.284347 0.020265
e_1_23 1 23 1 0.0125 -0.168326 0.161852 0.110546 -0.0495232 0.78892 0.134548 -0.597536 0.02
e_23_24 23 24 2 0.0125 -0.186981 0.159612 0.103823 0.13349 0.83068 -0.0751078 -0.535266 0.02
e_24_25 24 25 3 0.0125 -0.204594 0.158126 0.0946735 -0.247757 0.748205 0.449443 -0.420484 0.02
e_25_26 25 26 4 0.0125 -0.220407 0.15711 0.0826622 -0.0597693 0.880666 0.251425 -0.397041 0.02
e_26_3 26 3 5 0.0125 -0.234369 0.155078 0.0685139 -0.0348901 0.901101 0.237918 -0.360824 0.02
14 27 26
3 0.122757 0.113212 0.233761 0.0125
28 0.0986354 0.111114 0.220662 0.0125
27 0.0772519 0.102187 0.206886 0.0125
4 0.115431 0.142411 0.13301 0.0125
26 0.10269 0.127344 0.136275 0.0125
25 0.0915258 0.112176 0.143004 0.0125
24 0.0794959 0.0982883 0.150905 0.0125
23 0.066279 0.0876239 0.161468 0.0125
1 0.0526244 0.0814533 0.174715 0.0125
22 0.0525504 0.0641444 0.164662 0.0125
21 0.0548634 0.0463781 0.155682 0.0125
11 0.169783 -0.200792 0.103819 0.0125
10 0.173665 -0.181387 0.100922 0.0125
6 0.266712 -0.0691847 0.0181246 0.0125
9 0.246525 -0.0819841 0.0278844 0.0125
2 0.1817 -0.164233 0.0945058 0.0125
19 0.0635808 0.0123113 0.136386 0.0125
8 0.212636 -0.124009 0.0600172 0.0125
12 0.165829 -0.220028 0.100037 0.0125
13 0.155778 -0.237252 0.0985111 0.0125
5 0.146094 -0.254572 0.0960178 0.0125
14 0.170518 -0.141997 0.0997822 0.0125
15 0.149676 -0.106529 0.114278 0.0125
16 0.133513 -0.0747933 0.120127 0.0125
17 0.0882911 -0.0186158 0.121635 0.0125
18 0.0748058 -0.00447963 0.127191 0.0125
20 0.0590399 0.0288853 0.146833 0.0125
e_2_8 2 8 1 0.0125 0.197168 -0.144122 0.0772617 -0.447258 0.827935 -0.309159 0.137493 0.061355
e_8_9 8 9 2 0.0125 0.229581 -0.102996 0.0439499 -0.435811 0.854095 -0.162033 0.2331 0.062827
e_9_6 9 6 3 0.0125 0.256619 -0.0755847 0.0230042 -0.0245426 0.719906 0.413191 0.557141 0.025818
e_2_10 2 10 1 0.0125 0.177682 -0.17281 0.097714 0.797729 0.470879 -0.343317 0.15503 0.02
e_10_11 10 11 2 0.0125 0.171724 -0.19109 0.102371 0.725574 0.57855 -0.304701 0.214427 0.02
e_11_12 11 12 3 0.0125 0.167807 -0.210411 0.101929 0.605885 0.670928 -0.380008 0.195837 0.02
e_12_13 12 13 4 0.0125 0.160804 -0.22864 0.0992742 0.670714 0.565715 -0.467031 0.109506 0.02
e_13_5 13 5 5 0.0125 0.150935 -0.245912 0.0972643 0.652004 0.583119 -0.471503 0.112018 0.02
e_2_14 2 14 1 0.0125 0.176109 -0.153115 0.0971437 0.698076 -0.38113 -0.501051 -0.341143 0.025442
e_14_15 14 15 2 0.0125 0.160097 -0.124263 0.107029 0.761454 -0.359331 -0.452446 -0.293874 0.043618
e_15_16 15 16 3 0.0125 0.141594 -0.0906616 0.117203 0.673583 -0.372186 -0.529572 -0.356816 0.036092
e_16_17 16 17 4 0.0125 0.110902 -0.0467043 0.120881 0.607756 -0.232972 -0.659753 -0.37561 0.072133
e_17_18 17 18 5 0.0125 0.0815484 -0.0115477 0.124413 0.739482 -0.247795 -0.549394 -0.299884 0.020312
e_18_19 18 19 6 0.0125 0.0691939 0.00391616 0.131789 0.79932 -0.334169 -0.425623 -0.261274 0.022192
e_19_20 19 20 7 0.0125 0.0613104 0.0205985 0.14161 0.850773 -0.433253 -0.229237 -0.189546 0.020111
e_20_21 20 21 8 0.0125 0.0569514 0.0376313 0.151258 0.819457 -0.464073 -0.252781 -0.221874 0.020043
e_21_22 21 22 9 0.0125 0.0537078 0.0552613 0.160172 0.828031 -0.491319 -0.185962 -0.195932 0.020041
e_22_1 22 1 10 0.0125 0.0525874 0.0727995 0.169688 0.856993 -0.493619 -0.0722463 -0.129162 0.020016
e_1_23 1 23 1 0.0125 0.0594519 0.0845383 0.168091 -0.186171 0.910732 -0.0417699 0.366282 0.02
e_23_24 23 24 2 0.0125 0.0728873 0.0929559 0.156186 -0.265124 0.869596 0.088632 0.407008 0.02
e_24_25 24 25 3 0.0125 0.0855108 0.105232 0.146955 -0.25234 0.775497 0.310031 0.488682 0.02
e_25_26 25 26 4 0.0125 0.0971078 0.11976 0.139639 -0.123065 0.614052 0.539612 0.562684 0.02
e_26_4 26 4 5 0.0125 0.10906 0.134878 0.134643 0.427449 -0.0152534 0.762496 0.485443 0.02
e_1_27 1 27 1 0.0125 0.0649387 0.0918201 0.1908 0.883867 -0.150707 0.351933 0.268717 0.045513
e_27_28 27 28 2 0.0125 0.0879443 0.10665 0.213774 0.760626 0.0541334 0.491473 0.420681 0.026958
e_28_3 28 3 3 0.0125 0.110697 0.112163 0.227212 0.713703 0.246985 0.448444 0.478042 0.027529
15 24 23
3 0.00913416 -0.428865 0.248277 0.0125
25 0.026178 -0.406171 0.237058 0.0125
24 0.0370186 -0.382546 0.228388 0.0125
4 0.0482295 -0.417221 0.286909 0.0125
23 0.0471878 -0.399259 0.278175 0.0125
22 0.0469682 -0.383439 0.26594 0.0125
21 0.04619 -0.368024 0.253223 0.0125
20 0.046841 -0.35495 0.238101 0.0125
11 0.0048869 -0.0321954 0.107641 0.0125
10 0.00460443 -0.0459127 0.123075 0.0125
6 -0.012734 -0.185159 0.228073 0.0125
9 -0.00259725 -0.136085 0.198196 0.0125
2 0.00690523 -0.0641546 0.14367 0.0125
19 0.0527563 -0.322115 0.219906 0.0125
8 0.00124913 -0.099664 0.178565 0.0125
12 0.00648411 -0.0184488 0.0863092 0.0125
5 0.00213734 0.000560899 0.0686422 0.0125
13 0.0236862 -0.105364 0.160465 0.0125
14 0.0406997 -0.153989 0.178261 0.0125
15 0.0549334 -0.209179 0.194307 0.0125
16 0.0561624 -0.237938 0.208357 0.0125
17 0.0580084 -0.280491 0.21708 0.0125
18 0.055252 -0.302222 0.217156 0.0125
1 0.0493755 -0.342763 0.222447 0.0125
e_2_8 2 8 1 0.0125 0.00407739 -0.0819095 0.161117 0.905213 0.366865 -0.13113 0.16972 0.050106
e_8_9 8 9 2 0.0125 -0.000674299 -0.117875 0.188381 0.842081 0.490904 -0.150971 0.164682 0.041554
e_9_6 9 6 3 0.0125 -0.00766565 -0.160622 0.213135 0.856928 0.459759 -0.180467 0.147401 0.05834
e_2_10 2 10 1 0.0125 0.00575438 -0.0550337 0.133372 -0.244057 0.719988 -0.595477 -0.259732 0.027608
e_10_11 10 11 2 0.0125 0.00474567 -0.039054 0.115358 -0.331475 0.864692 -0.354972 -0.128167 0.020651
e_11_12 11 12 3 0.0125 0.00568575 -0.0253217 0.0969756 -0.282308 0.936203 -0.207335 -0.0289609 0.025428
e_12_5 12 5 4 0.0125 0.00431055 -0.00894326 0.0774758 -0.0959411 0.408909 -0.817612 -0.393827 0.026314
e_2_13 2 13 1 0.0125 0.0152958 -0.0847587 0.152067 0.779572 0.567611 0.0352743 0.262376 0.047559
e_13_14 13 14 2 0.0125 0.0321929 -0.129677 0.169363 0.774612 0.580148 0.013156 0.251458 0.054503
e_14_15 14 15 3 0.0125 0.0478163 -0.181584 0.186283 0.762743 0.603193 -0.0257116 0.231778 0.059211
e_15_16 15 16 4 0.0125 0.0555486 -0.223558 0.201331 0.82575 0.520514 -0.0987509 0.193522 0.032031
e_16_17 16 17 5 0.0125 0.0570858 -0.259214 0.212719 0.753246 0.620439 -0.121342 0.181526 0.043478
e_17_18 17 18 6 0.0125 0.05663 -0.291357 0.217119 0.696604 0.672609 -0.214194 0.128303 0.021906
e_18_19 18 19 7 0.0125 0.0540041 -0.312169 0.218531 0.740873 0.626168 -0.199908 0.138053 0.020236
e_19_1 19 1 8 0.0125 0.0510661 -0.332439 0.221176 0.737489 0.626426 -0.2175 0.128041 0.021076
e_1_20 1 20 1 0.0125 0.0481085 -0.348857 0.230273 0.928805 0.305478 -0.123909 0.169267 0.02
e_20_21 20 21 2 0.0125 0.0465151 -0.361487 0.245661 0.917404 0.337933 -0.0880338 0.190841 0.02
e_21_22 21 22 3 0.0125 0.0465791 -0.375731 0.259581 0.881371 0.420098 -0.0745923 0.202829 0.02
e_22_23 22 23 4 0.0125 0.0470783 -0.391349 0.272058 0.876197 0.43134 -0.0898816 0.195307 0.02
e_23_4 23 4 5 0.0125 0.0477091 -0.40824 0.282542 0.824437 0.522494 -0.0930116 0.196601 0.02
e_1_24 1 24 1 0.0125 0.0431974 -0.362655 0.225418 0.749189 0.595831 -0.272741 0.0965025 0.04208
e_24_25 24 25 2 0.0125 0.0315983 -0.394359 0.232723 0.807124 0.50396 -0.296358 0.0821361 0.0274
e_25_3 25 3 3 0.0125 0.0176561 -0.417518 0.242668 0.825889 0.432095 -0.359829 0.041534 0.03052
16 24 23
3 -0.0348377 -0.0152336 0.0399231 0.0125
25 -0.0428414 -0.0267789 0.0551672 0.0125
24 -0.0561438 -0.0375006 0.0658515 0.0125
23 -0.0818747 -0.0528786 0.0833173 0.0125
4 -0.0679194 -0.0887033 0.187671 0.0125
22 -0.0839585 -0.0759183 0.143523 0.0125
1 -0.0999503 -0.0624846 0.0966449 0.0125
21 -0.112762 -0.0627962 0.112075 0.0125
12 -0.347261 -0.272418 0.238516 0.0125
11 -0.345151 -0.25164 0.239448 0.0125
10 -0.342449 -0.231262 0.237692 0.0125
9 -0.339811 -0.208112 0.235753 0.0125
2 -0.334863 -0.145416 0.244734 0.0125
19 -0.141646 -0.0621494 0.139694 0.0125
8 -0.333935 -0.185473 0.237191 0.0125
6 -0.347198 -0.292628 0.233275 0.0125
13 -0.339467 -0.156825 0.27854 0.0125
14 -0.341726 -0.163225 0.299211 0.0125
15 -0.346493 -0.174612 0.315065 0.0125
5 -0.351002 -0.18595 0.333581 0.0125
16 -0.20056 -0.0677075 0.177099 0.0125
17 -0.179418 -0.0627834 0.164028 0.0125
18 -0.160022 -0.0607254 0.153766 0.0125
20 -0.126126 -0.0631235 0.126993 0.0125
e_2_8 2 8 1 0.0125 -0.334399 -0.165443 0.240962 0.632382 0.764765 -0.0873757 0.0871408 0.040771
e_8_9 8 9 2 0.0125 -0.336873 -0.196792 0.236472 0.685069 0.705042 -0.183291 0.00028081 0.023434
e_9_10 9 10 3 0.0125 -0.34113 -0.219687 0.236723 0.73567 0.671005 -0.091075 0.0157524 0.023381
e_10_11 10 11 4 0.0125 -0.3438 -0.241451 0.238569 0.736499 0.669088 -0.0988405 0.0109524 0.020631
e_11_12 11 12 5 0.0125 -0.346206 -0.262029 0.238982 0.690173 0.714021 -0.111587 0.0371936 0.020906
e_12_6 12 6 6 0.0125 -0.347229 -0.282523 0.235896 0.605317 0.782676 -0.113727 0.0898609 0.020878
e_2_13 2 13 1 0.0125 -0.337166 -0.15112 0.261636 0.958461 0.171645 -0.0262418 -0.226279 0.035975
e_13_14 13 14 2 0.0125 -0.340596 -0.160025 0.288875 0.960679 0.157054 -0.0166829 -0.228366 0.021757
e_14_15 14 15 3 0.0125 -0.344109 -0.168918 0.307138 0.92912 0.317764 -0.0672135 -0.176759 0.020093
e_15_5 15 5 4 0.0125 -0.348747 -0.180281 0.324323 0.939416 0.282477 -0.0519818 -0.187088 0.022175
e_2_16 2 16 1 0.0125 -0.267711 -0.106561 0.210917 0.523565 -0.186871 0.815395 0.161525 0.169265
e_16_17 16 17 2 0.0125 -0.189989 -0.0652455 0.170564 0.116928 0.776681 0.393323 0.477903 0.02534
e_17_18 17 18 3 0.0125 -0.16972 -0.0617547 0.158897 0.246703 0.704956 0.485623 0.454253 0.022039
e_18_19 18 19 4 0.0125 -0.150834 -0.061438 0.146731 0.135822 0.871901 0.207884 0.422049 0.023188
e_19_20 19 20 5 0.0125 -0.133886 -0.0626367 0.133344 0.10244 0.88911 0.160537 0.416194 0.020078
e_20_21 20 21 6 0.0125 -0.119444 -0.0629601 0.119534 -0.0435149 0.929559 -0.0910056 0.354604 0.020032
e_21_1 21 1 7 0.0125 -0.106356 -0.0626407 0.10436 -0.0597173 0.929641 -0.142866 0.334352 0.020058
e_1_22 1 22 1 0.0125 -0.0919545 -0.0692017 0.120084 0.965568 0.106645 0.178614 -0.156213 0.05132
e_22_4 22 4 2 0.0125 -0.075939 -0.0823111 0.165596 0.964608 0.106658 0.187544 -0.1516 0.04868
e_1_23 1 23 1 0.0125 -0.0909125 -0.0576816 0.0899811 -0.277999 0.871191 -0.11761 0.387183 0.024426
e_23_24 23 24 2 0.0125 -0.0690088 -0.0451891 0.0745846 -0.340572 0.847268 -0.184023 0.363707 0.034693
e_24_25 24 25 3 0.0125 -0.0494925 -0.0321394 0.0605098 -0.403912 0.0810171 -0.870935 -0.267887 0.020151
e_25_3 25 3 4 0.0125 -0.0388391 -0.0210063 0.0475457 -0.291827 0.297354 -0.882761 -0.217144 0.02073
17 25 24
3 -0.0248377 -0.478026 0.254482 0.0125
26 -0.0192334 -0.44861 0.249367 0.0125
25 -0.0156352 -0.428656 0.244208 0.0125
24 -0.0116262 -0.406789 0.243064 0.0125
4 0.0570451 -0.346151 0.176366 0.0125
23 0.0439088 -0.349536 0.191063 0.0125
22 0.0322388 -0.35897 0.204284 0.0125
21 0.0180249 -0.367534 0.215448 0.0125
20 0.00529247 -0.376026 0.228321 0.0125
6 -0.0843062 -0.27499 0.151964 0.0125
11 -0.0906352 -0.255873 0.152128 0.0125
10 -0.0957103 -0.236581 0.14917 0.0125
9 -0.101753 -0.209996 0.144107 0.0125
2 -0.118805 -0.131034 0.131591 0.0125
19 -0.00908463 -0.357914 0.22715 0.0125
8 -0.113916 -0.156495 0.132847 0.0125
12 -0.113597 -0.111811 0.133419 0.0125
13 -0.109146 -0.0934746 0.140049 0.0125
14 -0.107962 -0.075746 0.14923 0.0125
15 -0.106753 -0.0596112 0.160986 0.0125
5 -0.107239 -0.0457929 0.175437 0.0125
16 -0.044017 -0.257035 0.201711 0.0125
17 -0.0282743 -0.301818 0.212601 0.0125
18 -0.0128379 -0.339462 0.220312 0.0125
1 -0.0080437 -0.3806 0.242508 0.0125
e_2_8 2 8 1 0.0125 -0.11636 -0.143765 0.132219 0.565604 0.610398 -0.321272 0.451985 0.025956
e_8_9 8 9 2 0.0125 -0.107834 -0.183245 0.138477 0.604561 0.568482 -0.276255 0.484786 0.056011
e_9_10 9 10 3 0.0125 -0.0987319 -0.223288 0.146639 0.599221 0.574581 -0.280272 0.481911 0.027729
e_10_11 10 11 4 0.0125 -0.0931727 -0.246227 0.150649 0.582569 0.592181 -0.275661 0.483679 0.020166
e_11_6 11 6 5 0.0125 -0.0874701 -0.265431 0.152046 0.523649 0.65039 -0.284731 0.470864 0.020139
e_2_12 2 12 1 0.0125 -0.116201 -0.121423 0.132505 0.48647 -0.295791 0.605659 0.555906 0.02
e_12_13 12 13 2 0.0125 -0.111371 -0.102643 0.136734 0.625074 -0.342748 0.465589 0.524437 0.02
e_13_14 13 14 3 0.0125 -0.108554 -0.0846097 0.14464 0.735887 -0.429486 0.29326 0.433602 0.02
e_14_15 14 15 4 0.0125 -0.107358 -0.0676783 0.155108 0.762603 -0.369927 0.263162 0.460799 0.02
e_15_5 15 5 5 0.0125 -0.106995 -0.0527017 0.168212 0.812781 -0.332314 0.168217 0.447947 0.02
e_2_16 2 16 1 0.0125 -0.0814115 -0.194034 0.166651 0.618433 0.520749 -0.113951 0.577388 0.162439
e_16_17 16 17 2 0.0125 -0.0361454 -0.279426 0.207157 0.590531 0.579274 -0.229432 0.512909 0.048702
e_17_18 17 18 3 0.0125 -0.0205554 -0.32064 0.216457 0.569822 0.599489 -0.217964 0.518081 0.041411
e_18_19 18 19 4 0.0125 -0.0109611 -0.348688 0.223731 0.648403 0.515135 -0.252944 0.500229 0.020033
e_19_1 19 1 5 0.0125 -0.00856416 -0.369257 0.234829 0.730373 0.399459 -0.245638 0.496639 0.027416
e_1_20 1 20 1 0.0125 -0.00137593 -0.378313 0.235415 -0.142697 0.923163 -0.0491721 0.353538 0.02
e_20_21 20 21 2 0.0125 0.0116582 -0.37178 0.221885 -0.215924 0.905374 0.0464117 0.362659 0.02
e_21_22 21 22 3 0.0125 0.0251325 -0.363252 0.209866 -0.173433 0.870761 0.144414 0.436854 0.02
e_22_23 22 23 4 0.0125 0.0380743 -0.354253 0.197673 -0.251656 0.911124 0.0201042 0.325758 0.02
e_23_4 23 4 5 0.0125 0.0504772 -0.347844 0.183714 -0.123306 0.927298 -0.0867625 0.342617 0.02
e_1_24 1 24 1 0.0125 -0.00983497 -0.393694 0.242786 0.61208 0.544895 -0.438838 0.368603 0.026438
e_24_25 24 25 2 0.0125 -0.0136303 -0.417722 0.243636 0.627786 0.524393 -0.446436 0.362755 0.022261
e_25_26 25 26 3 0.0125 -0.0174338 -0.438633 0.246787 0.681623 0.466527 -0.398815 0.398358 0.020921
e_26_3 26 3 4 0.0125 -0.0220354 -0.463318 0.251925 0.661896 0.488202 -0.421277 0.382202 0.030379
18 26 25
3 -0.273308 -0.000694737 0.0160982 0.0125
27 -0.279537 0.0124494 0.0305463 0.0125
26 -0.286442 0.0263749 0.0462324 0.0125
25 -0.289288 0.0397505 0.0640498 0.0125
4 -0.342257 0.139437 0.127922 0.0125
24 -0.330955 0.124527 0.120854 0.0125
23 -0.319128 0.110259 0.113336 0.0125
22 -0.309 0.0952705 0.104803 0.0125
21 -0.302414 0.0776428 0.0980316 0.0125
1 -0.293654 0.0608667 0.0915617 0.0125
12 -0.22077 -0.151876 0.0593383 0.0125
11 -0.211532 -0.160569 0.0750078 0.0125
10 -0.205114 -0.166571 0.0932739 0.0125
9 -0.196992 -0.173394 0.110822 0.0125
2 -0.151 -0.188992 0.159505 0.0125
19 -0.267506 0.0291611 0.0977156 0.0125
8 -0.184064 -0.178714 0.12571 0.0125
6 -0.22797 -0.144123 0.0420625 0.0125
13 -0.143347 -0.17953 0.138769 0.0125
14 -0.133151 -0.148939 0.0943242 0.0125
5 -0.132316 -0.137863 0.0764474 0.0125
15 -0.195201 -0.100446 0.125597 0.0125
16 -0.216606 -0.0432219 0.104358 0.0125
17 -0.23619 -0.00932782 0.101959 0.0125
18 -0.249218 0.00858164 0.100106 0.0125
20 -0.281448 0.0452876 0.0956483 0.0125
e_2_8 2 8 1 0.0125 -0.167532 -0.183853 0.142608 0.299837 0.347897 -0.853348 -0.246705 0.048384
e_8_9 8 9 2 0.0125 -0.190529 -0.176054 0.118266 0.265846 0.339153 -0.865727 -0.254594 0.020423
e_9_10 9 10 3 0.0125 -0.201053 -0.169982 0.102048 0.136558 0.3199 -0.908603 -0.231209 0.020505
e_10_11 10 11 4 0.0125 -0.208323 -0.16357 0.0841409 0.102882 0.32312 -0.919879 -0.197056 0.02027
e_11_12 11 12 5 0.0125 -0.21615 -0.156223 0.0671729 0.156909 0.302141 -0.892932 -0.294556 0.02016
e_12_6 12 6 6 0.0125 -0.22437 -0.148 0.0507005 0.111291 0.308115 -0.911835 -0.247458 0.020259
e_2_13 2 13 1 0.0125 -0.147174 -0.184261 0.149137 -0.210155 0.238293 -0.935119 -0.156854 0.024043
e_13_14 13 14 2 0.0125 -0.138249 -0.164234 0.116546 -0.162535 0.219395 -0.925509 -0.262451 0.054911
e_14_5 14 5 3 0.0125 -0.132734 -0.1434 0.0853853 -0.0898297 0.245669 -0.929705 -0.259279 0.021046
e_2_15 2 15 1 0.0125 -0.1731 -0.144719 0.142552 0.138345 0.179723 -0.793575 -0.564623 0.104612
e_15_16 15 16 2 0.0125 -0.205904 -0.071834 0.114978 0.0900268 0.163466 -0.798413 -0.572461 0.064683
e_16_17 16 17 3 0.0125 -0.226397 -0.0262748 0.103158 0.214198 0.148964 -0.713024 -0.650789 0.039218
e_17_18 17 18 4 0.0125 -0.242703 -0.000372888 0.101032 0.259234 0.172057 -0.715577 -0.625415 0.022224
e_18_19 18 19 5 0.0125 -0.258361 0.0188714 0.0989106 0.302652 0.19103 -0.71188 -0.604265 0.027635
e_19_20 19 20 6 0.0125 -0.274477 0.037224 0.0966816 0.294531 0.189849 -0.715693 -0.604146 0.021418
e_20_1 20 1 7 0.0125 -0.287551 0.0530777 0.0936045 0.251235 0.195905 -0.75015 -0.579463 0.020209
e_1_21 1 21 1 0.0125 -0.298034 0.0692551 0.094797 0.271224 0.0819189 -0.5758 -0.766929 0.02
e_21_22 21 22 2 0.0125 -0.305707 0.0864565 0.101417 0.212247 0.0546239 -0.572477 -0.790087 0.02
e_22_23 22 23 3 0.0125 -0.314064 0.102765 0.109069 0.349885 0.0890647 -0.527965 -0.768701 0.02
e_23_24 23 24 4 0.0125 -0.325041 0.117393 0.117095 0.383963 0.116876 -0.546238 -0.735212 0.02
e_24_4 24 4 5 0.0125 -0.336606 0.131982 0.124388 0.358816 0.111471 -0.557577 -0.740226 0.02
e_1_25 1 25 1 0.0125 -0.291471 0.0503094 0.0778056 0.0891388 0.437014 -0.838182 0.313885 0.034956
e_25_26 25 26 2 0.0125 -0.287865 0.033063 0.0551414 0.0852408 0.435582 -0.84078 0.309987 0.02246
e_26_27 26 27 3 0.0125 -0.282989 0.019412 0.0383897 0.00572814 0.423197 -0.822229 0.38054 0.022084
e_27_3 27 3 4 0.0125 -0.276422 0.005877 0.0233224 0.0141492 0.425801 -0.819189 0.383957 0.020501
19 26 25
3 0.138678 0.0823781 0.353571 0.0125
27 0.1535 0.0898814 0.341648 0.0125
26 0.168018 0.0966997 0.328599 0.0125
25 0.186625 0.104103 0.314658 0.0125
4 0.255946 0.0780105 0.371809 0.0125
24 0.243839 0.0885775 0.359902 0.0125
23 0.236153 0.0981365 0.344105 0.0125
22 0.228387 0.104857 0.326944 0.0125
21 0.219713 0.107442 0.309109 0.0125
1 0.211183 0.110063 0.29121 0.0125
11 -0.0506009 0.102096 0.131956 0.0125
6 -0.143774 0.169804 0.0663121 0.0125
10 -0.12482 0.162369 0.0758289 0.0125
9 -0.110171 0.15178 0.0867573 0.0125
2 -0.0481797 0.0916066 0.148811 0.0125
19 0.165474 0.101243 0.275465 0.0125
8 -0.060589 0.104948 0.135008 0.0125
12 -0.0506371 0.107246 0.11263 0.0125
13 -0.0518035 0.112437 0.093351 0.0125
14 -0.0534857 0.118758 0.0744501 0.0125
5 -0.0561039 0.125856 0.055937 0.0125
15 0.00445009 0.0896055 0.195509 0.0125
16 0.0476464 0.0915651 0.221629 0.0125
17 0.116327 0.0962744 0.252044 0.0125
18 0.141637 0.0985836 0.264704 0.0125
20 0.18477 0.104792 0.281692 0.0125
e_2_8 2 8 1 0.0125 -0.0543844 0.0982775 0.14191 0.3508 -0.892168 -0.0771662 0.273899 0.022859
e_8_9 8 9 2 0.0125 -0.0853798 0.128364 0.110883 0.372197 -0.872646 -0.165108 0.269626 0.083544
e_9_10 9 10 3 0.0125 -0.117496 0.157074 0.0812936 0.419518 -0.803018 -0.337442 0.255538 0.021122
e_10_6 10 6 4 0.0125 -0.134297 0.166087 0.0710709 0.493581 -0.592295 -0.600765 0.211298 0.022475
e_2_11 2 11 1 0.0125 -0.0493905 0.0968519 0.140383 0.16031 -0.711824 0.643959 0.230053 0.02
e_11_12 11 12 2 0.0125 -0.050619 0.104671 0.122294 0.0367448 -0.287456 0.948955 0.124513 0.02
e_12_13 12 13 3 0.0125 -0.0512209 0.109841 0.10299 0.01866 -0.349528 0.927262 0.132921 0.02
e_13_14 13 14 4 0.0125 -0.0526448 0.115597 0.0839007 0.0390657 -0.470952 0.866435 0.161145 0.02
e_14_5 14 5 5 0.0125 -0.0547954 0.122307 0.0651938 0.0538207 -0.583079 0.789211 0.185116 0.02
e_2_15 2 15 1 0.0125 -0.0218642 0.0906058 0.17216 0.889255 0.106146 0.396258 0.202331 0.070389
e_15_16 15 16 2 0.0125 0.0260487 0.0905848 0.208569 0.847478 0.0914919 0.482805 0.200773 0.050517
e_16_17 16 17 3 0.0125 0.0819868 0.0939197 0.236837 0.814568 0.0912938 0.538147 0.196323 0.075261
e_17_18 17 18 4 0.0125 0.128982 0.0974283 0.258374 0.826133 0.0774971 0.520645 0.201067 0.028393
e_18_19 18 19 5 0.0125 0.153556 0.0999133 0.270084 0.815026 0.0708297 0.538809 0.200999 0.026289
e_19_20 19 20 6 0.0125 0.175122 0.103017 0.278578 0.781234 0.0422067 0.589017 0.202362 0.020584
e_20_1 20 1 7 0.0125 0.197976 0.107427 0.286451 0.790115 0.0333032 0.57646 0.205679 0.028566
e_1_21 1 21 1 0.0125 0.215448 0.108753 0.300159 0.951646 0.111841 0.200053 0.204549 0.02
e_21_22 21 22 2 0.0125 0.22405 0.106149 0.318026 0.950804 0.111864 0.203984 0.204568 0.02
e_22_23 22 23 3 0.0125 0.23227 0.101497 0.335525 0.946905 0.208855 0.165329 0.180047 0.02
e_23_24 23 24 4 0.0125 0.239995 0.0933572 0.352004 0.932411 0.2833 0.15753 0.159796 0.02
e_24_4 24 4 5 0.0125 0.249893 0.083294 0.365855 0.881831 0.345759 0.287732 0.141542 0.02
e_1_25 1 25 1 0.0125 0.198905 0.107083 0.302933 0.898606 0.0159062 -0.399576 0.180538 0.034473
e_25_26 25 26 2 0.0125 0.177322 0.100402 0.321628 0.872831 0.0935775 -0.453384 0.154446 0.024401
e_26_27 26 27 3 0.0125 0.160758 0.0932908 0.335124 0.889458 0.11258 -0.414479 0.156196 0.020677
e_27_3 27 3 4 0.0125 0.146089 0.0861298 0.34761 0.877434 0.136069 -0.435855 0.147053 0.020448
20 18 17
3 -0.199607 -0.372918 0.297922 0.0125
19 -0.211907 -0.357451 0.246174 0.0125
10 -0.067905 -0.256106 0.311502 0.0125
5 -0.0393068 -0.163336 0.293277 0.0125
6 0.0141874 -0.161308 0.224564 0.0125
9 -0.0170111 -0.18693 0.329746 0.0125
2 0.00832344 -0.215785 0.363577 0.0125
8 0.0163211 -0.186381 0.299446 0.0125
11 -0.10802 -0.275002 0.276431 0.0125
12 -0.129084 -0.285385 0.258399 0.0125
13 -0.140586 -0.295771 0.243838 0.0125
14 -0.159478 -0.309726 0.227353 0.0125
15 -0.173163 -0.318748 0.215618 0.0125
16 -0.189013 -0.332001 0.208535 0.0125
1 -0.208316 -0.34007 0.205389 0.0125
18 -0.211832 -0.349584 0.226612 0.0125
17 -0.226184 -0.297751 0.247578 0.0125
4 -0.247103 -0.274463 0.268462 0.0125
e_2_8 2 8 1 0.0125 0.0123217 -0.201083 0.331511 -0.203694 0.96832 0.118205 0.0830259 0.071003
e_8_6 8 6 2 0.0125 0.0152542 -0.173845 0.262005 -0.123986 0.80901 -0.565204 -0.103313 0.078997
e_2_9 2 9 1 0.0125 -0.00434387 -0.201358 0.346662 0.321763 -0.160215 -0.897144 -0.256775 0.051176
e_9_5 9 5 2 0.0125 -0.0281594 -0.175133 0.311511 0.247544 -0.0118033 -0.934526 -0.255428 0.048824
e_2_10 2 10 1 0.0125 -0.0297908 -0.235946 0.33754 0.465534 0.632469 -0.598705 -0.157522 0.100739
e_10_11 10 11 2 0.0125 -0.0879626 -0.265554 0.293967 0.405988 0.652938 -0.619548 -0.158132 0.056536
e_11_12 11 12 3 0.0125 -0.118552 -0.280194 0.267415 0.413501 0.655744 -0.611967 -0.156566 0.029609
e_12_13 12 13 4 0.0125 -0.134836 -0.290578 0.251118 0.380208 0.785086 -0.475431 -0.114225 0.021264
e_13_14 13 14 5 0.0125 -0.150032 -0.302748 0.235595 0.441145 0.712655 -0.528547 -0.134729 0.028695
e_14_15 14 15 6 0.0125 -0.166321 -0.314237 0.221485 0.43463 0.69549 -0.554381 -0.141607 0.02016
e_15_16 15 16 7 0.0125 -0.181089 -0.325375 0.212076 0.565461 0.652286 -0.48649 -0.134552 0.02184
e_16_1 16 1 8 0.0125 -0.198665 -0.336035 0.206962 0.628753 0.468315 -0.595843 -0.174133 0.021157
e_1_17 1 17 1 0.0125 -0.217251 -0.31891 0.226484 0.906849 -0.345526 -0.205905 -0.125854 0.06237
e_17_4 17 4 2 0.0125 -0.236644 -0.286107 0.25802 0.866366 -0.286166 -0.374998 -0.164001 0.03763
e_1_18 1 18 1 0.0125 -0.210074 -0.344827 0.216001 0.972708 0.212364 -0.0614477 -0.0704547 0.023522
e_18_19 18 19 2 0.0125 -0.21187 -0.353517 0.236393 0.980293 0.189842 0.00864809 -0.0539569 0.021085
e_19_3 19 3 3 0.0125 -0.205757 -0.365184 0.272048 0.982999 0.138624 0.116965 -0.0285454 0.055393
