20
1 18 17
3 0.0936931 0.0210017 0.0121529 0.0125
19 0.102121 0.00604789 0.0314618 0.0125
5 0.220816 -0.261484 0.148091 0.0125
10 0.193442 -0.270553 0.175928 0.0125
6 0.12258 -0.443203 0.224601 0.0125
9 0.183353 -0.280868 0.193551 0.0125
2 0.167826 -0.300667 0.220873 0.0125
8 0.132772 -0.398552 0.220056 0.0125
11 0.124172 -0.117563 0.115489 0.0125
12 0.124281 -0.0986854 0.104399 0.0125
13 0.12515 -0.0786343 0.0961696 0.0125
14 0.126689 -0.0598038 0.0879378 0.0125
1 0.124223 -0.0400821 0.0850968 0.0125
18 0.109912 -0.0120309 0.053611 0.0125
15 0.149789 -0.0190811 0.0660867 0.0125
16 0.164408 -0.00666618 0.0557096 0.0125
17 0.17731 0.00546638 0.0463799 0.0125
4 0.193807 0.0161157 0.0424908 0.0125
e_2_8 2 8 1 0.0125 0.150299 -0.34961 0.220464 0.0591363 0.2946 0.645867 -0.701833 0.103975
e_8_6 8 6 2 0.0125 0.127677 -0.420877 0.222328 0.103216 0.239067 0.627277 -0.733974 0.046025
e_2_9 2 9 1 0.0125 0.175589 -0.290768 0.207212 0.353826 -0.580971 0.728197 0.0837152 0.037143
e_9_10 9 10 2 0.0125 0.188398 -0.275711 0.184739 0.329797 -0.530809 0.77789 0.0660507 0.022776
e_10_5 10 5 3 0.0125 0.207129 -0.266019 0.16201 0.375936 -0.517291 0.761361 -0.106829 0.040081
e_2_11 2 11 1 0.0125 0.145999 -0.209116 0.168181 0.428013 -0.816806 0.277636 0.269353 0.215728
e_11_12 11 12 2 0.0125 0.124226 -0.108124 0.109944 0.475844 -0.829991 0.253735 0.142497 0.021894
e_12_13 12 13 3 0.0125 0.124716 -0.08866 0.100284 0.541626 -0.815128 -0.15892 -0.1302 0.021691
e_13_14 13 14 4 0.0125 0.12592 -0.0692197 0.0920538 0.541554 -0.834319 -0.0601105 -0.08377 0.020609
e_14_1 14 1 5 0.0125 0.125456 -0.0499433 0.0865167 0.363203 -0.337547 -0.675893 -0.545265 0.020077
e_1_15 1 15 1 0.0125 0.137006 -0.0295817 0.0755914 0.485488 -0.697139 0.512917 -0.123345 0.038159
e_15_16 15 16 2 0.0125 0.157099 -0.0128736 0.0608979 0.494261 -0.707367 0.487412 -0.133294 0.021807
e_16_17 16 17 3 0.0125 0.170859 -0.000600499 0.0510446 0.500755 -0.722158 0.459901 -0.127373 0.020017
e_17_4 17 4 4 0.0125 0.185559 0.0107905 0.0444352 0.543618 -0.694067 0.339757 -0.327592 0.020017
e_1_18 1 18 1 0.0125 0.117067 -0.0260567 0.0693537 -0.31192 0.427439 0.819033 0.221781 0.044531
e_18_19 18 19 2 0.0125 0.106016 -0.00299088 0.0425366 -0.229823 0.273004 0.893978 0.271024 0.029633
e_19_3 19 3 3 0.0125 0.0979064 0.013525 0.021807 -0.291339 0.404629 0.842588 0.203576 0.025836
2 22 21
3 -0.0496937 -0.174166 0.0339427 0.0125
23 0.0163189 -0.186117 0.0344589 0.0125
4 -0.0112133 -0.119193 0.0125336 0.0125
22 0.00513596 -0.136462 0.018386 0.0125
1 0.047325 -0.194708 0.0413897 0.0125
21 0.0288125 -0.187196 0.0426598 0.0125
11 -0.237942 -0.126862 0.0839646 0.0125
6 -0.135994 -0.208229 0.0115276 0.0125
10 -0.153786 -0.198192 0.0225203 0.0125
9 -0.176088 -0.185516 0.0344612 0.0125
2 -0.239 -0.118135 0.0660004 0.0125
19 -0.0111019 -0.184007 0.0440321 0.0125
8 -0.210009 -0.152424 0.0433494 0.0125
12 -0.239529 -0.135733 0.10182 0.0125
13 -0.236859 -0.141383 0.120818 0.0125
14 -0.232693 -0.145747 0.139887 0.0125
5 -0.225843 -0.149424 0.158313 0.0125
15 -0.107332 -0.167618 0.0560483 0.0125
16 -0.0731488 -0.173892 0.0498423 0.0125
17 -0.0504825 -0.175903 0.045899 0.0125
18 -0.0309279 -0.181153 0.0451449 0.0125
20 0.00910515 -0.184264 0.044712 0.0125
e_2_8 2 8 1 0.0125 -0.224504 -0.13528 0.0546752 -0.383073 -0.0998758 -0.845705 0.357858 0.050291
e_8_9 8 9 2 0.0125 -0.193048 -0.16897 0.0389056 -0.284019 0.254373 -0.72627 0.571978 0.048216
e_9_10 9 10 3 0.0125 -0.164937 -0.191854 0.0284907 -0.532329 -0.514768 -0.667853 -0.074917 0.028295
e_10_6 10 6 4 0.0125 -0.14489 -0.203211 0.0170236 -0.50753 -0.525215 -0.679036 -0.073972 0.023198
e_2_11 2 11 1 0.0125 -0.238471 -0.122499 0.0749828 0.929561 0.221803 -0.0411315 0.291596 0.02
e_11_12 11 12 2 0.0125 -0.238735 -0.131298 0.0928925 0.920105 0.202368 -0.112592 0.315876 0.02
e_12_13 12 13 3 0.0125 -0.238195 -0.138558 0.111319 0.967027 0.153762 0.0372853 0.199562 0.02
e_13_14 13 14 4 0.0125 -0.234776 -0.143564 0.130353 0.976737 0.125163 0.0873321 0.15064 0.02
e_14_5 14 5 5 0.0125 -0.229268 -0.147586 0.1491 0.975447 0.110436 0.164719 0.0957851 0.02
e_2_15 2 15 1 0.0125 -0.173165 -0.142877 0.0610243 0.0815317 -0.649168 0.337446 -0.676804 0.141011
e_15_16 15 16 2 0.0125 -0.0902404 -0.170755 0.0529453 -0.0307493 -0.759906 0.102147 -0.64122 0.035303
e_16_17 16 17 3 0.0125 -0.0618163 -0.174898 0.047871 0.0494175 -0.754665 0.125905 -0.642018 0.023095
e_17_18 17 18 4 0.0125 -0.0407051 -0.178528 0.0455216 0.217771 -0.601781 0.39559 -0.658744 0.020261
e_18_19 18 19 5 0.0125 -0.0210147 -0.18258 0.0445881 0.20767 -0.654132 0.315967 -0.655095 0.020061
e_19_20 19 20 6 0.0125 -0.000997925 -0.184136 0.0443721 0.367947 -0.592595 0.36333 -0.617607 0.02022
e_20_21 20 21 7 0.0125 0.0189582 -0.18573 0.0436863 0.121383 -0.702417 0.240521 -0.658807 0.020029
e_21_1 21 1 8 0.0125 0.0380683 -0.190952 0.0420248 0.0983575 -0.629255 0.368447 -0.677208 0.020019
e_1_22 1 22 1 0.0125 0.0262307 -0.165585 0.0298874 0.584754 -0.587834 -0.553876 -0.075736 0.07551
e_22_4 22 4 2 0.0125 -0.00303868 -0.127827 0.0154598 0.616115 -0.544029 -0.568772 -0.0305617 0.02449
e_1_23 1 23 1 0.0125 0.0318226 -0.190412 0.0379246 0.60951 -0.383327 -0.677022 0.15231 0.032912
e_23_3 23 3 2 0.0125 -0.0166874 -0.180141 0.0342008 0.677727 -0.311982 -0.637584 0.191936 0.067088
3 26 25
3 -0.0004297 0.0906672 0.0184647 0.0125
27 -0.00197877 0.0707286 0.0156992 0.0125
26 0.00121078 0.0504534 0.0140447 0.0125
25 0.00742814 0.022458 0.0116323 0.0125
4 0.0137439 0.0464181 0.0979268 0.0125
24 0.0109101 0.0233812 0.0599507 0.0125
1 0.00786949 -0.00787176 0.0141968 0.0125
23 -0.0119746 -0.00424875 0.0147008 0.0125
22 -0.0323669 -0.00279028 0.0144647 0.0125
21 -0.0528205 -0.00327716 0.0145962 0.0125
12 -0.260754 -0.106388 0.014229 0.0125
11 -0.2635 -0.0846177 0.0120996 0.0125
10 -0.266146 -0.063582 0.0163525 0.0125
9 -0.270586 -0.0438964 0.0210355 0.0125
2 -0.287978 0.0180291 0.0119723 0.0125
19 -0.0966602 -0.00458848 0.0237728 0.0125
8 -0.280793 -0.0173014 0.0199132 0.0125
6 -0.260932 -0.125468 0.0208224 0.0125
13 -0.292776 0.0426795 0.0390417 0.0125
14 -0.294589 0.0592296 0.0541215 0.0125
15 -0.29734 0.0710768 0.0704102 0.0125
5 -0.302524 0.084776 0.0844419 0.0125
16 -0.171459 -0.000138208 0.0275329 0.0125
17 -0.142401 -0.00158612 0.0271312 0.0125
18 -0.117991 -0.00444529 0.0261146 0.0125
20 -0.0761159 -0.00422685 0.0193597 0.0125
e_2_8 2 8 1 0.0125 -0.284386 0.00036341 0.0159428 0.69596 0.491915 0.38791 -0.350978 0.036918
e_8_9 8 9 2 0.0125 -0.275689 -0.0305989 0.020474 -0.559748 -0.658876 0.21492 -0.454284 0.028508
e_9_10 9 10 3 0.0125 -0.268366 -0.0537397 0.0186941 -0.618207 -0.73983 -0.25626 0.0693016 0.020717
e_10_11 10 11 4 0.0125 -0.264824 -0.0740994 0.0142263 -0.585527 -0.672136 -0.382864 0.242502 0.021623
e_11_12 11 12 5 0.0125 -0.262127 -0.0955025 0.0131642 -0.52604 -0.414513 -0.529037 0.521135 0.022047
e_12_6 12 6 6 0.0125 -0.260843 -0.115928 0.0175257 0.599409 0.423381 -0.396807 0.551364 0.020187
e_2_13 2 13 1 0.0125 -0.290377 0.0303543 0.0255065 0.916086 -0.340482 -0.132374 -0.165336 0.036924
e_13_14 13 14 2 0.0125 -0.293683 0.0509546 0.0465816 0.894411 -0.385156 -0.126471 -0.188913 0.022464
e_14_15 14 15 3 0.0125 -0.295965 0.0651531 0.062266 0.93568 -0.290814 -0.121607 -0.158563 0.020328
e_15_5 15 5 4 0.0125 -0.299933 0.0779264 0.0774264 0.913084 -0.347863 -0.181961 -0.110272 0.020284
e_2_16 2 16 1 0.0125 -0.229718 0.0089456 0.0197529 0.275282 -0.568966 0.332971 -0.699734 0.118949
e_16_17 16 17 2 0.0125 -0.15693 -0.000862166 0.0273321 0.235037 -0.658219 0.271409 -0.661697 0.029097
e_17_18 17 18 3 0.0125 -0.130196 -0.00301585 0.0266227 0.191027 -0.665687 0.278415 -0.665473 0.024598
e_18_19 18 19 4 0.0125 -0.107325 -0.00451645 0.0249432 0.205351 -0.707017 0.233889 -0.635023 0.02146
e_19_20 19 20 5 0.0125 -0.0863879 -0.00440722 0.0215657 0.16907 -0.752697 0.19603 -0.605338 0.021016
e_20_21 20 21 6 0.0125 -0.0644678 -0.00375252 0.0169776 0.183773 -0.749774 0.194733 -0.6051 0.023797
e_21_22 21 22 7 0.0125 -0.0425932 -0.00303406 0.0145308 0.269701 -0.66166 0.255767 -0.651192 0.020459
e_22_23 22 23 8 0.0125 -0.0221709 -0.00351903 0.0145826 0.239506 -0.643377 0.283362 -0.669633 0.020446
e_23_1 23 1 9 0.0125 -0.0020519 -0.00606016 0.0144486 0.170849 -0.651376 0.296992 -0.67699 0.020179
e_1_24 1 24 1 0.0125 0.00939021 0.00775487 0.037074 0.92351 -0.292383 -0.0474902 -0.243692 0.055493
e_24_4 24 4 2 0.0125 0.0123271 0.0348999 0.0789394 0.930559 -0.268361 -0.0368362 -0.246344 0.044507
e_1_25 1 25 1 0.0125 0.00764918 0.00729259 0.0129142 0.649929 -0.704126 -0.215222 -0.188354 0.030441
e_25_26 25 26 2 0.0125 0.00431928 0.0364553 0.012839 0.726037 -0.627428 -0.253829 -0.121551 0.028779
e_26_27 26 27 3 0.0125 -0.000383765 0.0605907 0.0148727 0.720448 -0.635763 -0.235819 -0.145426 0.020591
e_27_3 27 3 4 0.0125 -0.00120423 0.0806979 0.0170819 0.715761 -0.637749 -0.157529 -0.236955 0.020189
4 21 20
3 0.0373727 -0.129975 0.0124969 0.0125
22 0.0682192 -0.104977 0.0175851 0.0125
21 0.0982438 -0.0867843 0.0229015 0.0125
4 0.192293 -0.00648756 0.0290247 0.0125
20 0.175975 -0.0203071 0.0294951 0.0125
5 0.133158 0.263422 0.0185214 0.0125
10 0.151388 0.244776 0.0414242 0.0125
6 0.289859 0.285918 0.104305 0.0125
9 0.24687 0.26461 0.0906768 0.0125
2 0.16824 0.203911 0.0894791 0.0125
19 0.156834 -0.0324727 0.0289971 0.0125
8 0.220257 0.245917 0.0846022 0.0125
11 0.141965 0.109027 0.04043 0.0125
12 0.134622 0.0907957 0.0352564 0.0125
13 0.133765 0.0675039 0.0307892 0.0125
14 0.134078 0.043814 0.0257075 0.0125
15 0.131742 0.0185657 0.021503 0.0125
16 0.122126 -0.0110332 0.0137361 0.0125
17 0.121105 -0.0338471 0.0113142 0.0125
18 0.117978 -0.0535106 0.0151836 0.0125
1 0.117983 -0.072354 0.023729 0.0125
e_2_8 2 8 1 0.0125 0.194248 0.224914 0.0870403 0.642812 -0.246492 0.689649 0.224541 0.067037
e_8_9 8 9 2 0.0125 0.233563 0.255263 0.0876395 0.73189 -0.18835 0.610513 0.236928 0.033086
e_9_6 9 6 3 0.0125 0.268365 0.275263 0.0974909 0.767656 -0.110305 0.592631 0.217546 0.049877
e_2_10 2 10 1 0.0125 0.159813 0.224344 0.0654516 0.18939 -0.752072 0.549889 0.310067 0.065294
e_10_5 10 5 2 0.0125 0.142273 0.254099 0.0299728 0.174789 -0.852944 0.320054 0.373498 0.034706
e_2_11 2 11 1 0.0125 0.155102 0.156469 0.0649553 0.480235 0.840523 0.128373 -0.215444 0.109996
e_11_12 11 12 2 0.0125 0.138294 0.0999113 0.0378432 0.598032 0.779156 -0.142148 -0.122747 0.020324
e_12_13 12 13 3 0.0125 0.134194 0.0791506 0.0330228 0.621894 0.758041 0.139582 -0.138338 0.023732
e_13_14 13 14 4 0.0125 0.133922 0.0556591 0.0282487 0.61149 0.754119 0.190187 -0.14565 0.024231
e_14_15 14 15 5 0.0125 0.132911 0.0311897 0.0236056 0.633854 0.758357 0.0817431 -0.128226 0.025702
e_15_16 15 16 6 0.0125 0.126934 0.00376667 0.0176195 0.601488 0.784157 -0.0785118 -0.130939 0.032077
e_16_17 16 17 7 0.0125 0.121616 -0.0224404 0.0125248 0.659173 0.737655 0.0927005 -0.112972 0.022965
e_17_18 17 18 8 0.0125 0.119542 -0.0436787 0.0132493 0.771505 0.629744 -0.0896952 -0.0125277 0.020283
e_18_1 18 1 9 0.0125 0.117981 -0.0629323 0.0194563 0.839672 0.541197 -0.0244621 0.0381744 0.020691
e_1_19 1 19 1 0.0125 0.137409 -0.0524136 0.0263634 0.691072 -0.282993 0.610586 0.263665 0.055926
e_19_20 19 20 2 0.0125 0.166405 -0.0263901 0.0292464 0.682619 -0.183048 0.674923 0.212141 0.022686
e_20_4 20 4 3 0.0125 0.184134 -0.0133978 0.0292606 0.658846 -0.252441 0.668785 0.234356 0.021388
e_1_21 1 21 1 0.0125 0.108114 -0.0795698 0.0233156 0.672961 0.265687 -0.668075 0.173807 0.024465
e_21_22 21 22 2 0.0125 0.0832312 -0.0958807 0.0202436 0.618792 0.168502 -0.739239 0.205495 0.035507
e_22_3 22 3 3 0.0125 0.0527957 -0.117476 0.0150413 0.647358 0.346773 -0.665808 0.131818 0.040028
5 26 25
3 -0.0955945 -0.0681594 0.0283334 0.0125
27 -0.109724 -0.0778075 0.0386909 0.0125
26 -0.122428 -0.0879017 0.0503825 0.0125
25 -0.132959 -0.101771 0.0602205 0.0125
24 -0.138587 -0.118743 0.0691776 0.0125
4 -0.236753 -0.110759 0.113489 0.0125
23 -0.221201 -0.113718 0.099469 0.0125
22 -0.202818 -0.120155 0.0886573 0.0125
21 -0.168211 -0.127702 0.0812324 0.0125
1 -0.149508 -0.133995 0.0761146 0.0125
11 -0.343557 0.121927 0.0555844 0.0125
10 -0.317833 0.126404 0.0586485 0.0125
6 -0.27907 0.265848 0.0110571 0.0125
9 -0.284178 0.205739 0.032739 0.0125
2 -0.284207 0.12706 0.0672012 0.0125
19 -0.171397 -0.101435 0.0804067 0.0125
8 -0.284147 0.146015 0.0588795 0.0125
5 -0.379894 0.117504 0.0421072 0.0125
12 -0.242285 0.0208936 0.0891176 0.0125
13 -0.234261 0.00186237 0.0861812 0.0125
14 -0.227014 -0.0176834 0.0861793 0.0125
15 -0.219063 -0.037789 0.0862594 0.0125
16 -0.210189 -0.0562035 0.0863553 0.0125
17 -0.197682 -0.0717619 0.085115 0.0125
18 -0.185178 -0.0872986 0.0836052 0.0125
20 -0.158128 -0.116398 0.0801206 0.0125
e_2_8 2 8 1 0.0125 -0.284177 0.136538 0.0630405 0.259252 -0.399307 -0.735897 -0.481454 0.020701
e_8_9 8 9 2 0.0125 -0.284163 0.175878 0.0458092 0.260684 -0.398273 -0.736115 -0.481204 0.065194
e_9_6 9 6 3 0.0125 -0.281624 0.235794 0.0218975 0.25097 -0.417936 -0.703166 -0.517592 0.064104
e_2_10 2 10 1 0.0125 -0.30102 0.126731 0.0629251 0.610627 0.0956992 -0.783627 -0.0624924 0.034703
e_10_11 10 11 2 0.0125 -0.330695 0.124165 0.0571158 0.663674 0.1672 -0.728232 -0.0354841 0.02629
e_11_5 11 5 3 0.0125 -0.361726 0.119716 0.0488458 0.572061 0.101093 -0.813956 -0.00139581 0.039008
e_2_12 2 12 1 0.0125 -0.263245 0.0739765 0.078159 0.767427 0.611946 0.176759 0.073039 0.116229
e_12_13 12 13 2 0.0125 -0.238272 0.0113781 0.0876489 -0.306609 -0.0661985 -0.752323 0.579326 0.020861
e_13_14 13 14 3 0.0125 -0.230638 -0.00791076 0.08618 0.0286941 0.272514 -0.652516 0.706495 0.020847
e_14_15 14 15 4 0.0125 -0.223039 -0.0277362 0.0862194 -0.0399058 0.22217 -0.669925 0.707282 0.02162
e_15_16 15 16 5 0.0125 -0.214626 -0.0469962 0.0863069 -0.395459 -0.100421 -0.69826 0.588184 0.020442
e_16_17 16 17 6 0.0125 -0.203936 -0.0639822 0.0857351 -0.673443 -0.641412 -0.34583 -0.124363 0.02
e_17_18 17 18 7 0.0125 -0.19143 -0.0795296 0.0843603 -0.672415 -0.633026 -0.370145 -0.10064 0.020001
e_18_19 18 19 8 0.0125 -0.178287 -0.0943663 0.0820061 -0.63445 -0.642381 -0.409033 -0.132333 0.02
e_19_20 19 20 9 0.0125 -0.164763 -0.108917 0.0802635 -0.633573 -0.684375 -0.196955 -0.302366 0.020001
e_20_1 20 1 10 0.0125 -0.153818 -0.125196 0.0781176 -0.425636 -0.216238 -0.743894 0.467651 0.02
e_1_21 1 21 1 0.0125 -0.158859 -0.130849 0.0786733 0.72336 0.0560179 -0.609397 -0.319761 0.020386
e_21_22 21 22 2 0.0125 -0.185515 -0.123929 0.0849442 0.728016 0.0877887 -0.624269 -0.269397 0.03619
e_22_23 22 23 3 0.0125 -0.21201 -0.116937 0.0940629 0.766203 0.0700767 -0.502419 -0.394458 0.022277
e_23_4 23 4 4 0.0125 -0.228977 -0.112239 0.106478 0.809263 0.11777 -0.393236 -0.420225 0.021147
e_1_24 1 24 1 0.0125 -0.144047 -0.126369 0.0726461 0.0608896 -0.546119 -0.612525 -0.568207 0.02
e_24_25 24 25 2 0.0125 -0.135773 -0.110257 0.064699 0.144407 -0.479476 -0.702874 -0.50519 0.02
e_25_26 25 26 3 0.0125 -0.127693 -0.0948359 0.0553017 0.0194625 -0.548467 -0.667181 -0.503662 0.02
e_26_27 26 27 4 0.0125 -0.116076 -0.0828546 0.0445367 -0.0848046 -0.581701 -0.673736 -0.447785 0.02
e_27_3 27 3 5 0.0125 -0.102659 -0.0729832 0.0335124 -0.102723 -0.600725 -0.63092 -0.480122 0.02
6 25 24
3 -0.278163 0.279315 0.0314711 0.0125
26 -0.266206 0.263457 0.03383 0.0125
25 -0.255389 0.247919 0.0402779 0.0125
24 -0.244609 0.232641 0.0473754 0.0125
23 -0.238351 0.215588 0.0557444 0.0125
4 -0.151762 0.251874 0.0483695 0.0125
22 -0.177392 0.227461 0.0530081 0.0125
21 -0.214424 0.20775 0.0594759 0.0125
1 -0.233467 0.197792 0.0634546 0.0125
12 -0.0581171 -0.0548753 0.0245693 0.0125
11 -0.0738523 -0.0534432 0.0368377 0.0125
10 -0.0879639 -0.055846 0.0528655 0.0125
9 -0.106671 -0.0663571 0.0698248 0.0125
2 -0.155822 -0.0823185 0.102375 0.0125
19 -0.221564 0.165868 0.085075 0.0125
8 -0.124878 -0.0733218 0.0807947 0.0125
6 -0.0432003 -0.0578839 0.0115848 0.0125
13 -0.144143 -0.0753684 0.0877025 0.0125
14 -0.134817 -0.0679946 0.0716203 0.0125
15 -0.128849 -0.0613951 0.0537082 0.0125
16 -0.122212 -0.0559798 0.0356354 0.0125
5 -0.117659 -0.0512885 0.0167339 0.0125
17 -0.202564 0.0893789 0.102494 0.0125
18 -0.211687 0.147517 0.0909239 0.0125
20 -0.226342 0.182323 0.0742821 0.0125
e_2_8 2 8 1 0.0125 -0.14035 -0.0778202 0.0915851 0.199836 -0.871551 0.136435 -0.426439 0.038784
e_8_9 8 9 2 0.0125 -0.115774 -0.0698398 0.0753097 0.247804 -0.853848 0.127137 -0.439743 0.022369
e_9_10 9 10 3 0.0125 -0.0973175 -0.0611019 0.0613448 0.202494 -0.899651 -0.0258661 -0.385948 0.02735
e_10_11 10 11 4 0.0125 -0.0809085 -0.0546449 0.0448517 0.0677352 -0.93406 0.0210531 -0.35 0.02149
e_11_12 11 12 5 0.0125 -0.0659847 -0.0541601 0.0307036 0.107405 -0.847463 0.297406 -0.426403 0.020004
e_12_6 12 6 6 0.0125 -0.0506586 -0.0563795 0.0180777 0.0649361 -0.851543 0.315321 -0.4138 0.020004
e_2_13 2 13 1 0.0125 -0.149983 -0.0788438 0.0950384 0.143334 -0.922798 -0.123595 -0.335594 0.02
e_13_14 13 14 2 0.0125 -0.13948 -0.0716818 0.0796615 0.124414 -0.917797 -0.244349 -0.287164 0.02
e_14_15 14 15 3 0.0125 -0.131833 -0.0646943 0.0626638 0.090302 -0.885214 -0.405208 -0.209876 0.02
e_15_16 15 16 4 0.0125 -0.125531 -0.0586871 0.0446722 0.0621987 -0.89969 -0.377322 -0.210516 0.02
e_16_5 16 5 5 0.0125 -0.119936 -0.0536338 0.0261848 0.0476958 -0.861459 -0.480028 -0.158703 0.02
e_2_17 2 17 1 0.0125 -0.179193 0.00352967 0.102435 0.631653 -0.5255 -0.472776 -0.31835 0.177946
e_17_18 17 18 2 0.0125 -0.207125 0.118448 0.0967092 0.554818 -0.60805 -0.47616 -0.309392 0.059976
e_18_19 18 19 3 0.0125 -0.216625 0.156692 0.0879998 0.558002 -0.50356 -0.617675 -0.231386 0.021646
e_19_20 19 20 4 0.0125 -0.223953 0.174096 0.0796785 0.429613 -0.635726 -0.601951 -0.221223 0.020251
e_20_1 20 1 5 0.0125 -0.229905 0.190057 0.0688683 0.441232 -0.583082 -0.654435 -0.192468 0.020181
e_1_21 1 21 1 0.0125 -0.223945 0.202771 0.0614648 0.409429 -0.75141 0.162492 -0.491272 0.021856
e_21_22 21 22 2 0.0125 -0.195908 0.217605 0.0562417 0.423128 -0.741036 0.164464 -0.494752 0.042446
e_22_4 22 4 3 0.0125 -0.164577 0.239667 0.0506885 0.463422 -0.751526 0.0135074 -0.469326 0.035698
e_1_23 1 23 1 0.0125 -0.23591 0.20669 0.0595992 0.492516 -0.612095 -0.563994 -0.25432 0.02
e_23_24 23 24 2 0.0125 -0.24148 0.224114 0.0515595 0.486806 -0.588916 -0.601985 -0.231975 0.02
e_24_25 24 25 3 0.0125 -0.25 0.24028 0.0438271 0.534431 -0.472184 -0.674144 -0.192238 0.02
e_25_26 25 26 4 0.0125 -0.260798 0.255688 0.0370543 0.546842 -0.467861 -0.665069 -0.199382 0.02
e_26_3 26 3 5 0.0125 -0.272184 0.271385 0.0326507 0.62415 -0.407309 -0.626959 -0.226844 0.02
7 23 22
3 -0.0192239 0.126125 0.0247442 0.0125
24 -0.00773714 0.142145 0.0213683 0.0125
23 0.00143614 0.159894 0.0204518 0.0125
22 0.0111432 0.177373 0.0199653 0.0125
21 0.023477 0.193108 0.0205027 0.0125
4 0.0805959 0.176333 0.0986501 0.0125
20 0.0646681 0.190282 0.0760481 0.0125
5 0.0275242 -0.162907 0.0552675 0.0125
10 0.0058377 -0.110176 0.051478 0.0125
6 0.123328 -0.114022 0.0427133 0.0125
9 0.0687708 -0.0907515 0.0444357 0.0125
2 -0.0202836 -0.0762366 0.0530808 0.0125
19 0.0235063 0.193401 0.021845 0.0125
8 0.0216196 -0.0836754 0.0482724 0.0125
11 -0.0204678 -0.037818 0.0504025 0.0125
12 -0.00999594 0.0629703 0.0516297 0.0125
13 -0.00627699 0.082655 0.0517535 0.0125
14 -0.00401838 0.102389 0.0490903 0.0125
15 0.00411364 0.120182 0.0446938 0.0125
16 0.0118944 0.137669 0.038877 0.0125
17 0.0142825 0.157225 0.0353223 0.0125
18 0.0188675 0.174453 0.026257 0.0125
1 0.0340467 0.20979 0.0173375 0.0125
e_2_8 2 8 1 0.0125 0.00066745 -0.0799565 0.0506762 0.0239057 0.738469 -0.103925 0.665802 0.042829
e_8_9 8 9 2 0.0125 0.0451952 -0.0872134 0.046354 0.0341294 0.731349 -0.0723592 0.677295 0.047833
e_9_6 9 6 3 0.0125 0.0960491 -0.102387 0.0435747 0.109425 0.695795 -0.174307 0.688123 0.059338
e_2_10 2 10 1 0.0125 -0.00722251 -0.0932062 0.0522796 0.227984 0.602426 -0.394684 0.655233 0.042857
e_10_5 10 5 2 0.0125 0.016681 -0.136542 0.0533735 0.326415 0.514951 -0.449076 0.653154 0.057143
e_2_11 2 11 1 0.0125 -0.0203756 -0.0570276 0.0517412 0.680925 -0.72983 -0.046009 -0.0396496 0.038512
e_11_12 11 12 2 0.0125 -0.0152314 0.0125757 0.0510159 0.707452 -0.687578 0.145545 0.0746063 0.101339
e_12_13 12 13 3 0.0125 -0.00813678 0.0728125 0.051691 0.699587 -0.661664 0.243162 0.116838 0.020034
e_13_14 13 14 4 0.0125 -0.00514787 0.0925225 0.0504215 0.654532 -0.75261 0.00353443 -0.0717934 0.02004
e_14_15 14 15 5 0.0125 4.75062e-05 0.111285 0.0468918 0.615395 -0.643378 0.442382 0.107945 0.020051
e_15_16 15 16 6 0.0125 0.00800425 0.128926 0.0417852 0.580128 -0.788759 0.152438 -0.134438 0.020005
e_16_17 16 17 7 0.0125 0.0130883 0.147448 0.0370993 0.629542 -0.765444 -0.0536455 -0.122039 0.020019
e_17_18 17 18 8 0.0125 0.0165753 0.165839 0.0307895 0.239276 -0.571933 -0.632082 -0.464879 0.02
e_18_19 18 19 9 0.0125 0.0211869 0.183927 0.024051 0.608942 -0.781091 0.0141249 -0.137431 0.02
e_19_1 19 1 10 0.0125 0.0287759 0.201596 0.0195915 0.338122 -0.00220213 0.782736 0.522488 0.02
e_1_20 1 20 1 0.0125 0.0493575 0.200036 0.0466924 0.564046 0.272918 0.0162199 0.77917 0.06903
e_20_4 20 4 2 0.0125 0.0726319 0.183307 0.0873489 0.500999 0.363402 -0.0550593 0.783522 0.03097
e_1_21 1 21 1 0.0125 0.0287618 0.201449 0.0189193 0.562021 0.170611 -0.625914 0.513085 0.02
e_21_22 21 22 2 0.0125 0.01731 0.185241 0.0202344 0.534869 0.148665 -0.700936 0.447775 0.02
e_22_23 22 23 3 0.0125 0.00628954 0.168634 0.020209 0.517611 0.207483 -0.666945 0.49418 0.02
e_23_24 23 24 4 0.0125 -0.00315039 0.151019 0.0209096 0.51712 0.21712 -0.655694 0.50548 0.02
e_24_3 24 3 5 0.0125 -0.0134804 0.134135 0.0230558 0.575284 0.146894 -0.627712 0.503436 0.02
8 27 26
3 -0.215362 0.010977 0.147932 0.0125
28 -0.231363 -0.00252134 0.146173 0.0125
27 -0.249393 -0.018437 0.143442 0.0125
4 -0.373695 -0.0983767 0.163759 0.0125
26 -0.358273 -0.0884516 0.155782 0.0125
25 -0.342266 -0.0777814 0.150311 0.0125
24 -0.32523 -0.0693751 0.144059 0.0125
23 -0.308288 -0.0608668 0.137686 0.0125
1 -0.291062 -0.0522298 0.132332 0.0125
22 -0.283994 -0.033861 0.135891 0.0125
21 -0.272327 -0.0177411 0.137905 0.0125
6 -0.0143283 0.246631 0.0110459 0.0125
11 -0.0260371 0.232937 0.0246667 0.0125
10 -0.0426584 0.217864 0.0393887 0.0125
9 -0.0600272 0.202824 0.0540981 0.0125
2 -0.107155 0.177479 0.104167 0.0125
19 -0.250219 0.0151517 0.131163 0.0125
8 -0.0757676 0.193651 0.0708072 0.0125
12 -0.120443 0.169128 0.0917695 0.0125
13 -0.133913 0.16262 0.0784947 0.0125
14 -0.143179 0.154326 0.0628311 0.0125
15 -0.148736 0.149663 0.0441937 0.0125
5 -0.147793 0.142689 0.0254727 0.0125
16 -0.202209 0.0581874 0.128202 0.0125
17 -0.21564 0.0414554 0.132393 0.0125
18 -0.234136 0.0277326 0.132088 0.0125
20 -0.261735 -0.00131141 0.133638 0.0125
e_2_8 2 8 1 0.0125 -0.0914615 0.185565 0.0874872 -0.0600509 -0.743081 -0.53964 -0.391169 0.048576
e_8_9 8 9 2 0.0125 -0.0678976 0.198238 0.062453 -0.0305613 -0.753638 -0.519612 -0.401371 0.024721
e_9_10 9 10 3 0.0125 -0.0513433 0.210344 0.0467433 0.11971 -0.785435 -0.390733 -0.464853 0.027281
e_10_11 10 11 4 0.0125 -0.0343478 0.225401 0.0320276 0.130382 -0.789027 -0.38952 -0.456848 0.026836
e_11_6 11 6 5 0.0125 -0.0201823 0.239784 0.0178571 0.178119 -0.805336 -0.391094 -0.408353 0.022587
e_2_12 2 12 1 0.0125 -0.1138 0.173304 0.0979681 0.124823 -0.592973 -0.676998 0.417703 0.02
e_12_13 12 13 2 0.0125 -0.127177 0.165873 0.0851324 0.148065 -0.622516 -0.66659 0.382372 0.02
e_13_14 13 14 3 0.0125 -0.138546 0.158473 0.0706628 0.0432253 -0.61486 -0.716612 0.326413 0.02
e_14_15 14 15 4 0.0125 -0.145957 0.151994 0.0535125 0.0213315 -0.674722 -0.714632 0.183292 0.02
e_15_5 15 5 5 0.0125 -0.148265 0.146176 0.0348332 -0.1309 -0.624057 -0.760644 0.121814 0.02
e_2_16 2 16 1 0.0125 -0.154683 0.117833 0.116184 0.137573 -0.306257 -0.573046 0.747595 0.154413
e_16_17 16 17 2 0.0125 -0.208924 0.0498219 0.130297 0.146383 -0.296693 -0.562242 0.757911 0.021861
e_17_18 17 18 3 0.0125 -0.224888 0.0345934 0.13224 0.210692 -0.418095 -0.576032 0.67007 0.023034
e_18_19 18 19 4 0.0125 -0.242178 0.0214416 0.131626 0.194804 -0.420734 -0.587882 0.662895 0.02044
e_19_20 19 20 5 0.0125 -0.255977 0.00692013 0.1324 0.105119 -0.299783 -0.590761 0.741674 0.020243
e_20_21 20 21 6 0.0125 -0.267032 -0.00952682 0.135771 0.10846 -0.263129 -0.569331 0.771273 0.020009
e_21_22 21 22 7 0.0125 -0.278161 -0.0258015 0.136898 0.071183 -0.368703 -0.643748 0.666768 0.02
e_22_1 22 1 8 0.0125 -0.287528 -0.0430454 0.134111 -0.0494339 -0.330013 -0.692867 0.639205 0.020001
e_1_23 1 23 1 0.0125 -0.299675 -0.0565478 0.135009 0.329547 -0.380126 -0.470783 0.724752 0.02
e_23_24 23 24 2 0.0125 -0.316759 -0.0651205 0.140872 0.338774 -0.364746 -0.455692 0.737927 0.02
e_24_25 24 25 3 0.0125 -0.333748 -0.0735779 0.147185 0.340239 -0.368167 -0.45624 0.735211 0.02
e_25_26 25 26 4 0.0125 -0.350269 -0.083117 0.153046 0.28416 -0.349563 -0.490938 0.74568 0.02
e_26_4 26 4 5 0.0125 -0.365984 -0.0934145 0.159771 0.315074 -0.315268 -0.448511 0.774708 0.02
e_1_27 1 27 1 0.0125 -0.270228 -0.0353333 0.137887 0.657103 -0.59738 0.20431 -0.411837 0.054788
e_27_28 27 28 2 0.0125 -0.240378 -0.0104786 0.144808 0.583912 -0.655733 0.116593 -0.464185 0.024205
e_28_3 28 3 3 0.0125 -0.223363 0.00422774 0.147052 0.541488 -0.671519 0.0849022 -0.498642 0.021008
9 26 25
3 -0.00975616 0.164942 0.0978169 0.0125
27 -0.000810212 0.18157 0.0912211 0.0125
26 0.00938634 0.197488 0.084692 0.0125
25 0.0216399 0.210952 0.0764106 0.0125
24 0.0340794 0.225242 0.0700056 0.0125
4 -0.0137799 0.288613 0.0127332 0.0125
23 0.00224322 0.285668 0.0243341 0.0125
22 0.0160609 0.279489 0.0374066 0.0125
21 0.028938 0.268158 0.0476926 0.0125
20 0.0400616 0.252843 0.054152 0.0125
12 -0.165079 -0.0583875 0.162756 0.0125
11 -0.1562 -0.0527096 0.145731 0.0125
10 -0.148674 -0.0449227 0.12834 0.0125
9 -0.138517 -0.0314777 0.0975303 0.0125
2 -0.12826 -0.00403747 0.0519305 0.0125
19 0.0399892 0.218846 0.0635415 0.0125
8 -0.132774 -0.0173443 0.0761308 0.0125
6 -0.173334 -0.065593 0.179617 0.0125
13 -0.152215 0.00158599 0.0579569 0.0125
5 -0.215073 0.0209014 0.0933258 0.0125
14 -0.0401195 0.110109 0.0565504 0.0125
15 -0.0225932 0.131247 0.0560639 0.0125
16 -0.00709759 0.150669 0.0555488 0.0125
17 0.0143916 0.179908 0.05697 0.0125
18 0.0254654 0.197175 0.0598373 0.0125
1 0.0485942 0.236902 0.0627001 0.0125
e_2_8 2 8 1 0.0125 -0.130517 -0.0106911 0.0640311 0.94226 0.222023 -0.135312 0.211048 0.027984
e_8_9 8 9 2 0.0125 -0.135645 -0.0244113 0.086831 0.930827 0.251613 -0.171935 0.201719 0.026281
e_9_10 9 10 3 0.0125 -0.143596 -0.0382004 0.112935 0.949204 0.163667 -0.185822 0.194151 0.035116
e_10_11 10 11 4 0.0125 -0.152437 -0.0488166 0.137036 0.944037 0.157869 -0.225049 0.182275 0.020487
e_11_12 11 12 5 0.0125 -0.16064 -0.0555488 0.154243 0.946591 0.104184 -0.253011 0.170576 0.020023
e_12_6 12 6 6 0.0125 -0.169206 -0.0619901 0.171187 0.942562 0.144492 -0.24467 0.175601 0.020108
e_2_13 2 13 1 0.0125 -0.140238 -0.00122578 0.0549442 0.786499 -0.155596 -0.597365 0.01906 0.025334
e_13_5 13 5 2 0.0125 -0.183644 0.0112439 0.0756409 0.856047 -0.186508 -0.477885 0.0634384 0.074666
e_2_14 2 14 1 0.0125 -0.0841903 0.0530354 0.0542407 0.66095 -0.340117 0.606884 0.281349 0.144289
e_14_15 14 15 2 0.0125 -0.0313566 0.120678 0.0563078 0.639239 -0.314269 0.640386 0.287253 0.027464
e_15_16 15 16 3 0.0125 -0.014846 0.140958 0.055806 0.639416 -0.32933 0.633969 0.284206 0.02485
e_16_17 16 17 4 0.0125 0.0036466 0.165288 0.0562588 0.665314 -0.35756 0.593786 0.277357 0.036315
e_17_18 17 18 5 0.0125 0.0199288 0.188541 0.0584035 0.705832 -0.391724 0.526629 0.266489 0.020712
e_18_19 18 19 6 0.0125 0.0327271 0.20801 0.06169 0.705295 -0.37811 0.53547 0.269933 0.02635
e_19_1 19 1 7 0.0125 0.0442924 0.227874 0.0631207 0.649172 -0.503583 0.517144 0.239879 0.02002
e_1_20 1 20 1 0.0125 0.0443279 0.244873 0.0584265 0.531247 -0.69182 -0.484842 -0.0639481 0.02
e_20_21 20 21 2 0.0125 0.0344996 0.260501 0.050922 0.578774 -0.605962 -0.54251 -0.0592712 0.02
e_21_22 21 22 3 0.0125 0.0224995 0.273824 0.0425492 0.477123 -0.392961 -0.776347 -0.123375 0.02
e_22_23 22 23 4 0.0125 0.00915228 0.282579 0.0308703 0.389723 -0.0565365 -0.907539 -0.14592 0.02
e_23_4 23 4 5 0.0125 -0.0057688 0.28714 0.0185339 0.443309 0.0659388 -0.886378 -0.11603 0.02
e_1_24 1 24 1 0.0125 0.0413371 0.231072 0.0663522 0.820066 0.296694 -0.478892 0.100631 0.02
e_24_25 24 25 2 0.0125 0.0278598 0.218096 0.0732083 0.804356 0.381284 -0.440999 0.114692 0.02
e_25_26 25 26 3 0.0125 0.0155133 0.204219 0.0805511 0.83177 0.342604 -0.419054 0.12319 0.02
e_26_27 26 27 4 0.0125 0.00428742 0.189529 0.0879562 0.803503 0.431096 -0.388481 0.132745 0.02
e_27_3 27 3 5 0.0125 -0.00528322 0.173256 0.0945194 0.802897 0.454063 -0.359051 0.142359 0.02
10 25 24
3 0.0398894 0.0621343 0.151273 0.0125
26 0.0463662 0.0531924 0.134597 0.0125
25 0.0569231 0.0492961 0.118063 0.0125
24 0.0684202 0.0450296 0.102264 0.0125
23 0.0790566 0.0405091 0.085942 0.0125
4 0.130416 0.0945393 0.144334 0.0125
22 0.11689 0.0774228 0.128626 0.0125
21 0.104145 0.0580187 0.10578 0.0125
1 0.0928912 0.0394503 0.0715369 0.0125
11 0.0578674 -0.18878 0.139874 0.0125
10 0.0471331 -0.202367 0.124347 0.0125
6 -0.0280442 -0.103405 0.080218 0.0125
9 0.0317112 -0.22463 0.109952 0.0125
2 0.020987 -0.24224 0.09959 0.0125
19 0.0941657 0.000147693 0.077232 0.0125
8 -0.0184243 -0.161329 0.0864706 0.0125
5 0.0697342 -0.176825 0.155528 0.0125
12 0.0614621 -0.144476 0.0787952 0.0125
13 0.0729075 -0.11833 0.0726279 0.0125
14 0.0796779 -0.0996937 0.0685049 0.0125
15 0.0852906 -0.0804534 0.0711177 0.0125
16 0.0902076 -0.0596776 0.0751425 0.0125
17 0.0920337 -0.0398609 0.0774762 0.0125
18 0.0932031 -0.0195359 0.0806783 0.0125
20 0.0954027 0.0201209 0.0764267 0.0125
e_2_8 2 8 1 0.0125 0.0012807 -0.201784 0.0930304 0.370822 -0.112632 -0.747954 -0.538859 0.09095
e_8_6 8 6 2 0.0125 -0.023234 -0.132367 0.0833442 0.340884 -0.26919 -0.693167 -0.5752 0.05905
e_2_9 2 9 1 0.0125 0.0263499 -0.233435 0.104771 0.817928 -0.355208 0.386415 0.235594 0.023076
e_9_10 9 10 2 0.0125 0.0394224 -0.213498 0.117149 0.810873 -0.305518 0.414708 0.277778 0.03067
e_10_11 10 11 3 0.0125 0.0525006 -0.195573 0.132111 0.875029 -0.234322 0.333616 0.260993 0.023257
e_11_5 11 5 4 0.0125 0.063801 -0.182802 0.147701 0.863949 -0.173107 0.360079 0.306542 0.022996
e_2_12 2 12 1 0.0125 0.0412243 -0.193358 0.0891927 -0.389962 0.204801 -0.744631 -0.501509 0.107835
e_12_13 12 13 2 0.0125 0.0671844 -0.131403 0.0757113 -0.600286 0.58971 -0.507785 -0.184535 0.029201
e_13_14 13 14 3 0.0125 0.0762931 -0.109012 0.0705667 -0.208043 -0.00969487 -0.775695 -0.595753 0.020251
e_14_15 14 15 4 0.0125 0.0824838 -0.0900738 0.0698118 0.732885 -0.658581 0.0403531 -0.1659 0.020212
e_15_16 15 16 5 0.0125 0.0877485 -0.0700652 0.0731302 0.744753 -0.63809 -0.0149806 -0.194834 0.021726
e_16_17 16 17 6 0.0125 0.0911205 -0.0497687 0.076309 0.633471 -0.593479 -0.299225 -0.396183 0.020037
e_17_18 17 18 7 0.0125 0.0926184 -0.0296984 0.0790773 0.656435 -0.579169 -0.294782 -0.383092 0.020609
e_18_19 18 19 8 0.0125 0.0936843 -0.00969417 0.0789545 0.19506 -0.267484 -0.717338 -0.61305 0.020006
e_19_20 19 20 9 0.0125 0.0947843 0.0101336 0.0768291 0.422946 -0.474762 -0.542872 -0.548642 0.020028
e_20_1 20 1 10 0.0125 0.0941466 0.029785 0.0739812 0.166119 -0.11336 -0.780258 -0.592243 0.020096
e_1_21 1 21 1 0.0125 0.0985184 0.0487339 0.088659 0.944051 -0.207881 0.185796 0.176163 0.040547
e_21_22 21 22 2 0.0125 0.110518 0.0677214 0.117204 0.897755 -0.265688 0.280533 0.211533 0.032571
e_22_4 22 4 3 0.0125 0.123653 0.0859808 0.13648 0.843075 -0.248228 0.38239 0.28528 0.026881
e_1_23 1 23 1 0.0125 0.0859741 0.0399801 0.0787394 0.918749 0.0225843 -0.373335 -0.126536 0.02
e_23_24 23 24 2 0.0125 0.0737383 0.0427693 0.0941023 0.946295 -0.084899 -0.291075 -0.112216 0.02
e_24_25 24 25 3 0.0125 0.0626718 0.0471623 0.110164 0.937685 -0.0714642 -0.316088 -0.125411 0.02
e_25_26 25 26 4 0.0125 0.0516445 0.0512438 0.12633 0.950265 -0.0719905 -0.285445 -0.101661 0.02
e_26_3 26 3 5 0.0125 0.0431274 0.0576641 0.142935 0.95239 -0.214644 -0.192399 -0.0993162 0.02
11 29 28
3 -0.22586 0.317473 0.301498 0.0125
30 -0.23048 0.309435 0.283777 0.0125
29 -0.236601 0.299916 0.267287 0.0125
28 -0.242705 0.290121 0.250954 0.0125
27 -0.251066 0.283921 0.233876 0.0125
4 -0.287745 0.369803 0.211707 0.0125
26 -0.283143 0.34892 0.209008 0.0125
25 -0.279517 0.328716 0.21125 0.0125
1 -0.254938 0.276593 0.215673 0.0125
24 -0.236435 0.278635 0.208355 0.0125
23 -0.218938 0.274302 0.199655 0.0125
22 -0.202208 0.268045 0.190653 0.0125
21 -0.183177 0.260142 0.184386 0.0125
6 -0.157217 0.0923741 0.144092 0.0125
11 -0.143712 0.102445 0.133207 0.0125
10 -0.128273 0.111398 0.123566 0.0125
9 -0.112323 0.114833 0.111619 0.0125
2 -0.0323261 0.143567 0.0865141 0.0125
19 -0.149807 0.246775 0.163197 0.0125
8 -0.0952355 0.119641 0.101324 0.0125
12 -0.0500982 0.135303 0.08253 0.0125
13 -0.0662863 0.127341 0.0738959 0.0125
14 -0.0836635 0.121432 0.0659519 0.0125
15 -0.100248 0.114553 0.0571399 0.0125
5 -0.11742 0.108978 0.0485372 0.0125
16 -0.0696727 0.179928 0.102353 0.0125
17 -0.106975 0.218895 0.128362 0.0125
18 -0.132386 0.239819 0.150766 0.0125
20 -0.166732 0.253654 0.174872 0.0125
e_2_8 2 8 1 0.0125 -0.0637809 0.131604 0.0939182 0.526297 -0.281535 -0.559728 0.574852 0.068916
e_8_9 8 9 2 0.0125 -0.103779 0.117237 0.106471 0.646351 -0.219175 -0.448437 0.577145 0.02052
e_9_10 9 10 3 0.0125 -0.120298 0.113116 0.117593 0.685068 -0.209968 -0.400647 0.571032 0.020223
e_10_11 10 11 4 0.0125 -0.135993 0.106921 0.128387 0.620686 -0.120566 -0.497812 0.59363 0.020284
e_11_6 11 6 5 0.0125 -0.150464 0.0974093 0.13865 0.645222 -0.050052 -0.475564 0.595838 0.020056
e_2_12 2 12 1 0.0125 -0.0412122 0.139435 0.0845221 0.344572 -0.411119 -0.656198 0.530713 0.02
e_12_13 12 13 2 0.0125 -0.0581924 0.131322 0.0782123 0.234799 -0.517126 -0.669641 0.478572 0.02
e_13_14 13 14 3 0.0125 -0.0749752 0.124387 0.0699235 0.274353 -0.550939 -0.628559 0.475511 0.02
e_14_15 14 15 4 0.0125 -0.0919555 0.117992 0.0615456 0.242472 -0.547593 -0.648394 0.470036 0.02
e_15_5 15 5 5 0.0125 -0.108834 0.111766 0.0528386 0.261982 -0.572637 -0.622235 0.465055 0.02
e_2_16 2 16 1 0.0125 -0.0509994 0.161747 0.0944336 0.684413 -0.577334 -0.145982 0.420659 0.054476
e_16_17 16 17 2 0.0125 -0.0883239 0.199412 0.115358 0.728801 -0.517923 -0.120848 0.431277 0.059887
e_17_18 17 18 3 0.0125 -0.11968 0.229357 0.139564 0.753036 -0.442268 -0.15187 0.462894 0.039818
e_18_19 18 19 4 0.0125 -0.141096 0.243297 0.156982 0.720921 -0.396094 -0.258662 0.506434 0.022503
e_19_20 19 20 5 0.0125 -0.158269 0.250214 0.169034 0.717152 -0.40409 -0.259779 0.504895 0.021681
e_20_21 20 21 6 0.0125 -0.174955 0.256898 0.179629 0.695991 -0.431896 -0.276625 0.502535 0.020077
e_21_22 21 22 7 0.0125 -0.192693 0.264094 0.18752 0.640549 -0.513976 -0.30057 0.484957 0.021538
e_22_23 22 23 8 0.0125 -0.210573 0.271173 0.195154 0.686655 -0.438578 -0.287455 0.503512 0.020002
e_23_24 23 24 9 0.0125 -0.227687 0.276469 0.204005 0.669612 -0.417047 -0.32976 0.518603 0.020015
e_24_1 24 1 10 0.0125 -0.245686 0.277614 0.212014 0.609284 -0.332555 -0.454359 0.558336 0.020002
e_1_25 1 25 1 0.0125 -0.267228 0.302654 0.213462 0.612091 -0.733643 0.00629061 0.29508 0.057798
e_25_26 25 26 2 0.0125 -0.28133 0.338818 0.210129 0.625776 -0.732676 0.132101 0.232678 0.020648
e_26_4 26 4 3 0.0125 -0.285444 0.359361 0.210358 0.694959 -0.651973 0.11112 0.282164 0.021554
e_1_27 1 27 1 0.0125 -0.253001 0.280257 0.224775 0.902805 -0.135281 0.163264 0.374147 0.02
e_27_28 27 28 2 0.0125 -0.246885 0.287021 0.242415 0.906373 -0.0783182 0.258666 0.324724 0.02
e_28_29 28 29 3 0.0125 -0.239654 0.295018 0.25912 0.895125 -0.18635 0.23864 0.327223 0.02
e_29_30 29 30 4 0.0125 -0.23354 0.304675 0.275533 0.896514 -0.178603 0.236307 0.329428 0.02
e_30_3 30 3 5 0.0125 -0.22817 0.313454 0.292637 0.901859 -0.148089 0.187207 0.360102 0.02
12 17 16
3 0.231314 -0.0924802 0.145481 0.0125
5 -0.00847531 -0.0691927 0.24076 0.0125
10 -0.0144323 -0.0697856 0.212839 0.0125
6 -0.0529041 -0.117774 0.277438 0.0125
9 -0.0465214 -0.105488 0.243192 0.0125
2 -0.00869713 -0.0740548 0.141753 0.0125
8 -0.0324799 -0.0891436 0.19395 0.0125
11 0.104262 -0.0554468 0.121659 0.0125
12 0.134971 -0.0564438 0.112011 0.0125
13 0.182894 -0.0547785 0.0991863 0.0125
14 0.237845 -0.0391249 0.0950664 0.0125
1 0.279742 -0.0363155 0.0799131 0.0125
18 0.250363 -0.0773866 0.123207 0.0125
15 0.270407 -0.0169161 0.113616 0.0125
4 0.25707 0.0221128 0.157204 0.0125
16 0.268823 -0.0498141 0.092706 0.0125
17 0.258078 -0.0617073 0.104738 0.0125
e_2_8 2 8 1 0.0125 -0.0205889 -0.0815991 0.167851 0.917577 0.190959 -0.153329 -0.313174 0.059311
e_8_9 8 9 2 0.0125 -0.0395004 -0.0973153 0.218571 0.931194 0.188886 -0.0790917 -0.301569 0.05375
e_9_6 9 6 3 0.0125 -0.0497123 -0.11163 0.260315 0.936741 0.187981 -0.0333617 -0.293372 0.036939
e_2_10 2 10 1 0.0125 -0.0115644 -0.0719205 0.177296 0.940221 -0.0146052 -0.0479237 -0.336859 0.071444
e_10_5 10 5 2 0.0125 -0.011454 -0.0694893 0.2268 0.944446 -0.0427494 0.0963499 -0.311304 0.028556
e_2_11 2 11 1 0.0125 0.0477826 -0.0647506 0.131707 0.634986 -0.242458 0.726398 -0.101752 0.116232
e_11_12 11 12 2 0.0125 0.119617 -0.0559446 0.116835 0.591321 -0.00542212 0.806085 -0.0231715 0.032204
e_12_13 12 13 3 0.0125 0.158933 -0.0556112 0.105598 0.606959 -0.0915228 0.78791 -0.0492159 0.049637
e_13_14 13 14 4 0.0125 0.21037 -0.0469519 0.097126 0.664024 -0.352642 0.641563 -0.152024 0.057286
e_14_1 14 1 5 0.0125 0.258794 -0.0377202 0.0874898 0.57364 -0.104167 0.811709 -0.034847 0.044641
e_1_15 1 15 1 0.0125 0.275075 -0.0266154 0.0967646 0.879165 -0.182632 -0.212775 -0.385281 0.039991
e_15_4 15 4 2 0.0125 0.263739 0.00259873 0.13541 0.839636 -0.265125 -0.257937 -0.397729 0.060009
e_1_16 1 16 1 0.0125 0.274283 -0.0430645 0.0863102 0.855955 0.416643 -0.172652 -0.252864 0.021566
e_16_17 16 17 2 0.0125 0.263451 -0.0557605 0.0987215 0.856098 0.404337 -0.190666 -0.259332 0.020042
e_17_18 17 18 3 0.0125 0.25422 -0.0695473 0.113972 0.894137 0.363748 -0.0669832 -0.252428 0.025426
e_18_3 18 3 4 0.0125 0.240839 -0.0849332 0.134344 0.870015 0.335798 -0.222295 -0.284427 0.032966
13 24 23
3 -0.075142 0.102424 0.160951 0.0125
25 -0.0854576 0.0837931 0.157578 0.0125
24 -0.094473 0.0626018 0.154701 0.0125
4 -0.0265777 0.0161178 0.0801863 0.0125
23 -0.0502044 0.0156528 0.0926065 0.0125
22 -0.0708715 0.0163074 0.104995 0.0125
1 -0.112722 0.0162451 0.130861 0.0125
21 -0.0961395 0.00729557 0.137567 0.0125
6 0.0726118 -0.187005 0.0377428 0.0125
11 0.0826141 -0.184346 0.0605377 0.0125
10 0.0857303 -0.178915 0.0857091 0.0125
9 0.0892876 -0.17983 0.116078 0.0125
2 0.0933306 -0.188298 0.183858 0.0125
19 -0.0665017 -0.0138044 0.153873 0.0125
8 0.0917867 -0.184205 0.148928 0.0125
12 0.136174 -0.157037 0.198015 0.0125
13 0.156442 -0.147891 0.203721 0.0125
5 0.173766 -0.138416 0.213757 0.0125
14 -0.000533553 -0.0936445 0.158816 0.0125
15 -0.0156503 -0.0749172 0.159089 0.0125
16 -0.0283216 -0.05921 0.159346 0.0125
17 -0.039152 -0.0424613 0.15759 0.0125
18 -0.0524617 -0.0275334 0.158028 0.0125
20 -0.0823544 -0.00374799 0.146975 0.0125
e_2_8 2 8 1 0.0125 0.0925585 -0.186251 0.166392 -0.0622579 0.931636 0.35802 0.0003881 0.035203
e_8_9 8 9 2 0.0125 0.0905375 -0.182017 0.132503 -0.0748595 0.938774 0.336043 -0.0132494 0.033233
e_9_10 9 10 3 0.0125 0.0875083 -0.179372 0.100894 -0.0233051 0.987562 0.145265 -0.0554621 0.030591
e_10_11 10 11 4 0.0125 0.084172 -0.18163 0.073123 0.108064 0.991611 -0.0437692 -0.0557959 0.025939
e_11_6 11 6 5 0.0125 0.0776131 -0.185676 0.0491406 0.140644 0.87237 -0.440732 -0.15794 0.025034
e_2_12 2 12 1 0.0125 0.114752 -0.172667 0.190936 0.626122 0.0185357 0.608856 0.486746 0.054893
e_12_13 12 13 2 0.0125 0.146308 -0.152464 0.200868 0.63142 0.134395 0.598038 0.47497 0.022956
e_13_5 13 5 3 0.0125 0.165104 -0.143154 0.20874 0.698729 0.0570837 0.519803 0.488184 0.02215
e_2_14 2 14 1 0.0125 0.0463985 -0.140971 0.171337 0.588726 -0.713647 -0.288136 0.247157 0.135635
e_14_15 14 15 2 0.0125 -0.00809175 -0.0842811 0.158953 0.639906 -0.684919 -0.158766 0.310162 0.024069
e_15_16 15 16 3 0.0125 -0.0219859 -0.0670636 0.159217 0.640294 -0.684521 -0.1584 0.310424 0.020183
e_16_17 16 17 4 0.0125 -0.0337367 -0.0508357 0.158467 0.590912 -0.735727 -0.050476 0.327079 0.020022
e_17_18 17 18 5 0.0125 -0.0458072 -0.0349977 0.157809 0.649663 -0.668515 -0.205266 0.298147 0.020005
e_18_19 18 19 6 0.0125 -0.0594824 -0.0206691 0.155951 0.58316 -0.71255 -0.309448 0.237571 0.020072
e_19_20 19 20 7 0.0125 -0.0744281 -0.00877558 0.150425 0.558035 -0.581984 -0.577721 0.127004 0.020001
e_20_21 20 21 8 0.0125 -0.0892476 0.00177368 0.142271 0.498008 -0.687826 -0.511795 0.130187 0.020013
e_21_1 21 1 9 0.0125 -0.104431 0.0117706 0.134214 0.566654 -0.513707 -0.635426 0.106026 0.020001
e_1_22 1 22 1 0.0125 -0.0917973 0.0162759 0.117928 0.36242 0.582401 0.650901 0.325251 0.049198
e_22_23 22 23 2 0.0125 -0.0605379 0.0159807 0.098801 0.371462 0.592448 0.637171 0.324091 0.024105
e_23_4 23 4 3 0.0125 -0.0383906 0.0158856 0.0863957 0.388504 0.552095 0.654076 0.341235 0.026697
e_1_24 1 24 1 0.0125 -0.103598 0.0394235 0.142781 0.688267 -0.289945 0.447328 0.492055 0.05523
e_24_25 24 25 2 0.0125 -0.0899651 0.0731972 0.15614 0.571612 -0.296732 0.591582 0.485017 0.023209
e_25_3 25 3 3 0.0125 -0.0803001 0.0931086 0.159265 0.582434 -0.232941 0.606228 0.488873 0.021562
14 18 17
3 0.0264122 0.102334 0.0211674 0.0125
19 0.0114048 0.0980997 0.0427087 0.0125
11 -0.187843 -0.0133488 0.268334 0.0125
6 -0.308202 0.0468501 0.345716 0.0125
10 -0.290167 0.0270816 0.335968 0.0125
9 -0.273454 0.0120783 0.326459 0.0125
2 -0.196511 -0.042834 0.304347 0.0125
8 -0.249287 -0.00691532 0.31965 0.0125
12 -0.183841 0.00689778 0.245383 0.0125
5 -0.174602 0.0190434 0.229828 0.0125
13 -0.127746 0.0282116 0.184767 0.0125
14 -0.107282 0.048106 0.161595 0.0125
15 -0.0845552 0.0661987 0.127572 0.0125
16 -0.0568667 0.0818049 0.0997042 0.0125
1 -0.0447403 0.0954117 0.0891391 0.0125
18 -0.00428013 0.100505 0.0586218 0.0125
17 -0.0347729 0.0920913 0.107945 0.0125
4 -0.00182337 0.0665923 0.174427 0.0125
e_2_8 2 8 1 0.0125 -0.222899 -0.0248742 0.311998 0.691246 -0.0638763 -0.615924 -0.372473 0.065648
e_8_9 8 9 2 0.0125 -0.261371 0.00258126 0.323055 0.681166 -0.0982389 -0.618226 -0.379682 0.031483
e_9_10 9 10 3 0.0125 -0.28181 0.0195797 0.331214 0.739322 -0.137332 -0.534974 -0.385157 0.02439
e_10_6 10 6 4 0.0125 -0.299184 0.0369662 0.340843 0.718068 -0.185285 -0.5427 -0.394366 0.028479
e_2_11 2 11 1 0.0125 -0.192177 -0.0280914 0.28634 0.0483969 -0.387954 -0.854295 -0.342533 0.047344
e_11_12 11 12 2 0.0125 -0.185842 -0.00322581 0.256859 0.079951 -0.381035 -0.852408 -0.349028 0.030865
e_12_5 12 5 3 0.0125 -0.179221 0.0129707 0.237606 0.0737787 -0.693366 -0.613327 -0.370986 0.021791
e_2_13 2 13 1 0.0125 -0.162128 -0.00731109 0.244557 -0.0518061 -0.54325 -0.768255 -0.334634 0.155162
e_13_14 13 14 2 0.0125 -0.117513 0.0381589 0.173181 0.246911 -0.891394 -0.143421 -0.351969 0.036763
e_14_15 14 15 3 0.0125 -0.0959185 0.0571524 0.144583 -0.039936 -0.661665 -0.665176 -0.343723 0.044737
e_15_16 15 16 4 0.0125 -0.0707106 0.074002 0.113638 0.380578 -0.719509 0.558518 -0.159762 0.042271
e_16_1 16 1 5 0.0125 -0.050804 0.0886088 0.0944222 0.357077 -0.865539 -0.0397938 -0.348933 0.021067
e_1_17 1 17 1 0.0125 -0.0397568 0.0937522 0.0985422 0.948149 0.030188 0.250187 -0.193671 0.021542
e_17_4 17 4 2 0.0125 -0.0182977 0.0793423 0.141186 0.946353 0.128383 0.244621 -0.167611 0.078458
e_1_18 1 18 1 0.0125 -0.0245102 0.0979584 0.0738805 0.412246 0.243133 0.860501 0.174581 0.050934
e_18_19 18 19 2 0.0125 0.00356218 0.099302 0.050665 0.269101 0.747058 0.544029 0.271148 0.022473
e_19_3 19 3 3 0.0125 0.0189084 0.100216 0.0319383 -0.0409079 0.94177 0.13447 0.305472 0.026593
15 19 18
3 0.151495 -0.0805803 0.271529 0.0125
20 0.136003 -0.0714063 0.262749 0.0125
19 0.120469 -0.061915 0.254132 0.0125
5 -0.0976481 0.0450413 0.125413 0.0125
10 -0.116346 0.0513206 0.131097 0.0125
6 -0.325119 0.0618233 0.209707 0.0125
9 -0.149885 0.0609269 0.139097 0.0125
2 -0.190623 0.0731193 0.149083 0.0125
8 -0.252004 0.0775139 0.16802 0.0125
11 -0.110837 0.048105 0.173871 0.0125
12 -0.0332773 0.0136228 0.200199 0.0125
13 -0.00832899 0.000180138 0.206166 0.0125
14 0.0227088 -0.0141419 0.215774 0.0125
1 0.0791754 -0.0307154 0.224213 0.0125
18 0.106971 -0.0502921 0.243945 0.0125
15 0.0893409 -0.0513638 0.227326 0.0125
16 0.0988091 -0.0730139 0.236173 0.0125
17 0.113293 -0.0949329 0.246446 0.0125
4 0.123109 -0.115974 0.248773 0.0125
e_2_8 2 8 1 0.0125 -0.221313 0.075316 0.158552 0.787961 0.0776348 -0.588991 -0.161801 0.064386
e_8_6 8 6 2 0.0125 -0.288562 0.0696683 0.188864 0.843439 0.206805 -0.462362 -0.179065 0.085614
e_2_9 2 9 1 0.0125 -0.170254 0.0670227 0.14409 0.615333 0.121142 0.774364 -0.0839683 0.043681
e_9_10 9 10 2 0.0125 -0.133116 0.0561233 0.135097 0.617481 0.112687 0.773982 -0.0834895 0.035793
e_10_5 10 5 3 0.0125 -0.106997 0.0481804 0.128255 0.595533 0.147491 0.78531 -0.0829072 0.020526
e_2_11 2 11 1 0.0125 -0.15073 0.060612 0.161477 0.792611 0.0931205 0.590952 -0.11778 0.087212
e_11_12 11 12 2 0.0125 -0.0720569 0.0308633 0.187034 0.795292 0.153857 0.572886 -0.125061 0.088869
e_12_13 12 13 3 0.0125 -0.0208031 0.006902 0.203182 0.766477 0.205952 0.595449 -0.124645 0.02896
e_13_14 13 14 4 0.0125 0.00718919 -0.00698116 0.21097 0.787283 0.164306 0.581118 -0.124462 0.035509
e_14_1 14 1 5 0.0125 0.0509426 -0.0224288 0.219993 0.747859 0.0926979 0.648413 -0.10805 0.05945
e_1_15 1 15 1 0.0125 0.0842582 -0.041039 0.225769 0.736187 0.516084 0.408219 -0.158249 0.023224
e_15_16 15 16 2 0.0125 0.0940744 -0.0621886 0.231749 0.804528 0.464587 0.329916 -0.16748 0.025232
e_16_17 16 17 3 0.0125 0.106051 -0.0839729 0.241309 0.810336 0.401519 0.395853 -0.159493 0.028209
e_17_4 17 4 4 0.0125 0.118201 -0.105453 0.24761 0.724478 0.533547 0.406762 -0.158125 0.023334
e_1_18 1 18 1 0.0125 0.0930725 -0.040504 0.234079 0.854243 0.214624 0.450503 -0.145786 0.039308
e_18_19 18 19 2 0.0125 0.11372 -0.0561035 0.249038 0.851831 0.256329 0.431364 -0.150344 0.02052
e_19_20 19 20 3 0.0125 0.128235 -0.0666605 0.25844 0.833433 0.199957 0.496053 -0.139062 0.020141
e_20_3 20 3 4 0.0125 0.143749 -0.0759937 0.267139 0.836581 0.191726 0.494064 -0.138833 0.020031
16 18 17
3 0.0335021 0.331351 0.179726 0.0125
19 0.0133176 0.344987 0.240369 0.0125
10 0.0214455 0.251488 0.203314 0.0125
5 -0.0459059 0.00491732 0.136864 0.0125
6 0.0483707 0.199716 0.0915989 0.0125
9 -0.0381962 0.0458669 0.149653 0.0125
2 -0.0312077 0.0985459 0.168587 0.0125
8 0.00299165 0.141282 0.136985 0.0125
11 0.0281768 0.299605 0.22264 0.0125
12 0.0280109 0.316895 0.2362 0.0125
13 0.0229233 0.332287 0.248061 0.0125
14 0.0123425 0.346925 0.256829 0.0125
1 0.00305676 0.358147 0.270732 0.0125
18 0.0019329 0.393582 0.340879 0.0125
15 0.00141351 0.370894 0.286056 0.0125
16 -0.00258346 0.378042 0.304302 0.0125
17 -0.000302789 0.385549 0.3227 0.0125
4 0.00436384 0.399113 0.359944 0.0125
e_2_8 2 8 1 0.0125 -0.0141078 0.119914 0.152785 0.192677 -0.75988 -0.415431 -0.461383 0.063203
e_8_6 8 6 2 0.0125 0.0256816 0.170499 0.114292 0.18801 -0.759273 -0.430064 -0.450779 0.086797
e_2_9 2 9 1 0.0125 -0.0347015 0.072206 0.159119 0.347137 0.573715 0.581954 -0.460084 0.056413
e_9_5 9 5 2 0.0125 -0.042051 0.0253919 0.143258 0.366977 0.604975 0.529818 -0.467575 0.043587
e_2_10 2 10 1 0.0125 -0.00488112 0.175017 0.18595 0.393955 -0.477423 -0.408792 -0.670638 0.165438
e_10_11 10 11 2 0.0125 0.024811 0.275546 0.212977 0.442079 -0.362777 -0.428472 -0.69955 0.052288
e_11_12 11 12 3 0.0125 0.0280937 0.30825 0.22942 0.495172 -0.237455 -0.367528 -0.750562 0.021973
e_12_13 12 13 4 0.0125 0.0254664 0.324591 0.24213 0.514424 -0.131824 -0.432862 -0.728437 0.020087
e_13_14 13 14 5 0.0125 0.0176331 0.339607 0.252445 0.517557 -0.0164755 -0.530451 -0.671182 0.020078
e_14_1 14 1 6 0.0125 0.00769983 0.352537 0.263781 0.549041 0.0201844 -0.392876 -0.737425 0.020136
e_1_15 1 15 1 0.0125 0.00223467 0.364521 0.278395 0.524459 -0.152998 -0.305781 -0.779764 0.02
e_15_16 15 16 2 0.0125 -0.000585175 0.374468 0.295179 0.556339 -0.0199433 -0.208429 -0.804143 0.02
e_16_17 16 17 3 0.0125 -0.00144293 0.381796 0.313501 0.528281 -0.152301 -0.129937 -0.82513 0.02
e_17_18 17 18 4 0.0125 0.000815056 0.389565 0.331789 0.526963 -0.159025 -0.14222 -0.822675 0.02
e_18_4 18 4 5 0.0125 0.00314863 0.396347 0.350412 0.532248 -0.127175 -0.0847935 -0.832675 0.02
e_1_19 1 19 1 0.0125 0.0081867 0.351567 0.255551 -0.115761 -0.882725 0.398718 -0.220045 0.034647
e_19_3 19 3 2 0.0125 0.0234098 0.338169 0.210047 -0.115459 -0.980069 -0.058599 -0.150666 0.065353
17 23 22
3 -0.0152169 0.0353629 0.270378 0.0125
24 -0.0144561 0.0373535 0.249062 0.0125
23 -0.0135779 0.0395272 0.228554 0.0125
22 -0.0100839 0.0377379 0.208633 0.0125
4 0.00733977 -0.0575965 0.218857 0.0125
21 0.00201449 -0.0429591 0.206312 0.0125
20 -0.00468174 -0.0275838 0.195413 0.0125
11 -0.271771 -0.0761891 0.16695 0.0125
6 -0.250418 0.0147367 0.304198 0.0125
10 -0.256849 -0.0262893 0.249524 0.0125
9 -0.260789 -0.0399949 0.23516 0.0125
2 -0.2772 -0.0875419 0.200688 0.0125
19 -0.00780763 -0.0102147 0.186003 0.0125
8 -0.27068 -0.0717938 0.214236 0.0125
12 -0.26855 -0.0648337 0.146633 0.0125
13 -0.265706 -0.0612498 0.126956 0.0125
5 -0.268266 -0.0583689 0.107032 0.0125
14 -0.178451 -0.0201084 0.175064 0.0125
15 -0.111525 0.00339989 0.171316 0.0125
16 -0.0897192 0.0119985 0.168647 0.0125
17 -0.0615599 0.0209376 0.166027 0.0125
1 -0.00890213 0.0271809 0.172532 0.0125
18 -0.00821233 0.0077511 0.177226 0.0125
e_2_8 2 8 1 0.0125 -0.27394 -0.0796678 0.207462 0.881615 -0.427035 0.0806442 -0.1841 0.021773
e_8_9 8 9 2 0.0125 -0.265734 -0.0558943 0.224698 0.853091 -0.482333 0.0368429 -0.195534 0.03933
e_9_10 9 10 3 0.0125 -0.25882 -0.0331416 0.242342 0.905054 -0.379947 0.0281779 -0.189005 0.02024
e_10_6 10 6 4 0.0125 -0.253633 -0.00577695 0.276861 0.928439 -0.318766 -0.0148423 -0.190183 0.068657
e_2_11 2 11 1 0.0125 -0.274485 -0.0818654 0.183818 -0.0605004 -0.0966535 -0.979352 -0.166934 0.036008
e_11_12 11 12 2 0.0125 -0.27016 -0.0705117 0.156791 0.113229 -0.641533 -0.721648 -0.234179 0.023497
e_12_13 12 13 3 0.0125 -0.267129 -0.0630417 0.136795 -0.108549 0.552286 -0.825823 -0.0348354 0.020201
e_13_5 13 5 4 0.0125 -0.266987 -0.0598093 0.116994 0.0285803 0.407962 -0.908001 -0.0910191 0.020294
e_2_14 2 14 1 0.0125 -0.227826 -0.0538253 0.187876 0.624085 -0.512847 0.584595 -0.0758636 0.122291
e_14_15 14 15 2 0.0125 -0.144988 -0.00835395 0.173191 0.687337 -0.274318 0.671667 -0.0343659 0.071034
e_15_16 15 16 3 0.0125 -0.100622 0.0076987 0.169981 0.664962 -0.310194 0.678492 -0.0354059 0.023591
e_16_17 16 17 4 0.0125 -0.0756398 0.0164683 0.167337 0.674696 -0.248901 0.694419 -0.0248276 0.029661
e_17_1 17 1 5 0.0125 -0.0352308 0.0240594 0.169279 0.748697 -0.0942236 0.655921 -0.0184722 0.053424
e_1_18 1 18 1 0.0125 -0.00855706 0.0174661 0.174879 0.785531 0.617593 0.0351683 -0.0167998 0.02
e_18_19 18 19 2 0.0125 -0.00800981 -0.00123169 0.181614 0.847273 0.528424 0.0365627 -0.0394935 0.02
e_19_20 19 20 3 0.0125 -0.00624463 -0.0188996 0.190708 0.856837 0.502559 0.11042 -0.0327434 0.02
e_20_21 20 21 4 0.0125 -0.00133392 -0.0352712 0.200862 0.878337 0.430263 0.20595 -0.0313417 0.02
e_21_4 21 4 5 0.0125 0.00467684 -0.0502775 0.212584 0.900852 0.397632 0.168057 -0.0459532 0.02
e_1_22 1 22 1 0.0125 -0.00949351 0.0324599 0.190583 0.974484 -0.136759 -0.0404363 -0.173328 0.037631
e_22_23 22 23 2 0.0125 -0.0118312 0.0386332 0.218593 0.981262 -0.0291917 -0.092632 -0.16641 0.020304
e_23_24 23 24 3 0.0125 -0.0140167 0.0384401 0.238808 0.988303 0.0552414 -0.013606 -0.141495 0.020641
e_24_3 24 3 4 0.0125 -0.0148361 0.036358 0.25972 0.988595 0.0485612 -0.0109801 -0.142132 0.021423
18 28 27
3 0.124997 0.258743 0.0706967 0.0125
29 0.113004 0.248972 0.0833718 0.0125
28 0.10098 0.239279 0.0960797 0.0125
27 0.0888198 0.228882 0.10808 0.0125
26 0.0776587 0.215037 0.117231 0.0125
4 -0.026579 0.229224 0.145299 0.0125
25 -0.00658012 0.223843 0.144032 0.0125
24 0.0125049 0.216107 0.143271 0.0125
23 0.0316354 0.210323 0.137228 0.0125
1 0.0664463 0.200966 0.125966 0.0125
22 0.0632466 0.181242 0.12705 0.0125
21 0.0600905 0.161949 0.13176 0.0125
11 0.0963227 -0.0996482 0.184103 0.0125
6 0.00586989 -0.188822 0.22113 0.0125
10 0.0188396 -0.168154 0.218287 0.0125
9 0.0324111 -0.155007 0.211396 0.0125
2 0.0925352 -0.0927943 0.15338 0.0125
19 0.063667 0.121839 0.134639 0.0125
8 0.0563964 -0.120077 0.187312 0.0125
12 0.0993748 -0.106737 0.207881 0.0125
13 0.0959714 -0.109507 0.227414 0.0125
5 0.0908698 -0.104997 0.249672 0.0125
14 0.0799758 0.0209245 0.142096 0.0125
15 0.0781602 0.0419364 0.136923 0.0125
16 0.0753603 0.0622219 0.136614 0.0125
17 0.0748233 0.0831971 0.133336 0.0125
18 0.0725195 0.103379 0.134705 0.0125
20 0.0597012 0.141937 0.132206 0.0125
e_2_8 2 8 1 0.0125 0.0744662 -0.106436 0.170347 0.890379 0.301928 -0.330151 -0.084049 0.056584
e_8_9 8 9 2 0.0125 0.0444037 -0.137542 0.199354 0.860677 0.438987 -0.245399 -0.0794106 0.048738
e_9_10 9 10 3 0.0125 0.0256252 -0.161581 0.214842 0.815546 0.436617 -0.371567 -0.0786639 0.020113
e_10_6 10 6 4 0.0125 0.0123547 -0.178488 0.219709 0.743552 0.594147 -0.298532 -0.0707017 0.024565
e_2_11 2 11 1 0.0125 0.094429 -0.0962208 0.168742 0.988777 0.103537 0.0690593 -0.0826528 0.031705
e_11_12 11 12 2 0.0125 0.0978487 -0.103193 0.195992 0.984288 0.137918 0.0735257 -0.0821552 0.025
e_12_13 12 13 3 0.0125 0.0976725 -0.108123 0.217648 0.990138 0.0767784 -0.0791442 -0.0864185 0.02002
e_13_5 13 5 4 0.0125 0.0934207 -0.107252 0.238543 0.985169 -0.0878494 -0.11898 -0.086998 0.023276
e_2_14 2 14 1 0.0125 0.086256 -0.0359349 0.147738 0.668751 -0.72613 -0.14769 -0.0607966 0.114965
e_14_15 14 15 2 0.0125 0.0790685 0.0314309 0.13951 0.614636 -0.774532 -0.138532 -0.0559605 0.021716
e_15_16 15 16 3 0.0125 0.0767606 0.0520786 0.136769 0.698844 -0.693988 -0.161064 -0.0636883 0.020479
e_16_17 16 17 4 0.0125 0.0750918 0.0727095 0.134975 0.64771 -0.754769 -0.0865382 -0.0575011 0.021237
e_17_18 17 18 5 0.0125 0.073672 0.0932885 0.134021 0.727553 -0.668817 -0.138029 -0.0655678 0.020359
e_18_19 18 19 6 0.0125 0.0680932 0.112608 0.134673 0.70258 -0.605569 -0.367284 -0.0690673 0.020473
e_19_20 19 20 7 0.0125 0.061684 0.131887 0.133423 0.661223 -0.716869 -0.212297 -0.0617433 0.02063
e_20_21 20 21 8 0.0125 0.0598955 0.151943 0.131983 0.696529 -0.713328 -0.0482011 -0.060718 0.020021
e_21_22 21 22 9 0.0125 0.0616686 0.171595 0.129405 0.616665 -0.783089 0.0622492 -0.0511965 0.020109
e_22_1 22 1 10 0.0125 0.0648464 0.191104 0.126508 0.685309 -0.723822 0.0562329 -0.0571929 0.020011
e_1_23 1 23 1 0.0125 0.0490408 0.205644 0.131597 0.801407 -0.0941716 -0.58483 -0.0827793 0.037764
e_23_24 23 24 2 0.0125 0.0220707 0.213215 0.14025 0.798696 -0.112934 -0.585248 -0.0825601 0.02088
e_24_25 24 25 3 0.0125 0.0029624 0.219975 0.143652 0.715846 -0.189901 -0.667452 -0.0775237 0.020607
e_25_4 25 4 4 0.0125 -0.0165796 0.226533 0.144665 0.724135 -0.10573 -0.676975 -0.0784535 0.020749
e_1_26 1 26 1 0.0125 0.0720525 0.208001 0.121599 0.529635 -0.694728 0.485518 -0.033346 0.02
e_26_27 26 27 2 0.0125 0.0832388 0.22196 0.112656 0.519789 -0.696592 0.493493 -0.0323098 0.02
e_27_28 27 28 3 0.0125 0.0948995 0.23408 0.10208 0.446646 -0.6143 0.650116 -0.0222038 0.02
e_28_29 28 29 4 0.0125 0.106992 0.244126 0.0897253 0.426521 -0.59956 0.676916 -0.019826 0.02
e_29_3 29 3 5 0.0125 0.119001 0.253858 0.0770343 0.427441 -0.603008 0.673257 -0.0199942 0.02
19 24 23
3 0.238513 0.0525272 0.184647 0.0125
25 0.228145 0.0325175 0.146701 0.0125
24 0.212355 0.0128829 0.121388 0.0125
4 0.270376 -0.0408905 0.162811 0.0125
23 0.257876 -0.0248319 0.143959 0.0125
22 0.242469 -0.0132136 0.131524 0.0125
1 0.203786 0.00335625 0.105836 0.0125
21 0.191556 0.013129 0.118954 0.0125
11 -0.0694729 0.105177 0.203434 0.0125
6 -0.12149 0.0360066 0.316722 0.0125
10 -0.100216 0.0442423 0.308597 0.0125
9 -0.0853545 0.0542268 0.297175 0.0125
2 -0.0300564 0.104119 0.22411 0.0125
19 0.170285 0.034855 0.144423 0.0125
8 -0.0684144 0.0682522 0.271445 0.0125
12 -0.0854004 0.109582 0.189188 0.0125
5 -0.104345 0.121869 0.164226 0.0125
13 0.0181139 0.102709 0.220382 0.0125
14 0.0938979 0.0785767 0.202176 0.0125
15 0.118063 0.0712065 0.19588 0.0125
16 0.135908 0.0647195 0.183838 0.0125
17 0.149265 0.0552852 0.17201 0.0125
18 0.162378 0.0459204 0.159267 0.0125
20 0.178044 0.0223424 0.130612 0.0125
e_2_8 2 8 1 0.0125 -0.0492354 0.0861861 0.247778 0.903075 0.319468 -0.251352 -0.138631 0.070699
e_8_9 8 9 2 0.0125 -0.0768851 0.0612399 0.28431 0.925997 0.260744 -0.227901 -0.150347 0.033848
e_9_10 9 10 3 0.0125 -0.0927853 0.049235 0.302886 0.86251 0.335637 -0.344115 -0.158141 0.021237
e_10_6 10 6 4 0.0125 -0.110852 0.0401243 0.31266 0.794374 0.328348 -0.473752 -0.191615 0.024216
e_2_11 2 11 1 0.0125 -0.0497644 0.104648 0.213772 0.463637 0.359395 -0.776555 -0.229864 0.044523
e_11_12 11 12 2 0.0125 -0.0774365 0.107379 0.19631 0.336933 0.319279 -0.851188 -0.244981 0.021819
e_12_5 12 5 3 0.0125 -0.0948728 0.115725 0.176708 0.240659 0.241559 -0.901357 -0.266998 0.033658
e_2_13 2 13 1 0.0125 -0.00597085 0.103414 0.222247 0.653884 0.219428 0.700294 0.184053 0.048335
e_13_14 13 14 2 0.0125 0.056006 0.090643 0.211279 0.575438 0.50528 0.596883 0.239359 0.08159
e_14_15 14 15 3 0.0125 0.105981 0.0748912 0.199027 0.565543 0.509131 0.601406 0.24343 0.026038
e_15_16 15 16 4 0.0125 0.126986 0.0679632 0.189859 0.383542 0.736812 0.474242 0.291716 0.022484
e_16_17 16 17 5 0.0125 0.142586 0.0600026 0.177924 0.371063 0.839878 0.296024 0.263223 0.020182
e_17_18 17 18 6 0.0125 0.155822 0.0506029 0.165638 0.347361 0.859214 0.268132 0.263053 0.020543
e_18_19 18 19 7 0.0125 0.166332 0.0403877 0.151845 0.297545 0.931944 0.0119394 0.206893 0.020133
e_19_20 19 20 8 0.0125 0.174164 0.0285985 0.137517 0.343331 0.917313 0.0251811 0.200069 0.020187
e_20_21 20 21 9 0.0125 0.184801 0.0177361 0.124783 0.373375 0.833639 0.308633 0.265298 0.020084
e_21_1 21 1 10 0.0125 0.197672 0.00824241 0.112395 0.337287 0.878223 0.223318 0.255129 0.020424
e_1_22 1 22 1 0.0125 0.223127 -0.00492853 0.11868 0.869646 0.225679 0.434237 0.0649846 0.049303
e_22_23 22 23 2 0.0125 0.250172 -0.0190223 0.137741 0.875645 0.315298 0.360202 0.0639362 0.022956
e_23_4 23 4 3 0.0125 0.264126 -0.032861 0.153385 0.916197 0.321023 0.239048 0.0195838 0.027741
e_1_24 1 24 1 0.0125 0.208071 0.00811957 0.113612 0.926678 -0.286814 0.178437 -0.164822 0.020151
e_24_25 24 25 2 0.0125 0.22025 0.0226998 0.134044 0.90753 -0.337359 0.17839 -0.175372 0.035715
e_25_3 25 3 3 0.0125 0.233329 0.0425226 0.165674 0.944652 -0.254765 0.0720971 -0.193727 0.044134
20 21 20
3 -0.119767 0.104272 0.202787 0.0125
22 -0.0948381 0.116568 0.190843 0.0125
21 -0.076923 0.122247 0.182033 0.0125
20 -0.0597198 0.127911 0.173383 0.0125
4 -0.00366399 0.0785842 0.096457 0.0125
11 -0.172981 -0.0731597 0.325781 0.0125
6 -0.202512 -0.0598839 0.151675 0.0125
10 -0.194551 -0.061545 0.190433 0.0125
9 -0.189502 -0.0600016 0.227659 0.0125
2 -0.178721 -0.0813393 0.29629 0.0125
19 -0.00981565 0.0966373 0.102475 0.0125
8 -0.180456 -0.0738605 0.272249 0.0125
5 -0.15777 -0.0640918 0.392327 0.0125
12 -0.138701 -0.020151 0.253724 0.0125
13 -0.0905644 0.0600152 0.194554 0.0125
14 -0.0577077 0.104369 0.179507 0.0125
15 -0.0483472 0.123706 0.167308 0.0125
1 -0.0410807 0.142701 0.156947 0.0125
18 -0.0164995 0.112313 0.112944 0.0125
16 -0.0328557 0.136528 0.139794 0.0125
17 -0.0232175 0.126301 0.125563 0.0125
e_2_8 2 8 1 0.0125 -0.179589 -0.0775998 0.284269 0.124955 -0.650794 -0.743484 -0.0899152 0.025238
e_8_9 8 9 2 0.0125 -0.18498 -0.0669305 0.249953 0.164591 -0.571249 -0.801517 -0.0644637 0.047563
e_9_10 9 10 3 0.0125 -0.192026 -0.060773 0.209045 0.0571027 -0.320913 -0.944491 0.0411332 0.037597
e_10_6 10 6 4 0.0125 -0.198531 -0.0607146 0.171055 0.101644 -0.370551 -0.923057 0.0180801 0.039603
e_2_11 2 11 1 0.0125 -0.175851 -0.0772494 0.311035 0.969738 -0.148074 0.0672308 -0.182105 0.031138
e_11_5 11 5 2 0.0125 -0.165375 -0.0686258 0.359054 0.976903 -0.084494 0.0983708 -0.169839 0.068862
e_2_12 2 12 1 0.0125 -0.158711 -0.0507451 0.275007 0.404421 -0.86605 -0.0390485 -0.291335 0.084601
e_12_13 12 13 2 0.0125 -0.114633 0.0199316 0.224139 0.389107 -0.872332 -0.0799907 -0.285016 0.110657
e_13_14 13 14 3 0.0125 -0.0741361 0.082192 0.18703 0.524909 -0.789749 0.0882841 -0.304914 0.057212
e_14_15 14 15 4 0.0125 -0.0530271 0.114038 0.173408 0.418703 -0.856156 -0.117859 -0.278916 0.024706
e_15_1 15 1 5 0.0125 -0.0447141 0.133203 0.162127 0.446012 -0.83845 -0.154847 -0.272208 0.022824
e_1_16 1 16 1 0.0125 -0.0369686 0.139615 0.14837 -0.249675 -0.269974 -0.925178 0.0939301 0.02
e_16_17 16 17 2 0.0125 -0.0280368 0.131414 0.132678 0.349206 0.868458 0.31865 0.149325 0.02
e_17_18 17 18 3 0.0125 -0.0198585 0.119307 0.119254 0.374564 0.901187 -0.0576565 0.210334 0.02
e_18_19 18 19 4 0.0125 -0.0131574 0.104476 0.10771 0.453797 0.872479 0.0223959 0.179854 0.02
e_19_4 19 4 5 0.0125 -0.00674031 0.0876115 0.0994663 0.57541 0.802747 0.0778731 0.135779 0.02
e_1_20 1 20 1 0.0125 -0.0504005 0.135306 0.165165 0.885431 0.28299 -0.368422 0.01396 0.028919
e_20_21 20 21 2 0.0125 -0.0683214 0.125079 0.177708 0.845837 0.163089 -0.507862 0.00619869 0.02007
e_21_22 21 22 3 0.0125 -0.0858806 0.119408 0.186438 0.843924 0.158535 -0.51247 0.00585787 0.020757
e_22_3 22 3 4 0.0125 -0.107302 0.11042 0.196816 0.834732 0.228517 -0.500382 0.0249208 0.030254
