20
1 25 24
3 0.0193584 -0.0633986 0.0422557 0.0125
26 0.00126996 -0.060805 0.0506852 0.0125
25 -0.0163355 -0.0597333 0.0602533 0.0125
24 -0.0341597 -0.0536918 0.0677112 0.0125
4 -0.0664363 0.023896 0.0102293 0.0125
23 -0.0700344 0.00873384 0.0227654 0.0125
22 -0.0721425 -0.00465377 0.0374735 0.0125
21 -0.0712726 -0.0159182 0.053977 0.0125
20 -0.0686297 -0.0273624 0.0701651 0.0125
11 -0.225885 0.220515 0.129023 0.0125
10 -0.189366 0.222509 0.134134 0.0125
6 -0.104238 0.279767 0.0122463 0.0125
9 -0.118424 0.275949 0.0366943 0.0125
2 -0.166985 0.22483 0.134552 0.0125
19 -0.071044 -0.0189565 0.100676 0.0125
8 -0.129306 0.265267 0.0690775 0.0125
5 -0.26208 0.207981 0.11566 0.0125
12 -0.158327 0.191147 0.126649 0.0125
13 -0.13685 0.148137 0.125536 0.0125
14 -0.111141 0.107382 0.127836 0.0125
15 -0.0892428 0.0701937 0.131677 0.0125
16 -0.079326 0.049786 0.126413 0.0125
17 -0.0730864 0.0182354 0.119763 0.0125
18 -0.0752747 -0.000249405 0.112358 0.0125
1 -0.0665467 -0.0397936 0.0856931 0.0125
e_2_8 2 8 1 0.0125 -0.148146 0.245049 0.101815 -0.252508 0.0713062 -0.936475 -0.232744 0.085684
e_8_9 8 9 2 0.0125 -0.123866 0.270608 0.0528854 -0.181854 0.184435 -0.958301 -0.120712 0.035793
e_9_6 9 6 3 0.0125 -0.111332 0.277858 0.0244702 -0.266004 0.158961 -0.950421 -0.0259326 0.028523
e_2_10 2 10 1 0.0125 -0.178176 0.22367 0.134343 0.571516 0.470523 -0.536545 -0.405089 0.022504
e_10_11 10 11 2 0.0125 -0.207626 0.221512 0.131579 0.533606 0.472105 -0.588489 -0.382181 0.036929
e_11_5 11 5 3 0.0125 -0.243982 0.214248 0.122342 0.53278 0.547241 -0.604338 -0.226821 0.040567
e_2_12 2 12 1 0.0125 -0.162656 0.207988 0.1306 0.458667 0.688375 -0.370043 0.422886 0.035665
e_12_13 12 13 2 0.0125 -0.147589 0.169642 0.126092 0.512272 0.686405 -0.201054 0.475397 0.048087
e_13_14 13 14 3 0.0125 -0.123995 0.127759 0.126686 0.531717 0.678532 -0.125493 0.491042 0.048242
e_14_15 14 15 4 0.0125 -0.100192 0.0887881 0.129757 0.608376 0.673427 -0.0466182 0.417375 0.043327
e_15_16 15 16 5 0.0125 -0.0842844 0.05999 0.129045 0.317819 0.653928 -0.43056 0.534778 0.023293
e_16_17 16 17 6 0.0125 -0.0762062 0.0340106 0.123087 0.499748 0.693968 -0.345924 0.386 0.032841
e_17_18 17 18 7 0.0125 -0.0741809 0.00899319 0.11606 0.497716 0.683526 -0.466473 0.259757 0.020033
e_18_19 18 19 8 0.0125 -0.0731597 -0.00960277 0.106516 0.269843 0.628992 -0.603713 0.408759 0.022457
e_19_1 19 1 9 0.0125 -0.068795 -0.0293747 0.0931843 0.24189 0.614558 -0.640176 0.392406 0.026056
e_1_20 1 20 1 0.0125 -0.0675882 -0.0335781 0.0779286 -0.0164873 0.201449 -0.920666 -0.333946 0.02
e_20_21 20 21 2 0.0125 -0.0699515 -0.0216407 0.0620711 -0.00342355 0.224244 -0.924337 -0.308714 0.02
e_21_22 21 22 3 0.0125 -0.0717075 -0.010286 0.0457253 -0.0412313 0.205668 -0.932898 -0.292748 0.02
e_22_23 22 23 4 0.0125 -0.0710881 0.00203973 0.0301196 -0.105251 0.127577 -0.922727 -0.34817 0.02
e_23_4 23 4 5 0.0125 -0.068235 0.0163146 0.0164974 -0.131846 0.0695429 -0.899201 -0.41136 0.02
e_1_24 1 24 1 0.0125 -0.0503528 -0.0467423 0.0767021 -0.450926 0.105003 -0.846296 0.263481 0.039565
e_24_25 24 25 2 0.0125 -0.0252469 -0.0567123 0.0639828 -0.53314 -0.00422881 -0.827149 0.177675 0.020244
e_25_26 25 26 3 0.0125 -0.0075328 -0.060269 0.0554697 -0.511445 -0.056092 -0.85748 -0.00231947 0.020066
e_26_3 26 3 4 0.0125 0.0103146 -0.0621022 0.04647 -0.537991 -0.0675922 -0.83957 0.0334507 0.020124
2 30 29
3 0.200176 0.1116 0.0161051 0.0125
31 0.209687 0.135675 0.0231369 0.0125
30 0.217302 0.153939 0.0289446 0.0125
29 0.229018 0.176746 0.0361013 0.0125
4 0.305967 0.264516 0.0114936 0.0125
28 0.291114 0.251661 0.0152552 0.0125
27 0.274945 0.240602 0.0192899 0.0125
26 0.261408 0.227462 0.0259278 0.0125
25 0.248372 0.214997 0.0345703 0.0125
1 0.239314 0.199439 0.0432827 0.0125
24 0.226338 0.18423 0.0440207 0.0125
23 0.212499 0.170123 0.0471296 0.0125
22 0.19787 0.156648 0.0446046 0.0125
21 0.18069 0.147413 0.0401533 0.0125
12 0.00316871 0.0741937 0.0208909 0.0125
11 -7.70568e-05 0.0952869 0.0228327 0.0125
10 -0.00319354 0.117954 0.0246259 0.0125
9 -0.00688715 0.144119 0.0276404 0.0125
2 -0.0264411 0.193601 0.0357528 0.0125
19 0.139853 0.141607 0.0360517 0.0125
8 -0.0133154 0.170661 0.0316856 0.0125
6 0.0033279 0.0495879 0.0227496 0.0125
13 -0.0335458 0.157647 0.0258627 0.0125
14 -0.0394389 0.137667 0.0238947 0.0125
15 -0.0409778 0.118102 0.0173737 0.0125
5 -0.0446761 0.0988855 0.0114868 0.0125
16 -0.00578236 0.180406 0.0325984 0.0125
17 0.0139651 0.167333 0.0319858 0.0125
18 0.103367 0.142058 0.0351243 0.0125
20 0.161778 0.141358 0.0368709 0.0125
e_2_8 2 8 1 0.0125 -0.0198789 0.182131 0.0337194 0.175643 -0.18525 0.736022 -0.62698 0.02674
e_8_9 8 9 2 0.0125 -0.0101017 0.15739 0.0296628 0.267422 0.138642 0.744341 -0.596004 0.027607
e_9_10 9 10 3 0.0125 -0.00504077 0.131037 0.0261329 0.428148 0.395193 0.632847 -0.509918 0.026596
e_10_11 10 11 4 0.0125 -0.0016353 0.10662 0.0237293 0.479671 0.443108 0.585433 -0.480458 0.022951
e_11_12 11 12 5 0.0125 0.00154582 0.0847403 0.0218618 0.444772 0.397022 0.622643 -0.506821 0.021429
e_12_6 12 6 6 0.0125 0.00324805 0.0618912 0.0218208 0.693591 0.641719 0.22477 -0.237919 0.024677
e_2_13 2 13 1 0.0125 -0.0299931 0.175623 0.0308079 0.356412 0.331831 -0.721223 0.492642 0.03796
e_13_14 13 14 2 0.0125 -0.0364928 0.147657 0.0248783 0.597634 0.533676 -0.51207 0.309531 0.020924
e_14_15 14 15 3 0.0125 -0.0402088 0.127885 0.0206341 0.0586816 0.0178333 -0.81077 0.582143 0.020681
e_15_5 15 5 4 0.0125 -0.0428267 0.108494 0.0144299 0.267311 0.217478 -0.772482 0.533405 0.020436
e_2_16 2 16 1 0.0125 -0.0161122 0.187004 0.0341755 0.254446 -0.42825 0.616784 -0.609456 0.024715
e_16_17 16 17 2 0.0125 0.00409094 0.17387 0.032292 0.321268 -0.348159 0.625862 -0.619571 0.023691
e_17_18 17 18 3 0.0125 0.0586658 0.154696 0.0335549 0.404652 -0.446423 0.532759 -0.594248 0.092959
e_18_19 18 19 4 0.0125 0.12161 0.141833 0.0355876 0.447623 -0.53941 0.4431 -0.558867 0.0365
e_19_20 19 20 5 0.0125 0.150815 0.141482 0.0364611 0.453554 -0.533908 0.443018 -0.559433 0.021942
e_20_21 20 21 6 0.0125 0.171234 0.144385 0.0385113 0.566553 -0.558933 0.325661 -0.510447 0.020127
e_21_22 21 22 7 0.0125 0.18928 0.152031 0.0423787 0.620029 -0.568652 0.255696 -0.476255 0.020006
e_22_23 22 23 8 0.0125 0.205184 0.163386 0.0458671 0.623392 -0.642718 0.15474 -0.417555 0.020049
e_23_24 23 24 9 0.0125 0.219418 0.177176 0.0455756 0.526585 -0.751563 0.113393 -0.380792 0.020004
e_24_1 24 1 10 0.0125 0.232826 0.191834 0.0436521 0.582999 -0.713659 0.0955369 -0.376398 0.020007
e_1_25 1 25 1 0.0125 0.243843 0.207218 0.0389268 0.452092 -0.846963 -0.0217193 -0.278918 0.02
e_25_26 25 26 2 0.0125 0.25489 0.221229 0.0302489 0.406121 -0.841659 0.087545 -0.344981 0.02
e_26_27 26 27 3 0.0125 0.268177 0.234032 0.0226091 0.450905 -0.809753 0.101209 -0.361582 0.02
e_27_28 27 28 4 0.0125 0.283029 0.246132 0.0172723 0.47215 -0.752161 0.187466 -0.419744 0.02
e_28_4 28 4 5 0.0125 0.29854 0.258088 0.0133736 0.499193 -0.757329 0.143147 -0.395939 0.02
e_1_29 1 29 1 0.0125 0.234166 0.188093 0.039692 0.315959 0.101467 -0.792572 0.511569 0.025934
e_29_30 29 30 2 0.0125 0.223161 0.165342 0.0325232 0.335694 0.0906424 -0.791324 0.502891 0.02662
e_30_31 30 31 3 0.0125 0.213495 0.144807 0.0260411 0.303251 0.108132 -0.793168 0.516943 0.020623
e_31_3 31 3 4 0.0125 0.204931 0.123637 0.0196212 0.333905 0.162355 -0.777639 0.507372 0.026823
3 16 15
3 -0.0571444 -0.144432 0.0115103 0.0125
17 -0.0377308 -0.170887 0.0241951 0.0125
4 -0.0639628 -0.288524 0.0116227 0.0125
16 -0.0536359 -0.270739 0.0202685 0.0125
15 -0.0405833 -0.255968 0.0252866 0.0125
14 -0.0213759 -0.238466 0.03798 0.0125
1 -0.00218035 -0.219802 0.0475429 0.0125
13 -0.0225014 -0.2149 0.0576242 0.0125
12 -0.044168 -0.211772 0.0615597 0.0125
11 -0.0727252 -0.20818 0.0581519 0.0125
8 -0.202539 -0.179815 0.0821434 0.0125
2 -0.288895 -0.169816 0.0122802 0.0125
9 -0.267993 -0.15195 0.0212258 0.0125
6 -0.173647 -0.192495 0.104158 0.0125
5 -0.225293 -0.0959968 0.0311739 0.0125
10 -0.188203 -0.175573 0.033886 0.0125
e_2_8 2 8 1 0.0125 -0.245717 -0.174816 0.0472118 0.89905 0.0829569 0.424154 0.0701505 0.111526
e_8_6 8 6 2 0.0125 -0.188093 -0.186155 0.0931506 0.886625 0.184549 0.424064 -0.00276433 0.038474
e_2_9 2 9 1 0.0125 -0.278444 -0.160883 0.0167537 0.777844 -0.24404 0.534557 0.222825 0.028916
e_9_5 9 5 2 0.0125 -0.246643 -0.123973 0.0262004 0.706557 -0.347717 0.555987 0.265986 0.071084
e_2_10 2 10 1 0.0125 -0.238549 -0.172694 0.0230831 0.777647 0.0369916 0.62761 0.00136068 0.103145
e_10_11 10 11 2 0.0125 -0.130464 -0.191877 0.0460188 0.771806 0.125501 0.620598 -0.0585049 0.122422
e_11_12 11 12 3 0.0125 -0.0584464 -0.209975 0.0598564 0.746875 0.0554053 0.661923 -0.0310948 0.028983
e_12_13 12 13 4 0.0125 -0.0333354 -0.213336 0.0595917 0.637276 0.0218629 0.766808 -0.0735309 0.022242
e_13_1 13 1 5 0.0125 -0.0123405 -0.21735 0.0525837 0.517615 0.00444349 0.846861 -0.121989 0.023209
e_1_14 1 14 1 0.0125 -0.0117778 -0.229134 0.0427616 -0.0887579 0.491252 0.653345 -0.569153 0.02843
e_14_15 14 15 2 0.0125 -0.0309796 -0.247217 0.0316333 -0.483371 -0.265006 0.805746 -0.21656 0.02892
e_15_16 15 16 3 0.0125 -0.0471092 -0.263353 0.0227777 0.466946 0.789396 -0.0138052 -0.398278 0.020341
e_16_4 16 4 4 0.0125 -0.058799 -0.279631 0.0159458 0.106189 0.54872 0.626647 -0.543087 0.022309
e_1_17 1 17 1 0.0125 -0.0199555 -0.195344 0.0358691 0.282859 -0.753482 0.335209 0.489786 0.064819
e_17_3 17 3 2 0.0125 -0.0474377 -0.15766 0.0178531 0.281513 -0.754247 0.333746 0.490383 0.035181
4 18 17
3 -0.351646 0.0283594 0.0532621 0.0125
19 -0.362857 0.0119693 0.055975 0.0125
5 -0.11006 -0.059288 0.0981573 0.0125
10 -0.109313 -0.0716236 0.0786268 0.0125
6 -0.0908687 0.040257 0.0117379 0.0125
9 -0.0918124 0.00821893 0.012423 0.0125
2 -0.105147 -0.108866 0.0114902 0.0125
8 -0.092781 -0.0172205 0.0125671 0.0125
11 -0.216472 -0.0856415 0.0585975 0.0125
12 -0.319175 -0.0630179 0.0675829 0.0125
13 -0.342953 -0.0615953 0.074598 0.0125
14 -0.366127 -0.0594784 0.0804054 0.0125
1 -0.388511 -0.0581517 0.0827291 0.0125
18 -0.369759 -0.00649869 0.060895 0.0125
15 -0.376969 -0.0412565 0.0604584 0.0125
16 -0.358785 -0.00830124 0.029551 0.0125
4 -0.355493 0.0046215 0.0132588 0.0125
17 -0.377123 -0.0246835 0.0648196 0.0125
e_2_8 2 8 1 0.0125 -0.098964 -0.063043 0.012029 0.666805 -0.685865 -0.154171 -0.24737 0.092483
e_8_9 8 9 2 0.0125 -0.0922971 -0.00450103 0.0124955 0.668215 -0.68012 -0.200653 -0.225086 0.025458
e_9_6 9 6 3 0.0125 -0.0913405 0.024238 0.0120804 0.66235 -0.683142 -0.209779 -0.224949 0.032059
e_2_10 2 10 1 0.0125 -0.107231 -0.0902448 0.0450593 0.965868 -0.251514 -0.0122333 0.0607362 0.076888
e_10_5 10 5 2 0.0125 -0.109687 -0.0654562 0.0883924 0.959701 -0.278298 -0.00563084 0.0386369 0.023112
e_2_11 2 11 1 0.0125 -0.16081 -0.0972542 0.0350434 0.803746 -0.248952 -0.496663 0.212935 0.123092
e_11_12 11 12 2 0.0125 -0.267823 -0.0743297 0.0630902 0.711672 -0.310926 -0.600631 0.189975 0.105548
e_12_13 12 13 3 0.0125 -0.331063 -0.0623063 0.0710908 0.761649 -0.218641 -0.557624 0.247269 0.024831
e_13_14 13 14 4 0.0125 -0.354539 -0.0605373 0.0775012 0.751784 -0.237296 -0.568003 0.236399 0.023985
e_14_1 14 1 5 0.0125 -0.377319 -0.0588158 0.0815672 0.703909 -0.250686 -0.620978 0.236759 0.022544
e_1_15 1 15 1 0.0125 -0.38274 -0.0497048 0.0715938 0.157281 -0.807033 -0.465721 -0.327206 0.030243
e_15_16 15 16 2 0.0125 -0.367877 -0.0247785 0.0450044 0.251623 -0.819031 -0.382742 -0.345517 0.048704
e_16_4 16 4 3 0.0125 -0.357139 -0.00183963 0.0214044 0.217841 -0.76829 -0.544653 -0.256182 0.021053
e_1_17 1 17 1 0.0125 -0.382817 -0.0414182 0.0737746 0.406426 -0.799222 -0.295297 -0.329943 0.03963
e_17_18 17 18 2 0.0125 -0.373441 -0.0155918 0.0628573 0.537294 -0.761593 -0.134437 -0.336478 0.020008
e_18_19 18 19 3 0.0125 -0.366307 0.00273481 0.0584352 0.517352 -0.769902 -0.168215 -0.333619 0.02032
e_19_3 19 3 4 0.0125 -0.357251 0.0201637 0.0546185 0.537295 -0.75337 -0.0108416 -0.378986 0.020042
5 25 24
3 -0.0376567 -0.000676819 0.128976 0.0125
26 -0.0423828 0.00863648 0.11192 0.0125
25 -0.0464354 0.0176649 0.0945388 0.0125
24 -0.0527364 0.0279995 0.0786178 0.0125
23 -0.0625087 0.0331538 0.0619466 0.0125
4 -0.0299647 0.129564 0.0449209 0.0125
22 -0.0388425 0.111234 0.0453917 0.0125
21 -0.0467618 0.0879083 0.0413822 0.0125
1 -0.0707953 0.0389148 0.0446795 0.0125
11 0.166934 -0.0374634 0.0482857 0.0125
10 0.181713 -0.0481264 0.0339564 0.0125
6 0.251331 0.0598519 0.0722561 0.0125
9 0.245334 0.0403403 0.0713935 0.0125
2 0.203651 -0.0661265 0.0124008 0.0125
19 -0.035447 0.022868 0.033459 0.0125
8 0.235518 0.00063641 0.0559888 0.0125
12 0.151532 -0.0319583 0.0605713 0.0125
5 0.136833 -0.0259792 0.0739019 0.0125
13 0.181647 -0.0547277 0.0227025 0.0125
14 0.158277 -0.0434844 0.0267768 0.0125
15 0.0980584 -0.013972 0.0331574 0.0125
16 0.0489456 -0.00397232 0.0307078 0.0125
17 0.0061477 0.00758115 0.030178 0.0125
18 -0.0133936 0.0145725 0.0318882 0.0125
20 -0.0541099 0.0304281 0.0374527 0.0125
e_2_8 2 8 1 0.0125 0.219585 -0.032745 0.0341948 0.774923 -0.303261 0.3927 0.391553 0.085864
e_8_9 8 9 2 0.0125 0.240426 0.0204882 0.0636916 0.801122 -0.507301 0.257692 0.185593 0.043704
e_9_6 9 6 3 0.0125 0.248333 0.0500959 0.0718252 -0.641347 0.681011 0.122968 0.331327 0.020432
e_2_10 2 10 1 0.0125 0.192682 -0.0571266 0.0231791 0.538967 0.104827 -0.431931 -0.715515 0.035636
e_10_11 10 11 2 0.0125 0.174324 -0.0427949 0.0411211 0.560579 0.117794 -0.42081 -0.703416 0.023182
e_11_12 11 12 3 0.0125 0.159233 -0.0347115 0.0544288 0.596711 0.213191 -0.392758 -0.666504 0.020457
e_12_5 12 5 4 0.0125 0.144182 -0.0289692 0.0672364 0.620873 0.176042 -0.383946 -0.660387 0.020725
e_2_13 2 13 1 0.0125 0.192649 -0.0604269 0.0175512 0.406648 0.30513 -0.463651 -0.725645 0.026837
e_13_14 13 14 2 0.0125 0.169963 -0.0491065 0.024739 0.274612 0.444266 -0.47436 -0.708659 0.026251
e_14_15 14 15 3 0.0125 0.128168 -0.0287282 0.0299671 0.238031 0.476762 -0.474704 -0.700496 0.067365
e_15_16 15 16 4 0.0125 0.0735025 -0.00897225 0.0319325 0.281968 0.588505 -0.421982 -0.629354 0.05018
e_16_17 16 17 5 0.0125 0.0275466 0.00180459 0.0304424 0.271265 0.561977 -0.436065 -0.648416 0.044333
e_17_18 17 18 6 0.0125 -0.00362346 0.0110771 0.0310327 0.281323 0.502082 -0.454799 -0.679653 0.020825
e_18_19 18 19 7 0.0125 -0.0244202 0.0187201 0.0326741 0.2664 0.507619 -0.457233 -0.679921 0.023614
e_19_20 19 20 8 0.0125 -0.0447784 0.0266481 0.0354558 0.323395 0.43452 -0.462527 -0.70191 0.020529
e_20_1 20 1 9 0.0125 -0.0624531 0.0346715 0.0410662 0.392903 0.321088 -0.465643 -0.725056 0.020066
e_1_21 1 21 1 0.0125 -0.0587786 0.0634117 0.0430304 -0.453746 0.673083 0.277698 0.513767 0.054671
e_21_22 21 22 2 0.0125 -0.0428017 0.0995713 0.0433864 -0.539675 0.581551 0.285412 0.53767 0.024958
e_22_4 22 4 3 0.0125 -0.0344035 0.120399 0.0451568 -0.446133 0.650905 0.296468 0.537954 0.020371
e_1_23 1 23 1 0.0125 -0.0666515 0.0360342 0.053313 0.960105 0.17051 0.198121 0.0993632 0.02
e_23_24 23 24 2 0.0125 -0.0576226 0.0305769 0.0702818 0.9458 0.172682 0.231093 0.14913 0.02
e_24_25 24 25 3 0.0125 -0.0495857 0.0228325 0.0865789 0.946652 0.279969 0.153541 0.0434955 0.02
e_25_26 25 26 4 0.0125 -0.0444091 0.0131507 0.103229 0.966402 0.230858 0.110497 -0.0237213 0.02
e_26_3 26 3 5 0.0125 -0.0400198 0.00398 0.120448 0.962506 0.241394 0.123683 -0.00375282 0.02
6 29 28
3 0.0624867 -0.256701 0.0553475 0.0125
30 0.053958 -0.23965 0.0613919 0.0125
29 0.0453046 -0.222649 0.0674001 0.0125
28 0.0416507 -0.203449 0.0716372 0.0125
27 0.0364215 -0.184896 0.0769743 0.0125
4 0.0837847 -0.0978311 0.0311805 0.0125
26 0.0748776 -0.111063 0.0432466 0.0125
25 0.0663382 -0.124964 0.0548139 0.0125
24 0.0538371 -0.138152 0.0631686 0.0125
23 0.0422996 -0.15216 0.0715754 0.0125
1 0.0306578 -0.166003 0.080109 0.0125
22 0.013199 -0.171182 0.0883851 0.0125
21 -0.00598422 -0.176014 0.0913532 0.0125
6 -0.315515 -0.160127 0.0529445 0.0125
11 -0.307918 -0.176108 0.064051 0.0125
10 -0.298286 -0.198344 0.0810683 0.0125
9 -0.287111 -0.214245 0.0877477 0.0125
2 -0.240012 -0.266984 0.121223 0.0125
19 -0.0444194 -0.18593 0.087551 0.0125
8 -0.272179 -0.231991 0.0934022 0.0125
12 -0.27338 -0.265998 0.152651 0.0125
13 -0.296262 -0.275314 0.172598 0.0125
5 -0.316497 -0.280271 0.180824 0.0125
14 -0.140322 -0.22374 0.0847038 0.0125
15 -0.119759 -0.21507 0.0774669 0.0125
16 -0.101021 -0.207614 0.0778633 0.0125
17 -0.0820542 -0.201083 0.0809297 0.0125
18 -0.0631723 -0.194216 0.0820448 0.0125
20 -0.0253878 -0.180887 0.0914646 0.0125
e_2_8 2 8 1 0.0125 -0.256096 -0.249488 0.107312 0.111697 0.428683 -0.754192 -0.484716 0.055075
e_8_9 8 9 2 0.0125 -0.279646 -0.223118 0.0905749 0.244675 0.226517 -0.753072 -0.567192 0.023872
e_9_10 9 10 3 0.0125 -0.292698 -0.206294 0.0844083 0.171084 0.251152 -0.774232 -0.555173 0.020551
e_10_11 10 11 4 0.0125 -0.303101 -0.187226 0.07256 -0.0403876 0.422647 -0.780201 -0.459375 0.02961
e_11_6 11 6 5 0.0125 -0.311717 -0.168117 0.0584979 -0.00407184 0.382354 -0.787156 -0.483915 0.020892
e_2_12 2 12 1 0.0125 -0.256696 -0.266491 0.136938 0.799199 0.184829 -0.350848 -0.451692 0.045849
e_12_13 12 13 2 0.0125 -0.284821 -0.270656 0.162625 0.815833 0.317575 -0.291656 -0.385357 0.031753
e_13_5 13 5 3 0.0125 -0.306379 -0.277793 0.176711 0.712829 0.392192 -0.40318 -0.418934 0.022398
e_2_14 2 14 1 0.0125 -0.190166 -0.245362 0.102964 0.31759 0.449183 0.676398 0.489752 0.114639
e_14_15 14 15 2 0.0125 -0.130041 -0.219405 0.0810854 0.331447 0.438484 0.679695 0.485685 0.023459
e_15_16 15 16 3 0.0125 -0.11039 -0.211342 0.0776646 0.634323 0.0687332 0.69673 0.327837 0.020172
e_16_17 16 17 4 0.0125 -0.0915366 -0.204348 0.0793968 0.712968 0.0111695 0.651406 0.259272 0.020292
e_17_18 17 18 5 0.0125 -0.0726128 -0.19765 0.0814872 0.656341 0.0645688 0.684195 0.311328 0.020122
e_18_19 18 19 6 0.0125 -0.0537954 -0.190073 0.0847984 0.774252 -0.118009 0.596972 0.173873 0.021229
e_19_20 19 20 7 0.0125 -0.0349038 -0.183408 0.0895085 0.732478 0.0418724 0.633076 0.246853 0.020073
e_20_21 20 21 8 0.0125 -0.0156857 -0.178451 0.0914084 0.611588 0.192529 0.682417 0.350998 0.020006
e_21_22 21 22 9 0.0125 0.00360779 -0.173598 0.0898691 0.505008 0.322078 0.685899 0.41325 0.020005
e_22_1 22 1 10 0.0125 0.0219292 -0.168592 0.0842473 0.253702 0.60004 0.588928 0.478278 0.020002
e_1_23 1 23 1 0.0125 0.0364784 -0.159081 0.0758427 -0.245555 0.779531 0.325082 0.475769 0.02
e_23_24 23 24 2 0.0125 0.0480676 -0.145156 0.0673717 -0.256144 0.780725 0.317229 0.473523 0.02
e_24_25 24 25 3 0.0125 0.060087 -0.131558 0.0589914 -0.109606 0.691263 0.480645 0.528321 0.02
e_25_26 25 26 4 0.0125 0.0706075 -0.118013 0.0490302 -0.451296 0.829601 -0.317737 0.0844828 0.02
e_26_4 26 4 5 0.0125 0.0793315 -0.104446 0.0372139 -0.421584 0.864281 -0.233797 0.143614 0.02
e_1_27 1 27 1 0.0125 0.0335393 -0.17545 0.0785413 0.645487 0.74721 0.141604 0.070522 0.02
e_27_28 27 28 2 0.0125 0.0390369 -0.194172 0.0743061 0.600703 0.787018 0.118408 0.0757482 0.02
e_28_29 28 29 3 0.0125 0.043478 -0.213048 0.0695189 0.62613 0.773158 0.090374 0.0449562 0.02
e_29_30 29 30 4 0.0125 0.0496317 -0.23115 0.064396 0.575765 0.78322 0.191748 0.135255 0.02
e_30_3 30 3 5 0.0125 0.0582225 -0.248175 0.058369 0.5754 0.784557 0.188644 0.133413 0.02
7 23 22
3 -0.491356 -0.0340328 0.203639 0.0125
24 -0.461288 -0.0573023 0.208857 0.0125
4 -0.415353 -0.195816 0.238013 0.0125
23 -0.41358 -0.176443 0.233372 0.0125
22 -0.41315 -0.157337 0.227478 0.0125
21 -0.412721 -0.138211 0.221646 0.0125
20 -0.415528 -0.118972 0.216958 0.0125
6 -0.0408975 -0.118943 0.0125109 0.0125
11 -0.0703888 -0.121728 0.0201692 0.0125
10 -0.0920264 -0.12434 0.0250679 0.0125
9 -0.131978 -0.137614 0.0401746 0.0125
2 -0.179053 -0.144269 0.0609786 0.0125
19 -0.396588 -0.10006 0.211273 0.0125
8 -0.15507 -0.138201 0.0525278 0.0125
12 -0.199549 -0.156488 0.0899275 0.0125
13 -0.2138 -0.1701 0.117106 0.0125
5 -0.226281 -0.176855 0.142296 0.0125
14 -0.307742 -0.134575 0.183913 0.0125
15 -0.324777 -0.132488 0.194545 0.0125
16 -0.341954 -0.124125 0.202791 0.0125
17 -0.360208 -0.115289 0.206622 0.0125
18 -0.377792 -0.106885 0.211655 0.0125
1 -0.416554 -0.09954 0.212335 0.0125
e_2_8 2 8 1 0.0125 -0.167061 -0.141235 0.0567531 0.558918 0.0267997 0.812963 0.161195 0.026143
e_8_9 8 9 2 0.0125 -0.143523 -0.137907 0.0463511 0.508625 0.102355 0.85165 0.0742759 0.026195
e_9_10 9 10 3 0.0125 -0.112002 -0.130976 0.0326218 0.545146 0.00416601 0.817838 0.184224 0.044727
e_10_11 10 11 4 0.0125 -0.0812081 -0.123034 0.0226186 0.612059 0.0639911 0.778173 0.125442 0.022337
e_11_6 11 6 5 0.0125 -0.0556431 -0.120336 0.0163405 0.601528 0.0736622 0.787223 0.114096 0.030597
e_2_12 2 12 1 0.0125 -0.189301 -0.150379 0.0754529 0.936749 0.200363 -0.272084 -0.0912536 0.037515
e_12_13 12 13 2 0.0125 -0.206674 -0.163295 0.103517 0.942942 0.240607 -0.193181 -0.1251 0.033572
e_13_5 13 5 3 0.0125 -0.220041 -0.173478 0.129701 0.967232 0.118688 -0.224262 0.00908767 0.028913
e_2_14 2 14 1 0.0125 -0.243398 -0.139422 0.122445 0.881285 -0.139961 -0.368166 0.261154 0.178235
e_14_15 14 15 2 0.0125 -0.31626 -0.133532 0.189229 0.79137 -0.258167 -0.412342 0.370213 0.020188
e_15_16 15 16 3 0.0125 -0.333366 -0.128307 0.198668 0.506462 -0.538667 -0.108128 0.664562 0.020809
e_16_17 16 17 4 0.0125 -0.351081 -0.119707 0.204706 0.215529 -0.629243 0.106133 0.739146 0.020638
e_17_18 17 18 5 0.0125 -0.368999 -0.111087 0.209138 0.310817 -0.611815 0.0255926 0.726925 0.020129
e_18_19 18 19 6 0.0125 -0.38719 -0.103473 0.211464 -0.141773 -0.607759 0.374392 0.685828 0.02
e_19_1 19 1 7 0.0125 -0.406571 -0.0998003 0.211805 -0.315231 -0.611753 0.314958 0.653597 0.020001
e_1_20 1 20 1 0.0125 -0.41604 -0.109255 0.214647 0.671055 0.512631 0.34877 -0.406515 0.02
e_20_21 20 21 2 0.0125 -0.414124 -0.128591 0.219302 0.688023 0.493065 0.373744 -0.379244 0.02
e_21_22 21 22 3 0.0125 -0.412936 -0.147773 0.224562 0.688608 0.516734 0.295284 -0.414261 0.02
e_22_23 22 23 4 0.0125 -0.413365 -0.16689 0.230425 0.690174 0.516136 0.293703 -0.413523 0.02
e_23_4 23 4 5 0.0125 -0.414466 -0.18613 0.235693 0.645915 0.539885 0.304102 -0.445916 0.02
e_1_24 1 24 1 0.0125 -0.438921 -0.0784216 0.210596 0.0558574 -0.567279 0.454329 0.684587 0.061622
e_24_3 24 3 2 0.0125 -0.476322 -0.045667 0.206248 -0.0597517 -0.551614 0.513526 0.654555 0.038378
8 23 22
3 -0.00287065 -0.259543 0.0495831 0.0125
24 -0.00712843 -0.248199 0.0654952 0.0125
23 -0.0113837 -0.235758 0.0805656 0.0125
22 -0.0218146 -0.225325 0.0940688 0.0125
21 -0.0286959 -0.216489 0.110638 0.0125
4 0.0531465 -0.217528 0.0916244 0.0125
20 -0.0145778 -0.210186 0.122038 0.0125
12 0.123687 -0.171777 0.0771643 0.0125
11 0.146544 -0.172192 0.0713922 0.0125
10 0.172715 -0.16813 0.0658374 0.0125
9 0.194514 -0.166667 0.0636329 0.0125
2 0.246524 -0.168707 0.0543745 0.0125
19 -0.0178363 -0.210545 0.122054 0.0125
8 0.225106 -0.169292 0.0581625 0.0125
6 0.100235 -0.172281 0.0840844 0.0125
13 0.262755 -0.139278 0.0746311 0.0125
14 0.26908 -0.125379 0.0885471 0.0125
15 0.281165 -0.114416 0.100233 0.0125
5 0.294661 -0.103632 0.110368 0.0125
16 0.15643 -0.17986 0.0834414 0.0125
17 0.0808476 -0.183739 0.103074 0.0125
18 0.00321837 -0.207568 0.119879 0.0125
1 -0.0396691 -0.20979 0.12596 0.0125
e_2_8 2 8 1 0.0125 0.235816 -0.168999 0.0562687 0.365083 0.573119 -0.290675 -0.673615 0.021757
e_8_9 8 9 2 0.0125 0.20981 -0.16798 0.0608976 -0.090945 -0.628728 0.130393 0.761201 0.031189
e_9_10 9 10 3 0.0125 0.183614 -0.167399 0.0647352 -0.224726 0.624099 0.245548 -0.706898 0.021959
e_10_11 10 11 4 0.0125 0.159629 -0.170161 0.0686145 0.448107 0.56446 -0.280632 -0.633901 0.027061
e_11_12 11 12 5 0.0125 0.135116 -0.171985 0.0742779 0.759894 -0.175882 -0.588778 0.212057 0.023577
e_12_6 12 6 6 0.0125 0.111961 -0.172029 0.0806247 0.800897 0.0176395 -0.598508 -0.00638417 0.024457
e_2_13 2 13 1 0.0125 0.254639 -0.153993 0.0645024 0.652645 -0.16559 0.463118 0.576329 0.039241
e_13_14 13 14 2 0.0125 0.265917 -0.132328 0.0815892 0.712496 -0.181486 0.360935 0.573706 0.020661
e_14_15 14 15 3 0.0125 0.275122 -0.119898 0.0943896 0.743356 -0.0707479 0.451514 0.488418 0.02007
e_15_5 15 5 4 0.0125 0.287913 -0.109024 0.105301 0.727151 -0.0480767 0.494641 0.473573 0.020029
e_2_16 2 16 1 0.0125 0.201476 -0.174283 0.0689076 0.743099 0.295975 -0.509836 -0.316654 0.095322
e_16_17 16 17 2 0.0125 0.118639 -0.181799 0.0932577 0.74472 0.235339 -0.564858 -0.266351 0.078186
e_17_18 17 18 3 0.0125 0.0420329 -0.195654 0.111476 0.422651 0.607057 -0.173644 -0.65015 0.082924
e_18_19 18 19 4 0.0125 -0.00730847 -0.209057 0.120966 -0.00382069 0.66308 0.0972637 -0.742193 0.021375
e_19_1 19 1 5 0.0125 -0.0287522 -0.210168 0.124007 0.257021 -0.611811 -0.194102 0.722462 0.022192
e_1_20 1 20 1 0.0125 -0.027123 -0.209988 0.123999 0.620739 0.237563 0.721651 0.193561 0.025398
e_20_4 20 4 2 0.0125 0.0192839 -0.213857 0.106831 0.528219 0.288463 0.787798 0.130951 0.074602
e_1_21 1 21 1 0.0125 -0.034182 -0.21314 0.118299 0.340085 0.401806 0.849457 -0.0362795 0.02
e_21_22 21 22 2 0.0125 -0.0252556 -0.220907 0.102354 0.267623 0.450973 0.843132 -0.118871 0.02
e_22_23 22 23 3 0.0125 -0.0165992 -0.230541 0.0873168 0.388939 0.455191 0.793976 -0.105498 0.02
e_23_24 23 24 4 0.0125 -0.00925611 -0.241979 0.0730301 0.277615 0.515088 0.781936 -0.214919 0.02
e_24_3 24 3 5 0.0125 -0.00499959 -0.253871 0.0575389 0.253229 0.499501 0.805179 -0.195093 0.02
9 24 23
3 0.117843 0.145573 0.282087 0.0125
25 0.132787 0.0995714 0.242079 0.0125
4 0.207966 0.142254 0.218391 0.0125
24 0.19165 0.129288 0.215327 0.0125
23 0.178512 0.113124 0.215708 0.0125
22 0.165791 0.09806 0.220007 0.0125
1 0.145647 0.0671972 0.228941 0.0125
21 0.141946 0.0556364 0.213037 0.0125
6 0.0303556 0.00783648 0.117932 0.0125
11 0.0338411 -0.0103135 0.109536 0.0125
10 0.0326334 -0.0285456 0.0973686 0.0125
9 0.0305953 -0.0462229 0.0860467 0.0125
2 0.0105262 -0.112307 0.0337194 0.0125
19 0.129871 0.030002 0.183885 0.0125
8 0.0242718 -0.0655141 0.0702875 0.0125
12 0.0142826 -0.0873495 0.0600716 0.0125
13 0.011916 -0.0728369 0.0781375 0.0125
14 0.00786521 -0.0622222 0.094701 0.0125
5 0.00478956 -0.0553377 0.113367 0.0125
15 0.0854604 -0.0261841 0.123839 0.0125
16 0.0996285 -0.0100221 0.140141 0.0125
17 0.109656 0.000977629 0.153591 0.0125
18 0.121605 0.0172063 0.169353 0.0125
20 0.138058 0.0426828 0.198302 0.0125
e_2_8 2 8 1 0.0125 0.017399 -0.0889106 0.0520034 -0.553894 0.364739 0.258875 0.702247 0.060957
e_8_9 8 9 2 0.0125 0.0274336 -0.0558685 0.0781671 -0.550618 0.364439 0.246157 0.709514 0.025701
e_9_10 9 10 3 0.0125 0.0316148 -0.0373842 0.0917071 -0.572604 0.354015 0.325977 0.663729 0.021091
e_10_11 10 11 4 0.0125 0.0332377 -0.0194295 0.103452 -0.580191 0.333516 0.334127 0.663706 0.021952
e_11_6 11 6 5 0.0125 0.0320986 -0.00123854 0.113735 -0.602586 0.309917 0.443988 0.586274 0.0203
e_2_12 2 12 1 0.0125 0.0124048 -0.0998286 0.0468953 -0.577469 0.272773 0.253967 0.726378 0.036488
e_12_13 12 13 2 0.0125 0.0130993 -0.0800932 0.0691045 -0.60718 0.171824 0.287554 0.720501 0.023294
e_13_14 13 14 3 0.0125 0.00989128 -0.0675295 0.0864194 -0.616848 0.0980519 0.27939 0.729264 0.020086
e_14_5 14 5 4 0.0125 0.00632708 -0.0587802 0.104034 -0.596932 0.0441311 0.185613 0.779277 0.020132
e_2_15 2 15 1 0.0125 0.0479941 -0.0692453 0.0787787 -0.492355 0.419626 0.118772 0.753256 0.145444
e_15_16 15 16 2 0.0125 0.0925448 -0.0181037 0.13199 -0.48974 0.428361 0.119724 0.749885 0.026975
e_16_17 16 17 3 0.0125 0.104641 -0.00452196 0.146865 -0.495605 0.392457 0.103756 0.767847 0.020061
e_17_18 17 18 4 0.0125 0.11563 0.00909224 0.161472 -0.504409 0.412991 0.146245 0.744058 0.025586
e_18_19 18 19 5 0.0125 0.125738 0.0236039 0.176619 -0.521646 0.363427 0.151032 0.756965 0.021053
e_19_20 19 20 6 0.0125 0.133964 0.036343 0.191093 -0.521738 0.363093 0.151008 0.757067 0.020874
e_20_21 20 21 7 0.0125 0.140002 0.0491602 0.20567 -0.56145 0.292631 0.214503 0.743727 0.02
e_21_1 21 1 8 0.0125 0.143796 0.0614171 0.22099 -0.561292 0.259343 0.187834 0.763159 0.020008
e_1_22 1 22 1 0.0125 0.155718 0.0826292 0.224474 -0.375933 0.7413 0.261297 0.490787 0.037922
e_22_23 22 23 2 0.0125 0.172151 0.105592 0.217857 -0.3559 0.75137 0.204845 0.516543 0.02018
e_23_24 23 24 3 0.0125 0.185082 0.121206 0.215517 -0.398371 0.685057 0.199591 0.576334 0.020833
e_24_4 24 4 4 0.0125 0.199808 0.13577 0.216859 -0.383637 0.64727 0.0911361 0.652348 0.021064
e_1_25 1 25 1 0.0125 0.139216 0.0833846 0.23551 -0.619143 0.259728 0.506065 0.541389 0.03723
e_25_3 25 3 2 0.0125 0.125315 0.122573 0.262083 -0.624219 0.18415 0.38393 0.655009 0.06277
10 26 25
3 -0.0975177 0.119577 0.221835 0.0125
27 -0.0905266 0.128847 0.20555 0.0125
26 -0.0835514 0.138136 0.189269 0.0125
25 -0.0776561 0.145443 0.17161 0.0125
24 -0.06821 0.154418 0.156437 0.0125
4 -0.133859 0.108266 0.165523 0.0125
23 -0.118509 0.11705 0.156182 0.0125
22 -0.103359 0.12541 0.146154 0.0125
21 -0.0866896 0.135481 0.141601 0.0125
20 -0.0719099 0.148952 0.141817 0.0125
6 0.111826 0.0404904 0.0664699 0.0125
11 0.123926 0.0487457 0.0870068 0.0125
10 0.142666 0.0602306 0.117295 0.0125
9 0.163082 0.0652045 0.138206 0.0125
2 0.21359 0.0700214 0.165684 0.0125
19 -0.0389669 0.159904 0.133834 0.0125
8 0.184644 0.0677005 0.149871 0.0125
12 0.18293 0.057732 0.195877 0.0125
5 0.154145 0.0441146 0.241026 0.0125
13 0.104673 0.110385 0.124055 0.0125
14 0.0651412 0.131975 0.115649 0.0125
15 0.0445805 0.14237 0.116079 0.0125
16 0.0197173 0.145995 0.119058 0.0125
17 5.26882e-05 0.148851 0.121955 0.0125
18 -0.019258 0.155357 0.127116 0.0125
1 -0.0571507 0.16245 0.141836 0.0125
e_2_8 2 8 1 0.0125 0.199117 0.0688608 0.157778 -0.262128 0.700248 0.498762 -0.438382 0.033065
e_8_9 8 9 2 0.0125 0.173863 0.0664525 0.144039 -0.113818 0.809492 0.285363 -0.500335 0.024642
e_9_10 9 10 3 0.0125 0.152875 0.0627171 0.12775 -0.278204 0.459594 0.800919 -0.264395 0.029644
e_10_11 10 11 4 0.0125 0.133296 0.0544877 0.102151 -0.131512 0.52205 0.795069 -0.279345 0.037423
e_11_6 11 6 5 0.0125 0.117876 0.044618 0.0767384 -0.112692 0.532576 0.789578 -0.283247 0.025225
e_2_12 2 12 1 0.0125 0.19826 0.0638772 0.180781 0.914365 0.135306 -0.379934 0.03576 0.044752
e_12_5 12 5 2 0.0125 0.168537 0.0509236 0.218452 0.950895 0.109984 -0.281625 0.0662547 0.055248
e_2_13 2 13 1 0.0125 0.159131 0.0902025 0.144869 0.187669 -0.817522 0.0186229 0.544142 0.12339
e_13_14 13 14 2 0.0125 0.0849068 0.121179 0.119851 0.352973 -0.766438 -0.0656029 0.532615 0.045821
e_14_15 14 15 3 0.0125 0.0548606 0.137172 0.115863 0.533105 -0.651695 -0.256819 0.474486 0.023043
e_15_16 15 16 4 0.0125 0.0321485 0.144182 0.117568 0.69639 -0.328262 -0.577398 0.27184 0.025302
e_16_17 16 17 5 0.0125 0.00988494 0.147424 0.120506 0.707867 -0.31614 -0.572629 0.2666 0.020081
e_17_18 17 18 6 0.0125 -0.0096031 0.152104 0.124535 0.705678 -0.435882 -0.432721 0.35324 0.021021
e_18_19 18 19 7 0.0125 -0.0291127 0.157631 0.130476 0.757848 -0.325835 -0.486033 0.288565 0.021313
e_19_1 19 1 8 0.0125 -0.0480589 0.161176 0.137835 0.804136 -0.222539 -0.50072 0.230479 0.020029
e_1_20 1 20 1 0.0125 -0.0645302 0.155701 0.141826 0.623466 0.667033 -0.235671 -0.33289 0.02
e_20_21 20 21 2 0.0125 -0.0793004 0.142216 0.141709 0.617453 0.671995 -0.231991 -0.336681 0.02
e_21_22 21 22 3 0.0125 -0.0950242 0.130445 0.143878 0.761566 0.437255 -0.441564 -0.183974 0.02
e_22_23 22 23 4 0.0125 -0.110934 0.12123 0.151169 0.864266 0.271499 -0.419035 -0.0611784 0.02
e_23_4 23 4 5 0.0125 -0.126184 0.112658 0.160853 0.852799 0.296658 -0.422455 -0.0791208 0.02
e_1_24 1 24 1 0.0125 -0.062681 0.158434 0.149136 0.930044 0.217758 -0.295916 -0.0058543 0.02
e_24_25 24 25 2 0.0125 -0.0729333 0.149931 0.164023 0.937584 0.243688 -0.24754 -0.016601 0.02
e_25_26 25 26 3 0.0125 -0.0806033 0.14179 0.18044 0.969679 0.182744 -0.158523 0.0346119 0.02
e_26_27 26 27 4 0.0125 -0.0870392 0.133491 0.19741 0.952329 0.245651 -0.180647 -0.00954498 0.02
e_27_3 27 3 5 0.0125 -0.0940224 0.124212 0.213693 0.952379 0.245107 -0.181142 -0.00924008 0.02
11 28 27
3 0.292639 0.292495 0.210818 0.0125
29 0.297458 0.281079 0.195119 0.0125
28 0.302001 0.273398 0.17722 0.0125
27 0.308182 0.265441 0.159944 0.0125
26 0.311267 0.254298 0.143624 0.0125
4 0.226952 0.252341 0.0737791 0.0125
25 0.2588 0.250977 0.0879601 0.0125
24 0.285022 0.246283 0.108564 0.0125
1 0.310815 0.244139 0.126403 0.0125
23 0.292304 0.237324 0.122472 0.0125
22 0.274359 0.230478 0.116842 0.0125
21 0.255186 0.225791 0.11356 0.0125
12 0.108575 0.107059 0.0193767 0.0125
11 0.0964804 0.115679 0.0327924 0.0125
10 0.0855765 0.125014 0.046728 0.0125
9 0.0722779 0.137611 0.055633 0.0125
2 0.0229465 0.172056 0.0904282 0.0125
19 0.201803 0.209559 0.106318 0.0125
8 0.0561415 0.150827 0.0687004 0.0125
6 0.124322 0.0978657 0.0111523 0.0125
13 0.0363858 0.157244 0.090531 0.0125
14 0.0511306 0.144142 0.0872261 0.0125
15 0.0651641 0.129893 0.0871576 0.0125
16 0.0781888 0.114737 0.0879752 0.0125
5 0.089475 0.0990362 0.0930867 0.0125
17 0.140115 0.194453 0.100297 0.0125
18 0.161776 0.199025 0.101086 0.0125
20 0.234545 0.218643 0.110397 0.0125
e_2_8 2 8 1 0.0125 0.0395445 0.161441 0.079564 0.424654 -0.011583 0.860993 -0.279689 0.044996
e_8_9 8 9 2 0.0125 0.0642095 0.144219 0.0621672 0.375918 0.00354552 0.874892 -0.305348 0.024613
e_9_10 9 10 3 0.0125 0.0789274 0.131312 0.0511801 0.416151 0.075705 0.844323 -0.328946 0.020369
e_10_11 10 11 4 0.0125 0.0910288 0.120347 0.0397604 0.267703 -0.0965306 0.915953 -0.282926 0.020005
e_11_12 11 12 5 0.0125 0.102528 0.111369 0.0260852 0.302931 -0.099744 0.908415 -0.270308 0.020014
e_12_6 12 6 6 0.0125 0.116448 0.102462 0.0152639 0.470005 0.00437506 0.839979 -0.271132 0.020003
e_2_13 2 13 1 0.0125 0.0296658 0.16465 0.0904788 0.634838 0.25682 0.656873 -0.315502 0.02
e_13_14 13 14 2 0.0125 0.0437584 0.150694 0.0888781 0.565528 0.167952 0.744583 -0.312355 0.02
e_14_15 14 15 3 0.0125 0.0581476 0.137017 0.0871921 0.635243 0.237435 0.667338 -0.307817 0.02
e_15_16 15 16 4 0.0125 0.0716764 0.122315 0.0875664 0.649074 0.27551 0.635329 -0.314886 0.02
e_16_5 16 5 5 0.0125 0.083832 0.106887 0.0905315 0.741425 0.337997 0.507917 -0.279407 0.02
e_2_17 2 17 1 0.0125 0.0815302 0.183254 0.0953626 0.734852 -0.15858 0.658504 -0.0348909 0.119696
e_17_18 17 18 2 0.0125 0.150945 0.196738 0.100692 0.718796 -0.175088 0.671966 -0.0337332 0.022153
e_18_19 18 19 3 0.0125 0.18179 0.204292 0.103703 0.750063 -0.177343 0.637057 -0.0106211 0.04172
e_19_20 19 20 4 0.0125 0.218174 0.214101 0.108358 0.748025 -0.183687 0.637702 -0.00734633 0.034222
e_20_21 20 21 5 0.0125 0.244865 0.222217 0.111979 0.755953 -0.20325 0.622131 0.0133547 0.022071
e_21_22 21 22 6 0.0125 0.264772 0.228135 0.115201 0.762801 -0.163235 0.625579 -0.0118269 0.020008
e_22_23 22 23 7 0.0125 0.283332 0.233901 0.119657 0.799596 -0.188208 0.569143 0.036061 0.020015
e_23_1 23 1 8 0.0125 0.30156 0.240731 0.124437 0.772749 -0.200523 0.601725 0.0240197 0.020113
e_1_24 1 24 1 0.0125 0.297918 0.245211 0.117483 -0.0495288 -0.869427 0.166863 0.462385 0.031434
e_24_25 24 25 2 0.0125 0.271911 0.248629 0.0982622 -0.0341913 -0.868729 0.226291 0.439241 0.033678
e_25_4 25 4 3 0.0125 0.242875 0.251659 0.0808699 0.0378559 -0.838288 -0.0224192 0.543449 0.034888
e_1_26 1 26 1 0.0125 0.311041 0.249219 0.135014 0.915633 -0.246246 0.0939636 0.303561 0.02
e_26_27 26 27 2 0.0125 0.309724 0.25987 0.151784 0.883362 -0.301357 0.0346008 0.357293 0.02
e_27_28 27 28 3 0.0125 0.305091 0.26942 0.168582 0.890597 -0.25184 -0.0681809 0.372511 0.02
e_28_29 28 29 4 0.0125 0.299729 0.277238 0.18617 0.909321 -0.225948 -0.0385915 0.347266 0.02
e_29_3 29 3 5 0.0125 0.295048 0.286787 0.202968 0.863828 -0.327856 0.00567032 0.382464 0.02
12 21 20
3 0.407257 0.0937163 0.211555 0.0125
22 0.40099 0.115893 0.21809 0.0125
21 0.399389 0.135787 0.219529 0.0125
20 0.403606 0.159531 0.219124 0.0125
4 0.49259 0.146317 0.255931 0.0125
11 0.270424 0.0932219 0.0425211 0.0125
10 0.252415 0.0868956 0.0365534 0.0125
6 0.107844 0.168545 0.0826519 0.0125
9 0.234272 0.0792078 0.0331311 0.0125
2 0.214457 0.0766064 0.0339349 0.0125
19 0.475893 0.156408 0.250843 0.0125
8 0.190723 0.0953923 0.0370894 0.0125
12 0.28841 0.099581 0.0485289 0.0125
5 0.306183 0.10618 0.0549002 0.0125
13 0.296008 0.109983 0.107739 0.0125
14 0.354948 0.174741 0.174703 0.0125
15 0.369185 0.181859 0.189774 0.0125
16 0.386924 0.183018 0.205654 0.0125
1 0.411138 0.190538 0.219866 0.0125
18 0.45234 0.166716 0.237223 0.0125
17 0.431659 0.179841 0.227174 0.0125
e_2_8 2 8 1 0.0125 0.202591 0.085999 0.035512 0.733429 -0.326869 -0.584233 -0.117946 0.030433
e_8_6 8 6 2 0.0125 0.149283 0.131969 0.0598711 0.790669 -0.22194 -0.51011 -0.255681 0.119567
e_2_9 2 9 1 0.0125 0.224364 0.0779076 0.033533 0.507501 -0.555479 0.459932 -0.471538 0.02
e_9_10 9 10 2 0.0125 0.243343 0.0830517 0.0348422 0.607155 -0.560069 0.317424 -0.465755 0.02
e_10_11 10 11 3 0.0125 0.261419 0.0900592 0.0395377 0.628149 -0.502999 0.312721 -0.504605 0.02
e_11_12 11 12 4 0.0125 0.279417 0.0964019 0.045525 0.628914 -0.50274 0.311547 -0.504636 0.02
e_12_5 12 5 5 0.0125 0.297296 0.10288 0.0517143 0.635453 -0.499657 0.301786 -0.505438 0.02
e_2_13 2 13 1 0.0125 0.255233 0.0932941 0.0708379 0.709122 -0.369117 0.206637 -0.564091 0.114941
e_13_14 13 14 2 0.0125 0.325478 0.142362 0.141221 0.751832 -0.437197 0.0716112 -0.488342 0.110235
e_14_15 14 15 3 0.0125 0.362067 0.1783 0.182239 0.726321 -0.356191 0.171337 -0.562343 0.02192
e_15_16 15 16 4 0.0125 0.378055 0.182438 0.197715 0.675011 -0.294103 0.283548 -0.614381 0.023836
e_16_1 16 1 5 0.0125 0.399031 0.186778 0.21276 0.665983 -0.422641 0.277289 -0.548591 0.029067
e_1_17 1 17 1 0.0125 0.421398 0.18519 0.22352 0.49381 -0.247169 0.536978 -0.637741 0.024267
e_17_18 17 18 2 0.0125 0.442 0.173279 0.232199 0.503816 -0.192831 0.522528 -0.660265 0.026476
e_18_19 18 19 3 0.0125 0.464117 0.161562 0.244034 0.554887 -0.226055 0.4635 -0.652814 0.029094
e_19_4 19 4 4 0.0125 0.484242 0.151363 0.253387 0.467949 -0.234938 0.564485 -0.638111 0.020163
e_1_20 1 20 1 0.0125 0.407373 0.175035 0.219495 0.1758 0.338276 0.630242 -0.676356 0.031917
e_20_21 20 21 2 0.0125 0.401498 0.147659 0.219327 0.200348 0.311622 0.628076 -0.684305 0.024119
e_21_22 21 22 3 0.0125 0.40019 0.12584 0.21881 0.185562 0.142277 0.718154 -0.655422 0.020011
e_22_3 22 3 4 0.0125 0.404124 0.104805 0.214822 0.137018 -0.036835 0.796903 -0.587209 0.023953
13 25 24
3 0.126195 -0.0147373 0.139556 0.0125
26 0.193896 0.00488427 0.150014 0.0125
4 0.244706 -0.0830042 0.13155 0.0125
25 0.232677 -0.0212785 0.147198 0.0125
1 0.221737 0.0119931 0.150669 0.0125
24 0.201775 0.010635 0.151343 0.0125
23 0.182167 0.013204 0.154415 0.0125
22 0.162777 0.0177729 0.151966 0.0125
21 0.142917 0.024863 0.149569 0.0125
12 -0.0549753 0.252057 0.028558 0.0125
11 -0.0572221 0.233161 0.0350784 0.0125
10 -0.0540394 0.214271 0.0415644 0.0125
9 -0.0458666 0.190115 0.0517458 0.0125
2 -0.0270142 0.13505 0.0736283 0.0125
19 0.107244 0.0448821 0.142832 0.0125
8 -0.0335387 0.153294 0.0658709 0.0125
6 -0.0566427 0.269438 0.0187814 0.0125
13 -0.0237303 0.0992076 0.0622501 0.0125
14 -0.0173975 0.079864 0.0580334 0.0125
15 -0.00842735 0.0613667 0.0528275 0.0125
5 -0.00526409 0.0423189 0.0466961 0.0125
16 0.0504419 0.0894812 0.105408 0.0125
17 0.0678297 0.0759475 0.121734 0.0125
18 0.0889959 0.0594863 0.134 0.0125
20 0.124503 0.0350684 0.146178 0.0125
e_2_8 2 8 1 0.0125 -0.0302766 0.144172 0.0697488 -0.29634 0.649012 -0.514432 -0.475737 0.020871
e_8_9 8 9 2 0.0125 -0.0397023 0.171704 0.0588087 -0.31697 0.645916 -0.503697 -0.478134 0.041319
e_9_10 9 10 3 0.0125 -0.0499532 0.202193 0.0466557 -0.326899 0.672658 -0.482619 -0.455793 0.027459
e_10_11 10 11 4 0.0125 -0.0556309 0.223716 0.038322 -0.572104 0.812384 -0.0201136 -0.11102 0.020224
e_11_12 11 12 5 0.0125 -0.0560983 0.242608 0.0318186 -0.442151 0.676947 0.451462 0.377396 0.020115
e_12_6 12 6 6 0.0125 -0.0558087 0.260747 0.0236694 -0.50135 0.862168 -0.0306344 -0.0661556 0.020012
e_2_13 2 13 1 0.0125 -0.0253718 0.117129 0.0679389 0.533052 0.756315 -0.280533 0.255235 0.037749
e_13_14 13 14 2 0.0125 -0.0205638 0.0895354 0.0601425 0.532722 0.751392 -0.191926 0.338796 0.020786
e_14_15 14 15 3 0.0125 -0.0129124 0.0706153 0.0554305 0.49306 0.775338 -0.146965 0.366258 0.021206
e_15_5 15 5 4 0.0125 -0.00684572 0.0518428 0.0497618 0.522034 0.765628 -0.255218 0.275966 0.020259
e_2_16 2 16 1 0.0125 0.0117138 0.112266 0.0895191 0.554385 0.564082 0.122921 0.599466 0.09532
e_16_17 16 17 2 0.0125 0.059136 0.082715 0.113571 0.669223 0.442092 0.0830181 0.591442 0.027423
e_17_18 17 18 3 0.0125 0.0784127 0.0677175 0.127868 0.608967 0.534449 0.0797869 0.580652 0.029487
e_18_19 18 19 4 0.0125 0.0981197 0.0521847 0.138416 0.591392 0.563967 0.0721608 0.571829 0.024984
e_19_20 19 20 5 0.0125 0.115873 0.0399758 0.144505 0.494003 0.63447 0.119762 0.582294 0.020135
e_20_21 20 21 6 0.0125 0.13371 0.0299657 0.147874 0.488952 0.636613 0.123346 0.583469 0.021323
e_21_22 21 22 7 0.0125 0.152846 0.0213183 0.150767 0.432398 0.640893 0.181111 0.607855 0.021224
e_22_23 22 23 8 0.0125 0.172472 0.0154884 0.153191 0.407129 0.623909 0.222979 0.6287 0.020071
e_23_24 23 24 9 0.0125 0.191971 0.0119189 0.152878 0.275837 0.723803 0.229923 0.589202 0.020013
e_24_1 24 1 10 0.0125 0.211756 0.0113137 0.151007 0.263602 0.645152 0.317149 0.643203 0.020019
e_1_25 1 25 1 0.0125 0.227207 -0.00464223 0.148934 0.567098 0.718668 -0.181217 0.359272 0.035196
e_25_4 25 4 2 0.0125 0.238692 -0.0521412 0.139374 0.539857 0.75041 -0.240028 0.296355 0.064804
e_1_26 1 26 1 0.0125 0.207816 0.00843882 0.150342 0.685373 0.309581 -0.644647 -0.137307 0.028742
e_26_3 26 3 2 0.0125 0.160045 -0.00492657 0.144785 0.634058 0.379231 -0.655412 -0.156812 0.071258
14 21 20
3 0.125796 0.0728118 0.0110229 0.0125
22 0.146997 0.0404952 0.0807144 0.0125
4 0.209919 0.0383103 0.0123363 0.0125
21 0.197136 0.0350303 0.0273641 0.0125
20 0.188539 0.034298 0.0454075 0.0125
11 0.295417 0.228059 0.029297 0.0125
6 0.18185 0.221303 0.0287603 0.0125
10 0.226878 0.237865 0.0331158 0.0125
9 0.255939 0.247954 0.0400974 0.0125
2 0.321005 0.271884 0.048958 0.0125
19 0.178625 0.0296989 0.0621571 0.0125
8 0.283053 0.257254 0.0473825 0.0125
12 0.286928 0.20745 0.0221939 0.0125
5 0.276209 0.189271 0.0153597 0.0125
13 0.211725 0.114558 0.0741131 0.0125
14 0.198189 0.100192 0.0797337 0.0125
15 0.180997 0.0843718 0.0869807 0.0125
16 0.170966 0.0670954 0.0893156 0.0125
17 0.165962 0.0475796 0.0910867 0.0125
1 0.15584 0.0290378 0.0949616 0.0125
18 0.166512 0.029924 0.0780703 0.0125
e_2_8 2 8 1 0.0125 0.302028 0.264569 0.0481703 0.166409 -0.590547 -0.413046 0.67302 0.040704
e_8_9 8 9 2 0.0125 0.269497 0.252604 0.0437401 0.0710727 -0.712018 -0.340868 0.609744 0.029576
e_9_10 9 10 3 0.0125 0.241409 0.24291 0.0366066 0.0810205 -0.698712 -0.349952 0.618684 0.031544
e_10_6 10 6 4 0.0125 0.204364 0.229584 0.0309384 0.143032 -0.623159 -0.396075 0.659044 0.048175
e_2_11 2 11 1 0.0125 0.308211 0.249972 0.0391278 -0.487019 -0.824998 -0.00292807 0.286674 0.054423
e_11_12 11 12 2 0.0125 0.291172 0.217755 0.0257458 -0.567974 -0.801907 0.093584 0.159978 0.023394
e_12_5 12 5 3 0.0125 0.281568 0.19836 0.0187767 -0.500974 -0.808592 -0.0151521 0.30818 0.022183
e_2_13 2 13 1 0.0125 0.266364 0.193222 0.0615353 -0.37618 -0.596763 -0.280665 0.650838 0.193201
e_13_14 13 14 2 0.0125 0.204957 0.107375 0.0769239 0.135561 -0.332696 -0.502364 0.78649 0.020523
e_14_15 14 15 3 0.0125 0.189593 0.0922816 0.0833573 0.25027 -0.290002 -0.517471 0.765172 0.024461
e_15_16 15 16 4 0.0125 0.175981 0.0757332 0.0881484 -0.544285 -0.647526 -0.150569 0.511657 0.020113
e_16_17 16 17 5 0.0125 0.168464 0.0573374 0.0902006 -0.713614 -0.590876 0.32724 -0.185833 0.020225
e_17_1 17 1 6 0.0125 0.160901 0.0383081 0.0930239 -0.568737 -0.622169 -0.150651 0.516477 0.021476
e_1_18 1 18 1 0.0125 0.161176 0.0294809 0.0865154 0.0900308 -0.93144 0.233863 -0.263858 0.02
e_18_19 18 19 2 0.0125 0.172569 0.0298117 0.0701136 0.0827428 -0.910524 0.262258 -0.30874 0.02
e_19_20 19 20 3 0.0125 0.183583 0.0319983 0.0537824 0.170002 -0.938515 0.194753 -0.228822 0.02
e_20_21 20 21 4 0.0125 0.192838 0.0346647 0.0363862 0.0652412 -0.952883 0.207585 -0.211342 0.02
e_21_4 21 4 5 0.0125 0.203528 0.0366708 0.01985 0.172733 -0.904146 0.241283 -0.307353 0.02
e_1_22 1 22 1 0.0125 0.151418 0.0347665 0.087838 0.332772 -0.915226 -0.114575 0.196207 0.020309
e_22_3 22 3 2 0.0125 0.136396 0.0566541 0.0458684 0.215066 -0.967253 -0.0409634 0.128418 0.079691
15 17 16
3 0.111382 0.122521 0.107408 0.0125
5 -0.0167646 0.331062 0.213587 0.0125
10 -0.0188385 0.293145 0.217089 0.0125
6 -0.113348 0.335275 0.306786 0.0125
9 -0.0281932 0.254146 0.226335 0.0125
2 -0.0331831 0.234409 0.230131 0.0125
8 -0.0944598 0.312037 0.286577 0.0125
11 0.085152 0.127678 0.158012 0.0125
12 0.100203 0.104737 0.138215 0.0125
13 0.10662 0.0886459 0.128009 0.0125
14 0.107987 0.0630438 0.116956 0.0125
15 0.105814 0.0421934 0.110228 0.0125
1 0.101665 0.0235635 0.100985 0.0125
18 0.108356 0.0799178 0.108688 0.0125
16 0.0976664 0.00290403 0.112463 0.0125
17 0.0940965 -0.0152978 0.123115 0.0125
4 0.0905129 -0.0607115 0.153288 0.0125
e_2_8 2 8 1 0.0125 -0.0638211 0.273223 0.258354 0.859929 -0.359018 -0.351079 -0.0914937 0.113873
e_8_6 8 6 2 0.0125 -0.103903 0.323656 0.296682 0.878252 -0.331622 -0.332172 -0.0914402 0.036127
e_2_9 2 9 1 0.0125 -0.0306878 0.244277 0.228234 0.554063 -0.7405 -0.208083 -0.318395 0.020709
e_9_10 9 10 2 0.0125 -0.0235158 0.273645 0.221712 0.538763 -0.749929 -0.223474 -0.31209 0.041156
e_10_5 10 5 3 0.0125 -0.0178013 0.312103 0.215337 0.616388 -0.691158 -0.261198 -0.272291 0.038135
e_2_11 2 11 1 0.0125 0.0259851 0.181044 0.194071 -0.26091 -0.817868 0.192987 -0.475157 0.174917
e_11_12 11 12 2 0.0125 0.0926779 0.116208 0.148113 -0.45303 -0.690092 -0.562436 0.0469294 0.033833
e_12_13 12 13 3 0.0125 0.103412 0.0966917 0.133112 -0.325727 -0.286782 -0.819487 0.374298 0.020107
e_13_14 13 14 4 0.0125 0.107304 0.0758453 0.122483 0.0868471 0.175822 -0.816718 0.542694 0.027919
e_14_15 14 15 5 0.0125 0.106901 0.0526187 0.113592 0.25018 0.265363 -0.763147 0.533479 0.022017
e_15_1 15 1 6 0.0125 0.10374 0.0328786 0.105606 0.168817 0.0882394 -0.84269 0.503575 0.021207
e_1_16 1 16 1 0.0125 0.0996663 0.0132336 0.106724 0.824539 0.453028 -0.235237 0.24406 0.02397
e_16_17 16 17 2 0.0125 0.0958815 -0.00619709 0.11779 0.832999 0.447024 -0.226187 0.234778 0.02139
e_17_4 17 4 3 0.0125 0.0923045 -0.0380045 0.138202 0.86218 0.454018 -0.133319 0.18094 0.05464
e_1_18 1 18 1 0.0125 0.10501 0.0517408 0.104836 0.692347 -0.631044 -0.185848 -0.296478 0.05727
e_18_3 18 3 2 0.0125 0.10987 0.101219 0.108048 0.63788 -0.676018 -0.240752 -0.279548 0.04273
16 23 22
3 -0.0551414 0.183344 0.118998 0.0125
24 -0.0356484 0.185291 0.14871 0.0125
4 0.0290032 0.182538 0.117777 0.0125
23 0.0217329 0.180778 0.136325 0.0125
22 0.0102535 0.178074 0.152478 0.0125
21 0.00103791 0.178783 0.170214 0.0125
20 -0.00708077 0.179603 0.188474 0.0125
12 -0.166333 -0.167113 0.164892 0.0125
11 -0.155303 -0.151831 0.153132 0.0125
10 -0.147234 -0.128209 0.133314 0.0125
9 -0.143872 -0.11017 0.122517 0.0125
2 -0.136652 -0.0631479 0.0997081 0.0125
19 -0.0266232 0.169991 0.202877 0.0125
8 -0.140644 -0.0816323 0.108081 0.0125
6 -0.178116 -0.180561 0.177359 0.0125
13 -0.128631 -0.0317908 0.0900714 0.0125
14 -0.121481 0.00279923 0.0849259 0.0125
5 -0.116834 0.0329748 0.0854382 0.0125
15 -0.0692335 0.109018 0.175469 0.0125
16 -0.0613492 0.125301 0.18428 0.0125
17 -0.0511965 0.140957 0.191499 0.0125
18 -0.0409856 0.15697 0.197872 0.0125
1 -0.0109023 0.181227 0.208038 0.0125
e_2_8 2 8 1 0.0125 -0.138648 -0.0723903 0.103894 0.831174 0.514017 -0.182657 0.10758 0.020681
e_8_9 8 9 2 0.0125 -0.142258 -0.0959005 0.115299 0.842561 0.507809 -0.132549 0.121047 0.032144
e_9_10 9 10 3 0.0125 -0.145554 -0.119189 0.127915 0.861295 0.472869 -0.151137 0.108274 0.021291
e_10_11 10 11 4 0.0125 -0.151269 -0.140019 0.143223 0.896575 0.396612 -0.178322 0.0839902 0.031873
e_11_12 11 12 5 0.0125 -0.160817 -0.159472 0.159012 0.873409 0.378942 -0.302851 0.0429094 0.022215
e_12_6 12 6 6 0.0125 -0.172224 -0.173837 0.171125 0.886051 0.33752 -0.316398 0.0297696 0.021797
e_2_13 2 13 1 0.0125 -0.13264 -0.0474691 0.0948896 0.571876 -0.800867 -0.0360012 -0.173995 0.033771
e_13_14 13 14 2 0.0125 -0.125056 -0.0144962 0.0874984 0.634497 -0.755692 -0.0317348 -0.159174 0.035694
e_14_5 14 5 3 0.0125 -0.119157 0.0178866 0.0851818 0.698276 -0.700242 -0.0356603 -0.14422 0.030536
e_2_15 2 15 1 0.0125 -0.102943 0.0229348 0.137589 0.829687 -0.526814 0.181351 -0.0346164 0.199815
e_15_16 15 16 2 0.0125 -0.0652912 0.11716 0.179874 0.847843 -0.479833 0.225439 -0.00995607 0.020123
e_16_17 16 17 3 0.0125 -0.0562727 0.133129 0.187889 0.824658 -0.467245 0.318236 0.0186595 0.020008
e_17_18 17 18 4 0.0125 -0.0460908 0.148963 0.194686 0.811699 -0.486486 0.322888 0.0148403 0.020031
e_18_19 18 19 5 0.0125 -0.0338043 0.16348 0.200374 0.784666 -0.352985 0.500421 0.0963325 0.020022
e_19_1 19 1 6 0.0125 -0.0187627 0.175609 0.205457 0.782455 -0.268392 0.546744 0.129619 0.020001
e_1_20 1 20 1 0.0125 -0.00899154 0.180415 0.198256 -0.000236707 0.914449 -0.391011 0.104373 0.02
e_20_21 20 21 2 0.0125 -0.00302088 0.179192 0.179344 0.0040645 0.974782 -0.079303 0.208555 0.02
e_21_22 21 22 3 0.0125 0.00564595 0.178428 0.161347 0.0228329 0.971108 0.018879 0.236792 0.02
e_22_23 22 23 4 0.0125 0.0159936 0.179426 0.144402 0.0376237 0.892096 0.32861 0.307838 0.02
e_23_4 23 4 5 0.0125 0.0253679 0.181658 0.127051 -0.0778045 0.96525 -0.178905 0.173876 0.02
e_1_24 1 24 1 0.0125 -0.0232754 0.183258 0.178374 0.154916 0.481378 -0.853711 -0.124312 0.064412
e_24_3 24 3 2 0.0125 -0.0453947 0.184318 0.133854 0.262932 0.471562 -0.833702 -0.115919 0.035588
17 19 18
3 0.0442951 -0.0763271 0.0241073 0.0125
20 0.0651105 -0.0917664 0.0565129 0.0125
19 0.0749946 -0.1047 0.0843409 0.0125
11 -0.118042 -0.270455 0.238626 0.0125
6 -0.0258673 -0.179606 0.187501 0.0125
10 -0.0662782 -0.207356 0.230064 0.0125
9 -0.0846371 -0.225346 0.248442 0.0125
2 -0.11533 -0.255319 0.280377 0.0125
8 -0.103087 -0.243511 0.267706 0.0125
12 -0.120586 -0.279338 0.212574 0.0125
5 -0.123159 -0.288294 0.186313 0.0125
13 -0.0904267 -0.234166 0.242828 0.0125
14 -0.057879 -0.204347 0.201139 0.0125
15 -0.00382214 -0.158062 0.145225 0.0125
16 0.0305254 -0.133978 0.124257 0.0125
17 0.0498717 -0.124329 0.113304 0.0125
1 0.0753207 -0.113821 0.108971 0.0125
18 0.0730039 -0.0916517 0.154235 0.0125
4 0.0642048 -0.0757042 0.200311 0.0125
e_2_8 2 8 1 0.0125 -0.109209 -0.249415 0.274041 0.113585 0.465254 0.763045 0.43405 0.02121
e_8_9 8 9 2 0.0125 -0.0938622 -0.234429 0.258074 0.124325 0.438226 0.778733 0.431366 0.032271
e_9_10 9 10 3 0.0125 -0.0754577 -0.216351 0.239253 0.261095 0.166183 0.873611 0.375521 0.031598
e_10_6 10 6 4 0.0125 -0.0460735 -0.193482 0.208782 -0.051461 0.808112 0.418042 0.411761 0.06492
e_2_11 2 11 1 0.0125 -0.116686 -0.262887 0.259501 0.167666 0.874231 -0.45267 0.0519534 0.044493
e_11_12 11 12 2 0.0125 -0.119314 -0.274896 0.2256 0.16523 0.861794 -0.478066 0.0382486 0.027642
e_12_5 12 5 3 0.0125 -0.121873 -0.283815 0.199443 0.165302 0.861719 -0.478182 0.0381715 0.027865
e_2_13 2 13 1 0.0125 -0.102879 -0.244742 0.261603 -0.284776 0.908729 -0.226723 0.204234 0.049774
e_13_14 13 14 2 0.0125 -0.0741531 -0.219257 0.221984 -0.288629 0.915709 -0.0691757 0.270896 0.060717
e_14_15 14 15 3 0.0125 -0.0308508 -0.181205 0.173182 -0.00362055 0.688 0.579279 0.437126 0.090504
e_15_16 15 16 4 0.0125 0.0133519 -0.14602 0.134741 0.43642 -0.0169108 0.850447 0.293243 0.046898
e_16_17 16 17 5 0.0125 0.0401983 -0.129154 0.118781 0.375726 0.257962 0.812051 0.364497 0.024235
e_17_1 17 1 6 0.0125 0.0625955 -0.119076 0.111137 0.603996 -0.0104732 0.760016 0.2397 0.027872
e_1_18 1 18 1 0.0125 0.0741616 -0.102736 0.131603 0.95386 -0.216163 -0.0686602 -0.19675 0.050455
e_18_4 18 4 2 0.0125 0.0686039 -0.0836774 0.177273 0.962245 -0.142295 -0.121507 -0.197668 0.049545
e_1_19 1 19 1 0.0125 0.0751576 -0.109261 0.096656 -0.097968 0.575242 -0.798713 -0.146823 0.026266
e_19_20 19 20 2 0.0125 0.070053 -0.0982337 0.0704268 0.0620377 0.387428 -0.884016 -0.254099 0.03224
e_20_3 20 3 3 0.0125 0.0547035 -0.084047 0.0403097 0.177161 0.339219 -0.880576 -0.279517 0.041494
18 28 27
3 -0.166862 -0.20232 0.186345 0.0125
29 -0.152148 -0.213805 0.179162 0.0125
28 -0.141355 -0.226792 0.168446 0.0125
27 -0.130609 -0.239831 0.157745 0.0125
26 -0.119398 -0.252435 0.146999 0.0125
4 -0.205271 -0.241479 0.133322 0.0125
25 -0.184195 -0.24485 0.136156 0.0125
24 -0.164553 -0.251654 0.134772 0.0125
23 -0.134622 -0.257873 0.136878 0.0125
1 -0.108684 -0.265307 0.136065 0.0125
22 -0.0993215 -0.250188 0.145434 0.0125
21 -0.0907485 -0.235041 0.155391 0.0125
6 -0.0535585 0.0992295 0.191466 0.0125
11 -0.044252 0.0829591 0.16885 0.0125
10 -0.0367263 0.0656731 0.157467 0.0125
9 -0.0208538 0.0380118 0.149873 0.0125
2 0.0178176 -0.0115418 0.130346 0.0125
19 -0.0725857 -0.201299 0.172159 0.0125
8 -0.00553557 0.0183359 0.142106 0.0125
12 -0.00856027 0.00908059 0.138321 0.0125
13 -0.0261807 0.0222761 0.14371 0.0125
14 -0.0451607 0.0330853 0.143053 0.0125
5 -0.0629596 0.0441316 0.145267 0.0125
15 0.000491515 -0.0411719 0.134972 0.0125
16 -0.0433793 -0.135455 0.168566 0.0125
17 -0.0575719 -0.16094 0.176714 0.0125
18 -0.0644892 -0.181393 0.177608 0.0125
20 -0.0807166 -0.218177 0.163666 0.0125
e_2_8 2 8 1 0.0125 0.0061411 0.00339637 0.136226 0.797751 -0.512214 -0.29922 0.108152 0.039703
e_8_9 8 9 2 0.0125 -0.0131948 0.0281738 0.14599 0.798171 -0.512218 -0.298216 0.107812 0.026118
e_9_10 9 10 3 0.0125 -0.0287901 0.0518428 0.153671 0.78016 -0.567753 -0.248674 0.0846629 0.032783
e_10_11 10 11 4 0.0125 -0.0404891 0.0743158 0.163158 0.868376 -0.464206 -0.161481 0.0660334 0.022023
e_11_6 11 6 5 0.0125 -0.0489051 0.0910936 0.180158 0.937665 -0.307028 -0.144128 0.0758037 0.029373
e_2_12 2 12 1 0.0125 0.00462813 -0.0012303 0.134333 0.770488 -0.467518 -0.406897 0.149028 0.03442
e_12_13 12 13 2 0.0125 -0.0173704 0.015678 0.141015 0.771849 -0.458597 -0.413283 0.152102 0.022663
e_13_14 13 14 3 0.0125 -0.0356706 0.02768 0.143381 0.673042 -0.50339 -0.511509 0.178808 0.021852
e_14_5 14 5 4 0.0125 -0.05406 0.0386082 0.14416 0.723681 -0.473259 -0.47272 0.169845 0.021065
e_2_15 2 15 1 0.0125 0.00915445 -0.0263565 0.132659 0.709775 0.424881 -0.502672 0.25103 0.034634
e_15_16 15 16 2 0.0125 -0.0214439 -0.0883132 0.151769 0.78013 0.4496 -0.379684 0.212361 0.109282
e_16_17 16 17 3 0.0125 -0.0504756 -0.148197 0.17264 0.763075 0.421564 -0.433315 0.228558 0.030287
e_17_18 17 18 4 0.0125 -0.0610301 -0.171167 0.177162 0.684101 0.551169 -0.418938 0.229585 0.02161
e_18_19 18 19 5 0.0125 -0.0685379 -0.191346 0.174884 0.543809 0.509296 -0.602932 0.285242 0.02217
e_19_20 19 20 6 0.0125 -0.0766511 -0.209738 0.167913 0.436669 0.394318 -0.742262 0.320752 0.02057
e_20_21 20 21 7 0.0125 -0.0857324 -0.22661 0.159529 0.447685 0.329866 -0.765174 0.32446 0.021296
e_21_22 21 22 8 0.0125 -0.0950349 -0.242615 0.150412 0.37249 0.273489 -0.82067 0.336089 0.020051
e_22_1 22 1 9 0.0125 -0.104003 -0.257748 0.140749 0.394034 0.263492 -0.814616 0.334231 0.0201
e_1_23 1 23 1 0.0125 -0.121653 -0.26159 0.136472 0.68496 -0.382925 -0.581651 0.214198 0.026993
e_23_24 23 24 2 0.0125 -0.149587 -0.254763 0.135825 0.643191 -0.379212 -0.624946 0.227918 0.030644
e_24_25 24 25 3 0.0125 -0.174374 -0.248252 0.135464 0.700824 -0.395926 -0.556815 0.205048 0.020832
e_25_4 25 4 4 0.0125 -0.194732 -0.243165 0.134739 0.615222 -0.376968 -0.650923 0.236002 0.021531
e_1_26 1 26 1 0.0125 -0.114041 -0.258871 0.141532 0.87296 -0.400018 -0.258186 0.106145 0.02
e_26_27 26 27 2 0.0125 -0.125004 -0.246134 0.152372 0.869673 -0.396977 -0.271571 0.111032 0.02
e_27_28 27 28 3 0.0125 -0.135982 -0.233312 0.163095 0.869658 -0.406428 -0.259413 0.105909 0.02
e_28_29 28 29 4 0.0125 -0.146751 -0.220298 0.173804 0.869814 -0.405176 -0.260622 0.106451 0.02
e_29_3 29 3 5 0.0125 -0.159505 -0.208062 0.182754 0.811596 -0.421132 -0.378253 0.144512 0.02
19 24 23
3 -0.00309926 -0.0969553 0.0784035 0.0125
25 -0.0192419 -0.0979707 0.0638395 0.0125
24 -0.0375899 -0.0924884 0.0466919 0.0125
23 -0.0547919 -0.0851 0.0314723 0.0125
4 -0.0797067 -0.164727 0.0659434 0.0125
22 -0.0775534 -0.145993 0.0592787 0.0125
21 -0.0768878 -0.127844 0.0509027 0.0125
20 -0.0767623 -0.1099 0.0420706 0.0125
11 -0.0837878 -0.0483733 0.324256 0.0125
10 -0.109023 -0.068095 0.31661 0.0125
6 -0.181666 -0.0723989 0.173066 0.0125
9 -0.159065 -0.0758069 0.237068 0.0125
2 -0.121244 -0.0845953 0.308578 0.0125
19 -0.0750894 -0.0944687 0.0294578 0.0125
8 -0.13876 -0.0756543 0.277829 0.0125
12 -0.0680083 -0.0363763 0.328665 0.0125
5 -0.0532281 -0.0203326 0.340288 0.0125
13 -0.0814701 -0.0824266 0.159064 0.0125
14 -0.079793 -0.0748822 0.117444 0.0125
15 -0.0813022 -0.0772442 0.0964358 0.0125
16 -0.0803954 -0.0780713 0.0752327 0.0125
17 -0.0792217 -0.0786994 0.0551544 0.0125
18 -0.0782077 -0.0797143 0.0348499 0.0125
1 -0.0774706 -0.0809906 0.0148752 0.0125
e_2_8 2 8 1 0.0125 -0.130001 -0.0801249 0.293203 0.280242 -0.483588 -0.829071 0.01573 0.0365
e_8_9 8 9 2 0.0125 -0.148913 -0.0757306 0.257449 0.228925 0.0386404 -0.972649 -0.00736788 0.045539
e_9_6 9 6 3 0.0125 -0.170365 -0.074103 0.205067 0.168745 0.000300458 -0.98533 -0.0255034 0.067961
e_2_10 2 10 1 0.0125 -0.115133 -0.0763447 0.312594 0.785503 -0.327199 0.459127 0.255202 0.022049
e_10_11 10 11 2 0.0125 -0.0964051 -0.0582341 0.320433 0.743021 -0.20378 0.585117 0.253044 0.032927
e_11_12 11 12 3 0.0125 -0.0758976 -0.0423745 0.32646 0.738146 -0.197196 0.593786 0.252335 0.020306
e_12_5 12 5 4 0.0125 -0.0606175 -0.0283547 0.334476 0.815962 -0.253133 0.448108 0.263304 0.024718
e_2_13 2 13 1 0.0125 -0.101357 -0.0835113 0.233821 0.0962787 0.624081 0.7705 0.0870754 0.154728
e_13_14 13 14 2 0.0125 -0.0806315 -0.0786544 0.138254 0.040057 -0.230371 0.968775 0.0824566 0.042332
e_14_15 14 15 3 0.0125 -0.0805473 -0.0760636 0.10694 0.0656658 0.905468 -0.419209 -0.00892745 0.021195
e_15_16 15 16 4 0.0125 -0.0808488 -0.0776577 0.0858337 0.0218524 0.992648 0.11753 0.0189357 0.021238
e_16_17 16 17 5 0.0125 -0.0798081 -0.0783851 0.065194 0.0212938 0.977919 0.206347 0.0253234 0.020123
e_17_18 17 18 6 0.0125 -0.0787145 -0.0792062 0.0450022 0.0279583 0.991049 0.128758 0.0214927 0.020355
e_18_1 18 1 7 0.0125 -0.0778391 -0.0803525 0.0248626 0.0327279 0.998174 0.0478816 0.0168568 0.020029
e_1_19 1 19 1 0.0125 -0.0762802 -0.0877293 0.022167 0.894989 0.366173 -0.0366275 0.252131 0.02
e_19_20 19 20 2 0.0125 -0.0759261 -0.102184 0.0357642 0.871383 0.400171 -0.156676 0.236658 0.02
e_20_21 20 21 3 0.0125 -0.0768249 -0.118871 0.0464867 0.819099 0.508792 -0.142565 0.223344 0.02
e_21_22 21 22 4 0.0125 -0.0772213 -0.136918 0.0550908 0.812928 0.514788 -0.159993 0.220325 0.02
e_22_4 22 4 5 0.0125 -0.0786305 -0.15536 0.0626115 0.789041 0.537395 -0.211151 0.20985 0.02
e_1_23 1 23 1 0.0125 -0.0661312 -0.0830453 0.0231738 0.847837 0.213928 0.402565 0.270829 0.028402
e_23_24 23 24 2 0.0125 -0.0461909 -0.0887943 0.0390826 0.861878 0.279601 0.326217 0.269391 0.024128
e_24_25 24 25 3 0.0125 -0.0284158 -0.0952289 0.0552658 0.871295 0.228238 0.338178 0.27274 0.025704
e_25_3 25 3 4 0.0125 -0.0111702 -0.0974628 0.0711215 0.870783 0.0984364 0.394618 0.276268 0.021765
20 20 19
3 -0.0274332 -0.231031 0.218417 0.0125
21 -0.04701 -0.23474 0.210839 0.0125
20 -0.0660092 -0.239202 0.202643 0.0125
19 -0.0828912 -0.246998 0.193044 0.0125
5 -0.106158 0.0954627 0.153308 0.0125
10 -0.101979 0.0670801 0.185846 0.0125
6 0.0245196 0.0570327 0.174693 0.0125
9 -0.104419 0.0450479 0.204906 0.0125
2 -0.11375 0.0284483 0.224588 0.0125
8 -0.0118282 0.0501746 0.183826 0.0125
11 -0.120777 -0.126055 0.194219 0.0125
12 -0.117318 -0.162324 0.190417 0.0125
13 -0.113308 -0.203995 0.186166 0.0125
14 -0.112165 -0.223605 0.180303 0.0125
15 -0.110281 -0.245303 0.173361 0.0125
1 -0.107763 -0.265459 0.173569 0.0125
18 -0.186011 -0.264965 0.177024 0.0125
16 -0.133061 -0.270622 0.17164 0.0125
17 -0.164481 -0.269119 0.172721 0.0125
4 -0.205822 -0.260591 0.177223 0.0125
e_2_8 2 8 1 0.0125 -0.0627898 0.0393118 0.204207 0.545942 -0.368401 0.7392 -0.140753 0.1119
e_8_6 8 6 2 0.0125 0.0063456 0.0536043 0.17926 0.602359 -0.307701 0.72469 -0.13156 0.0381
e_2_9 2 9 1 0.0125 -0.109084 0.0367482 0.214747 0.372588 -0.854752 0.358796 -0.0429289 0.027386
e_9_10 9 10 2 0.0125 -0.103199 0.0560647 0.195376 0.416559 -0.896668 0.148209 0.0223365 0.029234
e_10_5 10 5 3 0.0125 -0.104069 0.081271 0.169577 0.349198 -0.935394 0.00913427 0.054902 0.04338
e_2_11 2 11 1 0.0125 -0.117264 -0.0488036 0.209403 0.62763 0.756614 -0.154506 0.0987062 0.157617
e_11_12 11 12 2 0.0125 -0.119048 -0.14419 0.192318 0.666906 0.742862 0.00628449 0.0579087 0.03663
e_12_13 12 13 3 0.0125 -0.115313 -0.183159 0.188292 0.667937 0.741935 0.00714501 0.0577984 0.042079
e_13_14 13 14 4 0.0125 -0.112736 -0.2138 0.183235 0.594468 0.801144 -0.0341248 0.0600959 0.0205
e_14_15 14 15 5 0.0125 -0.111223 -0.234455 0.176832 0.588032 0.807364 0.00323674 0.0486934 0.022859
e_15_1 15 1 6 0.0125 -0.109022 -0.255381 0.173465 0.708499 0.702757 0.0317967 0.0561313 0.020314
e_1_16 1 16 1 0.0125 -0.120411 -0.268041 0.172605 0.622228 -0.156224 -0.716124 0.274941 0.025891
e_16_17 16 17 2 0.0125 -0.148771 -0.269871 0.172181 0.670524 -0.281814 -0.63515 0.259929 0.031474
e_17_18 17 18 3 0.0125 -0.175245 -0.267042 0.174872 0.73249 -0.311673 -0.553699 0.244409 0.022346
e_18_4 18 4 4 0.0125 -0.195917 -0.262777 0.177124 0.665606 -0.382621 -0.5905 0.248757 0.020289
e_1_19 1 19 1 0.0125 -0.0953271 -0.256229 0.183306 0.875268 -0.290817 0.38639 -0.00582005 0.036589
e_19_20 19 20 2 0.0125 -0.0744497 -0.2431 0.197843 0.853457 -0.235252 0.463992 -0.0312901 0.020927
e_20_21 20 21 3 0.0125 -0.0565095 -0.236971 0.206741 0.831087 -0.161104 0.529571 -0.053793 0.021167
e_21_3 21 3 4 0.0125 -0.0372216 -0.232885 0.214628 0.821025 -0.146398 0.54847 -0.0605493 0.021318
