20
1 27 26
3 -0.160397 -0.288722 0.00910306 0.0125
28 -0.220485 -0.248876 0.0374106 0.0125
4 -0.272069 -0.176729 0.113947 0.0125
27 -0.261911 -0.189555 0.102445 0.0125
26 -0.256537 -0.203029 0.0886761 0.0125
25 -0.250737 -0.217022 0.0756173 0.0125
24 -0.246042 -0.230243 0.0613626 0.0125
1 -0.239974 -0.242538 0.0468022 0.0125
23 -0.23989 -0.223999 0.0389448 0.0125
22 -0.243596 -0.204444 0.0356794 0.0125
21 -0.252906 -0.186941 0.0323594 0.0125
6 -0.174801 -0.0471719 0.025013 0.0125
11 -0.185565 -0.0303939 0.0185616 0.0125
10 -0.200476 -0.0171474 0.0155434 0.0125
9 -0.220023 -0.00713009 0.0123266 0.0125
2 -0.288741 0.0451685 0.0194593 0.0125
19 -0.272956 -0.144528 0.0274316 0.0125
8 -0.238653 0.00776455 0.0134881 0.0125
12 -0.308288 0.0456109 0.015251 0.0125
13 -0.328154 0.0468517 0.0172 0.0125
14 -0.348099 0.0457691 0.0182115 0.0125
15 -0.367855 0.0453107 0.0151279 0.0125
5 -0.387553 0.0463197 0.0118188 0.0125
16 -0.288852 0.0184388 0.0206825 0.0125
17 -0.289975 -0.04118 0.0238484 0.0125
18 -0.289906 -0.0772432 0.0213315 0.0125
20 -0.263114 -0.16944 0.0308066 0.0125
e_2_8 2 8 1 0.0125 -0.263697 0.0264665 0.0164737 0.55575 0.0318001 0.739281 -0.378939 0.062797
e_8_9 8 9 2 0.0125 -0.229338 0.000317643 0.0129071 0.566898 0.0495247 0.722393 -0.392838 0.023881
e_9_10 9 10 3 0.0125 -0.210249 -0.012139 0.0139346 0.66649 -0.012705 0.653751 -0.358104 0.022198
e_10_11 10 11 4 0.0125 -0.193021 -0.0237713 0.0170523 0.62842 0.0862055 0.646333 -0.424158 0.020172
e_11_6 11 6 5 0.0125 -0.180184 -0.0387829 0.0217872 0.639249 0.19685 0.554339 -0.495296 0.020952
e_2_12 2 12 1 0.0125 -0.298514 0.0453897 0.0173551 0.514749 0.431578 -0.647261 -0.360316 0.02
e_12_13 12 13 2 0.0125 -0.318221 0.0462313 0.0162255 0.724629 0.0981923 -0.664554 -0.15375 0.02
e_13_14 13 14 3 0.0125 -0.338126 0.0463111 0.017706 0.615713 0.394653 -0.564774 -0.38233 0.02
e_14_15 14 15 4 0.0125 -0.357977 0.0455401 0.0166701 0.391382 0.617141 -0.442966 -0.519364 0.02
e_15_5 15 5 5 0.0125 -0.377704 0.0458152 0.0134733 0.639165 -0.1489 -0.748713 0.0934143 0.02
e_2_16 2 16 1 0.0125 -0.288796 0.031804 0.0200706 0.416825 0.400549 0.562768 -0.590854 0.026758
e_16_17 16 17 2 0.0125 -0.289414 -0.0113706 0.0222654 0.417135 0.406107 0.55549 -0.593722 0.059713
e_17_18 17 18 3 0.0125 -0.28994 -0.0592113 0.0225905 0.363238 0.388279 0.61971 -0.577284 0.036151
e_18_19 18 19 4 0.0125 -0.281431 -0.110885 0.0243815 0.489933 0.311841 0.599142 -0.551135 0.069655
e_19_20 19 20 5 0.0125 -0.268035 -0.156984 0.0291183 0.532136 0.2652 0.605934 -0.52853 0.026998
e_20_21 20 21 6 0.0125 -0.25801 -0.17819 0.0315834 0.54326 0.204575 0.648021 -0.493038 0.02032
e_21_22 21 22 7 0.0125 -0.248251 -0.195692 0.0340198 0.570059 0.22427 0.605905 -0.507558 0.020101
e_22_23 22 23 8 0.0125 -0.241743 -0.214221 0.0373121 0.510091 0.336108 0.553267 -0.566335 0.020169
e_23_1 23 1 9 0.0125 -0.239932 -0.233269 0.0428733 0.584493 0.388843 0.392011 -0.594556 0.020136
e_1_24 1 24 1 0.0125 -0.243009 -0.236391 0.0540829 0.929475 -0.332271 -0.159964 0.00917375 0.02
e_24_25 24 25 2 0.0125 -0.248389 -0.223632 0.0684897 0.9251 -0.360241 -0.117811 0.0231977 0.02
e_25_26 25 26 3 0.0125 -0.253636 -0.210026 0.0821468 0.907102 -0.394552 -0.133569 0.0604456 0.02
e_26_27 26 27 4 0.0125 -0.259224 -0.196292 0.0955603 0.918 -0.372429 -0.130763 0.0383965 0.02
e_27_4 27 4 5 0.0125 -0.26699 -0.183142 0.108195 0.882826 -0.388595 -0.247837 0.0904965 0.02
e_1_28 1 28 1 0.0125 -0.230229 -0.245707 0.0421067 0.481283 -0.131227 0.831315 -0.245074 0.022543
e_28_3 28 3 2 0.0125 -0.190441 -0.268799 0.0232569 0.46046 -0.0233129 0.825946 -0.324416 0.077457
2 23 22
3 0.000836601 0.209985 0.0251603 0.0125
24 -0.00183026 0.190167 0.0254554 0.0125
23 0.00139212 0.170441 0.0261616 0.0125
22 0.00569044 0.151394 0.0218287 0.0125
21 0.0135731 0.133062 0.0204804 0.0125
4 -0.0254467 0.0606812 0.0883335 0.0125
20 -0.0135019 0.0736077 0.0683408 0.0125
10 -0.146203 0.168389 0.0202787 0.0125
5 -0.249425 0.13094 0.0592719 0.0125
6 -0.371066 0.288527 0.0769667 0.0125
9 -0.247926 0.16858 0.0395479 0.0125
2 -0.254418 0.219322 0.0133377 0.0125
19 -0.00373188 0.0855777 0.0516248 0.0125
8 -0.27202 0.228728 0.0254994 0.0125
11 -0.127852 0.160076 0.0205651 0.0125
12 -0.108959 0.153456 0.0195701 0.0125
13 -0.0910742 0.14522 0.0160492 0.0125
14 -0.073365 0.135965 0.0169284 0.0125
15 -0.0560903 0.125947 0.0158102 0.0125
16 -0.0386263 0.116599 0.0130511 0.0125
17 -0.0190502 0.11262 0.0120768 0.0125
18 0.000853826 0.113816 0.0136302 0.0125
1 0.0204037 0.114457 0.0178031 0.0125
e_2_8 2 8 1 0.0125 -0.263219 0.224025 0.0194179 0.786896 -0.394308 -0.290409 0.37547 0.023371
e_8_6 8 6 2 0.0125 -0.321543 0.258628 0.0512331 0.753083 -0.45802 -0.294949 0.368902 0.126629
e_2_9 2 9 1 0.0125 -0.251173 0.193951 0.0264433 0.806968 0.510771 -0.105431 0.277129 0.057479
e_9_5 9 5 2 0.0125 -0.248676 0.14976 0.0494098 0.759956 0.450088 -0.255907 0.392936 0.042521
e_2_10 2 10 1 0.0125 -0.20031 0.193856 0.0168076 0.554603 -0.178861 0.662603 -0.470512 0.119803
e_10_11 10 11 2 0.0125 -0.137028 0.164233 0.0204215 0.523775 -0.220174 0.666645 -0.48246 0.020148
e_11_12 11 12 3 0.0125 -0.118406 0.156766 0.0200672 0.49053 -0.309884 0.654828 -0.484306 0.020045
e_12_13 12 13 4 0.0125 -0.100016 0.149338 0.0178095 0.374587 -0.37841 0.666942 -0.521228 0.020003
e_13_14 13 14 5 0.0125 -0.0822195 0.140592 0.0164882 0.540336 -0.167285 0.670849 -0.479599 0.020001
e_14_15 14 15 6 0.0125 -0.0647276 0.130956 0.0163693 0.454053 -0.230809 0.688972 -0.515636 0.020001
e_15_16 15 16 7 0.0125 -0.0473578 0.121273 0.01443 0.390927 -0.322333 0.681961 -0.527453 0.02
e_16_17 16 17 8 0.0125 -0.0288381 0.114609 0.0125643 0.515373 -0.36378 0.626109 -0.458304 0.02
e_17_18 17 18 9 0.0125 -0.00909784 0.113219 0.0128535 0.62781 -0.386102 0.558659 -0.380367 0.02
e_18_1 18 1 10 0.0125 0.010629 0.114137 0.0157162 0.691341 -0.305807 0.549683 -0.355497 0.02
e_1_19 1 19 1 0.0125 0.00833545 0.100017 0.034714 0.77219 0.124706 -0.38762 0.487773 0.050601
e_19_20 19 20 2 0.0125 -0.00861678 0.0795922 0.0599827 0.812739 0.133915 -0.338959 0.454565 0.022763
e_20_4 20 4 3 0.0125 -0.0194745 0.0671449 0.0783373 0.819608 0.111644 -0.335025 0.451151 0.026636
e_1_21 1 21 1 0.0125 0.0169884 0.12376 0.0191417 0.733425 -0.653057 -0.0811596 0.170345 0.02
e_21_22 21 22 2 0.0125 0.00963118 0.142229 0.0211547 0.7072 -0.674925 -0.103752 0.183251 0.02
e_22_23 22 23 3 0.0125 0.00354181 0.160917 0.0239945 0.768164 -0.625133 -0.0299914 0.135029 0.02
e_23_24 23 24 4 0.0125 -0.000218464 0.180303 0.0258084 0.687368 -0.719362 -0.0132515 0.0993358 0.02
e_24_3 24 3 5 0.0125 -0.00049683 0.200076 0.0253078 0.70186 -0.705143 0.100668 0.00563985 0.02
3 24 23
3 -0.221401 0.0681137 0.0361046 0.0125
25 -0.195314 0.0325618 0.0412178 0.0125
24 -0.180651 0.0130292 0.0478177 0.0125
4 -0.201501 0.076597 0.016865 0.0125
23 -0.190699 0.0528201 0.0281559 0.0125
22 -0.180892 0.0306011 0.0368786 0.0125
1 -0.156486 -0.00441892 0.053319 0.0125
21 -0.140012 0.00613543 0.0480199 0.0125
12 0.0878731 -0.0126296 0.0152556 0.0125
11 0.0946486 0.00878485 0.0128071 0.0125
10 0.0994061 0.0309065 0.0141082 0.0125
9 0.103355 0.0542103 0.0150129 0.0125
2 0.112531 0.113512 0.0189467 0.0125
19 -0.10803 0.0255423 0.0319145 0.0125
8 0.111628 0.0938626 0.0137268 0.0125
6 0.0791224 -0.0308364 0.0146187 0.0125
13 0.0712871 0.132496 0.0354221 0.0125
14 0.052866 0.139654 0.0408856 0.0125
5 0.022461 0.146569 0.0418468 0.0125
15 0.0611187 0.0878127 0.0240006 0.0125
16 -0.0112281 0.0624688 0.0259458 0.0125
17 -0.0663056 0.0428459 0.0239687 0.0125
18 -0.0879991 0.0323386 0.0280094 0.0125
20 -0.125326 0.0169969 0.0393205 0.0125
e_2_8 2 8 1 0.0125 0.112079 0.103687 0.0163363 0.609511 0.790618 -0.0564007 0.0154444 0.020351
e_8_9 8 9 2 0.0125 0.107491 0.0740361 0.0143693 0.718156 0.678833 -0.152682 0.0111651 0.040527
e_9_10 9 10 3 0.0125 0.101381 0.0425581 0.0145606 0.693377 0.708482 -0.131046 0.0104133 0.023653
e_10_11 10 11 4 0.0125 0.0970277 0.019846 0.0134578 0.686449 0.712728 -0.143988 -0.0085666 0.022664
e_11_12 11 12 5 0.0125 0.0912612 -0.00192272 0.0140314 0.744411 0.638314 -0.195873 -0.00646964 0.022595
e_12_6 12 6 6 0.0125 0.0834978 -0.0217337 0.014937 0.690579 0.680661 -0.229044 -0.0856768 0.02021
e_2_13 2 13 1 0.0125 0.0919088 0.123004 0.0271849 0.818113 -0.217282 -0.531255 -0.0353148 0.0483
e_13_14 13 14 2 0.0125 0.0620768 0.136074 0.0381544 0.777266 -0.0933191 -0.598393 -0.17051 0.020504
e_14_5 14 5 3 0.0125 0.0376635 0.143111 0.0413661 0.555639 0.310375 -0.623098 -0.454622 0.031196
e_2_15 2 15 1 0.0125 0.0868242 0.100663 0.0214741 0.687863 0.499447 -0.454706 -0.26578 0.057699
e_15_16 15 16 2 0.0125 0.0249453 0.0751408 0.0249732 0.638213 0.504391 -0.482607 -0.324599 0.076682
e_16_17 16 17 3 0.0125 -0.0387662 0.0526574 0.0249574 0.604457 0.544174 -0.469855 -0.343137 0.058502
e_17_18 17 18 4 0.0125 -0.0771527 0.0375926 0.025989 0.725105 0.449172 -0.464322 -0.238479 0.024441
e_18_19 18 19 5 0.0125 -0.098015 0.0289409 0.0299614 0.72302 0.398888 -0.50012 -0.260788 0.02151
e_19_20 19 20 6 0.0125 -0.116679 0.0212697 0.0356169 0.811464 0.335731 -0.456163 -0.143965 0.020664
e_20_21 20 21 7 0.0125 -0.132669 0.0115666 0.0436697 0.842395 0.353449 -0.400094 -0.0732812 0.020232
e_21_1 21 1 8 0.0125 -0.148249 0.000858596 0.0506694 0.776267 0.428477 -0.430909 -0.167731 0.02027
e_1_22 1 22 1 0.0125 -0.168689 0.0130915 0.0450989 -0.560977 0.608167 0.556636 0.0747902 0.045742
e_22_23 22 23 2 0.0125 -0.185795 0.0417107 0.0325168 -0.477788 0.437455 0.691121 0.320473 0.025806
e_23_4 23 4 3 0.0125 -0.1961 0.0647086 0.02251 -0.48748 0.516231 0.657208 0.252876 0.028452
e_1_24 1 24 1 0.0125 -0.168568 0.00430508 0.0505688 -0.17848 0.72394 -0.258207 -0.614316 0.030309
e_24_25 24 25 2 0.0125 -0.187982 0.0227948 0.0445176 -0.595997 0.528586 0.592474 0.119828 0.025299
e_25_3 25 3 3 0.0125 -0.208357 0.0503381 0.0386613 -0.505165 0.169859 0.727144 0.432686 0.044392
4 24 23
3 0.0313142 -0.111898 0.0824132 0.0125
25 0.050109 -0.117957 0.0792447 0.0125
24 0.0687403 -0.124574 0.0762286 0.0125
23 0.0853947 -0.132935 0.0689679 0.0125
22 0.102376 -0.142163 0.0638201 0.0125
4 0.0613786 -0.215386 0.0114758 0.0125
21 0.0747132 -0.189386 0.0273162 0.0125
20 0.0873327 -0.1767 0.037119 0.0125
11 0.376673 -0.075241 0.0317408 0.0125
10 0.366873 -0.0253647 0.0170303 0.0125
6 0.227252 0.0622231 0.0131042 0.0125
9 0.245644 0.0519412 0.0118918 0.0125
2 0.363086 -0.000944765 0.0114905 0.0125
19 0.138708 -0.148974 0.054593 0.0125
8 0.263632 0.0425608 0.013185 0.0125
5 0.379324 -0.0966538 0.0345538 0.0125
12 0.306497 -0.0566663 0.0382681 0.0125
13 0.280979 -0.0774398 0.0395158 0.0125
14 0.241865 -0.107135 0.0370689 0.0125
15 0.214419 -0.119751 0.0392648 0.0125
16 0.196948 -0.1318 0.0426688 0.0125
17 0.17732 -0.139225 0.0485267 0.0125
18 0.158185 -0.146062 0.0505874 0.0125
1 0.119417 -0.151558 0.0592018 0.0125
e_2_8 2 8 1 0.0125 0.313359 0.0208084 0.0123372 -0.460541 0.672206 0.200839 -0.543788 0.108567
e_8_9 8 9 2 0.0125 0.254638 0.047251 0.0125384 -0.684238 0.337056 0.646693 0.000144186 0.020329
e_9_6 9 6 3 0.0125 0.236448 0.0570819 0.0124975 -0.23326 -0.460069 0.509503 0.688718 0.021105
e_2_10 2 10 1 0.0125 0.36498 -0.0131549 0.0142604 0.77766 0.623616 0.041693 0.0678945 0.025326
e_10_11 10 11 2 0.0125 0.371773 -0.0503033 0.0243851 0.793532 0.599231 0.0438307 0.0964826 0.052915
e_11_5 11 5 3 0.0125 0.377998 -0.0859476 0.0331474 0.750577 0.657932 0.0497533 0.035834 0.021759
e_2_12 2 12 1 0.0125 0.334792 -0.0288053 0.0248793 0.791123 0.492797 -0.312095 -0.184043 0.083811
e_12_13 12 13 2 0.0125 0.293738 -0.0670535 0.0388915 0.636902 0.638464 -0.270964 -0.336598 0.032928
e_13_14 13 14 3 0.0125 0.261422 -0.0922877 0.0382919 0.577709 0.681926 -0.244649 -0.375999 0.04917
e_14_15 14 15 4 0.0125 0.228142 -0.113443 0.0381673 0.614297 0.575394 -0.364246 -0.398604 0.030286
e_15_16 15 16 5 0.0125 0.205684 -0.125775 0.0409668 0.695338 0.553556 -0.338212 -0.309344 0.021495
e_16_17 16 17 6 0.0125 0.187134 -0.135512 0.0455977 0.742786 0.403659 -0.450138 -0.287582 0.021787
e_17_18 17 18 7 0.0125 0.167752 -0.142644 0.0495565 0.620695 0.534646 -0.404611 -0.406426 0.020425
e_18_19 18 19 8 0.0125 0.148447 -0.147518 0.0525897 0.685132 0.374396 -0.510065 -0.36091 0.020096
e_19_1 19 1 9 0.0125 0.129063 -0.150265 0.0568973 0.711872 0.332879 -0.523441 -0.329302 0.020003
e_1_20 1 20 1 0.0125 0.103374 -0.164129 0.0481599 0.311327 0.85912 0.00910234 -0.406086 0.046359
e_20_21 20 21 2 0.0125 0.0810227 -0.183043 0.0322176 0.351608 0.860054 0.0230153 -0.368985 0.020403
e_21_4 21 4 3 0.0125 0.0680459 -0.202386 0.0193955 0.434519 0.856345 0.0704769 -0.27 0.033238
e_1_22 1 22 1 0.0125 0.110896 -0.14686 0.0615109 0.487374 -0.611537 -0.10275 0.614761 0.02
e_22_23 22 23 2 0.0125 0.0938846 -0.137549 0.0663936 0.533962 -0.591724 -0.145496 0.586156 0.02
e_23_24 23 24 3 0.0125 0.0770668 -0.128755 0.0725979 0.660078 -0.505352 -0.251197 0.495799 0.02
e_24_25 24 25 4 0.0125 0.0594242 -0.121265 0.0777367 0.75724 -0.181753 -0.625761 -0.04446 0.02
e_25_3 25 3 5 0.0125 0.0407118 -0.114927 0.0808284 0.750891 -0.095731 -0.641572 -0.124026 0.02
5 21 20
3 0.0303696 0.168023 0.0282553 0.0125
22 0.0334321 0.187399 0.0380251 0.0125
21 0.0368263 0.20927 0.0482948 0.0125
4 0.0608801 0.27872 0.168875 0.0125
20 0.0588224 0.271232 0.147328 0.0125
11 -0.174876 0.101545 0.0419898 0.0125
10 -0.181259 0.0850901 0.0513956 0.0125
6 -0.309938 0.148466 0.0881675 0.0125
9 -0.293216 0.136296 0.0889753 0.0125
2 -0.186879 0.0683983 0.0608728 0.0125
19 0.0532452 0.26521 0.128035 0.0125
8 -0.229959 0.0960498 0.073999 0.0125
12 -0.169447 0.118063 0.0321076 0.0125
13 -0.160874 0.133638 0.0229424 0.0125
5 -0.149554 0.145464 0.0114546 0.0125
14 -0.0722781 0.145214 0.0861628 0.0125
15 -0.0430407 0.176786 0.0956907 0.0125
16 -0.0115466 0.200984 0.0937176 0.0125
17 0.0219349 0.240225 0.0825072 0.0125
1 0.0380116 0.255391 0.0757478 0.0125
18 0.0451142 0.254884 0.0974337 0.0125
e_2_8 2 8 1 0.0125 -0.208418 0.0822241 0.0674357 0.782214 -0.400371 -0.464229 0.111066 0.052847
e_8_9 8 9 2 0.0125 -0.261588 0.116173 0.0814877 0.765005 -0.414722 -0.479655 0.112715 0.076456
e_9_6 9 6 3 0.0125 -0.301577 0.142381 0.088571 0.679671 -0.530336 -0.488113 0.136152 0.020697
e_2_10 2 10 1 0.0125 -0.184069 0.0767436 0.0561343 0.465359 -0.622994 0.590602 0.21566 0.02
e_10_11 10 11 2 0.0125 -0.178067 0.0933178 0.0466927 0.469066 -0.600988 0.611516 0.211752 0.02
e_11_12 11 12 3 0.0125 -0.17216 0.109805 0.037049 0.454161 -0.625524 0.596469 0.21606 0.02
e_12_13 12 13 4 0.0125 -0.165161 0.12585 0.0275256 0.480816 -0.533508 0.666707 0.199217 0.02
e_13_5 13 5 5 0.0125 -0.155215 0.139551 0.0171988 0.430237 -0.376463 0.803414 0.166425 0.02
e_2_14 2 14 1 0.0125 -0.129579 0.106806 0.073518 0.755378 -0.253687 0.587784 0.139847 0.140262
e_14_15 14 15 2 0.0125 -0.0576594 0.161 0.0909267 0.762813 -0.361011 0.511447 0.161892 0.044073
e_15_16 15 16 3 0.0125 -0.0272937 0.188885 0.0947042 0.672341 -0.30367 0.657715 0.152165 0.039766
e_16_17 16 17 4 0.0125 0.00519416 0.220604 0.0881124 0.601793 -0.424701 0.652545 0.17793 0.052788
e_17_1 17 1 5 0.0125 0.0299731 0.247808 0.079127 0.571167 -0.366576 0.715441 0.165936 0.023112
e_1_18 1 18 1 0.0125 0.0415622 0.255137 0.0865905 0.985778 0.0203763 0.156656 0.0573212 0.022825
e_18_19 18 19 2 0.0125 0.0491797 0.260047 0.112735 0.974734 -0.145228 0.139611 0.0964956 0.033305
e_19_20 19 20 3 0.0125 0.0560332 0.268221 0.137682 0.97532 -0.132848 0.149171 0.0940773 0.020967
e_20_4 20 4 4 0.0125 0.0598507 0.274976 0.158102 0.980422 -0.160723 0.0615131 0.0956915 0.022904
e_1_21 1 21 1 0.0125 0.0374186 0.23233 0.0620215 0.466767 0.827978 0.264829 -0.162626 0.053687
e_21_22 21 22 2 0.0125 0.035129 0.198334 0.0431594 0.510856 0.831349 0.138948 -0.169054 0.024399
e_22_3 22 3 3 0.0125 0.0319008 0.177711 0.0331403 0.497928 0.837464 0.146854 -0.170751 0.021914
6 26 25
3 0.0481004 -0.183213 0.0118145 0.0125
27 0.0338952 -0.159969 0.0211705 0.0125
26 0.0185864 -0.142658 0.0240493 0.0125
25 0.00319366 -0.129445 0.0293131 0.0125
4 -0.0641042 -0.0325356 0.0125132 0.0125
24 -0.0491302 -0.0455349 0.0151218 0.0125
23 -0.034291 -0.0587334 0.0174893 0.0125
22 -0.0241459 -0.0756468 0.0208113 0.0125
21 -0.0173557 -0.0932367 0.0274795 0.0125
1 -0.0154806 -0.111213 0.0360428 0.0125
12 0.316112 0.00453413 0.0496902 0.0125
11 0.29878 0.00847115 0.060371 0.0125
10 0.285028 0.0106972 0.0769526 0.0125
9 0.271409 0.012822 0.0928568 0.0125
2 0.23146 0.00921442 0.141704 0.0125
19 0.0168954 -0.0976835 0.0575597 0.0125
8 0.259058 0.015321 0.109571 0.0125
6 0.332897 0.00277985 0.0343106 0.0125
13 0.245931 0.0330123 0.124783 0.0125
5 0.287378 0.0744753 0.0915086 0.0125
14 0.190904 -0.0233603 0.137045 0.0125
15 0.105203 -0.0583923 0.110191 0.0125
16 0.0846595 -0.0687392 0.0980342 0.0125
17 0.0597733 -0.0794619 0.0847939 0.0125
18 0.0391981 -0.0871814 0.0720678 0.0125
20 0.000898414 -0.105196 0.04722 0.0125
e_2_8 2 8 1 0.0125 0.245259 0.0122681 0.125638 0.24275 0.524144 0.775045 0.256226 0.042795
e_8_9 8 9 2 0.0125 0.265233 0.0140718 0.101214 0.260726 0.684561 0.656218 0.181039 0.020933
e_9_10 9 10 3 0.0125 0.278219 0.0117597 0.0849053 0.28716 0.646438 0.678203 0.199245 0.021046
e_10_11 10 11 4 0.0125 0.291904 0.00958349 0.0686618 0.280693 0.653929 0.674698 0.195885 0.021657
e_11_12 11 12 5 0.0125 0.307446 0.00650231 0.0550309 0.438318 0.558374 0.667641 0.224392 0.020736
e_12_6 12 6 6 0.0125 0.324504 0.00365685 0.0420005 0.335705 0.585163 0.703118 0.224747 0.022833
e_2_13 2 13 1 0.0125 0.238696 0.0211132 0.133244 0.283951 -0.0620927 0.869338 0.39971 0.03259
e_13_5 13 5 2 0.0125 0.266655 0.0537436 0.108146 0.329801 0.0608237 0.862036 0.380033 0.06741
e_2_14 2 14 1 0.0125 0.211182 -0.00707339 0.139375 0.640784 0.619264 -0.401393 -0.211642 0.052227
e_14_15 14 15 2 0.0125 0.148054 -0.0408761 0.123618 0.536343 0.603226 -0.524793 -0.270273 0.0964
e_15_16 15 16 3 0.0125 0.0949314 -0.0635654 0.104113 0.439867 0.728524 -0.450417 -0.26999 0.026017
e_16_17 16 17 4 0.0125 0.0722162 -0.0741006 0.0914133 0.450652 0.694841 -0.486519 -0.278223 0.030161
e_17_18 17 18 5 0.0125 0.0494857 -0.0833217 0.0784308 0.408861 0.71496 -0.489287 -0.286816 0.025394
e_18_19 18 19 6 0.0125 0.0280474 -0.0924323 0.0648143 0.413518 0.742567 -0.449659 -0.274597 0.028604
e_19_20 19 20 7 0.0125 0.00889695 -0.10144 0.0523895 0.414756 0.741034 -0.450948 -0.274756 0.020476
e_20_1 20 1 8 0.0125 -0.00729109 -0.108204 0.0416314 0.383976 0.736038 -0.47743 -0.287873 0.020722
e_1_21 1 21 1 0.0125 -0.0164186 -0.102225 0.0317609 0.390898 -0.674257 0.509385 0.364834 0.02
e_21_22 21 22 2 0.0125 -0.0207505 -0.0844413 0.0241449 0.552813 -0.814161 -0.0619557 0.166438 0.02
e_22_23 22 23 3 0.0125 -0.0292187 -0.0671894 0.0191503 0.645344 -0.66772 -0.37041 0.0218482 0.02
e_23_24 23 24 4 0.0125 -0.041711 -0.0521346 0.0163053 0.646724 -0.357655 -0.656703 -0.150238 0.02
e_24_4 24 4 5 0.0125 -0.0566172 -0.0390356 0.0138171 0.639856 -0.341154 -0.669957 -0.159237 0.02
e_1_25 1 25 1 0.0125 -0.00614391 -0.120329 0.0326777 0.599108 0.657758 0.438408 0.127369 0.026952
e_25_26 25 26 2 0.0125 0.0108901 -0.136052 0.0266809 0.595386 0.639749 0.465081 0.141197 0.020958
e_26_27 26 27 3 0.0125 0.0262403 -0.151313 0.0226104 0.65178 0.63961 0.390766 0.115687 0.023288
e_27_3 27 3 4 0.0125 0.0409975 -0.171591 0.0164933 0.576845 0.740234 0.338345 0.0694742 0.028802
7 19 18
3 -0.193875 -0.0873132 0.0493718 0.0125
20 -0.157746 -0.14058 0.0201166 0.0125
4 -0.063066 -0.194072 0.0709968 0.0125
11 0.119274 -0.071836 0.162567 0.0125
6 -0.0167958 -0.0610501 0.0710734 0.0125
10 0.00276259 -0.0644577 0.0750119 0.0125
9 0.0237295 -0.0656098 0.0819214 0.0125
2 0.102922 -0.0644828 0.153706 0.0125
19 -0.0798735 -0.1846 0.0569033 0.0125
8 0.0497854 -0.0622915 0.0988408 0.0125
12 0.134966 -0.0812503 0.170639 0.0125
13 0.15191 -0.0890884 0.177812 0.0125
14 0.170442 -0.0961049 0.180521 0.0125
5 0.188743 -0.101873 0.18616 0.0125
15 0.0279812 -0.0964002 0.108335 0.0125
16 -0.045957 -0.141269 0.0761707 0.0125
17 -0.0703297 -0.153783 0.0627458 0.0125
18 -0.104932 -0.163009 0.0333482 0.0125
1 -0.135971 -0.158645 0.0124992 0.0125
e_2_8 2 8 1 0.0125 0.0763533 -0.0633876 0.126274 -0.10536 0.899554 0.223209 -0.360388 0.07641
e_8_9 8 9 2 0.0125 0.0367569 -0.0639502 0.0903813 0.184111 0.846576 -0.232533 -0.441972 0.031244
e_9_10 9 10 3 0.0125 0.0132457 -0.0650339 0.0784672 0.464142 0.459028 -0.667511 -0.358182 0.022106
e_10_6 10 6 4 0.0125 -0.00701686 -0.0627543 0.0730428 0.614142 0.0633109 -0.77025 -0.159799 0.02024
e_2_11 2 11 1 0.0125 0.111098 -0.0681594 0.158137 0.787529 0.381014 0.365085 0.31834 0.02
e_11_12 11 12 2 0.0125 0.127121 -0.0765427 0.166603 0.78702 0.424367 0.34371 0.287013 0.02
e_12_13 12 13 3 0.0125 0.143438 -0.0851692 0.174225 0.765184 0.411733 0.388763 0.306323 0.02
e_13_14 13 14 4 0.0125 0.161176 -0.0925967 0.179166 0.6924 0.456419 0.473266 0.297124 0.02
e_14_5 14 5 5 0.0125 0.179592 -0.0989886 0.18334 0.730486 0.398227 0.447709 0.327662 0.02
e_2_15 2 15 1 0.0125 0.0654521 -0.0804413 0.131021 0.329789 0.82206 -0.259856 -0.38462 0.093238
e_15_16 15 16 2 0.0125 -0.00898757 -0.118834 0.0922524 0.465842 0.75327 -0.326915 -0.329699 0.092275
e_16_17 16 17 3 0.0125 -0.0581433 -0.147526 0.0694578 0.384856 0.799944 -0.283013 -0.363152 0.03051
e_17_18 17 18 4 0.0125 -0.0876311 -0.158396 0.0480468 0.13984 0.901632 -0.0656422 -0.403975 0.046332
e_18_1 18 1 5 0.0125 -0.120452 -0.160827 0.0229243 -0.00741097 0.874657 -0.108993 -0.472272 0.037646
e_1_19 1 19 1 0.0125 -0.107923 -0.171622 0.0347015 0.825745 0.332136 0.313003 0.331451 0.076108
e_19_4 19 4 2 0.0125 -0.0714698 -0.189336 0.0639501 0.833716 0.347709 0.29009 0.316011 0.023892
e_1_20 1 20 1 0.0125 -0.146859 -0.149613 0.0163081 0.641928 -0.589457 -0.150178 0.466814 0.0293
e_20_3 20 3 2 0.0125 -0.17581 -0.113946 0.0347446 0.640474 -0.538191 0.0587747 0.544692 0.0707
8 22 21
3 0.0668197 0.0351365 0.137496 0.0125
23 0.0559109 0.0358161 0.120569 0.0125
22 0.0480378 0.0423313 0.101933 0.0125
21 0.0384816 0.0530097 0.0875952 0.0125
4 -0.0171926 0.13221 0.131945 0.0125
20 -0.00171042 0.118198 0.103772 0.0125
11 -0.00250093 -0.190781 0.0679681 0.0125
10 -0.0190711 -0.188674 0.0846226 0.0125
6 -0.143943 -0.0855331 0.149072 0.0125
9 -0.0350758 -0.193567 0.0980674 0.0125
2 -0.0578171 -0.203946 0.120846 0.0125
19 0.016445 0.0559247 0.0597935 0.0125
8 -0.0800367 -0.184214 0.127895 0.0125
5 0.012287 -0.192375 0.0529661 0.0125
12 -0.0264888 -0.096159 0.102572 0.0125
13 -0.0239482 -0.0712495 0.0974551 0.0125
14 -0.0218623 -0.0489381 0.0931192 0.0125
15 -0.0108157 -0.0164724 0.0826873 0.0125
16 -0.00478544 0.00245379 0.0731312 0.0125
17 0.00106541 0.0195295 0.0645102 0.0125
18 0.00737537 0.038121 0.0606898 0.0125
1 0.0217405 0.0751616 0.0611788 0.0125
e_2_8 2 8 1 0.0125 -0.0689266 -0.194079 0.12437 0.754309 -0.268593 -0.558969 -0.215473 0.030541
e_8_6 8 6 2 0.0125 -0.11199 -0.134873 0.138484 0.711935 -0.369597 -0.524178 -0.28598 0.119459
e_2_9 2 9 1 0.0125 -0.0464463 -0.198756 0.109457 -0.0453492 -0.784278 -0.470815 -0.401478 0.033819
e_9_10 9 10 2 0.0125 -0.0270734 -0.191121 0.091345 -0.0749475 -0.803601 -0.409129 -0.425702 0.021467
e_10_11 10 11 3 0.0125 -0.0107861 -0.189728 0.0762959 -0.275935 -0.719885 -0.578612 -0.266146 0.023587
e_11_5 11 5 4 0.0125 0.00489304 -0.191578 0.0604671 -0.268192 -0.722336 -0.577312 -0.270213 0.021126
e_2_12 2 12 1 0.0125 -0.0421532 -0.150053 0.111709 0.449359 -0.660582 -0.379441 -0.466618 0.113725
e_12_13 12 13 2 0.0125 -0.0252179 -0.0837041 0.100013 0.469546 -0.62489 -0.45783 -0.423593 0.025556
e_13_14 13 14 3 0.0125 -0.0229047 -0.0600941 0.0952875 0.475473 -0.621511 -0.456854 -0.423006 0.022824
e_14_15 14 15 4 0.0125 -0.0163385 -0.0327056 0.0879036 0.382019 -0.686537 -0.417343 -0.456675 0.035845
e_15_16 15 16 5 0.0125 -0.00780017 -0.00700961 0.0779091 0.321275 -0.691858 -0.487957 -0.42428 0.022044
e_16_17 16 17 6 0.0125 -0.00186024 0.0109919 0.0688213 0.317305 -0.696392 -0.480121 -0.428765 0.020003
e_17_18 17 18 7 0.0125 0.00422093 0.0288249 0.0626003 0.426693 -0.674194 -0.37546 -0.47162 0.020001
e_18_19 18 19 8 0.0125 0.0119103 0.0470221 0.0602416 0.461524 -0.674299 -0.26026 -0.514375 0.020001
e_19_1 19 1 9 0.0125 0.0190932 0.0655429 0.060486 0.549203 -0.613546 -0.298219 -0.482704 0.020001
e_1_20 1 20 1 0.0125 0.0100148 0.0966808 0.0824752 0.853359 -0.272659 -0.312529 -0.31585 0.064933
e_20_4 20 4 2 0.0125 -0.0094518 0.125204 0.117859 0.916206 -0.141909 -0.279579 -0.249527 0.035067
e_1_21 1 21 1 0.0125 0.0301115 0.064086 0.0743874 0.912111 0.282957 0.274406 -0.112649 0.038325
e_21_22 21 22 2 0.0125 0.0432601 0.0476709 0.0947647 0.911734 0.239974 0.297906 -0.149683 0.020271
e_22_23 22 23 3 0.0125 0.0519737 0.0390736 0.111252 0.941658 0.10894 0.222988 -0.227351 0.021254
e_23_3 23 3 4 0.0125 0.0613648 0.0354761 0.129033 0.885982 -0.0919018 0.26743 -0.36752 0.02015
9 22 21
3 -0.0638513 -0.283516 0.081208 0.0125
23 -0.0738228 -0.255435 0.115326 0.0125
22 -0.0794621 -0.233151 0.138378 0.0125
4 -0.0047695 -0.286276 0.164723 0.0125
21 -0.0201489 -0.270181 0.163192 0.0125
20 -0.0389839 -0.255982 0.162133 0.0125
11 0.189959 -0.0857335 0.0558614 0.0125
10 0.186531 -0.109845 0.0643379 0.0125
6 0.210894 -0.0655592 0.200725 0.0125
9 0.21274 -0.0875272 0.16992 0.0125
2 0.186517 -0.132965 0.072209 0.0125
19 -0.0544851 -0.239002 0.159306 0.0125
8 0.207393 -0.104211 0.150424 0.0125
12 0.192616 -0.0645465 0.0474676 0.0125
5 0.196812 -0.0401148 0.0371598 0.0125
13 0.0947204 -0.136569 0.0921142 0.0125
14 0.0645109 -0.140442 0.10034 0.0125
15 0.0391874 -0.147907 0.10503 0.0125
16 0.00218056 -0.160735 0.115896 0.0125
17 -0.0275298 -0.180647 0.131564 0.0125
18 -0.0623402 -0.204619 0.150593 0.0125
1 -0.0777233 -0.219011 0.155335 0.0125
e_2_8 2 8 1 0.0125 0.196955 -0.118588 0.111316 0.971847 -0.183445 0.105462 -0.103632 0.085908
e_8_9 8 9 2 0.0125 0.210067 -0.0958691 0.160173 0.913485 -0.35606 0.0362178 -0.193529 0.026212
e_9_6 9 6 3 0.0125 0.211817 -0.0765433 0.185323 0.897902 -0.278672 -0.125459 -0.316817 0.037881
e_2_10 2 10 1 0.0125 0.186525 -0.121404 0.0682729 -0.260666 0.363666 -0.727255 -0.520481 0.024423
e_10_11 10 11 2 0.0125 0.188246 -0.09779 0.0600992 -0.395948 0.467742 -0.667502 -0.422946 0.025786
e_11_12 11 12 3 0.0125 0.191287 -0.0751393 0.0516644 -0.401958 0.513337 -0.647617 -0.394344 0.022944
e_12_5 12 5 4 0.0125 0.194714 -0.0523306 0.0423137 -0.448941 0.580393 -0.595921 -0.326303 0.026847
e_2_13 2 13 1 0.0125 0.140619 -0.134767 0.0821612 0.632213 0.385956 -0.495135 -0.454077 0.093999
e_13_14 13 14 2 0.0125 0.0796161 -0.138506 0.0962266 0.666724 0.392343 -0.46444 -0.431094 0.031548
e_14_15 14 15 3 0.0125 0.0518498 -0.144174 0.102685 0.65999 0.469632 -0.438151 -0.389722 0.026814
e_15_16 15 16 4 0.0125 0.0206847 -0.154321 0.110463 0.701212 0.4453 -0.40993 -0.376785 0.040646
e_16_17 16 17 5 0.0125 -0.0126751 -0.170691 0.123731 0.780147 0.448616 -0.31324 -0.303306 0.039048
e_17_18 17 18 6 0.0125 -0.0449355 -0.192633 0.141079 0.784546 0.447164 -0.307865 -0.299584 0.046352
e_18_1 18 1 7 0.0125 -0.0700317 -0.211815 0.152964 0.738144 0.552254 -0.29192 -0.254837 0.021593
e_1_19 1 19 1 0.0125 -0.0661046 -0.229007 0.15732 0.695555 0.587589 0.300831 0.283624 0.030911
e_19_20 19 20 2 0.0125 -0.0467345 -0.247492 0.16072 0.706297 0.610108 0.258355 0.24933 0.023164
e_20_21 20 21 3 0.0125 -0.0295659 -0.263082 0.162663 0.65208 0.613351 0.31838 0.311811 0.023611
e_21_4 21 4 4 0.0125 -0.0124587 -0.278228 0.163957 0.682418 0.629567 0.263366 0.261894 0.022314
e_1_22 1 22 1 0.0125 -0.0785927 -0.226081 0.146857 0.342026 0.927011 -0.153192 0.014188 0.022147
e_22_23 22 23 2 0.0125 -0.0766417 -0.244293 0.126851 0.36595 0.923293 -0.0399122 0.109623 0.032554
e_23_3 23 3 3 0.0125 -0.068837 -0.269476 0.0982663 0.327197 0.935799 -0.029415 0.127895 0.045298
10 21 20
3 0.0172529 -0.199852 0.0132259 0.0125
22 0.0450641 -0.208706 0.0314932 0.0125
4 0.1113 -0.181786 0.144338 0.0125
21 0.10044 -0.222753 0.079315 0.0125
1 0.0965879 -0.235877 0.0615975 0.0125
11 0.241414 0.0168555 0.0677409 0.0125
6 0.229221 -0.146882 0.120215 0.0125
10 0.237712 -0.126616 0.107924 0.0125
9 0.246407 -0.104531 0.0979626 0.0125
2 0.295013 -0.0266331 0.0624112 0.0125
19 0.1326 -0.218784 0.0574329 0.0125
8 0.274647 -0.0535971 0.0707771 0.0125
5 0.21772 0.0362047 0.0710745 0.0125
12 0.271785 -0.0716852 0.0618577 0.0125
13 0.245621 -0.121462 0.0655378 0.0125
14 0.217456 -0.158704 0.0625154 0.0125
15 0.203887 -0.17467 0.0628316 0.0125
16 0.185829 -0.186357 0.064286 0.0125
17 0.16787 -0.198303 0.0658216 0.0125
18 0.151157 -0.210286 0.0600113 0.0125
20 0.114716 -0.227535 0.0594519 0.0125
e_2_8 2 8 1 0.0125 0.284829 -0.0401147 0.0665938 0.669657 0.613662 -0.0570927 -0.41439 0.034811
e_8_9 8 9 2 0.0125 0.260526 -0.0790639 0.0843694 0.765456 0.535711 -0.0390068 -0.354357 0.064271
e_9_10 9 10 3 0.0125 0.24206 -0.115574 0.102943 0.771058 0.553594 0.00682324 -0.314574 0.02574
e_10_6 10 6 4 0.0125 0.233467 -0.136748 0.11407 0.804415 0.505665 -0.013812 -0.311495 0.025177
e_2_11 2 11 1 0.0125 0.268213 -0.00488854 0.0650768 -0.0404862 0.550348 -0.398272 -0.732706 0.069228
e_11_5 11 5 2 0.0125 0.229567 0.0265301 0.0694077 0.00602618 0.513748 -0.426505 -0.744392 0.030772
e_2_12 2 12 1 0.0125 0.283399 -0.0491585 0.0621343 0.605089 0.709733 0.0416729 -0.358342 0.05069
e_12_13 12 13 2 0.0125 0.258704 -0.0965741 0.0636981 0.633281 0.68318 0.0247993 -0.362774 0.056356
e_13_14 13 14 3 0.0125 0.231538 -0.140084 0.0640267 0.545317 0.729584 0.000249944 -0.412718 0.04679
e_14_15 14 15 4 0.0125 0.210671 -0.166687 0.0626737 0.564533 0.700936 -0.0339259 -0.434557 0.020956
e_15_16 15 16 5 0.0125 0.194858 -0.180513 0.0635595 0.509085 0.669684 -0.133383 -0.523989 0.021559
e_16_17 16 17 6 0.0125 0.176849 -0.19233 0.0650541 0.5144 0.668946 -0.130406 -0.520479 0.021624
e_17_18 17 18 7 0.0125 0.159513 -0.204294 0.0629165 0.369219 0.796934 -0.0290804 -0.477207 0.02137
e_18_19 18 19 8 0.0125 0.141879 -0.214535 0.0587219 0.370241 0.739943 -0.123068 -0.54796 0.020571
e_19_20 19 20 9 0.0125 0.123658 -0.223159 0.0584422 0.489656 0.646976 -0.176061 -0.557371 0.020013
e_20_1 20 1 10 0.0125 0.105652 -0.231706 0.0605247 0.485429 0.642288 -0.184408 -0.563754 0.020071
e_1_21 1 21 1 0.0125 0.0985139 -0.229315 0.0704563 0.887073 -0.258628 0.193211 0.329973 0.022383
e_21_4 21 4 2 0.0125 0.10587 -0.202269 0.111827 0.919234 -0.243317 0.148054 0.271818 0.077617
e_1_22 1 22 1 0.0125 0.0708256 -0.222292 0.0465456 -0.244087 0.854139 0.00280188 -0.459195 0.065568
e_22_3 22 3 2 0.0125 0.0311587 -0.204279 0.02236 -0.155038 0.874661 0.0153112 -0.459017 0.034432
11 18 17
3 0.0908445 -0.0137132 0.0980312 0.0125
19 0.0877998 -0.0195545 0.124477 0.0125
10 0.138513 -0.163369 0.11439 0.0125
5 0.179706 -0.287513 0.136475 0.0125
6 0.135641 -0.174406 0.11536 0.0125
9 0.206484 -0.284366 0.0776324 0.0125
2 0.224871 -0.27472 0.0491154 0.0125
8 0.170612 -0.220637 0.08725 0.0125
11 0.122271 -0.138881 0.133342 0.0125
12 0.103906 -0.107366 0.153692 0.0125
13 0.0956891 -0.0848122 0.16776 0.0125
1 0.0846267 -0.0522173 0.18842 0.0125
18 0.0892604 -0.0276171 0.143119 0.0125
14 0.0803982 -0.0822482 0.199506 0.0125
15 0.0771662 -0.107631 0.207945 0.0125
16 0.0717818 -0.125517 0.216786 0.0125
4 0.0704027 -0.1444 0.223537 0.0125
17 0.0903922 -0.0375439 0.166078 0.0125
e_2_8 2 8 1 0.0125 0.197741 -0.247679 0.0681831 0.831534 -0.285842 -0.442131 -0.177101 0.085576
e_8_6 8 6 2 0.0125 0.153127 -0.197521 0.101305 0.829332 -0.348487 -0.400493 -0.174271 0.064424
e_2_9 2 9 1 0.0125 0.215678 -0.279543 0.0633742 0.950164 0.154464 -0.268195 -0.0374292 0.035275
e_9_5 9 5 2 0.0125 0.193096 -0.28594 0.107053 0.976239 0.0332854 -0.210573 -0.0388503 0.064725
e_2_10 2 10 1 0.0125 0.181692 -0.219044 0.0817536 0.823699 -0.346138 -0.412345 -0.177989 0.155298
e_10_11 10 11 2 0.0125 0.130391 -0.151125 0.123867 0.865328 -0.348135 -0.328342 -0.149001 0.034966
e_11_12 11 12 3 0.0125 0.113089 -0.123124 0.143517 0.848029 -0.383998 -0.33005 -0.156394 0.041767
e_12_13 12 13 4 0.0125 0.0997982 -0.0960889 0.160726 0.857043 -0.434913 -0.240919 -0.135224 0.027824
e_13_1 13 1 5 0.0125 0.0901578 -0.0685143 0.17809 0.860359 -0.437402 -0.226628 -0.130774 0.040145
e_1_14 1 14 1 0.0125 0.0825125 -0.0672327 0.193963 0.816011 0.557526 -0.132267 0.0761298 0.03229
e_14_15 14 15 2 0.0125 0.0787822 -0.0949391 0.203726 0.806456 0.571323 -0.130315 0.0789769 0.026943
e_15_16 15 16 3 0.0125 0.0744742 -0.116574 0.212365 0.843461 0.502233 -0.184036 0.0496611 0.020666
e_16_4 16 4 4 0.0125 0.0710923 -0.134959 0.220161 0.812575 0.566936 -0.103221 0.0874683 0.020102
e_1_17 1 17 1 0.0125 0.0875101 -0.0448803 0.177249 -0.264156 0.605115 -0.736455 -0.147279 0.027345
e_17_18 17 18 2 0.0125 0.0898259 -0.0325809 0.154598 -0.0920713 0.538452 -0.817645 -0.181797 0.025038
e_18_19 18 19 3 0.0125 0.08853 -0.0235865 0.133798 -0.0745616 0.51183 -0.834125 -0.191587 0.020363
e_19_3 19 3 4 0.0125 0.089322 -0.0166342 0.111254 -0.121755 0.882694 -0.453902 0.00068497 0.027253
12 21 20
3 0.148298 -0.288107 0.185217 0.0125
22 0.133316 -0.273825 0.184849 0.0125
4 0.110166 -0.309107 0.214853 0.0125
21 0.107942 -0.284324 0.212074 0.0125
20 0.097678 -0.256353 0.204472 0.0125
6 0.312963 -0.233628 0.165387 0.0125
11 0.30857 -0.219669 0.147544 0.0125
10 0.304972 -0.207679 0.131385 0.0125
9 0.306411 -0.196462 0.113684 0.0125
2 0.319134 -0.15379 0.0413099 0.0125
19 0.0892922 -0.235554 0.198155 0.0125
8 0.310317 -0.179408 0.0932111 0.0125
12 0.315453 -0.180953 0.0421193 0.0125
13 0.310151 -0.209286 0.0467215 0.0125
14 0.30618 -0.229409 0.056623 0.0125
5 0.306416 -0.247778 0.0659684 0.0125
15 0.205618 -0.15648 0.100498 0.0125
16 0.164827 -0.167855 0.124718 0.0125
17 0.116757 -0.196094 0.170531 0.0125
18 0.0975403 -0.205692 0.186862 0.0125
1 0.0800841 -0.216797 0.199073 0.0125
e_2_8 2 8 1 0.0125 0.314726 -0.166599 0.0672607 0.950339 0.236413 -0.0294201 -0.200249 0.058547
e_8_9 8 9 2 0.0125 0.308364 -0.187935 0.103447 0.904504 0.345913 0.015033 -0.248978 0.02693
e_9_10 9 10 3 0.0125 0.305692 -0.20207 0.122534 0.937156 0.27932 0.025299 -0.207556 0.021005
e_10_11 10 11 4 0.0125 0.30677 -0.213674 0.139464 0.930293 0.287803 0.148016 -0.172675 0.020441
e_11_6 11 6 5 0.0125 0.310766 -0.226649 0.156466 0.925315 0.296914 0.158842 -0.174369 0.023077
e_2_12 2 12 1 0.0125 0.317293 -0.167372 0.0417146 0.630509 0.651274 0.247159 -0.342365 0.027423
e_12_13 12 13 2 0.0125 0.312801 -0.19512 0.0444204 0.676903 0.622027 0.185043 -0.347338 0.02919
e_13_14 13 14 3 0.0125 0.308166 -0.219348 0.0516724 0.784234 0.521816 0.101697 -0.31991 0.022776
e_14_5 14 5 4 0.0125 0.306298 -0.238593 0.0612957 0.80562 0.491814 0.177241 -0.278713 0.020611
e_2_15 2 15 1 0.0125 0.262377 -0.155135 0.070904 0.794181 0.203505 -0.476935 -0.316851 0.128048
e_15_16 15 16 2 0.0125 0.185222 -0.162168 0.112608 0.787524 0.322647 -0.384273 -0.357825 0.048785
e_16_17 16 17 3 0.0125 0.140792 -0.181974 0.147625 0.841838 0.335876 -0.264087 -0.329778 0.07216
e_17_18 17 18 4 0.0125 0.107149 -0.200893 0.178697 0.829974 0.33356 -0.293486 -0.337263 0.026983
e_18_1 18 1 5 0.0125 0.0888117 -0.211244 0.192968 0.782364 0.421335 -0.261398 -0.376902 0.024025
e_1_19 1 19 1 0.0125 0.0846877 -0.226176 0.198615 0.663315 0.532319 0.488449 -0.195109 0.020916
e_19_20 19 20 2 0.0125 0.0934852 -0.245954 0.201314 0.769152 0.480833 0.365032 -0.209658 0.023299
e_20_21 20 21 3 0.0125 0.10281 -0.270339 0.208273 0.758884 0.495008 0.362416 -0.218442 0.030748
e_21_4 21 4 4 0.0125 0.109054 -0.296715 0.213463 0.687535 0.589555 0.311339 -0.287729 0.025037
e_1_22 1 22 1 0.0125 0.1067 -0.245311 0.191961 0.630854 0.461995 0.61339 -0.111068 0.079298
e_22_3 22 3 2 0.0125 0.140807 -0.280966 0.185032 0.706583 0.409367 0.568832 -0.0979248 0.020702
13 17 16
3 -0.371125 -0.0808492 0.0110326 0.0125
10 -0.208034 -0.138577 0.113974 0.0125
5 -0.0754054 -0.177798 0.154344 0.0125
6 -0.0822907 0.0145642 0.011516 0.0125
9 -0.0791533 -0.113882 0.134566 0.0125
2 -0.0805428 -0.0822489 0.125306 0.0125
8 -0.0812883 -0.00887337 0.0309096 0.0125
11 -0.28112 -0.152035 0.093974 0.0125
12 -0.299864 -0.154679 0.0838646 0.0125
13 -0.315973 -0.157241 0.0709408 0.0125
14 -0.33266 -0.162662 0.0604558 0.0125
1 -0.348216 -0.16996 0.0492927 0.0125
18 -0.356146 -0.132124 0.0291363 0.0125
15 -0.339325 -0.140948 0.0432517 0.0125
16 -0.339717 -0.116939 0.0388017 0.0125
17 -0.338348 -0.0953407 0.0305514 0.0125
4 -0.336521 -0.0752777 0.0231038 0.0125
e_2_8 2 8 1 0.0125 -0.080915 -0.0455616 0.0781084 -0.12244 0.365884 -0.872288 -0.300416 0.119563
e_8_6 8 6 2 0.0125 -0.0817893 0.00284475 0.0212129 0.103056 -0.181177 -0.88643 -0.413275 0.030437
e_2_9 2 9 1 0.0125 -0.0798481 -0.098065 0.129937 0.718488 0.549525 -0.24015 0.352314 0.03299
e_9_5 9 5 2 0.0125 -0.0772793 -0.145839 0.144455 0.721511 0.546753 -0.231285 0.356356 0.06701
e_2_10 2 10 1 0.0125 -0.144288 -0.110412 0.11964 0.67673 0.257976 -0.688453 0.0389572 0.13984
e_10_11 10 11 2 0.0125 -0.244577 -0.145306 0.103974 0.606818 0.198308 -0.768514 -0.0428074 0.076959
e_11_12 11 12 3 0.0125 -0.290491 -0.153357 0.0889191 0.507619 0.254211 -0.819099 -0.0823199 0.02146
e_12_13 12 13 4 0.0125 -0.307918 -0.155961 0.0774021 0.424953 0.330732 -0.837335 -0.0943458 0.020811
e_13_14 13 14 5 0.0125 -0.324316 -0.159952 0.0656983 0.491245 0.346336 -0.797821 -0.0470191 0.02044
e_14_1 14 1 6 0.0125 -0.340438 -0.166312 0.0548743 0.47656 0.40924 -0.777778 -0.0218005 0.02049
e_1_15 1 15 1 0.0125 -0.34377 -0.155455 0.0462726 0.601639 -0.629246 0.449071 0.201035 0.030939
e_15_16 15 16 2 0.0125 -0.339521 -0.128944 0.0410267 0.635134 -0.762125 -0.101446 -0.0740244 0.024421
e_16_17 16 17 3 0.0125 -0.339032 -0.106141 0.034677 0.546588 -0.805683 -0.170205 -0.152141 0.023161
e_17_4 17 4 4 0.0125 -0.337434 -0.0853087 0.0268276 0.55911 -0.814902 -0.0964974 -0.118404 0.021479
e_1_18 1 18 1 0.0125 -0.35218 -0.151042 0.039214 0.399782 -0.533586 -0.668168 -0.330169 0.043597
e_18_3 18 3 2 0.0125 -0.363636 -0.106487 0.0200847 0.524332 -0.602574 -0.545334 -0.254147 0.056403
14 23 22
3 0.0122912 -0.0451748 0.0922536 0.0125
24 0.0144021 -0.0419287 0.111874 0.0125
23 0.0157133 -0.0337929 0.130098 0.0125
22 0.0207447 -0.0303715 0.14915 0.0125
21 0.0196862 -0.0274756 0.16891 0.0125
4 -0.00459254 0.0765206 0.190539 0.0125
20 0.00469654 0.0364288 0.189897 0.0125
11 0.211451 -0.24506 0.131423 0.0125
6 0.317535 -0.263649 0.206267 0.0125
10 0.261712 -0.27215 0.20713 0.0125
9 0.226421 -0.273547 0.196208 0.0125
2 0.175199 -0.270144 0.173511 0.0125
19 0.027552 -0.038377 0.182592 0.0125
8 0.194549 -0.268127 0.182805 0.0125
5 0.232137 -0.231386 0.101255 0.0125
12 0.152171 -0.200816 0.181103 0.0125
13 0.112307 -0.142721 0.177123 0.0125
14 0.0984426 -0.127462 0.173395 0.0125
15 0.0804045 -0.104563 0.175415 0.0125
16 0.0653678 -0.0853443 0.17751 0.0125
17 0.0510098 -0.0714104 0.178237 0.0125
18 0.0367262 -0.0561172 0.180918 0.0125
1 0.0201326 -0.0203045 0.187576 0.0125
e_2_8 2 8 1 0.0125 0.184874 -0.269136 0.178157 -0.483151 0.467025 -0.257639 0.694316 0.02156
e_8_9 8 9 2 0.0125 0.210485 -0.270837 0.189506 -0.32798 0.466458 -0.301538 0.764147 0.034998
e_9_10 9 10 3 0.0125 0.244066 -0.272849 0.201668 -0.444393 0.507422 -0.307905 0.670993 0.036969
e_10_6 10 6 4 0.0125 0.289624 -0.267899 0.206698 -0.467753 0.596545 -0.389588 0.523032 0.056473
e_2_11 2 11 1 0.0125 0.193325 -0.257601 0.152467 -0.374313 0.730192 -0.558651 0.120904 0.06095
e_11_5 11 5 2 0.0125 0.221794 -0.238223 0.11634 -0.320337 0.738683 -0.583618 0.105457 0.03905
e_2_12 2 12 1 0.0125 0.163685 -0.23548 0.177307 -0.43079 0.540486 -0.395216 -0.605061 0.073445
e_12_13 12 13 2 0.0125 0.132239 -0.171769 0.179113 -0.166465 0.544175 -0.481735 -0.666404 0.07057
e_13_14 13 14 3 0.0125 0.105375 -0.135091 0.175259 -0.0472747 0.556542 -0.528435 -0.639361 0.020952
e_14_15 14 15 4 0.0125 0.0894237 -0.116012 0.174404 -0.118057 0.503171 -0.460699 -0.721552 0.029219
e_15_16 15 16 5 0.0125 0.0728855 -0.0949537 0.176463 -0.1223 0.499287 -0.456007 -0.726507 0.024493
e_16_17 16 17 6 0.0125 0.0581883 -0.0783769 0.177873 0.00843079 0.492449 -0.489227 -0.719777 0.020021
e_17_18 17 18 7 0.0125 0.0438675 -0.0637634 0.179577 -0.0373701 0.474417 -0.459767 -0.749764 0.021097
e_18_19 18 19 8 0.0125 0.032139 -0.0472465 0.181755 -0.295355 0.526097 -0.425988 -0.674182 0.020041
e_19_1 19 1 9 0.0125 0.0238428 -0.0293412 0.185084 -0.413286 0.495579 -0.361664 -0.672901 0.020162
e_1_20 1 20 1 0.0125 0.0124146 0.00806216 0.188737 -0.452644 0.561473 -0.406229 -0.561106 0.058842
e_20_4 20 4 2 0.0125 5.21512e-05 0.0564741 0.190218 -0.471151 0.570698 -0.408059 -0.534611 0.041158
e_1_21 1 21 1 0.0125 0.0199094 -0.0238905 0.178243 0.1381 0.701805 -0.688544 0.1196 0.02
e_21_22 21 22 2 0.0125 0.0202158 -0.0289229 0.159031 0.0347786 0.726878 -0.682401 0.0690557 0.02
e_22_23 22 23 3 0.0125 0.0182287 -0.0320824 0.139624 0.151165 0.700198 -0.697153 -0.029149 0.02
e_23_24 23 24 4 0.0125 0.0150576 -0.0378607 0.120987 0.171085 0.692566 -0.68988 0.123078 0.02
e_24_3 24 3 5 0.0125 0.0133465 -0.0435511 0.102064 0.095464 0.715193 -0.692127 0.0186084 0.02
15 24 23
3 -0.177829 0.071501 0.107277 0.0125
25 -0.162614 0.0688334 0.094574 0.0125
24 -0.148065 0.0653073 0.0813112 0.0125
23 -0.133155 0.0674226 0.0681504 0.0125
22 -0.117419 0.0736286 0.0574802 0.0125
4 -0.0912949 0.116122 0.134649 0.0125
21 -0.0902261 0.111601 0.113688 0.0125
20 -0.0891964 0.106076 0.0897078 0.0125
11 0.041466 -0.183581 0.153499 0.0125
10 0.0441747 -0.164436 0.148386 0.0125
6 -0.00348044 -0.0728414 0.259276 0.0125
9 0.00386597 -0.0867349 0.23001 0.0125
2 0.0476392 -0.146269 0.140772 0.0125
19 -0.0947771 0.0987943 0.0697467 0.0125
8 0.00789826 -0.101574 0.208736 0.0125
12 0.0380397 -0.201888 0.160787 0.0125
13 0.0361371 -0.22034 0.168262 0.0125
5 0.0347875 -0.239442 0.174032 0.0125
14 0.00999741 -0.0761409 0.13327 0.0125
15 -0.0445361 0.00350669 0.0962423 0.0125
16 -0.0562276 0.0322994 0.0871356 0.0125
17 -0.0790049 0.0585852 0.0702529 0.0125
18 -0.09389 0.0753749 0.0579879 0.0125
1 -0.106062 0.0833378 0.0441845 0.0125
e_2_8 2 8 1 0.0125 0.0277683 -0.123922 0.174754 0.927666 -0.231104 -0.266897 -0.121622 0.090533
e_8_9 8 9 2 0.0125 0.00588138 -0.0941543 0.219373 0.949533 -0.291398 -0.0993311 -0.0600651 0.026248
e_9_6 9 6 3 0.0125 0.000192263 -0.0797888 0.244642 0.968352 -0.209087 -0.125608 -0.052919 0.033219
e_2_10 2 10 1 0.0125 0.0459074 -0.155353 0.144579 0.826484 0.533044 -0.159763 0.0852315 0.02
e_10_11 10 11 2 0.0125 0.0428203 -0.174009 0.150943 0.786504 0.589213 -0.158121 0.0961142 0.02
e_11_12 11 12 3 0.0125 0.0397527 -0.192735 0.157143 0.821458 0.540295 -0.160877 0.0860612 0.02
e_12_13 12 13 4 0.0125 0.0370882 -0.211114 0.164525 0.822418 0.545235 -0.125817 0.102551 0.02
e_13_5 13 5 5 0.0125 0.0354622 -0.229892 0.171148 0.795019 0.583508 -0.123527 0.110472 0.02
e_2_14 2 14 1 0.0125 0.028818 -0.111205 0.137021 0.586243 -0.395654 -0.624804 -0.330752 0.079945
e_14_15 14 15 2 0.0125 -0.0172698 -0.0363171 0.114756 0.426 -0.20443 -0.798301 -0.373427 0.103386
e_15_16 15 16 3 0.0125 -0.0503823 0.0179031 0.0916888 0.473936 -0.401855 -0.692183 -0.367124 0.032383
e_16_17 16 17 4 0.0125 -0.067616 0.0454419 0.0786947 0.382349 -0.0765472 -0.844086 -0.368059 0.038663
e_17_18 17 18 5 0.0125 -0.0864472 0.0669801 0.0641197 0.353898 -0.0356315 -0.859391 -0.367334 0.025571
e_18_1 18 1 6 0.0125 -0.0999752 0.0793567 0.0510861 0.246076 0.287657 -0.872596 -0.308669 0.020053
e_1_19 1 19 1 0.0125 -0.100419 0.091066 0.0569656 0.944864 -0.237017 0.208721 0.0865462 0.031933
e_19_20 19 20 2 0.0125 -0.0919864 0.102435 0.0797278 0.973938 -0.159035 0.142815 0.0758778 0.021968
e_20_21 20 21 3 0.0125 -0.0897111 0.108838 0.101697 0.993258 -0.113243 -0.0192735 0.0156045 0.024629
e_21_4 21 4 4 0.0125 -0.0907608 0.113861 0.124168 0.993941 -0.106294 -0.023396 0.015329 0.02147
e_1_22 1 22 1 0.0125 -0.11174 0.0784836 0.0508318 0.9119 0.275716 -0.302642 -0.0287636 0.02
e_22_23 22 23 2 0.0125 -0.125287 0.070526 0.0628154 0.870337 0.225494 -0.427095 -0.0962079 0.02
e_23_24 23 24 3 0.0125 -0.14061 0.0663649 0.0747302 0.904061 0.106303 -0.399581 -0.1082 0.02
e_24_25 24 25 4 0.0125 -0.15534 0.0670707 0.087943 0.900692 -0.0330983 -0.409057 -0.142586 0.02
e_25_3 25 3 5 0.0125 -0.170221 0.0701672 0.100926 0.892513 -0.0053778 -0.427075 -0.144909 0.02
16 25 24
3 -0.0702018 -0.196158 0.0157708 0.0125
26 -0.0699147 -0.17656 0.0208513 0.0125
25 -0.0681763 -0.157475 0.0287053 0.0125
24 -0.0663757 -0.137363 0.0370682 0.0125
4 -0.108028 -0.187209 0.0888105 0.0125
23 -0.104797 -0.167616 0.0793809 0.0125
22 -0.0985322 -0.148116 0.0709754 0.0125
1 -0.0733926 -0.103045 0.0495511 0.0125
21 -0.065018 -0.088093 0.0609638 0.0125
12 0.0537884 -0.074012 0.226801 0.0125
11 0.0507121 -0.0555727 0.237215 0.0125
10 0.0477493 -0.0356077 0.248412 0.0125
9 0.0408735 -0.0159999 0.258417 0.0125
2 0.0335463 0.0365222 0.282432 0.0125
19 -0.0572725 -0.0562893 0.0866113 0.0125
8 0.0372197 0.00876942 0.269969 0.0125
6 0.0552715 -0.0917664 0.210365 0.0125
13 0.0255815 0.0536003 0.289132 0.0125
14 0.019054 0.0717395 0.29446 0.0125
15 0.00972363 0.0882708 0.300756 0.0125
16 -0.00266868 0.103109 0.305881 0.0125
5 -0.0162704 0.114905 0.31459 0.0125
17 -0.0287267 -0.00636209 0.170542 0.0125
18 -0.0507494 -0.0430664 0.10147 0.0125
20 -0.0575257 -0.0719785 0.0738854 0.0125
e_2_8 2 8 1 0.0125 0.0353835 0.0226453 0.2762 0.544659 0.831089 0.112408 -0.00154889 0.030644
e_8_9 8 9 2 0.0125 0.0390463 -0.0036156 0.264193 0.528555 0.793051 0.283805 -0.105618 0.027574
e_9_10 9 10 3 0.0125 0.0443116 -0.0258031 0.253415 0.0242926 -0.243441 0.810965 -0.531491 0.023061
e_10_11 10 11 4 0.0125 0.0492303 -0.0455901 0.242813 -0.487414 -0.783652 -0.358382 0.140992 0.023082
e_11_12 11 12 5 0.0125 0.0522502 -0.0647919 0.232008 -0.489075 -0.85796 0.0850146 -0.132222 0.0214
e_12_6 12 6 6 0.0125 0.05453 -0.0828897 0.218583 -0.357838 -0.779633 -0.480832 0.181451 0.02424
e_2_13 2 13 1 0.0125 0.0295641 0.0450619 0.285782 0.807746 -0.480075 -0.31942 -0.122656 0.02
e_13_14 13 14 2 0.0125 0.0223173 0.06267 0.291796 0.783648 -0.525586 -0.300927 -0.138195 0.02
e_14_15 14 15 3 0.0125 0.014389 0.0800049 0.297608 0.804371 -0.469504 -0.349503 -0.101984 0.02
e_15_16 15 16 4 0.0125 0.00352747 0.0956901 0.303318 0.790873 -0.441785 -0.420376 -0.0512827 0.02
e_16_5 16 5 5 0.0125 -0.00946989 0.109007 0.310235 0.846242 -0.328789 -0.417348 -0.0399074 0.02
e_2_17 2 17 1 0.0125 0.00241005 0.0150803 0.226487 0.0893511 -0.584435 -0.75678 0.278813 0.135042
e_17_18 17 18 2 0.0125 -0.0397382 -0.0247139 0.136005 -0.0562795 -0.653758 -0.705414 0.268002 0.081259
e_18_19 18 19 3 0.0125 -0.0540108 -0.0496777 0.0940414 -0.00272213 -0.414931 -0.826286 0.38089 0.020933
e_19_20 19 20 4 0.0125 -0.0573984 -0.0641337 0.0802482 -0.25969 -0.556533 -0.710793 0.342937 0.020203
e_20_21 20 21 5 0.0125 -0.0612718 -0.0800362 0.0674243 0.111069 -0.166504 -0.875392 0.440033 0.021972
e_21_1 21 1 6 0.0125 -0.0692049 -0.0955692 0.0552577 0.178279 -0.108454 -0.874859 0.437123 0.02059
e_1_22 1 22 1 0.0125 -0.0859624 -0.125581 0.0602632 0.826442 0.451531 -0.323137 0.0932533 0.055878
e_22_23 22 23 2 0.0125 -0.101664 -0.157866 0.0751777 0.82991 0.523032 -0.191306 0.0329944 0.022139
e_23_4 23 4 3 0.0125 -0.106413 -0.177412 0.0840953 0.844061 0.531116 -0.0585863 -0.0452126 0.021984
e_1_24 1 24 1 0.0125 -0.0698839 -0.120205 0.0433101 0.491976 0.598197 0.556783 -0.300187 0.037185
e_24_25 24 25 2 0.0125 -0.0672766 -0.14742 0.0328866 0.375623 0.505257 -0.66033 0.409373 0.021856
e_25_26 25 26 3 0.0125 -0.0690455 -0.167018 0.0247783 0.381814 0.5119 -0.65389 0.405714 0.02071
e_26_3 26 3 4 0.0125 -0.0700585 -0.186359 0.0183114 0.589107 0.758074 -0.225363 0.165799 0.020249
17 18 17
3 -0.175355 0.29952 0.217482 0.0125
19 -0.19509 0.299586 0.221977 0.0125
10 -0.19398 0.0716789 0.0876309 0.0125
5 -0.108876 0.0431713 0.0124873 0.0125
6 -0.257827 0.154133 0.132902 0.0125
9 -0.136252 0.0420033 0.0319492 0.0125
2 -0.181931 0.0361719 0.0797727 0.0125
8 -0.24578 0.136461 0.124776 0.0125
11 -0.238313 0.216649 0.167581 0.0125
12 -0.258381 0.255329 0.188936 0.0125
13 -0.266827 0.272413 0.198236 0.0125
1 -0.272194 0.28919 0.208856 0.0125
18 -0.21661 0.300086 0.219939 0.0125
14 -0.235303 0.279994 0.208198 0.0125
15 -0.215287 0.273993 0.213248 0.0125
16 -0.195511 0.271941 0.216539 0.0125
4 -0.177082 0.26646 0.223125 0.0125
17 -0.238254 0.298448 0.21343 0.0125
e_2_8 2 8 1 0.0125 -0.213856 0.086317 0.102274 0.803889 -0.53346 -0.195988 0.17542 0.127121
e_8_6 8 6 2 0.0125 -0.251803 0.145297 0.128839 0.802941 -0.528092 -0.208626 0.181328 0.022879
e_2_9 2 9 1 0.0125 -0.159092 0.0390876 0.0558616 0.247141 -0.768041 0.519885 -0.280633 0.06639
e_9_5 9 5 2 0.0125 -0.122564 0.0425871 0.0222182 0.354913 -0.591802 0.662801 -0.290693 0.03361
e_2_10 2 10 1 0.0125 -0.187956 0.0539254 0.0837018 0.767224 -0.620852 -0.109473 0.118009 0.03831
e_10_11 10 11 2 0.0125 -0.216147 0.144164 0.127606 0.845536 -0.511569 -0.0710831 0.135327 0.171389
e_11_12 11 12 3 0.0125 -0.248347 0.235989 0.178259 0.832328 -0.508106 -0.147637 0.165111 0.048526
e_12_13 12 13 4 0.0125 -0.262604 0.26387 0.193586 0.832564 -0.511003 -0.140058 0.161544 0.021206
e_13_1 13 1 5 0.0125 -0.269511 0.280801 0.203546 0.859046 -0.486563 -0.0713653 0.14214 0.020569
e_1_14 1 14 1 0.0125 -0.253748 0.284592 0.208527 0.685275 0.023072 0.712827 -0.14746 0.038026
e_14_15 14 15 2 0.0125 -0.225295 0.276994 0.210723 0.783063 0.127701 0.605171 -0.0653687 0.021497
e_15_16 15 16 3 0.0125 -0.205399 0.272967 0.214894 0.754333 -0.0287485 0.64616 -0.112391 0.020153
e_16_4 16 4 4 0.0125 -0.186297 0.2692 0.219832 0.81264 0.13777 0.564795 -0.0405175 0.020323
e_1_17 1 17 1 0.0125 -0.255224 0.29382 0.211143 0.739445 -0.283642 0.595886 -0.132996 0.035477
e_17_18 17 18 2 0.0125 -0.227432 0.299267 0.216684 0.797124 -0.111979 0.586379 -0.0906302 0.022661
e_18_19 18 19 3 0.0125 -0.20585 0.299836 0.220958 0.726669 -0.110275 0.663866 -0.138109 0.021621
e_19_3 19 3 4 0.0125 -0.185223 0.299554 0.219729 0.58262 -0.276522 0.731136 -0.222553 0.020241
18 27 26
3 -0.015714 0.281012 0.223428 0.0125
28 -0.0103578 0.256298 0.202153 0.0125
27 -0.00785958 0.24206 0.187918 0.0125
4 -0.0690587 0.147297 0.186322 0.0125
26 -0.0541186 0.160401 0.184068 0.0125
25 -0.0397522 0.173394 0.179093 0.0125
24 -0.025199 0.186023 0.173731 0.0125
23 -0.0106969 0.198773 0.168526 0.0125
1 0.00528618 0.20714 0.159892 0.0125
22 -0.0083833 0.193898 0.166981 0.0125
21 -0.0232285 0.180434 0.168534 0.0125
12 -0.167747 -0.108597 0.162739 0.0125
11 -0.16659 -0.097007 0.146386 0.0125
10 -0.164519 -0.0822668 0.132554 0.0125
9 -0.161462 -0.0673619 0.118556 0.0125
2 -0.154872 -0.0135748 0.076485 0.0125
19 -0.0513271 0.149372 0.170377 0.0125
8 -0.156765 -0.0445123 0.0984238 0.0125
6 -0.168777 -0.120161 0.179198 0.0125
13 -0.159018 0.00308147 0.0867499 0.0125
14 -0.164138 0.0208568 0.094354 0.0125
15 -0.16659 0.0371529 0.105688 0.0125
16 -0.166007 0.0507958 0.120301 0.0125
5 -0.163283 0.06125 0.137131 0.0125
17 -0.0939657 0.0953114 0.152524 0.0125
18 -0.0809652 0.116098 0.159207 0.0125
20 -0.0362199 0.164292 0.171139 0.0125
e_2_8 2 8 1 0.0125 -0.155818 -0.0290433 0.087454 0.885682 0.455235 -0.0623817 0.0666057 0.037974
e_8_9 8 9 2 0.0125 -0.159114 -0.0559364 0.108489 0.90485 0.397628 -0.123348 0.0890154 0.030813
e_9_10 9 10 3 0.0125 -0.16299 -0.0748141 0.125555 0.912 0.384796 -0.115797 0.0823422 0.020675
e_10_11 10 11 4 0.0125 -0.165554 -0.0896368 0.13947 0.914346 0.390654 -0.0838459 0.0658083 0.020319
e_11_12 11 12 5 0.0125 -0.167168 -0.102802 0.154563 0.952212 0.302171 -0.037766 0.0236408 0.020078
e_12_6 12 6 6 0.0125 -0.168262 -0.114379 0.170968 0.952958 0.300522 -0.0334362 0.020961 0.020141
e_2_13 2 13 1 0.0125 -0.156946 -0.0052463 0.0816176 0.868609 -0.471725 -0.144435 -0.0461844 0.02
e_13_14 13 14 2 0.0125 -0.161578 0.0119698 0.0905518 0.829952 -0.527755 -0.177083 -0.0359907 0.02
e_14_15 14 15 3 0.0125 -0.165364 0.0290051 0.10002 0.882581 -0.453832 -0.103487 -0.0661594 0.02
e_15_16 15 16 4 0.0125 -0.166299 0.0439743 0.112994 0.92512 -0.366273 -0.0227963 -0.09735 0.02
e_16_5 16 5 5 0.0125 -0.164646 0.0560228 0.128716 0.952456 -0.278984 0.0373579 -0.116618 0.02
e_2_17 2 17 1 0.0125 -0.124419 0.0408683 0.114505 0.849178 -0.470447 0.135885 -0.197768 0.146109
e_17_18 17 18 2 0.0125 -0.0874656 0.105704 0.155866 0.76158 -0.585167 0.161546 -0.226888 0.025411
e_18_19 18 19 3 0.0125 -0.0661458 0.132735 0.164792 0.743507 -0.569304 0.233069 -0.26224 0.045938
e_19_20 19 20 4 0.0125 -0.0437735 0.156832 0.170758 0.660676 -0.643773 0.259999 -0.285418 0.021246
e_20_21 20 21 5 0.0125 -0.0297242 0.172362 0.169837 0.606986 -0.722997 0.199132 -0.263039 0.020884
e_21_22 21 22 6 0.0125 -0.0158061 0.187167 0.167758 0.611028 -0.680985 0.273648 -0.296682 0.020102
e_22_1 22 1 7 0.0125 -0.00154808 0.20052 0.163436 0.494794 -0.789257 0.227217 -0.283946 0.020309
e_1_23 1 23 1 0.0125 -0.00270489 0.202957 0.164209 0.804926 0.0897121 -0.525448 0.260673 0.02
e_23_24 23 24 2 0.0125 -0.0179478 0.192398 0.171128 0.730741 0.191237 -0.57732 0.310077 0.02
e_24_25 24 25 3 0.0125 -0.0324755 0.179708 0.176412 0.734265 0.188855 -0.574704 0.308066 0.02
e_25_26 25 26 4 0.0125 -0.0469348 0.166898 0.18158 0.72556 0.197424 -0.580203 0.312971 0.02
e_26_4 26 4 5 0.0125 -0.0615886 0.153849 0.185195 0.66082 0.156886 -0.647328 0.345934 0.02
e_1_27 1 27 1 0.0125 -0.00128718 0.2246 0.173905 0.894258 -0.413797 -0.168767 -0.0243319 0.046666
e_27_28 27 28 2 0.0125 -0.0091088 0.24918 0.195036 0.920382 -0.375168 -0.0917587 -0.0610392 0.020288
e_28_3 28 3 3 0.0125 -0.013036 0.268655 0.21279 0.904992 -0.406439 -0.113654 -0.0536626 0.033046
19 21 20
3 0.100896 0.192852 0.117207 0.0125
22 0.0824682 0.189354 0.124145 0.0125
21 0.0662244 0.187612 0.135684 0.0125
20 0.0509521 0.184831 0.148294 0.0125
19 0.0392931 0.183631 0.1645 0.0125
11 -0.182786 0.0124113 0.150376 0.0125
10 -0.173598 -0.0143962 0.156594 0.0125
6 -0.248414 -0.0995235 0.0498866 0.0125
9 -0.235397 -0.0887781 0.0748979 0.0125
2 -0.166115 -0.0378668 0.157995 0.0125
8 -0.219337 -0.0734867 0.0936308 0.0125
12 -0.18943 0.031667 0.151841 0.0125
5 -0.197532 0.0561605 0.154023 0.0125
13 -0.116334 0.0290235 0.181573 0.0125
14 -0.0877847 0.0645872 0.181179 0.0125
15 -0.0179143 0.138305 0.17113 0.0125
16 0.00166929 0.151127 0.171439 0.0125
17 0.0173964 0.164941 0.175148 0.0125
1 0.0276339 0.182425 0.180704 0.0125
18 -0.0183227 0.162216 0.192899 0.0125
4 -0.0578274 0.137146 0.205035 0.0125
e_2_8 2 8 1 0.0125 -0.192726 -0.0556765 0.125813 0.229701 0.922894 -0.051999 -0.30463 0.090797
e_8_9 8 9 2 0.0125 -0.227367 -0.0811321 0.0842647 0.318634 0.902719 -0.0880444 -0.275351 0.029029
e_9_6 9 6 3 0.0125 -0.241906 -0.0941508 0.0623923 0.14145 0.939898 0.176201 -0.256 0.030174
e_2_10 2 10 1 0.0125 -0.169857 -0.0261322 0.157294 0.389452 -0.57462 0.445207 0.565624 0.024674
e_10_11 10 11 2 0.0125 -0.178192 -0.00099261 0.153485 0.286929 -0.562045 0.53968 0.557246 0.029013
e_11_12 11 12 3 0.0125 -0.186108 0.022039 0.151108 0.467391 -0.582192 0.353795 0.563406 0.020423
e_12_5 12 5 4 0.0125 -0.193481 0.0439144 0.152932 0.473477 -0.575871 0.355318 0.563863 0.02589
e_2_13 2 13 1 0.0125 -0.141225 -0.00442165 0.169784 0.600355 -0.127218 0.589714 0.525002 0.086651
e_13_14 13 14 2 0.0125 -0.10206 0.0468054 0.181376 0.491415 -0.0681775 0.706872 0.504178 0.045606
e_14_15 14 15 3 0.0125 -0.0528495 0.101446 0.176154 0.466426 -0.0069716 0.741069 0.482924 0.102065
e_15_16 15 16 4 0.0125 -0.00812236 0.144716 0.171284 0.543996 0.0849151 0.697255 0.459014 0.02341
e_16_17 16 17 5 0.0125 0.00953284 0.158034 0.173293 0.585999 -0.0131637 0.642332 0.493803 0.021259
e_17_1 17 1 6 0.0125 0.0225152 0.173682 0.177927 0.586727 -0.179364 0.579299 0.53665 0.021009
e_1_18 1 18 1 0.0125 0.00465531 0.17232 0.186802 0.785982 0.260068 -0.560669 -0.015727 0.051663
e_18_4 18 4 2 0.0125 -0.0380757 0.149681 0.198966 0.790457 0.345047 -0.505386 -0.0265462 0.048337
e_1_19 1 19 1 0.0125 0.033463 0.183028 0.172603 0.237811 0.525886 0.792824 0.195756 0.02
e_19_20 19 20 2 0.0125 0.0451231 0.184231 0.156397 0.237841 0.526037 0.792736 0.195672 0.02
e_20_21 20 21 3 0.0125 0.0585883 0.186222 0.141989 0.333765 0.434112 0.791706 0.270832 0.02
e_21_22 21 22 4 0.0125 0.0743464 0.188483 0.129915 0.371051 0.4453 0.768219 0.271787 0.02
e_22_3 22 3 5 0.0125 0.0916814 0.191103 0.120676 0.462084 0.350565 0.742018 0.336143 0.02
20 23 22
3 -0.0963872 -0.0183226 0.169979 0.0125
24 -0.101303 -0.00524561 0.18554 0.0125
23 -0.108764 0.0104966 0.199566 0.0125
22 -0.125007 0.0337979 0.21229 0.0125
4 -0.131045 0.101104 0.308656 0.0125
21 -0.137593 0.0907673 0.292836 0.0125
20 -0.143196 0.0799782 0.276955 0.0125
5 -0.0017964 -0.080063 0.164062 0.0125
10 0.00423634 -0.0988837 0.157496 0.0125
6 -0.0902867 -0.249401 0.20728 0.0125
9 0.0114207 -0.13546 0.148504 0.0125
2 0.0168616 -0.173772 0.135482 0.0125
19 -0.144095 0.0694948 0.259946 0.0125
8 -0.0750227 -0.237845 0.191792 0.0125
11 -0.0329865 -0.0508502 0.168476 0.0125
12 -0.0501323 -0.0133104 0.181046 0.0125
13 -0.0597229 0.00221435 0.189593 0.0125
14 -0.0728923 0.0154182 0.196832 0.0125
15 -0.087491 0.0279013 0.202447 0.0125
16 -0.103848 0.0367805 0.209771 0.0125
17 -0.120372 0.0427207 0.219349 0.0125
1 -0.136759 0.0529013 0.224628 0.0125
18 -0.142697 0.061676 0.241591 0.0125
e_2_8 2 8 1 0.0125 -0.0290804 -0.205808 0.163637 0.837338 0.217871 -0.477455 0.153085 0.125375
e_8_6 8 6 2 0.0125 -0.082655 -0.243622 0.199535 0.893028 0.207728 -0.37735 0.130219 0.024625
e_2_9 2 9 1 0.0125 0.0141407 -0.154617 0.141993 0.786319 -0.538921 -0.223814 -0.202912 0.040829
e_9_10 9 10 2 0.0125 0.00782913 -0.117172 0.153 0.759427 -0.556253 -0.270793 -0.201307 0.038344
e_10_5 10 5 3 0.0125 0.00121995 -0.0894735 0.160778 0.791503 -0.504945 -0.295621 -0.176527 0.020827
e_2_11 2 11 1 0.0125 -0.00806246 -0.112311 0.151979 0.769665 -0.508139 -0.347995 -0.168255 0.136687
e_11_12 11 12 2 0.0125 -0.0415594 -0.0320801 0.174762 0.787887 -0.482313 -0.348843 -0.157849 0.043142
e_12_13 12 13 3 0.0125 -0.054928 -0.00554807 0.185319 0.834018 -0.408272 -0.348195 -0.128408 0.020151
e_13_14 13 14 4 0.0125 -0.0663079 0.00881689 0.193213 0.820297 -0.354161 -0.440029 -0.0897701 0.020004
e_14_15 14 15 5 0.0125 -0.0801917 0.0216598 0.199639 0.796511 -0.344502 -0.490974 -0.0763793 0.020012
e_15_16 15 16 6 0.0125 -0.0956695 0.0323414 0.206109 0.825778 -0.247689 -0.505522 -0.0344792 0.020001
e_16_17 16 17 7 0.0125 -0.11211 0.0397507 0.214561 0.859885 -0.168872 -0.4817 -0.00679211 0.020002
e_17_1 17 1 8 0.0125 -0.128566 0.0478108 0.221988 0.793612 -0.289589 -0.533081 -0.0462843 0.020001
e_1_18 1 18 1 0.0125 -0.139728 0.0572887 0.23311 0.957841 -0.214312 -0.173168 -0.0813923 0.02
e_18_19 18 19 2 0.0125 -0.143396 0.0655848 0.250769 0.97466 -0.195246 -0.0547947 -0.0944139 0.02
e_19_20 19 20 3 0.0125 -0.143645 0.0747359 0.268451 0.95263 -0.27308 -0.0145531 -0.133083 0.02
e_20_21 20 21 4 0.0125 -0.140395 0.0853723 0.284896 0.932543 -0.306253 0.0958722 -0.165475 0.02
e_21_4 21 4 5 0.0125 -0.134319 0.0959355 0.300746 0.931442 -0.299335 0.122012 -0.167115 0.02
e_1_22 1 22 1 0.0125 -0.130884 0.0433498 0.218459 0.343607 0.827736 -0.236311 0.375426 0.025598
e_22_23 22 23 2 0.0125 -0.116885 0.0221471 0.205928 0.416894 0.83603 -0.073926 0.34898 0.031124
e_23_24 23 24 3 0.0125 -0.105033 0.00262534 0.192553 0.193714 0.71093 -0.555112 0.38588 0.022365
e_24_3 24 3 4 0.0125 -0.0988451 -0.0117846 0.177759 0.0824497 0.521222 -0.774839 0.348073 0.020913
