20
1 22 21
3 0.0560084 -0.211803 0.0423115 0.0125
23 0.0404689 -0.202662 0.0509705 0.0125
22 0.0234206 -0.197486 0.0600568 0.0125
21 0.00524874 -0.189611 0.0628438 0.0125
20 -0.0121515 -0.181591 0.0685797 0.0125
4 -0.0702024 -0.209922 0.155498 0.0125
10 0.161445 -0.103002 0.017265 0.0125
5 0.270193 -0.0252881 0.0184736 0.0125
6 0.0841781 -0.152537 0.0114939 0.0125
9 0.244818 -0.0907829 0.0122011 0.0125
2 0.229656 -0.116066 0.0124715 0.0125
19 -0.0611099 -0.198707 0.139908 0.0125
8 0.185466 -0.128188 0.0124274 0.0125
11 0.126254 -0.0969548 0.0194574 0.0125
12 0.0897035 -0.101778 0.0156068 0.0125
13 0.0639011 -0.115127 0.0128156 0.0125
14 0.0404341 -0.12485 0.0187018 0.0125
15 -0.000564321 -0.149584 0.042022 0.0125
16 -0.0166076 -0.161167 0.0545034 0.0125
1 -0.0298542 -0.17329 0.0727897 0.0125
18 -0.0558398 -0.192174 0.120916 0.0125
17 -0.0444519 -0.185416 0.103646 0.0125
e_2_8 2 8 1 0.0125 0.207561 -0.122128 0.0124496 0.678932 0.369359 -0.603367 -0.196402 0.045823
e_8_6 8 6 2 0.0125 0.134822 -0.140362 0.0119614 0.675076 0.354906 -0.615242 -0.199475 0.104177
e_2_9 2 9 1 0.0125 0.237238 -0.103424 0.0123365 0.662057 -0.448974 0.550453 0.238963 0.029482
e_9_5 9 5 2 0.0125 0.257506 -0.0580358 0.0153378 0.71049 -0.540158 0.404667 0.199193 0.070518
e_2_10 2 10 1 0.0125 0.195551 -0.109534 0.0148686 0.703366 0.0591771 -0.679755 -0.199269 0.069616
e_10_11 10 11 2 0.0125 0.14385 -0.0999784 0.0183605 0.700199 0.0746691 -0.681024 -0.200878 0.035774
e_11_12 11 12 3 0.0125 0.107978 -0.0993668 0.0175314 0.63355 0.329735 -0.665738 -0.216059 0.037068
e_12_13 12 13 4 0.0125 0.0768023 -0.108453 0.0142112 0.646287 0.508427 -0.537887 -0.185722 0.029185
e_13_14 13 14 5 0.0125 0.0521675 -0.119989 0.015758 0.765933 0.351924 -0.513098 -0.161948 0.026074
e_14_15 14 15 6 0.0125 0.0199344 -0.137217 0.0303619 0.838823 0.337168 -0.409124 -0.12374 0.053259
e_15_16 15 16 7 0.0125 -0.00858594 -0.155376 0.0482627 0.869436 0.327262 -0.35518 -0.104055 0.023395
e_16_1 16 1 8 0.0125 -0.0232309 -0.167229 0.0636462 0.923187 0.275034 -0.26 -0.0669481 0.025629
e_1_17 1 17 1 0.0125 -0.0371531 -0.179353 0.0882177 0.961409 0.182478 -0.20199 -0.0399422 0.036225
e_17_18 17 18 2 0.0125 -0.0501464 -0.188795 0.112281 0.944998 0.181502 -0.265095 -0.0613188 0.021763
e_18_19 18 19 3 0.0125 -0.0584749 -0.19544 0.130412 0.97834 0.162532 -0.127501 -0.0133598 0.020763
e_19_4 19 4 4 0.0125 -0.0656566 -0.204314 0.147704 0.929554 0.296008 -0.213363 -0.0527741 0.021249
e_1_20 1 20 1 0.0125 -0.0210029 -0.17744 0.070684 0.601958 0.518197 0.580288 0.179955 0.02
e_20_21 20 21 2 0.0125 -0.00345135 -0.185601 0.0657115 0.569065 0.540814 0.592375 0.181046 0.02
e_21_22 21 22 3 0.0125 0.0143351 -0.193547 0.0614502 0.629736 0.482042 0.580785 0.183729 0.02
e_22_23 22 23 4 0.0125 0.0319453 -0.200073 0.0555139 0.482699 0.540748 0.659361 0.199593 0.02
e_23_3 23 3 5 0.0125 0.0482381 -0.207232 0.0466407 0.507003 0.631644 0.563455 0.162766 0.02
2 22 21
3 0.307372 -0.15586 0.0801768 0.0125
23 0.287615 -0.154551 0.0773556 0.0125
22 0.269496 -0.153402 0.0689683 0.0125
21 0.250711 -0.156364 0.062773 0.0125
20 0.231269 -0.158039 0.0583937 0.0125
4 0.159556 -0.240393 0.055551 0.0125
6 0.142498 0.159154 0.102573 0.0125
11 0.159407 0.155534 0.0900344 0.0125
10 0.172416 0.151568 0.0749988 0.0125
9 0.208356 0.141838 0.0472317 0.0125
2 0.25774 0.129215 0.0121487 0.0125
19 0.194668 -0.182913 0.0576312 0.0125
8 0.225773 0.136684 0.0357457 0.0125
12 0.27499 0.144959 0.0229311 0.0125
5 0.326546 0.191687 0.0489197 0.0125
13 0.211826 -0.0319095 0.011481 0.0125
14 0.212481 -0.0572413 0.015004 0.0125
15 0.215468 -0.0807478 0.0255909 0.0125
16 0.214537 -0.0994359 0.0339519 0.0125
17 0.21354 -0.117994 0.0424295 0.0125
18 0.212567 -0.13615 0.050764 0.0125
1 0.211529 -0.154999 0.0573709 0.0125
e_2_8 2 8 1 0.0125 0.241756 0.132949 0.0239473 0.483549 -0.429375 -0.154287 0.747002 0.04043
e_8_9 8 9 2 0.0125 0.217064 0.139261 0.0414889 0.420874 -0.471493 -0.102227 0.768185 0.02149
e_9_10 9 10 3 0.0125 0.190386 0.146703 0.0611158 0.494734 -0.42536 -0.14199 0.74441 0.046447
e_10_11 10 11 4 0.0125 0.165912 0.153551 0.0825169 0.645629 -0.320765 -0.162184 0.673773 0.020275
e_11_6 11 6 5 0.0125 0.150952 0.157345 0.0963043 0.490443 -0.423297 -0.165219 0.743632 0.021359
e_2_12 2 12 1 0.0125 0.266365 0.137087 0.0175399 0.748866 -0.140704 0.520218 0.385716 0.025724
e_12_5 12 5 2 0.0125 0.300768 0.168323 0.0359253 0.728998 -0.144956 0.551401 0.378822 0.074276
e_2_13 2 13 1 0.0125 0.234783 0.0486527 0.0118142 0.383554 0.533331 0.466425 -0.592361 0.16754
e_13_14 13 14 2 0.0125 0.212153 -0.0445753 0.013242 0.590673 0.503488 0.421472 -0.469006 0.025584
e_14_15 14 15 3 0.0125 0.213975 -0.0689951 0.0202978 0.76952 0.467711 0.278004 -0.334363 0.025953
e_15_16 15 16 4 0.0125 0.215002 -0.0900924 0.0297709 0.752372 0.499267 0.216237 -0.371363 0.020494
e_16_17 16 17 5 0.0125 0.214038 -0.108715 0.0381902 0.756496 0.498378 0.209996 -0.367743 0.020427
e_17_18 17 18 6 0.0125 0.213053 -0.127071 0.0465964 0.757555 0.497984 0.208948 -0.366693 0.020001
e_18_1 18 1 7 0.0125 0.212048 -0.145574 0.0540671 0.701553 0.513235 0.267252 -0.415921 0.02
e_1_19 1 19 1 0.0125 0.203099 -0.168956 0.0575015 0.251085 0.553785 0.43511 -0.664046 0.032611
e_19_4 19 4 2 0.0125 0.177112 -0.211653 0.0565915 0.201143 0.535335 0.478389 -0.666409 0.067389
e_1_20 1 20 1 0.0125 0.221398 -0.156519 0.0578825 0.72467 0.124118 0.677515 0.0205471 0.02
e_20_21 20 21 2 0.0125 0.24099 -0.157201 0.0605829 0.769133 0.0539072 0.62258 0.133878 0.02
e_21_22 21 22 3 0.0125 0.260104 -0.154883 0.0658705 0.790685 0.0341361 0.586481 0.172312 0.02
e_22_23 22 23 4 0.0125 0.278555 -0.153976 0.0731615 0.835212 0.104101 0.528646 0.110081 0.02
e_23_3 23 3 5 0.0125 0.297494 -0.155206 0.0787667 0.752457 0.100101 0.647659 0.0657685 0.02
3 25 24
3 0.38017 -0.0730882 0.148707 0.0125
26 0.373828 -0.0864236 0.135148 0.0125
25 0.368029 -0.0989506 0.120604 0.0125
24 0.362483 -0.107835 0.0981699 0.0125
4 0.312107 -0.208852 0.0751854 0.0125
23 0.317363 -0.190583 0.0689733 0.0125
22 0.320901 -0.171187 0.0656138 0.0125
21 0.33046 -0.153796 0.0631298 0.0125
20 0.340421 -0.136547 0.0649404 0.0125
12 0.089921 -0.198794 0.0358267 0.0125
11 0.0816125 -0.180384 0.0346598 0.0125
10 0.0725173 -0.160293 0.0333265 0.0125
9 0.0661596 -0.136391 0.0356485 0.0125
2 0.0565161 -0.0782739 0.0554751 0.0125
19 0.326683 -0.116295 0.0620992 0.0125
8 0.0603117 -0.115401 0.0401162 0.0125
6 0.0977864 -0.217046 0.0396105 0.0125
13 0.0684618 -0.102995 0.057538 0.0125
14 0.0764655 -0.133159 0.0581194 0.0125
5 0.0885115 -0.172544 0.0604831 0.0125
15 0.181309 -0.0969553 0.0648567 0.0125
16 0.239334 -0.100843 0.0570473 0.0125
17 0.271153 -0.102031 0.0563505 0.0125
18 0.306879 -0.113355 0.0595003 0.0125
1 0.35107 -0.119763 0.0671464 0.0125
e_2_8 2 8 1 0.0125 0.0584136 -0.0968382 0.0477957 0.556123 0.829135 0.0530757 0.0211206 0.040358
e_8_9 8 9 2 0.0125 0.0632353 -0.125896 0.0378827 0.62878 0.721186 0.283414 -0.0648266 0.022242
e_9_10 9 10 3 0.0125 0.0693388 -0.148342 0.0344872 0.672696 0.721642 0.161182 0.0270815 0.024841
e_10_11 10 11 4 0.0125 0.0770656 -0.170338 0.0339932 0.728126 0.622656 0.286551 -0.00452328 0.022095
e_11_12 11 12 5 0.0125 0.0857671 -0.189589 0.0352436 0.727182 0.62357 0.286946 -0.00534746 0.020231
e_12_6 12 6 6 0.0125 0.0938537 -0.20792 0.037718 0.767406 0.605453 0.199785 0.06782 0.020232
e_2_13 2 13 1 0.0125 0.0624886 -0.0906346 0.056506 0.733047 0.608213 0.304329 -0.010135 0.027533
e_13_14 13 14 2 0.0125 0.0724636 -0.118077 0.0578296 0.708277 0.693978 0.0952527 0.0875455 0.031213
e_14_5 14 5 3 0.0125 0.0824885 -0.152851 0.0593013 0.723026 0.674045 0.130465 0.0766475 0.041254
e_2_15 2 15 1 0.0125 0.118913 -0.0876146 0.0601659 0.724481 -0.00182798 0.680387 -0.110444 0.126532
e_15_16 15 16 2 0.0125 0.210321 -0.0988997 0.0609526 0.639758 -0.128451 0.741645 -0.155477 0.058676
e_16_17 16 17 3 0.0125 0.255244 -0.101438 0.0566992 0.688682 -0.0978216 0.708087 -0.121491 0.031849
e_17_18 17 18 4 0.0125 0.289017 -0.107693 0.0579254 0.72558 0.0927146 0.670458 -0.124195 0.037609
e_18_19 18 19 5 0.0125 0.316781 -0.114825 0.0608001 0.745447 0.0153192 0.659863 -0.0930313 0.020189
e_19_1 19 1 6 0.0125 0.338877 -0.118028 0.0646228 0.771783 0.0331598 0.631295 -0.0686837 0.025144
e_1_20 1 20 1 0.0125 0.345745 -0.128155 0.0660434 0.310899 -0.0598684 -0.742679 0.590072 0.02
e_20_21 20 21 2 0.0125 0.335441 -0.145172 0.0640351 0.334948 -0.00287364 -0.738412 0.585278 0.02
e_21_22 21 22 3 0.0125 0.325681 -0.162491 0.0643718 0.493457 0.141734 -0.64638 0.564451 0.02
e_22_23 22 23 4 0.0125 0.319133 -0.180885 0.0672936 0.62484 0.452139 -0.459971 0.439968 0.02
e_23_4 23 4 5 0.0125 0.314735 -0.199718 0.0720797 0.656806 0.362951 -0.461489 0.47318 0.02
e_1_24 1 24 1 0.0125 0.356776 -0.113798 0.0826584 0.928261 -0.118621 0.211027 0.282362 0.035143
e_24_25 24 25 2 0.0125 0.365257 -0.103392 0.109387 0.925215 -0.137565 0.167361 0.311518 0.024758
e_25_26 25 26 3 0.0125 0.370929 -0.0926874 0.127876 0.886856 -0.274883 0.248586 0.275918 0.020052
e_26_3 26 3 4 0.0125 0.376998 -0.0797559 0.141927 0.876721 -0.298127 0.270064 0.263716 0.020047
4 25 24
3 -0.0275679 0.0388121 0.151421 0.0125
26 -0.0317296 0.0467001 0.133519 0.0125
25 -0.034356 0.0571644 0.116678 0.0125
24 -0.034004 0.0658276 0.0986554 0.0125
23 -0.0340641 0.0752642 0.0810222 0.0125
4 0.0497701 0.103925 0.0114869 0.0125
22 0.0304147 0.101981 0.025727 0.0125
21 0.0114463 0.1006 0.0393313 0.0125
20 -0.00664287 0.0976502 0.0500431 0.0125
5 -0.388507 0.0712057 0.188527 0.0125
10 -0.365614 0.0746409 0.177286 0.0125
6 -0.409249 0.147504 0.22235 0.0125
9 -0.342874 0.0784876 0.167608 0.0125
2 -0.295049 0.0801739 0.15595 0.0125
19 -0.0490231 0.0969136 0.0641055 0.0125
8 -0.342868 0.0971279 0.175281 0.0125
11 -0.221312 0.0986544 0.104492 0.0125
12 -0.193103 0.106268 0.0913708 0.0125
13 -0.174196 0.11435 0.0872233 0.0125
14 -0.142129 0.1172 0.0760567 0.0125
15 -0.125221 0.117425 0.0647359 0.0125
16 -0.105891 0.114301 0.0591329 0.0125
17 -0.0862232 0.109515 0.0584966 0.0125
18 -0.0666584 0.105509 0.0597804 0.0125
1 -0.0319722 0.0863672 0.0645189 0.0125
e_2_8 2 8 1 0.0125 -0.318959 0.0886509 0.165615 0.721135 0.0920997 -0.55991 -0.39747 0.054294
e_8_6 8 6 2 0.0125 -0.376059 0.122316 0.198816 0.736382 -0.0500057 -0.501588 -0.451277 0.095706
e_2_9 2 9 1 0.0125 -0.318961 0.0793304 0.161779 0.722676 0.263379 -0.558827 -0.309973 0.049254
e_9_10 9 10 2 0.0125 -0.354244 0.0765642 0.172447 0.780877 0.276252 -0.479801 -0.289321 0.025012
e_10_5 10 5 3 0.0125 -0.377061 0.072924 0.182907 0.793988 0.257402 -0.464057 -0.296611 0.025733
e_2_11 2 11 1 0.0125 -0.258181 0.0894146 0.130221 -0.2417 0.844875 -0.257817 0.401618 0.091796
e_11_12 11 12 2 0.0125 -0.207208 0.102461 0.0979315 0.349729 0.479466 0.68916 0.415764 0.03203
e_12_13 12 13 3 0.0125 -0.18365 0.110309 0.0892974 0.583833 -0.55625 0.537995 -0.245533 0.020976
e_13_14 13 14 4 0.0125 -0.158163 0.115775 0.08164 0.445758 0.463489 0.670105 0.370726 0.034076
e_14_15 14 15 5 0.0125 -0.133675 0.117313 0.0703964 0.0354886 0.878658 0.0781717 0.46967 0.020349
e_15_16 15 16 6 0.0125 -0.115556 0.115864 0.0619345 0.471376 0.590089 0.537927 0.374479 0.020367
e_16_17 16 17 7 0.0125 -0.0960573 0.111908 0.0588147 0.650135 0.407518 0.59129 0.248254 0.020251
e_17_18 17 18 8 0.0125 -0.0764415 0.107512 0.0591385 0.704887 0.305001 0.612287 0.187651 0.020012
e_18_19 18 19 9 0.0125 -0.0578408 0.101211 0.0619426 0.762071 0.386724 0.492759 0.163954 0.02009
e_19_1 19 1 10 0.0125 -0.0404972 0.0916405 0.064312 0.668571 0.554157 0.427314 0.251645 0.020054
e_1_20 1 20 1 0.0125 -0.0193069 0.0920085 0.057281 -0.362329 -0.315296 -0.794967 -0.370585 0.031279
e_20_21 20 21 2 0.0125 0.00240242 0.0991251 0.0446872 0.0165895 0.850919 0.16809 0.497401 0.021229
e_21_22 21 22 3 0.0125 0.02093 0.10129 0.032529 -0.0539826 0.888389 -0.0406104 0.454094 0.023383
e_22_4 22 4 4 0.0125 0.0400931 0.102953 0.018607 -0.0941002 0.886487 -0.0973897 0.442495 0.024109
e_1_23 1 23 1 0.0125 -0.0330182 0.0808154 0.0727702 0.944828 0.295463 -0.0112924 -0.140978 0.02
e_23_24 23 24 2 0.0125 -0.034034 0.0705459 0.0898388 0.957865 0.239943 0.0398414 -0.152755 0.02
e_24_25 24 25 3 0.0125 -0.0341805 0.0614955 0.107667 0.960432 0.220377 0.0293392 -0.167758 0.02
e_25_26 25 26 4 0.0125 -0.0330421 0.0519321 0.125099 0.952746 0.262406 0.100671 -0.115256 0.02
e_26_3 26 3 5 0.0125 -0.0296485 0.0427554 0.14247 0.962705 0.184543 0.135665 -0.144005 0.02
5 25 24
3 0.114135 -0.0540636 0.106589 0.0125
26 0.0947092 -0.0562536 0.0962427 0.0125
25 0.0758897 -0.057183 0.0866549 0.0125
24 0.0439066 -0.0679331 0.0730099 0.0125
4 -0.0529303 -0.0297402 0.0209516 0.0125
23 -0.0355708 -0.0403186 0.0344545 0.0125
22 -0.020592 -0.0493252 0.0442433 0.0125
21 0.0061301 -0.0655947 0.0607646 0.0125
1 0.0238782 -0.0692032 0.0696742 0.0125
11 0.045735 0.255786 0.0239666 0.0125
10 0.0615187 0.239965 0.0301193 0.0125
6 0.210513 0.145947 0.012536 0.0125
9 0.195061 0.157823 0.0179722 0.0125
2 0.0816342 0.217398 0.0323051 0.0125
19 0.0248886 -0.0294882 0.0644812 0.0125
8 0.173857 0.173229 0.0255808 0.0125
12 0.0277021 0.272523 0.0203064 0.0125
5 0.0131074 0.288347 0.0181249 0.0125
13 0.0639304 0.147654 0.0410118 0.0125
14 0.046679 0.116409 0.0446255 0.0125
15 0.0300654 0.0804879 0.0541039 0.0125
16 0.0267901 0.0547844 0.0586559 0.0125
17 0.0265304 0.0217165 0.0603349 0.0125
18 0.0251401 -0.00900366 0.0616427 0.0125
20 0.0245911 -0.0493393 0.0670786 0.0125
e_2_8 2 8 1 0.0125 0.127746 0.195315 0.028943 -0.281956 -0.729769 0.015653 -0.62265 0.102475
e_8_9 8 9 2 0.0125 0.184459 0.165527 0.0217766 -0.517426 -0.733297 -0.318858 -0.304756 0.027293
e_9_6 9 6 3 0.0125 0.202787 0.151886 0.0152533 -0.534492 -0.724328 -0.331214 -0.282781 0.020232
e_2_10 2 10 1 0.0125 0.0715763 0.228682 0.0312125 0.671815 -0.458779 -0.570597 -0.11227 0.03031
e_10_11 10 11 2 0.0125 0.0536269 0.247875 0.027043 0.601166 -0.487575 -0.628491 -0.0766119 0.023179
e_11_12 11 12 3 0.0125 0.0367188 0.264154 0.0221366 0.649152 -0.451847 -0.607783 -0.0709603 0.024874
e_12_5 12 5 4 0.0125 0.0204048 0.280435 0.0192156 0.662454 -0.461013 -0.581269 -0.103675 0.021637
e_2_13 2 13 1 0.0125 0.0727828 0.182526 0.0366579 0.422365 0.228121 -0.622816 0.617793 0.072481
e_13_14 13 14 2 0.0125 0.0553051 0.132032 0.0428192 0.493659 0.148662 -0.653854 0.553783 0.035874
e_14_15 14 15 3 0.0125 0.0383721 0.098448 0.049365 0.56451 0.223462 -0.577591 0.545693 0.040696
e_15_16 15 16 4 0.0125 0.0284275 0.0676361 0.0563806 0.429437 0.290382 -0.573729 0.634112 0.026308
e_16_17 16 17 5 0.0125 0.0266608 0.0382509 0.0594956 0.249554 0.232123 -0.648671 0.680491 0.033111
e_17_18 17 18 6 0.0125 0.0258355 0.00635643 0.0609881 0.261003 0.220702 -0.655774 0.673148 0.03078
e_18_19 18 19 7 0.0125 0.0250137 -0.0192457 0.0630621 0.350129 0.297802 -0.58539 0.667864 0.020682
e_19_20 19 20 8 0.0125 0.0247396 -0.0394138 0.0657806 0.342457 0.291754 -0.591633 0.669009 0.020022
e_20_1 20 1 9 0.0125 0.0242349 -0.0592716 0.0683765 0.350751 0.286787 -0.594144 0.66462 0.020045
e_1_21 1 21 1 0.0125 0.0150033 -0.0673989 0.0652191 0.509302 -0.385133 -0.756554 0.141104 0.020184
e_21_22 21 22 2 0.0125 -0.00723124 -0.0574595 0.0525039 0.515808 -0.475172 -0.712531 0.0212923 0.035379
e_22_23 22 23 3 0.0125 -0.0280812 -0.0448217 0.0393493 0.505073 -0.479137 -0.717463 0.023979 0.020033
e_23_4 23 4 4 0.0125 -0.0442506 -0.03503 0.0277034 0.471992 -0.496342 -0.728209 0.0240846 0.024404
e_1_24 1 24 1 0.0125 0.0338916 -0.0685681 0.0713418 0.20396 -0.6327 0.133075 -0.735107 0.020344
e_24_25 24 25 2 0.0125 0.0598983 -0.0625586 0.079832 0.439803 -0.543709 0.130105 -0.70287 0.036396
e_25_26 25 26 3 0.0125 0.0852993 -0.0567191 0.0914487 0.449399 -0.457245 0.253309 -0.724432 0.021142
e_26_3 26 3 4 0.0125 0.104422 -0.0551588 0.101416 0.470754 -0.460046 0.233413 -0.715728 0.022118
6 21 20
3 -0.313735 -0.193061 0.0637444 0.0125
22 -0.298118 -0.205546 0.0677792 0.0125
21 -0.282819 -0.217794 0.0718751 0.0125
20 -0.26941 -0.229295 0.0820677 0.0125
4 -0.201688 -0.253988 0.0120148 0.0125
6 -0.365187 0.0449947 0.0114529 0.0125
11 -0.344085 0.0442268 0.0199887 0.0125
10 -0.31945 0.0439288 0.030101 0.0125
9 -0.299124 0.0423324 0.0396589 0.0125
2 -0.225565 0.042519 0.0653308 0.0125
19 -0.229024 -0.254536 0.0794168 0.0125
8 -0.277158 0.0431677 0.0496669 0.0125
12 -0.208934 0.0317451 0.0530039 0.0125
5 -0.159481 -0.0105941 0.0125212 0.0125
13 -0.224584 0.0106659 0.0691859 0.0125
14 -0.22938 -0.136664 0.0806002 0.0125
15 -0.227715 -0.172181 0.0846678 0.0125
16 -0.233478 -0.193139 0.0887505 0.0125
17 -0.239509 -0.212592 0.0944087 0.0125
18 -0.245139 -0.231927 0.0982681 0.0125
1 -0.244397 -0.252111 0.101801 0.0125
e_2_8 2 8 1 0.0125 -0.251362 0.0428429 0.0574989 0.571015 -0.238115 -0.767168 0.1694 0.053922
e_8_9 8 9 2 0.0125 -0.288141 0.04275 0.0446629 0.515973 -0.222735 -0.810914 0.163032 0.024152
e_9_10 9 10 3 0.0125 -0.309287 0.0431303 0.0348795 0.528231 -0.211855 -0.816901 0.0936065 0.022518
e_10_11 10 11 4 0.0125 -0.331768 0.0440777 0.0250446 0.537927 -0.224597 -0.799641 0.144099 0.026631
e_11_6 11 6 5 0.0125 -0.354636 0.044611 0.0157212 0.543582 -0.223409 -0.798405 0.130984 0.022776
e_2_12 2 12 1 0.0125 -0.217249 0.0371323 0.0591679 -0.401864 0.0188358 -0.873919 0.272792 0.023338
e_12_5 12 5 2 0.0125 -0.184207 0.0105753 0.0327622 -0.368972 7.38883e-05 -0.874092 0.315946 0.076662
e_2_13 2 13 1 0.0125 -0.225075 0.026592 0.0672586 -0.17361 -0.133945 -0.649621 0.727949 0.0321
e_13_14 13 14 2 0.0125 -0.226982 -0.0629987 0.0748934 -0.133287 -0.145029 -0.663603 0.721687 0.147849
e_14_15 14 15 3 0.0125 -0.228548 -0.154423 0.0826341 -0.181017 -0.131071 -0.65268 0.723921 0.035789
e_15_16 15 16 4 0.0125 -0.230597 -0.18266 0.0867092 -0.0204594 -0.185618 -0.610928 0.769347 0.022116
e_16_17 16 17 5 0.0125 -0.236494 -0.202865 0.0915802 -0.0161239 -0.190832 -0.57424 0.795972 0.021137
e_17_18 17 18 6 0.0125 -0.242325 -0.22226 0.0963384 -0.0125822 -0.188095 -0.608705 0.770675 0.020504
e_18_1 18 1 7 0.0125 -0.244768 -0.242019 0.100034 -0.185391 -0.13273 -0.629459 0.742828 0.020504
e_1_19 1 19 1 0.0125 -0.23671 -0.253323 0.0906091 -0.293867 0.0296787 -0.953756 0.0557711 0.027263
e_19_4 19 4 2 0.0125 -0.215356 -0.254261 0.0457153 -0.191492 0.0107313 -0.981434 -0.00174348 0.072737
e_1_20 1 20 1 0.0125 -0.256903 -0.240703 0.0919343 0.40272 -0.095217 -0.861815 -0.293302 0.039186
e_20_21 20 21 2 0.0125 -0.276114 -0.223545 0.0769713 0.415306 -0.101912 -0.859938 -0.278643 0.020396
e_21_22 21 22 3 0.0125 -0.290469 -0.21167 0.0698263 0.552131 -0.131883 -0.76478 -0.304744 0.020022
e_22_3 22 3 4 0.0125 -0.305927 -0.199303 0.0657614 0.555108 -0.132617 -0.762451 -0.304856 0.020396
7 26 25
3 0.0441615 0.055108 0.120133 0.0125
27 0.0327988 0.0330306 0.108305 0.0125
26 0.0235471 0.0186999 0.0971279 0.0125
25 0.0082718 -0.00120806 0.0901105 0.0125
4 0.0099757 0.0519441 0.0115042 0.0125
24 0.00928593 0.0370782 0.0248644 0.0125
23 0.00584861 0.0235102 0.0391506 0.0125
22 0.00237311 0.00970578 0.0531994 0.0125
21 -0.00456505 -0.00211562 0.0677633 0.0125
1 -0.0125682 -0.0142482 0.081502 0.0125
11 0.0304715 -0.272744 0.18214 0.0125
6 -0.112566 -0.301884 0.257009 0.0125
10 -0.0859172 -0.302335 0.245982 0.0125
9 -0.0650359 -0.302016 0.240375 0.0125
2 0.0214932 -0.285807 0.194337 0.0125
19 0.00455142 -0.0487878 0.0921181 0.0125
8 -0.0450265 -0.296927 0.232048 0.0125
12 0.0435452 -0.262567 0.170937 0.0125
13 0.0566588 -0.253576 0.158804 0.0125
14 0.0666849 -0.241642 0.146273 0.0125
5 0.0743103 -0.227831 0.13398 0.0125
15 0.0222624 -0.253683 0.179377 0.0125
16 0.0233322 -0.178897 0.149685 0.0125
17 0.012602 -0.101753 0.110073 0.0125
18 0.00848284 -0.0749184 0.100948 0.0125
20 -0.00229196 -0.0305362 0.0874524 0.0125
e_2_8 2 8 1 0.0125 -0.0117667 -0.291367 0.213192 0.797165 0.2677 -0.429319 -0.329468 0.07727
e_8_9 8 9 2 0.0125 -0.0550315 -0.299471 0.236212 0.746596 0.359706 -0.428467 -0.360031 0.022263
e_9_10 9 10 3 0.0125 -0.0754767 -0.302175 0.243179 0.724115 0.257325 -0.551496 -0.32449 0.021623
e_10_6 10 6 4 0.0125 -0.0992421 -0.302109 0.251496 0.774292 0.193572 -0.520932 -0.302706 0.028844
e_2_11 2 11 1 0.0125 0.0259827 -0.279276 0.188238 0.392728 -0.424798 0.790219 0.20215 0.02
e_11_12 11 12 2 0.0125 0.0370084 -0.267656 0.176539 0.446749 -0.304912 0.828919 0.142609 0.02
e_12_13 12 13 3 0.0125 0.0501022 -0.258071 0.164871 0.423324 -0.263454 0.85669 0.132176 0.02
e_13_14 13 14 4 0.0125 0.0616721 -0.247609 0.152539 0.3907 -0.376559 0.819445 0.184572 0.02
e_14_5 14 5 5 0.0125 0.0704974 -0.234737 0.140126 0.380044 -0.4638 0.769568 0.219591 0.02
e_2_15 2 15 1 0.0125 0.0218776 -0.269745 0.186857 0.461081 -0.712665 0.4507 0.276373 0.035445
e_15_16 15 16 2 0.0125 0.0227971 -0.21629 0.164531 0.493476 -0.721114 0.405563 0.268318 0.080471
e_16_17 16 17 3 0.0125 0.0179669 -0.140326 0.129879 0.430703 -0.762125 0.381872 0.296369 0.087382
e_17_18 17 18 4 0.0125 0.0105418 -0.0883355 0.105511 0.51874 -0.76975 0.258445 0.267581 0.028641
e_18_19 18 19 5 0.0125 0.00651711 -0.0618531 0.0965325 0.519808 -0.768896 0.259347 0.267093 0.027862
e_19_20 19 20 6 0.0125 0.00112929 -0.0396613 0.0897853 0.572614 -0.784695 0.025357 0.23606 0.020043
e_20_1 20 1 7 0.0125 -0.00742984 -0.0223918 0.0844779 0.549388 -0.792541 -0.13956 0.224887 0.020157
e_1_21 1 21 1 0.0125 -0.00856608 -0.00818161 0.074633 0.338746 -0.395139 0.829058 0.204397 0.02
e_21_22 21 22 2 0.0125 -0.00109543 0.00379537 0.0604817 0.302502 -0.388886 0.844314 0.210699 0.02
e_22_23 22 23 3 0.0125 0.00411086 0.016608 0.046175 0.285532 -0.510875 0.768258 0.259341 0.02
e_23_24 23 24 4 0.0125 0.00756761 0.030294 0.0320078 0.276228 -0.500761 0.778716 0.257948 0.02
e_24_4 24 4 5 0.0125 0.00963068 0.0445118 0.018184 0.284218 -0.606098 0.683129 0.29189 0.02
e_1_25 1 25 1 0.0125 -0.00214785 -0.00772828 0.0858066 0.815263 -0.292186 0.499387 0.02422 0.026047
e_25_26 25 26 2 0.0125 0.0159094 0.00874595 0.0936185 0.792221 -0.438131 0.416398 0.0839027 0.026056
e_26_27 26 27 3 0.0125 0.0281732 0.0258651 0.102716 0.879344 -0.390861 0.270519 0.0283029 0.020394
e_27_3 27 3 4 0.0125 0.03848 0.0440699 0.114219 0.843095 -0.454485 0.280028 0.0649467 0.027504
8 25 24
3 -0.103381 -0.192261 0.175053 0.0125
26 -0.0473901 -0.174419 0.151176 0.0125
4 0.0258705 -0.129003 0.217697 0.0125
25 0.0156208 -0.137889 0.203002 0.0125
24 0.0052155 -0.146574 0.188294 0.0125
23 -0.0049425 -0.153423 0.172485 0.0125
22 -0.00963479 -0.160275 0.154291 0.0125
1 -0.0145281 -0.167964 0.136489 0.0125
21 -0.0180657 -0.149759 0.129003 0.0125
11 -0.0766865 0.063386 0.047328 0.0125
10 -0.0818016 0.0739127 0.0638878 0.0125
6 0.00854899 0.156709 0.0114604 0.0125
9 -0.0523627 0.129626 0.0690141 0.0125
2 -0.0964079 0.0948543 0.0936557 0.0125
19 -0.0128183 -0.113109 0.114674 0.0125
8 -0.0709152 0.114623 0.0843225 0.0125
12 -0.0756097 0.0528664 0.0301839 0.0125
5 -0.0743266 0.0449628 0.0114632 0.0125
13 -0.0835255 0.07223 0.102863 0.0125
14 -0.0376245 0.0235856 0.120625 0.0125
15 -0.0206508 -0.00544648 0.121716 0.0125
16 -0.0137697 -0.0290981 0.119712 0.0125
17 -0.0134104 -0.070833 0.114002 0.0125
18 -0.0131089 -0.0933568 0.111416 0.0125
20 -0.0152117 -0.132355 0.119569 0.0125
e_2_8 2 8 1 0.0125 -0.0836617 0.104739 0.088989 0.567468 -0.670278 0.435536 -0.197523 0.033583
e_8_9 8 9 2 0.0125 -0.0616389 0.122124 0.076668 0.439765 -0.778141 0.40559 -0.191313 0.028347
e_9_6 9 6 3 0.0125 -0.0219074 0.143167 0.0402366 0.34332 -0.774442 0.47644 -0.23532 0.08807
e_2_10 2 10 1 0.0125 -0.0891047 0.0843831 0.0787715 -0.0854547 -0.709358 0.613457 -0.336422 0.039218
e_10_11 10 11 2 0.0125 -0.079244 0.0686493 0.0556079 -0.18942 -0.861247 0.408135 -0.236219 0.020278
e_11_12 11 12 3 0.0125 -0.0761486 0.0581263 0.0387566 -0.271302 -0.962053 0.00393467 -0.0288778 0.020143
e_12_5 12 5 4 0.0125 -0.0749687 0.048915 0.0208238 -0.196985 -0.979146 0.0314277 -0.0385067 0.020362
e_2_13 2 13 1 0.0125 -0.0899667 0.0835419 0.0982597 0.805483 0.448091 0.364013 -0.133811 0.027615
e_13_14 13 14 2 0.0125 -0.060575 0.0479078 0.111744 0.760325 0.306984 0.526707 -0.224157 0.0692
e_14_15 14 15 3 0.0125 -0.0291376 0.00906954 0.12117 0.682139 0.459862 0.521846 -0.225588 0.033648
e_15_16 15 16 4 0.0125 -0.0172102 -0.0172726 0.120714 0.666385 0.656413 0.33114 -0.124093 0.024713
e_16_17 16 17 5 0.0125 -0.01359 -0.0499656 0.116857 0.646478 0.742111 -0.130596 0.119512 0.042125
e_17_18 17 18 6 0.0125 -0.0132602 -0.0820946 0.112709 0.655968 0.737196 -0.116452 0.112634 0.022674
e_18_19 18 19 7 0.0125 -0.0129641 -0.103232 0.113045 0.75659 0.643152 -0.0707133 0.0944795 0.020021
e_19_20 19 20 8 0.0125 -0.0140151 -0.122732 0.117121 0.771711 0.580811 -0.200762 0.163754 0.020002
e_20_21 20 21 9 0.0125 -0.0166388 -0.141056 0.124285 0.844109 0.484278 -0.172144 0.152712 0.020001
e_21_1 21 1 10 0.0125 -0.0162964 -0.158861 0.132746 0.828911 0.549983 0.101839 0.00733206 0.02
e_1_22 1 22 1 0.0125 -0.0120809 -0.16412 0.145389 0.972143 -0.197984 0.125449 -0.0018751 0.02
e_22_23 22 23 2 0.0125 -0.00728856 -0.15685 0.163388 0.97717 -0.175119 0.120292 0.00139275 0.02
e_23_24 23 24 3 0.0125 0.000136035 -0.149999 0.18039 0.943425 -0.200828 0.253897 -0.0717929 0.02
e_24_25 24 25 4 0.0125 0.0104176 -0.142231 0.195648 0.928381 -0.255129 0.259273 -0.0761307 0.02
e_25_4 25 4 5 0.0125 0.0207457 -0.133446 0.210349 0.928387 -0.259675 0.255303 -0.0740696 0.02
e_1_26 1 26 1 0.0125 -0.0309586 -0.171192 0.143832 0.767713 -0.117338 -0.53424 0.333821 0.036569
e_26_3 26 3 2 0.0125 -0.0753855 -0.183341 0.163115 0.754876 -0.0663868 -0.554417 0.34406 0.063431
9 22 21
3 0.0701189 -0.0360998 0.11699 0.0125
23 0.0475739 -0.0257872 0.125269 0.0125
4 0.0485976 0.0550672 0.144127 0.0125
22 0.0347833 0.0423724 0.151057 0.0125
21 0.023401 0.0260072 0.152679 0.0125
20 0.00934 0.0121186 0.149617 0.0125
10 -0.175217 -0.129128 0.0472756 0.0125
5 -0.196154 -0.248553 0.0680691 0.0125
6 -0.17385 -0.260778 0.121348 0.0125
9 -0.212496 -0.225488 0.0578318 0.0125
2 -0.239548 -0.171141 0.0231112 0.0125
19 -0.00470845 -0.00169207 0.146168 0.0125
8 -0.20859 -0.195979 0.0611586 0.0125
11 -0.158653 -0.117766 0.0560078 0.0125
12 -0.124568 -0.0932658 0.0733121 0.0125
13 -0.106222 -0.0801057 0.0826362 0.0125
14 -0.0855643 -0.0651561 0.0934929 0.0125
15 -0.0750649 -0.0509325 0.102848 0.0125
16 -0.061633 -0.0412839 0.114097 0.0125
17 -0.0476898 -0.0320596 0.125081 0.0125
18 -0.0348898 -0.0221804 0.136852 0.0125
1 -0.0214247 -0.0125116 0.148042 0.0125
e_2_8 2 8 1 0.0125 -0.224069 -0.18356 0.0421343 0.867798 0.333146 0.207402 0.304837 0.054981
e_8_6 8 6 2 0.0125 -0.19122 -0.228379 0.0912534 0.814479 0.427693 0.0188158 0.391597 0.095019
e_2_9 2 9 1 0.0125 -0.226022 -0.198315 0.0404717 0.747278 0.500671 -0.0330797 0.435671 0.069935
e_9_5 9 5 2 0.0125 -0.204324 -0.23702 0.0629504 0.676933 0.574138 0.0109969 0.460441 0.030065
e_2_10 2 10 1 0.0125 -0.207383 -0.150134 0.0351928 0.774095 -0.44904 0.385175 -0.225345 0.080545
e_10_11 10 11 2 0.0125 -0.166935 -0.123448 0.0516415 0.814824 -0.403957 0.370766 -0.188184 0.021902
e_11_12 11 12 3 0.0125 -0.141611 -0.105515 0.0646595 0.806683 -0.423642 0.360517 -0.199544 0.045404
e_12_13 12 13 4 0.0125 -0.115395 -0.0866853 0.0779739 0.806981 -0.422862 0.361002 -0.199116 0.024427
e_13_14 13 14 5 0.0125 -0.0958933 -0.0726314 0.0880648 0.810913 -0.419094 0.358467 -0.195658 0.027715
e_14_15 14 15 6 0.0125 -0.0803142 -0.0580444 0.0981702 0.834242 -0.473825 0.204038 -0.194676 0.020002
e_15_16 15 16 7 0.0125 -0.0683488 -0.0461075 0.108472 0.875389 -0.322741 0.338565 -0.122092 0.020001
e_16_17 16 17 8 0.0125 -0.0546614 -0.0366717 0.119589 0.871764 -0.313828 0.356315 -0.120749 0.020003
e_17_18 17 18 9 0.0125 -0.0412902 -0.0271199 0.130967 0.883595 -0.321643 0.319799 -0.11634 0.02
e_18_1 18 1 10 0.0125 -0.0281573 -0.017346 0.142447 0.874372 -0.324303 0.339243 -0.123347 0.02
e_1_19 1 19 1 0.0125 -0.0130673 -0.0071015 0.147105 0.552189 -0.684662 0.279422 -0.38503 0.02
e_19_20 19 20 2 0.0125 0.00231603 0.00521254 0.147892 0.705312 -0.593902 0.247091 -0.297929 0.02
e_20_21 20 21 3 0.0125 0.0163711 0.0190635 0.151148 0.695452 -0.604663 0.240451 -0.304815 0.02
e_21_22 21 22 4 0.0125 0.0290921 0.0341898 0.151868 0.572456 -0.734557 0.0313554 -0.362956 0.02
e_22_4 22 4 5 0.0125 0.0416905 0.0487193 0.147592 0.369977 -0.819891 -0.0321964 -0.435728 0.02
e_1_23 1 23 1 0.0125 0.0130748 -0.0191497 0.136655 0.536366 0.465075 0.661709 0.241161 0.073863
e_23_3 23 3 2 0.0125 0.0588462 -0.0309437 0.121129 0.225223 0.81095 -0.027127 0.539351 0.026137
10 20 19
3 -0.0370881 0.259557 0.0631004 0.0125
21 -0.0529947 0.251684 0.0538816 0.0125
20 -0.0705921 0.244947 0.0471775 0.0125
19 -0.0861866 0.233056 0.04325 0.0125
11 -0.0291896 0.0529393 0.239373 0.0125
10 -0.0445764 0.0378373 0.238438 0.0125
6 0.0503485 0.0523142 0.181049 0.0125
9 -0.05988 0.0240738 0.237582 0.0125
2 -0.0781675 0.00114974 0.239052 0.0125
8 -0.0576124 0.00938984 0.229322 0.0125
5 -0.00615312 0.0680881 0.246422 0.0125
12 -0.0858653 0.0586517 0.157228 0.0125
13 -0.100804 0.10348 0.118193 0.0125
14 -0.104639 0.128395 0.0966925 0.0125
15 -0.113545 0.188183 0.0446038 0.0125
1 -0.11434 0.208508 0.0292585 0.0125
18 -0.101099 0.221045 0.0374741 0.0125
16 -0.0807953 0.203586 0.0238571 0.0125
17 -0.0501445 0.198406 0.0184647 0.0125
4 -0.0167874 0.194229 0.0126372 0.0125
e_2_8 2 8 1 0.0125 -0.0678899 0.00526979 0.234187 0.545793 -0.35531 0.758219 -0.0311164 0.024189
e_8_6 8 6 2 0.0125 -0.00363245 0.0308522 0.205185 0.554199 -0.351197 0.753995 -0.0318859 0.125811
e_2_9 2 9 1 0.0125 -0.0690241 0.0126115 0.238316 0.681281 -0.491767 0.532172 0.103989 0.029361
e_9_10 9 10 2 0.0125 -0.0522283 0.0309552 0.238009 0.719051 -0.417551 0.552145 0.0612619 0.0206
e_10_11 10 11 3 0.0125 -0.0368831 0.045388 0.238905 0.718633 -0.43254 0.539663 0.0723915 0.02158
e_11_5 11 5 4 0.0125 -0.0176706 0.0605134 0.242897 0.789508 -0.322187 0.521883 0.0226103 0.028458
e_2_12 2 12 1 0.0125 -0.0820163 0.029901 0.198141 0.213239 -0.753469 0.583235 0.215987 0.100303
e_12_13 12 13 2 0.0125 -0.0933353 0.0810659 0.137711 0.303361 -0.811906 0.399067 0.299207 0.061291
e_13_14 13 14 3 0.0125 -0.102722 0.115938 0.107443 0.323828 -0.78131 0.46263 0.265826 0.033132
e_14_15 14 15 4 0.0125 -0.109092 0.158288 0.0706484 0.322218 -0.780243 0.466489 0.264167 0.079794
e_15_1 15 1 5 0.0125 -0.113942 0.198345 0.0369311 0.368398 -0.758564 0.47509 0.251305 0.02548
e_1_16 1 16 1 0.0125 -0.0975683 0.206047 0.0265579 0.627586 -0.0853837 0.755896 -0.16573 0.034331
e_16_17 16 17 2 0.0125 -0.0654696 0.200996 0.0211605 0.620672 -0.0777084 0.761195 -0.1712 0.03155
e_17_4 17 4 3 0.0125 -0.0334657 0.196317 0.0155506 0.623543 -0.0973093 0.758899 -0.160617 0.034118
e_1_18 1 18 1 0.0125 -0.107719 0.214777 0.0333663 0.837539 -0.342825 0.420826 0.0624901 0.02
e_18_19 18 19 2 0.0125 -0.0936424 0.227051 0.0403617 0.801435 -0.346968 0.484992 0.0458071 0.02
e_19_20 19 20 3 0.0125 -0.0783893 0.239002 0.0452137 0.772395 -0.357773 0.523265 0.0399753 0.02
e_20_21 20 21 4 0.0125 -0.0617932 0.248316 0.050529 0.816561 -0.224945 0.530852 -0.0287177 0.02
e_21_3 21 3 5 0.0125 -0.0450414 0.255621 0.058491 0.854667 -0.233028 0.463915 -0.00504861 0.02
11 21 20
3 -0.0210556 -0.146944 0.100208 0.0125
22 -0.00148938 -0.150355 0.10256 0.0125
21 0.0184259 -0.149505 0.100931 0.0125
20 0.0374927 -0.144295 0.0978786 0.0125
19 0.0564728 -0.138065 0.0988473 0.0125
11 -0.0844366 0.0834034 0.198672 0.0125
10 -0.0740112 0.0934451 0.212473 0.0125
6 0.0458722 0.196303 0.180739 0.0125
9 0.027261 0.185735 0.184524 0.0125
2 -0.0627812 0.10427 0.224992 0.0125
8 0.00427635 0.168246 0.191434 0.0125
12 -0.0948309 0.0735756 0.184694 0.0125
13 -0.109474 0.0678159 0.172349 0.0125
5 -0.12318 0.0617876 0.159089 0.0125
14 -0.0102299 0.0181375 0.178239 0.0125
15 -0.00082495 -0.00046371 0.17117 0.0125
16 0.00967853 -0.0212462 0.163809 0.0125
17 0.0235235 -0.048543 0.152952 0.0125
1 0.0748338 -0.130292 0.100417 0.0125
18 0.0919028 -0.126385 0.0879978 0.0125
4 0.154404 -0.11222 0.0426064 0.0125
e_2_8 2 8 1 0.0125 -0.0292526 0.136259 0.208213 0.573016 -0.524946 0.628218 0.0377615 0.098569
e_8_9 8 9 2 0.0125 0.0157687 0.17699 0.187978 0.619142 -0.456865 0.638442 0.0181526 0.029696
e_9_6 9 6 3 0.0125 0.036567 0.191019 0.182632 0.642534 -0.387123 0.661221 -0.0085055 0.021735
e_2_10 2 10 1 0.0125 -0.0683956 0.0988573 0.218732 0.218803 -0.243337 -0.868191 0.373037 0.02
e_10_11 10 11 2 0.0125 -0.0792237 0.0884238 0.205572 -0.1256 -0.830943 -0.393135 0.373099 0.02
e_11_12 11 12 3 0.0125 -0.0896337 0.0784902 0.191683 -0.158401 -0.869856 -0.304635 0.3542 0.02
e_12_13 12 13 4 0.0125 -0.102152 0.0706961 0.178522 0.137263 -0.691276 -0.575119 0.415373 0.02
e_13_5 13 5 5 0.0125 -0.116326 0.0648016 0.165719 0.0638319 -0.767458 -0.492436 0.405513 0.02
e_2_14 2 14 1 0.0125 -0.0365052 0.0612037 0.201616 0.447272 0.353474 0.765026 -0.299564 0.111204
e_14_15 14 15 2 0.0125 -0.00552785 0.00883688 0.174705 0.502166 0.439295 0.683819 -0.295365 0.02201
e_15_16 15 16 3 0.0125 0.00442638 -0.0108548 0.167489 0.51354 0.445466 0.672513 -0.29251 0.024422
e_16_17 16 17 4 0.0125 0.0166008 -0.0348949 0.15838 0.494536 0.434181 0.691844 -0.297108 0.032476
e_17_1 17 1 5 0.0125 0.0491782 -0.0894173 0.126685 0.411684 0.316195 0.79941 -0.302459 0.109889
e_1_18 1 18 1 0.0125 0.0833683 -0.128338 0.0942074 0.450785 -0.358483 0.812857 -0.0868715 0.021467
e_18_4 18 4 2 0.0125 0.123153 -0.119303 0.065302 0.450977 -0.357403 0.81318 -0.0872949 0.078533
e_1_19 1 19 1 0.0125 0.0656533 -0.134179 0.0996321 0.600471 -0.062113 -0.731689 0.316556 0.02
e_19_20 19 20 2 0.0125 0.046983 -0.14118 0.0983632 0.603548 -0.135461 -0.711237 0.333949 0.02
e_20_21 20 21 3 0.0125 0.0279593 -0.1469 0.0994058 0.69204 -0.101747 -0.64291 0.312082 0.02
e_21_22 21 22 4 0.0125 0.0084677 -0.149929 0.101746 0.641447 -0.305827 -0.60478 0.359523 0.02
e_22_3 22 3 5 0.0125 -0.0112729 -0.14865 0.101384 0.534322 -0.540736 -0.516147 0.394584 0.02
12 30 29
3 -0.0613205 0.157923 0.1373 0.0125
31 -0.0566062 0.175618 0.127331 0.0125
30 -0.0490754 0.203815 0.114586 0.0125
29 -0.0470712 0.229026 0.105965 0.0125
4 -0.00341771 0.205749 0.0288443 0.0125
28 -0.00810405 0.216932 0.0447493 0.0125
27 -0.0188548 0.225554 0.0592439 0.0125
26 -0.0305647 0.2307 0.0746193 0.0125
25 -0.0379403 0.240699 0.0902912 0.0125
1 -0.049958 0.249288 0.103775 0.0125
24 -0.0327397 0.24997 0.113929 0.0125
23 -0.0150207 0.251062 0.123141 0.0125
22 0.00258348 0.254414 0.132031 0.0125
21 0.0200601 0.258764 0.140769 0.0125
12 0.166615 0.421426 0.157668 0.0125
11 0.169834 0.41159 0.175152 0.0125
10 0.176541 0.399858 0.194841 0.0125
9 0.178381 0.389577 0.212128 0.0125
2 0.1814 0.342805 0.255802 0.0125
19 0.0549247 0.264215 0.15953 0.0125
8 0.180243 0.356816 0.23925 0.0125
6 0.15765 0.427657 0.139359 0.0125
13 0.191992 0.338031 0.2768 0.0125
14 0.201727 0.333755 0.296619 0.0125
15 0.206689 0.335208 0.317045 0.0125
5 0.208651 0.34001 0.349069 0.0125
16 0.117419 0.29009 0.207998 0.0125
17 0.100655 0.281567 0.191445 0.0125
18 0.0831764 0.273069 0.173401 0.0125
20 0.0374658 0.262444 0.149917 0.0125
e_2_8 2 8 1 0.0125 0.180821 0.349811 0.247526 0.293576 -0.836881 0.425093 0.180941 0.021716
e_8_9 8 9 2 0.0125 0.179312 0.373196 0.22569 0.383472 -0.835508 0.347098 0.185468 0.042572
e_9_10 9 10 3 0.0125 0.177462 0.394718 0.203485 0.202713 -0.827368 0.493364 0.175957 0.020197
e_10_11 10 11 4 0.0125 0.173187 0.405724 0.184996 0.153649 -0.835384 0.463018 0.253259 0.023881
e_11_12 11 12 5 0.0125 0.168224 0.416508 0.16641 0.173418 -0.828188 0.494334 0.19916 0.020317
e_12_6 12 6 6 0.0125 0.162133 0.424542 0.148514 0.00480802 -0.80147 0.535815 0.265565 0.021317
e_2_13 2 13 1 0.0125 0.186696 0.340418 0.266302 0.682495 -0.0892712 0.233517 -0.686805 0.023999
e_13_14 13 14 2 0.0125 0.196859 0.335893 0.28671 0.686639 -0.0881958 0.22722 -0.684923 0.02249
e_14_15 14 15 3 0.0125 0.204208 0.334482 0.306832 0.788906 -0.0995894 0.0732604 -0.601948 0.021071
e_15_5 15 5 4 0.0125 0.207669 0.337609 0.333057 0.823686 -0.0784489 -0.0167382 -0.561343 0.03244
e_2_16 2 16 1 0.0125 0.149409 0.316447 0.231899 -0.464704 -0.264164 0.824615 -0.185142 0.095695
e_16_17 16 17 2 0.0125 0.109037 0.285828 0.199722 -0.410548 -0.477456 0.776126 0.0333823 0.025054
e_17_18 17 18 3 0.0125 0.0919149 0.277318 0.182423 -0.396843 -0.497127 0.770106 0.0481325 0.026519
e_18_19 18 19 4 0.0125 0.0690504 0.268643 0.166465 -0.522713 -0.427478 0.727591 0.121016 0.032694
e_19_20 19 20 5 0.0125 0.0461952 0.26333 0.154723 -0.392963 -0.61206 0.604661 0.324572 0.02001
e_20_21 20 21 6 0.0125 0.0287629 0.260604 0.145343 -0.468474 -0.523975 0.673866 0.227786 0.020004
e_21_22 21 22 7 0.0125 0.0113213 0.256589 0.1364 -0.495753 -0.485109 0.694921 0.189693 0.020017
e_22_23 22 23 8 0.0125 -0.00621868 0.252738 0.127586 -0.464161 -0.535445 0.659934 0.249681 0.020005
e_23_24 23 24 9 0.0125 -0.0238798 0.250516 0.118534 -0.369645 -0.636548 0.570176 0.364785 0.02
e_24_1 24 1 10 0.0125 -0.0413484 0.249629 0.108852 -0.339627 -0.655984 0.568784 0.361696 0.020001
e_1_25 1 25 1 0.0125 -0.0439491 0.244993 0.0970337 0.146231 -0.501069 0.765517 -0.376205 0.02
e_25_26 25 26 2 0.0125 -0.034252 0.235699 0.0824552 0.0278683 -0.494187 0.804728 -0.327742 0.02
e_26_27 26 27 3 0.0125 -0.0247096 0.228126 0.0669321 0.163456 -0.573032 0.745662 -0.298169 0.02
e_27_28 27 28 4 0.0125 -0.0134793 0.221243 0.0519971 0.114521 -0.509769 0.776215 -0.352861 0.02
e_28_4 28 4 5 0.0125 -0.00576048 0.211341 0.0367963 -0.0387862 -0.469382 0.822987 -0.317598 0.02
e_1_29 1 29 1 0.0125 -0.0485146 0.239157 0.10487 0.0984608 -0.0058411 0.668405 -0.737228 0.020583
e_29_30 29 30 2 0.0125 -0.0480738 0.21642 0.110276 0.129131 0.137648 0.565439 -0.802905 0.02672
e_30_31 30 31 3 0.0125 -0.0528408 0.189717 0.120958 0.132383 0.223249 0.500071 -0.826174 0.031846
e_31_3 31 3 4 0.0125 -0.0589638 0.16677 0.132316 0.189805 0.237213 0.452374 -0.838488 0.020851
13 26 25
3 0.249864 0.0661651 0.173345 0.0125
27 0.245397 0.0705992 0.152703 0.0125
26 0.237191 0.0689561 0.133255 0.0125
25 0.234973 0.0686726 0.110259 0.0125
4 0.145739 0.085697 0.0280223 0.0125
24 0.158875 0.0794558 0.0424978 0.0125
23 0.17611 0.0750097 0.0522791 0.0125
22 0.194239 0.0718771 0.0601372 0.0125
1 0.229293 0.066268 0.0766782 0.0125
21 0.222464 0.0834841 0.0852687 0.0125
12 0.116687 0.256625 0.0263877 0.0125
11 0.104273 0.258842 0.0424377 0.0125
10 0.0916133 0.262953 0.0578203 0.0125
9 0.0791825 0.269288 0.0729632 0.0125
2 0.02978 0.265336 0.119474 0.0125
19 0.2013 0.119668 0.111514 0.0125
8 0.0637821 0.269862 0.0929591 0.0125
6 0.131811 0.251538 0.0142385 0.0125
13 0.0632448 0.267456 0.110066 0.0125
14 0.0828641 0.268734 0.103004 0.0125
15 0.104173 0.271301 0.101203 0.0125
5 0.126141 0.2751 0.0967024 0.0125
16 0.0903201 0.19612 0.120441 0.0125
17 0.158784 0.156213 0.127317 0.0125
18 0.183059 0.136821 0.121319 0.0125
20 0.212992 0.0980015 0.0975125 0.0125
e_2_8 2 8 1 0.0125 0.0467811 0.267598 0.106216 0.439733 -0.0591879 0.8957 0.0292159 0.043355
e_8_9 8 9 2 0.0125 0.0714825 0.269575 0.0829616 0.32241 0.0500698 0.945261 0.00505805 0.025246
e_9_10 9 10 3 0.0125 0.0853978 0.266121 0.0653917 0.362009 0.34109 0.866821 -0.0350344 0.02059
e_10_11 10 11 4 0.0125 0.0979433 0.260897 0.0501295 0.348526 0.236216 0.906811 -0.0206396 0.020342
e_11_12 11 12 5 0.0125 0.11048 0.257733 0.0344127 0.32675 0.142442 0.934278 -0.00831219 0.020412
e_12_6 12 6 6 0.0125 0.12425 0.254081 0.0203129 0.443673 0.25348 0.859431 -0.0167328 0.020055
e_2_13 2 13 1 0.0125 0.0465125 0.266397 0.11477 0.603211 -0.00720731 0.796876 0.0327544 0.034827
e_13_14 13 14 2 0.0125 0.0730545 0.268096 0.106535 0.574464 -0.00907796 0.817891 0.0310199 0.020891
e_14_15 14 15 3 0.0125 0.0935187 0.270017 0.102104 0.675554 -0.0414197 0.73489 0.042987 0.021538
e_15_5 15 5 4 0.0125 0.115157 0.2732 0.098953 0.631667 -0.0771319 0.770068 0.0451999 0.022744
e_2_16 2 16 1 0.0125 0.0600507 0.230727 0.119958 0.709993 0.50653 0.488023 -0.0342178 0.091962
e_16_17 16 17 2 0.0125 0.124552 0.176166 0.123878 0.736991 0.334222 0.587435 -0.00771273 0.079543
e_17_18 17 18 3 0.0125 0.170921 0.146517 0.124318 0.63578 0.450632 0.625862 -0.0318115 0.031644
e_18_19 18 19 4 0.0125 0.19218 0.128245 0.116417 0.561764 0.51461 0.646113 -0.0462224 0.02689
e_19_20 19 20 5 0.0125 0.207146 0.108835 0.104514 0.497119 0.6905 0.519993 -0.0754341 0.028323
e_20_21 20 21 6 0.0125 0.217728 0.0907428 0.0913906 0.453955 0.656229 0.598204 -0.0737575 0.021222
e_21_1 21 1 7 0.0125 0.225879 0.0748756 0.0809739 0.532463 0.729966 0.421326 -0.0782088 0.020416
e_1_22 1 22 1 0.0125 0.211766 0.0690731 0.068408 0.531668 -0.253405 -0.804337 0.0784653 0.039165
e_22_23 22 23 2 0.0125 0.185175 0.073444 0.056208 0.545108 -0.260363 -0.79286 0.0802586 0.020005
e_23_24 23 24 3 0.0125 0.167493 0.0772323 0.0473885 0.500642 -0.362914 -0.780437 0.0925728 0.02031
e_24_4 24 4 4 0.0125 0.152307 0.0825769 0.0352602 0.362861 -0.646211 -0.659655 0.124894 0.020519
e_1_25 1 25 1 0.0125 0.232134 0.0674704 0.0934689 0.993618 -0.029664 0.0857121 0.0670624 0.034142
e_25_26 25 26 2 0.0125 0.236083 0.0688149 0.121757 0.996797 -0.00306087 0.0483526 0.0636265 0.023105
e_26_27 26 27 3 0.0125 0.241295 0.0697777 0.142979 0.977295 -0.0264862 0.200057 0.0645731 0.021171
e_27_3 27 3 4 0.0125 0.247631 0.0683822 0.163024 0.988003 0.108617 0.0996779 0.046016 0.021582
14 24 23
3 0.120722 -0.0119675 0.123545 0.0125
25 0.0958874 -0.0437874 0.170225 0.0125
4 0.147626 -0.0881144 0.130404 0.0125
24 0.133661 -0.087628 0.144714 0.0125
23 0.120109 -0.0807291 0.157704 0.0125
22 0.106557 -0.0738293 0.170693 0.0125
21 0.0933233 -0.0695695 0.185072 0.0125
1 0.0779933 -0.064603 0.196918 0.0125
6 -0.118366 -0.283195 0.126416 0.0125
11 -0.128731 -0.268871 0.136042 0.0125
10 -0.139257 -0.254361 0.14539 0.0125
9 -0.153136 -0.240004 0.150599 0.0125
2 -0.198398 -0.166839 0.172306 0.0125
19 0.0370429 -0.0898154 0.199263 0.0125
8 -0.163958 -0.223446 0.158674 0.0125
12 -0.184481 -0.173004 0.159333 0.0125
13 -0.170278 -0.1792 0.146689 0.0125
14 -0.159707 -0.18987 0.133482 0.0125
15 -0.14893 -0.200008 0.120025 0.0125
5 -0.136222 -0.204826 0.105352 0.0125
16 -0.0785184 -0.140589 0.195645 0.0125
17 -0.0123097 -0.111282 0.198457 0.0125
18 0.0179718 -0.0978636 0.199521 0.0125
20 0.0558978 -0.0808641 0.195086 0.0125
e_2_8 2 8 1 0.0125 -0.181179 -0.195142 0.165489 0.532328 0.774893 -0.0173132 0.340395 0.067649
e_8_9 8 9 2 0.0125 -0.158546 -0.231725 0.154636 0.403565 0.816184 -0.150965 0.384952 0.021365
e_9_10 9 10 3 0.0125 -0.146196 -0.247183 0.147995 0.553418 0.748766 0.256066 0.259824 0.020637
e_10_11 10 11 4 0.0125 -0.133993 -0.261616 0.140716 0.325701 0.82549 -0.223066 0.403393 0.020217
e_11_6 11 6 5 0.0125 -0.123548 -0.276033 0.131229 0.305919 0.820736 -0.255919 0.409038 0.020132
e_2_12 2 12 1 0.0125 -0.19144 -0.169921 0.165819 -0.0586563 -0.873418 0.247922 -0.415013 0.02
e_12_13 12 13 2 0.0125 -0.177379 -0.176102 0.153011 0.0459328 -0.784559 0.447857 -0.426359 0.02
e_13_14 13 14 3 0.0125 -0.164993 -0.184535 0.140085 -0.0427859 0.570571 -0.710364 0.409879 0.02
e_14_15 14 15 4 0.0125 -0.154319 -0.194939 0.126754 -0.096861 0.496712 -0.767912 0.392691 0.02
e_15_5 15 5 5 0.0125 -0.142577 -0.202416 0.112688 -0.240706 -0.872042 -0.326157 -0.274272 0.02
e_2_16 2 16 1 0.0125 -0.138459 -0.153714 0.183975 0.734496 -0.317826 0.552784 -0.232233 0.124919
e_16_17 16 17 2 0.0125 -0.0454144 -0.125936 0.197052 0.659246 -0.512817 0.466495 -0.291196 0.07246
e_17_18 17 18 3 0.0125 0.00283102 -0.104573 0.198989 0.656039 -0.516514 0.465996 -0.292702 0.033138
e_18_19 18 19 4 0.0125 0.0275074 -0.0938391 0.199392 0.634659 -0.531226 0.473345 -0.301583 0.020702
e_19_20 19 20 5 0.0125 0.0464707 -0.0853395 0.197174 0.535199 -0.654475 0.412028 -0.339791 0.021286
e_20_1 20 1 6 0.0125 0.0669459 -0.0727333 0.196001 0.670464 -0.58984 0.344639 -0.289467 0.027495
e_1_21 1 21 1 0.0125 0.0856583 -0.0670866 0.190994 0.194741 -0.647199 0.61422 -0.407362 0.02
e_21_22 21 22 2 0.0125 0.0999408 -0.0716995 0.177883 -0.171132 -0.914831 -0.150124 -0.333559 0.02
e_22_23 22 23 3 0.0125 0.113333 -0.0772789 0.164199 -0.161791 -0.905667 0.0672253 -0.386099 0.02
e_23_24 23 24 4 0.0125 0.126885 -0.0841781 0.151209 -0.161731 -0.905657 0.0673507 -0.386125 0.02
e_24_4 24 4 5 0.0125 0.140644 -0.0878717 0.137559 0.00128869 -0.925462 0.0354245 -0.377179 0.02
e_1_25 1 25 1 0.0125 0.0869403 -0.0541955 0.183571 0.243639 -0.9056 -0.168707 -0.303425 0.038288
e_25_3 25 3 2 0.0125 0.108304 -0.027878 0.146885 0.206366 -0.90183 -0.254785 -0.281425 0.061712
15 20 19
3 0.185485 0.0549283 0.206034 0.0125
21 0.20114 0.0588008 0.143542 0.0125
4 0.135707 0.13284 0.139333 0.0125
20 0.154022 0.119794 0.134399 0.0125
5 -0.118269 0.147786 0.267094 0.0125
10 -0.0836035 0.163932 0.251728 0.0125
6 -0.109036 0.308294 0.221523 0.0125
9 -0.0985817 0.283242 0.215786 0.0125
2 -0.0332542 0.180559 0.226341 0.0125
19 0.170298 0.105752 0.1279 0.0125
8 -0.0814409 0.253633 0.217129 0.0125
11 0.0691393 0.149839 0.200218 0.0125
12 0.0867994 0.136734 0.194722 0.0125
13 0.130044 0.103979 0.179694 0.0125
14 0.152643 0.0904473 0.164488 0.0125
15 0.169242 0.0873359 0.153129 0.0125
16 0.181399 0.0810118 0.138475 0.0125
17 0.194599 0.0765012 0.124018 0.0125
1 0.210219 0.0724277 0.112089 0.0125
18 0.194235 0.0885221 0.118744 0.0125
e_2_8 2 8 1 0.0125 -0.0573476 0.217096 0.221734 0.665672 -0.576063 -0.469562 -0.0674119 0.088016
e_8_9 8 9 2 0.0125 -0.0900107 0.268437 0.216456 0.691206 -0.595375 -0.406357 -0.0513478 0.034238
e_9_6 9 6 3 0.0125 -0.103808 0.295769 0.218655 0.776735 -0.578503 -0.248886 -0.00850011 0.027746
e_2_10 2 10 1 0.0125 -0.0584294 0.172246 0.239035 0.844862 0.194497 -0.496233 -0.0461804 0.058788
e_10_5 10 5 2 0.0125 -0.100936 0.15586 0.259411 0.827244 0.264091 -0.493795 -0.0457134 0.041212
e_2_11 2 11 1 0.0125 0.0179426 0.165198 0.213279 0.584528 0.456861 0.640288 0.199089 0.110048
e_11_12 11 12 2 0.0125 0.0779694 0.143287 0.19747 0.592491 0.62339 0.482309 0.166486 0.022668
e_12_13 12 13 3 0.0125 0.108421 0.120356 0.187207 0.582427 0.635484 0.479206 0.165229 0.056293
e_13_14 13 14 4 0.0125 0.141344 0.0972128 0.172091 0.469416 0.67361 0.544268 0.172252 0.030414
e_14_15 14 15 5 0.0125 0.160942 0.0888916 0.158809 0.423374 0.523328 0.710761 0.204211 0.020353
e_15_16 15 16 6 0.0125 0.17532 0.0841743 0.145802 0.328658 0.752122 0.547271 0.16368 0.020064
e_16_17 16 17 7 0.0125 0.187999 0.0787569 0.131247 0.328194 0.685144 0.624813 0.180208 0.020089
e_17_1 17 1 8 0.0125 0.202409 0.0744644 0.118054 0.405227 0.579779 0.678978 0.196564 0.020072
e_1_18 1 18 1 0.0125 0.202228 0.0804752 0.115417 0.798966 -0.398559 -0.44765 -0.0491259 0.02364
e_18_19 18 19 2 0.0125 0.182266 0.0971373 0.123322 0.802847 -0.309237 -0.506096 -0.0606225 0.030881
e_19_20 19 20 3 0.0125 0.16216 0.112772 0.131149 0.801042 -0.357594 -0.476907 -0.0549375 0.022457
e_20_4 20 4 4 0.0125 0.144864 0.126317 0.136866 0.775986 -0.315712 -0.541433 -0.0708667 0.023022
e_1_21 1 21 1 0.0125 0.205679 0.0656141 0.127816 0.970309 0.191546 -0.140763 0.0446851 0.035459
e_21_3 21 3 2 0.0125 0.193312 0.0568641 0.174788 0.990914 0.0243869 -0.123562 0.0471996 0.064541
16 16 15
3 -0.136634 -0.130945 0.173855 0.0125
17 -0.129383 -0.080738 0.147632 0.0125
4 -0.156055 -0.0113734 0.0396548 0.0125
16 -0.145891 -0.026583 0.0860919 0.0125
15 -0.133669 -0.0358512 0.110076 0.0125
1 -0.123902 -0.0430006 0.12799 0.0125
14 -0.109232 -0.0619249 0.139416 0.0125
13 -0.102202 -0.0788045 0.147974 0.0125
12 -0.0859018 -0.117541 0.16718 0.0125
11 -0.0680792 -0.237792 0.244675 0.0125
8 -0.0715296 -0.412249 0.296889 0.0125
2 -0.0645789 -0.295208 0.26932 0.0125
9 -0.0614537 -0.317171 0.261424 0.0125
6 -0.070368 -0.441463 0.301214 0.0125
5 -0.0392239 -0.379038 0.222396 0.0125
10 -0.0646631 -0.27364 0.256944 0.0125
e_2_8 2 8 1 0.0125 -0.0680544 -0.353727 0.283104 0.774629 0.606896 -0.131259 0.119992 0.120444
e_8_6 8 6 2 0.0125 -0.0709495 -0.426855 0.299052 0.743502 0.646001 -0.0975712 0.142717 0.029556
e_2_9 2 9 1 0.0125 -0.0630159 -0.30619 0.265372 0.557627 0.811682 -0.0939283 0.146294 0.023549
e_9_5 9 5 2 0.0125 -0.0503382 -0.348106 0.24191 0.459863 0.868584 -0.0284303 0.182428 0.076451
e_2_10 2 10 1 0.0125 -0.0646205 -0.284424 0.263132 -0.191818 0.33433 -0.798167 -0.462989 0.024866
e_10_11 10 11 2 0.0125 -0.0663707 -0.255717 0.25081 0.409844 -0.515264 -0.629091 -0.41325 0.038043
e_11_12 11 12 3 0.0125 -0.0769903 -0.177667 0.205927 -0.0975401 0.301806 -0.823216 -0.470865 0.144165
e_12_13 12 13 4 0.0125 -0.0940518 -0.0981726 0.157577 0.226754 -0.0290933 -0.84082 -0.49067 0.046207
e_13_14 13 14 5 0.0125 -0.105717 -0.0703652 0.143695 0.215075 -0.0149369 -0.843641 -0.491721 0.020188
e_14_1 14 1 6 0.0125 -0.116566 -0.0524629 0.133703 0.268281 0.111782 -0.838358 -0.461179 0.026531
e_1_15 1 15 1 0.0125 -0.128786 -0.0394259 0.119033 0.037907 0.69195 -0.659911 -0.29032 0.02162
e_15_16 15 16 2 0.0125 -0.139781 -0.0312172 0.0980839 0.024506 0.711232 -0.644499 -0.279588 0.028469
e_16_4 16 4 3 0.0125 -0.150973 -0.0189782 0.0628734 -0.0859626 0.86087 -0.473399 -0.165551 0.049911
e_1_17 1 17 1 0.0125 -0.126642 -0.0618693 0.137811 0.846935 0.501607 -0.139396 0.107981 0.042895
e_17_3 17 3 2 0.0125 -0.133009 -0.105842 0.160743 0.847286 0.501087 -0.13894 0.108226 0.057105
17 23 22
3 -0.165921 -0.144418 0.121866 0.0125
24 -0.201917 -0.130702 0.14931 0.0125
23 -0.218534 -0.125866 0.160846 0.0125
4 -0.180984 -0.0455359 0.220364 0.0125
22 -0.200767 -0.071223 0.209154 0.0125
21 -0.228509 -0.0948812 0.191179 0.0125
1 -0.24159 -0.11084 0.176987 0.0125
6 0.129347 0.0832745 0.26071 0.0125
11 0.108035 0.0705026 0.249397 0.0125
10 0.0940404 0.0562419 0.240714 0.0125
9 0.0852052 0.0409672 0.22719 0.0125
2 0.0333937 -0.00642819 0.191694 0.0125
19 -0.183067 -0.109775 0.176222 0.0125
8 0.0653182 0.0226485 0.213763 0.0125
12 0.0270759 0.000698587 0.209281 0.0125
13 0.0186951 0.0122728 0.223273 0.0125
14 0.00659145 0.0192207 0.237598 0.0125
15 -0.00651533 0.0288953 0.249202 0.0125
5 -0.0175711 0.0415565 0.260039 0.0125
16 -0.0370173 -0.0425658 0.18601 0.0125
17 -0.136014 -0.0941204 0.18187 0.0125
18 -0.163217 -0.103481 0.179633 0.0125
20 -0.206783 -0.113276 0.174593 0.0125
e_2_8 2 8 1 0.0125 0.049356 0.00811081 0.202728 0.834596 -0.264263 0.450136 0.176047 0.048494
e_8_9 8 9 2 0.0125 0.0752619 0.0318077 0.220476 0.832033 -0.270322 0.452251 0.173539 0.030189
e_9_10 9 10 3 0.0125 0.0896226 0.0486047 0.233952 0.870671 -0.318922 0.306837 0.214644 0.022232
e_10_11 10 11 4 0.0125 0.101038 0.0633722 0.245055 0.820335 -0.309373 0.452757 0.162325 0.021786
e_11_6 11 6 5 0.0125 0.118691 0.0768885 0.255053 0.823216 -0.177495 0.511178 0.171776 0.027299
e_2_12 2 12 1 0.0125 0.0302347 -0.00286529 0.200487 0.908746 -0.229018 -0.0887688 0.337418 0.02
e_12_13 12 13 2 0.0125 0.0228852 0.00648536 0.216277 0.870323 -0.371275 -0.111115 0.303884 0.02
e_13_14 13 14 3 0.0125 0.0126428 0.0157472 0.230436 0.860944 -0.294833 -0.23437 0.341936 0.02
e_14_15 14 15 4 0.0125 3.78505e-05 0.0240581 0.2434 0.830161 -0.385861 -0.247036 0.317675 0.02
e_15_5 15 5 5 0.0125 -0.0120429 0.0352255 0.25462 0.82843 -0.44446 -0.177585 0.2909 0.02
e_2_16 2 16 1 0.0125 -0.00181232 -0.0244965 0.188852 0.566757 -0.0833832 -0.72723 0.378114 0.079347
e_16_17 16 17 2 0.0125 -0.0865162 -0.0683433 0.18394 0.579259 -0.0739501 -0.716285 0.382003 0.111693
e_17_18 17 18 3 0.0125 -0.149616 -0.0988011 0.180751 0.573764 -0.169566 -0.714144 0.363373 0.028855
e_18_19 18 19 4 0.0125 -0.173142 -0.106628 0.177928 0.543783 -0.200809 -0.73519 0.351386 0.021101
e_19_20 19 20 5 0.0125 -0.194924 -0.111526 0.175407 0.589706 -0.272077 -0.678142 0.344014 0.024028
e_20_1 20 1 6 0.0125 -0.224187 -0.112058 0.175789 0.650865 -0.352193 -0.584595 0.332542 0.034975
e_1_21 1 21 1 0.0125 -0.23505 -0.102861 0.184082 0.86162 -0.282954 0.369574 0.202391 0.025044
e_21_22 21 22 2 0.0125 -0.214638 -0.0830526 0.200166 0.831263 -0.253375 0.463374 0.173457 0.040651
e_22_4 22 4 3 0.0125 -0.190876 -0.0583798 0.214759 0.801163 -0.388366 0.431019 0.146739 0.034305
e_1_23 1 23 1 0.0125 -0.230062 -0.118353 0.168916 0.463373 0.704725 0.506257 0.179868 0.031905
e_23_24 23 24 2 0.0125 -0.210225 -0.128284 0.155078 0.469636 0.327659 0.818516 0.0459778 0.020799
e_24_3 24 3 3 0.0125 -0.183919 -0.13756 0.135588 0.453039 0.436331 0.774432 0.0680115 0.047297
18 20 19
3 0.199395 -0.200987 0.191598 0.0125
21 0.205799 -0.197853 0.172912 0.0125
20 0.211607 -0.19331 0.154321 0.0125
19 0.221045 -0.19227 0.136718 0.0125
5 0.123522 0.0753383 0.157 0.0125
10 0.139548 0.0792154 0.141079 0.0125
6 0.0712248 0.116894 0.0114826 0.0125
9 0.177173 0.0782305 0.103642 0.0125
2 0.195191 0.0823747 0.0883498 0.0125
8 0.118663 0.100974 0.0403101 0.0125
11 0.19329 0.0302285 0.0881677 0.0125
12 0.188334 -0.0938814 0.08815 0.0125
13 0.193435 -0.119105 0.0926065 0.0125
14 0.210035 -0.148993 0.0993751 0.0125
15 0.220051 -0.166463 0.102986 0.0125
16 0.229515 -0.186341 0.102336 0.0125
1 0.239906 -0.203531 0.104011 0.0125
18 0.23254 -0.195142 0.120606 0.0125
17 0.231207 -0.209764 0.123228 0.0125
4 0.199123 -0.232615 0.190556 0.0125
e_2_8 2 8 1 0.0125 0.156927 0.0916745 0.0643302 0.477484 -0.387589 -0.78112 0.107865 0.092251
e_8_6 8 6 2 0.0125 0.0949437 0.108934 0.0258964 0.273539 -0.837891 -0.218027 0.419023 0.057749
e_2_9 2 9 1 0.0125 0.186183 0.0803021 0.0959959 0.897184 0.148418 -0.399106 -0.117251 0.023993
e_9_10 9 10 2 0.0125 0.158361 0.0787228 0.122362 0.922521 0.006392 -0.383865 -0.0395243 0.053087
e_10_5 10 5 3 0.0125 0.131536 0.0772763 0.14904 0.91444 0.134768 -0.366793 -0.105355 0.02292
e_2_11 2 11 1 0.0125 0.19424 0.0563016 0.0882587 0.640048 0.652744 0.275085 -0.297643 0.052182
e_11_12 11 12 2 0.0125 0.190812 -0.031827 0.0881586 0.641201 0.652674 0.272191 -0.297977 0.124209
e_12_13 12 13 3 0.0125 0.190884 -0.106494 0.0903781 0.726268 0.559047 0.31961 -0.240521 0.026117
e_13_14 13 14 4 0.0125 0.201735 -0.134049 0.0959912 0.751984 0.469079 0.427624 -0.177826 0.034853
e_14_15 14 15 5 0.0125 0.215043 -0.157728 0.101181 0.746477 0.468491 0.438477 -0.176142 0.020459
e_15_16 15 16 6 0.0125 0.224783 -0.176402 0.102661 0.666182 0.529386 0.484259 -0.20358 0.022026
e_16_1 16 1 7 0.0125 0.23471 -0.194936 0.103174 0.714421 0.478511 0.479033 -0.176514 0.020156
e_1_17 1 17 1 0.0125 0.235556 -0.206647 0.11362 0.963022 0.166138 -0.188594 -0.0970555 0.021996
e_17_4 17 4 2 0.0125 0.215165 -0.221189 0.156892 0.959778 0.173416 -0.195855 -0.101948 0.078004
e_1_18 1 18 1 0.0125 0.236222 -0.199337 0.112308 0.94862 -0.242082 -0.162893 0.122405 0.02
e_18_19 18 19 2 0.0125 0.226792 -0.193706 0.128662 0.949978 -0.08152 -0.300907 0.0187242 0.02
e_19_20 19 20 3 0.0125 0.216326 -0.19279 0.14552 0.968931 0.0355793 -0.242235 -0.0350498 0.02
e_20_21 20 21 4 0.0125 0.208703 -0.195582 0.163616 0.979827 0.1257 -0.139357 -0.0686931 0.02
e_21_3 21 3 5 0.0125 0.202597 -0.19942 0.182255 0.982097 0.0880634 -0.158426 -0.0512953 0.02
19 21 20
3 0.0888406 0.208023 0.240328 0.0125
22 0.0891015 0.187191 0.252562 0.0125
4 0.0797398 0.103925 0.201029 0.0125
21 0.0703959 0.123712 0.275222 0.0125
1 0.0676752 0.12954 0.296937 0.0125
12 0.0867989 -0.153061 0.25124 0.0125
11 0.0751756 -0.146523 0.235315 0.0125
10 0.062856 -0.139218 0.22075 0.0125
9 0.0480386 -0.128499 0.19374 0.0125
2 0.0208335 -0.123903 0.148063 0.0125
19 0.0626943 0.0327335 0.245792 0.0125
8 0.0385288 -0.127197 0.175053 0.0125
6 0.100176 -0.159531 0.268445 0.0125
13 0.0152624 -0.106168 0.155439 0.0125
14 0.0107052 -0.0871364 0.15957 0.0125
15 0.00384045 -0.0683639 0.158886 0.0125
16 -0.00521634 -0.0506517 0.160951 0.0125
5 -0.0148664 -0.0332258 0.162736 0.0125
17 0.0312291 -0.0981339 0.161285 0.0125
18 0.0614272 0.0142724 0.236567 0.0125
20 0.0612861 0.0722995 0.269383 0.0125
e_2_8 2 8 1 0.0125 0.0296816 -0.12555 0.161558 0.932719 -0.0121728 0.2896 -0.214521 0.032442
e_8_9 8 9 2 0.0125 0.0432834 -0.127847 0.184396 0.949239 -0.0189533 0.23427 -0.209056 0.021007
e_9_10 9 10 3 0.0125 0.0554475 -0.133858 0.207245 0.933189 0.116115 0.269243 -0.207806 0.03262
e_10_11 10 11 4 0.0125 0.0690161 -0.142871 0.228033 0.899822 0.111676 0.361978 -0.216382 0.020427
e_11_12 11 12 5 0.0125 0.0809872 -0.149792 0.243277 0.9151 0.0951365 0.328042 -0.214312 0.020771
e_12_6 12 6 6 0.0125 0.0934872 -0.156296 0.259842 0.911948 0.0753142 0.340468 -0.216242 0.022733
e_2_13 2 13 1 0.0125 0.0180473 -0.115036 0.151751 0.817976 -0.504711 -0.246681 -0.123816 0.02
e_13_14 13 14 2 0.0125 0.0129833 -0.0966519 0.157504 0.767643 -0.583099 -0.238201 -0.118237 0.02
e_14_15 14 15 3 0.0125 0.00727284 -0.07775 0.159228 0.688984 -0.637326 -0.333 -0.090704 0.02
e_15_16 15 16 4 0.0125 -0.000687477 -0.0595078 0.159919 0.737186 -0.554594 -0.375223 -0.0905011 0.02
e_16_5 16 5 5 0.0125 -0.0100407 -0.0419385 0.161843 0.732867 -0.547915 -0.393947 -0.0866045 0.02
e_2_17 2 17 1 0.0125 0.0260317 -0.111019 0.154674 0.826392 -0.526253 0.0906222 -0.178665 0.030772
e_17_18 17 18 2 0.0125 0.0463282 -0.0419306 0.198926 0.860956 -0.477021 0.0300707 -0.174073 0.138617
e_18_19 18 19 3 0.0125 0.0620608 0.023503 0.241179 0.8358 -0.522673 -0.0612249 -0.156536 0.020676
e_19_20 19 20 4 0.0125 0.0619902 0.0525165 0.257588 0.855994 -0.482971 -0.103845 -0.152412 0.046087
e_20_1 20 1 5 0.0125 0.0644805 0.10092 0.283161 0.830957 -0.531517 -0.0414854 -0.158994 0.063848
e_1_21 1 21 1 0.0125 0.0690351 0.126627 0.28608 -0.0182048 -0.528962 0.836424 -0.142349 0.022647
e_21_4 21 4 2 0.0125 0.0750678 0.113819 0.238126 -0.0188783 -0.537149 0.831293 -0.141655 0.077353
e_1_22 1 22 1 0.0125 0.0783884 0.158366 0.274749 0.439975 -0.886299 0.0838081 -0.117776 0.075841
e_22_3 22 3 2 0.0125 0.0889708 0.197608 0.246445 0.489097 -0.852432 -0.162934 -0.0871517 0.024159
20 24 23
3 0.0603274 0.233702 0.31606 0.0125
25 0.0607233 0.222577 0.299405 0.0125
24 0.0613795 0.211192 0.282571 0.0125
23 0.0595513 0.202841 0.264409 0.0125
4 0.0843095 0.220659 0.141266 0.0125
22 0.0797149 0.210526 0.158553 0.0125
21 0.0758731 0.201948 0.17638 0.0125
20 0.0693433 0.192381 0.201657 0.0125
6 0.320386 -0.042715 0.15142 0.0125
11 0.290994 -0.0453081 0.152727 0.0125
10 0.269176 -0.0511084 0.155565 0.0125
9 0.247181 -0.0539564 0.153056 0.0125
2 0.177059 -0.0764336 0.141727 0.0125
19 0.0809777 0.167165 0.223877 0.0125
8 0.213763 -0.0658421 0.141877 0.0125
12 0.169898 -0.103378 0.114107 0.0125
5 0.15021 -0.137094 0.0675586 0.0125
13 0.151332 0.0171824 0.181123 0.0125
14 0.143027 0.0405599 0.19448 0.0125
15 0.131721 0.0597342 0.20034 0.0125
16 0.1177 0.1083 0.20769 0.0125
17 0.105268 0.129427 0.215975 0.0125
18 0.0905834 0.149597 0.219825 0.0125
1 0.0682988 0.182598 0.231564 0.0125
e_2_8 2 8 1 0.0125 0.195412 -0.0711378 0.141803 0.704781 -0.125292 0.694505 0.0724492 0.038203
e_8_9 8 9 2 0.0125 0.230472 -0.0598996 0.147467 0.794872 -0.101403 0.582594 0.135943 0.037188
e_9_10 9 10 3 0.0125 0.258179 -0.0525329 0.15431 0.743871 -0.0379837 0.665098 0.0534679 0.02232
e_10_11 10 11 4 0.0125 0.280084 -0.0482083 0.154146 0.659846 -0.140235 0.736675 0.0474089 0.022754
e_11_6 11 6 5 0.0125 0.305691 -0.0440114 0.152073 0.691073 -0.0460246 0.721124 0.0167623 0.029536
e_2_12 2 12 1 0.0125 0.173478 -0.0899055 0.127917 -0.112937 -0.0351401 0.922314 -0.367896 0.039245
e_12_5 12 5 2 0.0125 0.160053 -0.120236 0.0908327 -0.300586 -0.487502 0.803384 -0.162984 0.060755
e_2_13 2 13 1 0.0125 0.164196 -0.0296258 0.161425 0.687234 -0.529127 0.178951 0.464447 0.104775
e_13_14 13 14 2 0.0125 0.147179 0.0288712 0.187802 0.713407 -0.497054 0.126142 0.477573 0.028177
e_14_15 14 15 3 0.0125 0.137374 0.0501474 0.19741 0.610762 -0.602924 0.0957264 0.50427 0.023017
e_15_16 15 16 4 0.0125 0.124711 0.0840176 0.204016 0.604132 -0.611315 0.233153 0.454927 0.051081
e_16_17 16 17 5 0.0125 0.111485 0.118863 0.211832 0.635753 -0.577282 0.081503 0.505886 0.025875
e_17_18 17 18 6 0.0125 0.097926 0.139512 0.2179 0.558175 -0.646629 0.0749485 0.514485 0.025246
e_18_19 18 19 7 0.0125 0.0857812 0.158381 0.221851 0.593687 -0.620943 0.123506 0.496701 0.020428
e_19_1 19 1 8 0.0125 0.0746383 0.174882 0.22772 0.633148 -0.566032 0.00410967 0.527934 0.021401
e_1_20 1 20 1 0.0125 0.0688216 0.187489 0.216611 0.117193 -0.656707 0.737358 0.106323 0.031484
e_20_21 20 21 2 0.0125 0.0726082 0.197164 0.189018 0.200372 -0.570391 0.793225 0.0728053 0.027805
e_21_22 21 22 3 0.0125 0.077794 0.206236 0.167466 0.213696 -0.606814 0.757674 0.109731 0.020152
e_22_4 22 4 4 0.0125 0.082013 0.215593 0.149909 0.252076 -0.603041 0.746171 0.1266 0.020559
e_1_23 1 23 1 0.0125 0.063925 0.19272 0.247987 0.840463 -0.290166 0.0261976 0.45688 0.039561
e_23_24 23 24 2 0.0125 0.0604662 0.207017 0.27349 0.897408 -0.177706 0.126664 0.383453 0.020073
e_24_25 24 25 3 0.0125 0.0610513 0.216885 0.290988 0.858372 -0.270335 0.113771 0.420918 0.020332
e_25_3 25 3 4 0.0125 0.0605254 0.228139 0.307733 0.860797 -0.265527 0.117448 0.418006 0.020033
