20
1 29 28
3 0.10353 0.0188892 0.0860533 0.0125
30 0.0998301 0.0315559 0.0710244 0.0125
29 0.0959675 0.0437585 0.0556571 0.0125
28 0.0925031 0.0587127 0.0428354 0.0125
27 0.0901573 0.0762851 0.0335792 0.0125
4 0.00508676 0.149797 0.0258943 0.0125
26 0.0216434 0.139019 0.0290114 0.0125
25 0.0392004 0.129892 0.031917 0.0125
24 0.0556329 0.118715 0.029667 0.0125
23 0.0699946 0.104799 0.0294096 0.0125
1 0.0855998 0.0933924 0.0242733 0.0125
22 0.0738075 0.0774388 0.0205336 0.0125
21 0.0635767 0.0602564 0.018477 0.0125
6 0.137243 -0.0691321 0.0123781 0.0125
11 0.123251 -0.0834362 0.0121628 0.0125
10 0.112046 -0.0991719 0.0174323 0.0125
9 0.101131 -0.116042 0.0214146 0.0125
2 0.0650426 -0.197697 0.0274831 0.0125
19 0.0600723 0.0201352 0.0128147 0.0125
8 0.0793679 -0.165016 0.0251422 0.0125
12 0.0569369 -0.180079 0.032371 0.0125
13 0.0508273 -0.162565 0.0398488 0.0125
14 0.0444343 -0.145113 0.0472354 0.0125
15 0.038056 -0.127996 0.0553808 0.0125
5 0.0337986 -0.109509 0.061714 0.0125
16 0.0609472 -0.0970588 0.0161917 0.0125
17 0.0592295 -0.0469844 0.0124152 0.0125
18 0.0591916 0.000122294 0.0114767 0.0125
20 0.0595884 0.0402246 0.0153778 0.0125
e_2_8 2 8 1 0.0125 0.0722055 -0.181357 0.0263134 0.681726 -0.688224 0.243038 -0.0502961 0.03576
e_8_9 8 9 2 0.0125 0.0902495 -0.140529 0.0232788 0.680157 -0.688866 0.245276 -0.0518628 0.053722
e_9_10 9 10 3 0.0125 0.106589 -0.107608 0.0194235 0.626643 -0.707093 0.311857 -0.100419 0.020484
e_10_11 10 11 4 0.0125 0.117648 -0.0913046 0.0147971 0.595141 -0.725336 0.324761 -0.119273 0.020023
e_11_6 11 6 5 0.0125 0.130247 -0.0762847 0.01227 0.704727 -0.563055 0.421412 -0.0934965 0.020012
e_2_12 2 12 1 0.0125 0.0609892 -0.188889 0.0299277 0.772342 -0.598938 -0.13809 0.160288 0.02
e_12_13 12 13 2 0.0125 0.0538821 -0.171322 0.0361099 0.813715 -0.553697 -0.0805339 0.157484 0.02
e_13_14 13 14 3 0.0125 0.0476316 -0.153839 0.0435422 0.811871 -0.554653 -0.0876718 0.15981 0.02
e_14_15 14 15 4 0.0125 0.0412458 -0.136554 0.0513078 0.822301 -0.53763 -0.085594 0.165675 0.02
e_15_5 15 5 5 0.0125 0.0359275 -0.118753 0.0585478 0.801004 -0.583242 -0.0387331 0.129314 0.02
e_2_16 2 16 1 0.0125 0.0629953 -0.147379 0.0218374 0.665681 -0.745415 0.00784577 0.0341108 0.101352
e_16_17 16 17 2 0.0125 0.0600885 -0.0720219 0.0143038 0.678981 -0.733037 0.0153185 0.037502 0.050246
e_17_18 17 18 3 0.0125 0.0592105 -0.0234311 0.011946 0.698999 -0.7131 0.0380973 0.0379121 0.047116
e_18_19 18 19 4 0.0125 0.0596318 0.0101282 0.0121453 0.729154 -0.679695 0.068314 0.0410235 0.020077
e_19_20 19 20 5 0.0125 0.0598305 0.0301805 0.0140967 0.747827 -0.659681 0.0397837 0.0631888 0.020259
e_20_21 20 21 6 0.0125 0.0615828 0.0502402 0.0169271 0.757892 -0.634859 0.148123 0.0247752 0.020658
e_21_22 21 22 7 0.0125 0.068692 0.0688479 0.0195049 0.741243 -0.593822 0.310209 -0.0412802 0.020103
e_22_1 22 1 8 0.0125 0.0797037 0.0854147 0.0224034 0.768878 -0.531486 0.353389 -0.0382872 0.020189
e_1_23 1 23 1 0.0125 0.0777972 0.0990955 0.0268414 0.74782 -0.502606 -0.344956 0.262978 0.02
e_23_24 23 24 2 0.0125 0.0628136 0.111756 0.0295379 0.678909 -0.617667 -0.334748 0.21334 0.02
e_24_25 24 25 3 0.0125 0.0474165 0.124304 0.0307916 0.699673 -0.542208 -0.386986 0.258284 0.02
e_25_26 25 26 4 0.0125 0.030422 0.134455 0.0304635 0.600344 -0.586287 -0.478443 0.25874 0.02
e_26_4 26 4 5 0.0125 0.0133652 0.144408 0.0274522 0.604815 -0.618747 -0.441674 0.237222 0.02
e_1_27 1 27 1 0.0125 0.087879 0.084839 0.0289263 0.766281 0.506618 -0.103464 0.381374 0.02
e_27_28 27 28 2 0.0125 0.0913304 0.0674994 0.0382077 0.752046 0.484364 -0.184316 0.407242 0.02
e_28_29 28 29 3 0.0125 0.0942348 0.0512353 0.0492469 0.826692 0.415742 -0.0814438 0.370279 0.02
e_29_30 29 30 4 0.0125 0.0978985 0.0376574 0.0633411 0.875502 0.33954 -0.0227359 0.343063 0.02
e_30_3 30 3 5 0.0125 0.10168 0.0252222 0.0785392 0.868532 0.350863 -0.0342377 0.34839 0.02
2 24 23
3 0.0650089 -0.0440987 0.0362424 0.0125
25 0.0843286 -0.0400591 0.0394745 0.0125
24 0.100979 -0.0297429 0.04352 0.0125
23 0.117175 -0.0201086 0.0502168 0.0125
22 0.13371 -0.0103522 0.055822 0.0125
4 0.0762697 -0.0547062 0.0324063 0.0125
21 0.0874532 -0.0352104 0.0409327 0.0125
20 0.101018 -0.0233057 0.0496762 0.0125
5 -0.202388 0.0866488 0.0776507 0.0125
10 -0.18313 0.0745547 0.0540015 0.0125
6 0.0122031 0.0597658 0.0115245 0.0125
9 -0.0136538 0.053265 0.0132901 0.0125
2 -0.136788 0.0484047 0.0129741 0.0125
19 0.118168 -0.0146691 0.0553088 0.0125
8 -0.0977029 0.0486982 0.0120564 0.0125
11 -0.0554123 0.0245948 0.0299998 0.0125
12 -0.0153917 0.0133232 0.0390395 0.0125
13 0.0274065 0.00230405 0.0457406 0.0125
14 0.0488245 -0.00205425 0.0504472 0.0125
15 0.0717265 -0.00347161 0.0510716 0.0125
16 0.0917698 -0.00479113 0.0525948 0.0125
17 0.111979 -0.00604629 0.0531772 0.0125
18 0.13167 -0.00624099 0.0577282 0.0125
1 0.15148 -0.00204214 0.0597156 0.0125
e_2_8 2 8 1 0.0125 -0.117246 0.0485514 0.0125153 0.645272 -0.279434 0.658528 -0.268107 0.039098
e_8_9 8 9 2 0.0125 -0.0556778 0.0509818 0.0126726 0.664177 -0.288685 0.63979 -0.257292 0.084182
e_9_6 9 6 3 0.0125 -0.000724816 0.0565152 0.0124077 0.65625 -0.368357 0.630357 -0.190522 0.02672
e_2_10 2 10 1 0.0125 -0.159959 0.0614792 0.0334874 0.887144 -0.272266 -0.347228 0.135201 0.067191
e_10_5 10 5 2 0.0125 -0.192759 0.0806019 0.0658264 0.92534 -0.220199 -0.301837 0.0644366 0.032809
e_2_11 2 11 1 0.0125 -0.096101 0.0364999 0.0214872 0.679889 -0.133738 0.619418 -0.369035 0.08648
e_11_12 11 12 2 0.0125 -0.0354025 0.0189592 0.0345192 0.686672 -0.134692 0.612884 -0.367032 0.042549
e_12_13 12 13 3 0.0125 0.00600725 0.00781393 0.0423904 0.668801 -0.154127 0.633474 -0.357297 0.044699
e_13_14 13 14 4 0.0125 0.038115 0.000124754 0.0480938 0.696635 -0.161912 0.607068 -0.346341 0.022358
e_14_15 14 15 5 0.0125 0.060275 -0.00276308 0.0507593 0.653903 -0.24556 0.652759 -0.293288 0.022955
e_15_16 15 16 6 0.0125 0.0817478 -0.0041315 0.0518324 0.669912 -0.235186 0.637877 -0.298361 0.020144
e_16_17 16 17 7 0.0125 0.101874 -0.00541884 0.0528852 0.6544 -0.245206 0.652309 -0.293475 0.020258
e_17_18 17 18 8 0.0125 0.121825 -0.00614412 0.0554523 0.726072 -0.226686 0.579676 -0.292248 0.020211
e_18_1 18 1 9 0.0125 0.141575 -0.00414155 0.0587212 0.708454 -0.325372 0.587595 -0.216698 0.020347
e_1_19 1 19 1 0.0125 0.134824 -0.00835515 0.0575126 0.108879 0.734742 0.146779 -0.653266 0.035896
e_19_20 19 20 2 0.0125 0.109593 -0.0189874 0.0524925 -0.455563 0.190959 0.777349 -0.389519 0.020011
e_20_21 20 21 3 0.0125 0.0942353 -0.0292582 0.0453037 -0.334006 0.14357 0.835097 -0.412845 0.020054
e_21_4 21 4 4 0.0125 0.0818619 -0.0449578 0.0366692 -0.0869678 0.295391 0.768178 -0.561323 0.024038
e_1_22 1 22 1 0.0125 0.142595 -0.00619686 0.0577691 -0.31279 0.447761 0.629966 -0.552101 0.02
e_22_23 22 23 2 0.0125 0.125442 -0.0152304 0.0530201 -0.372116 0.288284 0.746337 -0.470535 0.02
e_23_24 23 24 3 0.0125 0.109076 -0.0249254 0.0468688 -0.425027 0.166724 0.799771 -0.389772 0.02
e_24_25 24 25 4 0.0125 0.0926531 -0.0349012 0.0414972 -0.21093 0.484859 0.605023 -0.595287 0.02
e_25_3 25 3 5 0.0125 0.0746685 -0.0420782 0.0378584 0.104027 -0.711209 -0.273828 0.639045 0.02
3 20 19
3 0.070679 -0.129528 0.0645522 0.0125
21 0.0659388 -0.149103 0.0634711 0.0125
20 0.060178 -0.168356 0.0618891 0.0125
19 0.0548073 -0.188121 0.0609221 0.0125
11 -0.147341 -0.030676 0.0196244 0.0125
6 -0.09548 0.059807 0.130596 0.0125
10 -0.104844 0.0464988 0.112577 0.0125
9 -0.114509 0.0346891 0.0946177 0.0125
2 -0.155875 -0.00570293 0.0114374 0.0125
8 -0.125226 0.0289061 0.0693188 0.0125
12 -0.143283 -0.0684275 0.0279805 0.0125
5 -0.145801 -0.101726 0.0305307 0.0125
13 -0.085165 -0.103987 0.02424 0.0125
14 -0.035047 -0.142135 0.0328085 0.0125
15 -0.00378308 -0.168156 0.0459798 0.0125
16 0.0157558 -0.186683 0.0507606 0.0125
17 0.0297457 -0.205094 0.0536381 0.0125
1 0.0396825 -0.223827 0.0554092 0.0125
18 -0.0208076 -0.222684 0.0435095 0.0125
4 -0.0586663 -0.223697 0.0375344 0.0125
e_2_8 2 8 1 0.0125 -0.14055 0.011602 0.0403785 0.881173 -0.309602 0.116028 -0.337962 0.074077
e_8_9 8 9 2 0.0125 -0.119867 0.031797 0.0819681 0.939564 -0.15405 0.160428 -0.260292 0.028077
e_9_10 9 10 3 0.0125 -0.109677 0.040594 0.103597 0.872496 -0.328678 0.104647 -0.34608 0.023567
e_10_6 10 6 4 0.0125 -0.100162 0.0531522 0.121586 0.863994 -0.349989 0.0802267 -0.352968 0.024279
e_2_11 2 11 1 0.0125 -0.151608 -0.0181899 0.0155305 0.764832 0.59313 0.00696332 0.251356 0.027632
e_11_12 11 12 2 0.0125 -0.145312 -0.0495522 0.0238021 0.719534 0.600831 -0.177594 0.299555 0.038877
e_12_5 12 5 3 0.0125 -0.144542 -0.0850765 0.0292556 0.654125 0.581149 -0.352404 0.331961 0.033491
e_2_13 2 13 1 0.0125 -0.12052 -0.0548444 0.0178386 0.697001 0.644903 0.177536 0.2584 0.121751
e_13_14 13 14 2 0.0125 -0.0601056 -0.12306 0.0285246 0.750468 0.441891 0.487172 0.064755 0.063565
e_14_15 14 15 3 0.0125 -0.0194153 -0.155146 0.0393937 0.807656 0.398936 0.432234 0.0414092 0.042756
e_15_16 15 16 4 0.0125 0.00598594 -0.17742 0.0483699 0.755632 0.5137 0.385606 0.12822 0.027347
e_16_17 16 17 5 0.0125 0.0227503 -0.195888 0.052199 0.710405 0.62727 0.211647 0.238878 0.023301
e_17_1 17 1 6 0.0125 0.0347139 -0.214461 0.0545237 0.667408 0.676102 0.0356583 0.31013 0.02128
e_1_18 1 18 1 0.0125 0.00943744 -0.223256 0.0494587 0.634432 -0.0530846 -0.770503 0.0316797 0.06166
e_18_4 18 4 2 0.0125 -0.0397365 -0.223191 0.0405217 0.648307 -0.0290495 -0.759654 0.0421882 0.03834
e_1_19 1 19 1 0.0125 0.0472445 -0.205974 0.0581658 0.609388 -0.638005 -0.150241 -0.446121 0.039167
e_19_20 19 20 2 0.0125 0.0574923 -0.178238 0.0614058 0.584127 -0.644514 -0.246996 -0.427071 0.020504
e_20_21 20 21 3 0.0125 0.0630585 -0.15873 0.0626807 0.594611 -0.640769 -0.224016 -0.430894 0.020158
e_21_3 21 3 4 0.0125 0.0683091 -0.139316 0.0640115 0.590493 -0.638073 -0.257037 -0.422034 0.02017
4 22 21
3 -0.0931027 0.277518 0.0539569 0.0125
23 -0.0513293 0.234132 0.0520465 0.0125
4 0.0147307 0.118684 0.082713 0.0125
22 0.00201554 0.146686 0.0708262 0.0125
21 -0.012201 0.179731 0.056574 0.0125
1 -0.0260632 0.20353 0.0499151 0.0125
11 -0.294162 0.226534 0.0175539 0.0125
10 -0.299167 0.247607 0.0208138 0.0125
6 -0.364033 0.183681 0.117793 0.0125
9 -0.344392 0.211127 0.0652738 0.0125
2 -0.307274 0.275793 0.0203224 0.0125
19 -0.0595798 0.214286 0.0304215 0.0125
8 -0.334352 0.226708 0.0493121 0.0125
12 -0.2866 0.199736 0.01561 0.0125
5 -0.278698 0.181113 0.0206633 0.0125
13 -0.241393 0.267868 0.0215454 0.0125
14 -0.152601 0.243443 0.0145313 0.0125
15 -0.132507 0.240718 0.0114812 0.0125
16 -0.113268 0.234111 0.0126597 0.0125
17 -0.0953854 0.226357 0.0171584 0.0125
18 -0.0774673 0.220371 0.0238479 0.0125
20 -0.0423356 0.208313 0.0389151 0.0125
e_2_8 2 8 1 0.0125 -0.320813 0.25125 0.0348175 0.221171 -0.124701 -0.504754 0.82508 0.063111
e_8_9 8 9 2 0.0125 -0.339372 0.218918 0.057293 0.412795 -0.0420634 -0.41468 0.809859 0.024461
e_9_6 9 6 3 0.0125 -0.354213 0.197405 0.0915334 0.615495 0.0211923 -0.280916 0.736072 0.062428
e_2_10 2 10 1 0.0125 -0.303221 0.2617 0.0205686 -0.586053 -0.443473 -0.543096 0.406105 0.029333
e_10_11 10 11 2 0.0125 -0.296665 0.237071 0.0191839 -0.595013 -0.60075 -0.462078 0.267474 0.021904
e_11_12 11 12 3 0.0125 -0.290381 0.213135 0.0165826 -0.613612 -0.546489 -0.485966 0.297772 0.027912
e_12_5 12 5 4 0.0125 -0.282649 0.190425 0.0181364 -0.240755 0.055834 -0.612969 0.750459 0.020851
e_2_13 2 13 1 0.0125 -0.274333 0.27183 0.0209345 0.465721 -0.472382 0.517341 -0.540664 0.066368
e_13_14 13 14 2 0.0125 -0.196996 0.255656 0.0180386 0.312623 -0.538493 0.497997 -0.603565 0.092356
e_14_15 14 15 3 0.0125 -0.142555 0.24208 0.0130064 0.333442 -0.593413 0.47141 -0.560758 0.020506
e_15_16 15 16 4 0.0125 -0.122888 0.237414 0.0120705 0.400396 -0.419184 0.543483 -0.607119 0.020377
e_16_17 16 17 5 0.0125 -0.104327 0.230234 0.014909 0.553857 -0.228266 0.579187 -0.552883 0.020003
e_17_18 17 18 6 0.0125 -0.0864266 0.223364 0.020503 0.68616 -0.143163 0.559111 -0.442814 0.020041
e_18_19 18 19 7 0.0125 -0.0685233 0.217329 0.0271348 0.68061 -0.145966 0.560703 -0.448415 0.020006
e_19_20 19 20 8 0.0125 -0.0509573 0.2113 0.0346681 0.764626 -0.0545544 0.534818 -0.355444 0.020129
e_20_1 20 1 9 0.0125 -0.0341998 0.205921 0.0444153 0.85116 0.0167151 0.477149 -0.218118 0.020215
e_1_21 1 21 1 0.0125 -0.0191319 0.19163 0.0532442 -0.218418 0.150488 -0.59988 0.754845 0.028336
e_21_22 21 22 2 0.0125 -0.00509283 0.163208 0.0636997 0.267497 0.377097 -0.416676 0.782703 0.038694
e_22_4 22 4 3 0.0125 0.00837234 0.132685 0.0767693 0.28439 0.396989 -0.40268 0.77419 0.032971
e_1_23 1 23 1 0.0125 -0.0386961 0.218832 0.0509805 0.615936 -0.681837 -0.0910271 0.383973 0.039742
e_23_3 23 3 2 0.0125 -0.0722157 0.255825 0.0530011 0.592778 -0.686189 -0.115291 0.405546 0.060258
5 23 22
3 -0.0547572 0.0601527 0.0579547 0.0125
24 -0.064276 0.0441119 0.0651723 0.0125
23 -0.0726864 0.0274882 0.0724461 0.0125
22 -0.0794572 0.00888927 0.0753137 0.0125
21 -0.0825084 -0.0106025 0.0785969 0.0125
4 -0.0625315 0.0644046 0.0710192 0.0125
20 -0.0616508 0.0367948 0.0703087 0.0125
11 0.206213 0.121193 0.0560302 0.0125
10 0.186668 0.123949 0.0592508 0.0125
6 0.127157 0.259671 0.0119489 0.0125
9 0.133903 0.240016 0.0173986 0.0125
2 0.166741 0.124057 0.0609632 0.0125
19 -0.0675055 0.016883 0.0718685 0.0125
8 0.137757 0.216662 0.0230326 0.0125
12 0.225628 0.11866 0.0519525 0.0125
13 0.243478 0.116726 0.0431411 0.0125
5 0.260304 0.115267 0.0324286 0.0125
14 0.0602791 0.0663281 0.0581667 0.0125
15 -0.0301011 -0.00299608 0.0749992 0.0125
16 -0.0464008 -0.0174623 0.0757314 0.0125
17 -0.0653163 -0.0264335 0.0790748 0.0125
1 -0.0848196 -0.029246 0.0854579 0.0125
18 -0.0740219 -0.00422611 0.0747645 0.0125
e_2_8 2 8 1 0.0125 0.152249 0.170359 0.0419979 0.531922 -0.825348 0.0288856 0.18715 0.104185
e_8_9 8 9 2 0.0125 0.13583 0.228339 0.0202156 0.605577 -0.783673 0.040404 0.13229 0.024331
e_9_6 9 6 3 0.0125 0.13053 0.249844 0.0146738 0.579916 -0.791687 -0.00865281 0.191974 0.021484
e_2_10 2 10 1 0.0125 0.176704 0.124002 0.060107 0.497936 -0.495486 0.545261 -0.457432 0.02
e_10_11 10 11 2 0.0125 0.19644 0.12257 0.05764 0.435074 -0.487421 0.58561 -0.479784 0.02
e_11_12 11 12 3 0.0125 0.215921 0.119927 0.0539914 0.421389 -0.505569 0.588506 -0.469566 0.02
e_12_13 12 13 4 0.0125 0.234553 0.117693 0.0475468 0.333102 -0.597762 0.602465 -0.410804 0.02
e_13_5 13 5 5 0.0125 0.251892 0.115996 0.0377844 0.298543 -0.638356 0.600255 -0.378242 0.02
e_2_14 2 14 1 0.0125 0.11351 0.0951928 0.0595645 0.218221 -0.490851 -0.520201 0.663954 0.121139
e_14_15 14 15 2 0.0125 0.0150886 0.0316664 0.066583 0.66897 0.10872 -0.644272 0.354363 0.115142
e_15_16 15 16 3 0.0125 -0.0382512 -0.0102296 0.0753658 0.333564 -0.246441 -0.649971 0.63682 0.021805
e_16_17 16 17 4 0.0125 -0.0558581 -0.0219476 0.0774036 0.572259 -0.177241 -0.624297 0.501357 0.0212
e_17_1 17 1 5 0.0125 -0.075068 -0.027839 0.0822664 0.701374 -0.217037 -0.546634 0.402692 0.020713
e_1_18 1 18 1 0.0125 -0.0794208 -0.016736 0.0801107 0.560605 -0.787146 0.251085 -0.0554831 0.029274
e_18_19 18 19 2 0.0125 -0.0707633 0.00632879 0.0733165 0.658251 -0.73072 0.17618 -0.0414075 0.022281
e_19_20 19 20 3 0.0125 -0.0645788 0.0268388 0.0710892 0.678779 -0.714868 0.162561 -0.0423901 0.020813
e_20_4 20 4 4 0.0125 -0.0620908 0.0505994 0.0706639 0.713614 -0.697011 0.0363596 0.0600748 0.027633
e_1_21 1 21 1 0.0125 -0.083664 -0.0199236 0.0820275 0.571727 -0.804254 0.157197 0.039901 0.02
e_21_22 21 22 2 0.0125 -0.0809828 -0.000856626 0.0769553 0.646334 -0.751153 0.133574 0.0133896 0.02
e_22_23 22 23 3 0.0125 -0.0760725 0.0181888 0.0738795 0.651906 -0.730518 0.195024 -0.0576845 0.02
e_23_24 23 24 4 0.0125 -0.0684806 0.0358001 0.0688086 0.558872 -0.780421 0.269806 -0.0762222 0.02
e_24_3 24 3 5 0.0125 -0.059516 0.0521323 0.0615629 0.556563 -0.772171 0.290135 -0.0990498 0.02
6 22 21
3 -0.186821 -0.156554 0.0911916 0.0125
23 -0.18328 -0.192228 0.111835 0.0125
22 -0.186017 -0.223437 0.119089 0.0125
4 -0.117193 -0.288505 0.173415 0.0125
21 -0.135085 -0.277547 0.162437 0.0125
20 -0.150917 -0.267029 0.152094 0.0125
11 -0.369938 -0.0406295 0.0637279 0.0125
6 -0.263913 -0.104561 0.0115181 0.0125
10 -0.296008 -0.0917176 0.025513 0.0125
9 -0.312588 -0.0786786 0.03259 0.0125
2 -0.388474 -0.0370131 0.0571445 0.0125
19 -0.169003 -0.261741 0.143003 0.0125
8 -0.327798 -0.0661836 0.0394576 0.0125
12 -0.351578 -0.0441328 0.0708466 0.0125
13 -0.332015 -0.04596 0.0745794 0.0125
14 -0.312841 -0.0508317 0.0775156 0.0125
5 -0.293317 -0.0545539 0.0797361 0.0125
15 -0.368801 -0.0764671 0.0689151 0.0125
16 -0.348372 -0.117821 0.0811614 0.0125
17 -0.321547 -0.148787 0.0931218 0.0125
18 -0.28261 -0.174775 0.102548 0.0125
1 -0.194962 -0.246976 0.127262 0.0125
e_2_8 2 8 1 0.0125 -0.358136 -0.0515977 0.048301 0.0494676 0.739117 -0.28417 0.608693 0.069607
e_8_9 8 9 2 0.0125 -0.320193 -0.0724308 0.0360241 0.175981 0.757478 -0.301574 0.551644 0.020849
e_9_10 9 10 3 0.0125 -0.304299 -0.0851976 0.0290512 0.175812 0.759599 -0.286424 0.556831 0.022248
e_10_6 10 6 4 0.0125 -0.279961 -0.0981386 0.0185156 -0.336552 0.429132 -0.709559 0.446211 0.037296
e_2_11 2 11 1 0.0125 -0.379206 -0.0388213 0.0604362 0.644486 -0.260433 0.517293 -0.49922 0.02
e_11_12 11 12 2 0.0125 -0.360758 -0.0423803 0.0672872 0.653477 -0.254692 0.507113 -0.500935 0.02
e_12_13 12 13 3 0.0125 -0.341797 -0.0450469 0.0727131 0.4654 -0.470105 0.43091 -0.613776 0.02
e_13_14 13 14 4 0.0125 -0.322428 -0.0483962 0.0760478 0.611352 -0.243707 0.605971 -0.446827 0.02
e_14_5 14 5 5 0.0125 -0.303079 -0.0526928 0.0786265 0.510546 -0.391596 0.539563 -0.543017 0.02
e_2_15 2 15 1 0.0125 -0.378638 -0.0567396 0.0630303 0.77892 0.586513 0.164379 0.149216 0.045631
e_15_16 15 16 2 0.0125 -0.358587 -0.0971443 0.0750388 0.778277 0.58789 0.161506 0.150286 0.047723
e_16_17 16 17 3 0.0125 -0.334959 -0.133303 0.0871416 0.795034 0.494592 0.339498 0.089672 0.042679
e_17_18 17 18 4 0.0125 -0.302078 -0.161781 0.0978357 0.773659 0.360098 0.521179 0.0124236 0.047754
e_18_1 18 1 5 0.0125 -0.238787 -0.210876 0.114905 0.775168 0.443014 0.444311 0.0737622 0.116214
e_1_19 1 19 1 0.0125 -0.181983 -0.254358 0.135132 0.819697 0.114723 0.503685 -0.247462 0.033759
e_19_20 19 20 2 0.0125 -0.15996 -0.264385 0.147548 0.73409 -0.125183 0.516792 -0.422336 0.020921
e_20_21 20 21 3 0.0125 -0.143001 -0.272287 0.157265 0.834537 0.172373 0.480934 -0.206246 0.02164
e_21_4 21 4 4 0.0125 -0.12614 -0.283026 0.167926 0.825915 0.146056 0.496838 -0.222898 0.02368
e_1_22 1 22 1 0.0125 -0.190489 -0.235207 0.123176 0.0965187 -0.407606 -0.698709 -0.579954 0.026475
e_22_23 22 23 2 0.0125 -0.184648 -0.207833 0.115462 0.217731 -0.336916 -0.706599 -0.582922 0.032157
e_23_3 23 3 3 0.0125 -0.185051 -0.174391 0.101513 0.171813 -0.215419 -0.838513 -0.470075 0.041368
7 19 18
3 0.031439 0.274671 0.140248 0.0125
20 0.0369464 0.250005 0.10795 0.0125
4 0.0543072 0.116403 0.0547091 0.0125
6 -0.0846712 0.266723 0.0871066 0.0125
11 -0.104053 0.271889 0.0867644 0.0125
10 -0.127378 0.274905 0.0794038 0.0125
9 -0.150802 0.2785 0.0759713 0.0125
2 -0.230724 0.288003 0.0832335 0.0125
19 0.0584905 0.143854 0.0586833 0.0125
8 -0.179572 0.282189 0.0741116 0.0125
12 -0.207742 0.28728 0.060897 0.0125
5 -0.154377 0.267865 0.0235947 0.0125
13 -0.17844 0.2672 0.0843389 0.0125
14 -0.141907 0.264289 0.0802559 0.0125
15 -0.0867859 0.266106 0.0796756 0.0125
16 -0.0543422 0.257891 0.0733117 0.0125
17 0.0070255 0.235683 0.0710202 0.0125
1 0.0546436 0.215298 0.0636569 0.0125
18 0.0587274 0.16716 0.0580678 0.0125
e_2_8 2 8 1 0.0125 -0.205148 0.285095 0.0786724 0.499832 -0.411053 0.646742 -0.403644 0.052284
e_8_9 8 9 2 0.0125 -0.165187 0.280345 0.075042 0.670459 -0.187213 0.657987 -0.28721 0.029065
e_9_10 9 10 3 0.0125 -0.13909 0.276703 0.0776881 0.717467 -0.109882 0.645186 -0.238541 0.023946
e_10_11 10 11 4 0.0125 -0.115715 0.273397 0.083084 0.793051 -0.0294072 0.59143 -0.14288 0.024644
e_11_6 11 6 5 0.0125 -0.094362 0.269307 0.0869356 0.640624 -0.135356 0.687859 -0.313257 0.020062
e_2_12 2 12 1 0.0125 -0.219233 0.287642 0.0720652 0.102801 -0.880323 0.270961 -0.375557 0.032057
e_12_5 12 5 2 0.0125 -0.181059 0.277572 0.0422452 0.0484835 -0.791985 0.383763 -0.472372 0.067943
e_2_13 2 13 1 0.0125 -0.204581 0.277601 0.083786 0.649897 -0.033851 0.699308 -0.29573 0.056282
e_13_14 13 14 2 0.0125 -0.160173 0.265745 0.0822974 0.55339 -0.365341 0.649531 -0.372014 0.036875
e_14_15 14 15 3 0.0125 -0.114347 0.265198 0.0799659 0.630193 -0.336498 0.626127 -0.312394 0.055153
e_15_16 15 16 4 0.0125 -0.0705639 0.261999 0.0764941 0.468566 -0.36757 0.676966 -0.432499 0.034067
e_16_17 16 17 5 0.0125 -0.0236587 0.246788 0.0721661 0.603361 -0.122478 0.708904 -0.344106 0.065304
e_17_1 17 1 6 0.0125 0.0308347 0.22549 0.067338 0.501336 -0.219914 0.722507 -0.422235 0.052319
e_1_18 1 18 1 0.0125 0.0566857 0.191229 0.0608618 0.0638454 0.134223 -0.734466 0.662168 0.048633
e_18_19 18 19 2 0.0125 0.0586088 0.155507 0.0583751 0.206841 0.194637 -0.670009 0.685872 0.023315
e_19_4 19 4 3 0.0125 0.056399 0.130128 0.0566956 0.0787767 -0.0231803 -0.755182 0.650351 0.028052
e_1_20 1 20 1 0.0125 0.0457955 0.232652 0.0858028 0.873114 -0.351032 -0.0365907 0.336318 0.05899
e_20_3 20 3 2 0.0125 0.0341927 0.262338 0.124099 0.897691 -0.324312 0.0323236 0.296526 0.04101
8 25 24
3 -0.242648 -0.114107 0.017009 0.0125
26 -0.220552 -0.117825 0.0196702 0.0125
4 -0.204834 -0.0657924 0.0169277 0.0125
25 -0.182606 -0.101352 0.0202226 0.0125
1 -0.150143 -0.148292 0.0301923 0.0125
24 -0.16112 -0.13504 0.0403866 0.0125
23 -0.172393 -0.121747 0.0502133 0.0125
22 -0.184068 -0.109989 0.0615985 0.0125
21 -0.195892 -0.0975714 0.0720028 0.0125
6 -0.310466 0.221802 0.0678301 0.0125
11 -0.30359 0.19981 0.0582896 0.0125
10 -0.296911 0.176731 0.0446778 0.0125
9 -0.287893 0.144589 0.0288343 0.0125
2 -0.266371 0.0907661 0.0126102 0.0125
19 -0.217744 -0.063962 0.0804657 0.0125
8 -0.283018 0.12492 0.0224275 0.0125
12 -0.281584 0.0788257 0.0177089 0.0125
13 -0.294858 0.0638668 0.0176547 0.0125
14 -0.306975 0.0479583 0.0179816 0.0125
15 -0.319 0.0320922 0.0198986 0.0125
5 -0.330002 0.0155227 0.0178009 0.0125
16 -0.249229 0.0376699 0.0444963 0.0125
17 -0.233653 -0.025325 0.0739425 0.0125
18 -0.228329 -0.0450174 0.0787309 0.0125
20 -0.206531 -0.0823193 0.0794983 0.0125
e_2_8 2 8 1 0.0125 -0.274695 0.107844 0.0175189 0.584545 -0.22629 -0.568951 -0.532349 0.039243
e_8_9 8 9 2 0.0125 -0.285455 0.134755 0.0256312 0.543992 -0.281886 -0.519439 -0.595648 0.021252
e_9_10 9 10 3 0.0125 -0.292402 0.160659 0.0367559 0.600394 -0.263881 -0.464744 -0.594901 0.036952
e_10_11 10 11 4 0.0125 -0.300251 0.18827 0.0514842 0.627264 -0.254913 -0.434223 -0.594146 0.027615
e_11_6 11 6 5 0.0125 -0.307028 0.210806 0.0630599 0.590815 -0.260186 -0.490941 -0.584994 0.024938
e_2_12 2 12 1 0.0125 -0.273977 0.0847954 0.0151594 0.78267 0.29838 -0.532448 0.122053 0.02
e_12_13 12 13 2 0.0125 -0.288221 0.0713462 0.0176818 0.666003 0.343275 -0.619288 0.234701 0.02
e_13_14 13 14 3 0.0125 -0.300916 0.0559125 0.0178182 0.662879 0.362481 -0.600364 0.262225 0.02
e_14_15 14 15 4 0.0125 -0.312987 0.0400251 0.0189405 0.696004 0.36556 -0.564293 0.252029 0.02
e_15_5 15 5 5 0.0125 -0.3245 0.0238072 0.0188499 0.598159 0.369541 -0.644897 0.299588 0.02
e_2_16 2 16 1 0.0125 -0.257801 0.0642181 0.0285536 0.773307 0.496104 -0.0760756 0.387415 0.064263
e_16_17 16 17 2 0.0125 -0.241441 0.00617226 0.0592195 0.715483 0.515806 -0.165343 0.441237 0.071261
e_17_18 17 18 3 0.0125 -0.23099 -0.0351713 0.0763364 0.562639 0.543261 -0.301019 0.545612 0.020953
e_18_19 18 19 4 0.0125 -0.223036 -0.0544896 0.0795979 0.317659 0.554382 -0.390914 0.662525 0.021771
e_19_20 19 20 5 0.0125 -0.212137 -0.0731404 0.0799823 0.166195 0.514059 -0.508136 0.670761 0.021532
e_20_21 20 21 6 0.0125 -0.201211 -0.0899454 0.0757502 -0.098879 0.34658 -0.752865 0.550727 0.02005
e_21_22 21 22 7 0.0125 -0.18998 -0.10378 0.0668009 -0.239245 0.216754 -0.844041 0.428223 0.020056
e_22_23 22 23 8 0.0125 -0.178231 -0.115868 0.0559057 -0.250672 0.187444 -0.86488 0.392443 0.020104
e_23_24 23 24 9 0.0125 -0.166757 -0.128394 0.0453004 -0.198567 0.254178 -0.825193 0.463704 0.020009
e_24_1 24 1 10 0.0125 -0.155632 -0.141666 0.0352889 -0.192632 0.250287 -0.831998 0.456102 0.020001
e_1_25 1 25 1 0.0125 -0.166375 -0.124821 0.0252073 0.4823 -0.183761 -0.743151 -0.425847 0.057936
e_25_4 25 4 2 0.0125 -0.19372 -0.0835724 0.018575 0.502396 -0.199043 -0.706781 -0.456552 0.042064
e_1_26 1 26 1 0.0125 -0.185348 -0.133058 0.0249308 0.60965 -0.0189956 -0.753377 -0.245741 0.077436
e_26_3 26 3 2 0.0125 -0.2316 -0.115966 0.0183396 0.645148 0.0543233 -0.745669 -0.157514 0.022564
9 22 21
3 -0.140157 -0.236023 0.116739 0.0125
23 -0.0891651 -0.229728 0.109603 0.0125
4 0.0137928 -0.251835 0.0164 0.0125
22 0.00329352 -0.251511 0.0338477 0.0125
21 -0.0107145 -0.249921 0.0508799 0.0125
20 -0.0306137 -0.240135 0.0734421 0.0125
11 0.152611 0.012063 0.0839497 0.0125
10 0.121442 0.0205122 0.103565 0.0125
6 0.0527111 -0.104275 0.180625 0.0125
9 0.0661412 -0.0773463 0.162232 0.0125
2 0.103896 0.0188007 0.1159 0.0125
19 -0.0311285 -0.213194 0.0843048 0.0125
8 0.0876691 -0.0233107 0.126135 0.0125
12 0.169486 0.0135373 0.0728471 0.0125
5 0.186728 0.0138817 0.0618616 0.0125
13 0.0472827 -0.120347 0.0798177 0.0125
14 0.0408727 -0.14404 0.078937 0.0125
15 0.029063 -0.160975 0.077651 0.0125
16 0.0146501 -0.175044 0.077127 0.0125
17 -0.000993676 -0.187328 0.0799842 0.0125
18 -0.0155984 -0.20093 0.0813458 0.0125
1 -0.0463185 -0.225652 0.0880668 0.0125
e_2_8 2 8 1 0.0125 0.0957825 -0.00225473 0.121017 0.498703 0.544375 0.305072 -0.601566 0.046276
e_8_9 8 9 2 0.0125 0.0769049 -0.0503282 0.144183 0.699849 0.469444 0.126366 -0.523321 0.068457
e_9_6 9 6 3 0.0125 0.0594263 -0.0908104 0.171429 0.673706 0.476733 0.109394 -0.553967 0.035268
e_2_10 2 10 1 0.0125 0.11267 0.0196557 0.109732 0.424518 0.268796 0.845215 0.182058 0.021516
e_10_11 10 11 2 0.0125 0.137027 0.0162872 0.093757 0.486265 0.334224 0.804904 0.0630091 0.037785
e_11_12 11 12 3 0.0125 0.161049 0.0128009 0.0783983 0.438455 0.267776 0.838076 0.183527 0.020253
e_12_5 12 5 4 0.0125 0.178107 0.0137092 0.0673549 0.452684 0.279818 0.830869 0.162592 0.020447
e_2_13 2 13 1 0.0125 0.0755893 -0.0507734 0.0978593 0.252008 0.566466 0.543955 -0.565438 0.154496
e_13_14 13 14 2 0.0125 0.0440777 -0.132194 0.0793773 0.406417 0.559033 0.453235 -0.562926 0.024561
e_14_15 14 15 3 0.0125 0.0349677 -0.152508 0.0782937 0.202742 0.575143 0.447549 -0.654069 0.020686
e_15_16 15 16 4 0.0125 0.0218567 -0.16801 0.0773893 0.0886582 0.571931 0.431143 -0.692207 0.020147
e_16_17 16 17 5 0.0125 0.00682839 -0.181186 0.0785558 0.112353 0.569526 0.323375 -0.747292 0.020095
e_17_18 17 18 6 0.0125 -0.00829621 -0.194129 0.0806647 0.127469 0.573003 0.370979 -0.719579 0.020004
e_18_19 18 19 7 0.0125 -0.0233637 -0.207062 0.0828258 0.119298 0.569576 0.318795 -0.748145 0.020009
e_19_1 19 1 8 0.0125 -0.0387239 -0.219422 0.086186 0.168008 0.568893 0.286944 -0.752195 0.020001
e_1_20 1 20 1 0.0125 -0.0384658 -0.232894 0.0807539 0.452177 0.421822 0.7775 -0.114434 0.02589
e_20_21 20 21 2 0.0125 -0.0206637 -0.245027 0.0621607 0.378396 0.37565 0.845863 -0.014797 0.031635
e_21_22 21 22 3 0.0125 -0.00371032 -0.250716 0.0423641 0.329186 0.325047 0.882898 0.0804477 0.02211
e_22_4 22 4 4 0.0125 0.00854296 -0.251673 0.0251235 0.254991 0.320966 0.908485 0.0813361 0.020365
e_1_23 1 23 1 0.0125 -0.0677412 -0.22769 0.0988351 -0.0977275 0.514051 0.109556 -0.845103 0.048128
e_23_3 23 3 2 0.0125 -0.114661 -0.232875 0.113171 -0.533368 0.403866 0.517791 -0.533201 0.051872
10 25 24
3 0.0772445 -0.194741 0.0492423 0.0125
26 0.0809955 -0.175147 0.0506741 0.0125
25 0.088541 -0.156913 0.0539233 0.0125
24 0.0938504 -0.139696 0.0626072 0.0125
23 0.099248 -0.122526 0.0713276 0.0125
4 0.0142671 -0.132808 0.120506 0.0125
22 0.0625288 -0.11331 0.104246 0.0125
1 0.103074 -0.107879 0.0843985 0.0125
21 0.0865252 -0.115521 0.0972491 0.0125
6 -0.275647 -0.254492 0.24964 0.0125
11 -0.245582 -0.249143 0.234794 0.0125
10 -0.205968 -0.242345 0.214645 0.0125
9 -0.190768 -0.238966 0.200545 0.0125
2 -0.16041 -0.215109 0.168792 0.0125
19 0.0342036 -0.134891 0.115626 0.0125
8 -0.177196 -0.230023 0.187941 0.0125
12 -0.12269 -0.208148 0.175368 0.0125
13 -0.0949392 -0.200241 0.18299 0.0125
5 -0.0653866 -0.192243 0.189192 0.0125
14 -0.143344 -0.206264 0.161392 0.0125
15 -0.104308 -0.186411 0.144257 0.0125
16 -0.0774014 -0.179195 0.138753 0.0125
17 -0.0231405 -0.162074 0.12688 0.0125
18 -0.00260952 -0.151001 0.123174 0.0125
20 0.0589388 -0.123356 0.10878 0.0125
e_2_8 2 8 1 0.0125 -0.168803 -0.222566 0.178367 0.627403 -0.0341235 -0.4176 0.656362 0.029511
e_8_9 8 9 2 0.0125 -0.183982 -0.234494 0.194244 0.641375 -0.0842519 -0.431852 0.628525 0.020568
e_9_10 9 10 3 0.0125 -0.198368 -0.240656 0.207595 0.70839 -0.181942 -0.362333 0.577751 0.021006
e_10_11 10 11 4 0.0125 -0.225775 -0.245745 0.224719 0.672636 -0.246879 -0.463662 0.521181 0.044961
e_11_6 11 6 5 0.0125 -0.260614 -0.251818 0.242217 0.669425 -0.247027 -0.469419 0.52009 0.033955
e_2_12 2 12 1 0.0125 -0.14155 -0.21163 0.17208 0.418019 0.466791 0.444543 0.640115 0.038917
e_12_13 12 13 2 0.0125 -0.108814 -0.204195 0.179179 0.531076 0.323373 0.517437 0.587917 0.029845
e_13_5 13 5 3 0.0125 -0.0801625 -0.196242 0.186091 0.498838 0.36069 0.520218 0.591976 0.031238
e_2_14 2 14 1 0.0125 -0.151877 -0.210687 0.165092 0.235536 -0.823411 -0.0403741 -0.514672 0.020597
e_14_15 14 15 2 0.0125 -0.123826 -0.196337 0.152825 0.192897 -0.819879 -0.0999066 -0.529725 0.047028
e_15_16 15 16 3 0.0125 -0.0908546 -0.182803 0.141505 0.150906 0.677281 0.371765 0.616692 0.028396
e_16_17 16 17 4 0.0125 -0.0502708 -0.170634 0.132817 0.25001 0.58685 0.507677 0.579108 0.058124
e_17_18 17 18 5 0.0125 -0.0128749 -0.156538 0.125027 0.638006 -0.230705 0.724737 0.120332 0.023618
e_18_19 18 19 6 0.0125 0.0157971 -0.142946 0.1194 0.564637 0.0563538 0.767543 0.29814 0.040887
e_19_20 19 20 7 0.0125 0.0465712 -0.129123 0.112203 0.609115 -0.23055 0.753988 0.0856038 0.028138
e_20_21 20 21 8 0.0125 0.0727319 -0.119438 0.103015 -0.517849 0.512383 -0.651148 0.212845 0.03091
e_21_1 21 1 9 0.0125 0.0948001 -0.1117 0.090823 -0.272531 -0.429195 -0.777112 -0.370965 0.022302
e_1_22 1 22 1 0.0125 0.0828012 -0.110595 0.0943223 0.676066 -0.26104 -0.462164 0.511075 0.045468
e_22_4 22 4 2 0.0125 0.0383982 -0.123059 0.112376 0.603081 -0.198089 -0.558277 0.534211 0.054532
e_1_23 1 23 1 0.0125 0.101161 -0.115202 0.0778628 0.110196 0.0112706 -0.909198 0.401358 0.02
e_23_24 23 24 2 0.0125 0.096549 -0.131111 0.0669668 0.193123 0.0572837 -0.845412 0.494672 0.02
e_24_25 24 25 3 0.0125 0.0911957 -0.148304 0.0582652 0.192258 0.0598068 -0.844695 0.495933 0.02
e_25_26 25 26 4 0.0125 0.0847678 -0.16603 0.0522991 0.301088 0.0697651 -0.75919 0.572809 0.02
e_26_3 26 3 5 0.0125 0.0791195 -0.184944 0.0499586 0.276791 0.166269 -0.712851 0.622563 0.02
11 20 19
3 0.102153 0.176703 0.0523121 0.0125
21 0.120774 0.157285 0.0632836 0.0125
20 0.154356 0.137386 0.0805987 0.0125
4 0.122181 0.199521 0.0618556 0.0125
6 0.281831 -0.0146885 0.106711 0.0125
11 0.27987 -0.0306717 0.0875791 0.0125
10 0.279795 -0.0437956 0.071185 0.0125
9 0.285939 -0.0638606 0.0554088 0.0125
2 0.317777 -0.121325 0.0139059 0.0125
19 0.147967 0.159463 0.0808144 0.0125
8 0.308352 -0.102296 0.0268023 0.0125
12 0.327811 -0.104522 0.0249409 0.0125
13 0.352958 -0.0597533 0.0484581 0.0125
5 0.362924 -0.043885 0.0580621 0.0125
14 0.278699 -0.0331282 0.0579277 0.0125
15 0.256943 -0.00725508 0.0726604 0.0125
16 0.201631 0.0629738 0.0993333 0.0125
17 0.190951 0.083266 0.0992668 0.0125
18 0.182712 0.101356 0.0948211 0.0125
1 0.173759 0.119167 0.0900459 0.0125
e_2_8 2 8 1 0.0125 0.313064 -0.111811 0.0203541 0.864488 -0.463451 -0.160211 0.110478 0.024845
e_8_9 8 9 2 0.0125 0.297144 -0.0830783 0.0411057 0.875683 -0.429423 -0.212587 0.0598501 0.052896
e_9_10 9 10 3 0.0125 0.282867 -0.0538275 0.0632972 0.873936 -0.44522 -0.0362871 0.191567 0.026253
e_10_11 10 11 4 0.0125 0.279833 -0.0372337 0.0793827 0.91601 -0.321032 0.0813132 0.226392 0.021001
e_11_6 11 6 5 0.0125 0.28085 -0.0226795 0.0971452 0.902334 -0.315135 0.134727 0.261406 0.025006
e_2_12 2 12 1 0.0125 0.322794 -0.112923 0.019424 0.740717 -0.238585 0.444402 0.443759 0.022467
e_12_13 12 13 2 0.0125 0.340385 -0.0821378 0.0366995 0.697536 -0.242376 0.482759 0.470788 0.056477
e_13_5 13 5 3 0.0125 0.357941 -0.0518198 0.0532604 0.721236 -0.225089 0.470393 0.455942 0.021056
e_2_14 2 14 1 0.0125 0.298238 -0.0772262 0.0359173 0.824776 -0.52781 -0.11763 0.165302 0.106036
e_14_15 14 15 2 0.0125 0.267821 -0.0201912 0.065294 0.83102 -0.376295 -0.398312 -0.0956835 0.036875
e_15_16 15 16 3 0.0125 0.229287 0.0278596 0.0859963 0.795974 -0.421305 -0.423722 -0.0968826 0.093289
e_16_17 16 17 4 0.0125 0.196292 0.0731203 0.0993003 0.656947 -0.703911 -0.0771534 0.2588 0.022932
e_17_18 17 18 5 0.0125 0.186832 0.0923112 0.0970442 -0.0840449 -0.225094 0.747312 0.619511 0.020368
e_18_1 18 1 6 0.0125 0.178236 0.110261 0.0924332 -0.220763 -0.079419 0.781129 0.578614 0.020499
e_1_19 1 19 1 0.0125 0.160862 0.139315 0.08543 0.47736 -0.212006 -0.74147 -0.421192 0.048725
e_19_4 19 4 2 0.0125 0.135074 0.179492 0.0713353 -0.558319 0.738642 0.373208 -0.0583366 0.051275
e_1_20 1 20 1 0.0125 0.164057 0.128276 0.0853226 -0.198664 0.751624 -0.319872 -0.54155 0.028242
e_20_21 20 21 2 0.0125 0.137565 0.147336 0.0719405 -0.08868 0.781088 -0.304364 -0.537959 0.042703
e_21_3 21 3 3 0.0125 0.111463 0.166994 0.0577974 -0.325767 0.816133 -0.150792 -0.45284 0.029055
12 20 19
3 0.0912783 -0.284342 0.146468 0.0125
21 0.11444 -0.257683 0.116471 0.0125
20 0.127095 -0.235128 0.0955795 0.0125
4 0.095836 -0.283708 0.0124241 0.0125
5 0.232554 -0.0538719 0.0698368 0.0125
10 0.244714 -0.0142397 0.0321892 0.0125
6 0.1793 0.015231 0.134314 0.0125
9 0.221181 0.0119443 0.0540296 0.0125
2 0.261515 0.0207587 0.0114782 0.0125
19 0.107517 -0.272955 0.0285357 0.0125
8 0.234714 0.0161631 0.0378903 0.0125
11 0.212918 -0.0324217 0.0543732 0.0125
12 0.197686 -0.0503971 0.0641054 0.0125
13 0.16089 -0.122137 0.0799199 0.0125
14 0.150048 -0.15284 0.0886021 0.0125
15 0.143693 -0.177007 0.0915422 0.0125
16 0.14125 -0.19687 0.0880055 0.0125
1 0.136697 -0.224908 0.0807384 0.0125
18 0.120723 -0.259516 0.0484235 0.0125
17 0.128211 -0.244159 0.0634831 0.0125
e_2_8 2 8 1 0.0125 0.248114 0.0184612 0.0246842 0.846022 0.212189 -0.326503 -0.364168 0.037908
e_8_9 8 9 2 0.0125 0.227948 0.0140537 0.0459599 0.869036 0.222317 -0.273688 -0.347055 0.021481
e_9_6 9 6 3 0.0125 0.20024 0.0135876 0.0941716 0.897196 0.0737995 -0.227025 -0.371555 0.090611
e_2_10 2 10 1 0.0125 0.253115 0.00325953 0.0218337 0.833903 0.502893 -0.108389 -0.199891 0.044001
e_10_5 10 5 2 0.0125 0.238634 -0.0340558 0.051013 0.890502 0.403842 -0.0277319 -0.207722 0.055999
e_2_11 2 11 1 0.0125 0.237217 -0.00583124 0.0329254 0.830959 0.446668 -0.211388 -0.255557 0.083844
e_11_12 11 12 2 0.0125 0.205302 -0.0414092 0.059239 0.797142 0.508621 -0.224554 -0.235469 0.025492
e_12_13 12 13 3 0.0125 0.179288 -0.0862675 0.072013 0.753509 0.615091 -0.159444 -0.168715 0.082163
e_13_14 13 14 4 0.0125 0.155469 -0.137489 0.0842606 0.778547 0.60255 -0.0900647 -0.15062 0.033697
e_14_15 14 15 5 0.0125 0.14687 -0.164923 0.0900721 0.738436 0.660979 -0.0684059 -0.114631 0.025161
e_15_16 15 16 6 0.0125 0.142472 -0.186938 0.0897735 0.641009 0.765168 -0.0389988 -0.045873 0.020323
e_16_1 16 1 7 0.0125 0.138974 -0.210889 0.0843723 0.611641 0.786785 -0.0700361 -0.0442625 0.029319
e_1_17 1 17 1 0.0125 0.132454 -0.234533 0.0721104 0.424906 0.863256 -0.268095 -0.0486709 0.027209
e_17_18 17 18 2 0.0125 0.124468 -0.251837 0.0559537 0.40816 0.863659 -0.291057 -0.0527767 0.022776
e_18_19 18 19 3 0.0125 0.11412 -0.266235 0.0384792 0.354737 0.821056 -0.434552 -0.105799 0.027396
e_19_4 19 4 4 0.0125 0.101677 -0.278331 0.0204803 0.360431 0.807484 -0.451783 -0.118114 0.02262
e_1_20 1 20 1 0.0125 0.131896 -0.230017 0.0881589 0.886338 0.332883 -0.160488 -0.278994 0.020419
e_20_21 20 21 2 0.0125 0.120768 -0.246405 0.106026 0.872004 0.417514 -0.107207 -0.231942 0.033247
e_21_3 21 3 3 0.0125 0.102859 -0.271012 0.13147 0.867925 0.383628 -0.170691 -0.265331 0.046334
13 24 23
3 -0.187262 -0.29485 0.243528 0.0125
25 -0.193524 -0.284339 0.223801 0.0125
24 -0.196157 -0.274664 0.203811 0.0125
4 -0.202453 -0.288648 0.246843 0.0125
23 -0.202145 -0.279291 0.229169 0.0125
22 -0.20088 -0.268927 0.212111 0.0125
21 -0.203585 -0.260935 0.193978 0.0125
20 -0.203229 -0.25585 0.174638 0.0125
6 -0.188196 -0.000140127 0.0200615 0.0125
11 -0.170092 -0.00456933 0.0372381 0.0125
10 -0.154425 -0.0076286 0.0506135 0.0125
9 -0.13445 -0.00740115 0.0704507 0.0125
2 -0.0737895 0.0106318 0.11194 0.0125
19 -0.194793 -0.234367 0.150947 0.0125
8 -0.0995907 0.0032582 0.0940685 0.0125
12 -0.0442523 0.00918985 0.120173 0.0125
13 -0.0154223 0.00572679 0.118543 0.0125
14 0.00466288 0.00566167 0.119106 0.0125
5 0.0246125 0.00303193 0.119531 0.0125
15 -0.0914157 -0.0274111 0.123292 0.0125
16 -0.119844 -0.085107 0.127871 0.0125
17 -0.175678 -0.18838 0.134211 0.0125
18 -0.185575 -0.216091 0.143652 0.0125
1 -0.206327 -0.25247 0.155171 0.0125
e_2_8 2 8 1 0.0125 -0.0866901 0.006945 0.103004 0.442981 -0.0656062 -0.87912 0.16313 0.032241
e_8_9 8 9 2 0.0125 -0.11702 -0.0020716 0.0822602 0.446362 -0.0588187 -0.876598 0.169935 0.043435
e_9_10 9 10 3 0.0125 -0.144438 -0.00751475 0.0605315 0.378388 -0.151127 -0.910749 0.0672202 0.028153
e_10_11 10 11 4 0.0125 -0.162259 -0.00609858 0.0439256 0.422099 -0.22909 -0.876725 0.0265264 0.020825
e_11_6 11 6 5 0.0125 -0.179144 -0.00235435 0.0286496 0.401326 -0.238732 -0.884225 0.00952049 0.025346
e_2_12 2 12 1 0.0125 -0.0590213 0.00991089 0.116057 0.515853 0.479367 0.368906 0.606639 0.030697
e_12_13 12 13 2 0.0125 -0.0298373 0.00745832 0.119358 0.217576 0.711793 0.146299 0.65162 0.029083
e_13_14 13 14 3 0.0125 -0.00537976 0.00569397 0.118824 0.340453 0.614565 0.329055 0.630971 0.020094
e_14_5 14 5 4 0.0125 0.0146384 0.00434687 0.119319 0.290234 0.670949 0.198168 0.652933 0.020126
e_2_15 2 15 1 0.0125 -0.0826026 -0.00838963 0.117616 0.617513 0.268132 -0.545379 0.499345 0.043437
e_15_16 15 16 2 0.0125 -0.10563 -0.0562589 0.125581 0.55736 0.270437 -0.625586 0.47419 0.064482
e_16_17 16 17 3 0.0125 -0.147761 -0.136743 0.131041 0.558379 0.256363 -0.638213 0.463869 0.117571
e_17_18 17 18 4 0.0125 -0.180627 -0.202236 0.138931 0.617577 0.296382 -0.509308 0.520924 0.030903
e_18_19 18 19 5 0.0125 -0.190184 -0.225229 0.1473 0.647597 0.249465 -0.519522 0.49848 0.02173
e_19_1 19 1 6 0.0125 -0.200559 -0.243418 0.153059 0.617093 0.22277 -0.594851 0.464459 0.021876
e_1_20 1 20 1 0.0125 -0.204778 -0.25416 0.164905 0.86573 0.112363 0.0262408 0.48703 0.02
e_20_21 20 21 2 0.0125 -0.203407 -0.258392 0.184308 0.865485 0.107495 -0.0704504 0.484167 0.02
e_21_22 21 22 3 0.0125 -0.202233 -0.264931 0.203045 0.814152 0.208851 -0.0551712 0.538975 0.02
e_22_23 22 23 4 0.0125 -0.201512 -0.274109 0.220641 0.801846 0.206098 -0.176285 0.532439 0.02
e_23_4 23 4 5 0.0125 -0.202299 -0.283969 0.238006 0.812725 0.197507 -0.138385 0.530394 0.02
e_1_24 1 24 1 0.0125 -0.201241 -0.263567 0.179491 0.803879 0.227219 -0.0387563 0.548314 0.054423
e_24_25 24 25 2 0.0125 -0.194841 -0.279502 0.213805 0.807333 0.218187 -0.073918 0.543272 0.022363
e_25_3 25 3 3 0.0125 -0.190393 -0.289595 0.233664 0.774606 0.272738 -0.0265576 0.569995 0.023214
14 26 25
3 -0.0207513 0.122729 0.0509953 0.0125
27 -0.0656903 0.15279 0.0912314 0.0125
4 -0.0814575 0.140459 0.0124706 0.0125
26 -0.0857288 0.148351 0.0303445 0.0125
25 -0.0869248 0.154912 0.0491998 0.0125
24 -0.0896639 0.164051 0.0667781 0.0125
23 -0.0887043 0.169696 0.0859401 0.0125
1 -0.0880654 0.171461 0.105851 0.0125
22 -0.0481361 0.175834 0.0984034 0.0125
21 -0.0273848 0.177957 0.0944264 0.0125
6 0.197818 0.141992 0.0114599 0.0125
11 0.193881 0.160131 0.0190043 0.0125
10 0.189545 0.179014 0.0239905 0.0125
9 0.18678 0.200224 0.0304016 0.0125
2 0.174012 0.284377 0.0510881 0.0125
19 0.0173975 0.186548 0.0904608 0.0125
8 0.183266 0.225135 0.0376647 0.0125
12 0.183563 0.269123 0.0423626 0.0125
13 0.190061 0.253191 0.0321681 0.0125
14 0.195497 0.236554 0.0224899 0.0125
15 0.200778 0.217551 0.0191701 0.0125
5 0.205146 0.199074 0.0128855 0.0125
16 0.108748 0.230223 0.0797833 0.0125
17 0.0850135 0.214501 0.0832708 0.0125
18 0.0657266 0.205877 0.0859627 0.0125
20 -0.00727929 0.180045 0.090268 0.0125
e_2_8 2 8 1 0.0125 0.178639 0.254756 0.0443763 0.568621 0.751532 -0.210787 0.259689 0.061444
e_8_9 8 9 2 0.0125 0.185023 0.212679 0.0340327 0.550841 0.769863 -0.214484 0.240586 0.026185
e_9_10 9 10 3 0.0125 0.188162 0.189619 0.0271953 0.548922 0.772175 -0.217476 0.234808 0.02233
e_10_11 10 11 4 0.0125 0.191713 0.169572 0.0214981 0.547334 0.767595 -0.188168 0.275348 0.020007
e_11_6 11 6 5 0.0125 0.19585 0.151061 0.0152324 0.50419 0.807724 -0.189363 0.239826 0.020034
e_2_12 2 12 1 0.0125 0.178787 0.27675 0.0467254 0.420345 0.843381 -0.0827167 0.324308 0.02
e_12_13 12 13 2 0.0125 0.186812 0.261157 0.0372657 0.424188 0.858475 -0.133726 0.255349 0.02
e_13_14 13 14 3 0.0125 0.19278 0.244873 0.027329 0.446464 0.847227 -0.155433 0.242315 0.02
e_14_15 14 15 4 0.0125 0.198138 0.227053 0.02083 0.566401 0.743453 -0.174015 0.310139 0.02
e_15_5 15 5 5 0.0125 0.202961 0.208313 0.0160275 0.524011 0.789185 -0.185217 0.261333 0.02
e_2_16 2 16 1 0.0125 0.14138 0.2573 0.065436 0.810752 0.341442 -0.472398 0.0542101 0.089529
e_16_17 16 17 2 0.0125 0.0968807 0.222361 0.0815274 0.746163 0.411519 -0.519483 -0.0634854 0.028682
e_17_18 17 18 3 0.0125 0.0753701 0.210188 0.0846171 0.740774 0.36293 -0.552352 -0.120177 0.021298
e_18_19 18 19 4 0.0125 0.0415623 0.196212 0.0882114 0.721245 0.374441 -0.562799 -0.151185 0.052244
e_19_20 19 20 5 0.0125 0.00505881 0.183297 0.0903644 0.664476 0.398456 -0.587385 -0.233843 0.02552
e_20_21 20 21 6 0.0125 -0.017332 0.179001 0.0923472 0.752708 0.213335 -0.594743 -0.184928 0.020637
e_21_22 21 22 7 0.0125 -0.0377607 0.176895 0.0964152 0.745642 0.222484 -0.597383 -0.19404 0.021235
e_22_1 22 1 8 0.0125 -0.068101 0.173648 0.102127 0.743767 0.22842 -0.597211 -0.194869 0.040853
e_1_23 1 23 1 0.0125 -0.0883851 0.170579 0.0958965 0.0455488 0.993954 -0.0992326 -0.0115234 0.02
e_23_24 23 24 2 0.0125 -0.0891841 0.166874 0.0763584 0.144666 0.977833 -0.151357 -0.00213784 0.02
e_24_25 24 25 3 0.0125 -0.0882944 0.159481 0.0579889 0.224448 0.960895 -0.126956 0.100932 0.02
e_25_26 25 26 4 0.0125 -0.0863271 0.151631 0.0397725 0.161252 0.977696 -0.124488 0.0510978 0.02
e_26_4 26 4 5 0.0125 -0.0835929 0.144405 0.0214079 0.191849 0.96896 -0.0892036 0.127877 0.02
e_1_27 1 27 1 0.0125 -0.0768779 0.162126 0.0985418 0.343076 0.850888 0.0140405 0.397608 0.032604
e_27_3 27 3 2 0.0125 -0.0432208 0.13776 0.071113 0.263998 0.892909 0.0350075 0.363032 0.067396
15 22 21
3 0.0846653 0.125902 0.18056 0.0125
23 0.0985388 0.111546 0.181754 0.0125
22 0.11285 0.0980159 0.185236 0.0125
21 0.127859 0.0850873 0.187987 0.0125
20 0.142658 0.0716368 0.188247 0.0125
4 0.217611 0.0848627 0.116236 0.0125
11 0.164194 -0.150157 0.0226344 0.0125
6 0.252677 -0.116052 0.0647086 0.0125
10 0.234816 -0.130944 0.0613957 0.0125
9 0.213857 -0.146354 0.0576004 0.0125
2 0.128782 -0.192927 0.0332459 0.0125
19 0.207009 0.0845287 0.134553 0.0125
8 0.192979 -0.157883 0.0545411 0.0125
12 0.177883 -0.13381 0.0190195 0.0125
5 0.189881 -0.117182 0.0114914 0.0125
13 0.134257 -0.09174 0.112748 0.0125
14 0.130522 -0.0444954 0.131992 0.0125
15 0.147621 0.0217278 0.168129 0.0125
16 0.151982 0.0393429 0.178008 0.0125
1 0.157348 0.0580646 0.188312 0.0125
18 0.190934 0.0810326 0.149858 0.0125
17 0.173843 0.0729186 0.16944 0.0125
e_2_8 2 8 1 0.0125 0.160881 -0.175406 0.0438936 0.773266 -0.14329 0.58283 0.204542 0.076176
e_8_9 8 9 2 0.0125 0.203418 -0.152119 0.0560714 0.729174 -0.172565 0.637658 0.178659 0.024045
e_9_10 9 10 3 0.0125 0.224337 -0.13865 0.0594978 0.727761 -0.229067 0.612657 0.206259 0.026289
e_10_6 10 6 4 0.0125 0.243746 -0.123498 0.0630525 0.723343 -0.256982 0.60286 0.217474 0.02349
e_2_11 2 11 1 0.0125 0.146488 -0.171542 0.0279401 0.604113 -0.406147 0.654902 0.202967 0.056532
e_11_12 11 12 2 0.0125 0.171039 -0.141983 0.020827 0.61185 -0.399427 0.651183 0.205081 0.021626
e_12_5 12 5 3 0.0125 0.183882 -0.125497 0.0152553 0.53968 -0.46697 0.673991 0.190842 0.021842
e_2_13 2 13 1 0.0125 0.13152 -0.142333 0.072997 0.798604 -0.377072 0.221784 0.413352 0.128799
e_13_14 13 14 2 0.0125 0.132389 -0.0681182 0.12237 0.717054 -0.503386 0.241862 0.41706 0.05115
e_14_15 14 15 3 0.0125 0.139071 -0.011384 0.150061 0.771297 -0.393946 0.333503 0.372403 0.077355
e_15_16 15 16 4 0.0125 0.149801 0.0305348 0.173068 0.773569 -0.392628 0.326778 0.375033 0.020662
e_16_1 16 1 5 0.0125 0.154665 0.0487038 0.18316 0.773473 -0.386684 0.341514 0.368215 0.022034
e_1_17 1 17 1 0.0125 0.165595 0.0654914 0.178876 0.409748 -0.447179 0.789875 0.0907448 0.029136
e_17_18 17 18 2 0.0125 0.182389 0.0769749 0.159649 0.374188 -0.35253 0.857501 0.0199196 0.027228
e_18_19 18 19 3 0.0125 0.198971 0.0827809 0.142206 0.398798 -0.238106 0.885376 -0.0193632 0.022469
e_19_4 19 4 4 0.0125 0.21231 0.084696 0.125395 0.249087 -0.29952 0.918131 -0.072659 0.021167
e_1_20 1 20 1 0.0125 0.150003 0.064851 0.18828 0.508966 -0.707015 -0.0419942 0.489203 0.02
e_20_21 20 21 2 0.0125 0.135259 0.0783624 0.188117 0.504202 -0.710289 -0.0446803 0.489155 0.02
e_21_22 21 22 3 0.0125 0.120355 0.0915521 0.186611 0.450416 -0.753416 -0.0337625 0.47786 0.02
e_22_23 22 23 4 0.0125 0.105695 0.104781 0.183495 0.440938 -0.766202 0.000866166 0.467447 0.02
e_23_3 23 3 5 0.0125 0.0916022 0.118724 0.181157 0.493024 -0.727893 8.58126e-05 0.476549 0.02
16 20 19
3 -0.0862128 0.281417 0.168709 0.0125
21 -0.0976119 0.255289 0.135383 0.0125
4 -0.148535 0.288389 0.160465 0.0125
20 -0.141361 0.278595 0.144493 0.0125
11 -0.162906 -0.0552668 0.0561686 0.0125
6 -0.246976 0.0570522 0.138471 0.0125
10 -0.236299 0.0221955 0.106149 0.0125
9 -0.220398 0.00153279 0.0906573 0.0125
2 -0.191499 -0.0470341 0.0479542 0.0125
19 -0.135467 0.267705 0.125173 0.0125
8 -0.206511 -0.0257786 0.067669 0.0125
12 -0.142507 -0.060894 0.0617785 0.0125
13 -0.121199 -0.0678896 0.0668929 0.0125
5 -0.0977124 -0.0681805 0.0728754 0.0125
14 -0.167458 0.0560487 0.0729256 0.0125
15 -0.127748 0.141978 0.0779106 0.0125
16 -0.122136 0.161248 0.0779111 0.0125
17 -0.116964 0.188028 0.0815504 0.0125
1 -0.111109 0.236468 0.0842368 0.0125
18 -0.126239 0.255961 0.108518 0.0125
e_2_8 2 8 1 0.0125 -0.199004 -0.0364067 0.0578114 0.879753 -0.309175 -0.320112 -0.167252 0.032647
e_8_9 8 9 2 0.0125 -0.213454 -0.0121233 0.0791634 0.872388 -0.343963 -0.285675 -0.197532 0.038305
e_9_10 9 10 3 0.0125 -0.228348 0.0118635 0.0984034 0.855301 -0.33213 -0.366468 -0.154436 0.030327
e_10_6 10 6 4 0.0125 -0.241638 0.0396238 0.12231 0.882139 -0.348919 -0.215744 -0.231387 0.048721
e_2_11 2 11 1 0.0125 -0.177203 -0.0511505 0.052061 0.654811 -0.192729 0.574287 -0.451965 0.030868
e_11_12 11 12 2 0.0125 -0.152706 -0.0580804 0.0589735 0.647375 -0.206679 0.573715 -0.45721 0.021892
e_12_13 12 13 3 0.0125 -0.131853 -0.0643915 0.0643359 0.636201 -0.185996 0.59517 -0.45434 0.023003
e_13_5 13 5 4 0.0125 -0.109456 -0.0680351 0.0698841 0.613863 -0.380016 0.481852 -0.496566 0.024238
e_2_14 2 14 1 0.0125 -0.179478 0.00450698 0.0604401 0.700182 -0.603181 -0.146172 -0.352918 0.108754
e_14_15 14 15 2 0.0125 -0.147603 0.0990135 0.0754176 0.60834 -0.681211 -0.0982781 -0.395241 0.094793
e_15_16 15 16 3 0.0125 -0.124942 0.151613 0.0779103 0.607151 -0.684248 -0.178256 -0.362487 0.02007
e_16_17 16 17 4 0.0125 -0.119551 0.174638 0.0797306 0.668745 -0.632075 -0.185371 -0.344818 0.027517
e_17_1 17 1 5 0.0125 -0.114037 0.212248 0.082893 0.648275 -0.646314 -0.23406 -0.327465 0.048866
e_1_18 1 18 1 0.0125 -0.118674 0.246215 0.0963778 0.908007 -0.25892 -0.286834 -0.161896 0.03462
e_18_19 18 19 2 0.0125 -0.130853 0.261832 0.116845 0.919678 -0.238316 -0.266371 -0.162615 0.02237
e_19_20 19 20 3 0.0125 -0.138413 0.27315 0.134833 0.940334 -0.215528 -0.180527 -0.19165 0.022949
e_20_4 20 4 4 0.0125 -0.144948 0.283492 0.152479 0.932229 -0.219491 -0.231866 -0.170327 0.020062
e_1_21 1 21 1 0.0125 -0.10436 0.245878 0.10981 0.933997 -0.200114 0.0669165 -0.288316 0.056145
e_21_3 21 3 2 0.0125 -0.0919132 0.268353 0.152046 0.878504 -0.345977 0.0183963 -0.328927 0.043855
17 21 20
3 0.0373442 0.163215 0.24021 0.0125
22 0.0411532 0.174299 0.222549 0.0125
21 0.0449578 0.185096 0.205859 0.0125
4 0.0643757 0.288659 0.094432 0.0125
20 0.059129 0.26692 0.119987 0.0125
11 0.270868 0.0558983 0.0497527 0.0125
6 0.211769 0.144301 0.128782 0.0125
10 0.220068 0.128908 0.116901 0.0125
9 0.23104 0.112849 0.105914 0.0125
2 0.281851 0.0554403 0.0330448 0.0125
19 0.0810529 0.205644 0.149986 0.0125
8 0.268584 0.0723116 0.0614231 0.0125
12 0.260924 0.0547123 0.0670651 0.0125
13 0.252102 0.052152 0.0848307 0.0125
14 0.240724 0.0490427 0.100982 0.0125
5 0.231905 0.0431417 0.117936 0.0125
15 0.186396 0.13953 0.100802 0.0125
16 0.170845 0.152513 0.110916 0.0125
17 0.117868 0.184036 0.141214 0.0125
18 0.0999597 0.19797 0.146343 0.0125
1 0.0635148 0.212955 0.157803 0.0125
e_2_8 2 8 1 0.0125 0.275218 0.063876 0.047234 0.927401 -0.203808 -0.24427 -0.196777 0.03558
e_8_9 8 9 2 0.0125 0.249813 0.09258 0.0836688 0.880547 -0.245648 -0.355067 -0.195506 0.070939
e_9_10 9 10 3 0.0125 0.225554 0.120878 0.111407 0.836576 -0.332473 -0.378865 -0.214627 0.022338
e_10_6 10 6 4 0.0125 0.215918 0.136604 0.122841 0.854761 -0.342057 -0.319409 -0.224406 0.021143
e_2_11 2 11 1 0.0125 0.27636 0.0556692 0.041399 0.949826 0.0254504 -0.285734 -0.124655 0.02
e_11_12 11 12 2 0.0125 0.265896 0.0553048 0.0584096 0.958732 0.0615973 -0.251811 -0.116746 0.02
e_12_13 12 13 3 0.0125 0.256513 0.0534321 0.0759479 0.965363 0.0912507 -0.218014 -0.110535 0.02
e_13_14 13 14 4 0.0125 0.246413 0.0505979 0.0929063 0.945785 0.111665 -0.289386 -0.0963181 0.02
e_14_5 14 5 5 0.0125 0.236315 0.0460921 0.109459 0.957528 0.172826 -0.215175 -0.0834894 0.02
e_2_15 2 15 1 0.0125 0.234124 0.097485 0.0669229 0.837428 -0.249559 -0.450185 -0.183759 0.14413
e_15_16 15 16 2 0.0125 0.178621 0.146022 0.105859 0.83124 -0.244001 -0.465947 -0.179989 0.022643
e_16_17 16 17 3 0.0125 0.144356 0.168274 0.126065 0.833953 -0.180844 -0.496743 -0.158321 0.06869
e_17_18 17 18 4 0.0125 0.108914 0.191003 0.143778 0.762439 -0.26696 -0.564373 -0.170008 0.023263
e_18_19 18 19 5 0.0125 0.0905068 0.201807 0.148165 0.756486 -0.141215 -0.626223 -0.125026 0.020727
e_19_1 19 1 6 0.0125 0.072284 0.2093 0.153895 0.819584 -0.127148 -0.54186 -0.136024 0.020546
e_1_20 1 20 1 0.0125 0.0613217 0.239938 0.138895 0.388217 -0.703244 -0.540141 -0.250966 0.066041
e_20_4 20 4 2 0.0125 0.061753 0.277789 0.10721 0.241696 -0.784829 -0.510213 -0.255557 0.033959
e_1_21 1 21 1 0.0125 0.0542369 0.199026 0.181832 0.95224 0.259137 -0.150221 -0.0593429 0.058565
e_21_22 21 22 2 0.0125 0.0430564 0.179698 0.214204 0.953522 0.284548 -0.0819104 -0.0558556 0.020239
e_22_3 22 3 3 0.0125 0.0392487 0.168757 0.23138 0.955605 0.278336 -0.0769943 -0.0584823 0.021196
18 26 25
3 -0.00141332 0.0486638 0.156298 0.0125
27 0.0172648 0.0539534 0.14969 0.0125
26 0.0354272 0.0604134 0.142637 0.0125
25 0.0687516 0.0734949 0.138696 0.0125
4 0.0356744 0.0543132 0.214402 0.0125
24 0.0449648 0.0608958 0.197959 0.0125
23 0.0549916 0.0690232 0.182682 0.0125
22 0.0648692 0.0775124 0.167504 0.0125
21 0.0761027 0.0806678 0.15126 0.0125
1 0.089907 0.0822036 0.13687 0.0125
11 -0.150482 -0.104133 0.154557 0.0125
10 -0.121294 -0.118489 0.154177 0.0125
6 -0.0284963 -0.0194125 0.0964126 0.0125
9 -0.0372414 -0.0379509 0.104307 0.0125
2 -0.0858889 -0.146578 0.151351 0.0125
19 0.0788906 0.047951 0.153325 0.0125
8 -0.0642221 -0.102424 0.132491 0.0125
5 -0.169855 -0.0942466 0.158942 0.0125
12 -0.0493362 -0.118143 0.155789 0.0125
13 0.000481858 -0.0723704 0.157449 0.0125
14 0.0183385 -0.0491953 0.159538 0.0125
15 0.0321992 -0.0311022 0.160942 0.0125
16 0.0518533 -0.00419408 0.161915 0.0125
17 0.0637626 0.0122127 0.162487 0.0125
18 0.0720084 0.0301826 0.159419 0.0125
20 0.0863098 0.0655329 0.147319 0.0125
e_2_8 2 8 1 0.0125 -0.0750555 -0.124501 0.141921 0.564053 -0.770581 0.291922 -0.0532113 0.052675
e_8_9 8 9 2 0.0125 -0.0507318 -0.0701875 0.118399 0.558049 -0.785382 0.264915 -0.0396973 0.07536
e_9_6 9 6 3 0.0125 -0.0328684 -0.0286818 0.10036 0.563759 -0.773718 0.2847 -0.049831 0.021964
e_2_10 2 10 1 0.0125 -0.103591 -0.132533 0.152764 0.705237 -0.547172 -0.411571 0.18399 0.045282
e_10_11 10 11 2 0.0125 -0.135887 -0.111311 0.154367 0.677684 -0.487038 -0.506915 0.215813 0.03253
e_11_5 11 5 3 0.0125 -0.160169 -0.0991893 0.15675 0.750808 -0.41592 -0.477695 0.187364 0.022187
e_2_12 2 12 1 0.0125 -0.0676129 -0.132361 0.153571 0.722753 -0.517441 0.429591 -0.159168 0.046523
e_12_13 12 13 2 0.0125 -0.0244275 -0.0952559 0.156619 0.701408 -0.565403 0.40995 -0.142431 0.067674
e_13_14 13 14 3 0.0125 0.00941067 -0.0607826 0.158493 0.72377 -0.595478 0.331361 -0.108456 0.02933
e_14_15 14 15 4 0.0125 0.0252688 -0.0401491 0.16024 0.720526 -0.599403 0.331601 -0.107698 0.022836
e_15_16 15 16 5 0.0125 0.0420258 -0.017648 0.161429 0.710006 -0.615501 0.326451 -0.102368 0.033336
e_16_17 16 17 6 0.0125 0.0578075 0.00400905 0.162201 0.709754 -0.616514 0.325286 -0.101731 0.020282
e_17_18 17 18 7 0.0125 0.0678853 0.021197 0.160953 0.648315 -0.714445 0.257382 -0.0548643 0.020008
e_18_19 18 19 8 0.0125 0.075449 0.0390669 0.156372 0.588535 -0.769727 0.244575 -0.0364703 0.020006
e_19_20 19 20 9 0.0125 0.0826007 0.0567422 0.150322 0.589938 -0.763718 0.258558 -0.0430768 0.020006
e_20_1 20 1 10 0.0125 0.0881084 0.0738682 0.142094 0.488627 -0.850962 0.192568 0.00491136 0.020001
e_1_21 1 21 1 0.0125 0.0830043 0.0814355 0.144065 0.924744 0.0140248 -0.374213 0.0679445 0.02
e_21_22 21 22 2 0.0125 0.0704864 0.07909 0.159382 0.951538 0.0748151 -0.297169 0.0258453 0.02
e_22_23 22 23 3 0.0125 0.0599307 0.0732674 0.175092 0.937728 0.229136 -0.260884 -0.0100757 0.02
e_23_24 23 24 4 0.0125 0.0499781 0.0649595 0.19032 0.939097 0.218281 -0.265336 -0.00682194 0.02
e_24_4 24 4 5 0.0125 0.0403192 0.057605 0.206181 0.954424 0.175338 -0.241243 -0.0115294 0.02
e_1_25 1 25 1 0.0125 0.0793286 0.0778487 0.137783 0.707793 0.08053 -0.673585 0.197045 0.02295
e_25_26 25 26 2 0.0125 0.0520893 0.0669538 0.140666 0.719428 0.0748553 -0.663099 0.192663 0.036016
e_26_27 26 27 3 0.0125 0.0263459 0.057183 0.146163 0.807114 0.0950392 -0.564936 0.142762 0.020527
e_27_3 27 3 4 0.0125 0.0079262 0.0513085 0.152994 0.797867 0.0477721 -0.580179 0.156582 0.020507
19 28 27
3 -0.337821 -0.170163 0.145409 0.0125
29 -0.321958 -0.163199 0.135415 0.0125
28 -0.310156 -0.151573 0.12421 0.0125
27 -0.297593 -0.13954 0.114344 0.0125
26 -0.284622 -0.124998 0.109837 0.0125
4 -0.226134 -0.14127 0.023538 0.0125
25 -0.243995 -0.132051 0.0529751 0.0125
24 -0.254116 -0.124823 0.0769381 0.0125
1 -0.271228 -0.110445 0.106872 0.0125
23 -0.257464 -0.0951585 0.105704 0.0125
22 -0.241841 -0.081359 0.108605 0.0125
21 -0.224467 -0.0705768 0.107425 0.0125
6 -0.167724 0.0154312 0.159046 0.0125
11 -0.148203 0.0186118 0.15552 0.0125
10 -0.128595 0.0241953 0.153425 0.0125
9 -0.0972653 0.0375081 0.148993 0.0125
2 -0.029681 0.0589514 0.125182 0.0125
19 -0.19527 -0.0431263 0.111291 0.0125
8 -0.0791078 0.045887 0.143975 0.0125
12 -0.00996867 0.0468763 0.114878 0.0125
13 0.0166748 0.0362914 0.0995044 0.0125
14 0.0350467 0.0350323 0.0877066 0.0125
5 0.0524767 0.0397565 0.0784561 0.0125
15 -0.0524112 0.0436882 0.131007 0.0125
16 -0.109454 0.00899197 0.128151 0.0125
17 -0.140179 -0.0112917 0.126088 0.0125
18 -0.179106 -0.0296747 0.117672 0.0125
20 -0.208937 -0.0575487 0.108924 0.0125
e_2_8 2 8 1 0.0125 -0.0543951 0.0524195 0.134579 0.756857 -0.0780326 -0.566925 0.315713 0.054469
e_8_9 8 9 2 0.0125 -0.0881865 0.0416976 0.146484 0.710021 -0.0107836 -0.614968 0.342882 0.020617
e_9_10 9 10 3 0.0125 -0.112931 0.0308518 0.151209 0.682152 -0.0203148 -0.659576 0.314985 0.034328
e_10_11 10 11 4 0.0125 -0.138399 0.0214035 0.154472 0.689111 -0.0693432 -0.66639 0.27612 0.020495
e_11_6 11 6 5 0.0125 -0.157964 0.0170215 0.157283 0.722022 -0.115837 -0.631518 0.257781 0.020091
e_2_12 2 12 1 0.0125 -0.0198248 0.0529138 0.12003 -0.0251123 0.694291 -0.470668 0.543876 0.02531
e_12_13 12 13 2 0.0125 0.00335305 0.0415838 0.107191 -0.115816 0.705458 -0.488486 0.500297 0.032529
e_13_14 13 14 3 0.0125 0.0258607 0.0356618 0.0936055 -0.268116 0.692411 -0.538787 0.397981 0.021871
e_14_5 14 5 4 0.0125 0.0437617 0.0373944 0.0830814 -0.398314 0.702104 -0.484766 0.336745 0.02029
e_2_15 2 15 1 0.0125 -0.0410462 0.0513191 0.128095 0.678911 0.0521242 -0.627078 0.378333 0.027993
e_15_16 15 16 2 0.0125 -0.0809334 0.0263404 0.129579 0.611356 0.0428196 -0.720794 0.323832 0.066827
e_16_17 16 17 3 0.0125 -0.124817 -0.00114926 0.12712 0.601852 0.0582044 -0.724275 0.331377 0.036875
e_17_18 17 18 4 0.0125 -0.159643 -0.0204832 0.12188 0.576665 0.0053743 -0.77195 0.267435 0.043864
e_18_19 18 19 5 0.0125 -0.187188 -0.0364 0.114482 0.505635 0.109762 -0.795694 0.314892 0.021976
e_19_20 19 20 6 0.0125 -0.202104 -0.0503366 0.110108 0.545095 0.151904 -0.732171 0.379107 0.02001
e_20_21 20 21 7 0.0125 -0.216703 -0.0640629 0.108174 0.57859 0.104865 -0.725184 0.358254 0.020327
e_21_22 21 22 8 0.0125 -0.233154 -0.0759671 0.108015 0.640744 0.043135 -0.685071 0.343895 0.020481
e_22_23 22 23 9 0.0125 -0.249652 -0.0882586 0.107155 0.553647 0.117152 -0.74511 0.352931 0.021047
e_23_1 23 1 10 0.0125 -0.264346 -0.102802 0.106288 0.595861 0.155216 -0.669009 0.416274 0.020602
e_1_24 1 24 1 0.0125 -0.262672 -0.117633 0.0919051 -0.100734 0.493396 -0.810681 0.298681 0.037357
e_24_25 24 25 2 0.0125 -0.249056 -0.128437 0.0649564 -0.118144 0.404063 -0.883467 0.205574 0.026999
e_25_4 25 4 3 0.0125 -0.235065 -0.136661 0.0382567 -0.160085 0.475472 -0.828769 0.247873 0.035644
e_1_26 1 26 1 0.0125 -0.277925 -0.117721 0.108354 0.625139 0.146423 -0.635929 0.4282 0.02
e_26_27 26 27 2 0.0125 -0.291107 -0.132269 0.11209 0.644952 0.147964 -0.604531 0.443493 0.02
e_27_28 27 28 3 0.0125 -0.303874 -0.145557 0.119276 0.730812 0.10054 -0.493199 0.461042 0.02
e_28_29 28 29 4 0.0125 -0.316057 -0.157386 0.129812 0.746499 0.0995368 -0.458208 0.472099 0.02
e_29_3 29 3 5 0.0125 -0.32989 -0.166681 0.140412 0.777233 -0.0214641 -0.499674 0.381805 0.02
20 19 18
3 0.0530981 0.179453 0.150941 0.0125
20 0.0855541 0.115671 0.12389 0.0125
4 0.118511 0.190516 0.0896596 0.0125
11 -0.204272 0.174592 0.057267 0.0125
10 -0.200631 0.171709 0.0767207 0.0125
6 -0.168958 0.0188278 0.13432 0.0125
9 -0.191944 0.170293 0.0946791 0.0125
2 -0.188211 0.165923 0.113835 0.0125
19 0.101272 0.121187 0.114685 0.0125
8 -0.171963 0.0561789 0.125907 0.0125
12 -0.204924 0.182637 0.0389675 0.0125
5 -0.20557 0.190694 0.020674 0.0125
13 -0.104926 0.142324 0.0983746 0.0125
14 -0.0373106 0.113499 0.107233 0.0125
15 -0.0109468 0.10937 0.107894 0.0125
16 0.0299679 0.102786 0.108861 0.0125
17 0.0549863 0.101096 0.115887 0.0125
18 0.0768244 0.0991258 0.116625 0.0125
1 0.0986245 0.0972013 0.117565 0.0125
e_2_8 2 8 1 0.0125 -0.180087 0.111051 0.119871 0.423635 0.456362 -0.487491 0.612062 0.111595
e_8_6 8 6 2 0.0125 -0.17046 0.0375033 0.130113 0.52138 0.453251 -0.430148 0.581119 0.038405
e_2_9 2 9 1 0.0125 -0.190077 0.168108 0.104257 0.145098 -0.777563 -0.611807 0.00584377 0.02
e_9_10 9 10 2 0.0125 -0.196288 0.171001 0.0856996 0.186278 -0.673141 -0.704167 0.12779 0.02
e_10_11 10 11 3 0.0125 -0.202452 0.17315 0.0669936 0.114353 -0.764902 -0.63345 0.0242751 0.02
e_11_12 11 12 4 0.0125 -0.204598 0.178615 0.0481173 0.184383 -0.836709 -0.507346 -0.0923123 0.02
e_12_5 12 5 5 0.0125 -0.205247 0.186666 0.0298204 0.184628 -0.836818 -0.507032 -0.0925585 0.02
e_2_13 2 13 1 0.0125 -0.146568 0.154124 0.106105 0.199275 -0.636382 0.427702 -0.610228 0.087934
e_13_14 13 14 2 0.0125 -0.0711181 0.127912 0.102804 0.58127 -0.182149 0.637961 -0.471118 0.074035
e_14_15 14 15 3 0.0125 -0.0241282 0.111434 0.107564 0.449781 -0.4688 0.517546 -0.55684 0.026693
e_15_16 15 16 4 0.0125 0.00951036 0.106078 0.108376 0.448184 -0.468149 0.518817 -0.557492 0.041452
e_16_17 16 17 5 0.0125 0.0424766 0.101941 0.112373 0.655712 -0.309008 0.519238 -0.452712 0.026042
e_17_18 17 18 6 0.0125 0.0659048 0.10011 0.116256 0.4622 -0.490084 0.492955 -0.550622 0.021939
e_18_1 18 1 7 0.0125 0.0877244 0.0981635 0.117095 0.4708 -0.482848 0.495375 -0.547548 0.021905
e_1_19 1 19 1 0.0125 0.0999481 0.109194 0.116125 0.626468 -0.728564 -0.16863 -0.219766 0.024302
e_19_4 19 4 2 0.0125 0.109892 0.155852 0.102173 0.517156 -0.795806 -0.178872 -0.259321 0.075698
e_1_20 1 20 1 0.0125 0.0920891 0.106437 0.120727 0.796185 -0.50475 -0.332591 0.0264598 0.023494
e_20_3 20 3 2 0.0125 0.0693265 0.147561 0.137415 0.822552 -0.50221 -0.26645 -0.0140502 0.076506
