20
1 25 24
3 0.194881 0.041753 0.012682 0.0125
26 0.181814 0.0495309 0.040408 0.0125
25 0.17585 0.0565455 0.0582463 0.0125
4 0.195014 0.0388876 0.0158929 0.0125
24 0.188707 0.0424956 0.0345768 0.0125
23 0.184246 0.0466244 0.0537039 0.0125
22 0.177681 0.0560112 0.0765591 0.0125
1 0.161509 0.0738813 0.10099 0.0125
21 0.168424 0.0557966 0.0940185 0.0125
12 0.164821 -0.240215 0.145386 0.0125
11 0.179693 -0.238004 0.131701 0.0125
10 0.193188 -0.233688 0.117239 0.0125
9 0.202621 -0.226712 0.0986869 0.0125
2 0.236005 -0.206757 0.0437893 0.0125
19 0.172622 0.0155836 0.0818964 0.0125
8 0.216698 -0.215754 0.071505 0.0125
6 0.155369 -0.244851 0.162395 0.0125
13 0.206214 -0.21476 0.0448342 0.0125
14 0.16541 -0.225324 0.0426578 0.0125
5 0.141026 -0.236208 0.0391721 0.0125
15 0.233279 -0.17531 0.0426884 0.0125
16 0.220646 -0.139564 0.0430193 0.0125
17 0.183585 -0.0379474 0.0731533 0.0125
18 0.176814 -0.0110025 0.0768098 0.0125
20 0.170416 0.0363785 0.0887813 0.0125
e_2_8 2 8 1 0.0125 0.226352 -0.211255 0.0576466 0.940099 0.169615 -0.273469 -0.112508 0.034955
e_8_9 8 9 2 0.0125 0.20966 -0.221233 0.0850964 0.950713 0.202592 -0.202345 -0.118988 0.032513
e_9_10 9 10 3 0.0125 0.197904 -0.2302 0.107964 0.953279 0.191584 -0.201769 -0.117664 0.021951
e_10_11 10 11 4 0.0125 0.18644 -0.235847 0.124471 0.919527 0.156286 -0.344101 -0.107887 0.020245
e_11_12 11 12 5 0.0125 0.172257 -0.239109 0.138543 0.90929 0.102212 -0.391166 -0.0986626 0.02033
e_12_6 12 6 6 0.0125 0.160095 -0.242533 0.15389 0.955382 0.148135 -0.230007 -0.111349 0.020005
e_2_13 2 13 1 0.0125 0.221109 -0.210758 0.0443118 0.711765 0.27331 -0.639044 -0.101563 0.030866
e_13_14 13 14 2 0.0125 0.185812 -0.220042 0.0437455 0.681414 0.281229 -0.66835 -0.0994659 0.042205
e_14_5 14 5 3 0.0125 0.153219 -0.230766 0.0409148 0.649259 0.423356 -0.62088 -0.117221 0.02693
e_2_15 2 15 1 0.0125 0.234643 -0.191034 0.0432382 0.693723 -0.718908 -0.0246723 0.0362201 0.031584
e_15_16 15 16 2 0.0125 0.226962 -0.157437 0.0428533 0.709563 -0.673077 -0.206376 0.0299648 0.037915
e_16_17 16 17 3 0.0125 0.202115 -0.0887551 0.0580864 0.796329 -0.569947 -0.202424 0.00673837 0.112283
e_17_18 17 18 4 0.0125 0.180199 -0.0244749 0.0749817 0.751526 -0.643739 -0.142708 0.0210488 0.028021
e_18_19 18 19 5 0.0125 0.174718 0.00229056 0.0793531 0.769784 -0.632334 -0.0854104 0.0170624 0.027391
e_19_20 19 20 6 0.0125 0.171518 0.0259807 0.0853385 0.810133 -0.58338 -0.0575975 0.00585554 0.022016
e_20_21 20 21 7 0.0125 0.16942 0.0460876 0.0913995 0.793388 -0.606227 -0.0539372 0.0107151 0.020211
e_21_1 21 1 8 0.0125 0.164967 0.0648394 0.0975047 0.81816 -0.537056 -0.20539 -5.92295e-05 0.020578
e_1_22 1 22 1 0.0125 0.169595 0.0649462 0.0887745 0.362892 0.474041 0.794502 -0.111181 0.034318
e_22_23 22 23 2 0.0125 0.180963 0.0513178 0.0651315 0.208263 0.483743 0.844389 -0.0981168 0.025565
e_23_24 23 24 3 0.0125 0.186477 0.0445599 0.0441397 0.138539 0.296589 0.942628 -0.065533 0.02007
e_24_4 24 4 4 0.0125 0.191861 0.0406915 0.0252347 0.175621 0.204979 0.961242 -0.056172 0.020047
e_1_25 1 25 1 0.0125 0.16868 0.0652139 0.0796176 0.220694 0.445598 0.862493 -0.0940314 0.048304
e_25_26 25 26 2 0.0125 0.178832 0.0530387 0.0493271 0.217217 0.435307 0.868797 -0.092287 0.020074
e_26_3 26 3 3 0.0125 0.188347 0.0456419 0.026545 0.238651 0.247822 0.936474 -0.0681604 0.031622
2 23 22
3 -0.269418 0.158298 0.0150244 0.0125
24 -0.240211 0.140708 0.0473407 0.0125
4 -0.195622 0.207349 0.0115635 0.0125
23 -0.196315 0.190114 0.0219677 0.0125
1 -0.196614 0.131345 0.0760315 0.0125
22 -0.180382 0.142404 0.0722574 0.0125
21 -0.164663 0.153764 0.0673475 0.0125
11 0.0767394 0.232 0.0158324 0.0125
6 0.0835136 0.116914 0.0201402 0.0125
10 0.0793065 0.138401 0.0274223 0.0125
9 0.0759512 0.161441 0.0290224 0.0125
2 0.0643973 0.263375 0.0264642 0.0125
19 -0.129198 0.172177 0.067116 0.0125
8 0.0766378 0.190441 0.0332851 0.0125
12 0.0825667 0.211118 0.0144004 0.0125
13 0.0890875 0.189335 0.0135447 0.0125
5 0.0944771 0.169927 0.0125362 0.0125
14 0.0285593 0.249357 0.035192 0.0125
15 -0.053643 0.215913 0.058296 0.0125
16 -0.0781848 0.203981 0.0627555 0.0125
17 -0.0971269 0.19569 0.0653913 0.0125
18 -0.114147 0.185346 0.0687168 0.0125
20 -0.146333 0.16182 0.0664062 0.0125
e_2_8 2 8 1 0.0125 0.0705173 0.226908 0.0298754 0.674624 0.561289 0.372868 -0.301341 0.074268
e_8_9 8 9 2 0.0125 0.0762945 0.175941 0.0311538 0.569293 0.667693 0.356217 -0.321249 0.02932
e_9_10 9 10 3 0.0125 0.0776282 0.149921 0.0282223 0.612337 0.602502 0.413837 -0.301286 0.023338
e_10_6 10 6 4 0.0125 0.0814101 0.127658 0.0237806 0.512772 0.622706 0.519663 -0.281518 0.023075
e_2_11 2 11 1 0.0125 0.0705681 0.247687 0.0211483 0.533925 0.550813 0.589046 -0.254076 0.035352
e_11_12 11 12 2 0.0125 0.079653 0.221559 0.0151164 0.622089 0.558818 0.469752 -0.28295 0.021727
e_12_13 12 13 3 0.0125 0.0858278 0.200227 0.0139726 0.634168 0.54712 0.468482 -0.281097 0.022754
e_13_5 13 5 4 0.0125 0.091783 0.179631 0.0130405 0.628098 0.556476 0.464059 -0.283684 0.020167
e_2_14 2 14 1 0.0125 0.0464788 0.256365 0.0308282 0.70789 0.452024 -0.430214 -0.330881 0.039459
e_14_15 14 15 2 0.0125 -0.0125427 0.232635 0.0467439 0.719165 0.445637 -0.418852 -0.329807 0.091704
e_15_16 15 16 3 0.0125 -0.0659142 0.209947 0.0605254 0.67907 0.516551 -0.390565 -0.345683 0.027651
e_16_17 16 17 4 0.0125 -0.0876564 0.199835 0.0640737 0.66691 0.513148 -0.416473 -0.344182 0.020844
e_17_18 17 18 5 0.0125 -0.105637 0.190517 0.0670544 0.67602 0.553562 -0.333502 -0.354037 0.020193
e_18_19 18 19 6 0.0125 -0.121673 0.178761 0.0679164 0.563171 0.709945 -0.189466 -0.378046 0.020062
e_19_20 19 20 7 0.0125 -0.137765 0.166998 0.0667608 0.588391 0.64244 -0.324002 -0.368902 0.020035
e_20_21 20 21 8 0.0125 -0.155498 0.157792 0.0668762 0.632694 0.549432 -0.41791 -0.350961 0.020044
e_21_22 21 22 9 0.0125 -0.172523 0.148084 0.0698021 0.706011 0.544269 -0.284688 -0.352523 0.020007
e_22_1 22 1 10 0.0125 -0.188499 0.136874 0.0741444 0.683955 0.561038 -0.301485 -0.355737 0.020001
e_1_23 1 23 1 0.0125 -0.196465 0.160729 0.0489993 0.318316 -0.722485 0.562608 0.24528 0.079856
e_23_4 23 4 2 0.0125 -0.195968 0.198732 0.0167649 0.437136 -0.757498 0.429465 0.225098 0.020144
e_1_24 1 24 1 0.0125 -0.218413 0.136026 0.0616861 0.412588 0.277236 -0.832882 -0.243352 0.053024
e_24_3 24 3 2 0.0125 -0.254814 0.149503 0.0311818 0.355721 -0.769 -0.502593 0.171763 0.046976
3 26 25
3 -0.0216129 0.178137 0.0140181 0.0125
27 -0.0325927 0.161363 0.0127758 0.0125
26 -0.0443725 0.14514 0.0135682 0.0125
25 -0.0693621 0.123285 0.0225302 0.0125
4 -0.0786612 0.0242257 0.0880017 0.0125
24 -0.0809856 0.0403472 0.072469 0.0125
1 -0.0857487 0.106165 0.0318424 0.0125
23 -0.0685707 0.0959866 0.033031 0.0125
22 -0.0498003 0.08975 0.0360055 0.0125
21 -0.0306414 0.0870917 0.0412369 0.0125
11 0.149365 -0.0331864 0.048096 0.0125
6 0.174202 -0.17687 0.00990521 0.0125
10 0.174469 -0.158866 0.0196525 0.0125
9 0.176616 -0.139155 0.0258306 0.0125
2 0.168953 -0.0342564 0.0519897 0.0125
19 0.00556046 0.0741785 0.0505613 0.0125
8 0.178564 -0.117015 0.0323016 0.0125
12 0.130002 -0.0314564 0.0433966 0.0125
13 0.110699 -0.0346664 0.0392626 0.0125
14 0.0909508 -0.0365072 0.0366918 0.0125
5 0.0712252 -0.0367034 0.0333963 0.0125
15 0.116206 0.00801256 0.0589854 0.0125
16 0.0568974 0.0468609 0.0653587 0.0125
17 0.0379823 0.0543869 0.0639726 0.0125
18 0.0218641 0.0643164 0.0568405 0.0125
20 -0.0112272 0.0830923 0.0439991 0.0125
e_2_8 2 8 1 0.0125 0.173758 -0.0756358 0.0421454 0.579069 0.759468 -0.195435 0.22292 0.08561
e_8_9 8 9 2 0.0125 0.17759 -0.128085 0.0290661 0.574713 0.742744 -0.296827 0.173002 0.023148
e_9_10 9 10 3 0.0125 0.175542 -0.149011 0.0227419 0.568771 0.74393 -0.308734 0.166586 0.020768
e_10_6 10 6 4 0.0125 0.174335 -0.167868 0.0147786 0.483542 0.807337 -0.293661 0.167803 0.020474
e_2_11 2 11 1 0.0125 0.159159 -0.0337218 0.0500431 0.614573 0.151347 -0.757912 -0.157999 0.02
e_11_12 11 12 2 0.0125 0.139684 -0.0323217 0.0457469 0.594745 0.147512 -0.771826 -0.169714 0.02
e_12_13 12 13 3 0.0125 0.120351 -0.0330614 0.0413296 0.618755 0.268076 -0.729029 -0.117449 0.02
e_13_14 13 14 4 0.0125 0.100825 -0.0355864 0.0379778 0.648794 0.206254 -0.722319 -0.121573 0.02
e_14_5 14 5 5 0.0125 0.0810879 -0.0366053 0.0350432 0.630409 0.175212 -0.742763 -0.142084 0.02
e_2_15 2 15 1 0.0125 0.14258 -0.0131222 0.0554881 0.72409 -0.292357 -0.602539 -0.164827 0.067955
e_15_16 15 16 2 0.0125 0.0865517 0.0274367 0.0621721 0.719164 -0.233252 -0.63311 -0.166038 0.071185
e_16_17 16 17 3 0.0125 0.0474396 0.0506242 0.0646659 0.656821 -0.0748685 -0.726879 -0.186084 0.020405
e_17_18 17 18 4 0.0125 0.0299234 0.0593521 0.0604071 0.505962 -0.0633646 -0.819925 -0.260211 0.02023
e_18_19 18 19 5 0.0125 0.0137124 0.0692478 0.0537006 0.528907 -0.0797462 -0.806307 -0.252523 0.020062
e_19_20 19 20 6 0.0125 -0.00283355 0.0786361 0.0472802 0.525089 -0.0390693 -0.8134 -0.247258 0.020108
e_20_21 20 21 7 0.0125 -0.0209347 0.0850919 0.0426186 0.632834 0.0498181 -0.75269 -0.174637 0.020014
e_21_22 21 22 8 0.0125 -0.0402211 0.0884201 0.0386209 0.579966 0.131304 -0.783137 -0.181923 0.020036
e_22_23 22 23 9 0.0125 -0.0591849 0.0928677 0.0345185 0.622938 -0.0144421 -0.75772 -0.193907 0.020002
e_23_1 23 1 10 0.0125 -0.0771601 0.101076 0.0324373 0.65602 -0.172449 -0.707087 -0.199817 0.020002
e_1_24 1 24 1 0.0125 -0.0833668 0.0732561 0.0521551 0.83456 0.47536 -0.109104 0.256202 0.077492
e_24_4 24 4 2 0.0125 -0.0798226 0.0322866 0.080235 0.879136 0.389009 -0.0601537 0.26865 0.022508
e_1_25 1 25 1 0.0125 -0.0775554 0.114725 0.0271863 0.313255 0.142756 0.813933 0.467981 0.025462
e_25_26 25 26 2 0.0125 -0.0568676 0.134212 0.0180487 0.38763 0.12721 0.783671 0.468424 0.034387
e_26_27 26 27 3 0.0125 -0.038483 0.153251 0.0131718 0.582268 -0.260449 0.672232 0.375812 0.020065
e_27_3 27 3 4 0.0125 -0.0271028 0.16975 0.0133969 0.643223 -0.329636 0.60035 0.342321 0.020086
4 21 20
3 0.278757 0.26537 0.059236 0.0125
22 0.285193 0.221843 0.0316525 0.0125
21 0.289702 0.200351 0.0242701 0.0125
4 0.332448 0.165695 0.107327 0.0125
20 0.312839 0.168735 0.0641487 0.0125
11 0.18564 -0.0309215 0.107223 0.0125
10 0.191396 -0.0491095 0.0996192 0.0125
6 0.294409 -0.20488 0.0172953 0.0125
9 0.202216 -0.0714887 0.0911509 0.0125
2 0.212049 -0.0967414 0.0806282 0.0125
19 0.291894 0.155959 0.0172011 0.0125
8 0.25373 -0.150748 0.0470104 0.0125
5 0.178592 -0.00952483 0.115874 0.0125
12 0.234988 -0.0569285 0.0658124 0.0125
13 0.252462 -0.0242324 0.0522054 0.0125
14 0.262904 -0.00322251 0.0424025 0.0125
15 0.278949 0.0608631 0.0306995 0.0125
16 0.281938 0.0953473 0.0230985 0.0125
17 0.285309 0.11494 0.0178307 0.0125
18 0.290709 0.134592 0.0158766 0.0125
1 0.294704 0.177516 0.0156907 0.0125
e_2_8 2 8 1 0.0125 0.23289 -0.123744 0.0638188 0.455417 0.316802 0.787814 -0.267547 0.076054
e_8_6 8 6 2 0.0125 0.27407 -0.177814 0.0321533 0.471655 0.322644 0.772542 -0.276805 0.073946
e_2_9 2 9 1 0.0125 0.207133 -0.0841152 0.08589 0.632452 -0.535016 0.181021 0.530088 0.029071
e_9_10 9 10 2 0.0125 0.196806 -0.0602986 0.0953855 0.595349 -0.556221 0.171435 0.553884 0.02626
e_10_11 10 11 3 0.0125 0.188518 -0.040015 0.103421 0.644577 -0.522823 0.203796 0.519273 0.020537
e_11_5 11 5 4 0.0125 0.182116 -0.0202226 0.111548 0.635192 -0.527477 0.206185 0.525154 0.024132
e_2_12 2 12 1 0.0125 0.223519 -0.0768355 0.0732203 0.460661 -0.296804 0.751896 0.366539 0.048278
e_12_13 12 13 2 0.0125 0.243725 -0.0405805 0.0590089 0.435186 -0.298659 0.763602 0.371924 0.039491
e_13_14 13 14 3 0.0125 0.257683 -0.0137275 0.0473034 0.408103 -0.298056 0.777119 0.375101 0.025428
e_14_15 14 15 4 0.0125 0.270927 0.0288203 0.0365515 0.453355 -0.392666 0.658047 0.455255 0.067092
e_15_16 15 16 5 0.0125 0.280443 0.0781047 0.026899 0.385974 -0.425135 0.653081 0.49373 0.035438
e_16_17 16 17 6 0.0125 0.283624 0.105144 0.0204641 0.390701 -0.397139 0.685818 0.46828 0.020567
e_17_18 17 18 7 0.0125 0.288009 0.124766 0.0168536 0.498088 -0.396784 0.624713 0.45189 0.020474
e_18_19 18 19 8 0.0125 0.291301 0.145276 0.0165394 0.524042 -0.465516 0.502421 0.506209 0.021441
e_19_1 19 1 9 0.0125 0.293299 0.166738 0.0164459 0.474406 -0.436332 0.586733 0.490202 0.021792
e_1_20 1 20 1 0.0125 0.303771 0.173126 0.0399202 0.973389 0.0632801 0.185248 -0.119133 0.05248
e_20_4 20 4 2 0.0125 0.322643 0.167215 0.0857378 0.974491 0.0178503 0.212985 -0.0684592 0.04752
e_1_21 1 21 1 0.0125 0.292203 0.188934 0.0199809 0.637941 -0.512049 0.256005 0.515072 0.024901
e_21_22 21 22 2 0.0125 0.287448 0.211097 0.0279618 0.622362 -0.514805 0.275037 0.521532 0.023168
e_22_3 22 3 3 0.0125 0.281975 0.243606 0.0454448 0.760753 -0.451423 0.175045 0.43224 0.051931
5 20 19
3 0.263988 -0.0824113 0.0202094 0.0125
21 0.321487 -0.0753402 0.0123781 0.0125
4 0.295649 -0.00702039 0.0273363 0.0125
20 0.310822 -0.0231771 0.0257362 0.0125
11 0.11572 -0.187888 0.0337007 0.0125
10 0.125845 -0.210035 0.0587602 0.0125
6 0.270901 -0.280982 0.141563 0.0125
9 0.250298 -0.275639 0.132494 0.0125
2 0.137391 -0.237033 0.0910927 0.0125
19 0.337589 -0.0544706 0.0149072 0.0125
8 0.218037 -0.268079 0.116519 0.0125
5 0.11594 -0.174682 0.0168865 0.0125
12 0.193666 -0.191396 0.0833871 0.0125
13 0.260323 -0.149857 0.0784816 0.0125
14 0.291568 -0.120281 0.0718914 0.0125
15 0.308269 -0.108166 0.0688961 0.0125
16 0.324724 -0.0995854 0.061007 0.0125
17 0.339692 -0.0920725 0.0469469 0.0125
18 0.34929 -0.0847037 0.0304129 0.0125
1 0.362803 -0.0790281 0.0146173 0.0125
e_2_8 2 8 1 0.0125 0.177715 -0.252556 0.103806 0.783538 0.0954469 0.591404 -0.164924 0.090079
e_8_9 8 9 2 0.0125 0.234168 -0.271859 0.124507 0.825188 0.0018933 0.531836 -0.19029 0.036785
e_9_6 9 6 3 0.0125 0.2606 -0.27831 0.137029 0.811391 0.010458 0.55126 -0.19403 0.023136
e_2_10 2 10 1 0.0125 0.131617 -0.223534 0.0749259 0.341601 -0.696189 -0.620853 -0.114766 0.043677
e_10_11 10 11 2 0.0125 0.120783 -0.198962 0.0462304 0.359041 -0.690037 -0.618412 -0.111829 0.034942
e_11_5 11 5 3 0.0125 0.11583 -0.181285 0.0252932 0.264455 -0.773897 -0.542469 -0.192026 0.021381
e_2_12 2 12 1 0.0125 0.165528 -0.214215 0.0872395 0.505664 -0.732055 0.130281 -0.437522 0.072862
e_12_13 12 13 2 0.0125 0.226994 -0.170627 0.0809346 0.51478 -0.697639 0.210858 -0.451486 0.078694
e_13_14 13 14 3 0.0125 0.275945 -0.135069 0.075187 0.491566 -0.755179 0.0736303 -0.427371 0.043525
e_14_15 14 15 4 0.0125 0.299918 -0.114223 0.0703939 0.476165 -0.742969 0.14085 -0.448805 0.020849
e_15_16 15 16 5 0.0125 0.316496 -0.103875 0.0649517 0.28897 -0.831948 0.0588897 -0.46999 0.020165
e_16_17 16 17 6 0.0125 0.332209 -0.0958288 0.0539773 0.110172 -0.888034 -0.181313 -0.407901 0.021867
e_17_18 17 18 7 0.0125 0.344492 -0.0883884 0.0386797 0.0668466 -0.860845 -0.403043 -0.303372 0.020488
e_18_1 18 1 8 0.0125 0.356047 -0.0818662 0.0225149 0.0296129 -0.884628 -0.289752 -0.364144 0.021549
e_1_19 1 19 1 0.0125 0.350196 -0.0667493 0.0147623 0.709643 -0.474793 -0.520051 -0.0229103 0.035198
e_19_20 19 20 2 0.0125 0.324205 -0.0388232 0.0203216 0.790782 -0.441903 -0.421374 -0.0427744 0.04258
e_20_4 20 4 3 0.0125 0.303236 -0.0150984 0.026536 0.731308 -0.47403 -0.48918 -0.0344609 0.022222
e_1_21 1 21 1 0.0125 0.342145 -0.0771842 0.0134969 0.66628 -0.241898 -0.684426 0.170636 0.041541
e_21_3 21 3 2 0.0125 0.292737 -0.0788759 0.0162934 0.718652 -0.118296 -0.647323 0.224761 0.058459
6 20 19
3 -0.372146 -0.0480393 0.0123873 0.0125
21 -0.345936 -0.0371881 0.033604 0.0125
20 -0.336276 -0.0293735 0.0495883 0.0125
4 -0.28407 0.0709528 0.0314126 0.0125
11 0.0445698 -0.00730933 0.0267039 0.0125
10 0.0232318 -0.00276052 0.0203763 0.0125
6 -0.129599 -0.0892796 0.0394081 0.0125
9 -0.111503 -0.0684727 0.0393132 0.0125
2 -0.0289418 0.0170881 0.0114237 0.0125
19 -0.307477 0.0143081 0.0627487 0.0125
8 -0.0961987 -0.0513783 0.037247 0.0125
5 0.0621869 -0.0103307 0.03724 0.0125
12 -0.128468 0.00198916 0.0382687 0.0125
13 -0.155937 0.00393049 0.0507582 0.0125
14 -0.206797 -0.00324536 0.075642 0.0125
15 -0.228458 -0.00799864 0.0806107 0.0125
16 -0.249669 -0.0125322 0.0857305 0.0125
17 -0.270098 -0.0121609 0.0851981 0.0125
18 -0.290757 -0.0110034 0.0835427 0.0125
1 -0.312949 -0.00975658 0.0817787 0.0125
e_2_8 2 8 1 0.0125 -0.0625702 -0.0171451 0.0243354 0.778371 0.508921 -0.3333 -0.155077 0.099388
e_8_9 8 9 2 0.0125 -0.103851 -0.0599255 0.0382801 0.729631 0.564972 -0.368716 -0.111775 0.023037
e_9_6 9 6 3 0.0125 -0.120551 -0.0788761 0.0393606 0.702193 0.588817 -0.38933 -0.0929613 0.027575
e_2_10 2 10 1 0.0125 -0.00285444 0.00716319 0.0158997 0.74279 0.357107 0.54157 0.165648 0.056536
e_10_11 10 11 2 0.0125 0.0339012 -0.00503512 0.0235396 0.799516 0.130249 0.586312 0.00685279 0.022716
e_11_5 11 5 3 0.0125 0.0533786 -0.00881981 0.0319711 0.855221 -0.00187493 0.496087 -0.149969 0.020749
e_2_12 2 12 1 0.0125 -0.0787053 0.00953854 0.0248463 0.720782 0.334191 -0.509394 -0.330616 0.104183
e_12_13 12 13 2 0.0125 -0.142203 0.00296023 0.0445132 0.737283 0.226004 -0.492342 -0.403653 0.030237
e_13_14 13 14 3 0.0125 -0.181367 0.000342972 0.0631998 0.769528 0.287498 -0.446482 -0.354719 0.057074
e_14_15 14 15 4 0.0125 -0.217628 -0.00562172 0.0781268 0.717219 0.364056 -0.508079 -0.308085 0.022727
e_15_16 15 16 5 0.0125 -0.239064 -0.0102658 0.0831709 0.719813 0.359799 -0.505658 -0.311006 0.022286
e_16_17 16 17 6 0.0125 -0.259884 -0.0123465 0.0854638 0.610437 0.335615 -0.632754 -0.338159 0.02044
e_17_18 17 18 7 0.0125 -0.280428 -0.0115816 0.0843707 0.586799 0.332462 -0.65524 -0.34029 0.020758
e_18_1 18 1 8 0.0125 -0.301853 -0.0103797 0.0826611 0.586985 0.332295 -0.655091 -0.340417 0.022295
e_1_19 1 19 1 0.0125 -0.310212 0.00227614 0.072264 -0.064061 -0.0697841 -0.89468 -0.436548 0.031164
e_19_4 19 4 2 0.0125 -0.295774 0.0426311 0.0470808 -0.0570133 -0.237697 -0.819214 -0.518786 0.068836
e_1_20 1 20 1 0.0125 -0.324613 -0.019565 0.065683 0.368895 0.65189 -0.6619 -0.0290456 0.044331
e_20_21 20 21 2 0.0125 -0.341106 -0.0332807 0.0415955 0.323514 0.648046 -0.68905 -0.0241574 0.020245
e_21_3 21 3 3 0.0125 -0.359041 -0.0426137 0.0229957 0.42884 0.565406 -0.692667 -0.128935 0.035424
7 24 23
3 -0.138197 -0.331847 0.271142 0.0125
25 -0.132657 -0.320682 0.251964 0.0125
24 -0.120253 -0.309007 0.233355 0.0125
23 -0.112328 -0.29836 0.215899 0.0125
4 -0.0417445 -0.253104 0.118087 0.0125
22 -0.0643479 -0.262597 0.147763 0.0125
1 -0.0960601 -0.282015 0.196757 0.0125
21 -0.075042 -0.260747 0.180948 0.0125
11 0.0552475 -0.0845252 0.0177745 0.0125
6 0.210915 -0.106324 0.0167985 0.0125
10 0.181771 -0.0996245 0.0125263 0.0125
9 0.158976 -0.0977159 0.0122621 0.0125
2 0.0625497 -0.103024 0.0198935 0.0125
19 -0.0514914 -0.233982 0.157887 0.0125
8 0.104506 -0.101503 0.0153784 0.0125
12 0.0461318 -0.0669818 0.0207957 0.0125
13 0.0360195 -0.050485 0.0258551 0.0125
14 0.0261795 -0.0338479 0.0309931 0.0125
5 0.0145388 -0.0184162 0.0361249 0.0125
15 0.0285857 -0.127512 0.055113 0.0125
16 -0.020414 -0.192068 0.119339 0.0125
17 -0.0323198 -0.208183 0.131488 0.0125
18 -0.0427085 -0.222246 0.142376 0.0125
20 -0.061722 -0.247289 0.170957 0.0125
e_2_8 2 8 1 0.0125 0.0835276 -0.102263 0.0176357 0.651286 0.140092 0.730644 0.149534 0.042226
e_8_9 8 9 2 0.0125 0.131741 -0.0996091 0.0138198 0.673856 0.0899514 0.721388 0.132007 0.054689
e_9_10 9 10 3 0.0125 0.170373 -0.0986704 0.0123934 0.693231 0.213578 0.669776 0.158795 0.022877
e_10_6 10 6 4 0.0125 0.196343 -0.102974 0.014662 0.737637 0.281197 0.591794 0.163094 0.030207
e_2_11 2 11 1 0.0125 0.0588986 -0.0937745 0.018834 0.60934 -0.517979 -0.533539 -0.275207 0.02
e_11_12 11 12 2 0.0125 0.05069 -0.0757531 0.0192855 0.717111 -0.448477 -0.472597 -0.247531 0.02
e_12_13 12 13 3 0.0125 0.0410757 -0.0587334 0.0233254 0.756384 -0.403829 -0.458722 -0.233192 0.02
e_13_14 13 14 4 0.0125 0.0310992 -0.0421671 0.0284243 0.757523 -0.409869 -0.451183 -0.233668 0.02
e_14_5 14 5 5 0.0125 0.0203589 -0.0261322 0.0335594 0.759597 -0.361514 -0.49092 -0.226533 0.02
e_2_15 2 15 1 0.0125 0.045567 -0.115267 0.0375036 0.906333 0.254427 -0.336777 -0.0202328 0.054714
e_15_16 15 16 2 0.0125 0.00408629 -0.15979 0.0872264 0.900122 0.341345 -0.270067 0.0180916 0.103409
e_16_17 16 17 3 0.0125 -0.0263665 -0.200125 0.125414 0.87094 0.385636 -0.303402 0.0263841 0.023432
e_17_18 17 18 4 0.0125 -0.0375144 -0.215214 0.136932 0.873868 0.381824 -0.299834 0.0257814 0.020598
e_18_19 18 19 5 0.0125 -0.0470993 -0.228114 0.150131 0.929126 0.293304 -0.224899 0.0108374 0.021341
e_19_20 19 20 6 0.0125 -0.0566065 -0.240636 0.164421 0.898261 0.34275 -0.274469 0.017783 0.021274
e_20_21 20 21 7 0.0125 -0.068382 -0.254018 0.175952 0.856309 0.363302 -0.366975 0.00872124 0.021409
e_21_1 21 1 8 0.0125 -0.0855509 -0.271381 0.188853 0.856515 0.363301 -0.366493 0.00880088 0.033824
e_1_22 1 22 1 0.0125 -0.0802037 -0.272306 0.17226 -0.218885 -0.24824 -0.914687 -0.23198 0.061508
e_22_4 22 4 2 0.0125 -0.0530459 -0.257851 0.132925 0.11587 0.690405 0.639392 0.317952 0.038492
e_1_23 1 23 1 0.0125 -0.104194 -0.290188 0.206329 0.905185 0.301103 -0.299963 0.000443263 0.029971
e_23_24 23 24 2 0.0125 -0.11629 -0.303684 0.224627 0.947621 0.255224 -0.191972 0.00473848 0.021928
e_24_25 24 25 3 0.0125 -0.126455 -0.314844 0.24266 0.932064 0.250664 -0.261436 -0.00865233 0.025229
e_25_3 25 3 4 0.0125 -0.135427 -0.326264 0.261554 0.958657 0.252604 -0.130194 0.0147615 0.022872
8 25 24
3 0.138502 0.0771883 0.0512824 0.0125
26 0.157352 0.0793244 0.0594029 0.0125
25 0.175499 0.0822484 0.067486 0.0125
24 0.201708 0.087192 0.0817483 0.0125
4 0.187902 0.0183994 0.147477 0.0125
23 0.19771 0.0336386 0.139016 0.0125
22 0.206656 0.0488015 0.129527 0.0125
21 0.213532 0.0653051 0.120563 0.0125
20 0.220874 0.0808806 0.110389 0.0125
12 -0.0828167 -0.15021 0.186998 0.0125
11 -0.0706489 -0.139733 0.174319 0.0125
10 -0.0605302 -0.127854 0.160758 0.0125
9 -0.047998 -0.11421 0.147322 0.0125
2 -0.0133284 -0.0749639 0.107745 0.0125
19 0.209073 0.085562 0.102896 0.0125
8 -0.0260009 -0.0861119 0.12189 0.0125
6 -0.0988358 -0.159038 0.19543 0.0125
13 -0.0246664 -0.0582796 0.0929483 0.0125
14 -0.0483749 -0.0202305 0.064317 0.0125
5 -0.0565686 -0.00838889 0.0479643 0.0125
15 0.10399 0.00957691 0.130765 0.0125
16 0.137479 0.0352701 0.124768 0.0125
17 0.17691 0.0653933 0.11652 0.0125
18 0.193589 0.0761174 0.111682 0.0125
1 0.226022 0.0939238 0.0961286 0.0125
e_2_8 2 8 1 0.0125 -0.0196651 -0.080538 0.114817 0.62372 -0.0380866 -0.421182 0.657365 0.022022
e_8_9 8 9 2 0.0125 -0.0369996 -0.10016 0.134606 0.559241 0.00742578 -0.457979 0.690977 0.043819
e_9_10 9 10 3 0.0125 -0.0542645 -0.121033 0.15404 0.581093 -0.0146624 -0.454165 0.675166 0.022886
e_10_11 10 11 4 0.0125 -0.0655899 -0.133794 0.167538 0.595015 0.00298141 -0.414731 0.688438 0.020673
e_11_12 11 12 5 0.0125 -0.0767324 -0.144971 0.180659 0.619338 -0.0439315 -0.433819 0.65291 0.020459
e_12_6 12 6 6 0.0125 -0.0908257 -0.154624 0.191214 0.614732 -0.132822 -0.522534 0.575692 0.020141
e_2_13 2 13 1 0.0125 -0.0189969 -0.0666213 0.100346 0.437976 -0.591198 -0.667991 -0.111581 0.025017
e_13_14 13 14 2 0.0125 -0.0365208 -0.0392546 0.0786329 0.464671 -0.601792 -0.637946 -0.12228 0.053194
e_14_5 14 5 3 0.0125 -0.0524715 -0.0143089 0.0561405 0.335549 -0.564534 -0.746014 -0.110325 0.021789
e_2_15 2 15 1 0.0125 0.0453312 -0.0326931 0.119255 0.552536 -0.637634 0.121723 -0.522791 0.146427
e_15_16 15 16 2 0.0125 0.120735 0.0224236 0.127767 0.115471 -0.67079 -0.346949 -0.645239 0.042633
e_16_17 16 17 3 0.0125 0.157195 0.0503313 0.120644 0.0884177 -0.663851 -0.375876 -0.64047 0.050301
e_17_18 17 18 4 0.0125 0.18525 0.0707555 0.114101 -0.0771524 -0.603212 -0.504615 -0.612819 0.020411
e_18_19 18 19 5 0.0125 0.20133 0.08084 0.107289 -0.185201 -0.524069 -0.665853 -0.497686 0.020152
e_19_1 19 1 6 0.0125 0.217547 0.0897432 0.0995122 -0.262143 -0.488145 -0.655953 -0.512563 0.020075
e_1_20 1 20 1 0.0125 0.223448 0.0874021 0.103259 0.543749 0.0944803 -0.366804 0.748909 0.02
e_20_21 20 21 2 0.0125 0.217204 0.0730927 0.115477 0.474425 0.0678769 -0.49097 0.727504 0.02
e_21_22 21 22 3 0.0125 0.210094 0.0570533 0.125045 0.439064 0.0771236 -0.519575 0.728915 0.02
e_22_23 22 23 4 0.0125 0.202183 0.04122 0.134271 0.48819 0.0367494 -0.511292 0.706329 0.02
e_23_4 23 4 5 0.0125 0.192806 0.0260193 0.143246 0.482143 0.0196446 -0.53675 0.692135 0.02
e_1_24 1 24 1 0.0125 0.213865 0.0905575 0.0889382 0.399525 -0.321733 -0.802556 0.304583 0.029039
e_24_25 24 25 2 0.0125 0.188604 0.0847206 0.0746168 0.42543 -0.341517 -0.786854 0.288507 0.030246
e_25_26 25 26 3 0.0125 0.166426 0.080786 0.0634442 0.45704 -0.341982 -0.764414 0.299725 0.020079
e_26_3 26 3 4 0.0125 0.147927 0.0782564 0.0553426 0.469297 -0.35384 -0.756 0.288134 0.020636
9 23 22
3 -0.0495501 -0.242624 0.0112824 0.0125
24 -0.0370219 -0.221866 0.0169616 0.0125
4 -0.0525876 -0.141731 0.116151 0.0125
23 -0.0399964 -0.150079 0.103045 0.0125
22 -0.0282854 -0.153205 0.0871366 0.0125
21 -0.0177197 -0.155368 0.0702941 0.0125
20 -0.00807661 -0.15778 0.0529388 0.0125
5 -0.0617938 0.0642821 0.0716933 0.0125
10 -0.0457879 0.0717736 0.0868758 0.0125
6 -0.066454 0.200353 0.23658 0.0125
9 -0.015789 0.0990573 0.120792 0.0125
2 -0.00144995 0.110859 0.135736 0.0125
19 -0.00636193 -0.142318 0.0451606 0.0125
8 -0.0369645 0.15146 0.185346 0.0125
11 -0.0141043 0.074767 0.127919 0.0125
12 -0.0190922 0.0331856 0.121821 0.0125
13 -0.0179116 -0.000537353 0.116574 0.0125
14 -0.0102235 -0.0569551 0.106627 0.0125
15 -0.0113715 -0.0804204 0.0960541 0.0125
16 -0.0125331 -0.0978053 0.0847113 0.0125
17 -0.0129803 -0.11312 0.0717258 0.0125
18 -0.0103464 -0.127864 0.0584058 0.0125
1 -0.00110687 -0.158205 0.0341972 0.0125
e_2_8 2 8 1 0.0125 -0.0192071 0.131159 0.160542 0.91346 -0.320187 -0.242923 0.0637172 0.073286
e_8_6 8 6 2 0.0125 -0.0517099 0.175906 0.210963 0.912686 -0.355782 -0.198744 0.0303944 0.076714
e_2_9 2 9 1 0.0125 -0.00861901 0.104959 0.128264 0.389297 0.215059 -0.875908 0.187035 0.023837
e_9_10 9 10 2 0.0125 -0.0307884 0.0854158 0.103835 0.374908 0.228522 -0.876674 0.196631 0.052865
e_10_5 10 5 3 0.0125 -0.053791 0.0680279 0.079285 0.403413 0.161565 -0.894275 0.106898 0.023298
e_2_11 2 11 1 0.0125 -0.00777731 0.0928135 0.131827 0.435211 0.317193 -0.706769 0.458757 0.039037
e_11_12 11 12 2 0.0125 -0.0165983 0.053976 0.124869 0.386382 0.370844 -0.659176 0.527893 0.042321
e_12_13 12 13 3 0.0125 -0.0185025 0.0163241 0.119197 0.332482 0.410772 -0.638823 0.559131 0.034149
e_13_14 13 14 4 0.0125 -0.0140676 -0.0287466 0.1116 0.292023 0.43639 -0.628978 0.5733 0.057801
e_14_15 14 15 5 0.0125 -0.0107972 -0.0686885 0.10134 0.283381 0.402752 -0.736865 0.463159 0.025763
e_15_16 15 16 6 0.0125 -0.0119516 -0.0891128 0.090383 0.244885 0.400337 -0.782633 0.408958 0.02079
e_16_17 16 17 7 0.0125 -0.0127564 -0.105462 0.0782187 0.199082 0.406165 -0.81136 0.370258 0.020084
e_17_18 17 18 8 0.0125 -0.0116636 -0.120492 0.0650662 0.133396 0.444243 -0.796827 0.387195 0.020043
e_18_19 18 19 9 0.0125 -0.00835437 -0.135091 0.0517836 0.106023 0.460691 -0.786634 0.397153 0.020007
e_19_1 19 1 10 0.0125 -0.0037344 -0.150262 0.0396789 0.120602 0.479194 -0.737837 0.45981 0.020004
e_1_20 1 20 1 0.0125 -0.00459194 -0.157992 0.0435684 0.881675 -0.0883237 -0.153813 0.437252 0.02
e_20_21 20 21 2 0.0125 -0.0128975 -0.156574 0.0616167 0.905127 -0.145825 -0.211799 0.338558 0.02
e_21_22 21 22 3 0.0125 -0.0230025 -0.154287 0.0787154 0.903531 -0.14584 -0.240125 0.323579 0.02
e_22_23 22 23 4 0.0125 -0.0341407 -0.151642 0.0950906 0.906548 -0.168786 -0.271663 0.275466 0.02
e_23_4 23 4 5 0.0125 -0.0462918 -0.145905 0.109598 0.904043 -0.266656 -0.318182 0.101786 0.02
e_1_24 1 24 1 0.0125 -0.0190641 -0.190035 0.0255795 0.473006 0.27096 -0.735752 0.401889 0.075098
e_24_3 24 3 2 0.0125 -0.043286 -0.232245 0.014122 0.4807 0.262606 -0.738292 0.393562 0.024902
10 26 25
3 0.0791025 -0.0591102 0.14074 0.0125
27 0.0373538 -0.0484112 0.138635 0.0125
26 0.00639761 -0.0497858 0.137427 0.0125
4 0.0493566 0.0032509 0.0934731 0.0125
25 0.0374311 -0.00877946 0.104106 0.0125
24 0.0251211 -0.0191898 0.115942 0.0125
23 0.00953105 -0.0290066 0.123724 0.0125
22 -0.00288905 -0.0426585 0.13143 0.0125
1 -0.0193625 -0.0512154 0.138873 0.0125
21 -0.0386057 -0.0458413 0.137862 0.0125
11 -0.222857 0.175616 0.208169 0.0125
10 -0.228492 0.157993 0.197206 0.0125
6 -0.155 0.196973 0.0832255 0.0125
9 -0.186618 0.172955 0.116698 0.0125
2 -0.242782 0.126936 0.182605 0.0125
19 -0.0756645 -0.0308373 0.137172 0.0125
8 -0.199834 0.161937 0.132941 0.0125
12 -0.222033 0.192902 0.21829 0.0125
5 -0.2211 0.211251 0.229009 0.0125
13 -0.177303 0.061799 0.150126 0.0125
14 -0.150618 0.0343718 0.141769 0.0125
15 -0.136556 0.0188091 0.140145 0.0125
16 -0.123398 0.00310968 0.145639 0.0125
17 -0.109892 -0.0125287 0.145926 0.0125
18 -0.0936488 -0.0235145 0.141968 0.0125
20 -0.0572354 -0.0386134 0.136995 0.0125
e_2_8 2 8 1 0.0125 -0.221307 0.144436 0.157773 -0.397889 0.40812 -0.816808 -0.0891502 0.074405
e_8_9 8 9 2 0.0125 -0.193226 0.167446 0.12482 -0.385968 0.415892 -0.818697 -0.0883034 0.023662
e_9_6 9 6 3 0.0125 -0.170808 0.184964 0.0999616 -0.416242 0.426988 -0.799968 -0.0668908 0.051933
e_2_10 2 10 1 0.0125 -0.235638 0.142464 0.189905 0.677499 -0.540866 -0.105261 -0.487217 0.037174
e_10_11 10 11 2 0.0125 -0.225675 0.166804 0.202687 0.727093 -0.477156 -0.131961 -0.475651 0.021506
e_11_12 11 12 3 0.0125 -0.222446 0.184258 0.213229 0.704903 -0.4177 -0.270408 -0.505487 0.020048
e_12_5 12 5 4 0.0125 -0.221567 0.202076 0.22365 0.704524 -0.418885 -0.269407 -0.50557 0.021272
e_2_13 2 13 1 0.0125 -0.210042 0.0943677 0.166365 0.434673 0.814105 0.0556715 0.381042 0.097904
e_13_14 13 14 2 0.0125 -0.16396 0.0480854 0.145948 0.507094 0.770993 0.110686 0.369018 0.039168
e_14_15 14 15 3 0.0125 -0.143588 0.0265908 0.140957 0.586418 0.71841 0.149981 0.342792 0.021037
e_15_16 15 16 4 0.0125 -0.129977 0.0109594 0.142892 0.749825 0.568685 0.216961 0.259399 0.021209
e_16_17 16 17 5 0.0125 -0.116646 -0.00470942 0.145782 0.635111 0.681496 0.169229 0.321806 0.020665
e_17_18 17 18 6 0.0125 -0.10177 -0.0180211 0.143947 0.484478 0.744531 0.211197 0.407861 0.020005
e_18_19 18 19 7 0.0125 -0.0846566 -0.0271762 0.13957 0.421498 0.73516 0.281792 0.449969 0.020001
e_19_20 19 20 8 0.0125 -0.0664504 -0.0347256 0.137084 0.585426 0.59302 0.390846 0.390952 0.020003
e_20_21 20 21 9 0.0125 -0.0479206 -0.042227 0.137429 0.617458 0.548374 0.421463 0.3747 0.020002
e_21_1 21 1 10 0.0125 -0.0289836 -0.0485284 0.138367 0.621496 0.500335 0.473684 0.372869 0.020005
e_1_22 1 22 1 0.0125 -0.0111255 -0.0469376 0.135151 -0.36316 0.807229 -0.185687 0.426634 0.02
e_22_23 22 23 2 0.0125 0.00332034 -0.0358328 0.127577 -0.144996 -0.379546 -0.740663 -0.535107 0.02
e_23_24 23 24 3 0.0125 0.0173261 -0.0240982 0.119833 -0.521223 0.184236 -0.812773 -0.183804 0.02
e_24_25 24 25 4 0.0125 0.0312764 -0.0139849 0.110024 -0.419569 0.282434 -0.846247 -0.167505 0.02
e_25_4 25 4 5 0.0125 0.0433942 -0.00276458 0.0987898 -0.354254 0.0352707 -0.874398 -0.329679 0.02
e_1_26 1 26 1 0.0125 -0.00648213 -0.0505012 0.13815 0.566947 0.376555 0.621447 0.388049 0.02584
e_26_27 26 27 2 0.0125 0.0218753 -0.0490987 0.138031 0.641395 0.288514 0.630307 0.328764 0.03101
e_27_3 27 3 3 0.0125 0.0582288 -0.0537605 0.139688 0.620676 0.490878 0.484386 0.373054 0.04315
11 22 21
3 -0.227232 -0.132811 0.0120868 0.0125
23 -0.212852 -0.0755122 0.0343295 0.0125
4 -0.249919 -0.128034 0.0588612 0.0125
22 -0.233067 -0.109242 0.053334 0.0125
1 -0.20226 -0.0421811 0.0460199 0.0125
21 -0.194455 -0.0375414 0.0638508 0.0125
11 0.0123939 0.104406 0.188446 0.0125
6 0.115049 0.00236387 0.155147 0.0125
10 0.089982 0.0236872 0.157575 0.0125
9 0.0672349 0.0418842 0.165156 0.0125
2 0.0117021 0.10861 0.168906 0.0125
19 -0.175958 -0.0141954 0.0902013 0.0125
8 0.0505289 0.061165 0.166005 0.0125
12 0.0115348 0.0998733 0.207907 0.0125
13 0.00842945 0.101697 0.22758 0.0125
14 0.00750154 0.106973 0.246849 0.0125
5 0.00648658 0.11229 0.266103 0.0125
15 -0.0774781 0.0609525 0.128878 0.0125
16 -0.0996591 0.042202 0.125741 0.0125
17 -0.139468 0.0100803 0.10645 0.0125
18 -0.161419 -0.00177735 0.0984668 0.0125
20 -0.185615 -0.0283478 0.0792635 0.0125
e_2_8 2 8 1 0.0125 0.0311151 0.0848868 0.167456 0.682238 0.484165 0.537788 -0.1045 0.061375
e_8_9 8 9 2 0.0125 0.0588815 0.0515241 0.165581 0.687688 0.468078 0.545466 -0.102255 0.025526
e_9_10 9 10 3 0.0125 0.0786086 0.0327852 0.161366 0.605334 0.400774 0.682128 -0.0874794 0.030101
e_10_6 10 6 4 0.0125 0.102515 0.0130255 0.156361 0.674554 0.396452 0.616149 -0.0903484 0.032998
e_2_11 2 11 1 0.0125 0.0120475 0.106508 0.178676 0.992257 0.104393 0.0240392 -0.0628531 0.02
e_11_12 11 12 2 0.0125 0.0119645 0.102139 0.198177 0.99113 0.11526 -0.0141403 -0.0646217 0.02
e_12_13 12 13 3 0.0125 0.00998262 0.100785 0.217744 0.995067 -0.0425665 -0.0797702 -0.0408201 0.02
e_13_14 13 14 4 0.0125 0.00796554 0.104335 0.237215 0.990467 -0.13244 -0.0269873 -0.026584 0.02
e_14_5 14 5 5 0.0125 0.00699421 0.109632 0.256477 0.990272 -0.133458 -0.0291788 -0.0264268 0.02
e_2_15 2 15 1 0.0125 -0.0328885 0.0847811 0.148892 0.551412 0.524006 -0.639886 -0.109126 0.10875
e_15_16 15 16 2 0.0125 -0.088568 0.0515777 0.12731 0.656942 0.575629 -0.471535 -0.121378 0.029213
e_16_17 16 17 3 0.0125 -0.119563 0.0261411 0.116095 0.554321 0.646927 -0.507864 -0.127624 0.054669
e_17_18 17 18 4 0.0125 -0.150443 0.00415142 0.102458 0.579648 0.507367 -0.628453 -0.107862 0.026196
e_18_19 18 19 5 0.0125 -0.168688 -0.00798642 0.0943339 0.533206 0.679172 -0.486955 -0.131497 0.02083
e_19_20 19 20 6 0.0125 -0.180786 -0.0212717 0.0847327 0.455875 0.84357 -0.239642 -0.152116 0.020327
e_20_21 20 21 7 0.0125 -0.190035 -0.0329446 0.0715571 0.301945 0.900224 -0.273513 -0.153679 0.020006
e_21_1 21 1 8 0.0125 -0.198358 -0.0398612 0.0549349 0.17789 0.919704 -0.315763 -0.150974 0.02001
e_1_22 1 22 1 0.0125 -0.217664 -0.0757117 0.0496765 0.728738 0.650904 -0.164347 -0.135114 0.07416
e_22_4 22 4 2 0.0125 -0.241493 -0.118638 0.056097 0.770016 0.524959 -0.342737 -0.118425 0.02584
e_1_23 1 23 1 0.0125 -0.207556 -0.0588461 0.0401747 0.564423 0.810641 -0.0370383 -0.151381 0.036875
e_23_3 23 3 2 0.0125 -0.220042 -0.104162 0.0232082 0.54834 0.822047 0.0203648 -0.152144 0.063125
12 18 17
3 -0.0432385 0.274798 0.0576744 0.0125
19 -0.0289211 0.248785 0.0697613 0.0125
11 -0.31082 0.133302 0.0896964 0.0125
10 -0.305405 0.157101 0.103314 0.0125
6 -0.174776 0.126216 0.117473 0.0125
9 -0.300945 0.175952 0.111933 0.0125
2 -0.301652 0.202462 0.124476 0.0125
8 -0.222046 0.162915 0.111384 0.0125
5 -0.309821 0.115547 0.0775912 0.0125
12 -0.231865 0.203225 0.121829 0.0125
13 -0.130093 0.202825 0.110373 0.0125
14 -0.0580123 0.20162 0.0933666 0.0125
15 -0.0317608 0.198403 0.0909485 0.0125
1 -0.00676252 0.187947 0.0899466 0.0125
18 -0.0209111 0.222363 0.0797214 0.0125
16 0.0273847 0.1935 0.0905845 0.0125
17 0.0576675 0.194334 0.0900438 0.0125
4 0.0917139 0.197122 0.0981069 0.0125
e_2_8 2 8 1 0.0125 -0.261849 0.182689 0.117931 0.617698 0.0968065 0.750657 -0.213522 0.089848
e_8_6 8 6 2 0.0125 -0.198411 0.144566 0.114429 0.742028 0.412966 0.528059 0.00261544 0.060152
e_2_9 2 9 1 0.0125 -0.301298 0.189207 0.118204 0.268114 0.442775 -0.719542 0.462952 0.029336
e_9_10 9 10 2 0.0125 -0.303174 0.166527 0.107623 0.321306 0.325426 -0.772891 0.439886 0.021202
e_10_11 10 11 3 0.0125 -0.308113 0.145202 0.0965054 0.262558 0.272365 -0.818177 0.432975 0.02795
e_11_5 11 5 4 0.0125 -0.31032 0.124424 0.0836444 0.141161 0.313808 -0.826365 0.44578 0.021512
e_2_12 2 12 1 0.0125 -0.266758 0.202844 0.123153 0.600074 -0.368022 0.619283 -0.347793 0.069842
e_12_13 12 13 2 0.0125 -0.180979 0.203025 0.116101 0.55556 -0.409305 0.623213 -0.368006 0.102416
e_13_14 13 14 3 0.0125 -0.0940527 0.202223 0.10187 0.474059 -0.496001 0.607271 -0.40059 0.074069
e_14_15 14 15 4 0.0125 -0.0448869 0.200011 0.0921581 0.581009 -0.294367 0.677404 -0.341906 0.026558
e_15_1 15 1 5 0.0125 -0.0192612 0.193175 0.0904475 0.660485 0.0607524 0.717491 -0.21278 0.027115
e_1_16 1 16 1 0.0125 0.0103107 0.190723 0.0902652 0.624057 -0.433678 0.550184 -0.346085 0.034601
e_16_17 16 17 2 0.0125 0.042526 0.193916 0.0903145 0.610534 -0.367146 0.611662 -0.343978 0.0303
e_17_4 17 4 3 0.0125 0.0746911 0.195728 0.0940748 0.733138 -0.266783 0.560322 -0.278163 0.035099
e_1_18 1 18 1 0.0125 -0.0138371 0.205155 0.0848342 0.600282 -0.68611 -0.402176 -0.0846752 0.038589
e_18_19 18 19 2 0.0125 -0.0249161 0.235574 0.0747413 0.564278 -0.723759 -0.381885 -0.10921 0.029351
e_19_3 19 3 3 0.0125 -0.0360794 0.261792 0.0637181 0.555084 -0.681335 -0.473591 -0.0581038 0.03206
13 18 17
3 -0.0336809 0.161691 0.0598135 0.0125
19 -0.0973387 0.140988 0.0312771 0.0125
10 -0.248755 0.0989943 0.0306183 0.0125
5 -0.314526 0.149094 0.134875 0.0125
6 -0.285559 0.159302 0.0342415 0.0125
9 -0.36471 0.112682 0.121148 0.0125
2 -0.388526 0.0859226 0.114167 0.0125
8 -0.298974 0.146668 0.042399 0.0125
11 -0.227368 0.101508 0.0207486 0.0125
12 -0.20367 0.110105 0.0163256 0.0125
13 -0.185033 0.11739 0.0147835 0.0125
14 -0.163942 0.124462 0.0124799 0.0125
15 -0.143731 0.129586 0.014982 0.0125
1 -0.120634 0.134565 0.0187209 0.0125
18 -0.111762 0.0577584 0.0253472 0.0125
16 -0.11155 0.108677 0.0181386 0.0125
17 -0.108394 0.0775157 0.021681 0.0125
4 -0.115975 0.037725 0.0281507 0.0125
e_2_8 2 8 1 0.0125 -0.34375 0.116296 0.0782832 -0.388328 0.822314 -0.316472 0.2699 0.129847
e_8_6 8 6 2 0.0125 -0.292266 0.152985 0.0383201 -0.485184 0.232117 -0.805308 -0.249394 0.020153
e_2_9 2 9 1 0.0125 -0.376619 0.0993016 0.117657 0.654988 -0.626728 0.107556 -0.408208 0.036496
e_9_5 9 5 2 0.0125 -0.339618 0.130887 0.128011 0.752858 -0.486985 0.393408 -0.203176 0.063504
e_2_10 2 10 1 0.0125 -0.318641 0.092458 0.0723922 0.11784 0.821282 0.284979 0.479996 0.163362
e_10_11 10 11 2 0.0125 -0.238062 0.100251 0.0256836 0.214533 0.728051 0.422201 0.495645 0.023689
e_11_12 11 12 3 0.0125 -0.215519 0.105807 0.018537 0.520342 0.211742 0.735917 0.377936 0.025595
e_12_13 12 13 4 0.0125 -0.194352 0.113748 0.0155545 0.628194 0.0132631 0.733656 0.258737 0.020068
e_13_14 13 14 5 0.0125 -0.174488 0.120926 0.0136317 0.590263 0.124573 0.732108 0.316369 0.022365
e_14_15 14 15 6 0.0125 -0.153837 0.127023 0.0137311 0.728101 -0.0112229 0.663554 0.17158 0.021
e_15_1 15 1 7 0.0125 -0.132182 0.132075 0.0168516 0.742476 0.00328637 0.649478 0.164002 0.023922
e_1_16 1 16 1 0.0125 -0.116092 0.121621 0.0184305 0.687038 0.706766 0.105327 0.131786 0.027442
e_16_17 16 17 2 0.0125 -0.109973 0.0930962 0.0199104 0.744358 0.66568 0.0260577 0.0460674 0.03152
e_17_18 17 18 3 0.0125 -0.110078 0.0676373 0.0235139 0.767149 0.635793 -0.0761808 -0.0380356 0.020375
e_18_4 18 4 4 0.0125 -0.113868 0.0477414 0.0267485 0.752378 0.649846 -0.0993614 -0.0418963 0.020663
e_1_19 1 19 1 0.0125 -0.108987 0.137776 0.0249992 0.853857 -0.160242 0.493747 -0.0382718 0.027232
e_19_3 19 3 2 0.0125 -0.0655102 0.151339 0.0455455 0.833854 -0.187763 0.518334 -0.0276175 0.072768
14 18 17
3 0.0942431 0.0380235 0.268467 0.0125
19 0.0980801 -0.00579514 0.24083 0.0125
6 -0.294701 -0.0178743 0.143241 0.0125
11 -0.279892 -0.0356325 0.138638 0.0125
10 -0.265201 -0.0493893 0.134285 0.0125
9 -0.250745 -0.0636877 0.129353 0.0125
2 -0.173338 -0.0928273 0.111479 0.0125
8 -0.217538 -0.0798968 0.121677 0.0125
12 -0.121945 -0.0716896 0.0798367 0.0125
5 -0.0895283 -0.0683602 0.0644135 0.0125
13 -0.0197974 -0.0673925 0.192211 0.0125
14 0.000942353 -0.0619105 0.19606 0.0125
15 0.0339483 -0.0525222 0.202925 0.0125
16 0.0807969 -0.0468895 0.203458 0.0125
1 0.0994218 -0.0380435 0.205232 0.0125
18 0.155321 -0.0187722 0.168888 0.0125
17 0.121512 -0.0283721 0.190428 0.0125
4 0.183026 -0.00845197 0.161462 0.0125
e_2_8 2 8 1 0.0125 -0.195438 -0.0863627 0.116578 0.776334 -0.118327 -0.614733 -0.0735353 0.047169
e_8_9 8 9 2 0.0125 -0.234141 -0.0717925 0.125515 0.76734 -0.190866 -0.60156 -0.113513 0.03774
e_9_10 9 10 3 0.0125 -0.257973 -0.0565389 0.131819 0.765863 -0.32463 -0.526076 -0.176955 0.020922
e_10_11 10 11 4 0.0125 -0.272547 -0.0425111 0.136462 0.75828 -0.31496 -0.543236 -0.175235 0.020592
e_11_6 11 6 5 0.0125 -0.287297 -0.0267531 0.140939 0.746501 -0.364856 -0.518898 -0.2009 0.023576
e_2_12 2 12 1 0.0125 -0.147641 -0.0822579 0.0956572 -0.254411 0.856002 -0.121122 0.433433 0.063947
e_12_5 12 5 2 0.0125 -0.105737 -0.0700244 0.0721251 0.149285 0.783008 0.317471 0.513638 0.036053
e_2_13 2 13 1 0.0125 -0.0965675 -0.0801099 0.151845 0.827949 0.0445799 0.517475 0.211499 0.175325
e_13_14 13 14 2 0.0125 -0.00942774 -0.0646522 0.194135 0.741476 0.000239679 0.641619 0.196312 0.021795
e_14_15 14 15 3 0.0125 0.0174452 -0.0572165 0.199493 0.751692 -0.0252445 0.633463 0.181789 0.034995
e_15_16 15 16 4 0.0125 0.0573722 -0.049706 0.203192 0.633344 0.242618 0.659917 0.323298 0.047189
e_16_1 16 1 5 0.0125 0.0901093 -0.0424665 0.204345 0.734618 -0.242497 0.631152 0.0563779 0.020696
e_1_17 1 17 1 0.0125 0.110467 -0.0332078 0.19783 -0.466197 0.0965028 -0.867338 -0.145165 0.028295
e_17_18 17 18 2 0.0125 0.138416 -0.0235728 0.179658 -0.184242 0.867237 -0.0957925 0.452525 0.041221
e_18_4 18 4 3 0.0125 0.169174 -0.0136126 0.165175 0.593627 -0.0726584 0.785183 0.16067 0.030484
e_1_19 1 19 1 0.0125 0.098751 -0.0219188 0.223031 0.927911 -0.356158 -0.0522573 -0.0969621 0.048052
e_19_3 19 3 2 0.0125 0.0961619 0.0161148 0.254648 0.856375 -0.462803 -0.140748 -0.180622 0.051948
15 21 20
3 -0.0135883 0.156436 0.0315051 0.0125
22 -0.0173539 0.137875 0.0383423 0.0125
21 -0.0232432 0.121002 0.0485934 0.0125
20 -0.0284131 0.103863 0.0583234 0.0125
4 0.0268892 0.0221038 0.0325773 0.0125
5 -0.168344 -0.192924 0.307906 0.0125
10 -0.176217 -0.159518 0.292374 0.0125
6 -0.325641 -0.161301 0.277752 0.0125
9 -0.183402 -0.133496 0.280352 0.0125
2 -0.189504 -0.104133 0.267127 0.0125
19 0.0108069 0.0379558 0.0365115 0.0125
8 -0.269006 -0.134464 0.284881 0.0125
11 -0.0895316 0.00413197 0.164523 0.0125
12 -0.0811906 0.0167835 0.150816 0.0125
13 -0.0716624 0.0288602 0.138033 0.0125
14 -0.0621143 0.040923 0.125253 0.0125
15 -0.055482 0.0523976 0.110275 0.0125
16 -0.0487647 0.0640347 0.0954593 0.0125
1 -0.038513 0.0747445 0.0820357 0.0125
18 -0.00484464 0.0530869 0.0488403 0.0125
17 -0.0224677 0.0633691 0.0646996 0.0125
e_2_8 2 8 1 0.0125 -0.229255 -0.119298 0.276004 0.76855 0.141394 -0.614721 0.10704 0.086923
e_8_6 8 6 2 0.0125 -0.297323 -0.147883 0.281317 0.660458 0.230421 -0.709518 0.0853517 0.063077
e_2_9 2 9 1 0.0125 -0.186453 -0.118815 0.27374 0.683499 0.500535 -0.218481 0.484315 0.032777
e_9_10 9 10 2 0.0125 -0.17981 -0.146507 0.286363 0.67545 0.508704 -0.194447 0.49717 0.029551
e_10_5 10 5 3 0.0125 -0.172281 -0.176221 0.30014 0.682857 0.501232 -0.206451 0.489746 0.037672
e_2_11 2 11 1 0.0125 -0.139518 -0.0500009 0.215826 -0.462921 0.649695 -0.602992 -0.00117485 0.179565
e_11_12 11 12 2 0.0125 -0.0853608 0.0104571 0.15767 -0.357399 0.434168 -0.80431 -0.191962 0.020433
e_12_13 12 13 3 0.0125 -0.0764265 0.0228219 0.144425 -0.408812 0.531705 -0.7327 -0.115388 0.020001
e_13_14 13 14 4 0.0125 -0.0668879 0.0348913 0.131643 -0.409386 0.533758 -0.731167 -0.113584 0.02
e_14_15 14 15 5 0.0125 -0.0587988 0.0466603 0.117764 -0.295155 0.415533 -0.837724 -0.196048 0.02
e_15_16 15 16 6 0.0125 -0.0521235 0.0582169 0.102867 -0.298798 0.410304 -0.837865 -0.200878 0.02
e_16_1 16 1 7 0.0125 -0.0436385 0.0693893 0.0887474 -0.405008 0.629504 -0.662813 -0.019286 0.02
e_1_17 1 17 1 0.0125 -0.0304903 0.0690568 0.0733676 0.0738863 0.826052 -0.385046 0.404868 0.026218
e_17_18 17 18 2 0.0125 -0.0136557 0.058228 0.0567692 0.0677325 0.836345 -0.327683 0.434238 0.025842
e_18_19 18 19 3 0.0125 0.00298049 0.0455213 0.0426761 0.193991 0.804498 -0.314896 0.464748 0.025018
e_19_4 19 4 4 0.0125 0.0188478 0.0300294 0.0345445 0.341758 0.747225 -0.165807 0.545312 0.022922
e_1_20 1 20 1 0.0125 -0.033463 0.0893036 0.0701796 -0.177616 0.0716604 -0.894288 -0.404433 0.038886
e_20_21 20 21 2 0.0125 -0.025828 0.112433 0.0534589 -0.0176926 -0.219584 -0.830987 -0.510814 0.020376
e_21_22 21 22 3 0.0125 -0.0202982 0.129438 0.0434678 -0.0856626 -0.141344 -0.853714 -0.493818 0.020601
e_22_3 22 3 4 0.0125 -0.0154714 0.147155 0.0349239 0.249892 -0.495298 -0.651497 -0.517481 0.020136
16 24 23
3 -0.160744 0.130235 0.0413498 0.0125
25 -0.176395 0.118037 0.0388442 0.0125
24 -0.191242 0.105165 0.042569 0.0125
23 -0.206147 0.0924264 0.0465176 0.0125
22 -0.221065 0.0797164 0.0505045 0.0125
4 -0.236281 -0.0128003 0.112783 0.0125
21 -0.241196 0.00433756 0.103083 0.0125
20 -0.242654 0.0203863 0.0891221 0.0125
11 -0.466468 -0.133334 0.223251 0.0125
10 -0.438443 -0.128866 0.221479 0.0125
6 -0.43076 -0.240402 0.303481 0.0125
9 -0.412571 -0.204907 0.265413 0.0125
2 -0.391962 -0.131313 0.209591 0.0125
19 -0.239116 0.047076 0.0690914 0.0125
8 -0.403759 -0.184024 0.247866 0.0125
5 -0.489454 -0.137418 0.226158 0.0125
12 -0.363902 -0.072016 0.162556 0.0125
13 -0.31545 -0.0182076 0.11597 0.0125
14 -0.297292 0.000289089 0.10449 0.0125
15 -0.281976 0.0153391 0.0950139 0.0125
16 -0.266347 0.0262629 0.0867995 0.0125
17 -0.254066 0.0385682 0.0765265 0.0125
18 -0.244423 0.0512757 0.0643965 0.0125
1 -0.235922 0.0669632 0.0545804 0.0125
e_2_8 2 8 1 0.0125 -0.397861 -0.157668 0.228729 0.755197 0.328205 -0.321251 0.467714 0.066201
e_8_9 8 9 2 0.0125 -0.408165 -0.194465 0.25664 0.778903 0.266837 -0.350298 0.446541 0.028664
e_9_6 9 6 3 0.0125 -0.421665 -0.222654 0.284447 0.80147 0.217328 -0.327948 0.450404 0.055135
e_2_10 2 10 1 0.0125 -0.415202 -0.13009 0.215536 0.770536 -0.165824 -0.590567 0.173225 0.04804
e_10_11 10 11 2 0.0125 -0.452455 -0.1311 0.222365 0.713069 -0.034255 -0.683871 0.1506 0.028434
e_11_5 11 5 3 0.0125 -0.477961 -0.135376 0.224704 0.729955 -0.0351721 -0.661043 0.170147 0.023527
e_2_12 2 12 1 0.0125 -0.377932 -0.101664 0.186074 -0.0796897 0.514944 0.72538 0.449784 0.080721
e_12_13 12 13 2 0.0125 -0.339676 -0.0451112 0.139263 -0.031656 0.629201 0.612079 0.477978 0.086099
e_13_14 13 14 3 0.0125 -0.306372 -0.00895872 0.11023 0.107728 0.457476 0.702284 0.534703 0.028349
e_14_15 14 15 4 0.0125 -0.289634 0.00781447 0.0997518 0.10667 0.471335 0.692609 0.535497 0.023471
e_15_16 15 16 5 0.0125 -0.274161 0.0208017 0.0909068 0.105121 0.580536 0.600674 0.539554 0.020763
e_16_17 16 17 6 0.0125 -0.260206 0.0324151 0.0816625 0.00455764 0.607895 0.620332 0.495612 0.020194
e_17_18 17 18 7 0.0125 -0.249244 0.0449223 0.0704619 -0.118536 0.712337 0.543353 0.428127 0.02004
e_18_1 18 1 8 0.0125 -0.240172 0.0591198 0.0594881 0.0989671 0.25512 0.822145 0.499196 0.020364
e_1_19 1 19 1 0.0125 -0.237519 0.0570201 0.0618357 0.751006 0.340905 -0.302508 0.477769 0.024824
e_19_20 19 20 2 0.0125 -0.240884 0.0337306 0.079107 0.751426 0.342328 -0.290449 0.48354 0.033558
e_20_21 20 21 3 0.0125 -0.241925 0.0123614 0.0961027 0.74534 0.360573 -0.206371 0.521409 0.021321
e_21_4 21 4 4 0.0125 -0.238738 -0.00423191 0.107933 0.677287 0.473688 -0.191477 0.529375 0.020297
e_1_22 1 22 1 0.0125 -0.228494 0.07334 0.0525426 0.254667 0.334642 0.699932 0.577282 0.02
e_22_23 22 23 2 0.0125 -0.213606 0.086071 0.0485113 0.257087 0.334532 0.698404 0.578124 0.02
e_23_24 23 24 3 0.0125 -0.198695 0.0987963 0.0445431 0.258647 0.33169 0.699072 0.578257 0.02
e_24_25 24 25 4 0.0125 -0.183819 0.111601 0.0407066 0.267441 0.316788 0.701972 0.579099 0.02
e_25_3 25 3 5 0.0125 -0.16857 0.124135 0.0400965 0.440161 0.183787 0.635284 0.607367 0.02
17 20 19
3 -0.273668 -0.173034 0.0300333 0.0125
21 -0.28292 -0.160482 0.0425577 0.0125
20 -0.28843 -0.145104 0.054097 0.0125
19 -0.294303 -0.128401 0.0633997 0.0125
10 -0.175303 -0.180297 0.155694 0.0125
5 -0.0918157 -0.301497 0.293135 0.0125
6 -0.0177317 -0.166146 0.286692 0.0125
9 -0.0939132 -0.29098 0.272424 0.0125
2 -0.10055 -0.257487 0.203768 0.0125
8 -0.0338634 -0.183161 0.260503 0.0125
11 -0.211684 -0.152071 0.144416 0.0125
12 -0.23034 -0.137626 0.132434 0.0125
13 -0.24858 -0.123731 0.120634 0.0125
14 -0.266367 -0.113288 0.105081 0.0125
15 -0.286782 -0.105328 0.0897384 0.0125
1 -0.310983 -0.0944355 0.0756577 0.0125
18 -0.303363 -0.111067 0.0675747 0.0125
16 -0.306999 -0.0592948 0.0494507 0.0125
17 -0.30519 -0.0329548 0.0259353 0.0125
4 -0.304383 -0.0173291 0.0124945 0.0125
e_2_8 2 8 1 0.0125 -0.0672065 -0.220324 0.232136 0.771756 -0.485522 0.131395 -0.389097 0.114849
e_8_6 8 6 2 0.0125 -0.0257974 -0.174654 0.273598 0.892923 -0.31981 0.158761 -0.274235 0.035151
e_2_9 2 9 1 0.0125 -0.0972316 -0.274233 0.238096 0.970313 0.227207 0.0261859 0.0786388 0.076678
e_9_5 9 5 2 0.0125 -0.0928646 -0.296239 0.282779 0.967917 0.235196 0.0259094 0.0845484 0.023322
e_2_10 2 10 1 0.0125 -0.137927 -0.218892 0.17973 0.428422 -0.115206 -0.831216 -0.335056 0.117718
e_10_11 10 11 2 0.0125 -0.193493 -0.166184 0.150055 0.529677 -0.0946024 -0.781026 -0.317004 0.047406
e_11_12 11 12 3 0.0125 -0.221012 -0.144848 0.138424 0.432235 -0.0516202 -0.85072 -0.29459 0.026463
e_12_13 12 13 4 0.0125 -0.23946 -0.130678 0.126533 0.431217 -0.0475845 -0.852362 -0.292005 0.025787
e_13_14 13 14 5 0.0125 -0.257474 -0.11851 0.112858 0.376176 0.0326596 -0.894404 -0.239722 0.025833
e_14_15 14 15 6 0.0125 -0.276575 -0.109308 0.0974102 0.413226 0.0803777 -0.883362 -0.206047 0.02675
e_15_1 15 1 7 0.0125 -0.298882 -0.0998819 0.0826985 0.459768 0.0394476 -0.85603 -0.23296 0.030042
e_1_16 1 16 1 0.0125 -0.30899 -0.0768651 0.062554 0.101152 -0.297608 -0.842091 -0.438271 0.044017
e_16_17 16 17 2 0.0125 -0.306095 -0.0461248 0.037693 0.0784107 -0.235771 -0.881459 -0.401615 0.035356
e_17_4 17 4 3 0.0125 -0.304786 -0.0251422 0.0192153 0.0912335 -0.244127 -0.87533 -0.407279 0.020627
e_1_18 1 18 1 0.0125 -0.307172 -0.102751 0.0716167 0.349505 0.755843 -0.361645 0.419238 0.02
e_18_19 18 19 2 0.0125 -0.298833 -0.119734 0.0654868 0.451584 0.745334 -0.221042 0.437824 0.02
e_19_20 19 20 3 0.0125 -0.291366 -0.136753 0.058748 0.336458 0.740936 -0.428461 0.392723 0.02
e_20_21 20 21 4 0.0125 -0.285675 -0.152793 0.0483275 0.26874 0.731492 -0.503374 0.373247 0.02
e_21_3 21 3 5 0.0125 -0.278294 -0.166758 0.036296 0.151791 0.755833 -0.491762 0.404779 0.02
18 24 23
3 0.103511 -0.190895 0.162497 0.0125
25 0.0769775 -0.186687 0.158047 0.0125
4 -0.0421401 -0.133041 0.209382 0.0125
24 -0.0338214 -0.146262 0.196891 0.0125
23 -0.0230065 -0.158236 0.185072 0.0125
22 -0.0124831 -0.170685 0.173485 0.0125
21 -0.00382964 -0.181535 0.159084 0.0125
1 0.00542757 -0.195439 0.148084 0.0125
11 0.0749829 0.0479395 0.211404 0.0125
10 0.0602916 0.059615 0.204487 0.0125
6 0.0403162 0.239068 0.22167 0.0125
9 0.0498211 0.0755942 0.198569 0.0125
2 0.038536 0.0916695 0.194794 0.0125
19 0.0161599 -0.158404 0.156937 0.0125
8 0.0358772 0.139173 0.203144 0.0125
12 0.0926046 0.0392723 0.215193 0.0125
5 0.109346 0.0295078 0.220132 0.0125
13 0.0491967 -0.0433413 0.169969 0.0125
14 0.0456187 -0.0634203 0.169925 0.0125
15 0.0419926 -0.0844419 0.170277 0.0125
16 0.0374475 -0.103984 0.170991 0.0125
17 0.0315992 -0.122611 0.165488 0.0125
18 0.0257732 -0.141437 0.161793 0.0125
20 0.00833963 -0.176664 0.154539 0.0125
e_2_8 2 8 1 0.0125 0.0372061 0.115422 0.198969 0.72421 -0.595536 -0.242695 -0.248909 0.048305
e_8_6 8 6 2 0.0125 0.0380966 0.189119 0.212407 0.717472 -0.60637 -0.203054 -0.276257 0.101695
e_2_9 2 9 1 0.0125 0.0441781 0.0836323 0.196681 0.620817 0.202775 0.60374 -0.457129 0.02
e_9_10 9 10 2 0.0125 0.0550562 0.0676051 0.201528 0.694503 0.263787 0.531476 -0.406959 0.02
e_10_11 10 11 3 0.0125 0.0676374 0.0537779 0.207945 0.634805 -0.00823167 0.571856 -0.519553 0.02
e_11_12 11 12 4 0.0125 0.0837937 0.0436061 0.213298 0.50142 -0.25131 0.584902 -0.585928 0.02
e_12_5 12 5 5 0.0125 0.100975 0.03439 0.217663 0.547182 -0.167932 0.590167 -0.569292 0.02
e_2_13 2 13 1 0.0125 0.0438668 0.0241638 0.182381 0.53158 0.6696 -0.376548 0.35675 0.137688
e_13_14 13 14 2 0.0125 0.0474077 -0.0533808 0.169947 0.62536 0.559233 -0.433963 0.32842 0.020395
e_14_15 14 15 3 0.0125 0.0438054 -0.0739316 0.1701 0.640182 0.568103 -0.411115 0.313706 0.021335
e_15_16 15 16 4 0.0125 0.0397201 -0.0942128 0.170634 0.64468 0.536059 -0.441411 0.319663 0.020076
e_16_17 16 17 5 0.0125 0.0345229 -0.113297 0.16824 0.361607 0.26448 -0.752134 0.483306 0.020285
e_17_18 17 18 6 0.0125 0.0286858 -0.132024 0.16364 0.451669 0.359075 -0.680592 0.451503 0.020049
e_18_19 18 19 7 0.0125 0.0209666 -0.149921 0.159365 0.42265 0.188074 -0.765147 0.447822 0.020098
e_19_20 19 20 8 0.0125 0.0122496 -0.167535 0.155738 0.51299 0.345083 -0.663934 0.420655 0.020008
e_20_1 20 1 9 0.0125 0.00688411 -0.186052 0.151312 0.270062 0.262137 -0.769517 0.51594 0.020066
e_1_21 1 21 1 0.0125 0.000798454 -0.188487 0.153584 0.868936 -0.347532 -0.322829 -0.141259 0.02
e_21_22 21 22 2 0.0125 -0.00815652 -0.17611 0.166284 0.915771 -0.252076 -0.276478 -0.146225 0.02
e_22_23 22 23 3 0.0125 -0.0177446 -0.16446 0.179279 0.88073 -0.307654 -0.340074 -0.118376 0.02
e_23_24 23 24 4 0.0125 -0.0284139 -0.152249 0.190982 0.884754 -0.29466 -0.343084 -0.112606 0.02
e_24_4 24 4 5 0.0125 -0.0379801 -0.139652 0.203137 0.887624 -0.321205 -0.290798 -0.156167 0.02
e_1_25 1 25 1 0.0125 0.041203 -0.191063 0.153065 0.502543 -0.539254 0.375167 -0.562055 0.072769
e_25_3 25 3 2 0.0125 0.0902443 -0.18879 0.160271 0.487967 -0.426121 0.48653 -0.586173 0.027231
19 23 22
3 -0.205812 0.101807 0.282401 0.0125
24 -0.207446 0.0911918 0.259276 0.0125
23 -0.209507 0.0792414 0.221815 0.0125
4 -0.264341 0.0830862 0.266478 0.0125
22 -0.257528 0.0781927 0.246401 0.0125
21 -0.244876 0.0744722 0.229748 0.0125
20 -0.231118 0.0753702 0.211261 0.0125
11 -0.162455 -0.229703 0.0685446 0.0125
10 -0.171369 -0.211532 0.0534008 0.0125
6 -0.188064 -0.268281 0.14547 0.0125
9 -0.186796 -0.191985 0.0399056 0.0125
2 -0.200351 -0.173046 0.0321564 0.0125
19 -0.204719 0.0606902 0.181353 0.0125
8 -0.202905 -0.232777 0.0996192 0.0125
5 -0.150442 -0.243347 0.0806742 0.0125
12 -0.197834 -0.155101 0.0512578 0.0125
13 -0.198014 -0.118851 0.0718177 0.0125
14 -0.198058 -0.0402024 0.114477 0.0125
15 -0.195865 -0.0118578 0.132761 0.0125
16 -0.197205 0.010479 0.14738 0.0125
17 -0.200031 0.0261547 0.160674 0.0125
18 -0.204845 0.0422831 0.172916 0.0125
1 -0.20811 0.0798496 0.18672 0.0125
e_2_8 2 8 1 0.0125 -0.201628 -0.202911 0.0658879 0.901794 0.337772 -0.108192 0.246926 0.090141
e_8_6 8 6 2 0.0125 -0.195484 -0.250529 0.122545 0.887365 0.341436 0.0207444 0.309152 0.059859
e_2_9 2 9 1 0.0125 -0.193574 -0.182516 0.0360304 0.715172 0.579997 0.0758115 0.382604 0.024545
e_9_10 9 10 2 0.0125 -0.179082 -0.201759 0.0466535 0.769864 0.500583 0.105689 0.381518 0.028323
e_10_11 10 11 3 0.0125 -0.166912 -0.220617 0.060973 0.827894 0.446679 0.0306912 0.337829 0.025278
e_11_5 11 5 4 0.0125 -0.156449 -0.236525 0.0746092 0.794877 0.454055 0.127737 0.381692 0.021854
e_2_12 2 12 1 0.0125 -0.199092 -0.164073 0.0417069 0.921703 -0.357721 0.0964462 0.114877 0.02633
e_12_13 12 13 2 0.0125 -0.197924 -0.136976 0.0615381 0.864082 -0.503315 0.000979341 0.00596364 0.041675
e_13_14 13 14 3 0.0125 -0.198036 -0.0795272 0.0931471 0.859294 -0.511475 0.00102732 0.00221484 0.089472
e_14_15 14 15 4 0.0125 -0.196961 -0.0260301 0.123619 0.876376 -0.474828 0.0637734 0.0493585 0.033802
e_15_16 15 16 5 0.0125 -0.196535 -0.000689849 0.140071 0.879444 -0.475285 -0.0255211 0.00555168 0.026729
e_16_17 16 17 6 0.0125 -0.198618 0.0183172 0.154027 0.905715 -0.417723 -0.0716059 0.00776123 0.020747
e_17_18 17 18 7 0.0125 -0.202438 0.0342189 0.166795 0.890353 -0.429042 -0.147729 -0.0370088 0.020812
e_18_19 18 19 8 0.0125 -0.204782 0.0514859 0.177134 0.841509 -0.54002 -0.00558308 -0.0144665 0.02025
e_19_1 19 1 9 0.0125 -0.206414 0.0702699 0.184037 0.783914 -0.569803 -0.205839 -0.135772 0.020183
e_1_20 1 20 1 0.0125 -0.219614 0.0776095 0.198991 0.927758 0.0597228 -0.367245 0.0288037 0.033937
e_20_21 20 21 2 0.0125 -0.237997 0.0749212 0.220505 0.948228 0.00693752 -0.314864 0.0409477 0.023062
e_21_22 21 22 3 0.0125 -0.251202 0.076332 0.238074 0.944427 -0.094563 -0.314776 0.00553355 0.021242
e_22_4 22 4 4 0.0125 -0.260934 0.0806387 0.256439 0.976977 -0.127771 -0.149406 0.0828753 0.02176
e_1_23 1 23 1 0.0125 -0.208808 0.0795455 0.204268 0.98105 0.00466395 -0.0211919 0.192537 0.035128
e_23_24 23 24 2 0.0125 -0.208477 0.0852159 0.240545 0.971956 -0.146452 0.0534529 0.176055 0.039374
e_24_3 24 3 3 0.0125 -0.206629 0.0964994 0.270838 0.96305 -0.204825 0.0675794 0.161288 0.025498
20 17 16
3 -0.339555 0.0386489 0.124207 0.0125
11 -0.237102 -0.279333 0.19388 0.0125
10 -0.236191 -0.270387 0.175318 0.0125
6 -0.135242 -0.119774 0.0976147 0.0125
9 -0.233997 -0.257193 0.159212 0.0125
2 -0.231457 -0.227537 0.136031 0.0125
8 -0.205072 -0.189295 0.123972 0.0125
5 -0.232197 -0.286729 0.212594 0.0125
12 -0.258795 -0.195879 0.121204 0.0125
13 -0.30998 -0.113456 0.10657 0.0125
14 -0.365021 -0.0239798 0.0632033 0.0125
15 -0.374882 -0.00588394 0.0537454 0.0125
1 -0.387656 0.00707727 0.0429141 0.0125
18 -0.368937 0.0186024 0.0667513 0.0125
16 -0.355685 0.0112417 0.0671188 0.0125
17 -0.334163 0.0224427 0.0824248 0.0125
4 -0.310033 0.0330508 0.0987367 0.0125
e_2_8 2 8 1 0.0125 -0.218265 -0.208415 0.130002 0.596833 -0.734005 0.294716 -0.134793 0.048
e_8_6 8 6 2 0.0125 -0.170158 -0.154535 0.110793 0.587524 -0.687715 0.395284 -0.160045 0.102
e_2_9 2 9 1 0.0125 -0.232727 -0.242365 0.147621 0.882528 0.422685 -0.118813 0.168422 0.037726
e_9_10 9 10 2 0.0125 -0.235094 -0.26379 0.167265 0.927465 0.321094 -0.110646 0.156415 0.020936
e_10_11 10 11 3 0.0125 -0.236647 -0.27486 0.184599 0.966199 0.217593 -0.0517406 0.1282 0.020626
e_11_5 11 5 4 0.0125 -0.234649 -0.283031 0.203237 0.972519 0.192065 0.106516 0.0772828 0.020712
e_2_12 2 12 1 0.0125 -0.245126 -0.211707 0.128617 0.570096 -0.693165 -0.431941 0.0891078 0.044379
e_12_13 12 13 2 0.0125 -0.284388 -0.154667 0.113887 0.648804 -0.681599 -0.331648 0.0669801 0.098119
e_13_14 13 14 3 0.0125 -0.337501 -0.0687176 0.0848865 0.553024 -0.749528 -0.359166 0.058069 0.11365
e_14_15 14 15 4 0.0125 -0.369951 -0.0149322 0.0584747 0.53779 -0.771443 -0.336812 0.0470604 0.022674
e_15_1 15 1 5 0.0125 -0.381269 0.000596401 0.0483293 0.485381 -0.723108 -0.482532 0.0931853 0.021178
e_1_16 1 16 1 0.0125 -0.371671 0.00915933 0.0550172 0.891969 -0.09113 0.437608 -0.0677218 0.040315
e_16_17 16 17 2 0.0125 -0.344924 0.0168426 0.0747715 0.871779 -0.262245 0.405528 -0.0823238 0.028686
e_17_4 17 4 3 0.0125 -0.322098 0.0277472 0.0905805 0.869409 -0.238345 0.424356 -0.0850938 0.030999
e_1_18 1 18 1 0.0125 -0.378296 0.0128393 0.0548327 0.930659 -0.203259 0.301862 -0.0379267 0.032426
e_18_3 18 3 2 0.0125 -0.354246 0.0286263 0.0954793 0.96182 -0.155533 0.225123 -0.00560223 0.067574
