20
1 22 21
3 -0.0375138 0.189026 0.0121841 0.0125
23 -0.0512283 0.147962 0.0137365 0.0125
4 -0.035205 0.0688758 0.10156 0.0125
22 -0.0494496 0.0771493 0.0562191 0.0125
21 -0.0561933 0.0810814 0.035019 0.0125
1 -0.0677611 0.0937963 0.0114542 0.0125
11 -0.336192 0.132631 0.193571 0.0125
10 -0.33128 0.128849 0.174557 0.0125
6 -0.433292 0.0690595 0.24417 0.0125
9 -0.381131 0.0936241 0.198801 0.0125
2 -0.325611 0.124406 0.155898 0.0125
19 -0.0980452 0.0990128 0.0373125 0.0125
8 -0.349417 0.111835 0.17353 0.0125
12 -0.341793 0.136441 0.21239 0.0125
13 -0.349471 0.139799 0.230549 0.0125
5 -0.359185 0.14407 0.247502 0.0125
14 -0.226921 0.121359 0.103073 0.0125
15 -0.203191 0.11998 0.0901396 0.0125
16 -0.163048 0.117353 0.0741188 0.0125
17 -0.130688 0.10936 0.0574454 0.0125
18 -0.11441 0.101329 0.0487044 0.0125
20 -0.0830194 0.0966061 0.0241401 0.0125
e_2_8 2 8 1 0.0125 -0.337514 0.118121 0.164715 0.144344 -0.378314 -0.287986 0.867818 0.032181
e_8_9 8 9 2 0.0125 -0.365274 0.102729 0.186165 0.139288 -0.361417 -0.291787 0.87455 0.044452
e_9_6 9 6 3 0.0125 -0.407212 0.0813418 0.221485 0.169185 -0.353123 -0.257105 0.883503 0.073366
e_2_10 2 10 1 0.0125 -0.328446 0.126628 0.165227 0.38658 -0.176977 0.0471949 0.903885 0.02
e_10_11 10 11 2 0.0125 -0.333736 0.13074 0.184064 0.377919 -0.151524 0.0408537 0.912441 0.02
e_11_12 11 12 3 0.0125 -0.338992 0.134536 0.20298 0.376491 -0.168294 0.0350553 0.910331 0.02
e_12_13 12 13 4 0.0125 -0.345632 0.138121 0.221469 0.363007 -0.214404 0.00675494 0.906759 0.02
e_13_5 13 5 5 0.0125 -0.354328 0.141935 0.239026 0.370188 -0.275956 0.00520399 0.887008 0.02
e_2_14 2 14 1 0.0125 -0.276266 0.122882 0.129486 -0.151058 -0.827328 -0.226715 -0.491234 0.111979
e_14_15 14 15 2 0.0125 -0.215056 0.120669 0.0966068 -0.197194 -0.810936 -0.285228 -0.471319 0.027061
e_15_16 15 16 3 0.0125 -0.183119 0.118666 0.0821293 -0.25822 -0.758144 -0.331976 -0.498329 0.043302
e_16_17 16 17 4 0.0125 -0.146868 0.113356 0.0657821 -0.455482 -0.589024 -0.613788 -0.262395 0.03727
e_17_18 17 18 5 0.0125 -0.122549 0.105344 0.053075 -0.531806 -0.396516 -0.748144 -0.0154468 0.020147
e_18_19 18 19 6 0.0125 -0.106228 0.10017 0.0430087 -0.263923 -0.792122 -0.395334 -0.382881 0.020074
e_19_20 19 20 7 0.0125 -0.0905329 0.0978094 0.0307257 -0.232169 -0.825243 -0.382377 -0.34476 0.020127
e_20_1 20 1 8 0.0125 -0.0753897 0.0952019 0.017797 -0.261982 -0.803189 -0.413979 -0.338932 0.020041
e_1_21 1 21 1 0.0125 -0.0619767 0.0874389 0.0232365 0.0876477 0.228798 -0.209046 0.946715 0.029167
e_21_22 21 22 2 0.0125 -0.0528215 0.0791156 0.0456186 0.23874 0.168526 -0.0489944 0.955093 0.022592
e_22_4 22 4 3 0.0125 -0.0423273 0.0730125 0.0788897 0.240154 0.166617 -0.0478821 0.955129 0.048241
e_1_23 1 23 1 0.0125 -0.0594947 0.120879 0.0125954 0.639043 -0.493338 0.486299 0.334299 0.056678
e_23_3 23 3 2 0.0125 -0.044371 0.168494 0.0129607 0.632976 -0.528592 0.488368 0.285356 0.043322
2 25 24
3 0.126817 0.0486431 0.0129463 0.0125
26 0.133491 0.0298137 0.0119839 0.0125
25 0.138379 0.0104333 0.0126901 0.0125
24 0.142837 -0.00872313 0.0163172 0.0125
23 0.147629 -0.0281403 0.0163229 0.0125
4 0.244115 -0.05035 0.0542239 0.0125
22 0.22115 -0.043289 0.0447817 0.0125
21 0.19871 -0.0409461 0.0324868 0.0125
20 0.174907 -0.044329 0.0218545 0.0125
6 0.460771 -0.214283 0.279724 0.0125
11 0.447672 -0.203629 0.260657 0.0125
10 0.433642 -0.192178 0.238757 0.0125
9 0.412829 -0.176261 0.222744 0.0125
2 0.369549 -0.150426 0.18212 0.0125
19 0.173786 -0.0470676 0.0190646 0.0125
8 0.392851 -0.163172 0.209282 0.0125
12 0.385074 -0.0818237 0.18891 0.0125
5 0.388504 -0.0533401 0.182788 0.0125
13 0.289651 -0.107181 0.101526 0.0125
14 0.254824 -0.0884703 0.0699132 0.0125
15 0.238953 -0.0815777 0.0513146 0.0125
16 0.223369 -0.0745591 0.0366947 0.0125
17 0.208501 -0.0643863 0.0279308 0.0125
18 0.19199 -0.0538865 0.0237745 0.0125
1 0.155085 -0.0461942 0.0120273 0.0125
e_2_8 2 8 1 0.0125 0.3812 -0.156799 0.1957 -0.478152 -0.377168 -0.0158796 -0.793009 0.03799
e_8_9 8 9 2 0.0125 0.402839 -0.169716 0.216013 -0.434717 -0.503771 0.0264245 -0.746014 0.027416
e_9_10 9 10 3 0.0125 0.423236 -0.184219 0.230751 -0.460717 -0.486878 0.0470551 -0.740591 0.030708
e_10_11 10 11 4 0.0125 0.440657 -0.197903 0.249707 -0.531464 -0.337445 0.0285097 -0.776443 0.028417
e_11_6 11 6 5 0.0125 0.454221 -0.208955 0.270191 -0.525095 -0.353157 0.0306551 -0.773702 0.025469
e_2_12 2 12 1 0.0125 0.377312 -0.116124 0.185515 0.218668 -0.335445 -0.582603 -0.707273 0.070665
e_12_5 12 5 2 0.0125 0.386789 -0.0675815 0.185849 0.435944 -0.601913 -0.49199 -0.45343 0.029335
e_2_13 2 13 1 0.0125 0.3296 -0.128804 0.141823 -0.104234 -0.665407 0.623732 0.396645 0.121446
e_13_14 13 14 2 0.0125 0.272237 -0.0978257 0.0857198 -0.130144 -0.629145 0.645318 0.413284 0.05062
e_14_15 14 15 3 0.0125 0.246888 -0.0850236 0.0606139 -0.108898 -0.704626 0.607934 0.34937 0.025403
e_15_16 15 16 4 0.0125 0.231161 -0.0780684 0.0440047 -0.152967 -0.634445 0.649989 0.389351 0.022492
e_16_17 16 17 5 0.0125 0.215935 -0.0694727 0.0323127 -0.196421 -0.472625 0.703813 0.492638 0.020033
e_17_18 17 18 6 0.0125 0.200246 -0.0591361 0.025853 -0.465904 -0.132167 0.765774 0.42315 0.020003
e_18_19 18 19 7 0.0125 0.182888 -0.0504764 0.0214194 -0.515774 -0.175837 0.766052 0.340913 0.020002
e_19_1 19 1 8 0.0125 0.164435 -0.0466312 0.0155461 -0.510394 -0.329406 0.753267 0.252149 0.020001
e_1_20 1 20 1 0.0125 0.164996 -0.0452622 0.0169416 -0.242403 -0.4896 -0.197433 -0.813974 0.022203
e_20_21 20 21 2 0.0125 0.186809 -0.0426373 0.0271709 -0.215674 -0.502305 -0.213246 -0.809754 0.026289
e_21_22 21 22 3 0.0125 0.20993 -0.042117 0.0386336 -0.306705 -0.493387 -0.131624 -0.803229 0.025694
e_22_4 22 4 4 0.0125 0.232632 -0.0468192 0.0495023 -0.325019 -0.559966 -0.0595371 -0.759774 0.025814
e_1_23 1 23 1 0.0125 0.151357 -0.0371675 0.0141753 -0.234599 0.402404 -0.480285 -0.74321 0.02
e_23_24 23 24 2 0.0125 0.145232 -0.0184316 0.0163197 0.342722 -0.184642 -0.682688 -0.618374 0.02
e_24_25 24 25 3 0.0125 0.140608 0.000855764 0.0145035 0.567761 -0.584006 -0.49962 -0.294897 0.02
e_25_26 25 26 4 0.0125 0.135935 0.0201234 0.0123366 0.405475 -0.264433 -0.669119 -0.563866 0.02
e_26_3 26 3 5 0.0125 0.130154 0.0392285 0.0124656 0.169091 0.0722154 -0.686091 -0.703898 0.02
3 23 22
3 0.158429 0.373909 0.203088 0.0125
24 0.173694 0.357184 0.211925 0.0125
23 0.189439 0.335742 0.214451 0.0125
4 0.165214 0.353135 0.284061 0.0125
22 0.198443 0.316415 0.243185 0.0125
1 0.213912 0.293722 0.220242 0.0125
21 0.207067 0.288766 0.202113 0.0125
11 0.165466 0.0790525 0.0469284 0.0125
6 0.021814 0.0262723 0.0150169 0.0125
10 0.0435014 0.0324225 0.0117865 0.0125
9 0.069108 0.0410379 0.0114002 0.0125
2 0.152111 0.0891548 0.035994 0.0125
19 0.202284 0.27884 0.162229 0.0125
8 0.0936456 0.0560999 0.0117214 0.0125
12 0.180575 0.068577 0.0548015 0.0125
13 0.195444 0.0579539 0.0629297 0.0125
14 0.206796 0.0426668 0.0690504 0.0125
5 0.217464 0.0272752 0.0760699 0.0125
15 0.189793 0.182529 0.0877686 0.0125
16 0.190921 0.231288 0.11778 0.0125
17 0.191562 0.252365 0.129609 0.0125
18 0.197018 0.26906 0.144544 0.0125
20 0.204636 0.283432 0.182967 0.0125
e_2_8 2 8 1 0.0125 0.122878 0.0726276 0.0238576 0.555473 0.207607 -0.791734 0.146654 0.071414
e_8_9 8 9 2 0.0125 0.081376 0.0485686 0.0115607 0.703134 0.375923 -0.603542 -0.00458739 0.028794
e_9_10 9 10 3 0.0125 0.0563044 0.03673 0.0115937 0.711154 0.188467 -0.67626 0.0375676 0.027019
e_10_6 10 6 4 0.0125 0.0326573 0.0293469 0.0134017 0.755599 0.178036 -0.630376 0.000796685 0.022773
e_2_11 2 11 1 0.0125 0.158789 0.0841036 0.0414609 0.731035 0.0276962 0.47527 -0.488814 0.02
e_11_12 11 12 2 0.0125 0.173022 0.073815 0.050865 0.669969 -0.0181604 0.550298 -0.49798 0.02
e_12_13 12 13 3 0.0125 0.18801 0.0632655 0.058866 0.674821 -0.00828156 0.544723 -0.49782 0.02
e_13_14 13 14 4 0.0125 0.20112 0.0503103 0.0659898 0.632137 0.151204 0.569337 -0.503383 0.02
e_14_5 14 5 5 0.0125 0.21213 0.0349709 0.0725595 0.652408 0.174275 0.542333 -0.499867 0.02
e_2_15 2 15 1 0.0125 0.170951 0.135842 0.0618805 0.807398 -0.52019 0.0276155 -0.277034 0.113222
e_15_16 15 16 2 0.0125 0.190357 0.206909 0.102774 0.842912 -0.473835 -0.115931 -0.227024 0.057265
e_16_17 16 17 3 0.0125 0.191241 0.241827 0.123695 0.833682 -0.491974 -0.115511 -0.222693 0.024179
e_17_18 17 18 4 0.0125 0.19429 0.260712 0.137076 0.860568 -0.419629 -0.00326607 -0.28866 0.023055
e_18_19 18 19 5 0.0125 0.199651 0.273949 0.153386 0.901693 -0.273991 0.0388662 -0.332217 0.020884
e_19_20 19 20 6 0.0125 0.20346 0.281135 0.172599 0.931867 -0.120729 0.014789 -0.341802 0.02137
e_20_21 20 21 7 0.0125 0.205851 0.2861 0.19254 0.929497 -0.147564 0.0116649 -0.337823 0.020023
e_21_1 21 1 8 0.0125 0.210489 0.291244 0.211178 0.902478 -0.184131 0.113615 -0.372454 0.020001
e_1_22 1 22 1 0.0125 0.206177 0.305068 0.231713 0.889666 -0.298865 -0.3002 -0.170453 0.035787
e_22_4 22 4 2 0.0125 0.181828 0.334775 0.263623 0.890934 -0.261797 -0.336422 -0.156588 0.064213
e_1_23 1 23 1 0.0125 0.201675 0.314732 0.217347 0.663631 -0.633407 -0.39738 -0.0218542 0.048971
e_23_24 23 24 2 0.0125 0.181566 0.346463 0.213189 0.67282 -0.591989 -0.443643 -0.00655836 0.026722
e_24_3 24 3 3 0.0125 0.166061 0.365547 0.207506 0.560907 -0.665522 -0.48875 0.0598882 0.024307
4 23 22
3 -0.0281861 -0.0264177 0.0211533 0.0125
24 -0.040498 -0.0262196 0.0378188 0.0125
23 -0.0587546 -0.0340104 0.0706796 0.0125
4 -0.0638904 -0.0234826 0.0125252 0.0125
22 -0.0702286 -0.0275144 0.0310619 0.0125
21 -0.0709276 -0.0341291 0.0499227 0.0125
20 -0.0694446 -0.0398543 0.0690281 0.0125
12 -0.0834221 0.280141 0.0197351 0.0125
11 -0.0961194 0.268735 0.0306202 0.0125
10 -0.111444 0.259261 0.0407736 0.0125
9 -0.12926 0.253443 0.0496079 0.0125
2 -0.181684 0.224864 0.0808423 0.0125
19 -0.069673 -0.0464493 0.0879087 0.0125
8 -0.155411 0.243589 0.0612475 0.0125
6 -0.0661963 0.288236 0.0125736 0.0125
13 -0.212929 0.241384 0.0810635 0.0125
14 -0.236227 0.261552 0.0765818 0.0125
5 -0.256356 0.28782 0.0712644 0.0125
15 -0.119291 0.0633114 0.0937326 0.0125
16 -0.100689 0.0204708 0.0983983 0.0125
17 -0.0871247 0.00332133 0.104631 0.0125
18 -0.0795175 -0.0165757 0.108751 0.0125
1 -0.0674321 -0.0493676 0.107567 0.0125
e_2_8 2 8 1 0.0125 -0.168548 0.234226 0.0710449 0.385251 -0.836473 0.24468 -0.303359 0.037747
e_8_9 8 9 2 0.0125 -0.142335 0.248516 0.0554278 0.521421 -0.0099083 0.831952 0.189415 0.030274
e_9_10 9 10 3 0.0125 -0.120352 0.256352 0.0451905 0.465091 0.170326 0.82715 0.265521 0.02072
e_10_11 10 11 4 0.0125 -0.103782 0.263998 0.0356966 0.472039 -0.683969 0.526945 -0.178028 0.02068
e_11_12 11 12 5 0.0125 -0.0897708 0.274438 0.0251776 0.295304 -0.87467 -0.0617035 -0.379395 0.020243
e_12_6 12 6 6 0.0125 -0.0748094 0.284188 0.0161546 0.563644 -0.243154 0.785462 0.0789391 0.020336
e_2_13 2 13 1 0.0125 -0.197307 0.233125 0.0809526 0.699904 -0.223957 -0.668371 -0.115143 0.035344
e_13_14 13 14 2 0.0125 -0.224578 0.251469 0.0788224 0.630775 -0.325434 -0.682681 -0.173674 0.031138
e_14_5 14 5 3 0.0125 -0.246291 0.274686 0.0739226 0.612776 -0.419073 -0.635379 -0.21255 0.033517
e_2_15 2 15 1 0.0125 -0.150488 0.144088 0.0872875 0.628497 0.670355 -0.116243 0.376966 0.173662
e_15_16 15 16 2 0.0125 -0.10999 0.0418916 0.0960656 0.636468 0.665476 -0.0862726 0.380273 0.046937
e_16_17 16 17 3 0.0125 -0.0939072 0.0118965 0.101515 0.699992 0.593948 0.100731 0.383522 0.022737
e_17_18 17 18 4 0.0125 -0.0833213 -0.0066267 0.106691 0.677071 0.630712 -0.0852547 0.369471 0.021696
e_18_1 18 1 5 0.0125 -0.0734748 -0.0329715 0.108159 0.582708 0.701111 -0.159283 0.378844 0.034968
e_1_19 1 19 1 0.0125 -0.0685529 -0.0479086 0.0977383 0.0457054 0.136157 -0.986373 -0.0802573 0.02
e_19_20 19 20 2 0.0125 -0.0695592 -0.043152 0.0784687 0.000698129 -0.0382178 -0.985159 -0.167334 0.02
e_20_21 20 21 3 0.0125 -0.0701863 -0.0369923 0.0594756 0.0373402 0.00100634 -0.988754 -0.144809 0.02
e_21_22 21 22 4 0.0125 -0.0705783 -0.0308213 0.0404923 -0.011409 -0.0370417 -0.984968 -0.16833 0.02
e_22_4 22 4 5 0.0125 -0.0670593 -0.0254979 0.0217933 -0.180795 0.226778 -0.954969 -0.0625962 0.02
e_1_23 1 23 1 0.0125 -0.0630933 -0.041689 0.0891234 -0.0902336 -0.0916846 -0.970912 -0.201945 0.040888
e_23_24 23 24 2 0.0125 -0.0496259 -0.0301148 0.0542489 -0.268187 0.346624 -0.898798 -0.00946592 0.03839
e_24_3 24 3 3 0.0125 -0.0343417 -0.0263185 0.0294858 -0.173773 0.781179 -0.540274 0.260129 0.020721
5 25 24
3 0.107456 0.152814 0.0320217 0.0125
26 0.0742594 0.132478 0.0252543 0.0125
25 0.0376654 0.121297 0.0215879 0.0125
4 -0.0534269 0.101844 0.0924369 0.0125
24 -0.0360205 0.105662 0.0819913 0.0125
23 -0.0222554 0.111487 0.0674867 0.0125
22 -0.00919097 0.117488 0.0531534 0.0125
1 0.016137 0.117571 0.0245381 0.0125
21 0.00542399 0.135247 0.0253132 0.0125
6 -0.311089 0.215331 0.0733713 0.0125
11 -0.298968 0.212994 0.0891446 0.0125
10 -0.287204 0.205323 0.105982 0.0125
9 -0.261417 0.199821 0.132511 0.0125
2 -0.207901 0.192479 0.17706 0.0125
19 -0.0283381 0.156802 0.0330156 0.0125
8 -0.23425 0.198088 0.160371 0.0125
12 -0.180449 0.187673 0.170931 0.0125
13 -0.154642 0.18514 0.172927 0.0125
14 -0.134743 0.179393 0.171619 0.0125
5 -0.113531 0.16693 0.169388 0.0125
15 -0.159506 0.189069 0.133127 0.0125
16 -0.0978006 0.177283 0.0657827 0.0125
17 -0.0689317 0.167924 0.0453393 0.0125
18 -0.0496273 0.161431 0.0387816 0.0125
20 -0.00984908 0.148122 0.0275546 0.0125
e_2_8 2 8 1 0.0125 -0.221076 0.195283 0.168716 0.377949 0.396771 -0.778386 -0.306339 0.031689
e_8_9 8 9 2 0.0125 -0.247834 0.198954 0.146441 0.310002 0.478445 -0.792919 -0.215104 0.038952
e_9_10 9 10 3 0.0125 -0.27431 0.202571 0.119246 0.290525 0.438513 -0.81384 -0.246912 0.037403
e_10_11 10 11 4 0.0125 -0.293086 0.209158 0.0975635 0.191404 0.362888 -0.867334 -0.281796 0.021926
e_11_6 11 6 5 0.0125 -0.305029 0.214163 0.0812584 0.248668 0.463673 -0.823866 -0.210752 0.02003
e_2_12 2 12 1 0.0125 -0.194176 0.190076 0.173996 0.309098 0.734061 0.261784 0.545052 0.028536
e_12_13 12 13 2 0.0125 -0.167546 0.186407 0.171929 0.72981 0.13584 0.66572 0.0757669 0.026008
e_13_14 13 14 3 0.0125 -0.144692 0.182266 0.172273 0.566478 0.560553 0.466149 0.384173 0.020753
e_14_5 14 5 4 0.0125 -0.124137 0.173162 0.170503 0.547626 0.675268 0.2986 0.393645 0.024703
e_2_15 2 15 1 0.0125 -0.183704 0.190774 0.155094 -0.258272 0.661976 -0.6304 0.312537 0.065451
e_15_16 15 16 2 0.0125 -0.128654 0.183176 0.0994547 -0.183385 0.703973 -0.608311 0.317411 0.092096
e_16_17 16 17 3 0.0125 -0.0833661 0.172603 0.0555612 -0.0402285 0.813379 -0.343151 0.468022 0.036591
e_17_18 17 18 4 0.0125 -0.0592795 0.164678 0.0420605 0.240322 0.80453 0.0773999 0.537574 0.021397
e_18_19 18 19 5 0.0125 -0.0389827 0.159116 0.0358982 0.251185 0.774953 0.165446 0.555861 0.022537
e_19_20 19 20 6 0.0125 -0.0190936 0.152462 0.0302847 0.356037 0.779572 0.1463 0.494067 0.021143
e_20_21 20 21 7 0.0125 -0.00221259 0.141685 0.0264341 0.55242 0.717157 0.203571 0.372931 0.020101
e_21_1 21 1 8 0.0125 0.0107809 0.126409 0.0249253 0.638707 0.712796 0.103307 0.270745 0.020684
e_1_22 1 22 1 0.0125 0.00347358 0.117529 0.0388459 0.81523 0.174608 -0.308393 -0.458045 0.038215
e_22_23 22 23 2 0.0125 -0.0157232 0.114487 0.0603196 0.848978 0.284273 -0.257244 -0.363664 0.020302
e_23_24 23 24 3 0.0125 -0.0291383 0.108574 0.0747398 0.844167 0.282622 -0.268167 -0.36823 0.020827
e_24_4 24 4 4 0.0125 -0.0447233 0.103753 0.0872136 0.780197 0.308271 -0.390047 -0.379638 0.020656
e_1_25 1 25 1 0.0125 0.0269011 0.119434 0.0230626 0.19193 -0.747096 0.093532 -0.629493 0.022046
e_25_26 25 26 2 0.0125 0.0559624 0.126888 0.0234213 0.420797 -0.640836 0.204053 -0.608788 0.038439
e_26_3 26 3 3 0.0125 0.0908575 0.142646 0.0286382 0.30533 -0.637485 -0.0893314 -0.701717 0.039514
6 24 23
3 -0.0378088 -0.0963235 0.0148624 0.0125
25 -0.0189214 -0.1029 0.01494 0.0125
24 -0.00205234 -0.11354 0.0134483 0.0125
23 0.0150868 -0.123777 0.0146579 0.0125
22 0.0314505 -0.135159 0.0130235 0.0125
4 -0.00079054 -0.141428 0.0981035 0.0125
21 0.0104641 -0.142483 0.0810659 0.0125
20 0.022779 -0.139993 0.0652152 0.0125
11 -0.218378 -0.251398 0.0367956 0.0125
6 -0.0772608 -0.288044 0.0164569 0.0125
10 -0.0975521 -0.287585 0.0148585 0.0125
9 -0.146344 -0.275157 0.0146267 0.0125
2 -0.224656 -0.271652 0.0143291 0.0125
19 0.0349873 -0.142139 0.0338547 0.0125
8 -0.177051 -0.268476 0.0120927 0.0125
12 -0.202715 -0.226902 0.0591441 0.0125
5 -0.181004 -0.209267 0.0755661 0.0125
13 -0.147284 -0.252932 0.0124851 0.0125
14 -0.0750742 -0.223815 0.0214603 0.0125
15 -0.0443472 -0.21159 0.0223286 0.0125
16 -0.0216123 -0.199942 0.020062 0.0125
17 0.00221287 -0.178478 0.0169376 0.0125
18 0.0269361 -0.162077 0.0154471 0.0125
1 0.0443434 -0.150372 0.0114857 0.0125
e_2_8 2 8 1 0.0125 -0.200853 -0.270065 0.0132113 0.41885 0.54461 0.476243 0.548778 0.047763
e_8_9 8 9 2 0.0125 -0.161698 -0.271817 0.0133596 0.530868 0.562369 0.378898 0.508288 0.031527
e_9_10 9 10 3 0.0125 -0.121948 -0.281371 0.0147427 0.517089 0.59457 0.379715 0.484687 0.050351
e_10_6 10 6 4 0.0125 -0.0874062 -0.287814 0.0156578 0.48163 0.522349 0.433473 0.554333 0.020359
e_2_11 2 11 1 0.0125 -0.221517 -0.261525 0.0255623 0.506043 -0.10038 0.355408 0.779442 0.030894
e_11_12 11 12 2 0.0125 -0.210546 -0.23915 0.0479704 0.447352 0.0206847 0.441423 0.777557 0.036672
e_12_5 12 5 3 0.0125 -0.191859 -0.218085 0.0673551 0.451666 0.166276 0.46819 0.741045 0.032434
e_2_13 2 13 1 0.0125 -0.185971 -0.262292 0.0134071 0.376846 0.494764 0.516516 0.588564 0.079625
e_13_14 13 14 2 0.0125 -0.11118 -0.238374 0.0169732 0.378345 0.405863 0.527272 0.643517 0.078375
e_14_15 14 15 3 0.0125 -0.0597107 -0.217703 0.0218944 0.350189 0.439483 0.541971 0.624892 0.033081
e_15_16 15 16 4 0.0125 -0.0329797 -0.205766 0.0211953 0.28215 0.455871 0.579987 0.613342 0.025645
e_16_17 16 17 5 0.0125 -0.00970008 -0.189209 0.0184993 0.192142 0.385517 0.632337 0.6439 0.032219
e_17_18 17 18 6 0.0125 0.0145742 -0.170278 0.0161923 0.258373 0.409614 0.597758 0.638862 0.029706
e_18_1 18 1 7 0.0125 0.0356395 -0.156225 0.0134663 0.210398 0.461523 0.616259 0.602457 0.021347
e_1_19 1 19 1 0.0125 0.0396646 -0.146256 0.0226701 0.774712 -0.246073 -0.0515274 0.580185 0.025607
e_19_20 19 20 2 0.0125 0.0288828 -0.141067 0.0495354 0.860957 -0.117127 -0.145902 0.473018 0.033721
e_20_21 20 21 3 0.0125 0.0166216 -0.141238 0.07314 0.90764 -0.0263873 -0.327819 0.260822 0.020226
e_21_4 21 4 4 0.0125 0.00483638 -0.141955 0.0895847 0.880088 -0.137971 -0.253645 0.376927 0.020447
e_1_22 1 22 1 0.0125 0.0378965 -0.142765 0.0122551 -0.129831 -0.340607 0.587817 0.72222 0.02
e_22_23 22 23 2 0.0125 0.0232682 -0.129468 0.0138412 0.426093 -0.677563 -0.00690602 0.599421 0.02
e_23_24 23 24 3 0.0125 0.00651751 -0.118658 0.0140532 -0.269867 0.721686 -0.0970799 -0.630014 0.02
e_24_25 24 25 4 0.0125 -0.0104863 -0.10822 0.0141947 0.657449 -0.579883 -0.355562 0.324148 0.02
e_25_3 25 3 5 0.0125 -0.0283648 -0.0996121 0.0149017 0.460536 0.354958 -0.613149 -0.534753 0.02
7 24 23
3 -0.0734748 0.116677 0.0340253 0.0125
25 -0.0743929 0.109402 0.0526327 0.0125
24 -0.078995 0.104943 0.0715783 0.0125
23 -0.0834607 0.100322 0.0905176 0.0125
22 -0.0884976 0.0965881 0.10951 0.0125
4 -0.187337 0.119695 0.10953 0.0125
21 -0.154379 0.1219 0.115495 0.0125
20 -0.133516 0.116318 0.119497 0.0125
5 0.031899 -0.251342 0.0881109 0.0125
10 0.0158108 -0.214164 0.0627879 0.0125
6 -0.0164886 -0.184909 0.185708 0.0125
9 0.00762214 -0.191579 0.0509444 0.0125
2 0.00647157 -0.168556 0.0401766 0.0125
19 -0.114156 0.105226 0.122461 0.0125
8 -0.0167571 -0.185561 0.130756 0.0125
11 -0.0215519 -0.0530116 0.0811894 0.0125
12 -0.0265425 -0.03209 0.0886555 0.0125
13 -0.03734 -0.00685484 0.101768 0.0125
14 -0.0482165 0.00919459 0.107359 0.0125
15 -0.0548034 0.0261967 0.116109 0.0125
16 -0.0652235 0.04314 0.120446 0.0125
17 -0.0775714 0.0588501 0.123828 0.0125
18 -0.0868029 0.076492 0.125835 0.0125
1 -0.0959908 0.0941434 0.12789 0.0125
e_2_8 2 8 1 0.0125 -0.00514273 -0.177059 0.0854665 0.981059 0.0750466 -0.133623 0.118476 0.095044
e_8_6 8 6 2 0.0125 -0.0166227 -0.185235 0.158231 0.990956 -0.00554794 0.00321861 0.134035 0.054956
e_2_9 2 9 1 0.0125 0.00704673 -0.180068 0.045561 0.823989 0.529641 -0.0887074 0.180701 0.025442
e_9_10 9 10 2 0.0125 0.0117161 -0.202871 0.0568655 0.823235 0.525478 0.052745 0.208268 0.026784
e_10_5 10 5 3 0.0125 0.0238543 -0.232753 0.0754493 0.849192 0.478033 0.0803234 0.209537 0.047774
e_2_11 2 11 1 0.0125 -0.00754064 -0.110784 0.0606828 0.814207 -0.562271 -0.144237 -0.0107223 0.12577
e_11_12 11 12 2 0.0125 -0.0240474 -0.0425503 0.0849226 0.814782 -0.562159 -0.141442 -0.0100657 0.022767
e_12_13 12 13 3 0.0125 -0.0319419 -0.0194721 0.0952116 0.845846 -0.488242 -0.214693 -0.00842246 0.030419
e_13_14 13 14 4 0.0125 -0.0427781 0.00117021 0.104564 0.797936 -0.478718 -0.363675 -0.0432155 0.020178
e_14_15 14 15 5 0.0125 -0.0515098 0.017696 0.111735 0.846321 -0.495352 -0.19579 -0.0057351 0.020223
e_15_16 15 16 6 0.0125 -0.0600137 0.0346678 0.118277 0.777119 -0.511503 -0.363071 -0.0512897 0.020358
e_16_17 16 17 7 0.0125 -0.0713976 0.0509955 0.122137 0.761271 -0.4732 -0.438929 -0.062364 0.020266
e_17_18 17 18 8 0.0125 -0.082187 0.0676712 0.124831 0.738875 -0.56475 -0.361805 -0.0649459 0.020012
e_18_1 18 1 9 0.0125 -0.0913967 0.085318 0.126863 0.739748 -0.565039 -0.359653 -0.0644435 0.020005
e_1_19 1 19 1 0.0125 -0.105073 0.0996846 0.125176 0.60314 -0.281018 -0.738006 -0.112244 0.021961
e_19_20 19 20 2 0.0125 -0.123835 0.110773 0.120979 0.651742 -0.273807 -0.700612 -0.0969767 0.022508
e_20_21 20 21 3 0.0125 -0.143948 0.119109 0.117497 0.63399 -0.100252 -0.762278 -0.0832959 0.021965
e_21_4 21 4 4 0.0125 -0.170858 0.120797 0.112512 0.639413 0.108256 -0.759697 -0.0478725 0.033566
e_1_22 1 22 1 0.0125 -0.0922443 0.0953655 0.118701 -0.0151311 0.951464 0.232925 0.200582 0.02
e_22_23 22 23 2 0.0125 -0.0859796 0.0984554 0.100013 -0.115423 0.972037 -0.173036 0.108993 0.02
e_23_24 23 24 3 0.0125 -0.0812277 0.102633 0.0810475 -0.147331 0.934006 -0.31798 0.0693854 0.02
e_24_25 24 25 4 0.0125 -0.076694 0.107173 0.0621055 -0.141438 0.946071 -0.280345 0.0797026 0.02
e_25_3 25 3 5 0.0125 -0.073934 0.113039 0.0433282 -0.0475357 0.129443 -0.973875 -0.180425 0.02
8 17 16
3 -0.15519 -0.118534 0.107466 0.0125
11 0.100944 -0.0113933 0.0612376 0.0125
6 0.175859 -0.105867 0.0220812 0.0125
10 0.168295 -0.0929876 0.0403256 0.0125
9 0.152109 -0.0633972 0.0645339 0.0125
2 0.110963 0.00835824 0.0817654 0.0125
8 0.140314 -0.0406027 0.0737049 0.0125
5 0.0949311 -0.0599698 0.0114724 0.0125
12 0.0711599 -0.0385016 0.0885605 0.0125
13 -0.037885 -0.140671 0.0883113 0.0125
14 -0.0701093 -0.172256 0.0854245 0.0125
15 -0.0890551 -0.18382 0.0789432 0.0125
1 -0.103543 -0.196677 0.0726241 0.0125
18 -0.142579 -0.135138 0.0991663 0.0125
16 -0.117706 -0.216115 0.0707468 0.0125
17 -0.134274 -0.235741 0.0704311 0.0125
4 -0.167926 -0.272773 0.0665314 0.0125
e_2_8 2 8 1 0.0125 0.125639 -0.0161228 0.0777349 0.653768 0.676108 0.335837 0.0517561 0.057651
e_8_9 8 9 2 0.0125 0.146211 -0.0519994 0.0691197 0.573851 0.755634 0.311863 0.0495322 0.027254
e_9_10 9 10 3 0.0125 0.160202 -0.0781918 0.0524294 0.450525 0.839428 0.294811 0.0739922 0.041518
e_10_6 10 6 4 0.0125 0.172076 -0.0994274 0.0312029 0.325982 0.904394 0.262616 0.0826987 0.023578
e_2_11 2 11 1 0.0125 0.105953 -0.00151727 0.0715013 0.348709 0.915604 0.0395055 -0.19624 0.030198
e_11_5 11 5 2 0.0125 0.0979376 -0.0356816 0.0363554 0.365972 0.91661 0.127654 -0.0979515 0.069802
e_2_12 2 12 1 0.0125 0.0910618 -0.0150722 0.0851622 0.615843 0.663356 -0.070978 -0.419117 0.061857
e_12_13 12 13 2 0.0125 0.0166377 -0.0895869 0.0884356 0.554553 0.69978 -0.105542 -0.437767 0.149431
e_13_14 13 14 3 0.0125 -0.0539969 -0.156464 0.0868684 0.538882 0.723022 -0.0957132 -0.421526 0.045214
e_14_15 14 15 4 0.0125 -0.079582 -0.178038 0.0821843 0.40592 0.784894 -0.155228 -0.441672 0.023123
e_15_1 15 1 5 0.0125 -0.0962993 -0.190248 0.075784 0.439961 0.803453 -0.0975886 -0.389069 0.020375
e_1_16 1 16 1 0.0125 -0.110624 -0.206396 0.0716859 0.569859 0.733011 -0.0401683 -0.369244 0.024124
e_16_17 16 17 2 0.0125 -0.12599 -0.225927 0.0705886 0.576918 0.708339 -0.066366 -0.401269 0.025686
e_17_4 17 4 3 0.0125 -0.1511 -0.254256 0.0684815 0.547171 0.730116 -0.0760241 -0.402188 0.05019
e_1_18 1 18 1 0.0125 -0.123061 -0.165908 0.0858952 0.239727 0.152031 -0.552973 -0.783351 0.077558
e_18_3 18 3 2 0.0125 -0.148884 -0.126836 0.103317 0.27732 0.17009 -0.534908 -0.779767 0.022442
9 25 24
3 -0.174467 -0.264822 0.0411655 0.0125
26 -0.176587 -0.235361 0.0450413 0.0125
25 -0.174802 -0.206444 0.0471012 0.0125
4 -0.0777487 -0.219167 0.0448324 0.0125
24 -0.0999963 -0.203716 0.0470374 0.0125
23 -0.143039 -0.180342 0.0494513 0.0125
1 -0.162346 -0.167281 0.0447266 0.0125
22 -0.177915 -0.148599 0.0467857 0.0125
21 -0.193092 -0.125437 0.0489006 0.0125
12 -0.404843 0.0626549 0.249956 0.0125
11 -0.392979 0.0619157 0.233872 0.0125
10 -0.381759 0.0608352 0.217256 0.0125
9 -0.364585 0.0636901 0.197449 0.0125
2 -0.317985 0.0532873 0.156589 0.0125
19 -0.249891 -0.0731647 0.0732834 0.0125
8 -0.337412 0.0622397 0.176281 0.0125
6 -0.419731 0.0631049 0.263306 0.0125
13 -0.303274 0.0413887 0.150108 0.0125
14 -0.29048 0.0304194 0.139338 0.0125
15 -0.277867 0.0170766 0.13141 0.0125
16 -0.26277 0.00407551 0.129655 0.0125
5 -0.252311 -0.0129112 0.128217 0.0125
17 -0.273088 -0.0380075 0.0958181 0.0125
18 -0.263157 -0.0564784 0.0836556 0.0125
20 -0.211774 -0.109114 0.0528117 0.0125
e_2_8 2 8 1 0.0125 -0.327698 0.0577635 0.166435 0.906555 -0.218064 -0.337341 0.129645 0.029073
e_8_9 8 9 2 0.0125 -0.350998 0.0629649 0.186865 0.874985 -0.122181 -0.421995 0.203452 0.034476
e_9_10 9 10 3 0.0125 -0.373172 0.0622633 0.207352 0.90558 -0.0315983 -0.351355 0.235534 0.026371
e_10_11 10 11 4 0.0125 -0.387369 0.0613757 0.225564 0.93703 -0.0854126 -0.280929 0.189099 0.020078
e_11_12 11 12 5 0.0125 -0.398911 0.0622849 0.241914 0.929449 -0.0833349 -0.301591 0.195507 0.020001
e_12_6 12 6 6 0.0125 -0.412287 0.0628801 0.256631 0.889358 -0.104291 -0.394221 0.206773 0.020001
e_2_13 2 13 1 0.0125 -0.31063 0.0473384 0.153349 0.235015 0.785481 -0.212255 0.531728 0.02
e_13_14 13 14 2 0.0125 -0.296877 0.035904 0.144724 -0.156333 0.443791 -0.756506 0.454211 0.02
e_14_15 14 15 3 0.0125 -0.284173 0.0237482 0.135374 0.104908 0.679416 -0.486408 0.539254 0.02
e_15_16 15 16 4 0.0125 -0.270318 0.0105755 0.130532 0.506742 0.730526 0.101164 0.446441 0.02
e_16_5 16 5 5 0.0125 -0.257541 -0.00441702 0.128936 0.440109 0.695702 -0.227844 0.51999 0.02
e_2_17 2 17 1 0.0125 -0.295536 0.0076391 0.126204 0.0511328 0.462605 -0.736479 0.490897 0.118507
e_17_18 17 18 2 0.0125 -0.268122 -0.0472427 0.0897372 0.0494119 0.483878 -0.71883 0.496694 0.024242
e_18_19 18 19 3 0.0125 -0.256524 -0.0648209 0.0784696 0.0655129 0.605527 -0.593374 0.526263 0.023707
e_19_20 19 20 4 0.0125 -0.230832 -0.0911399 0.063047 0.152757 0.731779 -0.382705 0.542865 0.056252
e_20_21 20 21 5 0.0125 -0.202433 -0.117276 0.0508562 0.441044 0.759876 0.0213303 0.477089 0.025115
e_21_22 21 22 6 0.0125 -0.185503 -0.137017 0.0478432 0.44016 0.703697 -0.2071 0.51786 0.027772
e_22_1 22 1 7 0.0125 -0.170131 -0.157939 0.0457564 0.45452 0.729177 -0.1024 0.501225 0.024406
e_1_23 1 23 1 0.0125 -0.152693 -0.173811 0.0470895 0.718609 0.524247 0.354744 0.287964 0.023784
e_23_24 23 24 2 0.0125 -0.121518 -0.192029 0.0482447 0.636285 0.564143 0.454263 0.265572 0.04904
e_24_4 24 4 3 0.0125 -0.0888723 -0.211441 0.0459352 0.562147 0.685239 0.266483 0.378714 0.027176
e_1_25 1 25 1 0.0125 -0.168574 -0.186863 0.0459142 0.555836 0.365821 -0.580801 0.468926 0.041165
e_25_26 25 26 2 0.0125 -0.175695 -0.220902 0.0460718 0.461088 0.460899 -0.568362 0.50193 0.029045
e_26_3 26 3 3 0.0125 -0.175527 -0.250091 0.0431037 0.411141 0.50959 -0.552602 0.515666 0.02979
10 22 21
3 -0.200895 -0.158298 0.0693019 0.0125
23 -0.187969 -0.131877 0.072454 0.0125
22 -0.177838 -0.113858 0.0757194 0.0125
4 -0.0835252 -0.0421645 0.0158531 0.0125
21 -0.0966223 -0.0496798 0.0352536 0.0125
20 -0.117417 -0.0588899 0.0536115 0.0125
11 -0.373256 -0.284099 0.128381 0.0125
10 -0.363666 -0.282363 0.148311 0.0125
6 -0.249248 -0.376109 0.253084 0.0125
9 -0.272342 -0.349541 0.240569 0.0125
2 -0.33678 -0.268279 0.196653 0.0125
19 -0.167323 -0.0815366 0.089822 0.0125
8 -0.299961 -0.314747 0.222711 0.0125
5 -0.382041 -0.287137 0.109847 0.0125
12 -0.312373 -0.22619 0.173232 0.0125
13 -0.264357 -0.157625 0.133603 0.0125
14 -0.252539 -0.13788 0.125879 0.0125
15 -0.232281 -0.121296 0.117028 0.0125
16 -0.215544 -0.110323 0.111646 0.0125
17 -0.198784 -0.101584 0.103552 0.0125
18 -0.182171 -0.0936035 0.0956888 0.0125
1 -0.150586 -0.0730993 0.0824434 0.0125
e_2_8 2 8 1 0.0125 -0.31837 -0.291513 0.209682 0.603825 0.544154 -0.0520457 0.580158 0.06476
e_8_9 8 9 2 0.0125 -0.286152 -0.332144 0.23164 0.590207 0.556713 -0.0598201 0.581504 0.047879
e_9_6 9 6 3 0.0125 -0.260795 -0.362825 0.246827 0.571987 0.574801 -0.0459088 0.583376 0.037361
e_2_10 2 10 1 0.0125 -0.350223 -0.275322 0.172482 0.24408 -0.00740306 -0.960937 0.130268 0.057081
e_10_11 10 11 2 0.0125 -0.368461 -0.283231 0.138346 0.216339 -0.10323 -0.968771 0.0634304 0.022185
e_11_5 11 5 3 0.0125 -0.377648 -0.285618 0.119114 0.212875 -0.057591 -0.9714 0.0880364 0.020735
e_2_12 2 12 1 0.0125 -0.324577 -0.247235 0.184943 0.450839 -0.846181 -0.0291588 -0.282616 0.053997
e_12_13 12 13 2 0.0125 -0.288365 -0.191907 0.153418 0.454766 -0.843597 0.0478424 -0.281501 0.092613
e_13_14 13 14 3 0.0125 -0.258448 -0.147753 0.129741 0.539777 -0.802954 0.119935 -0.222534 0.024274
e_14_15 14 15 4 0.0125 -0.24241 -0.129587 0.121454 0.569263 -0.638136 0.502903 -0.125742 0.027636
e_15_16 15 16 5 0.0125 -0.223912 -0.115809 0.114337 0.608339 -0.42634 0.669398 0.00804758 0.020725
e_16_17 16 17 6 0.0125 -0.207165 -0.105954 0.107599 0.550432 -0.366534 0.749981 0.0143284 0.020561
e_17_18 17 18 7 0.0125 -0.190478 -0.0975941 0.0996202 0.5463 -0.258313 0.793399 0.0731342 0.020038
e_18_19 18 19 8 0.0125 -0.174747 -0.0875704 0.0927556 0.586001 -0.60495 0.529736 -0.10009 0.020013
e_19_1 19 1 9 0.0125 -0.158954 -0.0773176 0.0861331 0.559373 -0.287397 0.774957 0.0628185 0.020144
e_1_20 1 20 1 0.0125 -0.134001 -0.0659938 0.0680273 -0.291864 -0.373497 -0.820128 -0.320478 0.046187
e_20_21 20 21 2 0.0125 -0.10702 -0.0542852 0.0444322 -0.259655 -0.438649 -0.788444 -0.344271 0.029228
e_21_4 21 4 3 0.0125 -0.0900734 -0.0459225 0.0255535 -0.215926 -0.299665 -0.897087 -0.24251 0.024585
e_1_22 1 22 1 0.0125 -0.164213 -0.0934785 0.0790809 0.525487 0.249191 -0.711221 0.394881 0.04949
e_22_23 22 23 2 0.0125 -0.182903 -0.122868 0.0740861 0.506833 0.284005 -0.705235 0.406331 0.020928
e_23_3 23 3 3 0.0125 -0.194432 -0.145088 0.0708776 0.516569 0.308953 -0.676627 0.424123 0.029582
11 31 30
3 -0.0562823 -0.209726 0.0805649 0.0125
32 -0.0739213 -0.219151 0.0804502 0.0125
31 -0.091497 -0.228662 0.0812639 0.0125
30 -0.108815 -0.235619 0.0884521 0.0125
29 -0.1267 -0.242284 0.0944264 0.0125
4 -0.069375 -0.277988 0.0388599 0.0125
28 -0.0813898 -0.272989 0.0540471 0.0125
27 -0.0976403 -0.268914 0.0649707 0.0125
26 -0.113934 -0.265167 0.0759464 0.0125
25 -0.129182 -0.257773 0.0865675 0.0125
1 -0.144384 -0.251041 0.097686 0.0125
24 -0.132322 -0.235503 0.102118 0.0125
23 -0.11801 -0.221562 0.104462 0.0125
22 -0.1041 -0.206686 0.108509 0.0125
21 -0.092785 -0.189804 0.109117 0.0125
6 -0.0372782 0.0645817 0.163714 0.0125
11 -0.0299747 0.0565433 0.145915 0.0125
10 -0.0199687 0.0425296 0.128578 0.0125
9 -0.00771689 0.023894 0.111334 0.0125
2 0.0435277 -0.0239466 0.0808875 0.0125
19 -0.0697023 -0.144021 0.103468 0.0125
8 0.0111802 0.00388726 0.0987367 0.0125
12 0.0330484 -0.0172236 0.0652355 0.0125
13 0.0225092 -0.0102507 0.0497341 0.0125
14 0.0119459 0.000904204 0.0369279 0.0125
15 0.00300944 0.0120997 0.0229705 0.0125
5 -0.00765735 0.0244576 0.0114163 0.0125
16 0.00821902 -0.0612536 0.0910565 0.0125
17 -0.0157201 -0.0865679 0.098289 0.0125
18 -0.0530372 -0.125005 0.102383 0.0125
20 -0.0828315 -0.171855 0.107729 0.0125
e_2_8 2 8 1 0.0125 0.027354 -0.0100297 0.0898128 0.829591 -0.325532 -0.44843 -0.0686902 0.046256
e_8_9 8 9 2 0.0125 0.00173209 0.0138902 0.105035 0.837932 -0.357075 -0.405466 -0.07723 0.030266
e_9_10 9 10 3 0.0125 -0.0138421 0.033212 0.119956 0.895684 -0.351201 -0.266109 -0.0599543 0.028192
e_10_11 10 11 4 0.0125 -0.0249717 0.0495364 0.137247 0.923846 -0.301367 -0.233269 -0.0356585 0.024435
e_11_6 11 6 5 0.0125 -0.0336264 0.0605625 0.154815 0.962657 -0.202148 -0.179792 0.010153 0.02085
e_2_12 2 12 1 0.0125 0.0382877 -0.0205852 0.0730612 0.310717 -0.214809 -0.919329 -0.110212 0.02
e_12_13 12 13 2 0.0125 0.0277789 -0.0137376 0.0574841 0.315703 -0.224375 -0.914983 -0.113108 0.02
e_13_14 13 14 3 0.0125 0.0172284 -0.00467359 0.0433309 0.393439 -0.377631 -0.823129 -0.158302 0.02
e_14_15 14 15 4 0.0125 0.00747836 0.00650209 0.0299491 0.349373 -0.395377 -0.83223 -0.170316 0.02
e_15_5 15 5 5 0.0125 -0.00232384 0.0182782 0.0171934 0.428117 -0.415627 -0.784927 -0.166911 0.02
e_2_16 2 16 1 0.0125 0.0258737 -0.0426001 0.0859723 0.751917 0.348035 -0.530821 0.178103 0.052363
e_16_17 16 17 2 0.0125 -0.00375084 -0.0739108 0.0946731 0.754916 0.346726 -0.527402 0.178129 0.035584
e_17_18 17 18 3 0.0125 -0.034379 -0.105787 0.100336 0.712206 0.360059 -0.576417 0.175677 0.053728
e_18_19 18 19 4 0.0125 -0.0613697 -0.134513 0.102926 0.69812 0.386441 -0.57378 0.184577 0.025308
e_19_20 19 20 5 0.0125 -0.0762667 -0.157937 0.105599 0.717848 0.479784 -0.448601 0.230778 0.031068
e_20_21 20 21 6 0.0125 -0.0878078 -0.18083 0.108423 0.696259 0.468869 -0.496431 0.221228 0.020572
e_21_22 21 22 7 0.0125 -0.0984424 -0.198245 0.108812 0.665044 0.450496 -0.558546 0.206874 0.020331
e_22_23 22 23 8 0.0125 -0.111055 -0.214123 0.106486 0.610082 0.397992 -0.662625 0.174158 0.020765
e_23_24 23 24 9 0.0125 -0.125166 -0.228532 0.10329 0.643191 0.369631 -0.649324 0.167499 0.020116
e_24_1 24 1 10 0.0125 -0.138353 -0.243272 0.0999021 0.594802 0.44141 -0.644255 0.190533 0.020164
e_1_25 1 25 1 0.0125 -0.136784 -0.254406 0.0921264 0.286265 0.857561 0.206265 0.374295 0.02
e_25_26 25 26 2 0.0125 -0.121558 -0.26147 0.0812569 0.307885 0.850369 0.205911 0.373737 0.02
e_26_27 26 27 3 0.0125 -0.105788 -0.26704 0.0704582 0.310677 0.777706 0.411792 0.359278 0.02
e_27_28 27 28 4 0.0125 -0.0895149 -0.270952 0.0595089 0.310352 0.786365 0.393329 0.361393 0.02
e_28_4 28 4 5 0.0125 -0.0753828 -0.275489 0.0464532 0.0528957 0.910775 -0.224 0.342805 0.02
e_1_29 1 29 1 0.0125 -0.135542 -0.246663 0.0960562 0.645996 -0.374544 0.664231 -0.0346887 0.02
e_29_30 29 30 2 0.0125 -0.117758 -0.238952 0.0914392 0.592144 -0.277171 0.756657 0.00331823 0.02
e_30_31 30 31 3 0.0125 -0.100155 -0.232141 0.084858 0.565449 -0.339053 0.751498 -0.0236878 0.02
e_31_32 31 32 4 0.0125 -0.0827088 -0.223907 0.0808574 0.691829 -0.372367 0.617806 -0.0320983 0.02
e_32_3 32 3 5 0.0125 -0.0651017 -0.214439 0.0805075 0.708759 -0.352319 0.610738 -0.0230535 0.02
12 20 19
3 -0.0544803 0.278985 0.0720662 0.0125
21 0.00427727 0.253241 0.0683424 0.0125
4 0.07731 0.196765 0.138233 0.0125
20 0.0698709 0.208384 0.114257 0.0125
11 0.198909 -0.0249251 0.0608608 0.0125
6 0.171478 -0.132307 0.140688 0.0125
10 0.178867 -0.105364 0.122658 0.0125
9 0.180099 -0.0637417 0.0907808 0.0125
2 0.185798 -0.0120693 0.052934 0.0125
19 0.04376 0.225934 0.0611353 0.0125
8 0.183151 -0.0392473 0.0726263 0.0125
12 0.207729 -0.0397771 0.0709419 0.0125
13 0.211185 -0.0564806 0.0813846 0.0125
14 0.213204 -0.075169 0.0882148 0.0125
5 0.215134 -0.0939284 0.0948754 0.0125
15 0.09834 0.129312 0.0526759 0.0125
16 0.0785163 0.162857 0.0533345 0.0125
17 0.0670171 0.183199 0.0554353 0.0125
18 0.0562529 0.203255 0.0582665 0.0125
1 0.0390179 0.247743 0.0619904 0.0125
e_2_8 2 8 1 0.0125 0.184474 -0.0256585 0.0627794 0.889228 0.450868 -0.0653034 0.0415696 0.033667
e_8_9 8 9 2 0.0125 0.181624 -0.0514948 0.081703 0.891441 0.444978 -0.0757535 0.0398508 0.03064
e_9_10 9 10 3 0.0125 0.179483 -0.0845521 0.106719 0.895103 0.441091 -0.0388331 0.0521735 0.052442
e_10_6 10 6 4 0.0125 0.175172 -0.118835 0.131674 0.877968 0.45878 -0.135617 0.0173271 0.033251
e_2_11 2 11 1 0.0125 0.192354 -0.0184974 0.0568967 0.822628 0.447446 0.318794 0.146447 0.02
e_11_12 11 12 2 0.0125 0.203319 -0.0323507 0.0659009 0.859707 0.457804 0.19591 0.113751 0.02
e_12_13 12 13 3 0.0125 0.209457 -0.048128 0.076163 0.869587 0.485066 0.0603531 0.0699016 0.02
e_13_14 13 14 4 0.0125 0.212195 -0.0658245 0.0848003 0.818104 0.572729 0.0348569 0.038378 0.02
e_14_5 14 5 5 0.0125 0.214169 -0.084549 0.0915455 0.815566 0.576545 0.0331173 0.0367701 0.02
e_2_15 2 15 1 0.0125 0.142069 0.0586212 0.0528053 0.687508 -0.671454 -0.223444 0.162958 0.166246
e_15_16 15 16 2 0.0125 0.0884284 0.146084 0.0530056 0.692502 -0.67121 -0.202567 0.169955 0.03897
e_16_17 16 17 3 0.0125 0.0727665 0.173027 0.0543851 0.716794 -0.649589 -0.182396 0.175992 0.023461
e_17_18 17 18 4 0.0125 0.0616354 0.193227 0.0568507 0.72692 -0.642006 -0.161627 0.182462 0.022938
e_18_19 18 19 5 0.0125 0.0500067 0.214595 0.0597003 0.723143 -0.644524 -0.171805 0.179267 0.02605
e_19_1 19 1 6 0.0125 0.0413894 0.236838 0.0615627 0.671082 -0.684755 0.109407 0.262276 0.022335
e_1_20 1 20 1 0.0125 0.0544444 0.228064 0.0881237 0.917037 0.324947 0.182046 0.142522 0.072338
e_20_4 20 4 2 0.0125 0.0735903 0.202575 0.126244 0.955638 0.235475 0.105746 0.141868 0.027662
e_1_21 1 21 1 0.0125 0.0216479 0.250491 0.0651665 0.765008 -0.0502239 -0.639229 -0.0602212 0.035742
e_21_3 21 3 2 0.0125 -0.0251014 0.266113 0.070205 0.726642 -0.248326 -0.639813 -0.031064 0.064258
13 24 23
3 0.128775 0.345012 0.227305 0.0125
25 0.101561 0.326768 0.222658 0.0125
24 0.069138 0.302511 0.213632 0.0125
4 0.111916 0.247442 0.143394 0.0125
23 0.0971778 0.259856 0.169001 0.0125
22 0.0681426 0.278217 0.193316 0.0125
1 0.0494222 0.287232 0.208719 0.0125
21 0.0528126 0.268755 0.201228 0.0125
6 0.0914464 -0.0896509 0.0403247 0.0125
11 0.0843733 -0.0708305 0.0407624 0.0125
10 0.0779918 -0.0510065 0.041128 0.0125
9 0.0711701 -0.0320501 0.0406965 0.0125
2 0.0334722 0.0480864 0.0348324 0.0125
19 0.0500113 0.227998 0.1806 0.0125
8 0.0639436 -0.0120394 0.0403373 0.0125
12 0.0358935 0.0593548 0.0511771 0.0125
13 0.0372985 0.0686579 0.0688264 0.0125
14 0.0404561 0.0761054 0.0871169 0.0125
15 0.0428075 0.0843659 0.105179 0.0125
5 0.0396107 0.0936933 0.122579 0.0125
16 0.0390698 0.129468 0.11158 0.0125
17 0.0398048 0.146102 0.130217 0.0125
18 0.0495655 0.208788 0.17119 0.0125
20 0.0512565 0.251138 0.190663 0.0125
e_2_8 2 8 1 0.0125 0.0487083 0.0180235 0.0375847 0.684306 0.45046 0.506352 -0.269108 0.067631
e_8_9 8 9 2 0.0125 0.067557 -0.0220451 0.0405173 0.663284 0.525958 0.463578 -0.261761 0.021279
e_9_10 9 10 3 0.0125 0.074581 -0.0415276 0.0409122 0.665643 0.526907 0.460099 -0.259996 0.020151
e_10_11 10 11 4 0.0125 0.0811828 -0.0609186 0.0409444 0.649528 0.547091 0.45766 -0.26335 0.020829
e_11_6 11 6 5 0.0125 0.0879101 -0.0802408 0.0405427 0.641719 0.513973 0.496714 -0.278036 0.02011
e_2_12 2 12 1 0.0125 0.0346824 0.0537206 0.0430049 0.949859 -0.289193 0.0880507 0.0798914 0.02
e_12_13 12 13 2 0.0125 0.0365954 0.0640066 0.0600015 0.966207 -0.235456 0.0577012 0.0876075 0.02
e_13_14 13 14 3 0.0125 0.0388772 0.0723812 0.0779714 0.976385 -0.184734 0.0927319 0.0628193 0.02
e_14_15 14 15 4 0.0125 0.041632 0.0802357 0.0961485 0.972644 -0.206499 0.076211 0.0742466 0.02
e_15_5 15 5 5 0.0125 0.0412087 0.08903 0.113879 0.956609 -0.250638 -0.0465736 0.141109 0.02
e_2_16 2 16 1 0.0125 0.0362714 0.0887776 0.0732061 0.912288 -0.390326 0.0709157 0.101721 0.112002
e_16_17 16 17 2 0.0125 0.0394371 0.137784 0.120898 0.928413 -0.352199 0.0554809 0.104532 0.024991
e_17_18 17 18 3 0.0125 0.044685 0.177444 0.150703 0.873974 -0.463072 0.119603 0.0861882 0.075523
e_18_19 18 19 4 0.0125 0.0497883 0.218393 0.175895 0.841067 -0.522845 0.0819699 0.111894 0.021396
e_19_20 19 20 5 0.0125 0.0506339 0.239568 0.185632 0.82948 -0.539588 0.09834 0.105529 0.025264
e_20_21 20 21 6 0.0125 0.0520344 0.259947 0.195945 0.864059 -0.483536 0.0990574 0.0989058 0.0206
e_21_1 21 1 7 0.0125 0.0511176 0.277994 0.204972 0.81318 -0.561058 0.00369013 0.154721 0.020224
e_1_22 1 22 1 0.0125 0.0587828 0.282724 0.201017 0.302421 -0.334979 0.827979 -0.332838 0.025864
e_22_23 22 23 2 0.0125 0.0826597 0.269037 0.181158 0.29473 -0.271438 0.845681 -0.352533 0.042088
e_23_4 23 4 3 0.0125 0.104547 0.253649 0.156197 0.0914343 -0.51833 0.794265 -0.303508 0.032048
e_1_24 1 24 1 0.0125 0.0592805 0.294871 0.211175 0.767067 -0.445385 0.452747 -0.0908915 0.025422
e_24_25 24 25 2 0.0125 0.0853493 0.314639 0.218145 0.774734 -0.431466 0.452831 -0.0925634 0.041487
e_25_3 25 3 3 0.0125 0.115167 0.33589 0.224981 0.747115 -0.440293 0.485719 -0.109716 0.033091
14 22 21
3 0.0930871 -0.168072 0.0677141 0.0125
23 0.0816408 -0.192676 0.108524 0.0125
22 0.0715774 -0.203929 0.129426 0.0125
4 0.00156516 -0.244625 0.217559 0.0125
21 0.0168576 -0.233873 0.192124 0.0125
1 0.0682114 -0.218858 0.149456 0.0125
12 -0.278316 -0.0668256 0.0394077 0.0125
11 -0.260354 -0.0630039 0.0473752 0.0125
10 -0.241295 -0.0607093 0.0531621 0.0125
9 -0.222287 -0.0565836 0.059486 0.0125
2 -0.165696 -0.0434035 0.0957178 0.0125
19 0.0148971 -0.174999 0.146534 0.0125
8 -0.193799 -0.0513344 0.071124 0.0125
6 -0.296515 -0.0670437 0.030915 0.0125
13 -0.168799 -0.0281677 0.0831381 0.0125
14 -0.17143 -0.0138558 0.0694177 0.0125
15 -0.176069 -0.00335619 0.0530394 0.0125
16 -0.179917 0.0092312 0.0379816 0.0125
5 -0.183826 0.0214242 0.0226182 0.0125
17 -0.0976985 -0.0996026 0.119378 0.0125
18 -0.00962082 -0.161944 0.135381 0.0125
20 0.0423847 -0.198619 0.152349 0.0125
e_2_8 2 8 1 0.0125 -0.179747 -0.0473692 0.0834216 0.301509 0.78625 -0.451563 -0.294947 0.038177
e_8_9 8 9 2 0.0125 -0.208043 -0.053959 0.065305 0.471704 0.565584 -0.605405 -0.301819 0.031219
e_9_10 9 10 3 0.0125 -0.231792 -0.0586467 0.0563244 0.51566 0.529881 -0.611417 -0.28194 0.020453
e_10_11 10 11 4 0.0125 -0.250825 -0.0618566 0.0502679 0.516781 0.480945 -0.642653 -0.297701 0.020049
e_11_12 11 12 5 0.0125 -0.269335 -0.0649147 0.0433911 0.459608 0.592315 -0.590066 -0.299578 0.020018
e_12_6 12 6 6 0.0125 -0.287415 -0.0669344 0.0351614 0.407862 0.556559 -0.63376 -0.349628 0.020084
e_2_13 2 13 1 0.0125 -0.167248 -0.0357855 0.0894284 -0.343395 0.596335 0.677401 0.259986 0.02
e_13_14 13 14 2 0.0125 -0.170114 -0.0210114 0.0762784 -0.336406 0.679006 0.618025 0.209349 0.02
e_14_15 14 15 3 0.0125 -0.173749 -0.00860606 0.0612288 -0.299879 0.901139 0.312098 -0.0248198 0.02
e_15_16 15 16 4 0.0125 -0.177993 0.0029379 0.045511 -0.342902 0.813313 0.46366 0.0771939 0.02
e_16_5 16 5 5 0.0125 -0.181871 0.0153276 0.0303002 -0.335389 0.832673 0.436742 0.0585304 0.02
e_2_17 2 17 1 0.0125 -0.131697 -0.071503 0.107548 0.690422 0.568595 0.217188 0.390956 0.091334
e_17_18 17 18 2 0.0125 -0.0536599 -0.130773 0.12738 0.645506 0.600399 0.257246 0.395813 0.109088
e_18_19 18 19 3 0.0125 0.00263797 -0.168472 0.140957 0.697891 0.488125 0.274657 0.446369 0.029932
e_19_20 19 20 4 0.0125 0.0286412 -0.186809 0.149442 0.662305 0.610276 0.219858 0.374938 0.036706
e_20_1 20 1 5 0.0125 0.0552981 -0.208739 0.150903 0.575789 0.691208 0.257206 0.352909 0.03294
e_1_21 1 21 1 0.0125 0.0425343 -0.226366 0.17079 0.897353 0.0839925 -0.425676 0.0806405 0.068434
e_21_4 21 4 2 0.0125 0.00921173 -0.239248 0.204842 0.930699 0.124159 -0.285811 0.191562 0.031566
e_1_22 1 22 1 0.0125 0.0698943 -0.211394 0.139441 -0.196641 0.731538 0.601795 0.253037 0.025209
e_22_23 22 23 2 0.0125 0.076609 -0.198302 0.118974 -0.0542869 0.749433 0.586236 0.30287 0.025783
e_23_3 23 3 3 0.0125 0.0873637 -0.180374 0.0881191 -0.136812 0.766342 0.573659 0.254791 0.049008
15 26 25
3 -0.192348 0.0746978 0.136762 0.0125
27 -0.168012 0.0477941 0.161806 0.0125
26 -0.148469 0.0368449 0.187038 0.0125
4 -0.0777453 -0.0415137 0.172216 0.0125
25 -0.0887144 -0.0254659 0.176923 0.0125
24 -0.0991851 -0.00959757 0.183131 0.0125
23 -0.108801 0.00653097 0.190019 0.0125
22 -0.121917 0.0201062 0.196628 0.0125
1 -0.13462 0.0336481 0.204059 0.0125
21 -0.128069 0.0468691 0.190557 0.0125
12 -0.0197258 0.173325 0.207313 0.0125
11 -0.00566318 0.181214 0.194719 0.0125
10 0.00758392 0.188674 0.181689 0.0125
9 0.0181298 0.199042 0.162526 0.0125
2 0.0472107 0.244024 0.128502 0.0125
19 -0.111512 0.0726823 0.164587 0.0125
8 0.0314218 0.220416 0.144074 0.0125
6 -0.0361778 0.166003 0.219443 0.0125
13 0.0287346 0.240672 0.121618 0.0125
14 0.00989654 0.239341 0.115033 0.0125
15 -0.00858851 0.235484 0.108443 0.0125
16 -0.0247092 0.22897 0.0985584 0.0125
5 -0.0401358 0.217962 0.0921712 0.0125
17 -0.0562383 0.151269 0.137595 0.0125
18 -0.0965293 0.0909285 0.152891 0.0125
20 -0.120874 0.0603454 0.177468 0.0125
e_2_8 2 8 1 0.0125 0.0393156 0.23222 0.136288 0.850419 0.461729 -0.215457 -0.131043 0.032391
e_8_9 8 9 2 0.0125 0.0247754 0.209729 0.1533 0.884218 0.411986 -0.186155 -0.117357 0.031208
e_9_10 9 10 3 0.0125 0.0128569 0.193858 0.172108 0.944225 0.241629 -0.213946 -0.0654424 0.024207
e_10_11 10 11 4 0.0125 0.000960229 0.184944 0.188205 0.906782 0.227016 -0.350864 -0.0557154 0.020022
e_11_12 11 12 5 0.0125 -0.0126948 0.177269 0.201016 0.896846 0.239003 -0.367568 -0.0586365 0.02046
e_12_6 12 6 6 0.0125 -0.0279514 0.169664 0.213378 0.881425 0.21472 -0.417785 -0.0494136 0.021712
e_2_13 2 13 1 0.0125 0.037972 0.242348 0.12506 0.572148 0.179471 -0.799925 -0.023602 0.02
e_13_14 13 14 2 0.0125 0.0193153 0.240007 0.118325 0.578654 0.0248461 -0.814865 0.0231915 0.02
e_14_15 14 15 3 0.0125 0.000653869 0.237413 0.111739 0.57799 0.213507 -0.786871 -0.0342929 0.02
e_15_16 15 16 4 0.0125 -0.0166493 0.232227 0.103501 0.48602 0.518719 -0.691411 -0.129096 0.02
e_16_5 16 5 5 0.0125 -0.0324229 0.223465 0.0953651 0.556129 0.649403 -0.487818 -0.176153 0.02
e_2_17 2 17 1 0.0125 -0.00451339 0.197647 0.133048 0.714174 0.551446 -0.40405 -0.150355 0.13924
e_17_18 17 18 2 0.0125 -0.0763838 0.121099 0.145243 0.758262 0.587137 -0.228297 -0.167896 0.074151
e_18_19 18 19 3 0.0125 -0.104021 0.0818049 0.158739 0.840243 0.452725 -0.270375 -0.12621 0.026348
e_19_20 19 20 4 0.0125 -0.116193 0.0665139 0.171028 0.899607 0.365016 -0.21688 -0.102148 0.020144
e_20_21 20 21 5 0.0125 -0.124472 0.0536068 0.184012 0.901508 0.390182 -0.149789 -0.112272 0.020117
e_21_1 21 1 6 0.0125 -0.131344 0.0402586 0.197309 0.908569 0.380007 -0.134282 -0.10984 0.020001
e_1_22 1 22 1 0.0125 -0.128268 0.0268771 0.200343 0.538652 0.423712 0.711533 -0.155055 0.02
e_22_23 22 23 2 0.0125 -0.115358 0.0133186 0.193323 0.558134 0.416428 0.701295 -0.15251 0.02
e_23_24 23 24 3 0.0125 -0.103993 -0.00153335 0.186574 0.542165 0.531923 0.6239 -0.184022 0.02
e_24_25 24 25 4 0.0125 -0.0939504 -0.0175312 0.180026 0.559735 0.509264 0.629164 -0.177478 0.02
e_25_4 25 4 5 0.0125 -0.08323 -0.0334893 0.17457 0.593522 0.498376 0.607676 -0.173444 0.02
e_1_26 1 26 1 0.0125 -0.141545 0.0352465 0.195549 0.207398 -0.855607 -0.389516 0.270554 0.022176
e_26_27 26 27 2 0.0125 -0.158241 0.042319 0.174422 0.216497 -0.925027 -0.135054 0.28145 0.033742
e_27_3 27 3 3 0.0125 -0.180179 0.0612459 0.149283 0.380787 -0.878568 -0.110361 0.266347 0.044083
16 28 27
3 0.145026 -0.00458347 0.167415 0.0125
29 0.135747 0.00352346 0.150504 0.0125
28 0.126401 0.011924 0.132894 0.0125
27 0.116109 0.0190462 0.11329 0.0125
4 0.0849277 0.029936 0.181723 0.0125
26 0.0848712 0.0336702 0.156533 0.0125
25 0.0922675 0.0397294 0.134988 0.0125
24 0.0948064 0.0397132 0.112569 0.0125
1 0.100817 0.0324059 0.0857907 0.0125
23 0.0821642 0.0287654 0.092034 0.0125
22 0.0645634 0.0308335 0.101326 0.0125
21 0.0481684 0.0326576 0.112648 0.0125
12 -0.132476 -0.0447839 0.318111 0.0125
11 -0.135886 -0.0220203 0.299411 0.0125
10 -0.138987 -0.00372116 0.28991 0.0125
9 -0.146596 0.0111756 0.276557 0.0125
2 -0.148641 0.0440844 0.243495 0.0125
19 0.0158543 0.0312357 0.136262 0.0125
8 -0.149514 0.0293552 0.257121 0.0125
6 -0.139083 -0.0680329 0.337893 0.0125
13 -0.155736 0.0692336 0.270229 0.0125
14 -0.163944 0.083359 0.285131 0.0125
15 -0.170611 0.0965518 0.298963 0.0125
5 -0.181266 0.10658 0.312977 0.0125
16 -0.0436204 0.0217874 0.166678 0.0125
17 -0.0215571 0.0222103 0.155233 0.0125
18 -0.00319156 0.0247989 0.145905 0.0125
20 0.0320885 0.0319242 0.124528 0.0125
e_2_8 2 8 1 0.0125 -0.149078 0.0367198 0.250308 0.914957 0.398591 -0.0436041 0.0455898 0.020084
e_8_9 8 9 2 0.0125 -0.148055 0.0202654 0.26684 0.928167 0.367596 0.0433932 0.038672 0.026773
e_9_10 9 10 3 0.0125 -0.142792 0.00372726 0.283233 0.899979 0.395439 0.178067 0.0442503 0.021403
e_10_11 10 11 4 0.0125 -0.137437 -0.0128707 0.29466 0.850201 0.519811 0.0442409 0.0706877 0.02085
e_11_12 11 12 5 0.0125 -0.134182 -0.0334016 0.308761 0.901474 0.427974 0.0394448 0.0512499 0.029657
e_12_6 12 6 6 0.0125 -0.135779 -0.0564084 0.328002 0.90244 0.405082 -0.138657 0.0478066 0.031233
e_2_13 2 13 1 0.0125 -0.152189 0.0566585 0.256862 0.920805 -0.350286 -0.14048 -0.0984049 0.037383
e_13_14 13 14 2 0.0125 -0.159841 0.0762963 0.27768 0.910119 -0.326698 -0.237304 -0.0929461 0.022113
e_14_15 14 15 3 0.0125 -0.167278 0.089955 0.292047 0.912502 -0.334764 -0.215185 -0.0947074 0.020243
e_15_5 15 5 4 0.0125 -0.175938 0.101565 0.305969 0.916483 -0.244236 -0.307404 -0.0768766 0.02026
e_2_16 2 16 1 0.0125 -0.0961307 0.0329359 0.205086 0.456612 0.229543 0.859217 0.0236958 0.132013
e_16_17 16 17 2 0.0125 -0.0325887 0.0219989 0.160956 0.51805 -0.0783891 0.850915 -0.0377237 0.024858
e_17_18 17 18 3 0.0125 -0.0123739 0.0235046 0.150569 0.520626 -0.223194 0.821483 -0.065558 0.020761
e_18_19 18 19 4 0.0125 0.00633185 0.0280178 0.141084 0.522568 -0.421338 0.733977 -0.103317 0.022297
e_19_20 19 20 5 0.0125 0.0239719 0.0315799 0.130395 0.4531 -0.124578 0.881586 -0.0445617 0.020043
e_20_21 20 21 6 0.0125 0.0401291 0.0322909 0.118588 0.448346 -0.130675 0.883081 -0.045581 0.020006
e_21_22 21 22 7 0.0125 0.0563661 0.031745 0.106987 0.465873 0.0915017 0.880101 -0.00334783 0.020008
e_22_23 22 23 8 0.0125 0.0733645 0.0297994 0.0966797 0.517485 0.091796 0.85074 -0.00489844 0.02001
e_23_1 23 1 9 0.0125 0.0914907 0.0305862 0.0889123 0.581903 -0.253059 0.769417 -0.0731237 0.020004
e_1_24 1 24 1 0.0125 0.0978113 0.0360591 0.0991794 0.983957 -0.124077 -0.11476 -0.0571228 0.0284
e_24_25 24 25 2 0.0125 0.0935374 0.0397213 0.123779 0.997842 0.00153691 -0.0563147 -0.0337189 0.022563
e_25_26 25 26 3 0.0125 0.0885689 0.0367004 0.14576 0.978244 0.132559 -0.159422 -0.00721089 0.023571
e_26_4 26 4 4 0.0125 0.0848988 0.0318026 0.169128 0.997089 0.0734921 0.00260363 -0.0201557 0.025466
e_1_27 1 27 1 0.0125 0.108462 0.0257261 0.0995404 0.949839 0.207193 0.234183 0.00593593 0.034183
e_27_28 27 28 2 0.0125 0.121255 0.0154851 0.123091 0.959897 0.158614 0.23114 -0.00375587 0.02326
e_28_29 28 29 3 0.0125 0.131075 0.00772372 0.1417 0.952359 0.205158 0.225591 0.0055057 0.021634
e_29_3 29 3 4 0.0125 0.140386 -0.000529492 0.15896 0.950829 0.205079 0.232029 0.00550658 0.020923
17 25 24
3 -0.248486 -0.0956197 0.205333 0.0125
26 -0.228348 -0.0818394 0.200125 0.0125
25 -0.200547 -0.0640265 0.190697 0.0125
24 -0.182441 -0.0545783 0.189102 0.0125
4 -0.122828 -0.117809 0.136206 0.0125
23 -0.13302 -0.0969143 0.153636 0.0125
22 -0.14199 -0.0786463 0.167596 0.0125
21 -0.151862 -0.0598821 0.179147 0.0125
1 -0.1651 -0.0442823 0.187555 0.0125
12 0.0873504 0.0716367 0.105586 0.0125
11 0.087103 0.0743604 0.125456 0.0125
10 0.0909387 0.0741348 0.145549 0.0125
9 0.0973297 0.0753082 0.166287 0.0125
2 0.0979977 0.0774273 0.233014 0.0125
19 -0.128819 -0.0322345 0.197464 0.0125
8 0.0993288 0.0713043 0.207121 0.0125
6 0.0849259 0.0731408 0.0857551 0.0125
13 0.100067 0.0138945 0.193881 0.0125
5 0.10343 -0.00582601 0.178306 0.0125
14 0.0121615 0.0448612 0.234311 0.0125
15 -0.0496149 0.013074 0.228709 0.0125
16 -0.0747824 -0.004777 0.215765 0.0125
17 -0.0902064 -0.0183858 0.207565 0.0125
18 -0.107328 -0.0276155 0.200989 0.0125
20 -0.147452 -0.0353586 0.190737 0.0125
e_2_8 2 8 1 0.0125 0.0986632 0.0743658 0.220067 -0.115828 -0.905052 -0.40848 0.0246811 0.026641
e_8_9 8 9 2 0.0125 0.0983294 0.0733064 0.186703 0.0543759 -0.926048 -0.373443 0.00434727 0.041078
e_9_10 9 10 3 0.0125 0.0941342 0.0747215 0.155918 0.0836709 -0.711128 -0.686604 0.125979 0.021731
e_10_11 10 11 4 0.0125 0.0890204 0.0742481 0.135502 0.0576303 -0.822618 -0.560713 0.0746959 0.020458
e_11_12 11 12 5 0.0125 0.0872263 0.072999 0.11552 -0.0646218 -0.909849 -0.409272 0.0222675 0.020058
e_12_6 12 6 6 0.0125 0.0861386 0.0723888 0.0956705 0.0614354 -0.884279 -0.461469 0.0363788 0.020034
e_2_13 2 13 1 0.0125 0.0990322 0.0456606 0.213447 0.460393 0.83301 -0.261176 0.160992 0.074646
e_13_5 13 5 2 0.0125 0.101749 0.00403426 0.186094 0.423558 0.89411 -0.0879852 0.115861 0.025354
e_2_14 2 14 1 0.0125 0.0550801 0.0611446 0.233662 0.684426 0.0581978 -0.699677 0.196536 0.091815
e_14_15 14 15 2 0.0125 -0.0187266 0.028968 0.23151 0.643769 0.113964 -0.726085 0.213011 0.069701
e_15_16 15 16 3 0.0125 -0.0621985 0.00414862 0.222236 0.493794 0.122363 -0.823682 0.250484 0.033461
e_16_17 16 17 4 0.0125 -0.0824943 -0.011581 0.211665 0.500674 0.208404 -0.801066 0.253351 0.022142
e_17_18 17 18 5 0.0125 -0.0987665 -0.0229999 0.204277 0.532431 0.0608506 -0.810209 0.237436 0.020533
e_18_19 18 19 6 0.0125 -0.118073 -0.0299253 0.199226 0.616797 -0.0784292 -0.756984 0.20096 0.022264
e_19_20 19 20 7 0.0125 -0.138136 -0.0337963 0.194101 0.537794 -0.164155 -0.800468 0.207563 0.020055
e_20_1 20 1 8 0.0125 -0.156276 -0.0398206 0.189147 0.609695 0.0915253 -0.755694 0.220955 0.02003
e_1_21 1 21 1 0.0125 -0.158481 -0.0520821 0.18335 0.518966 0.395905 0.730298 -0.20149 0.02212
e_21_22 21 22 2 0.0125 -0.146926 -0.0692639 0.173372 0.496146 0.644287 0.569274 -0.121085 0.024144
e_22_23 22 23 3 0.0125 -0.137506 -0.0877799 0.160616 0.450104 0.666125 0.582339 -0.120682 0.024679
e_23_4 23 4 4 0.0125 -0.127925 -0.107362 0.144921 0.428549 0.65786 0.605931 -0.128117 0.029057
e_1_24 1 24 1 0.0125 -0.173771 -0.049431 0.188328 0.706943 0.178054 -0.655785 0.196148 0.020227
e_24_25 24 25 2 0.0125 -0.191493 -0.0593031 0.1899 0.707897 0.143458 -0.663687 0.194474 0.020484
e_25_26 25 26 3 0.0125 -0.214447 -0.0729328 0.195411 0.780309 0.210524 -0.564265 0.168528 0.034338
e_26_3 26 3 4 0.0125 -0.238416 -0.0887291 0.202729 0.756658 0.226631 -0.586755 0.178396 0.024951
18 23 22
3 -0.187957 0.224328 0.196085 0.0125
24 -0.193764 0.260447 0.207977 0.0125
4 -0.203932 0.242847 0.159638 0.0125
23 -0.207864 0.255625 0.175544 0.0125
22 -0.208252 0.291603 0.20848 0.0125
1 -0.20882 0.318034 0.223574 0.0125
21 -0.200394 0.301176 0.216877 0.0125
12 -0.145435 0.00796497 0.0771896 0.0125
11 -0.137488 0.0135584 0.0951764 0.0125
10 -0.126991 0.0248886 0.109757 0.0125
9 -0.11598 0.037087 0.121187 0.0125
2 -0.0748701 0.0568367 0.170117 0.0125
19 -0.181014 0.266576 0.21177 0.0125
8 -0.103505 0.0470975 0.141598 0.0125
6 -0.151362 0.00137249 0.0583785 0.0125
13 -0.0757755 0.0778658 0.186808 0.0125
14 -0.0789206 0.0958603 0.197262 0.0125
15 -0.0812678 0.117753 0.212095 0.0125
5 -0.0802752 0.140887 0.222874 0.0125
16 -0.116755 0.142416 0.19189 0.0125
17 -0.149894 0.214064 0.207613 0.0125
18 -0.167485 0.242881 0.206846 0.0125
20 -0.190804 0.284277 0.211945 0.0125
e_2_8 2 8 1 0.0125 -0.0891874 0.0519667 0.155857 0.346213 -0.164336 -0.903336 0.192654 0.041571
e_8_9 8 9 2 0.0125 -0.109742 0.0420923 0.131392 0.20624 -0.19729 -0.924462 0.252807 0.025931
e_9_10 9 10 3 0.0125 -0.121486 0.0309878 0.115472 0.320823 0.027411 -0.885862 0.33402 0.020017
e_10_11 10 11 4 0.0125 -0.132239 0.0192238 0.102466 0.242716 -0.0801401 -0.91477 0.312831 0.021241
e_11_12 11 12 5 0.0125 -0.141462 0.0107615 0.0861831 0.144229 -0.312769 -0.917646 0.19824 0.020444
e_12_6 12 6 6 0.0125 -0.148399 0.00466879 0.0677836 0.0785523 -0.347852 -0.911753 0.203803 0.020796
e_2_13 2 13 1 0.0125 -0.0753234 0.0673511 0.178462 0.748775 -0.351134 -0.256986 -0.499999 0.026863
e_13_14 13 14 2 0.0125 -0.0773484 0.0868624 0.192034 0.731242 -0.371559 -0.337021 -0.462218 0.021047
e_14_15 14 15 3 0.0125 -0.0800947 0.106806 0.204679 0.739344 -0.363775 -0.297168 -0.48242 0.026549
e_15_5 15 5 4 0.0125 -0.0807718 0.129319 0.217485 0.67579 -0.444214 -0.302741 -0.504311 0.025541
e_2_16 2 16 1 0.0125 -0.0958126 0.0996262 0.181004 0.695703 -0.373091 -0.499411 -0.356916 0.097735
e_16_17 16 17 2 0.0125 -0.133325 0.17824 0.199752 0.684773 -0.386355 -0.503057 -0.358816 0.080492
e_17_18 17 18 3 0.0125 -0.158689 0.228473 0.20723 0.634881 -0.398443 -0.593809 -0.292508 0.033771
e_18_19 18 19 4 0.0125 -0.174249 0.254728 0.209308 0.691474 -0.363942 -0.527945 -0.332693 0.027725
e_19_20 19 20 5 0.0125 -0.185909 0.275426 0.211858 0.639008 -0.405693 -0.575405 -0.309825 0.020229
e_20_21 20 21 6 0.0125 -0.195599 0.292726 0.214412 0.710491 -0.3487 -0.505375 -0.343813 0.020048
e_21_1 21 1 7 0.0125 -0.204607 0.309605 0.220225 0.727911 -0.342578 -0.463924 -0.370891 0.02
e_1_22 1 22 1 0.0125 -0.208535 0.304818 0.216027 0.0286093 0.0678352 -0.862149 0.501277 0.030443
e_22_23 22 23 2 0.0125 -0.208058 0.273614 0.192012 -0.0887683 -0.191988 -0.894845 0.393081 0.048779
e_23_4 23 4 3 0.0125 -0.205898 0.249236 0.167591 -0.250984 -0.470312 -0.81337 0.232901 0.020778
e_1_24 1 24 1 0.0125 -0.201291 0.28924 0.215775 0.233415 0.47768 -0.631317 0.564604 0.061533
e_24_3 24 3 2 0.0125 -0.19086 0.242387 0.202031 0.175116 0.3606 -0.724251 0.561037 0.038467
19 19 18
3 -0.118044 0.288149 0.170037 0.0125
20 -0.10692 0.276249 0.185252 0.0125
19 -0.0869287 0.246491 0.217694 0.0125
5 0.0919605 0.050827 0.0682409 0.0125
10 0.128528 0.0866475 0.0866469 0.0125
6 0.12483 0.16544 0.24153 0.0125
9 0.144629 0.0993205 0.0978656 0.0125
2 0.161607 0.106899 0.110073 0.0125
8 0.146654 0.12212 0.134139 0.0125
11 0.0936019 0.160101 0.153492 0.0125
12 0.0509765 0.18506 0.184242 0.0125
13 -0.00185813 0.206709 0.212767 0.0125
14 -0.0313844 0.211793 0.221257 0.0125
1 -0.0772425 0.225796 0.236132 0.0125
18 -0.0239579 0.248902 0.289166 0.0125
15 -0.060683 0.231074 0.246026 0.0125
16 -0.0472057 0.233652 0.260578 0.0125
17 -0.0343181 0.2409 0.274045 0.0125
4 -0.0127806 0.255916 0.304194 0.0125
e_2_8 2 8 1 0.0125 0.154131 0.114509 0.122106 0.898082 -0.312237 -0.168453 0.259964 0.032162
e_8_6 8 6 2 0.0125 0.135742 0.14378 0.187834 0.951456 -0.204758 -0.0490187 0.224504 0.117838
e_2_9 2 9 1 0.0125 0.153118 0.103109 0.103969 0.310403 -0.373814 -0.796671 0.359483 0.022243
e_9_10 9 10 2 0.0125 0.136577 0.0929845 0.0922564 0.346006 -0.135314 -0.849588 0.374392 0.02336
e_10_5 10 5 3 0.0125 0.110244 0.068737 0.0774447 0.437821 0.0567792 -0.816064 0.373001 0.054398
e_2_11 2 11 1 0.0125 0.127604 0.1335 0.131783 0.802039 -0.44314 -0.281067 0.28524 0.096646
e_11_12 11 12 2 0.0125 0.0722896 0.172581 0.168867 0.822343 -0.372964 -0.310891 0.296642 0.058184
e_12_13 12 13 3 0.0125 0.0245594 0.195884 0.198505 0.790725 -0.364647 -0.378909 0.313391 0.063827
e_13_14 13 14 4 0.0125 -0.0166208 0.209251 0.217012 0.722265 -0.344938 -0.494675 0.338596 0.031141
e_14_1 14 1 5 0.0125 -0.054313 0.218795 0.228694 0.735627 -0.388788 -0.447989 0.327113 0.050203
e_1_15 1 15 1 0.0125 -0.0689626 0.228435 0.24108 0.864302 -0.142431 0.482034 0.0183772 0.02
e_15_16 15 16 2 0.0125 -0.0539437 0.232363 0.253302 0.92697 -0.0429875 0.366572 0.0671069 0.02
e_16_17 16 17 3 0.0125 -0.0407624 0.237276 0.267311 0.912032 -0.170588 0.366341 0.0699343 0.02
e_17_18 17 18 4 0.0125 -0.0291387 0.244901 0.281606 0.931813 -0.183197 0.297367 0.0986744 0.02
e_18_4 18 4 5 0.0125 -0.0183693 0.252409 0.29668 0.931359 -0.157418 0.31542 0.0911034 0.02
e_1_19 1 19 1 0.0125 -0.0820862 0.236143 0.226912 0.404096 -0.899273 -0.0727563 0.150734 0.029361
e_19_20 19 20 2 0.0125 -0.096925 0.26137 0.201473 0.3686 -0.902214 -0.146639 0.169237 0.04835
e_20_3 20 3 3 0.0125 -0.112483 0.282199 0.177645 0.349011 -0.889032 -0.225637 0.192095 0.022289
20 26 25
3 -0.0350624 -0.16977 0.183245 0.0125
27 -0.0463134 -0.124441 0.21198 0.0125
4 -0.15763 -0.0686247 0.234353 0.0125
26 -0.132936 -0.075985 0.227766 0.0125
25 -0.108186 -0.0786952 0.227925 0.0125
24 -0.0876258 -0.0833562 0.234589 0.0125
1 -0.0626489 -0.0912359 0.237871 0.0125
23 -0.0729506 -0.0739226 0.237494 0.0125
22 -0.0819501 -0.0560391 0.240011 0.0125
21 -0.091951 -0.0379388 0.237123 0.0125
11 -0.0639862 0.183397 0.273167 0.0125
6 0.0789093 0.231521 0.239876 0.0125
10 0.0539547 0.223504 0.23707 0.0125
9 0.0342908 0.215205 0.235374 0.0125
2 -0.0624887 0.189621 0.254218 0.0125
19 -0.105093 0.00297234 0.238048 0.0125
8 -0.00242445 0.207477 0.238657 0.0125
12 -0.0619814 0.175138 0.291271 0.0125
13 -0.0592619 0.167588 0.30959 0.0125
14 -0.0548701 0.159309 0.327258 0.0125
5 -0.0483428 0.146958 0.341572 0.0125
15 -0.0935684 0.127833 0.251131 0.0125
16 -0.103131 0.0754917 0.246518 0.0125
17 -0.105176 0.051297 0.243738 0.0125
18 -0.106339 0.0310195 0.241347 0.0125
20 -0.0979273 -0.0186015 0.238042 0.0125
e_2_8 2 8 1 0.0125 -0.0324561 0.198549 0.246438 0.608139 -0.342079 0.709567 -0.0983048 0.064565
e_8_9 8 9 2 0.0125 0.0159332 0.211341 0.237016 0.66878 -0.252373 0.692757 -0.0955441 0.037663
e_9_10 9 10 3 0.0125 0.0441227 0.219355 0.236222 0.729717 -0.334083 0.590545 -0.0846083 0.021412
e_10_6 10 6 4 0.0125 0.0664325 0.227513 0.238473 0.738767 -0.276757 0.608452 -0.0861095 0.02636
e_2_11 2 11 1 0.0125 -0.0632375 0.186509 0.263693 0.986761 0.157756 -0.0375485 -0.00243315 0.02
e_11_12 11 12 2 0.0125 -0.0629838 0.179268 0.282219 0.97593 0.210856 0.0541533 -0.0129372 0.02
e_12_13 12 13 3 0.0125 -0.0606217 0.171364 0.300431 0.978643 0.191732 0.0724993 -0.0155001 0.02
e_13_14 13 14 4 0.0125 -0.0570656 0.163448 0.318424 0.970191 0.210827 0.117689 -0.0207458 0.02
e_14_5 14 5 5 0.0125 -0.051606 0.153133 0.334415 0.925792 0.328064 0.185868 -0.0271282 0.02
e_2_15 2 15 1 0.0125 -0.0780286 0.158727 0.252675 0.689507 0.62161 -0.36864 0.0478135 0.069234
e_15_16 15 16 2 0.0125 -0.0983501 0.101662 0.248824 0.675474 0.720057 -0.157215 0.0231573 0.053407
e_16_17 16 17 3 0.0125 -0.104153 0.0633939 0.245128 0.665535 0.742128 -0.0782283 0.0137847 0.02444
e_17_18 17 18 4 0.0125 -0.105757 0.0411581 0.242542 0.66441 0.745251 -0.0551353 0.0109811 0.020451
e_18_19 18 19 5 0.0125 -0.105717 0.0169959 0.239697 0.66457 0.746494 0.0330742 8.10102e-05 0.028268
e_19_20 19 20 6 0.0125 -0.10151 -0.00781494 0.238046 0.706438 0.661697 0.249604 -0.0282923 0.022732
e_20_21 20 21 7 0.0125 -0.0949391 -0.0282703 0.237582 0.690379 0.68197 0.239965 -0.0266645 0.020261
e_21_22 21 22 8 0.0125 -0.086951 -0.0469884 0.238567 0.753224 0.555693 0.349354 -0.0425574 0.02088
e_22_23 22 23 9 0.0125 -0.0774503 -0.0649804 0.238753 0.660044 0.645764 0.381264 -0.0443711 0.020178
e_23_1 23 1 10 0.0125 -0.0678002 -0.0825793 0.237683 0.712073 0.576585 0.397757 -0.047867 0.020149
e_1_24 1 24 1 0.0125 -0.0751373 -0.0872961 0.23623 0.6575 -0.304493 -0.685164 0.0743495 0.026395
e_24_25 24 25 2 0.0125 -0.097906 -0.0810253 0.231256 0.585042 -0.287999 -0.753507 0.0837189 0.02211
e_25_26 25 26 3 0.0125 -0.120561 -0.0773402 0.227845 0.700638 -0.153744 -0.692493 0.0769569 0.024899
e_26_4 26 4 4 0.0125 -0.145283 -0.0723048 0.231059 0.787516 -0.219619 -0.572659 0.0603888 0.026596
e_1_27 1 27 1 0.0125 -0.0544806 -0.107839 0.224926 0.458823 0.745207 0.480929 -0.0534235 0.045164
e_27_3 27 3 2 0.0125 -0.0406879 -0.147105 0.197613 0.487239 0.835819 0.251845 -0.0240757 0.054836
