3
1 9 8
2 0.0152616 -0.294752 0.211724 0.0125
10 0.0192998 -0.282267 0.196532 0.0125
9 0.0205039 -0.278152 0.17698 0.0125
4 0.0525544 -0.208999 0.105057 0.0125
1 0.166287 0.103821 0.0115728 0.0125
8 0.0207951 -0.275256 0.157148 0.0125
5 0.0424836 -0.23137 0.120086 0.0125
6 0.0317238 -0.248305 0.124646 0.0125
7 0.0225308 -0.265611 0.139462 0.0125
e_1_4 1 4 1 0.0125 0.109421 -0.0525888 0.0583143 0.794343 0.582565 -0.159439 -0.0649377 0.345732
e_4_5 4 5 2 0.0125 0.0475192 -0.220184 0.112571 0.868429 0.462812 -0.156903 -0.0837683 0.028771
e_5_6 5 6 3 0.0125 0.0371032 -0.239837 0.122367 0.773197 0.569705 -0.2542 -0.113949 0.020576
e_6_7 6 7 4 0.0125 0.0271279 -0.256958 0.132054 0.890135 0.413554 -0.16562 -0.0959352 0.024567
e_7_8 7 8 5 0.0125 0.0216628 -0.270434 0.148306 0.966745 0.248388 -0.0309327 -0.0524475 0.02022
e_8_9 8 9 6 0.0125 0.0206494 -0.276705 0.167064 0.995425 0.0727518 -0.00276757 -0.0618684 0.020043
e_9_10 9 10 7 0.0125 0.019902 -0.280209 0.186756 0.991849 0.105213 -0.0231184 -0.0680602 0.020017
e_10_2 10 2 8 0.0125 0.0172802 -0.28851 0.204128 0.934891 0.338541 -0.0836307 -0.0661412 0.020074
2 10 9
2 0.106077 -0.285248 0.116975 0.0125
11 0.0916792 -0.272556 0.122638 0.0125
10 0.0818861 -0.255242 0.125063 0.0125
9 0.0765077 -0.235826 0.125412 0.0125
4 -0.0796924 -0.0366028 0.0591584 0.0125
1 -0.187882 0.0905917 0.0120573 0.0125
8 0.0712186 -0.216515 0.125893 0.0125
5 0.00604379 -0.13285 0.0946274 0.0125
6 0.0333786 -0.167203 0.112602 0.0125
7 0.0577222 -0.195916 0.127463 0.0125
e_1_4 1 4 1 0.0125 -0.133787 0.026995 0.0356074 0.784874 0.383689 0.465879 -0.140399 0.173499
e_4_5 4 5 2 0.0125 -0.0368248 -0.0847264 0.0768931 0.783317 0.375696 0.475599 -0.138103 0.133688
e_5_6 5 6 3 0.0125 0.0197112 -0.150027 0.103615 0.818033 0.370118 0.416611 -0.142373 0.047438
e_6_7 6 7 4 0.0125 0.04555 -0.181559 0.120033 0.814932 0.361464 0.430975 -0.139607 0.040471
e_7_8 7 8 5 0.0125 0.0644703 -0.206216 0.126678 0.666701 0.504478 0.526623 -0.153885 0.024677
e_8_9 8 9 6 0.0125 0.0738631 -0.226171 0.125652 0.673519 0.615241 0.365369 -0.185352 0.020028
e_9_10 9 10 7 0.0125 0.0791969 -0.245534 0.125237 0.6761 0.612672 0.365083 -0.185032 0.020149
e_10_11 10 11 8 0.0125 0.0867828 -0.263898 0.12385 0.64317 0.542908 0.51553 -0.160659 0.020039
e_11_2 11 2 9 0.0125 0.0988781 -0.278901 0.119806 0.587184 0.401769 0.692856 -0.117245 0.020011
3 8 7
2 0.378896 -0.0553943 0.165158 0.0125
9 0.358636 -0.0588378 0.167915 0.0125
4 0.0342913 -0.0826967 0.0971314 0.0125
1 -0.0994232 -0.0724497 0.104016 0.0125
8 0.335745 -0.0641621 0.167908 0.0125
5 0.131976 -0.089551 0.0920983 0.0125
6 0.238012 -0.0698587 0.113444 0.0125
7 0.313201 -0.0699806 0.161866 0.0125
e_1_4 1 4 1 0.0125 -0.0325661 -0.0775734 0.100574 0.662086 0.252419 0.679645 0.189759 0.134283
e_4_5 4 5 2 0.0125 0.0831331 -0.0861238 0.0946147 0.661557 0.249861 0.680614 0.191512 0.098054
e_5_6 5 6 3 0.0125 0.184994 -0.0797044 0.102771 0.721841 0.11442 0.624365 0.275721 0.109941
e_6_7 6 7 4 0.0125 0.275606 -0.0699195 0.137655 0.842717 0.134952 0.459425 0.246059 0.089433
e_7_8 7 8 5 0.0125 0.324473 -0.0670715 0.164887 0.733641 0.0795796 0.606681 0.295594 0.024053
e_8_9 8 9 6 0.0125 0.347191 -0.0614998 0.167912 0.651497 0.120356 0.696683 0.275133 0.023502
e_9_2 9 2 7 0.0125 0.368766 -0.0571161 0.166536 0.609697 0.163321 0.734718 0.248566 0.020734
