3
1 8 7
2 0.0429681 -0.279026 0.0834888 0.0125
9 0.0428956 -0.260741 0.0751061 0.0125
4 0.0999868 -0.0614831 0.0304567 0.0125
1 0.219458 0.161072 0.0119471 0.0125
8 0.0347754 -0.245965 0.0605857 0.0125
5 0.038261 -0.1861 0.0376115 0.0125
6 0.0336549 -0.208497 0.0425242 0.0125
7 0.032888 -0.226122 0.0519497 0.0125
e_1_4 1 4 1 0.0125 0.159722 0.0497945 0.0212019 0.400363 0.597485 0.326299 -0.613392 0.253272
e_4_5 4 5 2 0.0125 0.0691242 -0.123792 0.0340337 0.415865 0.60438 0.330203 -0.593925 0.139251
e_5_6 5 6 3 0.0125 0.0359576 -0.197299 0.0400676 0.651252 0.584631 0.230601 -0.425324 0.023387
e_6_7 6 7 4 0.0125 0.0332717 -0.217309 0.0472365 0.832555 0.504025 0.101731 -0.206061 0.020002
e_7_8 7 8 5 0.0125 0.0338317 -0.236044 0.0562677 0.823379 0.529201 0.145496 -0.144307 0.021724
e_8_9 8 9 6 0.0125 0.0388359 -0.253354 0.0678454 0.866179 0.408933 0.0804977 0.275731 0.022251
e_9_2 9 2 7 0.0125 0.0429319 -0.269883 0.0792975 0.817215 0.523841 0.131241 -0.201311 0.020114
2 9 8
2 0.0190603 0.0405036 0.200335 0.0125
10 0.0116613 0.0556972 0.189284 0.0125
9 0.00010991 0.063138 0.174583 0.0125
4 -0.27704 0.185738 0.190706 0.0125
1 -0.41241 0.253794 0.21392 0.0125
8 -0.0161529 0.0734995 0.16702 0.0125
5 -0.167645 0.129897 0.176274 0.0125
6 -0.0609686 0.0880124 0.169357 0.0125
7 -0.0396364 0.0819706 0.167668 0.0125
e_1_4 1 4 1 0.0125 -0.344725 0.219766 0.202313 -0.131647 0.595044 -0.470793 0.637922 0.153283
e_4_5 4 5 2 0.0125 -0.222342 0.157818 0.183489 0.220749 0.740589 -0.0993735 0.626836 0.123668
e_5_6 5 6 3 0.0125 -0.114306 0.108954 0.172816 0.617738 -0.0539574 0.726095 -0.297111 0.114813
e_6_7 6 7 4 0.0125 -0.0503022 0.084992 0.168513 0.273538 -0.565599 0.466975 -0.622261 0.022235
e_7_8 7 8 5 0.0125 -0.0278947 0.0777351 0.167344 0.599324 -0.136456 0.703107 -0.357534 0.024973
e_8_9 8 9 6 0.0125 -0.00802195 0.0683189 0.170801 0.815384 0.375322 0.420204 0.133079 0.020712
e_9_10 9 10 7 0.0125 0.00588562 0.0594176 0.181933 0.930053 0.204305 0.304926 0.0167507 0.020122
e_10_2 10 2 8 0.0125 0.0153602 0.0481002 0.194809 0.816783 0.474475 0.0347151 0.326396 0.020193
3 10 9
2 -0.0826716 -0.15208 0.0118836 0.0125
11 -0.0758804 -0.134105 0.0174352 0.0125
10 -0.0656309 -0.117578 0.0221125 0.0125
9 -0.0526525 -0.102358 0.0215432 0.0125
4 0.174408 0.16055 0.0123147 0.0125
1 0.200112 0.240996 0.0125006 0.0125
8 -0.0403063 -0.0870741 0.0252942 0.0125
5 0.140108 0.110089 0.0268744 0.0125
6 -0.00465482 -0.0172562 0.0123671 0.0125
7 -0.0293466 -0.0657564 0.0210715 0.0125
e_1_4 1 4 1 0.0125 0.18726 0.200773 0.0124076 0.650838 0.705035 0.0634516 -0.274426 0.084454
e_4_5 4 5 2 0.0125 0.157258 0.13532 0.0195945 0.692229 0.616143 -0.0656514 -0.369969 0.062727
e_5_6 5 6 3 0.0125 0.0677266 0.0464166 0.0196203 0.505352 0.72821 -0.085011 -0.455085 0.19335
e_6_7 6 7 4 0.0125 -0.0170013 -0.0415065 0.0167191 0.685516 0.648713 -0.014283 -0.330206 0.055116
e_7_8 7 8 5 0.0125 -0.0348267 -0.0764153 0.0231824 0.690787 0.64259 -0.0180187 -0.331009 0.024339
e_8_9 8 9 6 0.0125 -0.0464796 -0.0947159 0.0234182 0.500927 0.770503 -0.00995159 -0.39408 0.020002
e_9_10 9 10 7 0.0125 -0.0591421 -0.109968 0.0218281 0.586562 0.693952 -0.0648059 -0.412523 0.02001
e_10_11 10 11 8 0.0125 -0.0707562 -0.125841 0.0197741 0.510405 0.784615 0.0361639 -0.350084 0.020002
e_11_2 11 2 9 0.0125 -0.0792758 -0.143093 0.0146593 0.530838 0.792814 0.101142 -0.281829 0.020002
