3
1 11 10
2 -0.00523473 -0.221971 0.105027 0.0125
12 0.00952669 -0.20869 0.0996975 0.0125
11 0.0191424 -0.192128 0.0909121 0.0125
10 0.0282197 -0.17542 0.0821314 0.0125
9 0.0400765 -0.155955 0.0822661 0.0125
4 0.153914 0.0318243 0.0241382 0.0125
1 0.250514 0.186525 0.0122813 0.0125
8 0.0609952 -0.131337 0.0818674 0.0125
5 0.140766 0.0120965 0.0272065 0.0125
6 0.117501 -0.0210779 0.0297162 0.0125
7 0.0920757 -0.0572418 0.0469989 0.0125
e_1_4 1 4 1 0.0125 0.202215 0.109175 0.0182094 0.662929 0.678268 -0.0866805 -0.304899 0.182769
e_4_5 4 5 2 0.0125 0.14734 0.0219599 0.0256723 0.692288 0.648355 -0.124347 -0.291396 0.023906
e_5_6 5 6 3 0.0125 0.129134 -0.00449118 0.0284609 0.662561 0.673536 -0.124253 -0.303189 0.040596
e_6_7 6 7 4 0.0125 0.104789 -0.0391598 0.0383575 0.790384 0.535488 -0.17661 -0.239489 0.047466
e_7_8 7 8 5 0.0125 0.0765355 -0.0942893 0.0644339 0.800114 0.545699 -0.0562756 -0.24262 0.087589
e_8_9 8 9 6 0.0125 0.0505359 -0.143646 0.0820674 0.641953 0.67936 -0.179702 -0.306714 0.032309
e_9_10 9 10 7 0.0125 0.0341481 -0.165687 0.0821994 0.629223 0.706979 -0.0561168 -0.317978 0.022792
e_10_11 10 11 8 0.0125 0.0236803 -0.183775 0.0865218 0.809117 0.526387 -0.115315 -0.234412 0.020945
e_11_12 11 12 9 0.0125 0.0143352 -0.20041 0.0953047 0.808699 0.523801 -0.13097 -0.233423 0.021069
e_12_2 12 2 10 0.0125 0.00214593 -0.215331 0.102362 0.757652 0.523093 -0.311064 -0.235748 0.02056
2 7 6
2 -0.345046 -0.0524493 0.0421115 0.0125
4 -0.219162 0.0449809 0.0186383 0.0125
1 0.00186547 0.288501 0.0123527 0.0125
8 -0.336929 -0.0421694 0.0263718 0.0125
5 -0.241818 0.0199431 0.0192897 0.0125
6 -0.304379 -0.0207405 0.0118321 0.0125
7 -0.321645 -0.0327119 0.0174056 0.0125
e_1_4 1 4 1 0.0125 -0.108649 0.166741 0.0154957 0.0772535 -0.411784 -0.566463 0.709638 0.32893
e_4_5 4 5 2 0.0125 -0.23049 0.032462 0.018964 0.0752846 -0.41247 -0.565877 0.709918 0.033773
e_5_6 5 6 3 0.0125 -0.273098 -0.000399132 0.0155606 0.297157 -0.37829 -0.637664 0.601648 0.074998
e_6_7 6 7 4 0.0125 -0.313012 -0.0267268 0.0146192 0.542447 -0.12758 -0.596256 0.577887 0.021737
e_7_8 7 8 5 0.0125 -0.329286 -0.0374408 0.0218888 0.774323 0.0670952 -0.521819 0.351606 0.020086
e_8_2 8 2 6 0.0125 -0.340988 -0.0473094 0.0342412 0.722884 0.340001 0.00869566 -0.601467 0.020477
3 9 8
2 -0.375898 0.278749 0.0926421 0.0125
10 -0.358762 0.280191 0.0818658 0.0125
9 -0.339613 0.278679 0.0726249 0.0125
4 -0.075013 0.0859586 0.0404536 0.0125
1 0.0298565 0.0218088 0.0121574 0.0125
8 -0.320557 0.272465 0.0692946 0.0125
5 -0.261125 0.241029 0.0571891 0.0125
6 -0.28027 0.25672 0.0616372 0.0125
7 -0.30164 0.265626 0.0661673 0.0125
e_1_4 1 4 1 0.0125 -0.0225791 0.053884 0.0263054 0.710242 -0.51785 -0.345942 0.328196 0.126149
e_4_5 4 5 2 0.0125 -0.168069 0.163494 0.0488211 0.639138 -0.636323 -0.246244 0.354909 0.242826
e_5_6 5 6 3 0.0125 -0.270697 0.248875 0.0594131 0.688772 -0.58356 -0.266476 0.3377 0.02515
e_6_7 6 7 4 0.0125 -0.290955 0.261173 0.0639029 0.699673 -0.469541 -0.428402 0.326282 0.023591
e_7_8 7 8 5 0.0125 -0.311099 0.269045 0.0677308 0.683918 -0.465219 -0.454708 0.330255 0.020357
e_8_9 8 9 6 0.0125 -0.330085 0.275572 0.0709602 0.69042 -0.442836 -0.471108 0.324458 0.020318
e_9_10 9 10 7 0.0125 -0.349188 0.279434 0.0772449 0.81813 -0.176955 -0.501928 0.217757 0.021316
e_10_2 10 2 8 0.0125 -0.36733 0.27947 0.0872535 0.860826 -0.0463463 -0.482015 0.1565 0.020293
