4
1 10 9
2 0.152817 0.0660529 0.0283318 0.0125
11 0.153891 0.0296193 0.0185737 0.0125
10 0.144463 0.00868986 0.0176992 0.0125
9 0.113682 -0.0357179 0.0135893 0.0125
4 -0.147008 -0.131701 0.0697921 0.0125
1 -0.233912 -0.0995907 0.0811132 0.0125
8 0.087766 -0.0492582 0.0268265 0.0125
5 -0.0792089 -0.107852 0.04876 0.0125
6 0.0317756 -0.065387 0.0114943 0.0125
7 0.0674985 -0.0550172 0.0214516 0.0125
e_1_4 1 4 1 0.0125 -0.19046 -0.115645 0.0754521 0.65419 0.3692 0.651413 0.106714 0.093336
e_4_5 4 5 2 0.0125 -0.113108 -0.119777 0.0592764 0.557739 0.0302755 0.799694 0.22023 0.074885
e_5_6 5 6 3 0.0125 -0.0237169 -0.0866195 0.030128 0.54772 0.0189396 0.805766 0.224467 0.124538
e_6_7 6 7 4 0.0125 0.0496364 -0.0602019 0.0164727 0.774037 -0.0376136 0.607698 0.173654 0.038507
e_7_8 7 8 5 0.0125 0.0776326 -0.052137 0.0241387 0.770198 -0.0333038 0.612621 0.174302 0.021745
e_8_9 8 9 6 0.0125 0.100724 -0.042488 0.0202079 0.484763 -0.0148364 0.840231 0.242479 0.032096
e_9_10 9 10 7 0.0125 0.129073 -0.0135136 0.0156445 0.696236 -0.408586 0.543263 0.230603 0.054189
e_10_11 10 11 8 0.0125 0.149177 0.0191553 0.0181365 0.682809 -0.508413 0.471672 0.229812 0.022971
e_11_2 11 2 9 0.0125 0.153354 0.0478363 0.0234534 0.78206 -0.602975 0.0843467 0.133001 0.037733
2 11 10
2 -0.238396 0.0788937 0.116674 0.0125
12 -0.219814 0.072118 0.119714 0.0125
11 -0.202363 0.062908 0.115858 0.0125
10 -0.190431 0.0503547 0.105747 0.0125
9 -0.171029 0.0456158 0.0965089 0.0125
4 -0.0888247 0.105999 0.0114887 0.0125
1 0.120001 0.250386 0.107417 0.0125
8 -0.159324 0.0428361 0.0800627 0.0125
5 -0.125551 0.087606 0.0247802 0.0125
6 -0.146275 0.0566429 0.0451575 0.0125
7 -0.153989 0.0467058 0.0609518 0.0125
e_1_4 1 4 1 0.0125 0.0155881 0.178193 0.0594528 0.542448 0.649092 -0.505379 -0.170357 0.271401
e_4_5 4 5 2 0.0125 -0.107188 0.096803 0.0181343 0.808574 0.271512 -0.521857 -0.0124725 0.043171
e_5_6 5 6 3 0.0125 -0.135912 0.0721241 0.034969 0.843741 0.470905 -0.195771 -0.167402 0.042467
e_6_7 6 7 4 0.0125 -0.150132 0.0516748 0.0530545 0.939406 0.27931 -0.175717 -0.0928738 0.020192
e_7_8 7 8 5 0.0125 -0.156656 0.044771 0.0705072 0.985834 0.100865 -0.130943 -0.0284936 0.020216
e_8_9 8 9 6 0.0125 -0.165176 0.0442256 0.0882859 0.946098 -0.100622 -0.293807 0.0919284 0.020376
e_9_10 9 10 7 0.0125 -0.18073 0.0479848 0.101128 0.81973 -0.245297 -0.479511 0.194785 0.022005
e_10_11 10 11 8 0.0125 -0.196397 0.0566314 0.110803 0.838184 -0.436848 -0.238927 0.222543 0.020055
e_11_12 11 12 9 0.0125 -0.211089 0.0675134 0.117786 0.718898 -0.481134 -0.415463 0.281223 0.020106
e_12_2 12 2 10 0.0125 -0.229105 0.0755061 0.118194 0.553002 -0.597262 -0.46824 0.343831 0.020011
3 9 8
2 -0.242806 0.232503 0.0642282 0.0125
10 -0.22015 0.21237 0.0634514 0.0125
9 -0.19927 0.19665 0.0636016 0.0125
4 0.0414823 0.0458447 0.0204952 0.0125
1 0.173966 0.0366778 0.0524078 0.0125
8 -0.168292 0.180843 0.0626667 0.0125
5 -0.0444374 0.061293 0.0115116 0.0125
6 -0.10599 0.121302 0.0498602 0.0125
7 -0.131217 0.160816 0.0606075 0.0125
e_1_4 1 4 1 0.0125 0.107724 0.0412619 0.0364516 0.533524 0.350574 -0.702797 -0.313888 0.13658
e_4_5 4 5 2 0.0125 -0.001478 0.0535696 0.0160035 0.557819 0.295281 -0.681171 -0.371016 0.087759
e_5_6 5 6 3 0.0125 -0.0752145 0.091297 0.0306858 0.58851 0.0111682 -0.544217 -0.597795 0.09413
e_6_7 6 7 4 0.0125 -0.118604 0.14106 0.0552343 0.469636 -0.047243 -0.621324 -0.625434 0.048096
e_7_8 7 8 5 0.0125 -0.149754 0.17083 0.0616375 0.538287 0.162258 -0.670273 -0.484411 0.042188
e_8_9 8 9 6 0.0125 -0.183781 0.188746 0.0631341 0.536802 0.174064 -0.675481 -0.474627 0.034791
e_9_10 9 10 7 0.0125 -0.20971 0.204509 0.0635268 0.484961 0.117858 -0.699272 -0.511802 0.026135
e_10_2 10 2 8 0.0125 -0.231477 0.222436 0.06384 0.474552 0.0834853 -0.692977 -0.536296 0.030319
4 9 8
2 -0.18436 0.0131849 0.0581651 0.0125
10 -0.157248 0.0193627 0.0555499 0.0125
9 -0.135526 0.02745 0.0601539 0.0125
4 0.17638 0.13071 0.0138117 0.0125
1 0.286408 0.162511 0.0123492 0.0125
8 -0.108833 0.0371394 0.0474509 0.0125
5 0.152079 0.122519 0.0166853 0.0125
6 -0.0299055 0.0644711 0.0369107 0.0125
7 -0.0863801 0.0448076 0.0394321 0.0125
e_1_4 1 4 1 0.0125 0.231393 0.14661 0.0130803 -0.591892 -0.536941 0.453111 0.395029 0.114541
e_4_5 4 5 2 0.0125 0.164229 0.126614 0.0152487 -0.635902 -0.511237 0.427742 0.388976 0.025804
e_5_6 5 6 3 0.0125 0.0610868 0.0934953 0.0267974 -0.6316 -0.508761 0.434183 0.392082 0.192086
e_6_7 6 7 4 0.0125 -0.0581434 0.0546393 0.0381711 -0.610398 -0.541308 0.431188 0.385327 0.059854
e_7_8 7 8 5 0.0125 -0.0976068 0.0409733 0.0434411 -0.714508 -0.428345 0.395497 0.386758 0.025045
e_8_9 8 9 6 0.0125 -0.122179 0.0322949 0.0538028 -0.748296 -0.39687 0.371926 0.379761 0.031108
e_9_10 9 10 7 0.0125 -0.146387 0.0234065 0.057852 -0.517672 -0.638867 0.435039 0.366886 0.023632
e_10_2 10 2 8 0.0125 -0.170804 0.0162731 0.0568573 -0.616647 -0.486971 0.464793 0.408132 0.02793
