4
1 9 8
2 0.156241 -0.258566 0.0186559 0.0125
10 0.139685 -0.247467 0.0154819 0.0125
9 0.119818 -0.242926 0.0134197 0.0125
4 -0.0868393 0.00279685 0.0298713 0.0125
1 -0.124878 0.102834 0.0114583 0.0125
8 0.0996977 -0.237379 0.0124977 0.0125
5 -0.0416379 -0.140948 0.0124416 0.0125
6 0.00133465 -0.18919 0.0303604 0.0125
7 0.0789933 -0.226224 0.0143022 0.0125
e_1_4 1 4 1 0.0125 -0.105858 0.0528153 0.0206652 0.650607 0.632791 -0.121659 0.401851 0.108598
e_4_5 4 5 2 0.0125 -0.0642384 -0.069076 0.0211562 0.536951 0.707104 -0.239695 0.392725 0.151689
e_5_6 5 6 3 0.0125 -0.0201516 -0.165069 0.0214003 0.640145 0.602769 0.0551406 0.473121 0.067044
e_6_7 6 7 4 0.0125 0.0401642 -0.207707 0.0223309 0.287309 0.769069 0.0164572 0.570715 0.087523
e_7_8 7 8 5 0.0125 0.0893457 -0.231801 0.0133995 0.372583 0.730929 0.063102 0.568281 0.023588
e_8_9 8 9 6 0.0125 0.109758 -0.240153 0.0129584 0.406657 0.6543 0.223233 0.597234 0.02089
e_9_10 9 10 7 0.0125 0.129752 -0.245196 0.0144508 0.445306 0.61251 0.272904 0.593344 0.020484
e_10_2 10 2 8 0.0125 0.147963 -0.253016 0.0170696 0.540366 0.63627 0.128608 0.535373 0.020184
2 7 6
2 0.133126 -0.0338888 0.0130765 0.0125
4 -0.225251 0.244658 0.0214734 0.0125
1 -0.233203 0.273983 0.0291593 0.0125
8 0.0964461 -0.0340758 0.0301207 0.0125
5 -0.159491 0.188989 0.0124129 0.0125
6 -0.107889 0.138621 0.0127605 0.0125
7 0.0147674 0.0183695 0.0208895 0.0125
e_1_4 1 4 1 0.0125 -0.229227 0.259321 0.0253164 -0.474256 -0.719184 0.324639 -0.390468 0.031341
e_4_5 4 5 2 0.0125 -0.192372 0.216823 0.0169432 0.320573 -0.267824 0.693226 -0.587317 0.086634
e_5_6 5 6 3 0.0125 -0.13369 0.163806 0.0125872 0.424126 -0.109621 0.696832 -0.567913 0.072111
e_6_7 6 7 4 0.0125 -0.0465613 0.0784952 0.016825 0.469117 -0.0620093 0.687399 -0.550969 0.171962
e_7_8 7 8 5 0.0125 0.0556063 -0.00785326 0.0255051 0.524152 -0.142003 0.657644 -0.522116 0.097505
e_8_2 8 2 6 0.0125 0.114786 -0.0339824 0.0215991 0.316767 -0.683846 0.493006 -0.434695 0.040447
3 6 5
2 0.0277929 -0.166579 0.0115293 0.0125
7 0.0289747 -0.148477 0.0224248 0.0125
6 0.0272466 -0.128742 0.0316681 0.0125
5 0.00732774 -0.104532 0.0369794 0.0125
1 -0.318848 0.158267 0.0120912 0.0125
4 -0.0633386 -0.0291429 0.0566684 0.0125
e_1_4 1 4 1 0.0125 -0.191093 0.064562 0.0343796 0.747138 0.459028 0.46866 0.106944 0.319992
e_4_5 4 5 2 0.0125 -0.0280054 -0.0668372 0.0468239 0.604866 0.699763 0.322363 0.201372 0.10519
e_5_6 5 6 3 0.0125 0.0172871 -0.116637 0.0343233 0.59573 0.731164 0.221191 0.24815 0.031798
e_6_7 6 7 4 0.0125 0.0281106 -0.138609 0.0270461 0.265955 0.479891 -0.693625 0.466751 0.02186
e_7_2 7 2 5 0.0125 0.0283834 -0.157527 0.016977 0.199386 0.299781 -0.817059 0.450324 0.021161
4 7 6
2 -0.0307219 -0.0786129 0.173057 0.0125
4 0.0867358 0.0727827 0.180099 0.0125
1 0.274747 0.306649 0.21266 0.0125
8 -0.0256397 -0.0598829 0.179989 0.0125
5 0.0242082 -0.00127579 0.176441 0.0125
6 0.00891053 -0.0240459 0.176629 0.0125
7 -0.0179933 -0.0408991 0.183199 0.0125
e_1_4 1 4 1 0.0125 0.180741 0.189716 0.196379 -0.519039 -0.744267 -0.002637 0.420307 0.301831
e_4_5 4 5 2 0.0125 0.0554716 0.0357537 0.17827 0.654686 0.365935 -0.620444 0.229188 0.096993
e_5_6 5 6 3 0.0125 0.0165597 -0.0126611 0.176535 0.575017 0.704256 0.0242174 -0.415684 0.027432
e_6_7 6 7 4 0.0125 -0.00454121 -0.0324728 0.179915 0.62277 -0.0496322 -0.629446 0.462051 0.032419
e_7_8 7 8 5 0.0125 -0.0218165 -0.050391 0.181594 -0.035994 0.244481 0.719527 -0.64901 0.020716
e_8_2 8 2 6 0.0125 -0.0281812 -0.0692482 0.176523 -0.199757 -0.072821 0.814171 -0.540295 0.020608
