4
1 10 9
2 -0.34988 -0.286351 0.0195015 0.0125
11 -0.358942 -0.26014 0.0207939 0.0125
10 -0.368815 -0.23296 0.0198358 0.0125
9 -0.360111 -0.207651 0.0155881 0.0125
4 -0.0921133 -0.0234409 0.0273018 0.0125
1 -0.0445484 -0.0084072 0.0114954 0.0125
8 -0.353956 -0.188501 0.0125001 0.0125
5 -0.143318 -0.0421989 0.0178493 0.0125
6 -0.328073 -0.104909 0.0133598 0.0125
7 -0.350174 -0.12652 0.0124769 0.0125
e_1_4 1 4 1 0.0125 -0.0683307 -0.0159239 0.0193991 0.786687 0.0483887 -0.588748 0.179325 0.052329
e_4_5 4 5 2 0.0125 -0.117716 -0.03282 0.0225757 0.62191 0.0680618 -0.76208 0.166825 0.055345
e_5_6 5 6 3 0.0125 -0.235695 -0.0735534 0.0156049 0.678093 0.0589043 -0.712764 0.169373 0.19516
e_6_7 6 7 4 0.0125 -0.339123 -0.115714 0.0129185 0.631968 0.238463 -0.676331 0.293817 0.030923
e_7_8 7 8 5 0.0125 -0.352065 -0.15751 0.0124888 0.530155 0.500463 -0.499344 0.468112 0.062097
e_8_9 8 9 6 0.0125 -0.357034 -0.198076 0.0140436 0.633495 0.407908 -0.507702 0.417772 0.02035
e_9_10 9 10 7 0.0125 -0.364464 -0.220306 0.0177116 0.638416 0.400656 -0.510964 0.413299 0.027098
e_10_11 10 11 8 0.0125 -0.363878 -0.246549 0.0203151 0.475983 0.610678 -0.33244 0.538513 0.028935
e_11_2 11 2 9 0.0125 -0.354411 -0.273246 0.0201483 0.436103 0.615078 -0.380741 0.535284 0.027763
2 9 8
2 -0.24443 0.215575 0.0161004 0.0125
10 -0.230706 0.20048 0.011479 0.0125
9 -0.216243 0.186507 0.0126053 0.0125
4 -0.155801 -0.00479173 0.0416364 0.0125
1 -0.109008 -0.249101 0.0421997 0.0125
8 -0.208993 0.166877 0.0120014 0.0125
5 -0.159514 0.0504486 0.0131156 0.0125
6 -0.189356 0.11816 0.016327 0.0125
7 -0.198055 0.145937 0.0140703 0.0125
e_1_4 1 4 1 0.0125 -0.132405 -0.126946 0.041918 0.638646 -0.685542 0.176534 0.301661 0.248751
e_4_5 4 5 2 0.0125 -0.157658 0.0228282 0.0273756 0.464566 -0.786025 0.333374 0.234956 0.062279
e_5_6 5 6 3 0.0125 -0.174435 0.0843049 0.0147213 0.618917 -0.686085 0.0872294 0.372318 0.074066
e_6_7 6 7 4 0.0125 -0.193705 0.132049 0.0151987 0.590195 -0.717135 0.15608 0.336194 0.029194
e_7_8 7 8 5 0.0125 -0.203524 0.156407 0.0130355 0.551858 -0.730758 0.0980654 0.389651 0.023715
e_8_9 8 9 6 0.0125 -0.212618 0.176692 0.012303 0.623997 -0.687733 0.112256 0.353622 0.020935
e_9_10 9 10 7 0.0125 -0.223475 0.193493 0.0120422 0.49162 -0.726292 -0.0212625 0.479956 0.020142
e_10_2 10 2 8 0.0125 -0.237568 0.208028 0.01379 0.633761 -0.620144 -0.0704949 0.456946 0.020918
3 11 10
2 -0.388054 -0.0882425 0.0994606 0.0125
12 -0.373788 -0.0739541 0.0930438 0.0125
11 -0.361761 -0.0604798 0.0842626 0.0125
10 -0.347223 -0.0484801 0.0722432 0.0125
9 -0.331119 -0.0344437 0.0592106 0.0125
4 -0.235364 0.134788 0.0221862 0.0125
1 -0.123254 0.288006 0.0940031 0.0125
8 -0.31336 -0.0218141 0.0502008 0.0125
5 -0.255262 0.0846734 0.0121866 0.0125
6 -0.273331 0.0535242 0.0152681 0.0125
7 -0.302577 -0.00943741 0.037011 0.0125
e_1_4 1 4 1 0.0125 -0.179309 0.211397 0.0580948 0.0838721 -0.382543 -0.7284 0.562192 0.202983
e_4_5 4 5 2 0.0125 -0.245312 0.109731 0.0171864 -0.18156 -0.474965 -0.604631 0.613079 0.054839
e_5_6 5 6 3 0.0125 -0.264296 0.0690991 0.0137267 0.262332 -0.108773 -0.66748 0.688347 0.036143
e_6_7 6 7 4 0.0125 -0.287954 0.0220434 0.0261395 0.647543 0.282994 -0.520072 0.479716 0.072748
e_7_8 7 8 5 0.0125 -0.307968 -0.0156258 0.0436059 0.794978 0.421321 -0.0964719 -0.425666 0.021058
e_8_9 8 9 6 0.0125 -0.322239 -0.0281293 0.0547065 0.83029 0.299549 -0.468218 0.0407612 0.023581
e_9_10 9 10 7 0.0125 -0.339171 -0.0414618 0.0657275 0.853562 0.390302 -0.295429 -0.178376 0.025025
e_10_11 10 11 8 0.0125 -0.354492 -0.0544801 0.0782523 0.852741 0.383981 -0.289365 -0.204107 0.022356
e_11_12 11 12 9 0.0125 -0.367774 -0.0672168 0.0886537 0.847139 0.408494 -0.338392 -0.031301 0.020083
e_12_2 12 2 10 0.0125 -0.38092 -0.0810978 0.0962527 0.77538 0.285542 -0.516737 0.224131 0.021185
4 6 5
2 0.368673 -0.123053 0.0208979 0.0125
7 0.321603 -0.0791013 0.0222026 0.0125
6 0.287555 -0.0445726 0.035618 0.0125
5 0.26276 -0.0265686 0.0467933 0.0125
1 0.170494 0.288363 0.0121145 0.0125
4 0.207909 0.0601899 0.0860629 0.0125
e_1_4 1 4 1 0.0125 0.189202 0.174277 0.0490892 -0.740121 -0.57142 0.145496 -0.323312 0.242757
e_4_5 4 5 2 0.0125 0.235335 0.0168107 0.0664281 -0.360177 -0.782374 0.25798 -0.437733 0.109899
e_5_6 5 6 3 0.0125 0.275157 -0.0355706 0.0412056 -0.219436 -0.796773 0.190986 -0.529646 0.032616
e_6_7 6 7 4 0.0125 0.304579 -0.0618364 0.0289098 -0.323695 -0.775138 0.18021 -0.511769 0.050313
e_7_2 7 2 5 0.0125 0.345138 -0.101077 0.0215499 -0.426197 -0.710914 0.0687726 -0.555183 0.064414
