4
1 10 9
2 -0.255263 -0.148044 0.0166195 0.0125
11 -0.238995 -0.141465 0.0274221 0.0125
10 -0.225878 -0.138662 0.0424406 0.0125
9 -0.205907 -0.129315 0.0508586 0.0125
4 0.123344 -0.261524 0.0168711 0.0125
1 0.185818 -0.287473 0.0131124 0.0125
8 -0.180381 -0.132162 0.0593682 0.0125
5 -0.0745196 -0.178617 0.0357528 0.0125
6 -0.110454 -0.142578 0.0438355 0.0125
7 -0.139924 -0.130777 0.0523793 0.0125
e_1_4 1 4 1 0.0125 0.154581 -0.274498 0.0149918 -0.460703 -0.323527 0.606293 0.561686 0.067754
e_4_5 4 5 2 0.0125 0.0244113 -0.220071 0.0263122 -0.168565 -0.546771 0.39649 0.71793 0.21536
e_5_6 5 6 3 0.0125 -0.0924871 -0.160597 0.0397937 -0.299802 -0.240078 0.603272 0.69896 0.051531
e_6_7 6 7 4 0.0125 -0.125189 -0.136677 0.0481074 0.400994 -0.601607 -0.0901783 0.684939 0.032874
e_7_8 7 8 5 0.0125 -0.160152 -0.13147 0.0558735 0.750195 0.147236 -0.627097 -0.149259 0.041079
e_8_9 8 9 6 0.0125 -0.193144 -0.130738 0.055113 -0.0203259 0.808342 -0.0618223 -0.585105 0.027058
e_9_10 9 10 7 0.0125 -0.215893 -0.133989 0.0466494 0.40182 0.773787 -0.282117 -0.400257 0.023602
e_10_11 10 11 8 0.0125 -0.232437 -0.140064 0.0349311 0.0408316 0.930025 0.0893182 -0.35413 0.020136
e_11_2 11 2 9 0.0125 -0.247129 -0.144755 0.0220205 0.255282 0.860913 -0.14476 -0.415578 0.020607
2 8 7
2 0.119107 -0.0661508 0.0811564 0.0125
9 0.102096 -0.0623472 0.0657973 0.0125
4 -0.227388 -0.0116067 0.0356053 0.0125
1 -0.344339 -0.020346 0.0124226 0.0125
8 0.0895262 -0.065113 0.0494914 0.0125
5 -0.171871 -0.0123618 0.0345426 0.0125
6 0.017979 -0.029566 0.0123536 0.0125
7 0.0697277 -0.0576274 0.0338 0.0125
e_1_4 1 4 1 0.0125 -0.285863 -0.0159759 0.0240142 0.745408 0.120939 0.623227 0.203298 0.119546
e_4_5 4 5 2 0.0125 -0.19963 -0.0119842 0.0350739 0.669025 0.220226 0.67902 0.206973 0.055532
e_5_6 5 6 3 0.0125 -0.0769457 -0.0209639 0.0234479 0.634596 0.286572 0.689701 0.198689 0.191916
e_6_7 6 7 4 0.0125 0.0438538 -0.0435966 0.0230766 0.813235 0.332273 0.467378 0.0989976 0.062652
e_7_8 7 8 5 0.0125 0.0796264 -0.0613706 0.0416456 0.887902 0.203774 0.400875 0.0969857 0.026349
e_8_9 8 9 6 0.0125 0.095811 -0.0637301 0.0576444 0.93785 -0.0314422 0.326408 0.113609 0.020773
e_9_2 9 2 7 0.0125 0.110602 -0.0642497 0.0734767 0.905233 0.135665 0.388642 0.10538 0.023232
3 8 7
2 0.456769 0.0543979 0.199865 0.0125
9 0.439828 0.0319937 0.198244 0.0125
4 0.162482 -0.0760011 0.0807188 0.0125
1 0.0609857 -0.102686 0.0114965 0.0125
8 0.428465 0.0162013 0.21104 0.0125
5 0.218594 -0.0795759 0.097533 0.0125
6 0.370053 -0.0146046 0.202519 0.0125
7 0.40522 0.00866684 0.215081 0.0125
e_1_4 1 4 1 0.0125 0.111734 -0.0893436 0.0461082 -0.847389 0.240557 -0.408444 0.239242 0.125719
e_4_5 4 5 2 0.0125 0.190538 -0.0777889 0.0891262 -0.74945 0.176793 -0.570513 0.285629 0.058686
e_5_6 5 6 3 0.0125 0.294323 -0.0470903 0.150026 -0.850885 0.290555 -0.38333 0.211258 0.195405
e_6_7 6 7 4 0.0125 0.387636 -0.0029689 0.2088 -0.787458 0.417573 -0.427646 0.150537 0.044001
e_7_8 7 8 5 0.0125 0.416842 0.0124342 0.213061 -0.624966 0.414302 -0.640264 0.166833 0.024768
e_8_9 8 9 6 0.0125 0.434146 0.0240983 0.204642 -0.474103 0.690267 -0.546159 -0.0216497 0.023286
e_9_2 9 2 7 0.0125 0.448299 0.0431957 0.199054 -0.725463 0.574738 -0.37533 0.0500756 0.028135
4 10 9
2 -0.0354981 0.0753205 0.146065 0.0125
11 -0.0183341 0.0820036 0.154049 0.0125
10 -0.00133141 0.0902056 0.147314 0.0125
9 0.0183617 0.0863185 0.145808 0.0125
4 -0.00659027 -0.0619406 0.0198542 0.0125
1 -0.11177 -0.239975 0.0124996 0.0125
8 0.0344365 0.0794633 0.134936 0.0125
5 0.0524656 0.00506872 0.0695795 0.0125
6 0.0471663 0.065813 0.0958351 0.0125
7 0.0389905 0.0748924 0.115387 0.0125
e_1_4 1 4 1 0.0125 -0.0591806 -0.150958 0.016177 0.243136 -0.534468 -0.443363 -0.677243 0.206913
e_4_5 4 5 2 0.0125 0.0229378 -0.0284365 0.0447172 0.361461 -0.463579 -0.204661 -0.782659 0.102228
e_5_6 5 6 3 0.0125 0.0498157 0.0354413 0.0827074 0.514345 -0.299597 -0.460974 -0.658175 0.066388
e_6_7 6 7 4 0.0125 0.0430788 0.0703529 0.105611 0.731656 -0.0362658 -0.273251 -0.623457 0.023055
e_7_8 7 8 5 0.0125 0.0367134 0.0771777 0.125162 0.746446 -0.0116858 -0.158284 -0.646241 0.020586
e_8_9 8 9 6 0.0125 0.0263991 0.0828909 0.140372 0.747052 0.0691517 -0.480729 -0.453906 0.020581
e_9_10 9 10 7 0.0125 0.00851553 0.0882622 0.146561 0.680961 0.124776 -0.668594 -0.271485 0.02013
e_10_11 10 11 8 0.0125 -0.00983246 0.0861054 0.150681 0.796345 0.360724 -0.449281 -0.184009 0.020043
e_11_2 11 2 9 0.0125 -0.0269163 0.0786625 0.150057 0.547659 0.253361 -0.796661 0.0347768 0.020076
