4
1 9 8
2 0.287887 -0.00819866 0.0332848 0.0125
10 0.266683 -0.0124605 0.0367733 0.0125
9 0.243681 -0.017076 0.0321261 0.0125
4 0.0274322 -0.0509858 0.0186179 0.0125
1 -0.109102 -0.235906 0.0114982 0.0125
8 0.222266 -0.0204605 0.0284696 0.0125
5 0.0527295 -0.0406637 0.0114937 0.0125
6 0.170032 -0.0303433 0.011508 0.0125
7 0.200095 -0.0277505 0.0194457 0.0125
e_1_4 1 4 1 0.0125 -0.0408345 -0.143446 0.0150575 0.69222 -0.430165 0.547247 0.190553 0.229974
e_4_5 4 5 2 0.0125 0.0400808 -0.0458241 0.0150556 0.571029 -0.0172542 0.791105 0.218591 0.028236
e_5_6 5 6 3 0.0125 0.111381 -0.0355031 0.0115011 0.683333 0.121373 0.69657 0.181974 0.117756
e_6_7 6 7 4 0.0125 0.185064 -0.0290469 0.0154768 0.775073 0.0736159 0.606115 0.162689 0.031201
e_7_8 7 8 5 0.0125 0.211181 -0.0241055 0.0239576 0.808475 -0.0667414 0.561454 0.163348 0.025022
e_8_9 8 9 6 0.0125 0.232974 -0.0187682 0.0302977 0.743369 0.0478828 0.643857 0.174811 0.021987
e_9_10 9 10 7 0.0125 0.255182 -0.0147687 0.0344495 0.752715 0.0191909 0.634404 0.17488 0.023916
e_10_2 10 2 8 0.0125 0.277285 -0.0103296 0.0350291 0.616617 0.0879835 0.75624 0.20036 0.021908
2 9 8
2 0.0919125 0.204304 0.0114998 0.0125
10 0.0882438 0.185847 0.0185315 0.0125
9 0.0849129 0.168288 0.0287941 0.0125
4 0.0809069 -0.13786 0.0135895 0.0125
1 0.0651227 -0.271384 0.0290643 0.0125
8 0.0781227 0.150869 0.0422097 0.0125
5 0.0788848 -0.013306 0.0417547 0.0125
6 0.0944519 0.08951 0.0618202 0.0125
7 0.0847941 0.134481 0.0522622 0.0125
e_1_4 1 4 1 0.0125 0.0730147 -0.204622 0.0213263 0.662246 -0.72911 0.159906 0.0652624 0.135341
e_4_5 4 5 2 0.0125 0.0798963 -0.0755834 0.0276714 0.780108 -0.623869 0.0228077 0.0412108 0.127715
e_5_6 5 6 3 0.0125 0.0866678 0.0381021 0.0517871 0.769088 -0.62068 0.141494 0.0569168 0.105906
e_6_7 6 7 4 0.0125 0.0896225 0.111995 0.0570412 0.630441 -0.76501 -0.128414 0.0285378 0.046979
e_7_8 7 8 5 0.0125 0.0814579 0.142675 0.0472355 0.502966 -0.803656 -0.318023 0.00491554 0.02035
e_8_9 8 9 6 0.0125 0.0815178 0.159578 0.0355019 0.442629 -0.724139 0.516835 0.11218 0.023011
e_9_10 9 10 7 0.0125 0.0865788 0.177068 0.0236627 0.492968 -0.807815 0.310511 0.0894474 0.020609
e_10_2 10 2 8 0.0125 0.0900782 0.195076 0.0150163 0.563997 -0.773877 0.275898 0.083081 0.020088
3 11 10
2 0.382635 0.0904403 0.011495 0.0125
12 0.369498 0.0933262 0.0273919 0.0125
11 0.353295 0.102603 0.0347255 0.0125
10 0.334947 0.102206 0.0454771 0.0125
9 0.315009 0.0993526 0.0561309 0.0125
4 0.0536369 -0.0169684 0.0916463 0.0125
1 -0.0443453 -0.0626216 0.08736 0.0125
8 0.297107 0.100493 0.0725887 0.0125
5 0.23623 0.0634461 0.105582 0.0125
6 0.255199 0.0721814 0.103616 0.0125
7 0.277841 0.0952267 0.090007 0.0125
e_1_4 1 4 1 0.0125 0.00464581 -0.0397951 0.0895024 0.634667 0.0403811 0.691779 0.342067 0.108181
e_4_5 4 5 2 0.0125 0.144933 0.023239 0.0986149 0.651076 0.0395521 0.680877 0.333079 0.200002
e_5_6 5 6 3 0.0125 0.245714 0.0678138 0.1046 0.573788 0.0876029 0.734291 0.352008 0.020977
e_6_7 6 7 4 0.0125 0.26652 0.0837043 0.0968119 0.336964 0.100905 0.827001 0.438569 0.035056
e_7_8 7 8 5 0.0125 0.287474 0.0978592 0.0812979 0.312133 0.395831 0.81973 0.27191 0.026501
e_8_9 8 9 6 0.0125 0.306058 0.0999226 0.0643598 0.354822 0.482458 0.777977 0.189964 0.024344
e_9_10 9 10 7 0.0125 0.324979 0.100779 0.0508043 0.441419 0.33524 0.788291 0.267132 0.022786
e_10_11 10 11 8 0.0125 0.344122 0.102405 0.0401009 0.44031 0.386408 0.776805 0.231063 0.02127
e_11_12 11 12 9 0.0125 0.361397 0.0979643 0.0310588 0.558467 0.499933 0.65793 0.0728686 0.020059
e_12_2 12 2 10 0.0125 0.376066 0.0918834 0.019443 0.314274 0.556681 0.756182 0.139738 0.020824
4 6 5
2 0.315516 -0.171789 0.103917 0.0125
7 0.277044 -0.15425 0.089676 0.0125
6 0.258646 -0.150541 0.0768126 0.0125
5 0.23103 -0.156263 0.0771258 0.0125
1 -0.160335 -0.0742025 0.017007 0.0125
4 0.157305 -0.14191 0.0683084 0.0125
e_1_4 1 4 1 0.0125 -0.00151412 -0.108056 0.0426579 0.571743 0.520611 0.388519 0.501125 0.328803
e_4_5 4 5 2 0.0125 0.194168 -0.149087 0.0727169 0.53857 0.543733 0.382174 0.517918 0.075625
e_5_6 5 6 3 0.0125 0.244839 -0.153402 0.0769694 0.334213 0.543992 0.457839 0.618674 0.028204
e_6_7 6 7 4 0.0125 0.267845 -0.152396 0.0832445 0.841342 0.228896 0.406129 0.273511 0.022754
e_7_2 7 2 5 0.0125 0.29628 -0.16302 0.0967969 0.702961 0.475356 0.338279 0.406756 0.044614
