4
1 9 8
2 -0.125119 0.124012 0.0114999 0.0125
10 -0.111113 0.135682 0.0205127 0.0125
9 -0.0905402 0.13694 0.0233791 0.0125
4 0.0924921 0.0418773 0.0139986 0.0125
1 0.290348 -0.0998337 0.0117473 0.0125
8 -0.0703929 0.141966 0.024974 0.0125
5 0.000769393 0.0994296 0.0134715 0.0125
6 -0.0266367 0.119803 0.0114984 0.0125
7 -0.0500929 0.137352 0.0166853 0.0125
e_1_4 1 4 1 0.0125 0.19142 -0.0289783 0.0128733 0.709284 -0.440838 -0.548667 0.0392774 0.243381
e_4_5 4 5 2 0.0125 0.0466301 0.0706536 0.013735 0.70533 -0.384229 -0.595651 0.00882973 0.108285
e_5_6 5 6 3 0.0125 -0.0129332 0.109617 0.0124849 0.684524 -0.475894 -0.549879 0.0508525 0.034206
e_6_7 6 7 4 0.0125 -0.0383648 0.128578 0.0140921 0.765032 -0.413485 -0.4918 0.0434695 0.029751
e_7_8 7 8 5 0.0125 -0.0602425 0.139659 0.0208292 0.822372 -0.0619783 -0.557843 -0.0931406 0.022407
e_8_9 8 9 6 0.0125 -0.0804663 0.139452 0.0241767 0.618999 0.455362 -0.575276 -0.280257 0.020826
e_9_10 9 10 7 0.0125 -0.100826 0.136311 0.0219457 0.60137 0.344417 -0.671004 -0.263599 0.02081
e_10_2 10 2 8 0.0125 -0.118116 0.129847 0.0160063 0.416327 0.829979 -0.180925 -0.324148 0.020336
2 8 7
2 -0.266994 -0.189231 0.058623 0.0125
9 -0.255374 -0.173583 0.0534881 0.0125
4 -0.182693 -0.0789785 0.0119613 0.0125
1 0.0744314 0.136942 0.0450261 0.0125
8 -0.241857 -0.169762 0.0391696 0.0125
5 -0.196632 -0.120659 0.0142435 0.0125
6 -0.216 -0.145966 0.0120869 0.0125
7 -0.225361 -0.162224 0.0209629 0.0125
e_1_4 1 4 1 0.0125 -0.0541312 0.028981 0.0284934 0.649479 0.605138 -0.427561 -0.170811 0.337384
e_4_5 4 5 2 0.0125 -0.189663 -0.0998192 0.0131026 0.725077 0.656987 -0.206021 -0.0136645 0.044009
e_5_6 5 6 3 0.0125 -0.206316 -0.133312 0.013165 0.674386 0.642571 -0.347645 -0.106998 0.031941
e_6_7 6 7 4 0.0125 -0.220681 -0.154095 0.0165255 0.839448 0.490855 -0.212668 -0.0957143 0.020754
e_7_8 7 8 5 0.0125 -0.233609 -0.165993 0.0300661 0.890842 0.245445 -0.292441 -0.246242 0.025699
e_8_9 8 9 6 0.0125 -0.248616 -0.171673 0.0463289 0.8837 0.206648 -0.316825 -0.275666 0.020058
e_9_2 9 2 7 0.0125 -0.261185 -0.181407 0.0560555 0.783042 0.539273 -0.286023 -0.119248 0.020155
3 10 9
2 0.134513 -0.0563424 0.264477 0.0125
11 0.11619 -0.0543158 0.256024 0.0125
10 0.108201 -0.0463873 0.239406 0.0125
9 0.0999465 -0.0361598 0.223907 0.0125
4 -0.0808376 -0.0441964 0.122036 0.0125
1 -0.252798 0.0324211 0.0114949 0.0125
8 0.0850889 -0.0331755 0.207401 0.0125
5 -0.0589768 -0.0496164 0.135881 0.0125
6 0.017753 -0.0343277 0.153074 0.0125
7 0.0574828 -0.0481467 0.177178 0.0125
e_1_4 1 4 1 0.0125 -0.166818 -0.00588704 0.066765 0.858086 0.132019 0.478955 -0.129853 0.218311
e_4_5 4 5 2 0.0125 -0.0699074 -0.0469064 0.128958 0.865276 0.0542061 0.484989 -0.114651 0.026438
e_5_6 5 6 3 0.0125 -0.0206125 -0.041972 0.144477 0.776738 -0.171883 0.602611 -0.0631914 0.080105
e_6_7 6 7 4 0.0125 0.0376172 -0.0412371 0.165126 0.856472 0.0959022 0.492147 -0.122678 0.048481
e_7_8 7 8 5 0.0125 0.0712858 -0.0406606 0.192289 0.918214 -0.208653 0.331298 -0.0599018 0.043585
e_8_9 8 9 6 0.0125 0.0925183 -0.0346673 0.215653 0.925211 0.0286231 0.36176 -0.110885 0.022407
e_9_10 9 10 7 0.0125 0.104074 -0.0412741 0.231656 0.926889 0.230295 0.256156 -0.149079 0.020321
e_10_11 10 11 8 0.0125 0.112196 -0.0503511 0.247715 0.945925 0.174207 0.235932 -0.138617 0.020072
e_11_2 11 2 9 0.0125 0.125352 -0.0553291 0.260251 0.835555 -0.00561837 0.539964 -0.101264 0.02028
4 6 5
2 -0.132305 -0.385472 0.300509 0.0125
7 -0.121281 -0.369852 0.288454 0.0125
6 -0.12254 -0.349291 0.281797 0.0125
5 -0.117377 -0.321889 0.238627 0.0125
1 -0.0503125 -0.00554664 0.0115394 0.0125
4 -0.0623634 -0.159758 0.0739283 0.0125
e_1_4 1 4 1 0.0125 -0.056338 -0.0826523 0.0427339 -0.0489961 -0.0764758 -0.554186 0.827423 0.16679
e_4_5 4 5 2 0.0125 -0.0898695 -0.240824 0.156278 0.0060809 -0.123383 -0.371676 0.920107 0.237568
e_5_6 5 6 3 0.0125 -0.119959 -0.33559 0.260212 -0.0377731 -0.0632779 -0.275671 0.958423 0.051392
e_6_7 6 7 4 0.0125 -0.121911 -0.359572 0.285125 -0.0910998 -0.0304327 -0.587616 0.803419 0.021649
e_7_2 7 2 5 0.0125 -0.126793 -0.377662 0.294482 0.0981594 -0.232533 -0.423389 0.870078 0.022602
