4
1 11 10
2 0.0968426 -0.169281 0.01167 0.0125
12 0.0807035 -0.160059 0.0190713 0.0125
11 0.0710497 -0.143271 0.0241403 0.0125
10 0.0597586 -0.127456 0.0289017 0.0125
9 0.0498073 -0.114533 0.0404796 0.0125
4 -0.208616 0.0550258 0.0416447 0.0125
1 -0.306793 0.07986 0.012295 0.0125
8 0.0377241 -0.0997442 0.046534 0.0125
5 -0.118507 -0.00349008 0.0395927 0.0125
6 0.00353911 -0.0769636 0.0575507 0.0125
7 0.02222 -0.0902684 0.0559387 0.0125
e_1_4 1 4 1 0.0125 -0.257705 0.0674425 0.0269702 -0.71664 0.126109 -0.587294 0.354413 0.105436
e_4_5 4 5 2 0.0125 -0.163561 0.0257678 0.0406187 -0.581909 0.010069 -0.713756 0.389656 0.107462
e_5_6 5 6 3 0.0125 -0.0574833 -0.040227 0.0485717 -0.646402 -0.00661365 -0.66138 0.380391 0.143583
e_6_7 6 7 4 0.0125 0.0128796 -0.083616 0.0567447 -0.556969 -0.00290877 -0.731469 0.393357 0.022991
e_7_8 7 8 5 0.0125 0.029972 -0.0950066 0.051236 -0.353177 0.232112 -0.822162 0.381365 0.020461
e_8_9 8 9 6 0.0125 0.0437655 -0.107139 0.0435068 -0.429532 -0.103911 -0.80019 0.405463 0.020034
e_9_10 9 10 7 0.0125 0.054783 -0.120994 0.0346906 -0.236049 0.102737 -0.882532 0.393526 0.020003
e_10_11 10 11 8 0.0125 0.0654045 -0.135364 0.0265206 -0.468113 -0.187589 -0.764067 0.402346 0.020006
e_11_12 11 12 9 0.0125 0.0758769 -0.151664 0.0216058 -0.462899 -0.262249 -0.746883 0.398893 0.020018
e_12_2 12 2 10 0.0125 0.0887732 -0.164669 0.0153703 -0.407816 0.195352 -0.804247 0.385629 0.020008
2 8 7
2 -0.388505 0.0682248 0.0297768 0.0125
9 -0.367511 0.0762721 0.0250869 0.0125
4 -0.14441 -0.032885 0.0245425 0.0125
1 0.0677919 -0.10233 0.0114984 0.0125
8 -0.346683 0.0749233 0.0193339 0.0125
5 -0.263988 0.0184969 0.0150829 0.0125
6 -0.290759 0.0402446 0.0130036 0.0125
7 -0.320122 0.0595219 0.0121084 0.0125
e_1_4 1 4 1 0.0125 -0.0383094 -0.0676068 0.0180206 0.176682 0.580779 -0.365425 -0.705651 0.223657
e_4_5 4 5 2 0.0125 -0.204199 -0.00719363 0.0198121 0.12941 0.605609 -0.411685 -0.668586 0.130492
e_5_6 5 6 3 0.0125 -0.277372 0.0293705 0.0140428 0.0147843 0.555076 -0.47114 -0.685346 0.034554
e_6_7 6 7 4 0.0125 -0.30544 0.0498829 0.0125557 0.0598216 0.562702 -0.442842 -0.69547 0.035137
e_7_8 7 8 5 0.0125 -0.333402 0.0672222 0.0157217 0.102088 0.491966 -0.378716 -0.777253 0.031542
e_8_9 8 9 6 0.0125 -0.357097 0.0755974 0.0222107 0.293231 0.547645 -0.259281 -0.739509 0.021651
e_9_2 9 2 7 0.0125 -0.378008 0.0722482 0.0274322 0.450649 0.610609 -0.158272 -0.631682 0.022967
3 6 5
2 0.0497416 -0.208394 0.0117808 0.0125
7 0.0265742 -0.1862 0.0204181 0.0125
6 0.0116978 -0.170592 0.0212435 0.0125
5 -0.0577738 -0.107889 0.0226691 0.0125
1 -0.388504 -0.0214586 0.0817799 0.0125
4 -0.130275 -0.0891474 0.0119025 0.0125
e_1_4 1 4 1 0.0125 -0.25939 -0.0553026 0.0468408 0.494157 0.612735 0.501167 0.359439 0.275948
e_4_5 4 5 2 0.0125 -0.0940243 -0.0985182 0.0172858 0.726087 -0.018426 0.654602 -0.209655 0.075655
e_5_6 5 6 3 0.0125 -0.0230379 -0.13924 0.0219562 0.645857 0.646146 0.300188 0.274321 0.093595
e_6_7 6 7 4 0.0125 0.0191363 -0.178396 0.02083 0.626334 0.68443 0.225151 0.297605 0.021578
e_7_2 7 2 5 0.0125 0.0381579 -0.197297 0.0160994 0.430925 0.793496 0.0184891 0.429332 0.033225
4 9 8
2 0.0494087 -0.256513 0.0235579 0.0125
10 0.0350774 -0.242158 0.0223919 0.0125
9 0.0211365 -0.227306 0.0189459 0.0125
4 -0.0654751 -0.166406 0.0249164 0.0125
1 -0.388029 -0.0510207 0.0933076 0.0125
8 0.00560617 -0.216948 0.0117056 0.0125
5 -0.0452743 -0.176447 0.0197084 0.0125
6 -0.0247932 -0.186471 0.0156867 0.0125
7 -0.00974984 -0.200821 0.0121414 0.0125
e_1_4 1 4 1 0.0125 -0.226752 -0.108713 0.0591122 0.136166 0.766993 -0.0980317 0.61933 0.349331
e_4_5 4 5 2 0.0125 -0.0553746 -0.171427 0.0223126 0.217244 0.778311 -0.08189 0.583379 0.023152
e_5_6 5 6 3 0.0125 -0.0350336 -0.18146 0.0176978 0.214369 0.760997 -0.0879833 0.60596 0.023155
e_6_7 6 7 4 0.0125 -0.0172711 -0.193646 0.0139137 0.418334 0.763027 -0.0428066 0.490871 0.02109
e_7_8 7 8 5 0.0125 -0.00207136 -0.208884 0.0119236 0.475853 0.712596 -0.0446455 0.513594 0.022273
e_8_9 8 9 6 0.0125 0.0133713 -0.222127 0.0153251 0.29207 0.550559 -0.126837 0.771682 0.020023
e_9_10 9 10 7 0.0125 0.0281065 -0.234733 0.0206688 0.508371 0.642889 -0.0572499 0.570067 0.02066
e_10_2 10 2 8 0.0125 0.042243 -0.249336 0.0229749 0.471541 0.684289 -0.0552471 0.553485 0.020318
