4
1 10 9
2 -0.0550417 -0.288502 0.0831034 0.0125
11 -0.0467997 -0.272196 0.0698073 0.0125
10 -0.0391528 -0.2574 0.0578406 0.0125
9 -0.0353172 -0.239269 0.0498367 0.0125
4 -0.1159 -0.0164468 0.0114987 0.0125
1 -0.220898 0.126138 0.083427 0.0125
8 -0.0381098 -0.221107 0.0399 0.0125
5 -0.0589149 -0.13116 0.0114997 0.0125
6 -0.0492868 -0.174755 0.0256934 0.0125
7 -0.0441328 -0.197668 0.0328633 0.0125
e_1_4 1 4 1 0.0125 -0.168399 0.0548456 0.0474629 0.521704 0.799483 0.221355 0.199132 0.191125
e_4_5 4 5 2 0.0125 -0.087407 -0.0738039 0.0114995 0.683616 0.692649 0.142251 0.180753 0.128088
e_5_6 5 6 3 0.0125 -0.0541009 -0.152957 0.0185966 0.789664 0.590328 0.00522875 0.167079 0.046847
e_6_7 6 7 4 0.0125 -0.0467098 -0.186211 0.0292783 0.785967 0.594939 0.00628098 0.16812 0.024555
e_7_8 7 8 5 0.0125 -0.0411215 -0.209387 0.0363821 0.78193 0.599845 0.0239909 0.167915 0.025203
e_8_9 8 9 6 0.0125 -0.0367133 -0.230188 0.044869 0.845915 0.511917 -0.0112338 0.149136 0.02089
e_9_10 9 10 7 0.0125 -0.037235 -0.248335 0.0538387 0.819561 0.504901 -0.216365 0.163037 0.020187
e_10_11 10 11 8 0.0125 -0.0429761 -0.264798 0.0638247 0.87977 0.369494 -0.267845 0.133185 0.020508
e_11_2 11 2 9 0.0125 -0.0509205 -0.280349 0.076455 0.881215 0.369826 -0.26273 0.132894 0.022597
2 7 6
2 0.417317 0.00816897 0.252171 0.0125
4 0.28415 -0.16838 0.0971631 0.0125
1 0.108603 -0.285015 0.0123291 0.0125
8 0.410039 -0.00371767 0.235596 0.0125
5 0.336544 -0.0823673 0.165863 0.0125
6 0.391031 -0.0330489 0.209585 0.0125
7 0.402549 -0.0174212 0.222257 0.0125
e_1_4 1 4 1 0.0125 0.196377 -0.226697 0.0547463 0.686141 -0.517895 0.212333 -0.46466 0.227195
e_4_5 4 5 2 0.0125 0.310347 -0.125373 0.131514 0.788203 -0.465787 0.0358819 -0.400613 0.121914
e_5_6 5 6 3 0.0125 0.363788 -0.0577074 0.187724 0.742689 -0.473868 0.140738 -0.451725 0.085515
e_6_7 6 7 4 0.0125 0.39679 -0.025235 0.215921 0.774857 -0.471295 0.0676751 -0.41581 0.023183
e_7_8 7 8 5 0.0125 0.406295 -0.0105695 0.228927 0.811757 -0.418379 0.0147782 -0.407175 0.020539
e_8_2 8 2 6 0.0125 0.413679 0.00222528 0.243884 0.831127 -0.341813 0.0220097 -0.438072 0.021655
3 11 10
2 0.0368765 -0.251747 0.0125016 0.0125
12 0.0559819 -0.258217 0.0123436 0.0125
11 0.0759902 -0.259034 0.0144639 0.0125
10 0.0942426 -0.252155 0.0191996 0.0125
9 0.113466 -0.243094 0.0243259 0.0125
4 0.2593 -0.105347 0.0121071 0.0125
1 0.334995 0.0953217 0.0131306 0.0125
8 0.132009 -0.231514 0.0247117 0.0125
5 0.201079 -0.171958 0.0170818 0.0125
6 0.17785 -0.201491 0.0218568 0.0125
7 0.149653 -0.220238 0.0223633 0.0125
e_1_4 1 4 1 0.0125 0.297148 -0.00501279 0.0126185 -0.0933077 -0.335681 -0.624264 0.699218 0.214473
e_4_5 4 5 2 0.0125 0.23019 -0.138653 0.0145944 0.105995 -0.371815 -0.57765 0.718915 0.088609
e_5_6 5 6 3 0.0125 0.189465 -0.186725 0.0194686 0.0902527 -0.343209 -0.564961 0.744904 0.037876
e_6_7 6 7 4 0.0125 0.163751 -0.210864 0.0221097 0.232959 -0.425224 -0.558303 0.673211 0.033864
e_7_8 7 8 5 0.0125 0.140831 -0.225876 0.0235375 0.259196 -0.401795 -0.531814 0.698965 0.02107
e_8_9 8 9 6 0.0125 0.122738 -0.237304 0.0245188 0.240843 -0.43835 -0.562738 0.658157 0.021865
e_9_10 9 10 7 0.0125 0.103854 -0.247625 0.021762 0.253833 -0.510662 -0.597057 0.564195 0.021862
e_10_11 10 11 8 0.0125 0.0851161 -0.255594 0.0168314 0.287514 -0.522212 -0.587574 0.547162 0.020072
e_11_12 11 12 9 0.0125 0.065986 -0.258625 0.0134031 0.472577 -0.547049 -0.503389 0.473294 0.020137
e_12_2 12 2 10 0.0125 0.0464296 -0.254983 0.0124223 0.59171 -0.556851 -0.431263 0.392185 0.020172
4 10 9
2 -0.206987 -0.274182 0.0123797 0.0125
11 -0.191921 -0.262201 0.0178665 0.0125
10 -0.179565 -0.250301 0.0284452 0.0125
9 -0.165178 -0.240864 0.0390763 0.0125
4 -0.0176821 -0.14502 0.0663324 0.0125
1 0.229915 -0.105936 0.0248323 0.0125
8 -0.150753 -0.230141 0.0502511 0.0125
5 -0.068044 -0.177473 0.0761246 0.0125
6 -0.112373 -0.199136 0.0587842 0.0125
7 -0.134849 -0.210798 0.0572047 0.0125
e_1_4 1 4 1 0.0125 0.106116 -0.125478 0.0455823 -0.509277 0.408227 0.50168 -0.567719 0.254075
e_4_5 4 5 2 0.0125 -0.0428631 -0.161246 0.071228 -0.396784 0.282066 0.582909 -0.650553 0.060707
e_5_6 5 6 3 0.0125 -0.0902089 -0.188304 0.0674544 -0.145734 0.619117 0.531489 -0.559442 0.052298
e_6_7 6 7 4 0.0125 -0.123611 -0.204967 0.0579945 -0.283347 0.449995 0.573261 -0.62337 0.025371
e_7_8 7 8 5 0.0125 -0.142801 -0.22047 0.0537284 0.0350128 0.54033 0.584648 -0.604156 0.025989
e_8_9 8 9 6 0.0125 -0.157966 -0.235503 0.0446637 0.0276737 0.73008 0.480625 -0.484991 0.021164
e_9_10 9 10 7 0.0125 -0.172372 -0.245582 0.0337612 -0.000799748 0.729526 0.480195 -0.487036 0.020226
e_10_11 10 11 8 0.0125 -0.185744 -0.256251 0.0231559 0.0893867 0.729306 0.480157 -0.479137 0.020155
e_11_2 11 2 9 0.0125 -0.199454 -0.268192 0.0151231 -0.0748317 0.558208 0.570505 -0.597769 0.020015
