4
1 6 5
2 0.382951 -0.133357 0.0575008 0.0125
7 0.361764 -0.129325 0.0479382 0.0125
6 0.342574 -0.1272 0.0384021 0.0125
5 0.321658 -0.124996 0.0331972 0.0125
1 -0.108279 -0.0763834 0.0122881 0.0125
4 0.280992 -0.120432 0.0298148 0.0125
e_1_4 1 4 1 0.0125 0.0863566 -0.0984075 0.0210515 0.582579 0.469063 0.507575 0.427725 0.392147
e_4_5 4 5 2 0.0125 0.301325 -0.122714 0.0315063 0.596721 0.454964 0.501815 0.430249 0.041061
e_5_6 5 6 3 0.0125 0.332116 -0.126098 0.0357995 0.65427 0.394769 0.473338 0.438223 0.021665
e_6_7 6 7 4 0.0125 0.352169 -0.128263 0.0431698 0.726816 0.321154 0.418857 0.439497 0.021535
e_7_2 7 2 5 0.0125 0.372357 -0.131341 0.0527191 0.719286 0.362556 0.407298 0.430453 0.023592
2 11 10
2 -0.372822 -0.120241 0.0191124 0.0125
12 -0.35421 -0.11721 0.0124479 0.0125
11 -0.334019 -0.115063 0.014298 0.0125
10 -0.31331 -0.10407 0.0139431 0.0125
9 -0.290907 -0.0945493 0.0187017 0.0125
4 -0.105207 -0.114434 0.0114981 0.0125
1 0.0916393 -0.204727 0.0121753 0.0125
8 -0.267809 -0.0848129 0.0230819 0.0125
5 -0.139693 -0.102064 0.0182776 0.0125
6 -0.16913 -0.0988783 0.0246624 0.0125
7 -0.224076 -0.0845887 0.0317429 0.0125
e_1_4 1 4 1 0.0125 -0.00678369 -0.15958 0.011837 -0.323538 0.707463 0.0325531 -0.627503 0.216568
e_4_5 4 5 2 0.0125 -0.12245 -0.108249 0.0148873 -0.334973 0.635927 0.067952 -0.691934 0.03726
e_5_6 5 6 3 0.0125 -0.154411 -0.100471 0.0214704 -0.249465 0.613232 0.136215 -0.736993 0.030289
e_6_7 6 7 4 0.0125 -0.196603 -0.0917328 0.0282027 -0.285982 0.655705 0.0904078 -0.692886 0.057213
e_7_8 7 8 5 0.0125 -0.245943 -0.0847008 0.0274119 -0.106813 0.761043 0.133944 -0.62567 0.044584
e_8_9 8 9 6 0.0125 -0.279359 -0.0896811 0.0208917 0.0599955 0.7301 0.230284 -0.640565 0.025445
e_9_10 9 10 7 0.0125 -0.302108 -0.0993102 0.0163226 0.064948 0.737591 0.227778 -0.632344 0.024803
e_10_11 10 11 8 0.0125 -0.323665 -0.109566 0.0141208 0.0598943 0.645295 0.275722 -0.709919 0.023449
e_11_12 11 12 9 0.0125 -0.344115 -0.116136 0.0133734 -0.0861226 0.718369 0.171244 -0.668734 0.020388
e_12_2 12 2 10 0.0125 -0.363517 -0.118725 0.01578 -0.176011 0.536488 0.213495 -0.797258 0.020001
3 7 6
2 -0.0790863 0.0472123 0.0598098 0.0125
4 0.272374 -0.0638956 0.0206144 0.0125
1 0.387768 -0.0772982 0.0448483 0.0125
8 0.0223726 0.0303964 0.0198741 0.0125
5 0.215494 -0.0379449 0.0124549 0.0125
6 0.116818 0.0116982 0.0150374 0.0125
7 0.0643349 0.0267371 0.0122827 0.0125
e_1_4 1 4 1 0.0125 0.330071 -0.0705968 0.0327322 0.515645 0.370772 -0.681639 -0.363327 0.11867
e_4_5 4 5 2 0.0125 0.243934 -0.0509206 0.0165352 0.532331 -0.65556 -0.367357 0.389762 0.06305
e_5_6 5 6 3 0.0125 0.166157 -0.013123 0.0137465 0.632223 -0.569598 -0.404808 0.334637 0.11049
e_6_7 6 7 4 0.0125 0.0905765 0.0192178 0.0136596 0.683342 -0.287516 -0.665233 0.0885598 0.054664
e_7_8 7 8 5 0.0125 0.0433538 0.0285672 0.0160786 0.759857 0.0333255 -0.640477 -0.10628 0.042801
e_8_2 8 2 6 0.0125 -0.0283573 0.0388045 0.0398418 0.825184 -0.0978285 -0.556269 0.00811882 0.110324
4 6 5
2 0.0640941 -0.287897 0.0409054 0.0125
7 0.0218973 -0.277262 0.0474931 0.0125
6 -0.0827737 -0.195097 0.0317322 0.0125
5 -0.144112 -0.178142 0.0222908 0.0125
1 -0.387653 -0.112108 0.0512583 0.0125
4 -0.201669 -0.1694 0.0119839 0.0125
e_1_4 1 4 1 0.0125 -0.294661 -0.140754 0.0316214 0.0227117 0.747293 -0.201161 0.632908 0.198532
e_4_5 4 5 2 0.0125 -0.17289 -0.173771 0.0171373 0.00894011 0.636322 -0.0890499 0.766214 0.059122
e_5_6 5 6 3 0.0125 -0.113442 -0.18662 0.0270111 0.12773 0.649888 -0.0653366 0.746366 0.064336
e_6_7 6 7 4 0.0125 -0.0304385 -0.23618 0.0396123 0.440177 0.663796 -0.0238379 0.604194 0.133998
e_7_2 7 2 5 0.0125 0.0429958 -0.28258 0.0441985 -0.00924448 0.732487 -0.195688 0.651984 0.044012
