4
1 7 6
2 0.128133 0.0463623 0.055476 0.0125
4 0.0096989 0.111893 0.0114966 0.0125
1 -0.29351 0.288501 0.0122136 0.0125
8 0.114659 0.052002 0.0405289 0.0125
5 0.0533815 0.0744602 0.0211537 0.0125
6 0.0741085 0.0638064 0.0310073 0.0125
7 0.0944109 0.0558021 0.0308815 0.0125
e_1_4 1 4 1 0.0125 -0.141906 0.200198 0.0118554 0.0324263 -0.594642 0.383957 -0.705639 0.350894
e_4_5 4 5 2 0.0125 0.0315399 0.0931771 0.0163251 -0.0643409 -0.524152 0.377476 -0.760682 0.058332
e_5_6 5 6 3 0.0125 0.0637453 0.0691329 0.0260806 0.106244 -0.45521 0.313159 -0.826696 0.025303
e_6_7 6 7 4 0.0125 0.0842598 0.0598038 0.030945 0.119923 -0.605871 0.368524 -0.694787 0.021823
e_7_8 7 8 5 0.0125 0.104535 0.0539024 0.0357051 0.28632 -0.462529 0.272073 -0.793766 0.022749
e_8_2 8 2 6 0.0125 0.121396 0.0491821 0.0480024 0.215407 -0.304671 0.22267 -0.900663 0.020899
2 7 6
2 0.0426591 0.182783 0.0814278 0.0125
4 -0.271736 -0.00158435 0.0263085 0.0125
1 -0.382225 -0.0541815 0.0118357 0.0125
8 0.0218541 0.181402 0.0861917 0.0125
5 -0.0913236 0.124855 0.0570537 0.0125
6 -0.016823 0.169154 0.0871148 0.0125
7 0.00127605 0.177874 0.0888195 0.0125
e_1_4 1 4 1 0.0125 -0.32698 -0.0278823 0.0190721 0.74712 -0.266807 0.60835 0.023158 0.123223
e_4_5 4 5 2 0.0125 -0.18153 0.0616355 0.0416809 0.723354 -0.513842 0.408483 -0.214166 0.222442
e_5_6 5 6 3 0.0125 -0.0540734 0.147004 0.0720838 0.813677 -0.321628 0.482411 -0.0420086 0.091742
e_6_7 6 7 4 0.0125 -0.00777344 0.173513 0.0879666 0.736355 -0.287457 0.612449 0.00748245 0.020162
e_7_8 7 8 5 0.0125 0.0115655 0.179638 0.0875055 0.287555 0.610579 0.435447 0.595727 0.021043
e_8_2 8 2 6 0.0125 0.0322566 0.182093 0.0838097 0.064995 0.770539 0.132858 0.619995 0.021388
3 10 9
2 -0.306535 0.0118504 0.0261494 0.0125
11 -0.29198 0.0236235 0.0331881 0.0125
10 -0.277486 0.0373934 0.0325658 0.0125
9 -0.267349 0.0536108 0.0237062 0.0125
4 -0.137714 0.143429 0.0364568 0.0125
1 0.103646 0.272613 0.0450156 0.0125
8 -0.249604 0.0651611 0.0174417 0.0125
5 -0.165694 0.116217 0.0178924 0.0125
6 -0.213548 0.092622 0.0124474 0.0125
7 -0.232462 0.075468 0.0126823 0.0125
e_1_4 1 4 1 0.0125 -0.0170342 0.208021 0.0407369 0.677022 0.476355 -0.537316 -0.161305 0.273892
e_4_5 4 5 2 0.0125 -0.151704 0.129823 0.0271744 0.479725 0.795835 -0.285332 -0.234727 0.043221
e_5_6 5 6 3 0.0125 -0.189621 0.104419 0.0151695 0.649082 0.483786 -0.562772 -0.167125 0.053631
e_6_7 6 7 4 0.0125 -0.223006 0.084045 0.0125647 0.687841 0.588067 -0.386755 -0.177406 0.025537
e_7_8 7 8 5 0.0125 -0.241033 0.0703146 0.0150616 0.773884 0.402931 -0.471061 -0.129815 0.020559
e_8_9 8 9 6 0.0125 -0.258476 0.0593855 0.0205736 0.791199 0.401205 -0.444061 -0.125895 0.022082
e_9_10 9 10 7 0.0125 -0.272418 0.0455021 0.0281359 0.833029 0.49442 -0.213038 -0.127381 0.021077
e_10_11 10 11 8 0.0125 -0.284733 0.0305086 0.0328766 0.696224 0.588238 -0.372026 -0.17563 0.020002
e_11_2 11 2 9 0.0125 -0.299258 0.0177369 0.029669 0.523637 0.726316 -0.385265 -0.223247 0.02
4 11 10
2 -0.0859368 0.0193502 0.0374375 0.0125
12 -0.074032 0.0351445 0.0343015 0.0125
11 -0.0591011 0.0475717 0.0294752 0.0125
10 -0.0419494 0.0577767 0.0310076 0.0125
9 -0.0241822 0.068184 0.0325656 0.0125
4 0.144097 0.084713 0.039119 0.0125
1 0.387941 0.094088 0.0114945 0.0125
8 -0.0067853 0.0786569 0.0326376 0.0125
5 0.111857 0.0834748 0.0428648 0.0125
6 0.0646663 0.0816187 0.0487622 0.0125
7 0.0142305 0.080282 0.0371738 0.0125
e_1_4 1 4 1 0.0125 0.266019 0.0894011 0.025307 0.689184 0.278085 -0.605331 -0.285076 0.245582
e_4_5 4 5 2 0.0125 0.127977 0.0840945 0.0409921 0.690178 0.277377 -0.604482 -0.285162 0.03248
e_5_6 5 6 3 0.0125 0.0882621 0.082547 0.0458132 0.693243 0.275707 -0.601695 -0.285243 0.047595
e_6_7 6 7 4 0.0125 0.0394486 0.0809506 0.0429676 0.561295 0.35789 -0.695584 -0.270232 0.051767
e_7_8 7 8 5 0.0125 0.00372191 0.0794694 0.0349059 0.571095 0.377941 -0.679964 -0.262033 0.021561
e_8_9 8 9 6 0.0125 -0.0154834 0.0734211 0.0326015 0.680789 0.512635 -0.488872 -0.186377 0.020306
e_9_10 9 10 7 0.0125 -0.0330659 0.06298 0.0317863 0.654541 0.528063 -0.508778 -0.184038 0.02065
e_10_11 10 11 8 0.0125 -0.0505248 0.052674 0.0302415 0.6545 0.530786 -0.506515 -0.18259 0.020016
e_11_12 11 12 9 0.0125 -0.0665662 0.0413587 0.0318883 0.768786 0.487836 -0.37611 -0.171828 0.020017
e_12_2 12 2 10 0.0125 -0.079984 0.0272471 0.0358696 0.750653 0.574475 -0.302767 -0.121779 0.020026
