13
1 30 29
3 0.207671 -0.0790084 0.110071 0.0125
31 0.210999 -0.0729595 0.0913011 0.0125
30 0.214972 -0.0654116 0.073211 0.0125
29 0.218682 -0.0560832 0.0559125 0.0125
28 0.224341 -0.0466378 0.0392164 0.0125
4 0.19865 -0.130265 0.0341056 0.0125
27 0.20146 -0.11098 0.0275477 0.0125
26 0.207281 -0.0919769 0.0250507 0.0125
25 0.216297 -0.072511 0.0235131 0.0125
1 0.230258 -0.0372904 0.0225546 0.0125
24 0.212332 -0.0461733 0.0218463 0.0125
23 0.194671 -0.0535521 0.0160271 0.0125
22 0.176139 -0.0607882 0.013805 0.0125
21 0.158168 -0.0701171 0.0125517 0.0125
12 -0.101391 0.00400656 0.0492513 0.0125
11 -0.0970407 -0.0152414 0.052538 0.0125
10 -0.090919 -0.0344174 0.050652 0.0125
9 -0.0842761 -0.0537138 0.0481267 0.0125
2 -0.0493024 -0.112129 0.0526809 0.0125
19 0.120839 -0.0876062 0.0195995 0.0125
8 -0.0772143 -0.0735404 0.0467038 0.0125
6 -0.108385 0.0224133 0.0451169 0.0125
13 -0.0378782 -0.0934443 0.0700939 0.0125
14 -0.0345314 -0.0819766 0.0872695 0.0125
15 -0.0298747 -0.0642154 0.110266 0.0125
5 -0.0299391 -0.0514336 0.127767 0.0125
16 -0.0018556 -0.114743 0.0466953 0.0125
17 0.0460186 -0.110846 0.0309504 0.0125
18 0.0963168 -0.0955038 0.0243591 0.0125
20 0.141242 -0.080354 0.0156611 0.0125
e_2_8 2 8 1 0.0125 -0.0632578 -0.0928342 0.0496927 0.591853 -0.34708 -0.664676 -0.295722 0.047998
e_8_9 8 9 2 0.0125 -0.0807448 -0.0636272 0.0474153 0.676931 -0.509893 -0.454203 -0.274724 0.021095
e_9_10 9 10 3 0.0125 -0.087597 -0.0440653 0.0493896 0.698745 -0.506127 -0.427108 -0.270497 0.020564
e_10_11 10 11 4 0.0125 -0.0939796 -0.0248288 0.0515948 0.68809 -0.522053 -0.425241 -0.270486 0.020218
e_11_12 11 12 5 0.0125 -0.0992162 -0.00561728 0.0508946 0.584092 -0.600389 -0.470813 -0.276957 0.020005
e_12_6 12 6 6 0.0125 -0.104888 0.0132095 0.0471838 0.559304 -0.516885 -0.579304 -0.290544 0.020121
e_2_13 2 13 1 0.0125 -0.04359 -0.102787 0.0613879 0.890691 -0.400247 0.169177 -0.133605 0.027979
e_13_14 13 14 2 0.0125 -0.0362048 -0.0877104 0.0786817 0.940301 -0.297304 0.0337849 -0.162183 0.020921
e_14_15 14 15 3 0.0125 -0.0322026 -0.0730962 0.098768 0.928983 -0.329517 0.0261074 -0.166517 0.029427
e_15_5 15 5 4 0.0125 -0.0299064 -0.0578249 0.119016 0.932257 -0.303884 -0.0623086 -0.186199 0.021672
e_2_16 2 16 1 0.0125 -0.0255791 -0.113436 0.0496885 0.651661 0.169 0.730703 0.113355 0.047894
e_16_17 16 17 2 0.0125 0.0220812 -0.112795 0.038823 0.570522 0.124525 0.800148 0.136972 0.050548
e_17_18 17 18 3 0.0125 0.071168 -0.103175 0.0276553 0.657218 -0.134161 0.737688 0.0766904 0.052998
e_18_19 18 19 4 0.0125 0.108578 -0.0915547 0.0219797 0.634073 -0.137115 0.756332 0.0843405 0.026199
e_19_20 19 20 5 0.0125 0.131041 -0.08398 0.0176311 0.635868 -0.166267 0.749551 0.0787483 0.022009
e_20_21 20 21 6 0.0125 0.149706 -0.0752353 0.0141067 0.649078 -0.360423 0.669137 0.0323859 0.020024
e_21_22 21 22 7 0.0125 0.167154 -0.0654522 0.0131786 0.728478 -0.303731 0.613896 0.0141296 0.020286
e_22_23 22 23 8 0.0125 0.185405 -0.05717 0.0149159 0.744875 -0.220688 0.629114 0.0259647 0.020018
e_23_24 23 24 9 0.0125 0.203501 -0.0498629 0.0189371 0.803388 -0.232515 0.548165 -0.00433944 0.020006
e_24_1 24 1 10 0.0125 0.221295 -0.0417319 0.0222004 0.719184 -0.289544 0.631247 0.0216081 0.020019
e_1_25 1 25 1 0.0125 0.223278 -0.0549005 0.0230345 0.712796 0.670367 -0.194845 -0.0675651 0.037899
e_25_26 25 26 2 0.0125 0.211789 -0.0822435 0.0242822 0.727698 0.64547 -0.218244 -0.0787051 0.021508
e_26_27 26 27 3 0.0125 0.20437 -0.101478 0.0262996 0.747336 0.646374 -0.140959 -0.0618089 0.020031
e_27_4 27 4 4 0.0125 0.200054 -0.120623 0.0308263 0.810243 0.5818 -0.0452011 -0.0545206 0.020562
e_1_28 1 28 1 0.0125 0.2273 -0.0419641 0.0308855 0.948153 0.263128 -0.119246 -0.132478 0.02
e_28_29 28 29 2 0.0125 0.221511 -0.0513605 0.0475645 0.948843 0.264388 -0.112688 -0.130758 0.02
e_29_30 29 30 3 0.0125 0.216827 -0.060747 0.0645623 0.957958 0.251683 -0.0648575 -0.121515 0.02
e_30_31 30 31 4 0.0125 0.212985 -0.069186 0.0822558 0.966981 0.205296 -0.0749147 -0.131108 0.02
e_31_3 31 3 5 0.0125 0.209334 -0.075984 0.100685 0.975301 0.163689 -0.0627515 -0.134376 0.02
2 23 22
3 0.194482 -0.262724 0.0552187 0.0125
24 0.180556 -0.244991 0.0671951 0.0125
23 0.154805 -0.217252 0.0852527 0.0125
4 0.10212 -0.287539 0.125036 0.0125
22 0.116299 -0.246853 0.118613 0.0125
21 0.1233 -0.227045 0.11485 0.0125
1 0.134203 -0.197041 0.10027 0.0125
11 -0.0554855 -0.0507932 0.0170141 0.0125
10 -0.0785653 -0.0501481 0.0123349 0.0125
6 -0.197876 0.0625493 0.0427291 0.0125
9 -0.168853 0.0307982 0.035199 0.0125
2 -0.103807 -0.0502959 0.0136562 0.0125
19 0.104029 -0.17429 0.0874776 0.0125
8 -0.151824 0.012736 0.0316173 0.0125
5 -0.0046461 -0.0524015 0.0225428 0.0125
12 -0.0345643 -0.0653919 0.0404449 0.0125
13 0.0140088 -0.0967674 0.0633086 0.0125
14 0.0301281 -0.108519 0.0687873 0.0125
15 0.045883 -0.12104 0.0732028 0.0125
16 0.0601416 -0.135735 0.0735696 0.0125
17 0.0739343 -0.149997 0.0768333 0.0125
18 0.0896758 -0.161464 0.0820105 0.0125
20 0.118778 -0.186725 0.0927906 0.0125
e_2_8 2 8 1 0.0125 -0.127816 -0.0187798 0.022637 0.487417 -0.605255 0.152096 0.610703 0.081249
e_8_9 8 9 2 0.0125 -0.160339 0.0217671 0.0334081 0.63009 -0.645164 -0.111177 0.417601 0.025081
e_9_6 9 6 3 0.0125 -0.183364 0.0466734 0.0389648 0.608831 -0.640712 -0.0572221 0.464261 0.043671
e_2_10 2 10 1 0.0125 -0.0911859 -0.0502218 0.0129952 0.280743 0.660552 0.29969 0.628522 0.025277
e_10_11 10 11 2 0.0125 -0.0670251 -0.050471 0.0146746 0.365423 0.566169 0.283087 0.682481 0.023558
e_11_5 11 5 3 0.0125 -0.0300655 -0.0515977 0.0197785 0.339236 0.603744 0.285413 0.662534 0.051165
e_2_12 2 12 1 0.0125 -0.069186 -0.0578442 0.0270502 0.461662 0.527717 0.211476 0.680926 0.075763
e_12_13 12 13 2 0.0125 -0.0102777 -0.0810797 0.0518761 0.553172 0.555161 0.0891716 0.614691 0.062181
e_13_14 13 14 3 0.0125 0.022069 -0.102643 0.0660483 0.540915 0.602057 0.0714015 0.582959 0.020687
e_14_15 14 15 4 0.0125 0.0380061 -0.11478 0.0709954 0.538247 0.624181 0.0569683 0.563421 0.020604
e_15_16 15 16 5 0.0125 0.0530126 -0.128388 0.0733863 0.518757 0.700679 0.00959319 0.489743 0.020478
e_16_17 16 17 6 0.0125 0.0670379 -0.142866 0.0752008 0.555734 0.647126 0.00953249 0.52182 0.020108
e_17_18 17 18 7 0.0125 0.0818053 -0.155731 0.079422 0.53886 0.605298 0.0716453 0.581474 0.020151
e_18_19 18 19 8 0.0125 0.0968524 -0.167877 0.0847441 0.566083 0.601751 0.03586 0.56228 0.02001
e_19_20 19 20 9 0.0125 0.111403 -0.180508 0.0901345 0.557605 0.604249 0.0461924 0.567296 0.02001
e_20_1 20 1 10 0.0125 0.126491 -0.191883 0.0965304 0.55841 0.553276 0.0834962 0.612448 0.020007
e_1_21 1 21 1 0.0125 0.128752 -0.212044 0.10756 0.78938 0.41295 -0.348929 0.29086 0.035095
e_21_22 21 22 2 0.0125 0.1198 -0.236949 0.116732 0.736356 0.521194 -0.374455 0.214289 0.021342
e_22_4 22 4 3 0.0125 0.109209 -0.267196 0.121824 0.728652 0.534406 -0.375069 0.206881 0.043562
e_1_23 1 23 1 0.0125 0.144505 -0.207146 0.0927614 0.36943 0.854749 0.0141715 0.364313 0.032534
e_23_24 23 24 2 0.0125 0.167681 -0.231121 0.0762242 0.390365 0.845754 -0.00158235 0.363749 0.041936
e_24_3 24 3 3 0.0125 0.187519 -0.253857 0.0612072 0.393775 0.856522 -0.0301393 0.332269 0.02553
3 20 19
3 0.0338988 0.00489371 0.120911 0.0125
21 0.0336254 -0.0169336 0.11401 0.0125
4 -0.0496781 -0.0890135 0.152645 0.0125
20 0.0104471 -0.0924493 0.122191 0.0125
11 -0.0464569 0.120437 0.0393282 0.0125
10 -0.0588232 0.133793 0.031039 0.0125
6 -0.210948 0.217973 0.0110476 0.0125
9 -0.0671404 0.148522 0.0203681 0.0125
2 -0.0705006 0.166051 0.0113439 0.0125
19 0.0364509 -0.0757032 0.101875 0.0125
8 -0.149656 0.19808 0.0147187 0.0125
12 -0.0342778 0.10702 0.0477918 0.0125
5 -0.019472 0.0937815 0.0501404 0.0125
13 -0.0228989 0.0617946 0.0520355 0.0125
14 -0.00158359 0.0113709 0.0664448 0.0125
15 0.00505832 -0.00662132 0.0758734 0.0125
16 0.0130676 -0.0235442 0.0839658 0.0125
17 0.0200511 -0.0414983 0.089353 0.0125
18 0.0273657 -0.059102 0.0954047 0.0125
1 0.0404846 -0.0936188 0.109799 0.0125
e_2_8 2 8 1 0.0125 -0.110078 0.182066 0.0130306 0.720788 -0.247038 -0.647479 -0.0144226 0.085457
e_8_6 8 6 2 0.0125 -0.180302 0.208027 0.0128825 0.686537 -0.209103 -0.696214 -0.0151513 0.064543
e_2_9 2 9 1 0.0125 -0.0688208 0.157286 0.0158564 0.756766 0.502313 -0.148575 0.391041 0.02
e_9_10 9 10 2 0.0125 -0.0629821 0.141157 0.0257039 0.772574 0.482802 0.0115569 0.412188 0.02
e_10_11 10 11 3 0.0125 -0.0526404 0.127115 0.0351832 0.720501 0.529742 0.110208 0.433713 0.02
e_11_12 11 12 4 0.0125 -0.0403677 0.113728 0.0435599 0.724178 0.526469 0.105939 0.432636 0.02
e_12_5 12 5 5 0.0125 -0.0268749 0.100401 0.0489661 0.593687 0.652561 0.124287 0.45415 0.02
e_2_13 2 13 1 0.0125 -0.0467 0.113923 0.03169 0.700921 0.573256 -0.0639101 0.419527 0.121619
e_13_14 13 14 2 0.0125 -0.0122413 0.0365821 0.0592404 0.671906 0.602914 -0.0960486 0.419299 0.056608
e_14_15 14 15 3 0.0125 0.00173706 0.00237463 0.0711587 0.744576 0.522871 -0.0775913 0.407668 0.021372
e_15_16 15 16 4 0.0125 0.00906291 -0.0150833 0.0799192 0.723813 0.547382 -0.0446268 0.417704 0.020396
e_16_17 16 17 5 0.0125 0.0165593 -0.0325212 0.0866594 0.679361 0.594829 -0.107338 0.416085 0.020003
e_17_18 17 18 6 0.0125 0.023709 -0.0503003 0.0923785 0.690653 0.583895 -0.0881892 0.417477 0.020001
e_18_19 18 19 7 0.0125 0.0319086 -0.0674031 0.0986405 0.692991 0.580838 -0.0293621 0.426061 0.02
e_19_1 19 1 8 0.0125 0.0384683 -0.0846613 0.105838 0.735335 0.52907 -0.148291 0.396707 0.020001
e_1_20 1 20 1 0.0125 0.0254656 -0.0930336 0.115995 0.825324 -0.0863151 -0.549542 0.0969172 0.032515
e_20_4 20 4 2 0.0125 -0.0196158 -0.0907316 0.137418 0.84541 -0.0938042 -0.515332 0.104481 0.067485
e_1_21 1 21 1 0.0125 0.0370551 -0.0552756 0.111904 0.716496 -0.665731 -0.171761 -0.118041 0.077106
e_21_3 21 3 2 0.0125 0.0337621 -0.0060206 0.117461 0.805759 -0.590605 -0.0209507 -0.0387048 0.022894
4 24 23
3 -0.343913 -0.277139 0.0206231 0.0125
25 -0.358104 -0.244883 0.0312525 0.0125
4 -0.35468 -0.0955254 0.0123917 0.0125
24 -0.364526 -0.123571 0.0204675 0.0125
23 -0.373206 -0.151966 0.0286342 0.0125
1 -0.38449 -0.187738 0.0368722 0.0125
22 -0.365077 -0.191829 0.0337752 0.0125
21 -0.344493 -0.194705 0.0373239 0.0125
12 -0.0162287 -0.165878 0.0802227 0.0125
11 -0.0324515 -0.177101 0.0760211 0.0125
10 -0.048063 -0.187733 0.0671294 0.0125
9 -0.06337 -0.197867 0.0586972 0.0125
2 -0.0924364 -0.237181 0.0122335 0.0125
19 -0.291108 -0.200767 0.0400159 0.0125
8 -0.0828281 -0.217596 0.0370914 0.0125
6 6.87195e-05 -0.1534 0.0793866 0.0125
13 -0.0973329 -0.2294 0.0299953 0.0125
14 -0.104378 -0.220552 0.0464893 0.0125
15 -0.108885 -0.217324 0.0657059 0.0125
16 -0.113866 -0.217631 0.0850741 0.0125
5 -0.123226 -0.21751 0.102748 0.0125
17 -0.196003 -0.222226 0.0335822 0.0125
18 -0.219568 -0.216125 0.0375146 0.0125
20 -0.32032 -0.194553 0.0398302 0.0125
e_2_8 2 8 1 0.0125 -0.0876318 -0.227389 0.0246625 0.830581 -0.209276 0.28354 0.431213 0.033073
e_8_9 8 9 2 0.0125 -0.0730988 -0.207732 0.0478951 0.759425 -0.0993433 0.427423 0.480328 0.035138
e_9_10 9 10 3 0.0125 -0.0557165 -0.1928 0.0629133 0.656699 0.0491589 0.537496 0.526713 0.020201
e_10_11 10 11 4 0.0125 -0.0402574 -0.182417 0.0715749 0.662883 0.0375595 0.534428 0.523032 0.020875
e_11_12 11 12 5 0.0125 -0.0243402 -0.17149 0.0781215 0.583736 0.0727925 0.624945 0.513223 0.02017
e_12_6 12 6 6 0.0125 -0.0080801 -0.159639 0.0798043 0.493626 0.0892003 0.715812 0.485787 0.020542
e_2_13 2 13 1 0.0125 -0.094885 -0.23329 0.0211143 0.889176 -0.234034 -0.0345862 0.39166 0.02
e_13_14 13 14 2 0.0125 -0.100855 -0.224976 0.038242 0.887895 -0.283245 -0.08603 0.352156 0.02
e_14_15 14 15 3 0.0125 -0.106632 -0.218938 0.0560976 0.883409 -0.124092 -0.0647236 0.447214 0.02
e_15_16 15 16 4 0.0125 -0.111375 -0.217478 0.0753893 0.872098 -0.0530314 -0.114015 0.472899 0.02
e_16_5 16 5 5 0.0125 -0.118545 -0.217571 0.0939105 0.87375 -0.107758 -0.215722 0.422389 0.02
e_2_17 2 17 1 0.0125 -0.14422 -0.229703 0.0229077 0.74927 -0.246115 -0.582649 0.196322 0.106796
e_17_18 17 18 2 0.0125 -0.207785 -0.219176 0.0355485 0.743295 -0.294685 -0.577418 0.165109 0.024657
e_18_19 18 19 3 0.0125 -0.255338 -0.208446 0.0387645 0.705057 -0.276568 -0.637518 0.141334 0.073213
e_19_20 19 20 4 0.0125 -0.305714 -0.19766 0.0399231 0.692487 -0.274664 -0.653957 0.131761 0.029866
e_20_21 20 21 5 0.0125 -0.332406 -0.194628 0.0385774 0.651188 -0.168645 -0.723276 0.15616 0.024302
e_21_22 21 22 6 0.0125 -0.354785 -0.193267 0.0355495 0.635639 -0.231755 -0.728316 0.108666 0.021086
e_22_1 22 1 7 0.0125 -0.374784 -0.189784 0.0353234 0.739872 -0.275001 -0.589276 0.172389 0.020078
e_1_23 1 23 1 0.0125 -0.378848 -0.169852 0.032754 0.626084 -0.752818 0.201281 -0.0277467 0.038404
e_23_24 23 24 2 0.0125 -0.368866 -0.137768 0.0245508 0.601943 -0.782659 0.141568 -0.0711926 0.030795
e_24_4 24 4 3 0.0125 -0.359603 -0.109548 0.0164293 0.60534 -0.768537 0.201151 -0.0495308 0.030801
e_1_25 1 25 1 0.0125 -0.371297 -0.216311 0.0340624 0.394594 0.64261 -0.362654 0.547568 0.063193
e_25_3 25 3 2 0.0125 -0.351009 -0.261011 0.0259378 0.321039 0.667998 -0.445161 0.502537 0.036807
5 23 22
3 0.0298892 -0.18067 0.0114044 0.0125
24 0.0363756 -0.166138 0.0235186 0.0125
23 0.0457425 -0.15313 0.0354797 0.0125
22 0.0581589 -0.142538 0.0470397 0.0125
21 0.0731059 -0.130824 0.0533132 0.0125
4 0.117083 -0.0254408 0.0753733 0.0125
20 0.111494 -0.0457289 0.0748784 0.0125
5 0.240335 0.0223856 0.063619 0.0125
10 0.247265 0.0491256 0.0503027 0.0125
6 0.259464 -0.0421935 0.0231717 0.0125
9 0.248233 0.0651059 0.0354223 0.0125
2 0.248366 0.106741 0.0126056 0.0125
19 0.0962933 -0.0761478 0.0718308 0.0125
8 0.260723 -0.00796873 0.0201824 0.0125
11 0.210649 -0.0185024 0.0414465 0.0125
12 0.198015 -0.0440638 0.0426019 0.0125
13 0.183017 -0.0596773 0.0452465 0.0125
14 0.154285 -0.0741523 0.0474781 0.0125
15 0.135949 -0.0816725 0.0502761 0.0125
16 0.116559 -0.0936655 0.0497262 0.0125
17 0.101049 -0.105671 0.0545112 0.0125
1 0.0863349 -0.11814 0.0613185 0.0125
18 0.0887892 -0.0973011 0.0681315 0.0125
e_2_8 2 8 1 0.0125 0.254543 0.0493857 0.0163942 0.528454 0.441542 0.5218 -0.50349 0.115622
e_8_6 8 6 2 0.0125 0.260093 -0.025081 0.0216769 0.65 0.607036 0.296687 -0.347828 0.034378
e_2_9 2 9 1 0.0125 0.2483 0.0859234 0.0240141 0.80336 0.476401 0.180958 -0.308072 0.047477
e_9_10 9 10 2 0.0125 0.247749 0.0571162 0.0428631 0.877418 0.388671 0.0923931 -0.265587 0.021857
e_10_5 10 5 3 0.0125 0.243799 0.0357557 0.0569607 0.836224 0.529455 -0.0505217 -0.133619 0.030665
e_2_11 2 11 1 0.0125 0.229508 0.0441191 0.0270266 0.778914 0.606454 -0.156684 -0.030915 0.133941
e_11_12 11 12 2 0.0125 0.204332 -0.0312826 0.0420243 0.674342 0.471617 -0.507287 0.255929 0.028537
e_12_13 12 13 3 0.0125 0.190516 -0.0518701 0.0439243 0.674628 0.231522 -0.621103 0.324818 0.021811
e_13_14 13 14 4 0.0125 0.168651 -0.0669148 0.0463623 0.63618 -0.0332291 -0.681397 0.360372 0.032249
e_14_15 14 15 5 0.0125 0.145117 -0.0779118 0.0488768 0.67994 -0.039464 -0.654627 0.328006 0.020014
e_15_16 15 16 6 0.0125 0.126254 -0.0876685 0.0500013 0.571485 -0.0420339 -0.71434 0.401692 0.022806
e_16_17 16 17 7 0.0125 0.108804 -0.0996682 0.0521183 0.733888 0.177253 -0.59169 0.282653 0.020189
e_17_1 17 1 8 0.0125 0.0936915 -0.111905 0.0579142 0.785115 0.23837 -0.526065 0.223673 0.020452
e_1_18 1 18 1 0.0125 0.0875626 -0.10772 0.0647253 0.785857 -0.583471 -0.0717354 -0.191949 0.022061
e_18_19 18 19 2 0.0125 0.0925417 -0.0867246 0.0699813 0.722412 -0.646985 0.00999589 -0.243785 0.022748
e_19_20 19 20 3 0.0125 0.103894 -0.0609384 0.0733546 0.685723 -0.672388 0.057152 -0.272786 0.034142
e_20_4 20 4 4 0.0125 0.114289 -0.0355849 0.075126 0.683114 -0.698363 -0.0228215 -0.212425 0.02105
e_1_21 1 21 1 0.0125 0.0797206 -0.124482 0.0573154 0.202743 -0.346618 -0.761575 0.508679 0.02
e_21_22 21 22 2 0.0125 0.0656318 -0.136681 0.0501767 0.321083 -0.259555 -0.767762 0.489978 0.02
e_22_23 22 23 3 0.0125 0.0519501 -0.147834 0.04126 0.0682168 -0.582651 -0.670469 0.454243 0.02
e_23_24 23 24 4 0.0125 0.0410584 -0.159634 0.0294994 -0.0896806 -0.656916 -0.606202 0.439247 0.02
e_24_3 24 3 5 0.0125 0.0331322 -0.173404 0.017462 -0.250497 -0.763151 -0.469537 0.366589 0.02
6 27 26
3 0.167995 0.276035 0.0677419 0.0125
28 0.188772 0.266012 0.0680202 0.0125
27 0.209012 0.258486 0.0687839 0.0125
26 0.229686 0.2522 0.0657923 0.0125
4 0.339281 0.27605 0.0110992 0.0125
25 0.319956 0.270927 0.0177871 0.0125
24 0.298562 0.261611 0.0348785 0.0125
1 0.260629 0.240771 0.0599028 0.0125
23 0.248578 0.224034 0.0594706 0.0125
22 0.233337 0.210324 0.0587296 0.0125
21 0.21829 0.196603 0.0559198 0.0125
12 0.089906 -0.0412429 0.0140554 0.0125
11 0.0779179 -0.0256405 0.0176915 0.0125
10 0.0653182 -0.00989043 0.0174687 0.0125
9 0.0521285 0.00651283 0.0168776 0.0125
2 0.0246428 0.069365 0.013156 0.0125
19 0.179734 0.157022 0.0411233 0.0125
8 0.0367266 0.0393817 0.0143898 0.0125
6 0.102101 -0.0570503 0.0124445 0.0125
13 0.0184783 0.054143 0.0245698 0.0125
14 0.0101866 0.038013 0.0330014 0.0125
15 0.00308056 0.0197465 0.036983 0.0125
16 -0.00575184 0.00330881 0.044178 0.0125
5 -0.0115427 -0.011768 0.0559748 0.0125
17 0.0480034 0.0849967 0.0123782 0.0125
18 0.131235 0.131556 0.0282561 0.0125
20 0.205291 0.182032 0.0508121 0.0125
e_2_8 2 8 1 0.0125 0.0306843 0.054373 0.013773 -0.618543 -0.419321 -0.552363 0.369419 0.03235
e_8_9 8 9 2 0.0125 0.0444272 0.0229469 0.0156338 -0.645197 -0.409487 -0.546009 0.343388 0.036384
e_9_10 9 10 3 0.0125 0.0587233 -0.00168806 0.0171727 -0.663289 -0.33678 -0.610372 0.272163 0.021056
e_10_11 10 11 4 0.0125 0.0716181 -0.0177655 0.0175801 -0.654987 -0.33497 -0.618287 0.276601 0.020172
e_11_12 11 12 5 0.0125 0.0839125 -0.0334417 0.0158729 -0.557546 -0.301731 -0.706968 0.313523 0.020009
e_12_6 12 6 6 0.0125 0.0960037 -0.0491459 0.01325 -0.608361 -0.32383 -0.659816 0.299456 0.02003
e_2_13 2 13 1 0.0125 0.0215606 0.0617539 0.0188634 -0.885774 -0.434622 0.160462 0.0275731 0.02
e_13_14 13 14 2 0.0125 0.0143321 0.0460777 0.0287856 -0.830618 -0.513351 0.160331 0.14436 0.02
e_14_15 14 15 3 0.0125 0.00663418 0.0288797 0.0349916 -0.621246 -0.610123 -0.167927 0.462172 0.02
e_15_16 15 16 4 0.0125 -0.00133578 0.011527 0.04058 -0.796329 -0.550815 0.129376 0.213833 0.02
e_16_5 16 5 5 0.0125 -0.00864702 -0.00422993 0.0500758 -0.891442 -0.425657 0.154513 0.0165131 0.02
e_2_17 2 17 1 0.0125 0.0363227 0.0771805 0.0127671 -0.648888 0.152984 -0.700308 -0.255165 0.028118
e_17_18 17 18 2 0.0125 0.0896187 0.108276 0.0203176 -0.718562 0.10757 -0.637427 -0.256486 0.096682
e_18_19 18 19 3 0.0125 0.155484 0.144289 0.0346896 -0.740445 0.0924208 -0.614106 -0.257048 0.056269
e_19_20 19 20 4 0.0125 0.192511 0.169527 0.0459678 -0.708852 0.183459 -0.579294 -0.358176 0.037048
e_20_21 20 21 5 0.0125 0.211791 0.189317 0.0533659 -0.695094 0.20583 -0.57541 -0.378658 0.020184
e_21_22 21 22 6 0.0125 0.225813 0.203463 0.0573252 -0.677987 0.185827 -0.630186 -0.329648 0.020557
e_22_23 22 23 7 0.0125 0.240958 0.217179 0.0591002 -0.648223 0.193829 -0.666605 -0.312849 0.020514
e_23_1 23 1 8 0.0125 0.254603 0.232403 0.0596869 -0.605419 0.264023 -0.647928 -0.379408 0.020629
e_1_24 1 24 1 0.0125 0.279595 0.251191 0.0473908 -0.477213 0.172986 -0.848735 -0.148301 0.049994
e_24_25 24 25 2 0.0125 0.309259 0.266269 0.0263328 -0.440115 0.158158 -0.877743 -0.104175 0.028924
e_25_4 25 4 3 0.0125 0.329618 0.273489 0.0144433 -0.576252 0.0755744 -0.808031 -0.0964811 0.021082
e_1_26 1 26 1 0.0125 0.245158 0.246486 0.0628476 -0.135434 0.632016 -0.11256 -0.754682 0.033507
e_26_27 26 27 2 0.0125 0.219349 0.255343 0.0672887 -0.0892742 0.646643 -0.115298 -0.748725 0.021815
e_27_28 27 28 3 0.0125 0.198892 0.262249 0.0684026 -0.000377299 0.674502 -0.25044 -0.694498 0.021607
e_28_3 28 3 4 0.0125 0.178384 0.271025 0.0678806 -0.051923 0.661791 -0.260899 -0.700906 0.023071
7 25 24
3 0.02902 0.0661832 0.200038 0.0125
26 0.0398569 0.061883 0.181338 0.0125
25 0.0527333 0.0572871 0.161191 0.0125
24 0.0617024 0.0463173 0.141673 0.0125
4 0.0434332 -0.0227801 0.194235 0.0125
23 0.0571415 -0.014548 0.174637 0.0125
22 0.0640591 -0.00305495 0.159382 0.0125
21 0.0692209 0.0135788 0.140724 0.0125
1 0.0724986 0.0316643 0.118462 0.0125
12 -0.211714 0.134701 0.0506168 0.0125
11 -0.210157 0.114903 0.053038 0.0125
10 -0.208879 0.0950473 0.0552404 0.0125
9 -0.211665 0.0764365 0.0621015 0.0125
2 -0.215322 0.0076432 0.0726281 0.0125
19 0.0318148 0.0323364 0.101262 0.0125
8 -0.212823 0.0568982 0.0676567 0.0125
6 -0.208364 0.15422 0.0476065 0.0125
13 -0.216335 0.0400489 0.0871754 0.0125
14 -0.220759 0.0585425 0.0968132 0.0125
15 -0.225401 0.0769495 0.10641 0.0125
5 -0.23017 0.0959252 0.116193 0.0125
16 -0.128597 0.0333491 0.0701852 0.0125
17 -0.0871533 0.0356618 0.0717479 0.0125
18 -0.0357452 0.0368193 0.0763366 0.0125
20 0.0525762 0.0318731 0.109274 0.0125
e_2_8 2 8 1 0.0125 -0.214073 0.0322703 0.0701427 0.617399 -0.696567 -0.254836 -0.262053 0.049568
e_8_9 8 9 2 0.0125 -0.212245 0.0666672 0.0648789 0.533446 -0.726699 -0.329293 -0.28091 0.020346
e_9_10 9 10 3 0.0125 -0.210272 0.0857419 0.058671 0.482974 -0.747927 -0.334479 -0.308974 0.02003
e_10_11 10 11 4 0.0125 -0.209518 0.104975 0.0541391 0.625888 -0.680981 -0.302107 -0.230782 0.020018
e_11_12 11 12 5 0.0125 -0.210936 0.124801 0.0518274 0.622513 -0.680669 -0.311766 -0.227969 0.020006
e_12_6 12 6 6 0.0125 -0.210039 0.14446 0.0491118 0.57825 -0.722271 -0.231183 -0.300844 0.020032
e_2_13 2 13 1 0.0125 -0.215829 0.0238458 0.0799022 0.828477 -0.533315 -0.104332 -0.135337 0.035536
e_13_14 13 14 2 0.0125 -0.218547 0.0492958 0.0919936 0.848464 -0.495718 -0.168042 -0.0783207 0.021318
e_14_15 14 15 3 0.0125 -0.22308 0.0677457 0.101611 0.848438 -0.494547 -0.172745 -0.0757357 0.021271
e_15_5 15 5 4 0.0125 -0.227785 0.086437 0.111302 0.847179 -0.49617 -0.173732 -0.0769485 0.021876
e_2_16 2 16 1 0.0125 -0.171959 0.0204964 0.0714069 0.536598 -0.595593 0.398449 -0.445612 0.090488
e_16_17 16 17 2 0.0125 -0.107876 0.0345055 0.0709667 0.672014 -0.285331 0.632283 -0.259231 0.041537
e_17_18 17 18 3 0.0125 -0.0614499 0.0362407 0.0740417 0.719858 -0.162991 0.654972 -0.162016 0.051626
e_18_19 18 19 4 0.0125 -0.00196555 0.0345782 0.0888 0.813674 0.109458 0.561502 0.103289 0.072151
e_19_20 19 20 5 0.0125 0.0421955 0.0321044 0.105269 0.821919 0.0581614 0.562718 0.0664447 0.022258
e_20_1 20 1 6 0.0125 0.0625373 0.031768 0.113868 0.838495 0.0564542 0.53613 0.079397 0.02194
e_1_21 1 21 1 0.0125 0.0708596 0.0226212 0.129592 0.80138 0.25182 -0.225866 0.493316 0.028869
e_21_22 21 22 2 0.0125 0.0666395 0.00526163 0.150053 0.785931 0.237738 -0.279229 0.49782 0.025523
e_22_23 22 23 3 0.0125 0.0606009 -0.00880127 0.16701 0.811569 0.17167 -0.308306 0.465653 0.020315
e_23_4 23 4 4 0.0125 0.0502877 -0.0186645 0.184436 0.85854 0.0390518 -0.333269 0.387706 0.025293
e_1_24 1 24 1 0.0125 0.0671011 0.038991 0.130068 0.939317 -0.282767 -0.163061 0.10553 0.029497
e_24_25 24 25 2 0.0125 0.0572178 0.0518022 0.151432 0.94324 -0.26221 -0.163167 0.122151 0.024119
e_25_26 25 26 3 0.0125 0.0462951 0.059585 0.171265 0.92914 -0.160962 -0.245676 0.224575 0.024348
e_26_3 26 3 4 0.0125 0.0344391 0.0640333 0.190688 0.935534 -0.157687 -0.22551 0.221485 0.022036
8 22 21
3 -0.328131 -0.0687778 0.0400767 0.0125
23 -0.266108 -0.0707313 0.0223672 0.0125
4 -0.132354 -0.0537948 0.0232946 0.0125
22 -0.152071 -0.0568353 0.0247527 0.0125
21 -0.173677 -0.0600732 0.0276011 0.0125
20 -0.19367 -0.0631574 0.0257563 0.0125
11 -0.279439 0.188429 0.0523923 0.0125
10 -0.274678 0.19636 0.0795325 0.0125
6 -0.380648 0.178422 0.0160899 0.0125
9 -0.360274 0.183464 0.0318589 0.0125
2 -0.265894 0.205385 0.1075 0.0125
19 -0.232058 -0.046992 0.013832 0.0125
8 -0.323158 0.198874 0.0659376 0.0125
12 -0.278176 0.187818 0.0323825 0.0125
5 -0.273893 0.186141 0.0123069 0.0125
13 -0.245653 0.0997312 0.0630582 0.0125
14 -0.244533 0.069621 0.052788 0.0125
15 -0.241672 0.0397372 0.0348296 0.0125
16 -0.240824 0.0199352 0.0212209 0.0125
17 -0.234466 -0.0018276 0.0135334 0.0125
18 -0.233051 -0.0267784 0.0114866 0.0125
1 -0.230692 -0.0688562 0.0219432 0.0125
e_2_8 2 8 1 0.0125 -0.294527 0.20213 0.0867184 0.105555 -0.837133 -0.302773 0.443164 0.071056
e_8_9 8 9 2 0.0125 -0.341716 0.19117 0.0488988 -0.0770064 -0.887608 -0.188493 0.413149 0.052691
e_9_6 9 6 3 0.0125 -0.37046 0.180943 0.023975 0.00297485 -0.866961 -0.220717 0.446827 0.026253
e_2_10 2 10 1 0.0125 -0.270285 0.200873 0.093517 -0.0788411 -0.895082 -0.393371 0.194606 0.030672
e_10_11 10 11 2 0.0125 -0.277058 0.192395 0.0659625 -0.0893683 -0.887548 -0.430725 0.136922 0.028674
e_11_12 11 12 3 0.0125 -0.278807 0.188124 0.0423874 -0.030644 -0.815578 -0.577587 -0.016917 0.020059
e_12_5 12 5 4 0.0125 -0.276035 0.186979 0.0223452 -0.0929873 -0.819485 -0.561975 -0.0630996 0.020596
e_2_13 2 13 1 0.0125 -0.255774 0.152558 0.0852787 -0.554414 -0.825742 -0.0952027 -0.0413808 0.116393
e_13_14 13 14 2 0.0125 -0.245093 0.0846761 0.0579231 -0.58196 -0.812837 -0.0245405 -0.00407713 0.031833
e_14_15 14 15 3 0.0125 -0.243103 0.054679 0.0438093 -0.492752 -0.861224 -0.122395 0.0225514 0.034983
e_15_16 15 16 4 0.0125 -0.241249 0.0298357 0.0280251 -0.463 -0.874553 -0.13479 0.0511943 0.024042
e_16_17 16 17 5 0.0125 -0.237646 0.00905376 0.0173776 -0.575643 -0.805961 -0.104773 -0.0899128 0.02394
e_17_18 17 18 6 0.0125 -0.233759 -0.0143026 0.0125106 -0.67252 -0.73379 0.0486651 -0.0830736 0.025075
e_18_19 18 19 7 0.0125 -0.232555 -0.0368847 0.0126594 -0.731611 -0.65748 0.100855 -0.149312 0.020374
e_19_1 19 1 8 0.0125 -0.231375 -0.057924 0.0178876 -0.783038 -0.554677 0.136841 -0.245887 0.023361
e_1_20 1 20 1 0.0125 -0.212181 -0.0660068 0.0238497 -0.436106 -0.4761 -0.471895 -0.60038 0.037652
e_20_21 20 21 2 0.0125 -0.183674 -0.0616153 0.0266792 -0.433497 -0.479152 -0.474366 -0.597888 0.020312
e_21_22 21 22 3 0.0125 -0.162875 -0.0584542 0.0261769 -0.380136 -0.543236 -0.519149 -0.539329 0.022033
e_22_4 22 4 4 0.0125 -0.142213 -0.0553146 0.0240238 -0.393263 -0.526427 -0.50925 -0.555772 0.020003
e_1_23 1 23 1 0.0125 -0.2484 -0.0697942 0.0221551 -0.699911 -0.161761 0.684003 0.126881 0.035469
e_23_3 23 3 2 0.0125 -0.29712 -0.0697544 0.0312214 -0.657151 0.357379 0.484832 -0.453179 0.064531
9 19 18
3 0.14669 0.155354 0.181462 0.0125
20 0.13917 0.146967 0.159125 0.0125
19 0.132025 0.136912 0.141395 0.0125
11 -0.200097 -0.0279014 0.121275 0.0125
6 -0.256301 -0.0919078 0.0486783 0.0125
10 -0.235538 -0.0777716 0.0464814 0.0125
9 -0.214531 -0.0643761 0.0505542 0.0125
2 -0.153899 0.00335673 0.0881959 0.0125
8 -0.171455 -0.0187678 0.068997 0.0125
5 -0.222126 -0.0489765 0.13877 0.0125
12 -0.122984 0.0139581 0.0915795 0.0125
13 0.0245584 0.063899 0.108456 0.0125
14 0.0440767 0.0748069 0.111931 0.0125
15 0.0692025 0.0862884 0.113567 0.0125
1 0.12284 0.108289 0.0974806 0.0125
18 0.129699 0.124323 0.120489 0.0125
16 0.133877 0.138108 0.0882478 0.0125
17 0.151494 0.170366 0.0688256 0.0125
4 0.161256 0.190053 0.0562469 0.0125
e_2_8 2 8 1 0.0125 -0.162677 -0.0077055 0.0785959 -0.376361 -0.883264 0.0306004 0.277959 0.034152
e_8_9 8 9 2 0.0125 -0.192993 -0.0415719 0.0597756 0.583858 0.443798 -0.66638 0.134501 0.065389
e_9_10 9 10 3 0.0125 -0.225034 -0.0710735 0.048518 0.576832 0.0729651 -0.758508 0.29429 0.025245
e_10_6 10 6 4 0.0125 -0.245919 -0.0848402 0.04758 0.711461 0.220451 -0.638623 0.193352 0.025214
e_2_11 2 11 1 0.0125 -0.176998 -0.0122725 0.104735 0.862616 0.226017 -0.440316 0.104558 0.064851
e_11_5 11 5 2 0.0125 -0.211111 -0.0384391 0.130023 0.864153 0.326667 -0.380011 0.0460492 0.035149
e_2_12 2 12 1 0.0125 -0.138441 0.00865703 0.089888 0.727853 -0.338633 0.577785 -0.147381 0.032857
e_12_13 12 13 2 0.0125 -0.049213 0.0389282 0.100017 0.72932 -0.33581 0.577388 -0.148145 0.156677
e_13_14 13 14 3 0.0125 0.0343173 0.0693527 0.110193 0.752203 -0.392707 0.518641 -0.1048 0.022628
e_14_15 14 15 4 0.0125 0.0566395 0.080548 0.112748 0.716784 -0.388515 0.565226 -0.125686 0.027673
e_15_1 15 1 5 0.0125 0.0960209 0.097289 0.105524 0.589593 -0.460644 0.649229 -0.136709 0.060165
e_1_16 1 16 1 0.0125 0.128358 0.123199 0.0928636 0.596551 -0.713331 0.361367 0.0685609 0.033109
e_16_17 16 17 2 0.0125 0.142685 0.154237 0.0785358 0.515123 -0.724531 0.456793 0.032305 0.041572
e_17_4 17 4 3 0.0125 0.156375 0.180209 0.0625354 0.499869 -0.740435 0.44738 0.041693 0.025319
e_1_18 1 18 1 0.0125 0.126269 0.116306 0.108984 0.947556 -0.289587 0.132913 0.0247169 0.02887
e_18_19 18 19 2 0.0125 0.130862 0.130617 0.130942 0.961371 -0.264063 0.0621518 0.0466172 0.024515
e_19_20 19 20 3 0.0125 0.135597 0.141939 0.150261 0.954149 -0.245109 0.171698 -0.00641807 0.021599
e_20_3 20 3 4 0.0125 0.142929 0.151161 0.170293 0.972639 -0.175497 0.150875 -0.0202845 0.025016
10 19 18
3 -0.204784 0.128768 0.176663 0.0125
20 -0.185292 0.123458 0.158555 0.0125
19 -0.17389 0.116764 0.136084 0.0125
11 0.10165 0.0861879 0.0325931 0.0125
6 0.143909 -0.027975 0.125577 0.0125
10 0.13837 -0.00582088 0.103212 0.0125
9 0.139035 0.0143074 0.0800995 0.0125
2 0.131686 0.0708151 0.0139912 0.0125
8 0.136588 0.04268 0.0497166 0.0125
12 0.0843017 0.092397 0.0407011 0.0125
13 0.0654064 0.0978773 0.0486518 0.0125
5 0.0458965 0.100993 0.0524539 0.0125
14 -0.0459238 0.0803981 0.0800929 0.0125
15 -0.0804534 0.089185 0.0862942 0.0125
16 -0.0995744 0.0940935 0.089843 0.0125
17 -0.128314 0.0993268 0.0979671 0.0125
1 -0.15103 0.105974 0.0966999 0.0125
18 -0.135585 0.0816646 0.048756 0.0125
4 -0.120361 0.0617512 0.0125088 0.0125
e_2_8 2 8 1 0.0125 0.134137 0.0567474 0.0318531 0.940054 0.319691 0.0851503 -0.0827434 0.045737
e_8_9 8 9 2 0.0125 0.137812 0.028494 0.0649074 0.927992 0.363505 0.0552868 -0.0603198 0.041643
e_9_10 9 10 3 0.0125 0.138702 0.00424282 0.0916554 0.933465 0.350386 0.0164694 -0.0748467 0.030656
e_10_6 10 6 4 0.0125 0.14114 -0.0168982 0.114395 0.920749 0.370794 0.112482 -0.0456203 0.031964
e_2_11 2 11 1 0.0125 0.116668 0.0785012 0.0232925 0.79661 -0.0425223 -0.506747 -0.326822 0.03853
e_11_12 11 12 2 0.0125 0.0929758 0.0892927 0.0366464 0.782112 0.0119767 -0.546341 -0.299447 0.02013
e_12_13 12 13 3 0.0125 0.074854 0.0951378 0.0446763 0.778289 0.0388308 -0.557806 -0.285677 0.02122
e_13_5 13 5 4 0.0125 0.0556508 0.0994352 0.0505528 0.730517 0.10604 -0.627903 -0.246653 0.02012
e_2_14 2 14 1 0.0125 0.0428808 0.0756066 0.0470423 0.786398 0.13446 -0.554745 -0.236127 0.189754
e_14_15 14 15 2 0.0125 -0.0631883 0.0847911 0.0831931 0.717784 0.0675694 -0.640078 -0.265559 0.036165
e_15_16 15 16 3 0.0125 -0.0900138 0.0916397 0.0880688 0.71937 0.0662171 -0.638072 -0.266431 0.020058
e_16_17 16 17 4 0.0125 -0.113944 0.0967098 0.0939049 0.753465 0.0898446 -0.598311 -0.257374 0.03032
e_17_1 17 1 5 0.0125 -0.139672 0.102651 0.0973332 0.638952 0.0688604 -0.722479 -0.254996 0.023702
e_1_18 1 18 1 0.0125 -0.143308 0.0938199 0.0727285 0.0667692 0.703612 -0.65844 0.258707 0.055929
e_18_4 18 4 2 0.0125 -0.127973 0.0717082 0.0306321 0.0717312 0.745309 -0.596455 0.289154 0.044071
e_1_19 1 19 1 0.0125 -0.16246 0.111369 0.116392 0.905927 -0.0295115 -0.279904 -0.316351 0.046799
e_19_20 19 20 2 0.0125 -0.179591 0.120111 0.14732 0.908699 -0.0491076 -0.258163 -0.324356 0.026072
e_20_3 20 3 3 0.0125 -0.195038 0.126113 0.167609 0.864321 0.0253919 -0.406991 -0.294385 0.027129
11 26 25
3 -0.255944 -0.0321982 0.110839 0.0125
27 -0.281262 -0.0278782 0.101849 0.0125
26 -0.302088 -0.0274988 0.0938187 0.0125
4 -0.280211 -0.0977765 0.0444431 0.0125
25 -0.290026 -0.0816932 0.0511534 0.0125
24 -0.303762 -0.0702625 0.0601344 0.0125
23 -0.317487 -0.0582674 0.0683633 0.0125
22 -0.332361 -0.0459828 0.0736419 0.0125
1 -0.348538 -0.0343431 0.0753211 0.0125
21 -0.334087 -0.0185142 0.0759078 0.0125
6 -0.115217 0.0120855 0.118175 0.0125
11 -0.119515 0.0315838 0.12012 0.0125
10 -0.120964 0.0514345 0.122147 0.0125
9 -0.122292 0.0715609 0.122638 0.0125
2 -0.130018 0.160897 0.118967 0.0125
19 -0.287881 0.0315746 0.0779052 0.0125
8 -0.12812 0.134908 0.120579 0.0125
12 -0.14808 0.172487 0.149266 0.0125
13 -0.159392 0.179876 0.167344 0.0125
14 -0.166893 0.185584 0.184986 0.0125
5 -0.175395 0.190591 0.202726 0.0125
15 -0.195365 0.118565 0.101119 0.0125
16 -0.225315 0.0918524 0.0854754 0.0125
17 -0.239848 0.0771263 0.0810524 0.0125
18 -0.256375 0.0616752 0.0799726 0.0125
20 -0.31699 2.84655e-05 0.0766637 0.0125
e_2_8 2 8 1 0.0125 -0.129068 0.147902 0.119774 0.428895 0.442443 -0.522837 0.589011 0.026108
e_8_9 8 9 2 0.0125 -0.125206 0.103235 0.121609 0.409793 0.447408 -0.532591 0.590121 0.063648
e_9_10 9 10 3 0.0125 -0.121629 0.0614981 0.122392 0.390357 0.438195 -0.565826 0.579178 0.020175
e_10_11 10 11 4 0.0125 -0.120239 0.0415097 0.121133 0.352572 0.435229 -0.601031 0.570114 0.020007
e_11_6 11 6 5 0.0125 -0.117366 0.0218342 0.119147 0.309908 0.475018 -0.568198 0.596209 0.020061
e_2_12 2 12 1 0.0125 -0.139049 0.166692 0.134117 0.950146 -0.18271 -0.242064 0.072427 0.03713
e_12_13 12 13 2 0.0125 -0.153736 0.176182 0.158306 0.946715 -0.190209 -0.251645 0.0650061 0.022569
e_13_14 13 14 3 0.0125 -0.163143 0.18273 0.176166 0.965957 -0.164192 -0.178981 0.0890712 0.020002
e_14_5 14 5 4 0.0125 -0.171144 0.188087 0.193856 0.962335 -0.149971 -0.201376 0.104244 0.020299
e_2_15 2 15 1 0.0125 -0.162691 0.139731 0.110043 0.554935 0.0801256 -0.778006 0.283432 0.07988
e_15_16 15 16 2 0.0125 -0.210339 0.105208 0.0932974 0.472267 0.122727 -0.816415 0.308818 0.043072
e_16_17 16 17 3 0.0125 -0.232582 0.0844894 0.0832639 0.522718 0.156345 -0.76164 0.349609 0.021158
e_17_18 17 18 4 0.0125 -0.248112 0.0694012 0.0805123 0.591139 0.150685 -0.707903 0.355981 0.022651
e_18_19 18 19 5 0.0125 -0.272128 0.0466249 0.0789389 0.58929 0.154499 -0.706983 0.359225 0.043622
e_19_20 19 20 6 0.0125 -0.302435 0.0158015 0.0772839 0.584408 0.177215 -0.695025 0.379478 0.042943
e_20_21 20 21 7 0.0125 -0.325538 -0.00924294 0.0762852 0.583963 0.177309 -0.695366 0.379493 0.025233
e_21_1 21 1 8 0.0125 -0.341313 -0.0264284 0.0756138 0.58398 0.179116 -0.693973 0.381164 0.021442
e_1_22 1 22 1 0.0125 -0.340449 -0.0401628 0.074482 0.0589227 0.63274 -0.376304 0.674213 0.02
e_22_23 22 23 2 0.0125 -0.324924 -0.0521246 0.0710024 -0.0457134 0.57305 -0.550989 0.604926 0.02
e_23_24 23 24 3 0.0125 -0.310624 -0.064265 0.0642483 -0.112789 0.50377 -0.672267 0.530614 0.02
e_24_25 24 25 4 0.0125 -0.296894 -0.0759778 0.0556439 -0.141805 0.482847 -0.700988 0.505337 0.02
e_25_4 25 4 5 0.0125 -0.285118 -0.0897341 0.0477985 0.0673056 0.504214 -0.643057 0.572465 0.02
e_1_26 1 26 1 0.0125 -0.325313 -0.0309208 0.0845704 0.801268 0.0572744 0.559857 0.2031 0.050464
e_26_27 26 27 2 0.0125 -0.291675 -0.0276884 0.0978345 0.702595 0.304862 0.476646 0.431543 0.022324
e_27_3 27 3 3 0.0125 -0.268603 -0.0300379 0.106344 0.572819 0.474394 0.33134 0.580554 0.027212
12 28 27
3 0.0773477 0.254729 0.214049 0.0125
29 0.0744772 0.271056 0.225239 0.0125
28 0.0660355 0.287678 0.232481 0.0125
27 0.0540859 0.303049 0.237058 0.0125
26 0.0400266 0.317042 0.239615 0.0125
4 0.101616 0.268159 0.233668 0.0125
25 0.0815835 0.280141 0.239888 0.0125
24 0.0629698 0.293457 0.239845 0.0125
23 0.0424864 0.309161 0.241206 0.0125
1 0.025135 0.329892 0.243236 0.0125
22 0.0373634 0.319308 0.231422 0.0125
21 0.0460722 0.303852 0.222186 0.0125
11 -9.41381e-05 0.188299 0.0255666 0.0125
6 -0.0805516 0.288063 0.05622 0.0125
10 -0.0696123 0.272642 0.0488645 0.0125
9 -0.0559586 0.25847 0.0422994 0.0125
2 0.00550716 0.174789 0.011924 0.0125
19 0.0579053 0.278164 0.194383 0.0125
8 -0.0328294 0.218833 0.0334338 0.0125
12 -0.00861672 0.201639 0.0377898 0.0125
13 -0.0172991 0.215104 0.0497612 0.0125
14 -0.0233191 0.23207 0.0584717 0.0125
5 -0.0289603 0.248272 0.0687523 0.0125
15 0.0481455 0.225357 0.122421 0.0125
16 0.0535766 0.238097 0.139204 0.0125
17 0.0529324 0.251046 0.163761 0.0125
18 0.0561191 0.262234 0.180549 0.0125
20 0.0546116 0.292063 0.20847 0.0125
e_2_8 2 8 1 0.0125 -0.0136612 0.196811 0.0226784 0.769666 -0.53468 -0.20319 0.283628 0.062227
e_8_9 8 9 2 0.0125 -0.0443937 0.238651 0.037866 0.742612 -0.615969 -0.160451 0.208241 0.04674
e_9_10 9 10 3 0.0125 -0.0627851 0.265556 0.0455815 0.756037 -0.539485 -0.225214 0.29435 0.020746
e_10_6 10 6 4 0.0125 -0.0750819 0.280352 0.0525423 0.784117 -0.539431 -0.166496 0.257786 0.020287
e_2_11 2 11 1 0.0125 0.0027061 0.181544 0.0187449 0.882037 -0.39601 -0.0460191 0.251136 0.02
e_11_12 11 12 2 0.0125 -0.00435507 0.194969 0.0316782 0.852763 -0.427083 -0.109638 0.279955 0.02
e_12_13 12 13 3 0.0125 -0.0129583 0.208371 0.0437755 0.849354 -0.43349 -0.113114 0.279086 0.02
e_13_14 13 14 4 0.0125 -0.0203095 0.223587 0.0541164 0.825275 -0.527874 -0.0598407 0.191545 0.02
e_14_5 14 5 5 0.0125 -0.0261396 0.240171 0.0636125 0.845797 -0.490554 -0.0483962 0.204064 0.02
e_2_15 2 15 1 0.0125 0.0268267 0.200073 0.0671724 0.950985 -0.17301 0.202632 0.156955 0.128782
e_15_16 15 16 2 0.0125 0.0508606 0.231727 0.130812 0.932066 -0.28976 0.174316 0.130024 0.021759
e_16_17 16 17 3 0.0125 0.0532544 0.244572 0.151482 0.93718 -0.235028 0.0509918 0.252697 0.02777
e_17_18 17 18 4 0.0125 0.0545255 0.25664 0.172155 0.938339 -0.267156 0.132859 0.174634 0.020425
e_18_19 18 19 5 0.0125 0.0570123 0.270199 0.187466 0.899612 -0.402644 0.105878 0.131781 0.021173
e_19_20 19 20 6 0.0125 0.0562588 0.285114 0.201427 0.895877 -0.385881 0.00321884 0.220205 0.020062
e_20_21 20 21 7 0.0125 0.0503419 0.297958 0.215328 0.865983 -0.379999 -0.112706 0.304914 0.020001
e_21_22 21 22 8 0.0125 0.0417178 0.31158 0.226804 0.819669 -0.505681 -0.115725 0.242978 0.02
e_22_1 22 1 9 0.0125 0.0312489 0.3246 0.237329 0.820875 -0.406508 -0.19958 0.347969 0.020027
e_1_23 1 23 1 0.0125 0.0338103 0.319526 0.242221 0.316203 0.67794 -0.278979 0.602149 0.02711
e_23_24 23 24 2 0.0125 0.0527285 0.301309 0.240526 0.665659 0.280652 0.669005 -0.174828 0.025847
e_24_25 24 25 3 0.0125 0.0722767 0.286799 0.239866 0.693557 0.288174 0.644984 -0.141172 0.022886
e_25_4 25 4 4 0.0125 0.0916001 0.27415 0.236778 0.110567 -0.595337 0.52376 -0.599186 0.024157
e_1_26 1 26 1 0.0125 0.0325805 0.323467 0.241426 0.309865 -0.265924 0.720962 -0.559894 0.02
e_26_27 26 27 2 0.0125 0.0470566 0.310045 0.238336 0.532975 0.741811 0.116834 0.389876 0.02
e_27_28 27 28 3 0.0125 0.0600614 0.295364 0.234769 -0.359659 0.0337515 -0.783127 0.50618 0.02
e_28_29 28 29 4 0.0125 0.070256 0.279367 0.22886 -0.378061 -0.214993 -0.796764 0.419542 0.02
e_29_3 29 3 5 0.0125 0.075912 0.262893 0.219644 -0.288246 -0.413435 -0.780258 0.370383 0.02
13 27 26
3 0.35598 0.266191 0.10397 0.0125
28 0.33406 0.23117 0.0747752 0.0125
4 0.375846 0.255971 0.0836631 0.0125
27 0.360452 0.245652 0.0696218 0.0125
26 0.335522 0.232037 0.0590982 0.0125
25 0.316459 0.216823 0.0555948 0.0125
1 0.299375 0.203498 0.0530364 0.0125
24 0.281791 0.198297 0.0613918 0.0125
23 0.263307 0.197258 0.0692769 0.0125
22 0.244345 0.195035 0.0760524 0.0125
21 0.211407 0.192002 0.0820232 0.0125
12 -0.0132884 0.234462 0.192591 0.0125
11 -0.00072264 0.219063 0.194896 0.0125
10 0.0116446 0.198878 0.191318 0.0125
9 0.0233093 0.180411 0.188095 0.0125
2 0.0400046 0.121382 0.170757 0.0125
19 0.170867 0.180132 0.101858 0.0125
8 0.0317651 0.150293 0.1788 0.0125
6 -0.0259324 0.247639 0.183918 0.0125
13 0.0490211 0.105371 0.178654 0.0125
14 0.0598478 0.0896793 0.184698 0.0125
15 0.0662116 0.0711005 0.188486 0.0125
16 0.076748 0.0547107 0.192997 0.0125
5 0.0870657 0.0382189 0.197644 0.0125
17 0.122193 0.157675 0.128178 0.0125
18 0.150114 0.170317 0.113709 0.0125
20 0.189912 0.184757 0.0924614 0.0125
e_2_8 2 8 1 0.0125 0.0358847 0.135837 0.174779 0.608273 -0.556169 0.247894 0.509145 0.03112
e_8_9 8 9 2 0.0125 0.0275367 0.165352 0.183448 0.619015 -0.547318 0.240885 0.509153 0.032634
e_9_10 9 10 3 0.0125 0.0174769 0.189644 0.189707 0.511588 -0.630595 0.171366 0.557908 0.022079
e_10_11 10 11 4 0.0125 0.00546132 0.20897 0.193107 0.515645 -0.62797 0.175884 0.555724 0.023941
e_11_12 11 12 5 0.0125 -0.00700598 0.226762 0.193744 0.370707 -0.714434 0.217209 0.552251 0.020008
e_12_6 12 6 6 0.0125 -0.0196107 0.24105 0.188254 0.205399 -0.774707 0.338109 0.493277 0.020218
e_2_13 2 13 1 0.0125 0.0445126 0.113376 0.174705 0.820981 0.421743 0.353151 -0.152996 0.02
e_13_14 13 14 2 0.0125 0.0544348 0.0975248 0.181676 0.786678 0.399288 0.435251 -0.179621 0.02
e_14_15 14 15 3 0.0125 0.0630301 0.0803895 0.186592 0.727498 0.499762 0.394396 -0.255807 0.02
e_15_16 15 16 4 0.0125 0.0714801 0.0629053 0.190742 0.753558 0.412781 0.465666 -0.211938 0.02
e_16_5 16 5 5 0.0125 0.0819065 0.0464652 0.19532 0.755952 0.417318 0.457909 -0.211427 0.02
e_2_17 2 17 1 0.0125 0.0810984 0.139528 0.149467 0.531446 -0.254535 0.805816 0.0586311 0.099424
e_17_18 17 18 2 0.0125 0.136153 0.163996 0.120943 0.53176 -0.257671 0.804397 0.0615014 0.033894
e_18_19 18 19 3 0.0125 0.16049 0.175224 0.107783 0.516454 -0.269648 0.81034 0.0625627 0.025835
e_19_20 19 20 4 0.0125 0.18039 0.182445 0.0971597 0.532729 -0.190128 0.824629 0.00621595 0.021735
e_20_21 20 21 5 0.0125 0.200659 0.18838 0.0872422 0.538408 -0.219259 0.812981 0.0332369 0.024969
e_21_22 21 22 6 0.0125 0.227876 0.193519 0.0790379 0.641145 -0.0824502 0.762911 -0.0101515 0.033612
e_22_23 22 23 7 0.0125 0.253826 0.196146 0.072665 0.57653 -0.123161 0.807493 -0.0200076 0.020257
e_23_24 23 24 8 0.0125 0.272549 0.197777 0.0653343 0.549692 -0.112758 0.826567 -0.0437208 0.020123
e_24_1 24 1 9 0.0125 0.290583 0.200898 0.0572146 0.540527 -0.204682 0.815737 0.022561 0.020151
e_1_25 1 25 1 0.0125 0.307917 0.21016 0.0543155 0.72101 -0.256135 0.612999 0.196907 0.021816
e_25_26 25 26 2 0.0125 0.325991 0.22443 0.0573467 0.727923 -0.256002 0.602811 0.203002 0.024642
e_26_27 26 27 3 0.0125 0.347987 0.238845 0.0643601 0.801114 -0.15812 0.548905 0.178657 0.030291
e_27_4 27 4 4 0.0125 0.368149 0.250812 0.0766425 0.863849 -0.141565 0.421899 0.236061 0.023251
e_1_28 1 28 1 0.0125 0.316716 0.217334 0.0639061 0.814845 -0.201565 0.489282 0.236649 0.04941
e_28_3 28 3 2 0.0125 0.34502 0.248681 0.089373 0.823448 -0.270119 0.372138 0.332388 0.05059
