13
1 25 24
3 -0.289609 0.263408 0.011283 0.0125
26 -0.274297 0.252203 0.0176074 0.0125
25 -0.260414 0.238413 0.0217437 0.0125
24 -0.245365 0.225486 0.0242748 0.0125
23 -0.234409 0.209605 0.0295429 0.0125
4 -0.26192 0.287857 0.0428181 0.0125
22 -0.255143 0.2689 0.044011 0.0125
21 -0.24312 0.245282 0.0443248 0.0125
20 -0.230682 0.220686 0.0445484 0.0125
6 -0.0107376 -0.167537 0.0127153 0.0125
11 -0.0114197 -0.147535 0.0156906 0.0125
10 -0.0116393 -0.126939 0.0190102 0.0125
9 -0.00781746 -0.106797 0.0198719 0.0125
2 -0.0212329 -0.0203416 0.0298472 0.0125
19 -0.187054 0.141162 0.0476719 0.0125
8 -0.0145765 -0.0476117 0.0240123 0.0125
12 -0.00156137 -0.0220217 0.0266516 0.0125
13 0.0163822 -0.0297628 0.0223994 0.0125
14 0.0345193 -0.0379692 0.0204688 0.0125
15 0.0522752 -0.0461906 0.0163298 0.0125
5 0.0704402 -0.0534799 0.0122175 0.0125
16 -0.0603319 0.0123516 0.0359467 0.0125
17 -0.136261 0.0820268 0.0444799 0.0125
18 -0.156477 0.102549 0.0500961 0.0125
1 -0.223305 0.196469 0.0397499 0.0125
e_2_8 2 8 1 0.0125 -0.0179047 -0.0339767 0.0269297 0.485141 0.696999 -0.340525 0.403575 0.028671
e_8_9 8 9 2 0.0125 -0.0111964 -0.0772044 0.0219418 0.592155 0.671823 -0.288648 0.338659 0.059714
e_9_10 9 10 3 0.0125 -0.00972812 -0.116868 0.0194415 0.605089 0.554662 -0.461888 0.335971 0.020519
e_10_11 10 11 4 0.0125 -0.0115289 -0.137237 0.0173507 0.518187 0.613237 -0.451111 0.389771 0.020863
e_11_6 11 6 5 0.0125 -0.0110789 -0.157536 0.0142031 0.527759 0.626876 -0.424932 0.384617 0.020233
e_2_12 2 12 1 0.0125 -0.0113971 -0.0211817 0.0282494 0.247446 -0.676534 0.349552 -0.599071 0.02
e_12_13 12 13 2 0.0125 0.00741061 -0.025893 0.0245259 0.194686 -0.583966 0.515067 -0.596479 0.02
e_13_14 13 14 3 0.0125 0.0254504 -0.0338664 0.0214342 0.336264 -0.431401 0.60179 -0.581953 0.02
e_14_15 14 15 4 0.0125 0.0433978 -0.0420796 0.0183996 0.206305 -0.55911 0.539326 -0.594946 0.02
e_15_5 15 5 5 0.0125 0.0613582 -0.0498349 0.0142739 0.200289 -0.591293 0.503171 -0.597558 0.02
e_2_16 2 16 1 0.0125 -0.0407824 -0.00399502 0.0328969 0.732211 -0.31295 -0.585361 -0.152583 0.05133
e_16_17 16 17 2 0.0125 -0.0982965 0.0471899 0.0402129 0.717719 -0.337071 -0.587471 -0.161678 0.103405
e_17_18 17 18 3 0.0125 -0.146368 0.0922876 0.0472878 0.749134 -0.332334 -0.542107 -0.185669 0.029349
e_18_19 18 19 4 0.0125 -0.171765 0.121856 0.048884 0.662028 -0.4195 -0.590418 -0.192729 0.049314
e_19_1 19 1 5 0.0125 -0.205179 0.168816 0.0437107 0.629501 -0.463366 -0.58717 -0.21036 0.066602
e_1_20 1 20 1 0.0125 -0.226993 0.208578 0.0421485 0.704709 -0.483358 -0.416217 -0.310667 0.025766
e_20_21 20 21 2 0.0125 -0.2369 0.232984 0.0444363 0.657935 -0.477675 -0.525253 -0.251113 0.027563
e_21_22 21 22 3 0.0125 -0.249131 0.25709 0.0441679 0.656923 -0.477606 -0.527078 -0.250068 0.026505
e_22_4 22 4 4 0.0125 -0.258532 0.278378 0.0434147 0.626436 -0.526095 -0.502792 -0.279288 0.020167
e_1_23 1 23 1 0.0125 -0.228857 0.203038 0.0346464 0.476949 -0.490251 -0.717499 -0.13179 0.02
e_23_24 23 24 2 0.0125 -0.239887 0.217545 0.0269093 0.576858 -0.481701 -0.632202 -0.188467 0.02
e_24_25 24 25 3 0.0125 -0.25289 0.23195 0.0230094 0.647577 -0.365703 -0.655389 -0.131797 0.02
e_25_26 25 26 4 0.0125 -0.267355 0.245309 0.019676 0.613129 -0.407152 -0.661536 -0.143768 0.02
e_26_3 26 3 5 0.0125 -0.281952 0.257806 0.0144455 0.577696 -0.372294 -0.720779 -0.0902361 0.02
2 21 20
3 -0.105023 -0.143309 0.0817325 0.0125
22 -0.0675086 -0.140527 0.0524675 0.0125
4 -0.12771 -0.103295 0.0312994 0.0125
21 -0.108889 -0.107444 0.0257041 0.0125
20 -0.0887647 -0.114826 0.0186934 0.0125
11 -0.30059 -0.277665 0.202482 0.0125
10 -0.285641 -0.267971 0.193395 0.0125
6 -0.212465 -0.218448 0.03268 0.0125
9 -0.270128 -0.259155 0.184359 0.0125
2 -0.25775 -0.250571 0.171203 0.0125
19 -0.0693942 -0.122478 0.0166292 0.0125
8 -0.233596 -0.22924 0.0746598 0.0125
12 -0.313577 -0.290893 0.209986 0.0125
5 -0.326468 -0.304417 0.217123 0.0125
13 -0.175805 -0.2142 0.102266 0.0125
14 -0.119579 -0.177898 0.0659023 0.0125
15 -0.0964892 -0.16687 0.0539212 0.0125
16 -0.0802816 -0.158878 0.0452896 0.0125
17 -0.0631641 -0.151617 0.0356616 0.0125
18 -0.0495175 -0.140564 0.0243837 0.0125
1 -0.0346064 -0.132566 0.0125483 0.0125
e_2_8 2 8 1 0.0125 -0.245673 -0.239905 0.122931 -0.160098 0.696195 -0.699707 0.00953498 0.101779
e_8_6 8 6 2 0.0125 -0.22303 -0.223844 0.0536696 -0.23319 0.747481 -0.613641 0.101684 0.048221
e_2_9 2 9 1 0.0125 -0.263939 -0.254862 0.177781 0.814399 0.362791 -0.198662 -0.407027 0.02
e_9_10 9 10 2 0.0125 -0.277885 -0.263562 0.188878 0.757586 0.438279 -0.286377 -0.389824 0.02
e_10_11 10 11 3 0.0125 -0.293115 -0.272817 0.197938 0.763226 0.449836 -0.265508 -0.380316 0.02
e_11_12 11 12 4 0.0125 -0.307083 -0.284279 0.206234 0.761121 0.521479 -0.20114 -0.329085 0.02
e_12_5 12 5 5 0.0125 -0.320022 -0.297655 0.213554 0.757625 0.531073 -0.198812 -0.323171 0.02
e_2_13 2 13 1 0.0125 -0.216777 -0.232386 0.136735 0.436061 -0.491355 0.750565 -0.0712276 0.113093
e_13_14 13 14 2 0.0125 -0.147692 -0.196049 0.0840851 0.299877 -0.858247 0.0460656 -0.41396 0.076168
e_14_15 14 15 3 0.0125 -0.108034 -0.172384 0.0599114 0.466021 -0.693373 0.480893 -0.266082 0.028254
e_15_16 15 16 4 0.0125 -0.0883859 -0.162874 0.0496049 0.453231 -0.71785 0.447438 -0.281198 0.020027
e_16_17 16 17 5 0.0125 -0.0717232 -0.155248 0.0404759 0.483157 -0.599929 0.608255 -0.191495 0.020939
e_17_18 17 18 6 0.0125 -0.0563403 -0.14609 0.0300231 0.0925119 -0.775738 -0.410395 -0.47037 0.020871
e_18_1 18 1 7 0.0125 -0.042062 -0.136565 0.018466 0.271823 -0.878618 0.120922 -0.373525 0.020649
e_1_19 1 19 1 0.0125 -0.0520006 -0.127522 0.0145884 0.570603 0.269951 -0.609218 -0.479991 0.03645
e_19_20 19 20 2 0.0125 -0.0790794 -0.118652 0.0176613 0.55385 0.230592 -0.63048 -0.492517 0.020929
e_20_21 20 21 3 0.0125 -0.0988274 -0.111135 0.022199 0.627138 0.191916 -0.554742 -0.511984 0.022552
e_21_4 21 4 4 0.0125 -0.118299 -0.105369 0.0285018 0.632451 0.256587 -0.542922 -0.48929 0.020069
e_1_22 1 22 1 0.0125 -0.0510581 -0.136547 0.0325079 0.813699 0.237201 -0.249771 -0.468235 0.052339
e_22_3 22 3 2 0.0125 -0.0862653 -0.141918 0.0671001 0.761213 0.260158 -0.353984 -0.477042 0.047661
3 24 23
3 -0.0909679 -0.0315914 0.0174172 0.0125
25 -0.0990156 -0.0126641 0.0293992 0.0125
24 -0.10299 0.0201964 0.0484652 0.0125
4 -0.045678 0.0942262 0.0125551 0.0125
23 -0.0761826 0.0797975 0.0434419 0.0125
22 -0.0923247 0.067148 0.0582762 0.0125
1 -0.10827 0.0483446 0.073438 0.0125
21 -0.118202 0.0596678 0.0866975 0.0125
6 -0.307208 0.361754 0.299235 0.0125
11 -0.297246 0.348295 0.285341 0.0125
10 -0.278009 0.329589 0.261213 0.0125
9 -0.270449 0.317235 0.240703 0.0125
2 -0.239032 0.277636 0.196659 0.0125
19 -0.141133 0.0855363 0.10718 0.0125
8 -0.260595 0.305258 0.227219 0.0125
12 -0.275102 0.264952 0.150967 0.0125
5 -0.298497 0.253863 0.119926 0.0125
13 -0.228253 0.260099 0.180573 0.0125
14 -0.1852 0.20425 0.147049 0.0125
15 -0.174555 0.169567 0.132033 0.0125
16 -0.168377 0.143513 0.12173 0.0125
17 -0.161161 0.124083 0.111768 0.0125
18 -0.15468 0.104251 0.109552 0.0125
20 -0.130435 0.0707637 0.0989336 0.0125
e_2_8 2 8 1 0.0125 -0.249813 0.291448 0.211939 0.899181 -0.362011 -0.200794 0.141788 0.046496
e_8_9 8 9 2 0.0125 -0.265522 0.311246 0.233961 0.898291 -0.358175 -0.208921 0.145384 0.020552
e_9_10 9 10 3 0.0125 -0.274229 0.323412 0.250958 0.944039 -0.277403 -0.120898 0.13123 0.025108
e_10_11 10 11 4 0.0125 -0.287627 0.338942 0.273277 0.899145 -0.330704 -0.237325 0.160778 0.036085
e_11_6 11 6 5 0.0125 -0.302227 0.355024 0.292288 0.894594 -0.376212 -0.19795 0.137771 0.021759
e_2_12 2 12 1 0.0125 -0.257066 0.271294 0.173812 0.21972 -0.477966 -0.809323 0.261283 0.05958
e_12_5 12 5 2 0.0125 -0.286799 0.259408 0.135446 0.203501 -0.440722 -0.830505 0.273156 0.04042
e_2_13 2 13 1 0.0125 -0.233643 0.268867 0.188615 0.437175 0.797825 0.413938 0.0317624 0.026125
e_13_14 13 14 2 0.0125 -0.206727 0.232174 0.163811 0.53267 0.629208 0.5646 -0.0398188 0.07808
e_14_15 14 15 3 0.0125 -0.179878 0.186908 0.139541 0.491598 0.816872 -0.154709 0.25907 0.039264
e_15_16 15 16 4 0.0125 -0.171466 0.15654 0.126882 0.48749 0.787429 -0.243951 0.287744 0.028691
e_16_17 16 17 5 0.0125 -0.164769 0.133798 0.116749 0.47764 0.842156 -0.0859608 0.235041 0.022996
e_17_18 17 18 6 0.0125 -0.157921 0.114167 0.110659 0.635461 0.743507 -0.000647305 0.208293 0.020981
e_18_19 18 19 7 0.0125 -0.147907 0.0948934 0.108366 0.668652 0.628071 0.395691 0.0431113 0.023225
e_19_20 19 20 8 0.0125 -0.135784 0.0781501 0.103057 0.542166 0.673593 0.502266 -0.00756142 0.020017
e_20_21 20 21 9 0.0125 -0.124318 0.0652158 0.0928155 0.348684 0.0471177 0.891864 -0.284216 0.020555
e_21_1 21 1 10 0.0125 -0.113235 0.054006 0.0800682 0.27064 -0.00272234 0.911249 -0.310437 0.020066
e_1_22 1 22 1 0.0125 -0.100298 0.0577466 0.0658575 0.45404 -0.826215 0.281617 -0.178629 0.028943
e_22_23 22 23 2 0.0125 -0.0842542 0.0734729 0.0508586 0.401491 -0.814391 0.360282 -0.213936 0.025311
e_23_4 23 4 3 0.0125 -0.0609308 0.0870117 0.0279984 0.318854 -0.81557 0.415251 -0.246463 0.045746
e_1_24 1 24 1 0.0125 -0.10563 0.0342704 0.0609513 0.130384 0.441051 -0.7963 0.392913 0.037999
e_24_25 24 25 2 0.0125 -0.101003 0.00376653 0.0389319 0.339878 0.660038 -0.560279 0.367316 0.038198
e_25_3 25 3 3 0.0125 -0.0949919 -0.0221275 0.0234086 0.446949 0.865637 -0.0485266 0.22035 0.023803
4 18 17
3 0.0795125 -0.144803 0.0120525 0.0125
19 0.0974589 -0.162167 0.0322842 0.0125
11 -0.126113 -0.25213 0.113623 0.0125
10 -0.133102 -0.225955 0.112136 0.0125
6 -0.095732 -0.072487 0.0328888 0.0125
9 -0.144204 -0.202234 0.112016 0.0125
2 -0.157044 -0.182854 0.110745 0.0125
8 -0.13718 -0.150895 0.0988714 0.0125
5 -0.118371 -0.27417 0.114873 0.0125
12 -0.0139804 -0.193319 0.0883252 0.0125
13 0.0351345 -0.195985 0.0892561 0.0125
14 0.0598669 -0.197323 0.0899423 0.0125
15 0.0800931 -0.194845 0.0864155 0.0125
16 0.0997066 -0.19367 0.0823124 0.0125
17 0.119428 -0.194459 0.0787623 0.0125
1 0.138677 -0.196693 0.0736866 0.0125
18 0.109987 -0.26569 0.0663236 0.0125
4 0.0985094 -0.287418 0.0704352 0.0125
e_2_8 2 8 1 0.0125 -0.147112 -0.166875 0.104807 0.561718 -0.518016 0.618162 0.184413 0.039458
e_8_6 8 6 2 0.0125 -0.116457 -0.111691 0.0658795 0.37765 -0.438711 0.778448 0.242758 0.110542
e_2_9 2 9 1 0.0125 -0.150624 -0.192544 0.11138 0.682832 0.668156 0.162098 0.247047 0.023281
e_9_10 9 10 2 0.0125 -0.138653 -0.214094 0.112076 0.67284 0.700558 0.0831439 0.222693 0.026191
e_10_11 10 11 3 0.0125 -0.129607 -0.239042 0.11288 0.700789 0.68746 -0.00308299 0.190484 0.027132
e_11_5 11 5 4 0.0125 -0.122242 -0.26315 0.114248 0.696334 0.687016 0.0358275 0.204558 0.023395
e_2_12 2 12 1 0.0125 -0.0855128 -0.188087 0.0995352 0.541275 0.465998 0.600045 0.360297 0.145187
e_12_13 12 13 2 0.0125 0.0105774 -0.194653 0.0887912 0.62347 0.373624 0.592408 0.347481 0.049197
e_13_14 13 14 3 0.0125 0.0475007 -0.196655 0.0895992 0.627456 0.369633 0.591198 0.346635 0.024778
e_14_15 14 15 4 0.0125 0.0699799 -0.196084 0.0881792 0.528889 0.356811 0.676739 0.367405 0.020681
e_15_16 15 16 5 0.0125 0.0899001 -0.194257 0.0843633 0.511595 0.415396 0.655471 0.368883 0.020073
e_16_17 16 17 6 0.0125 0.109567 -0.194064 0.0805371 0.528667 0.459413 0.614384 0.363296 0.020053
e_17_1 17 1 7 0.0125 0.129052 -0.195576 0.076224 0.492253 0.539386 0.57943 0.361954 0.020032
e_1_18 1 18 1 0.0125 0.124332 -0.231192 0.0700051 0.669208 0.658102 -0.34049 0.055938 0.075086
e_18_4 18 4 2 0.0125 0.104248 -0.276554 0.0683789 0.761827 0.552045 -0.335767 0.046113 0.024914
e_1_19 1 19 1 0.0125 0.118068 -0.17943 0.0529857 0.325291 0.0406172 -0.896328 -0.298549 0.067861
e_19_3 19 3 2 0.0125 0.088486 -0.153486 0.0221689 0.302169 0.021297 -0.902381 -0.30651 0.032139
5 18 17
3 -0.0560617 -0.0563008 0.0115866 0.0125
19 -0.0532682 -0.0313861 0.0359853 0.0125
11 -0.0585376 0.225204 0.248234 0.0125
10 -0.0534152 0.262756 0.218149 0.0125
6 -0.167698 0.342994 0.271243 0.0125
9 -0.124086 0.324965 0.243424 0.0125
2 -0.05088 0.282794 0.201678 0.0125
8 -0.0976877 0.308442 0.220679 0.0125
5 -0.0567709 0.207256 0.266331 0.0125
12 -0.048517 0.213444 0.151909 0.0125
13 -0.0615145 0.130744 0.102237 0.0125
14 -0.0621403 0.108791 0.0912318 0.0125
15 -0.0558931 0.0467284 0.0821813 0.0125
1 -0.0592502 0.0174869 0.0784441 0.0125
18 -0.0603488 0.0795101 0.124974 0.0125
16 -0.0593107 0.0458677 0.0935868 0.0125
17 -0.0603489 0.0636532 0.111235 0.0125
4 -0.0593585 0.0959093 0.139264 0.0125
e_2_8 2 8 1 0.0125 -0.0742831 0.295618 0.211178 -0.0254023 -0.496694 0.292587 0.816727 0.056655
e_8_9 8 9 2 0.0125 -0.110886 0.316703 0.232051 0.0495563 -0.396648 0.218578 0.89019 0.038565
e_9_6 9 6 3 0.0125 -0.145892 0.333979 0.257333 -0.0048351 -0.457382 0.192065 0.868268 0.054781
e_2_10 2 10 1 0.0125 -0.0521473 0.272775 0.209913 0.206643 0.0449473 -0.426613 0.879363 0.026062
e_10_11 10 11 2 0.0125 -0.0559761 0.24398 0.233191 0.200351 0.0385638 -0.433178 0.877912 0.048389
e_11_5 11 5 3 0.0125 -0.0576545 0.21623 0.257282 0.301143 0.159214 -0.347125 0.873767 0.025549
e_2_12 2 12 1 0.0125 -0.0496988 0.248119 0.176794 -0.0996898 -0.223633 0.861046 -0.445702 0.085393
e_12_13 12 13 2 0.0125 -0.0550157 0.172094 0.127073 -0.442687 -0.707695 0.504289 -0.22111 0.097342
e_13_14 13 14 3 0.0125 -0.0618277 0.119767 0.0967349 -0.331213 -0.517374 0.675515 -0.407799 0.024566
e_14_15 14 15 4 0.0125 -0.0590171 0.0777596 0.0867063 0.381638 0.500314 -0.566996 0.531558 0.063029
e_15_1 15 1 5 0.0125 -0.0575715 0.0321074 0.0803134 -0.0823203 -0.177728 -0.728962 0.655935 0.02967
e_1_16 1 16 1 0.0125 -0.0592809 0.0316774 0.0860152 0.254912 -0.153975 0.490849 0.818767 0.032167
e_16_17 16 17 2 0.0125 -0.0598302 0.0547605 0.102411 0.262558 -0.130792 0.36196 0.88484 0.025077
e_17_18 17 18 3 0.0125 -0.0603486 0.0715813 0.118104 0.270307 -0.123435 0.396655 0.868541 0.020982
e_18_4 18 4 4 0.0125 -0.0598538 0.0877099 0.132118 0.282912 -0.104915 0.401089 0.864917 0.021774
e_1_19 1 19 1 0.0125 -0.0562595 -0.00694975 0.0572151 0.00673438 -0.0958412 0.904068 -0.416449 0.065016
e_19_3 19 3 2 0.0125 -0.0546654 -0.0438439 0.0237855 -0.224749 -0.445261 0.806515 -0.317434 0.034984
6 29 28
3 -0.131159 -0.170887 0.0132281 0.0125
30 -0.113702 -0.175287 0.0220697 0.0125
29 -0.0941609 -0.178921 0.028271 0.0125
28 -0.0686994 -0.188315 0.0448964 0.0125
4 0.0263061 -0.149903 0.0132359 0.0125
27 0.0142633 -0.16213 0.0235034 0.0125
26 0.00241753 -0.172412 0.0359124 0.0125
25 -0.0128352 -0.183252 0.0429715 0.0125
24 -0.0293507 -0.190373 0.0517201 0.0125
1 -0.0467739 -0.197903 0.0580252 0.0125
23 -0.0468 -0.178244 0.0617573 0.0125
22 -0.0468931 -0.158553 0.0653218 0.0125
21 -0.043315 -0.139042 0.0684961 0.0125
6 0.0881498 0.18785 0.206049 0.0125
11 0.0853339 0.166891 0.190085 0.0125
10 0.085741 0.143515 0.180633 0.0125
9 0.0775193 0.118769 0.168658 0.0125
2 0.0564809 0.0647513 0.13021 0.0125
19 -0.0319182 -0.0999122 0.0768979 0.0125
8 0.0715284 0.100828 0.156429 0.0125
12 0.0517904 0.0534402 0.114397 0.0125
13 0.0481801 0.0437287 0.097289 0.0125
14 0.0459529 0.0312161 0.0818472 0.0125
15 0.0420885 0.0204053 0.0654703 0.0125
5 0.0395073 0.0134921 0.0468816 0.0125
16 0.0250116 0.015835 0.0977805 0.0125
17 0.00451811 -0.0127561 0.0906607 0.0125
18 -0.0213096 -0.07802 0.08077 0.0125
20 -0.0398017 -0.119383 0.0714357 0.0125
e_2_8 2 8 1 0.0125 0.0640047 0.0827898 0.14332 0.482131 -0.389056 -0.264774 -0.738972 0.047069
e_8_9 8 9 2 0.0125 0.0745235 0.109799 0.162543 0.49238 -0.379589 -0.290626 -0.727331 0.022523
e_9_10 9 10 3 0.0125 0.0816297 0.131142 0.174646 0.474338 -0.429208 -0.327273 -0.695468 0.028694
e_10_11 10 11 4 0.0125 0.0855376 0.155204 0.185359 0.528067 -0.348555 -0.437154 -0.63918 0.025218
e_11_6 11 6 5 0.0125 0.0867426 0.177371 0.198067 0.530309 -0.309578 -0.320788 -0.72113 0.026496
e_2_12 2 12 1 0.0125 0.0541355 0.0590954 0.122303 -0.195773 -0.817477 -0.476511 0.25757 0.02
e_12_13 12 13 2 0.0125 0.0499848 0.0485848 0.105843 -0.174624 -0.841445 -0.468666 0.204519 0.02
e_13_14 13 14 3 0.0125 0.047066 0.0374726 0.0895681 -0.316707 -0.926592 -0.165803 0.116766 0.02
e_14_15 14 15 4 0.0125 0.0440206 0.0258106 0.0736581 -0.206405 -0.849465 -0.433392 0.219039 0.02
e_15_5 15 5 5 0.0125 0.0407977 0.0169483 0.0561757 -0.116956 -0.841754 -0.506128 0.146991 0.02
e_2_16 2 16 1 0.0125 0.0407464 0.0402934 0.113995 0.50136 0.651737 -0.564558 0.0717685 0.066594
e_16_17 16 17 2 0.0125 0.014765 0.00153983 0.0942209 0.516343 0.774055 -0.00372778 -0.366353 0.03589
e_17_18 17 18 3 0.0125 -0.00839528 -0.0453882 0.0857154 0.308459 0.575196 0.488794 -0.578864 0.070882
e_18_19 18 19 4 0.0125 -0.0266137 -0.0889657 0.0788342 0.379202 0.669101 0.361809 -0.526881 0.024633
e_19_20 19 20 5 0.0125 -0.0358592 -0.109647 0.0741666 0.278918 0.598569 0.517252 -0.544398 0.021705
e_20_21 20 21 6 0.0125 -0.0415582 -0.129212 0.0699655 0.114398 0.261515 0.71022 -0.643514 0.020185
e_21_22 21 22 7 0.0125 -0.0451037 -0.148798 0.0669094 0.109441 0.261522 0.714569 -0.639546 0.020088
e_22_23 22 23 8 0.0125 -0.0468467 -0.168399 0.0635393 -0.0250887 -0.0336335 0.766772 -0.640547 0.020012
e_23_1 23 1 9 0.0125 -0.0467873 -0.188073 0.0598908 -0.0301159 -0.0374311 0.769322 -0.637052 0.02001
e_1_24 1 24 1 0.0125 -0.0380618 -0.194138 0.0548722 0.145951 -0.801114 -0.125858 -0.566635 0.02
e_24_25 24 25 2 0.0125 -0.0210928 -0.186812 0.0473461 0.117987 -0.833657 -0.154064 -0.517069 0.02
e_25_26 25 26 3 0.0125 -0.0052084 -0.177832 0.039442 0.187705 -0.790102 -0.228509 -0.536925 0.02
e_26_27 26 27 4 0.0125 0.00834068 -0.167272 0.0297077 0.145327 -0.837665 -0.32945 -0.410682 0.02
e_27_4 27 4 5 0.0125 0.0202849 -0.156017 0.0183694 0.190348 -0.802287 -0.33621 -0.455045 0.02
e_1_28 1 28 1 0.0125 -0.057737 -0.193108 0.051461 0.494815 -0.147429 -0.847794 -0.121113 0.027295
e_28_29 28 29 2 0.0125 -0.08143 -0.183617 0.036584 0.480526 -0.148056 -0.859809 -0.0888981 0.031826
e_29_30 29 30 3 0.0125 -0.103931 -0.177104 0.0251702 0.57115 0.0688619 -0.802605 -0.157703 0.020822
e_30_3 30 3 4 0.0125 -0.122431 -0.173087 0.0176493 0.518896 -0.0453688 -0.847559 -0.101647 0.020057
7 22 21
3 0.348525 0.127674 0.0140072 0.0125
23 0.33979 0.114778 0.0365409 0.0125
22 0.337026 0.0967009 0.0547233 0.0125
4 0.271401 0.0545212 0.166421 0.0125
21 0.306511 0.057796 0.133719 0.0125
1 0.332124 0.0654276 0.0892196 0.0125
12 0.0315728 0.0443059 0.244009 0.0125
11 0.0320213 0.0593434 0.230564 0.0125
10 0.0386187 0.0733985 0.217519 0.0125
9 0.0443042 0.0914246 0.200421 0.0125
2 0.0648552 0.127422 0.151908 0.0125
19 0.299008 0.0468242 0.10154 0.0125
8 0.0518414 0.104816 0.182267 0.0125
6 0.0303717 0.0299379 0.258223 0.0125
13 0.074211 0.144833 0.131837 0.0125
14 0.0888414 0.165533 0.114432 0.0125
15 0.0985359 0.178187 0.102304 0.0125
5 0.107158 0.192553 0.0895579 0.0125
16 0.24256 0.0449678 0.123479 0.0125
17 0.262357 0.0411245 0.115426 0.0125
18 0.280984 0.0411755 0.108128 0.0125
20 0.316153 0.0539539 0.0937258 0.0125
e_2_8 2 8 1 0.0125 0.0583477 0.116119 0.167087 0.895497 0.339034 -0.0762622 -0.278075 0.040026
e_8_9 8 9 2 0.0125 0.0480724 0.0981206 0.191344 0.896853 0.336331 -0.0724053 -0.278016 0.023784
e_9_10 9 10 3 0.0125 0.0414613 0.0824122 0.20897 0.880462 0.405463 -0.0136962 -0.245356 0.025488
e_10_11 10 11 4 0.0125 0.0353201 0.0663718 0.224041 0.87037 0.417205 -0.0655187 -0.253185 0.020279
e_11_12 11 12 5 0.0125 0.0317973 0.0518248 0.237286 0.885365 0.398949 0.0874987 -0.222065 0.020178
e_12_6 12 6 6 0.0125 0.0309723 0.0371221 0.251117 0.892534 0.380249 0.0661489 -0.233276 0.020246
e_2_13 2 13 1 0.0125 0.0695334 0.136128 0.141873 0.19374 -0.793027 -0.47683 -0.325893 0.028169
e_13_14 13 14 2 0.0125 0.081526 0.155183 0.123135 0.362966 -0.883179 -0.054933 -0.291946 0.03075
e_14_15 14 15 3 0.0125 0.0936892 0.17186 0.108367 0.344759 -0.8956 -0.0253728 -0.279997 0.02003
e_15_5 15 5 4 0.0125 0.102847 0.18537 0.0959304 0.313851 -0.869081 -0.217779 -0.314273 0.021051
e_2_16 2 16 1 0.0125 0.153707 0.0861954 0.137693 0.654364 0.318535 0.685816 0.000249614 0.197954
e_16_17 16 17 2 0.0125 0.252459 0.0430465 0.119453 0.558928 0.224879 0.796775 0.0466807 0.021716
e_17_18 17 18 3 0.0125 0.271671 0.0411497 0.111777 0.563266 0.0252481 0.825677 0.0187667 0.020005
e_18_19 18 19 4 0.0125 0.289997 0.0440002 0.104835 0.57518 -0.332187 0.744535 -0.0669821 0.020005
e_19_20 19 20 5 0.0125 0.30758 0.0503892 0.0976323 0.547161 -0.429891 0.71354 -0.0816683 0.020145
e_20_1 20 1 6 0.0125 0.324138 0.0596909 0.0914731 0.590888 -0.634445 0.457342 -0.197915 0.020175
e_1_21 1 21 1 0.0125 0.319317 0.061612 0.111469 0.899963 0.16278 -0.211822 -0.34453 0.051908
e_21_4 21 4 2 0.0125 0.288956 0.0561583 0.150069 0.844254 0.189224 -0.352417 -0.356695 0.048092
e_1_22 1 22 1 0.0125 0.334575 0.0810648 0.0719713 0.136957 -0.481223 -0.798013 -0.335919 0.046819
e_22_23 22 23 2 0.0125 0.338408 0.10574 0.0456314 0.169165 -0.527301 -0.757949 -0.344747 0.025788
e_23_3 23 3 3 0.0125 0.344157 0.121226 0.0252737 0.00888841 -0.558759 -0.774008 -0.297692 0.027393
8 28 27
3 0.0904497 -0.0666016 0.0123728 0.0125
29 0.0907702 -0.0717164 0.0317054 0.0125
28 0.0910838 -0.0768363 0.0510361 0.0125
27 0.0915346 -0.0761576 0.0710189 0.0125
26 0.0906842 -0.0698567 0.0899815 0.0125
4 0.1194 -0.121218 0.0319467 0.0125
25 0.114316 -0.102343 0.0527401 0.0125
24 0.106597 -0.0800141 0.0783458 0.0125
1 0.0936252 -0.0651395 0.109193 0.0125
23 0.0763604 -0.064795 0.119686 0.0125
22 0.0583931 -0.0673003 0.128341 0.0125
21 0.0406218 -0.0696738 0.137272 0.0125
12 -0.0495731 -0.278898 0.220711 0.0125
11 -0.0607399 -0.264457 0.229531 0.0125
10 -0.0716422 -0.250011 0.239155 0.0125
9 -0.0854797 -0.230417 0.250778 0.0125
2 -0.123025 -0.183824 0.255615 0.0125
19 0.00596373 -0.0757721 0.16094 0.0125
8 -0.109703 -0.202014 0.25757 0.0125
6 -0.0372136 -0.295104 0.21243 0.0125
13 -0.144801 -0.189349 0.251266 0.0125
14 -0.168864 -0.19168 0.243614 0.0125
15 -0.195266 -0.195778 0.234259 0.0125
5 -0.215677 -0.202045 0.224561 0.0125
16 -0.0589618 -0.106997 0.197434 0.0125
17 -0.0441891 -0.0972927 0.186893 0.0125
18 -0.0200487 -0.0839541 0.176567 0.0125
20 0.0248997 -0.0729834 0.149434 0.0125
e_2_8 2 8 1 0.0125 -0.116364 -0.192918 0.256592 0.72684 0.471614 0.484136 -0.12205 0.02263
e_8_9 8 9 2 0.0125 -0.097592 -0.216215 0.254174 0.637554 0.53196 0.553638 -0.0634795 0.037943
e_9_10 9 10 3 0.0125 -0.0785617 -0.240214 0.244966 0.529147 0.648876 0.54497 -0.0443965 0.026655
e_10_11 10 11 4 0.0125 -0.066191 -0.257234 0.234343 0.514015 0.650413 0.558307 -0.0323303 0.020498
e_11_12 11 12 5 0.0125 -0.0551561 -0.271678 0.225121 0.530335 0.634702 0.560967 -0.0348468 0.020275
e_12_6 12 6 6 0.0125 -0.0433929 -0.287001 0.21657 0.556543 0.616817 0.55476 -0.0451389 0.021998
e_2_13 2 13 1 0.0125 -0.133913 -0.186587 0.253441 0.439162 0.672047 -0.378645 -0.460562 0.022883
e_13_14 13 14 2 0.0125 -0.156833 -0.190515 0.24744 0.367491 0.677154 -0.438576 -0.46267 0.025359
e_14_15 14 15 3 0.0125 -0.182065 -0.193729 0.238937 0.362839 0.706261 -0.407952 -0.450687 0.028307
e_15_5 15 5 4 0.0125 -0.205471 -0.198912 0.22941 0.347028 0.775073 -0.325633 -0.415688 0.023451
e_2_16 2 16 1 0.0125 -0.0909934 -0.145411 0.226525 0.410793 -0.233835 0.834689 0.282604 0.115721
e_16_17 16 17 2 0.0125 -0.0515751 -0.102145 0.192163 0.418567 -0.0189705 0.869343 0.262079 0.02058
e_17_18 17 18 3 0.0125 -0.0321196 -0.0906234 0.18173 0.531118 -0.109857 0.814391 0.20643 0.029449
e_18_19 18 19 4 0.0125 -0.00704288 -0.0798633 0.168754 0.450765 0.128005 0.855699 0.219555 0.03143
e_19_20 19 20 5 0.0125 0.0154317 -0.0743777 0.155188 0.451606 0.226647 0.840382 0.196064 0.022332
e_20_21 20 21 6 0.0125 0.0327608 -0.0713286 0.143353 0.387167 0.27224 0.853028 0.219843 0.02015
e_21_22 21 22 7 0.0125 0.0495071 -0.0684872 0.132807 0.494157 0.184562 0.829989 0.181285 0.020031
e_22_23 22 23 8 0.0125 0.0673764 -0.0660479 0.124013 0.502563 0.171438 0.828193 0.179262 0.0201
e_23_1 23 1 9 0.0125 0.0849932 -0.0649671 0.114439 0.461296 0.311413 0.814042 0.166025 0.020206
e_1_24 1 24 1 0.0125 0.100111 -0.0725768 0.0937696 0.279051 0.788651 0.546989 0.0310367 0.036621
e_24_25 24 25 2 0.0125 0.110457 -0.0911785 0.0655433 0.35948 0.821258 0.43933 -0.0574269 0.03484
e_25_4 25 4 3 0.0125 0.116858 -0.111781 0.0423437 0.36119 0.832647 0.413519 -0.0724076 0.028539
e_1_26 1 26 1 0.0125 0.0921551 -0.0674975 0.0995874 0.101589 0.969538 0.200732 -0.0968647 0.02
e_26_27 26 27 2 0.0125 0.0911097 -0.0730069 0.0805005 0.156774 0.92173 0.352804 -0.0369392 0.02
e_27_28 27 28 3 0.0125 0.0913096 -0.0764972 0.0610273 0.0129259 0.955931 0.292884 -0.0157607 0.02
e_28_29 28 29 4 0.0125 0.0909267 -0.0742766 0.0413705 -0.12636 0.953987 0.270518 0.0276072 0.02
e_29_3 29 3 5 0.0125 0.0906096 -0.0691589 0.0220385 -0.126279 0.954116 0.270126 0.0273645 0.02
9 27 26
3 0.0906638 -0.176657 0.25093 0.0125
28 0.0978827 -0.179277 0.220196 0.0125
27 0.108901 -0.184852 0.173915 0.0125
4 0.114643 -0.127998 0.23545 0.0125
26 0.114733 -0.140543 0.219872 0.0125
25 0.113985 -0.152209 0.203645 0.0125
24 0.111724 -0.161571 0.186117 0.0125
23 0.115039 -0.17214 0.169465 0.0125
1 0.115971 -0.18568 0.154775 0.0125
22 0.119784 -0.166099 0.153353 0.0125
21 0.119899 -0.1466 0.148906 0.0125
12 0.158813 0.186271 0.0309245 0.0125
11 0.165531 0.170286 0.042901 0.0125
10 0.17015 0.151566 0.0615691 0.0125
9 0.170574 0.134385 0.0751635 0.0125
2 0.173818 0.0950561 0.107332 0.0125
19 0.114944 -0.106975 0.146961 0.0125
8 0.171087 0.112595 0.0939052 0.0125
6 0.145292 0.203661 0.011797 0.0125
13 0.171327 0.110659 0.0437441 0.0125
5 0.173099 0.123828 0.0119283 0.0125
14 0.123553 -0.0111379 0.123298 0.0125
15 0.116509 -0.0298924 0.128133 0.0125
16 0.111864 -0.0490663 0.132869 0.0125
17 0.109119 -0.0685773 0.137119 0.0125
18 0.110647 -0.0885603 0.14015 0.0125
20 0.117774 -0.126778 0.147279 0.0125
e_2_8 2 8 1 0.0125 0.172453 0.103825 0.100619 -0.355807 0.623908 0.642157 0.267906 0.022256
e_8_9 8 9 2 0.0125 0.170831 0.12349 0.0845343 -0.28999 0.616216 0.668032 0.299861 0.028745
e_9_10 9 10 3 0.0125 0.170362 0.142975 0.0683672 -0.299919 0.603375 0.667936 0.315988 0.021913
e_10_11 10 11 4 0.0125 0.16784 0.160926 0.0522359 -0.340743 0.673354 0.628002 0.190006 0.026838
e_11_12 11 12 5 0.0125 0.162172 0.178278 0.0369128 -0.441882 0.670574 0.57836 0.143424 0.021073
e_12_6 12 6 6 0.0125 0.152053 0.194966 0.0213608 -0.41448 0.743813 0.523991 -0.019559 0.029174
e_2_13 2 13 1 0.0125 0.172573 0.102857 0.0755379 -0.104139 0.759812 0.638694 0.0625275 0.065521
e_13_5 13 5 2 0.0125 0.172214 0.117243 0.0278362 -0.12497 0.7188 0.66686 0.151678 0.034479
e_2_14 2 14 1 0.0125 0.148686 0.0419598 0.115315 0.546576 0.625061 0.204863 -0.518252 0.118569
e_14_15 14 15 2 0.0125 0.120032 -0.0205152 0.125715 0.608669 0.586178 0.197709 -0.496818 0.020609
e_15_16 15 16 3 0.0125 0.114186 -0.03948 0.130501 0.642478 0.57609 0.226742 -0.451586 0.020289
e_16_17 16 17 4 0.0125 0.110491 -0.0588218 0.134994 0.659811 0.573868 0.255459 -0.41239 0.020156
e_17_18 17 18 5 0.0125 0.109883 -0.0785685 0.138635 0.68693 0.56805 0.320194 -0.320816 0.020269
e_18_19 18 19 6 0.0125 0.112796 -0.0977679 0.143556 0.773516 0.486783 0.30597 -0.266641 0.020099
e_19_20 19 20 7 0.0125 0.116359 -0.116876 0.14712 0.654162 0.59794 0.366752 -0.282901 0.020006
e_20_21 20 21 8 0.0125 0.118837 -0.136689 0.148093 0.669943 0.584233 0.343544 -0.303027 0.020002
e_21_22 21 22 9 0.0125 0.119842 -0.15635 0.151129 0.694254 0.555416 0.283407 -0.359451 0.02
e_22_1 22 1 10 0.0125 0.117878 -0.17589 0.154064 0.598239 0.621865 0.278823 -0.421488 0.02
e_1_23 1 23 1 0.0125 0.115505 -0.178911 0.16212 0.838918 -0.338342 0.135269 0.404281 0.02
e_23_24 23 24 2 0.0125 0.113381 -0.166855 0.17779 0.957237 -0.276406 -0.0853055 0.00442082 0.02
e_24_25 24 25 3 0.0125 0.112855 -0.156891 0.194881 0.942889 -0.22186 0.112127 0.221735 0.02
e_25_26 25 26 4 0.0125 0.114359 -0.146376 0.211759 0.901067 -0.283872 0.117208 0.306197 0.02
e_26_4 26 4 5 0.0125 0.114688 -0.13427 0.227661 0.878816 -0.310723 0.118432 0.342209 0.02
e_1_27 1 27 1 0.0125 0.112436 -0.185266 0.164346 0.864508 0.0659546 -0.164358 -0.470385 0.020421
e_27_28 27 28 2 0.0125 0.103392 -0.182064 0.197055 0.930036 -0.0148413 -0.129155 -0.343703 0.047899
e_28_3 28 3 3 0.0125 0.094273 -0.177968 0.235562 0.927996 0.00175127 -0.122108 -0.352009 0.03168
10 27 26
3 -0.117545 -0.278627 0.0153744 0.0125
28 -0.11097 -0.273652 0.0431554 0.0125
27 -0.106206 -0.271773 0.0664109 0.0125
4 -0.0487117 -0.18701 0.13027 0.0125
26 -0.0784813 -0.259646 0.115955 0.0125
1 -0.0868472 -0.276744 0.109179 0.0125
25 -0.0675689 -0.271342 0.108769 0.0125
24 -0.0478589 -0.268054 0.109721 0.0125
23 -0.02882 -0.26226 0.112111 0.0125
22 -0.0116264 -0.25211 0.113442 0.0125
21 0.00535254 -0.24195 0.116676 0.0125
12 0.111723 -0.073302 0.239747 0.0125
11 0.113714 -0.0776557 0.218143 0.0125
10 0.121441 -0.0786301 0.19783 0.0125
9 0.129542 -0.0828098 0.170292 0.0125
2 0.133007 -0.0902958 0.116864 0.0125
19 0.0444489 -0.205376 0.116751 0.0125
8 0.135117 -0.0867692 0.144409 0.0125
6 0.110254 -0.0688303 0.261737 0.0125
13 0.117367 -0.0940443 0.104975 0.0125
14 0.104473 -0.100852 0.0912858 0.0125
15 0.087631 -0.103881 0.0809348 0.0125
16 0.0709992 -0.105412 0.0699312 0.0125
5 0.0546401 -0.108636 0.0588871 0.0125
17 0.122988 -0.109575 0.11702 0.0125
18 0.0665147 -0.183056 0.112122 0.0125
20 0.0210864 -0.229013 0.117053 0.0125
e_2_8 2 8 1 0.0125 0.134062 -0.0885319 0.130636 0.793217 -0.0735292 -0.00826293 -0.604427 0.02785
e_8_9 8 9 2 0.0125 0.132329 -0.084789 0.15735 0.791863 0.00366611 -0.128743 -0.596963 0.026771
e_9_10 9 10 3 0.0125 0.125491 -0.0807195 0.184061 0.788923 0.026724 -0.156898 -0.593522 0.029008
e_10_11 10 11 4 0.0125 0.117577 -0.0781429 0.207987 0.783871 0.0908635 -0.157722 -0.593645 0.021755
e_11_12 11 12 5 0.0125 0.112718 -0.0754789 0.228944 0.79396 -0.051781 -0.0957027 -0.598154 0.022128
e_12_6 12 6 6 0.0125 0.110988 -0.0710666 0.250742 0.794099 -0.0600837 -0.0863948 -0.598609 0.022489
e_2_13 2 13 1 0.0125 0.125187 -0.0921702 0.110919 0.362 0.683735 -0.574219 -0.267835 0.02
e_13_14 13 14 2 0.0125 0.110921 -0.0974479 0.0981306 0.304148 0.850063 -0.345885 -0.25544 0.02
e_14_15 14 15 3 0.0125 0.096052 -0.102367 0.0861103 0.397285 0.628808 -0.602804 -0.288777 0.02
e_15_16 15 16 4 0.0125 0.0793152 -0.104647 0.075433 0.388672 0.568471 -0.672244 -0.271775 0.02
e_16_5 16 5 5 0.0125 0.0628196 -0.107023 0.0644097 0.382276 0.646991 -0.59792 -0.278855 0.02
e_2_17 2 17 1 0.0125 0.127998 -0.0999351 0.116941 0.532579 0.683904 0.169368 -0.468989 0.021727
e_17_18 17 18 2 0.0125 0.0947516 -0.146316 0.11457 0.520458 0.724312 0.0420075 -0.450257 0.092805
e_18_19 18 19 3 0.0125 0.0554818 -0.194216 0.114436 0.582163 0.651053 -0.0563221 -0.483781 0.031726
e_19_20 19 20 4 0.0125 0.0327679 -0.217194 0.116901 0.543535 0.701621 -0.0563437 -0.457299 0.033235
e_20_21 20 21 5 0.0125 0.01322 -0.235481 0.116864 0.539589 0.70064 -0.135504 -0.446751 0.020374
e_21_22 21 22 6 0.0125 -0.00313678 -0.247031 0.115059 0.503075 0.715684 -0.261612 -0.407763 0.020049
e_22_23 22 23 7 0.0125 -0.0202227 -0.257185 0.112777 0.532116 0.683546 -0.256938 -0.428487 0.02001
e_23_24 23 24 8 0.0125 -0.0383394 -0.265157 0.110916 0.527219 0.607642 -0.436351 -0.403 0.020044
e_24_25 24 25 9 0.0125 -0.0577138 -0.269698 0.109245 0.553769 0.52153 -0.501789 -0.411769 0.020005
e_25_1 25 1 10 0.0125 -0.0772074 -0.274043 0.108975 0.568261 0.558537 -0.421652 -0.432812 0.020025
e_1_26 1 26 1 0.0125 -0.0826638 -0.268195 0.112567 0.668784 -0.569391 -0.0901436 -0.469464 0.020205
e_26_4 26 4 2 0.0125 -0.0635959 -0.223328 0.123112 0.633284 -0.62618 -0.13491 -0.434338 0.079795
e_1_27 1 27 1 0.0125 -0.0965262 -0.274258 0.087795 0.204875 0.0805372 -0.972876 -0.0710837 0.047209
e_27_28 27 28 2 0.0125 -0.108588 -0.272712 0.0547826 0.0660663 0.955045 -0.276025 -0.0856455 0.023813
e_28_3 28 3 3 0.0125 -0.114258 -0.276139 0.0292644 0.0644716 0.973147 0.179783 -0.128476 0.028978
11 20 19
3 0.279811 -0.287658 0.0547566 0.0125
21 0.258136 -0.281801 0.0582839 0.0125
20 0.229702 -0.270949 0.0545813 0.0125
4 0.120193 -0.18396 0.0118671 0.0125
5 -0.0704435 -0.143504 0.294217 0.0125
10 -0.0463106 -0.137565 0.285774 0.0125
6 -0.0917435 -0.0390017 0.190421 0.0125
9 -0.0293935 -0.134335 0.274121 0.0125
2 0.011849 -0.132681 0.240943 0.0125
19 0.157784 -0.217329 0.0287228 0.0125
8 -0.0409529 -0.0770977 0.222563 0.0125
11 0.060536 -0.151423 0.18339 0.0125
12 0.0859258 -0.167708 0.153486 0.0125
13 0.111356 -0.200006 0.119921 0.0125
14 0.122597 -0.214358 0.107847 0.0125
15 0.137569 -0.227287 0.0942257 0.0125
16 0.149209 -0.238151 0.0813432 0.0125
17 0.164769 -0.244595 0.0704461 0.0125
18 0.180425 -0.246057 0.0576227 0.0125
1 0.194673 -0.242041 0.0440835 0.0125
e_2_8 2 8 1 0.0125 -0.0145523 -0.104889 0.231752 0.21921 -0.707324 0.340971 0.579119 0.078838
e_8_6 8 6 2 0.0125 -0.0663486 -0.0580503 0.206492 -0.478158 0.189097 0.83071 0.213374 0.071162
e_2_9 2 9 1 0.0125 -0.00877225 -0.133508 0.257532 0.865266 0.138282 -0.409415 -0.254109 0.052957
e_9_10 9 10 2 0.0125 -0.0378518 -0.13595 0.279947 0.823929 0.247985 -0.397889 -0.318321 0.020795
e_10_5 10 5 3 0.0125 -0.0583772 -0.140535 0.289995 0.691738 0.415476 -0.408082 -0.427021 0.026248
e_2_11 2 11 1 0.0125 0.0361925 -0.142052 0.212167 0.357027 0.442781 0.821217 0.0455978 0.077679
e_11_12 11 12 2 0.0125 0.0732309 -0.159566 0.168438 0.384674 0.493213 0.780231 -0.00254241 0.042475
e_12_13 12 13 3 0.0125 0.098641 -0.183858 0.136704 0.419222 0.577392 0.694874 -0.0895621 0.05307
e_13_14 13 14 4 0.0125 0.116977 -0.207182 0.113884 0.463582 0.570555 0.671235 -0.0948815 0.021866
e_14_15 14 15 5 0.0125 0.130083 -0.220822 0.101036 0.463347 0.516184 0.719116 -0.0416715 0.024019
e_15_16 15 16 6 0.0125 0.143389 -0.232718 0.0877851 0.427768 0.534857 0.726932 -0.0501256 0.02048
e_16_17 16 17 7 0.0125 0.156989 -0.241373 0.0758946 0.475677 0.412492 0.775549 0.0458903 0.020061
e_17_18 17 18 8 0.0125 0.172597 -0.245326 0.0640342 0.411569 0.334047 0.839292 0.12088 0.02029
e_18_1 18 1 9 0.0125 0.18755 -0.24405 0.0508526 0.347774 0.231526 0.885346 0.203989 0.020062
e_1_19 1 19 1 0.0125 0.176229 -0.229685 0.0364029 -0.513357 0.0859846 0.809981 0.270189 0.046984
e_19_4 19 4 2 0.0125 0.138989 -0.200644 0.020295 -0.0722286 -0.535771 0.609849 0.579497 0.053016
e_1_20 1 20 1 0.0125 0.212188 -0.256495 0.0493324 0.781694 0.371421 0.499439 -0.0395111 0.046614
e_20_21 20 21 2 0.0125 0.243919 -0.276375 0.0564322 0.746457 0.282479 0.599848 0.0564828 0.030658
e_21_3 21 3 3 0.0125 0.268973 -0.284729 0.0565208 0.643905 0.296059 0.699965 0.0882303 0.022728
12 24 23
3 0.125114 -0.248682 0.202328 0.0125
25 0.104474 -0.244212 0.16185 0.0125
4 0.00722356 -0.283951 0.139033 0.0125
24 0.0282462 -0.264536 0.132407 0.0125
23 0.0504174 -0.25136 0.11996 0.0125
1 0.0872662 -0.233085 0.111517 0.0125
22 0.103063 -0.220801 0.110989 0.0125
21 0.119435 -0.209401 0.112671 0.0125
11 0.244618 0.000489142 0.115518 0.0125
10 0.25697 0.000196124 0.131245 0.0125
6 0.214214 0.0303412 0.0125226 0.0125
9 0.220613 0.0255165 0.0389382 0.0125
2 0.264961 -0.00429453 0.14902 0.0125
19 0.149983 -0.184072 0.114006 0.0125
8 0.243818 0.00842081 0.0971309 0.0125
12 0.230813 -0.000970412 0.10112 0.0125
13 0.2186 -0.00534096 0.0858973 0.0125
5 0.201905 -0.00871398 0.0754129 0.0125
14 0.225887 -0.0824764 0.118247 0.0125
15 0.203012 -0.111676 0.115249 0.0125
16 0.18779 -0.135932 0.114601 0.0125
17 0.175084 -0.152036 0.114121 0.0125
18 0.163382 -0.168332 0.115362 0.0125
20 0.13644 -0.198822 0.112517 0.0125
e_2_8 2 8 1 0.0125 0.25439 0.00206262 0.123075 0.197101 -0.822242 -0.524856 0.097961 0.057457
e_8_9 8 9 2 0.0125 0.232215 0.0169687 0.0680346 0.182256 -0.932523 -0.280099 0.136851 0.064939
e_9_6 9 6 3 0.0125 0.217413 0.0279288 0.0257304 -0.102637 -0.147953 0.978046 0.104887 0.027604
e_2_10 2 10 1 0.0125 0.260966 -0.00204864 0.140132 0.234522 -0.56224 -0.792638 0.0247043 0.02
e_10_11 10 11 2 0.0125 0.250794 0.000342968 0.123381 0.261443 0.549122 -0.769179 -0.196152 0.02
e_11_12 11 12 3 0.0125 0.237716 -0.000240721 0.108319 0.309925 0.597614 -0.709097 -0.209728 0.02
e_12_13 12 13 4 0.0125 0.224707 -0.00315569 0.0935086 0.257912 0.824006 -0.44898 -0.230025 0.02
e_13_5 13 5 5 0.0125 0.210253 -0.00702795 0.0806551 0.437089 0.534714 -0.690051 -0.216483 0.02
e_2_14 2 14 1 0.0125 0.245424 -0.0433855 0.133633 0.523516 0.81584 -0.0214165 -0.244698 0.092662
e_14_15 14 15 2 0.0125 0.214449 -0.0970761 0.116748 0.629771 0.70539 -0.206641 -0.251225 0.037214
e_15_16 15 16 3 0.0125 0.195401 -0.123804 0.114925 0.652841 0.701542 -0.138357 -0.249988 0.028644
e_16_17 16 17 4 0.0125 0.181437 -0.143984 0.114361 0.652233 0.683188 -0.212032 -0.250774 0.020518
e_17_18 17 18 5 0.0125 0.169233 -0.160184 0.114741 0.68452 0.659546 -0.184725 -0.249615 0.020101
e_18_19 18 19 6 0.0125 0.156683 -0.176201 0.114685 0.635792 0.690706 -0.235905 -0.251083 0.020715
e_19_20 19 20 7 0.0125 0.143212 -0.191447 0.113262 0.632416 0.684576 -0.261631 -0.250909 0.02008
e_20_21 20 21 8 0.0125 0.127938 -0.204112 0.112594 0.667532 0.553265 -0.435945 -0.241352 0.020028
e_21_22 21 22 9 0.0125 0.111249 -0.215101 0.11183 0.630738 0.611059 -0.41062 -0.245289 0.020021
e_22_1 22 1 10 0.0125 0.0951651 -0.226943 0.111253 0.67292 0.591235 -0.370492 -0.245674 0.020018
e_1_23 1 23 1 0.0125 0.0688422 -0.242223 0.115738 0.739627 0.437 -0.456609 -0.231282 0.04199
e_23_24 23 24 2 0.0125 0.0393318 -0.257948 0.126184 0.815775 0.384476 -0.36723 -0.227666 0.028637
e_24_4 24 4 3 0.0125 0.0177349 -0.274243 0.13572 0.743975 0.543434 -0.303119 -0.243513 0.029373
e_1_25 1 25 1 0.0125 0.09587 -0.238649 0.136683 0.968475 0.0768778 0.17606 -0.158583 0.054345
e_25_3 25 3 2 0.0125 0.114794 -0.246447 0.182089 0.960847 0.0159191 0.237593 -0.141666 0.045655
13 24 23
3 0.110873 -0.163433 0.0769897 0.0125
25 0.0966779 -0.152198 0.0684898 0.0125
24 0.0871112 -0.139252 0.0566208 0.0125
23 0.0775235 -0.126008 0.0451025 0.0125
22 0.0654596 -0.113176 0.0356268 0.0125
4 0.148204 -0.090896 0.0549551 0.0125
21 0.127163 -0.0937021 0.049948 0.0125
20 0.107551 -0.0958532 0.0430924 0.0125
12 0.370056 -0.0619686 0.296782 0.0125
11 0.35603 -0.0716127 0.28515 0.0125
10 0.333275 -0.0787187 0.270039 0.0125
9 0.316296 -0.0828865 0.259243 0.0125
2 0.26693 -0.0892746 0.228019 0.0125
19 0.0868193 -0.0981645 0.0356658 0.0125
8 0.29746 -0.0897354 0.247806 0.0125
6 0.382837 -0.0527099 0.310864 0.0125
13 0.220853 -0.0787421 0.227671 0.0125
14 0.193158 -0.0709303 0.225052 0.0125
5 0.169743 -0.066489 0.224488 0.0125
15 0.179837 -0.117747 0.137218 0.0125
16 0.125106 -0.113863 0.0811283 0.0125
17 0.0926704 -0.106891 0.0535703 0.0125
18 0.0735589 -0.106014 0.0360757 0.0125
1 0.0537131 -0.101583 0.0243284 0.0125
e_2_8 2 8 1 0.0125 0.282195 -0.0895056 0.237913 0.877069 0.0353086 0.476264 0.0517246 0.036385
e_8_9 8 9 2 0.0125 0.306878 -0.0863105 0.253525 0.856796 -0.106165 0.490852 0.117019 0.023076
e_9_10 9 10 3 0.0125 0.324785 -0.0808021 0.264641 0.867878 -0.062596 0.48308 0.0974896 0.020548
e_10_11 10 11 4 0.0125 0.344652 -0.0751651 0.277594 0.869386 -0.0854009 0.47437 0.108852 0.028224
e_11_12 11 12 5 0.0125 0.363043 -0.0667912 0.290965 0.869648 -0.190174 0.426294 0.160684 0.020617
e_12_6 12 6 6 0.0125 0.376446 -0.0573393 0.303823 0.898545 -0.178187 0.367907 0.159719 0.02115
e_2_13 2 13 1 0.0125 0.243891 -0.0840083 0.227844 0.644346 -0.424376 -0.568849 0.28484 0.047266
e_13_14 13 14 2 0.0125 0.207006 -0.0748367 0.226362 0.59237 -0.515674 -0.528571 0.322167 0.028894
e_14_5 14 5 3 0.0125 0.181451 -0.0687101 0.224769 0.643352 -0.396893 -0.595257 0.272477 0.02384
e_2_15 2 15 1 0.0125 0.223384 -0.103511 0.182619 -0.207602 0.583923 0.714827 -0.323972 0.128998
e_15_16 15 16 2 0.0125 0.152472 -0.115805 0.109174 -0.201214 -0.746646 0.547673 0.319511 0.078465
e_16_17 16 17 3 0.0125 0.108888 -0.110377 0.0673493 0.0196234 -0.892881 0.149141 0.424424 0.043129
e_17_18 17 18 4 0.0125 0.083115 -0.106452 0.0448233 -0.139114 -0.843523 0.354806 0.378456 0.025924
e_18_1 18 1 5 0.0125 0.0636358 -0.103799 0.0302024 0.259176 -0.82063 -0.276914 0.427449 0.023484
e_1_19 1 19 1 0.0125 0.0702658 -0.0998734 0.0299975 0.81055 -0.0133288 0.581899 0.0649987 0.03516
e_19_20 19 20 2 0.0125 0.0971853 -0.0970083 0.0393787 0.814369 -0.0165895 0.576214 0.0671225 0.022143
e_20_21 20 21 3 0.0125 0.117357 -0.0947777 0.0465202 0.812223 -0.0159557 0.579324 0.0665057 0.020887
e_21_4 21 4 4 0.0125 0.137684 -0.0922994 0.0524515 0.781116 -0.0283367 0.62002 0.0680456 0.02181
e_1_22 1 22 1 0.0125 0.059586 -0.10738 0.0299773 0.88174 0.300089 0.357072 -0.0705775 0.02
e_22_23 22 23 2 0.0125 0.0714912 -0.119592 0.0403643 0.853613 0.334437 0.388906 -0.0908265 0.02
e_23_24 23 24 3 0.0125 0.0823174 -0.13263 0.0508609 0.883121 0.34383 0.30633 -0.089669 0.02
e_24_25 24 25 4 0.0125 0.0918946 -0.145725 0.0625553 0.888548 0.335435 0.301246 -0.0849508 0.02
e_25_3 25 3 5 0.0125 0.103776 -0.157815 0.0727394 0.840774 0.294196 0.448275 -0.0748126 0.02
