13
1 24 23
3 0.172036 -0.0834538 0.0410585 0.0125
25 0.142574 -0.126274 0.02844 0.0125
24 0.136066 -0.145578 0.0276091 0.0125
4 0.0919091 -0.261582 0.0164768 0.0125
23 0.114127 -0.214935 0.0212231 0.0125
22 0.123478 -0.195988 0.0250236 0.0125
1 0.132516 -0.171016 0.0228363 0.0125
21 0.113574 -0.173719 0.0291389 0.0125
12 -0.0777172 -0.0262976 0.153116 0.0125
11 -0.086278 -0.039565 0.140223 0.0125
10 -0.0958561 -0.0525837 0.128007 0.0125
9 -0.105628 -0.0645321 0.115128 0.0125
2 -0.14715 -0.0986802 0.0719021 0.0125
19 0.0744456 -0.175396 0.0454866 0.0125
8 -0.120716 -0.0744312 0.0981547 0.0125
6 -0.0687935 -0.013727 0.1659 0.0125
13 -0.141229 -0.13277 0.0627914 0.0125
14 -0.132328 -0.153249 0.0545591 0.0125
5 -0.119494 -0.187228 0.0368219 0.0125
15 -0.0761679 -0.12507 0.0724862 0.0125
16 -0.0342769 -0.140422 0.0663544 0.0125
17 0.023795 -0.159313 0.0597035 0.0125
18 0.0558738 -0.168892 0.0519339 0.0125
20 0.0933486 -0.175954 0.0364165 0.0125
e_2_8 2 8 1 0.0125 -0.133933 -0.0865562 0.0850283 0.7078 -0.0399173 0.450677 0.542509 0.044452
e_8_9 8 9 2 0.0125 -0.113172 -0.0694817 0.106641 0.777884 -0.00833892 0.396695 0.487299 0.024773
e_9_10 9 10 3 0.0125 -0.100742 -0.0585584 0.121568 0.758131 -0.127824 0.404158 0.495534 0.020103
e_10_11 10 11 4 0.0125 -0.091067 -0.0460743 0.134114 0.733042 -0.142291 0.422216 0.513942 0.020259
e_11_12 11 12 5 0.0125 -0.0819981 -0.0329313 0.146669 0.766114 -0.182258 0.387999 0.478861 0.020386
e_12_6 12 6 6 0.0125 -0.0732554 -0.0200118 0.159508 0.764358 -0.161017 0.393597 0.484677 0.020027
e_2_13 2 13 1 0.0125 -0.14419 -0.115725 0.0673468 0.605937 0.791048 0.0395649 0.0742865 0.035779
e_13_14 13 14 2 0.0125 -0.136779 -0.143009 0.0586753 0.551118 0.812344 0.114244 0.152691 0.023799
e_14_5 14 5 3 0.0125 -0.125912 -0.170239 0.0456899 0.513546 0.842723 0.0960311 0.129869 0.040422
e_2_15 2 15 1 0.0125 -0.111659 -0.111875 0.0721941 0.559668 0.599632 0.36957 0.436614 0.075732
e_15_16 15 16 2 0.0125 -0.0552224 -0.132746 0.0694203 0.497895 0.658399 0.366864 0.428977 0.045034
e_16_17 16 17 3 0.0125 -0.00524045 -0.149867 0.0630285 0.500575 0.641126 0.378283 0.441909 0.061429
e_17_18 17 18 4 0.0125 0.0398344 -0.164102 0.0558183 0.443164 0.686086 0.377249 0.436549 0.034368
e_18_19 18 19 5 0.0125 0.0651597 -0.172144 0.0487103 0.418044 0.726977 0.356631 0.411774 0.020707
e_19_20 19 20 6 0.0125 0.0838971 -0.175675 0.0409516 0.270631 0.741319 0.408246 0.458846 0.020973
e_20_21 20 21 7 0.0125 0.103461 -0.174836 0.0327782 0.266011 0.679224 0.455033 0.510723 0.021611
e_21_1 21 1 8 0.0125 0.123045 -0.172368 0.0259876 0.265705 0.663065 0.465569 0.522485 0.020146
e_1_22 1 22 1 0.0125 0.127997 -0.183503 0.0239305 0.727585 0.663971 -0.134512 -0.108026 0.026647
e_22_23 22 23 2 0.0125 0.118802 -0.205461 0.0231239 0.623269 0.748711 -0.167193 -0.151706 0.021467
e_23_4 23 4 3 0.0125 0.103018 -0.238259 0.01885 0.657837 0.720097 -0.164933 -0.146658 0.051885
e_1_24 1 24 1 0.0125 0.134291 -0.158297 0.0252232 0.329409 -0.191381 0.609937 0.694866 0.026125
e_24_25 24 25 2 0.0125 0.13932 -0.135927 0.0280245 0.00344635 0.21812 0.657314 0.721353 0.020388
e_25_3 25 3 3 0.0125 0.157305 -0.104864 0.0347492 0.361987 0.0765194 0.613338 0.697801 0.053487
2 24 23
3 -0.387996 -0.0731467 0.0213891 0.0125
25 -0.370111 -0.081975 0.0232232 0.0125
24 -0.353049 -0.0917512 0.0269073 0.0125
23 -0.333356 -0.0972777 0.0325097 0.0125
4 -0.226705 -0.145974 0.0994406 0.0125
22 -0.239187 -0.139787 0.08509 0.0125
21 -0.251394 -0.133127 0.0707153 0.0125
20 -0.267641 -0.126194 0.0613351 0.0125
5 -0.087384 0.0850593 0.0444308 0.0125
10 -0.1168 0.102738 0.0584841 0.0125
6 -0.185258 0.288569 0.075745 0.0125
9 -0.178132 0.246641 0.0721835 0.0125
2 -0.161739 0.140962 0.080337 0.0125
19 -0.28515 -0.120879 0.0532607 0.0125
8 -0.174836 0.220183 0.0727503 0.0125
11 -0.195288 0.0702867 0.0794868 0.0125
12 -0.221639 0.0203421 0.0784665 0.0125
13 -0.239111 0.000425123 0.0824232 0.0125
14 -0.253594 -0.0238857 0.0816496 0.0125
15 -0.264697 -0.0446983 0.0813611 0.0125
16 -0.273066 -0.0616432 0.0745609 0.0125
17 -0.28062 -0.077882 0.0653344 0.0125
18 -0.289013 -0.0976335 0.0535741 0.0125
1 -0.298914 -0.112762 0.0412329 0.0125
e_2_8 2 8 1 0.0125 -0.168288 0.180572 0.0765434 0.438201 -0.566674 0.475304 0.510829 0.080654
e_8_9 8 9 2 0.0125 -0.176484 0.233413 0.0724671 0.485906 -0.556086 0.44876 0.503268 0.026669
e_9_6 9 6 3 0.0125 -0.181695 0.267605 0.0739647 0.538584 -0.565666 0.37188 0.501652 0.042677
e_2_10 2 10 1 0.0125 -0.139269 0.12185 0.0694104 0.560757 0.402753 0.715168 -0.108976 0.062914
e_10_5 10 5 2 0.0125 -0.102092 0.0938988 0.051457 0.553707 0.344838 0.755351 -0.0627695 0.037086
e_2_11 2 11 1 0.0125 -0.178513 0.105624 0.0799113 0.57011 0.69916 0.128882 -0.411752 0.078239
e_11_12 11 12 2 0.0125 -0.208464 0.0453139 0.0789765 0.561299 0.704774 0.111027 -0.419416 0.056478
e_12_13 12 13 3 0.0125 -0.230374 0.0103837 0.0804446 0.63913 0.645128 -0.0997906 -0.40665 0.026789
e_13_14 13 14 4 0.0125 -0.246353 -0.0117308 0.0820362 0.550185 0.711159 0.0889461 -0.428529 0.028309
e_14_15 14 15 5 0.0125 -0.259145 -0.0342925 0.0815054 0.564071 0.703513 0.105672 -0.419199 0.02359
e_15_16 15 16 6 0.0125 -0.268881 -0.0531707 0.077961 0.37612 0.753807 0.317927 -0.435006 0.020085
e_16_17 16 17 7 0.0125 -0.276842 -0.0697625 0.0699474 0.306813 0.747193 0.413137 -0.420578 0.020147
e_17_18 17 18 8 0.0125 -0.284816 -0.0877581 0.0594536 0.301118 0.739359 0.440046 -0.41114 0.024472
e_18_1 18 1 9 0.0125 -0.293963 -0.105197 0.0474033 0.196613 0.750672 0.467283 -0.423652 0.02189
e_1_19 1 19 1 0.0125 -0.292032 -0.116821 0.0472474 0.894756 0.22256 0.387018 -0.00979331 0.02
e_19_20 19 20 2 0.0125 -0.276395 -0.123537 0.0572984 0.837013 0.180671 0.515264 0.0356217 0.02
e_20_21 20 21 3 0.0125 -0.259518 -0.129661 0.0660255 0.85696 0.208249 0.471309 0.0109199 0.02
e_21_22 21 22 4 0.0125 -0.245291 -0.136457 0.0779027 0.926966 0.183241 0.327189 0.0102243 0.02
e_22_4 22 4 5 0.0125 -0.232946 -0.142881 0.0922653 0.926516 0.173416 0.33342 0.018031 0.02
e_1_23 1 23 1 0.0125 -0.316135 -0.10502 0.0368713 0.266405 -0.782501 -0.0154645 0.562567 0.038758
e_23_24 23 24 2 0.0125 -0.343203 -0.0945149 0.0297083 0.292792 -0.774075 -0.181374 0.53121 0.021206
e_24_25 24 25 3 0.0125 -0.36158 -0.0868636 0.0250653 0.302257 -0.769173 0.0210335 0.562647 0.020007
e_25_3 25 3 4 0.0125 -0.379053 -0.0775608 0.0223062 0.455981 -0.709056 -0.207401 0.496292 0.020029
3 27 26
3 -0.240927 -0.0454075 0.0145876 0.0125
28 -0.234767 -0.0241146 0.0217874 0.0125
27 -0.228882 -0.00582592 0.0276661 0.0125
26 -0.222841 0.0122727 0.0339022 0.0125
4 -0.162404 -0.0348909 0.0147106 0.0125
25 -0.181841 -0.0044692 0.024394 0.0125
24 -0.200874 0.0263139 0.0378334 0.0125
1 -0.213063 0.0453 0.0460651 0.0125
23 -0.214713 0.0629279 0.0554578 0.0125
22 -0.215909 0.0809514 0.0641434 0.0125
21 -0.217957 0.0979394 0.0747555 0.0125
6 -0.0999769 0.258481 0.180318 0.0125
11 -0.116793 0.255549 0.193603 0.0125
10 -0.137656 0.25281 0.201959 0.0125
9 -0.157721 0.25463 0.209416 0.0125
2 -0.236532 0.272901 0.230451 0.0125
19 -0.225112 0.132952 0.093076 0.0125
8 -0.194061 0.259201 0.222649 0.0125
12 -0.243288 0.290712 0.224359 0.0125
13 -0.250347 0.308337 0.218072 0.0125
14 -0.258799 0.325695 0.21285 0.0125
15 -0.267993 0.343356 0.21096 0.0125
5 -0.27641 0.361493 0.210515 0.0125
16 -0.238007 0.228137 0.166233 0.0125
17 -0.231614 0.165869 0.11493 0.0125
18 -0.229874 0.150314 0.10235 0.0125
20 -0.221251 0.115016 0.0849067 0.0125
e_2_8 2 8 1 0.0125 -0.215297 0.266052 0.22655 0.229514 -0.596824 0.4795 -0.601003 0.045303
e_8_9 8 9 2 0.0125 -0.175891 0.256915 0.216032 0.141427 -0.761935 0.298919 -0.556867 0.038943
e_9_10 9 10 3 0.0125 -0.147689 0.25372 0.205687 0.142786 -0.772891 0.276044 -0.553219 0.021482
e_10_11 10 11 4 0.0125 -0.127225 0.254179 0.197781 0.171789 -0.813948 0.148375 -0.534754 0.022641
e_11_6 11 6 5 0.0125 -0.108385 0.257015 0.186961 0.0568489 -0.897553 -0.0384973 -0.435528 0.02163
e_2_12 2 12 1 0.0125 -0.23991 0.281806 0.227404 0.521593 -0.534394 -0.605597 -0.274985 0.02
e_12_13 12 13 2 0.0125 -0.246817 0.299525 0.221214 0.520088 -0.530071 -0.613359 -0.268932 0.02
e_13_14 13 14 3 0.0125 -0.254573 0.317017 0.215461 0.548081 -0.493386 -0.622165 -0.262847 0.02
e_14_15 14 15 4 0.0125 -0.263396 0.334526 0.211905 0.608504 -0.447664 -0.588958 -0.287139 0.02
e_15_5 15 5 5 0.0125 -0.272201 0.352424 0.210737 0.62672 -0.447811 -0.557301 -0.310005 0.02
e_2_16 2 16 1 0.0125 -0.237269 0.250519 0.198342 -0.078393 -0.279631 -0.912095 0.289385 0.078295
e_16_17 16 17 2 0.0125 -0.23481 0.197003 0.140582 0.02887 0.152776 -0.890846 0.426872 0.080933
e_17_18 17 18 3 0.0125 -0.230744 0.158091 0.10864 0.0357048 0.173929 -0.884855 0.430703 0.020081
e_18_19 18 19 4 0.0125 -0.227493 0.141633 0.0977133 0.506059 0.853394 0.0261872 0.122216 0.020252
e_19_20 19 20 5 0.0125 -0.223182 0.123983 0.0889912 0.534528 0.838529 0.0161651 0.104347 0.020082
e_20_21 20 21 6 0.0125 -0.219604 0.106478 0.079831 0.348276 0.712966 -0.493695 0.355878 0.020137
e_21_22 21 22 7 0.0125 -0.216933 0.0894454 0.0694494 0.283274 0.590356 -0.644209 0.395261 0.020135
e_22_23 22 23 8 0.0125 -0.215311 0.0719391 0.0598004 0.457736 0.755017 -0.382911 0.271673 0.020043
e_23_1 23 1 9 0.0125 -0.213887 0.0541138 0.0507611 0.40838 0.724723 -0.457284 0.314473 0.020041
e_1_24 1 24 1 0.0125 -0.206968 0.035807 0.0419493 0.248765 -0.0995853 0.813294 -0.516481 0.024017
e_24_25 24 25 2 0.0125 -0.191358 0.0109225 0.0311141 0.258121 -0.0693886 0.818069 -0.509236 0.038606
e_25_4 25 4 3 0.0125 -0.172123 -0.0196799 0.0195527 0.34936 0.033975 0.792709 -0.498403 0.037377
e_1_26 1 26 1 0.0125 -0.217952 0.0287872 0.0399834 0.528743 0.623483 -0.527018 0.232274 0.036529
e_26_27 26 27 2 0.0125 -0.225862 0.0032236 0.0307848 0.544419 0.61614 -0.525072 0.219726 0.020073
e_27_28 27 28 3 0.0125 -0.231825 -0.0149699 0.024727 0.556786 0.629894 -0.499532 0.209025 0.020092
e_28_3 28 3 4 0.0125 -0.237847 -0.0347613 0.0181879 0.546088 0.638755 -0.496437 0.217557 0.023306
4 28 27
3 0.261773 0.0409475 0.00912489 0.0125
29 0.273261 0.0555393 0.047096 0.0125
28 0.283557 0.0649444 0.0642905 0.0125
4 0.331204 0.0748458 0.184956 0.0125
27 0.315245 0.0827598 0.137129 0.0125
26 0.301976 0.0826294 0.112021 0.0125
1 0.291664 0.0823988 0.0942308 0.0125
25 0.272336 0.0822902 0.0885726 0.0125
24 0.253723 0.0874235 0.0831891 0.0125
23 0.233813 0.0875864 0.0807914 0.0125
22 0.214196 0.0859565 0.0847528 0.0125
21 0.195385 0.0791532 0.0870878 0.0125
12 -0.0624499 -0.0649453 0.0752971 0.0125
11 -0.0450381 -0.0610586 0.0857424 0.0125
10 -0.0270479 -0.0507085 0.0966006 0.0125
9 -0.00424344 -0.0350557 0.110543 0.0125
2 0.0260691 -0.000686426 0.139417 0.0125
19 0.152955 0.0634626 0.107361 0.0125
8 0.0107825 -0.0245663 0.121393 0.0125
6 -0.0758248 -0.0699266 0.0612369 0.0125
13 0.0243631 -0.00545226 0.158766 0.0125
14 0.0239974 -0.00435618 0.178733 0.0125
15 0.0285789 -0.000228367 0.197758 0.0125
16 0.0333903 0.00206111 0.217035 0.0125
5 0.0401601 0.000699527 0.235805 0.0125
17 0.0819597 0.0360924 0.137811 0.0125
18 0.111754 0.0460542 0.131257 0.0125
20 0.1775 0.0723865 0.0930273 0.0125
e_2_8 2 8 1 0.0125 0.0184254 -0.0126256 0.130405 -0.462735 -0.579191 0.657859 -0.132794 0.033598
e_8_9 8 9 2 0.0125 0.00326939 -0.0298109 0.115967 -0.494752 -0.528721 0.689335 0.0221785 0.021296
e_9_10 9 10 3 0.0125 -0.0156456 -0.0428825 0.103572 -0.523838 -0.512195 0.680236 0.0229983 0.030974
e_10_11 10 11 4 0.0125 -0.0360436 -0.0558835 0.0911709 -0.514661 -0.506773 0.689171 0.0578748 0.023425
e_11_12 11 12 5 0.0125 -0.0537445 -0.0630019 0.0805198 -0.462254 -0.488118 0.717199 0.183542 0.020672
e_12_6 12 6 6 0.0125 -0.0691373 -0.0674363 0.0682673 -0.369357 -0.56009 0.732933 0.112625 0.020035
e_2_13 2 13 1 0.0125 0.0252156 -0.00306967 0.149092 -0.876801 -0.086095 0.0941683 -0.463616 0.02
e_13_14 13 14 2 0.0125 0.0241797 -0.00490411 0.168749 -0.900955 0.0286793 -0.00362375 -0.432949 0.02
e_14_15 14 15 3 0.0125 0.026288 -0.00229221 0.188245 -0.68316 -0.011514 -0.155655 -0.713394 0.02
e_15_16 15 16 4 0.0125 0.0309845 0.000916053 0.207396 -0.673796 -0.0497151 -0.124906 -0.726585 0.02
e_16_5 16 5 5 0.0125 0.0367757 0.00138027 0.22642 -0.574606 -0.159768 -0.0722578 -0.799425 0.02
e_2_17 2 17 1 0.0125 0.0540149 0.0177033 0.138614 0.610982 -0.63381 0.332092 -0.338676 0.066926
e_17_18 17 18 2 0.0125 0.096857 0.0410733 0.134534 0.46416 -0.679376 0.374901 -0.427146 0.032092
e_18_19 18 19 3 0.0125 0.132355 0.0547587 0.11931 0.432892 -0.707376 0.485015 -0.277458 0.05071
e_19_20 19 20 4 0.0125 0.165227 0.0679246 0.100194 0.41329 -0.711295 0.484378 -0.297706 0.029792
e_20_21 20 21 5 0.0125 0.186442 0.0757699 0.0900576 0.46561 -0.690114 0.414794 -0.367282 0.020024
e_21_22 21 22 6 0.0125 0.20479 0.0825553 0.0859201 0.486631 -0.664575 0.341061 -0.452998 0.020139
e_22_23 22 23 7 0.0125 0.224005 0.0867712 0.0827718 0.340693 -0.684527 0.360637 -0.534128 0.020079
e_23_24 23 24 8 0.0125 0.243767 0.0875043 0.0819903 0.258464 -0.620735 0.234319 -0.702125 0.020054
e_24_25 24 25 9 0.0125 0.263029 0.0848565 0.0858811 0.0467907 -0.572535 0.194738 -0.795042 0.020045
e_25_1 25 1 10 0.0125 0.282 0.0823438 0.0914017 0.224697 -0.576414 0.165103 -0.768114 0.020138
e_1_26 1 26 1 0.0125 0.29682 0.0825142 0.103125 -0.346053 -0.240327 -0.0984642 -0.901552 0.020564
e_26_27 26 27 2 0.0125 0.30861 0.0826946 0.124575 -0.395726 -0.218811 -0.10029 -0.886264 0.0284
e_27_4 27 4 3 0.0125 0.323224 0.0788029 0.161043 -0.608613 -0.17357 -0.036339 -0.773397 0.051036
e_1_28 1 28 1 0.0125 0.28761 0.0736713 0.0792603 -0.261488 -0.657017 0.699239 -0.104964 0.035592
e_28_29 28 29 2 0.0125 0.278409 0.0602422 0.0556928 -0.333958 -0.611802 0.716967 -0.0112959 0.022138
e_29_3 29 3 3 0.0125 0.267517 0.0482431 0.0281101 -0.222407 -0.655684 0.720577 -0.0371676 0.04227
5 24 23
3 0.127065 -0.140234 0.0537592 0.0125
25 0.112952 -0.126169 0.0520391 0.0125
24 0.0956017 -0.11647 0.0498247 0.0125
23 0.0798464 -0.10484 0.0457625 0.0125
22 0.0645645 -0.0919584 0.0465003 0.0125
4 0.123912 -0.135675 0.0148074 0.0125
21 0.103218 -0.124401 0.0253742 0.0125
20 0.0729183 -0.0977438 0.0416411 0.0125
12 -0.127024 0.105713 0.024327 0.0125
11 -0.134048 0.0989046 0.0418955 0.0125
10 -0.142906 0.0933364 0.0590515 0.0125
9 -0.161064 0.0857838 0.0850087 0.0125
2 -0.201141 0.0583064 0.113854 0.0125
19 0.0348436 -0.0647677 0.0515722 0.0125
8 -0.176673 0.0792233 0.0970631 0.0125
6 -0.120028 0.112505 0.0067045 0.0125
13 -0.175116 0.0459871 0.102576 0.0125
5 -0.132497 0.00136825 0.0715215 0.0125
14 -0.132567 0.0183746 0.0752128 0.0125
15 -0.109157 0.0098151 0.0671328 0.0125
16 -0.0185389 -0.028214 0.056009 0.0125
17 0.000851548 -0.0426613 0.059108 0.0125
18 0.019453 -0.053039 0.0573759 0.0125
1 0.0503214 -0.0779888 0.0479077 0.0125
e_2_8 2 8 1 0.0125 -0.188907 0.0687649 0.105458 -0.446459 0.808898 -0.277345 0.263511 0.036307
e_8_9 8 9 2 0.0125 -0.168868 0.082503 0.091036 -0.336164 0.809507 -0.367008 0.311444 0.020784
e_9_10 9 10 3 0.0125 -0.151985 0.0895595 0.0720302 -0.245234 0.838823 -0.441484 0.203295 0.032566
e_10_11 10 11 4 0.0125 -0.138477 0.0961201 0.050473 -0.234154 0.851357 -0.449523 0.13525 0.020095
e_11_12 11 12 5 0.0125 -0.130536 0.102309 0.0331118 -0.238274 0.859634 -0.444835 0.0798541 0.020108
e_12_6 12 6 6 0.0125 -0.123526 0.109109 0.0155149 -0.237152 0.859627 -0.445575 0.0791392 0.020141
e_2_13 2 13 1 0.0125 -0.188128 0.0521466 0.108216 -0.099548 0.672454 -0.479742 0.554746 0.030924
e_13_5 13 5 2 0.0125 -0.153806 0.0236771 0.0870488 0.0461592 0.639922 -0.561505 0.522572 0.069076
e_2_14 2 14 1 0.0125 -0.166854 0.0383405 0.0945333 -0.0614442 0.678324 -0.508704 0.526613 0.088262
e_14_15 14 15 2 0.0125 -0.120861 0.0140955 0.0711728 -0.140183 0.671519 -0.450809 0.571123 0.026203
e_15_16 15 16 3 0.0125 -0.0638474 -0.0091992 0.0615712 -0.136545 0.613947 -0.423444 0.652012 0.098901
e_16_17 16 17 4 0.0125 -0.008843 -0.0354376 0.0575586 -0.0460839 0.504545 -0.426484 0.749281 0.024378
e_17_18 17 18 5 0.0125 0.0101516 -0.0478502 0.0582418 -0.0913394 0.587914 -0.441458 0.671661 0.02137
e_18_19 18 19 6 0.0125 0.0271483 -0.0589034 0.054474 -0.0205675 0.620967 -0.507957 0.596621 0.020202
e_19_1 19 1 7 0.0125 0.0425828 -0.071378 0.0497403 -0.00194969 0.58182 -0.500079 0.641407 0.020683
e_1_20 1 20 1 0.0125 0.0616191 -0.0878664 0.0447743 0.00396301 0.587436 -0.507069 0.630702 0.030662
e_20_21 20 21 2 0.0125 0.0880686 -0.111072 0.0335071 0.0109986 0.632905 -0.535114 0.559431 0.043512
e_21_4 21 4 3 0.0125 0.113565 -0.130038 0.0200905 -0.0742786 0.675316 -0.49853 0.538423 0.025826
e_1_22 1 22 1 0.0125 0.0574426 -0.0849735 0.0472034 0.0232173 0.53945 -0.494163 0.681364 0.02
e_22_23 22 23 2 0.0125 0.072205 -0.0983992 0.0461316 -0.011022 0.543079 -0.472756 0.693863 0.02
e_23_24 23 24 3 0.0125 0.0877238 -0.110656 0.0477932 -0.0525199 0.481309 -0.408412 0.773811 0.02
e_24_25 24 25 4 0.0125 0.104276 -0.12132 0.0509316 -0.102355 0.531838 -0.402221 0.738166 0.02
e_25_3 25 3 5 0.0125 0.120009 -0.133202 0.0528991 0.0194175 0.491228 -0.464417 0.736637 0.02
6 22 21
3 0.130292 0.10544 0.174644 0.0125
23 0.119233 0.111059 0.197257 0.0125
22 0.104982 0.113536 0.219103 0.0125
4 0.0777244 0.172854 0.342099 0.0125
21 0.0730167 0.15198 0.319558 0.0125
1 0.0803163 0.117991 0.260049 0.0125
11 0.102206 0.212187 0.0113425 0.0125
10 0.112267 0.230248 0.0128532 0.0125
6 0.133835 0.117419 0.0116115 0.0125
9 0.134364 0.14946 0.0164652 0.0125
2 0.120932 0.266091 0.0221301 0.0125
19 0.065021 0.148318 0.238744 0.0125
8 0.129648 0.178226 0.0183769 0.0125
12 0.0898116 0.196719 0.0147625 0.0125
5 0.0795473 0.178521 0.0179281 0.0125
13 0.0980869 0.229864 0.104928 0.0125
14 0.0740575 0.207699 0.143746 0.0125
15 0.0659016 0.196634 0.169361 0.0125
16 0.0648699 0.19015 0.189217 0.0125
17 0.0657988 0.175711 0.209264 0.0125
18 0.0669509 0.163791 0.225391 0.0125
20 0.069697 0.132736 0.251247 0.0125
e_2_8 2 8 1 0.0125 0.12529 0.222159 0.0202539 -0.673075 -0.682333 -0.235907 0.160432 0.088376
e_8_9 8 9 2 0.0125 0.132006 0.163843 0.0174216 -0.678313 -0.729343 -0.0279248 -0.0846842 0.029214
e_9_6 9 6 3 0.0125 0.134099 0.133439 0.0140383 -0.531192 -0.624883 -0.42942 0.378094 0.03241
e_2_10 2 10 1 0.0125 0.1166 0.24817 0.0174913 -0.311294 -0.547926 -0.567238 0.530202 0.038025
e_10_11 10 11 2 0.0125 0.107236 0.221217 0.0120977 0.0714365 -0.287345 -0.673704 0.677092 0.020729
e_11_12 11 12 3 0.0125 0.0960088 0.204454 0.0130524 0.393921 -0.0863748 -0.638368 0.655631 0.020114
e_12_5 12 5 4 0.0125 0.0846793 0.18762 0.0163458 0.323095 -0.0477948 -0.650247 0.685933 0.021132
e_2_13 2 13 1 0.0125 0.109509 0.247978 0.0635286 0.964655 0.183439 -0.149153 0.116377 0.093219
e_13_14 13 14 2 0.0125 0.0860725 0.218782 0.124337 0.891315 0.140984 -0.31253 0.296658 0.05075
e_14_15 14 15 3 0.0125 0.0699799 0.202166 0.156554 0.959779 0.17344 -0.171322 0.139251 0.02907
e_15_16 15 16 4 0.0125 0.0653862 0.193392 0.179289 0.986517 0.157875 -0.0188031 -0.0388083 0.020913
e_16_17 16 17 5 0.0125 0.0653344 0.18293 0.19924 0.949353 0.304857 0.0404877 -0.0644362 0.024723
e_17_18 17 18 6 0.0125 0.0663755 0.169751 0.217327 0.945926 0.308738 0.0569559 -0.0816134 0.020087
e_18_19 18 19 7 0.0125 0.0659859 0.156055 0.232067 0.897501 0.401861 -0.115251 0.140417 0.020529
e_19_20 19 20 8 0.0125 0.0673595 0.140527 0.244996 0.853171 0.363346 0.251578 -0.277106 0.020518
e_20_1 20 1 9 0.0125 0.0750067 0.125364 0.255648 0.557521 0.0498656 0.528737 -0.638061 0.020191
e_1_21 1 21 1 0.0125 0.076666 0.134985 0.289803 0.962215 -0.250299 -0.074968 -0.0766384 0.06892
e_21_4 21 4 2 0.0125 0.0753704 0.162417 0.330828 0.908767 -0.370615 0.00513462 -0.191728 0.03108
e_1_22 1 22 1 0.0125 0.092649 0.115763 0.239575 -0.041157 -0.962185 0.0253325 -0.268074 0.048008
e_22_23 22 23 2 0.0125 0.112107 0.112298 0.20818 -0.0368442 -0.956627 0.042058 -0.2859 0.026201
e_23_3 23 3 3 0.0125 0.124762 0.10825 0.18595 -0.115256 -0.968615 -0.0123196 -0.219883 0.025791
7 21 20
3 0.207302 -0.246684 0.254124 0.0125
22 0.194318 -0.232388 0.24379 0.0125
21 0.179229 -0.216336 0.239382 0.0125
4 0.071363 -0.173541 0.14665 0.0125
20 0.112639 -0.177286 0.18305 0.0125
12 -0.202013 -0.229096 0.119818 0.0125
11 -0.188525 -0.213629 0.118487 0.0125
10 -0.174457 -0.19446 0.11585 0.0125
9 -0.160439 -0.177163 0.113749 0.0125
2 -0.125144 -0.125483 0.111817 0.0125
19 0.128912 -0.171608 0.208214 0.0125
8 -0.14252 -0.154158 0.111009 0.0125
6 -0.216879 -0.242902 0.120975 0.0125
13 -0.143126 -0.13179 0.0959833 0.0125
14 -0.163284 -0.13549 0.079594 0.0125
5 -0.20151 -0.132331 0.0491299 0.0125
15 -0.0552869 -0.137866 0.123393 0.0125
16 0.0718777 -0.14941 0.185699 0.0125
17 0.0945111 -0.154147 0.19627 0.0125
18 0.112097 -0.161712 0.203118 0.0125
1 0.146532 -0.180438 0.212238 0.0125
e_2_8 2 8 1 0.0125 -0.133832 -0.13982 0.111413 0.516612 0.702203 0.137647 -0.470187 0.033538
e_8_9 8 9 2 0.0125 -0.15148 -0.16566 0.112379 0.579942 0.673198 0.00504767 -0.458743 0.02929
e_9_10 9 10 3 0.0125 -0.167448 -0.185811 0.1148 0.580938 0.673015 -0.00927523 -0.457684 0.022363
e_10_11 10 11 4 0.0125 -0.181491 -0.204044 0.117169 0.587384 0.666694 0.0197244 -0.458378 0.023923
e_11_12 11 12 5 0.0125 -0.195268 -0.221363 0.119153 0.56754 0.683382 -0.0257489 -0.458503 0.020566
e_12_6 12 6 6 0.0125 -0.209446 -0.235999 0.120396 0.570807 0.678485 -0.105696 -0.450183 0.020321
e_2_13 2 13 1 0.0125 -0.134135 -0.128637 0.1039 -0.0519697 0.811205 0.401834 -0.421635 0.024776
e_13_14 13 14 2 0.0125 -0.153205 -0.13364 0.0877887 -0.0716491 0.847332 0.307105 -0.427295 0.026241
e_14_5 14 5 3 0.0125 -0.182397 -0.133911 0.0643628 -0.035332 -0.888482 0.146862 0.433339 0.048983
e_2_15 2 15 1 0.0125 -0.0902155 -0.131675 0.117605 0.737827 -0.0496398 0.645763 -0.190099 0.071884
e_15_16 15 16 2 0.0125 0.00829564 -0.143638 0.154547 0.826759 -0.070921 0.525077 -0.189037 0.142078
e_16_17 16 17 3 0.0125 0.0831941 -0.151778 0.190984 0.814656 -0.0249973 0.539913 -0.210251 0.025425
e_17_18 17 18 4 0.0125 0.103304 -0.15793 0.199694 0.779651 0.057756 0.572918 -0.246117 0.020331
e_18_19 18 19 5 0.0125 0.120505 -0.16666 0.205666 0.744626 0.113254 0.600683 -0.268115 0.020167
e_19_1 19 1 6 0.0125 0.137722 -0.176023 0.210226 0.732198 0.0832738 0.626931 -0.252802 0.020114
e_1_20 1 20 1 0.0125 0.129585 -0.178861 0.197644 -0.267981 -0.640053 0.644828 0.320491 0.04484
e_20_4 20 4 2 0.0125 0.0920007 -0.175414 0.16485 -0.303381 -0.553977 0.723224 0.279316 0.05516
e_1_21 1 21 1 0.0125 0.162881 -0.198387 0.22581 0.800548 0.22037 0.455486 -0.321081 0.055629
e_21_22 21 22 2 0.0125 0.186773 -0.224362 0.241585 0.703764 0.240321 0.586644 -0.320641 0.022467
e_22_3 22 3 3 0.0125 0.20081 -0.239536 0.248957 0.795184 0.223001 0.463011 -0.321829 0.021904
8 31 30
3 -0.352534 -0.270039 0.0432872 0.0125
32 -0.334829 -0.275889 0.0360505 0.0125
31 -0.316597 -0.277666 0.0280246 0.0125
30 -0.297942 -0.278953 0.0209297 0.0125
29 -0.278823 -0.284548 0.0191412 0.0125
4 -0.353388 -0.25397 0.0207359 0.0125
28 -0.320461 -0.267343 0.0225725 0.0125
27 -0.300371 -0.273312 0.0200476 0.0125
26 -0.281088 -0.279284 0.0169714 0.0125
1 -0.260789 -0.288205 0.0113067 0.0125
25 -0.242555 -0.286993 0.0194486 0.0125
24 -0.22321 -0.28259 0.022005 0.0125
23 -0.204055 -0.277019 0.0238101 0.0125
22 -0.185674 -0.269419 0.0214205 0.0125
21 -0.167253 -0.261452 0.0222108 0.0125
12 0.0293127 -0.239836 0.171856 0.0125
11 0.0314759 -0.231657 0.153683 0.0125
10 0.0326419 -0.223395 0.134087 0.0125
9 0.0260719 -0.216773 0.109709 0.0125
2 0.0143703 -0.194421 0.0537291 0.0125
19 -0.12833 -0.251902 0.0182603 0.0125
8 0.0226079 -0.201046 0.0781692 0.0125
6 0.023742 -0.245222 0.190848 0.0125
13 0.033363 -0.191635 0.0593409 0.0125
14 0.0527077 -0.190248 0.0642269 0.0125
15 0.0723603 -0.19049 0.0679317 0.0125
16 0.091585 -0.188393 0.0730312 0.0125
5 0.108019 -0.182063 0.0825108 0.0125
17 -0.00360121 -0.203454 0.0522817 0.0125
18 -0.106877 -0.245727 0.0188232 0.0125
20 -0.147077 -0.259129 0.0224901 0.0125
e_2_8 2 8 1 0.0125 0.0184894 -0.197734 0.0659494 -0.946582 -0.0823494 -0.185227 0.250781 0.026629
e_8_9 8 9 2 0.0125 0.0243396 -0.20891 0.093939 -0.961204 -0.218221 -0.0840855 0.146275 0.035413
e_9_10 9 10 3 0.0125 0.029357 -0.220083 0.121899 -0.954054 -0.0941279 -0.155428 0.238251 0.026101
e_10_11 10 11 4 0.0125 0.0320586 -0.227525 0.143885 -0.969842 -0.199917 -0.000509402 0.139425 0.021299
e_11_12 11 12 5 0.0125 0.0303937 -0.235746 0.16277 -0.968566 -0.214246 0.0284567 0.123159 0.020046
e_12_6 12 6 6 0.0125 0.0265273 -0.242529 0.181352 -0.971231 -0.152194 0.117849 0.140211 0.020512
e_2_13 2 13 1 0.0125 0.0238672 -0.193028 0.0565352 -0.591499 0.463977 -0.380029 0.538918 0.02
e_13_14 13 14 2 0.0125 0.0430358 -0.190942 0.0617843 -0.578735 0.448839 -0.419995 0.535923 0.02
e_14_15 14 15 3 0.0125 0.0625348 -0.190369 0.0660795 -0.555341 0.436314 -0.465855 0.53311 0.02
e_15_16 15 16 4 0.0125 0.081973 -0.189442 0.0704808 -0.580397 0.461413 -0.399505 0.539104 0.02
e_16_5 16 5 5 0.0125 0.0998019 -0.185227 0.0777716 -0.683322 0.436434 -0.269304 0.519684 0.02
e_2_17 2 17 1 0.0125 0.00538446 -0.198938 0.0530059 -0.670759 -0.209274 0.701486 -0.11918 0.020166
e_17_18 17 18 2 0.0125 -0.0552389 -0.224591 0.0355525 -0.584046 -0.143529 0.789303 -0.123653 0.1165
e_18_19 18 19 3 0.0125 -0.117604 -0.248814 0.018542 -0.695036 -0.132347 0.703624 -0.0657501 0.022332
e_19_20 19 20 4 0.0125 -0.137703 -0.255516 0.0203745 -0.774752 -0.186362 0.601887 -0.0525361 0.020531
e_20_21 20 21 5 0.0125 -0.157164 -0.260291 0.0223507 -0.701923 -0.060338 0.709384 -0.0209419 0.020311
e_21_22 21 22 6 0.0125 -0.176464 -0.265436 0.0218155 -0.685757 -0.187348 0.696116 -0.1003 0.020086
e_22_23 22 23 7 0.0125 -0.194864 -0.273219 0.0226155 -0.744555 -0.19273 0.634983 -0.0727345 0.020033
e_23_24 23 24 8 0.0125 -0.213632 -0.279804 0.0229079 -0.670347 -0.126491 0.727368 -0.074638 0.02003
e_24_25 24 25 9 0.0125 -0.232881 -0.284791 0.0207265 -0.657321 -0.0955713 0.744833 -0.0633944 0.020004
e_25_1 25 1 10 0.0125 -0.251672 -0.287599 0.0153777 -0.542462 0.0177621 0.838542 -0.0476143 0.020007
e_1_26 1 26 1 0.0125 -0.270939 -0.283745 0.0141387 -0.775798 0.137159 0.597844 0.148014 0.022885
e_26_27 26 27 2 0.0125 -0.29073 -0.276299 0.0185091 -0.750725 0.101938 0.643652 0.108317 0.020419
e_27_28 27 28 3 0.0125 -0.310416 -0.270328 0.0213101 -0.741228 0.100556 0.655807 0.101919 0.021109
e_28_4 28 4 4 0.0125 -0.336924 -0.260656 0.0216537 -0.679708 0.161647 0.706881 0.110394 0.035587
e_1_29 1 29 1 0.0125 -0.269807 -0.286376 0.0152237 -0.826711 0.0364405 0.550283 0.111399 0.02
e_29_30 29 30 2 0.0125 -0.288382 -0.28175 0.0200359 -0.731574 0.102226 0.66695 0.0976065 0.02
e_30_31 30 31 3 0.0125 -0.307269 -0.278309 0.0244771 -0.819605 -0.0126758 0.567868 0.0749161 0.02
e_31_32 31 32 4 0.0125 -0.325713 -0.276777 0.0320375 -0.832369 -0.00469361 0.547112 0.0883698 0.02
e_32_3 32 3 5 0.0125 -0.343682 -0.272964 0.0396684 -0.813795 0.0860671 0.558298 0.13651 0.02
9 24 23
3 -0.148125 -0.0256336 0.0908166 0.0125
25 -0.136508 -0.0155323 0.103585 0.0125
24 -0.125825 -0.00523875 0.116999 0.0125
23 -0.117684 0.000106534 0.134467 0.0125
22 -0.10873 0.00448595 0.151806 0.0125
4 -0.146714 -0.078199 0.194295 0.0125
21 -0.13037 -0.0510241 0.182515 0.0125
20 -0.10875 -0.0145672 0.173324 0.0125
11 0.195353 0.0470784 0.0736231 0.0125
6 0.188629 -0.0373715 0.210795 0.0125
10 0.187705 -0.0306574 0.190805 0.0125
9 0.187337 -0.0138679 0.145738 0.0125
2 0.179676 0.0402248 0.0874398 0.0125
19 -0.0850032 0.00759425 0.160051 0.0125
8 0.187777 -0.00298917 0.127093 0.0125
12 0.218355 0.0558596 0.0502605 0.0125
13 0.234005 0.0617175 0.034338 0.0125
5 0.249254 0.0603574 0.0199858 0.0125
14 0.00786678 0.0112184 0.119713 0.0125
15 -0.0139088 0.0115791 0.125123 0.0125
16 -0.0322785 0.014438 0.132608 0.0125
17 -0.0510886 0.0135282 0.139973 0.0125
18 -0.0689219 0.0098062 0.148328 0.0125
1 -0.102084 0.0070528 0.170495 0.0125
e_2_8 2 8 1 0.0125 0.183726 0.0186183 0.107266 0.759941 0.290614 0.284029 -0.507307 0.059206
e_8_9 8 9 2 0.0125 0.187557 -0.0084277 0.136415 0.9051 0.248373 0.0808308 -0.335516 0.021592
e_9_10 9 10 3 0.0125 0.187521 -0.0222622 0.168272 0.945382 0.169302 0.0530107 -0.273459 0.048094
e_10_6 10 6 4 0.0125 0.188167 -0.0340143 0.2008 0.948173 0.148769 0.065898 -0.272933 0.021108
e_2_11 2 11 1 0.0125 0.187514 0.0436509 0.0805312 0.392772 -0.670121 0.604216 -0.177737 0.021992
e_11_12 11 12 2 0.0125 0.206854 0.0514688 0.0619414 0.352301 -0.679738 0.618152 -0.178126 0.033941
e_12_13 12 13 3 0.0125 0.22618 0.058788 0.0422986 0.350553 -0.679043 0.619534 -0.179417 0.023082
e_13_5 13 5 4 0.0125 0.24163 0.0610374 0.0271619 0.278876 -0.594172 0.699228 -0.283315 0.020984
e_2_14 2 14 1 0.0125 0.0937714 0.0257215 0.103577 0.519362 -0.393007 -0.504463 0.566856 0.177204
e_14_15 14 15 2 0.0125 -0.00302133 0.0113984 0.122418 0.584445 -0.420542 -0.450128 0.528161 0.02244
e_15_16 15 16 3 0.0125 -0.0230938 0.0130094 0.128865 0.690536 -0.377464 -0.413211 0.45819 0.020041
e_16_17 16 17 4 0.0125 -0.0416832 0.0139828 0.13629 0.679792 -0.29738 -0.479037 0.469012 0.020221
e_17_18 17 18 5 0.0125 -0.0600054 0.0116673 0.14415 0.731643 -0.165426 -0.514009 0.416086 0.020041
e_18_19 18 19 6 0.0125 -0.0769622 0.00869992 0.154189 0.836556 -0.0961045 -0.444991 0.30483 0.020024
e_19_1 19 1 7 0.0125 -0.0935436 0.00732404 0.165272 0.789809 -0.193411 -0.449306 0.370024 0.020028
e_1_20 1 20 1 0.0125 -0.105417 -0.00375684 0.171909 0.267184 0.407562 0.521404 -0.70046 0.022801
e_20_21 20 21 2 0.0125 -0.11956 -0.032796 0.177919 0.550303 0.608141 0.155531 -0.550583 0.043371
e_21_4 21 4 3 0.0125 -0.138541 -0.0646116 0.188405 0.704886 0.570869 -0.00175438 -0.420999 0.033828
e_1_22 1 22 1 0.0125 -0.105407 0.00576989 0.16115 -0.138185 -0.863324 0.471041 0.117033 0.02
e_22_23 22 23 2 0.0125 -0.113206 0.00229676 0.143136 -0.205559 -0.862558 0.435283 0.155781 0.02
e_23_24 23 24 3 0.0125 -0.121754 -0.00256641 0.125732 -0.223354 -0.843902 0.473854 0.115777 0.02
e_24_25 24 25 4 0.0125 -0.131167 -0.0103857 0.110291 -0.392373 -0.781029 0.47469 0.10347 0.02
e_25_3 25 3 5 0.0125 -0.142316 -0.0205829 0.0972008 -0.398016 -0.796238 0.43035 0.149626 0.02
10 22 21
3 -0.119262 -0.0629726 0.161858 0.0125
23 -0.143827 -0.107542 0.17237 0.0125
22 -0.155523 -0.132053 0.178941 0.0125
4 -0.24801 -0.121382 0.137356 0.0125
21 -0.226043 -0.127564 0.147099 0.0125
20 -0.20756 -0.131194 0.155091 0.0125
11 0.113507 -0.0205445 0.0661865 0.0125
6 0.0877019 0.0679402 0.0116093 0.0125
10 0.0878671 0.0454265 0.0188128 0.0125
9 0.0862363 0.0179823 0.0393565 0.0125
2 0.0968319 -0.0659117 0.0745033 0.0125
19 -0.189485 -0.141476 0.166113 0.0125
8 0.0881282 -0.0274604 0.0609952 0.0125
12 0.122601 -0.000806624 0.0660528 0.0125
5 0.13916 0.0226004 0.0604089 0.0125
13 0.0526114 -0.0766145 0.0784469 0.0125
14 0.0100164 -0.0910058 0.0900041 0.0125
15 -0.0780812 -0.1254 0.133898 0.0125
16 -0.110825 -0.132801 0.150511 0.0125
17 -0.128336 -0.141684 0.159511 0.0125
18 -0.147898 -0.145627 0.172589 0.0125
1 -0.164971 -0.149099 0.183827 0.0125
e_2_8 2 8 1 0.0125 0.0924806 -0.046686 0.0677491 0.53062 -0.651019 -0.488101 -0.237431 0.041674
e_8_9 8 9 2 0.0125 0.0871818 -0.00473944 0.0501762 0.445254 -0.684875 -0.495736 -0.294858 0.050367
e_9_10 9 10 3 0.0125 0.0870513 0.031704 0.029085 0.323428 -0.681006 -0.579249 -0.309993 0.03432
e_10_6 10 6 4 0.0125 0.087784 0.0566829 0.0152114 0.50675 -0.691128 -0.417968 -0.301413 0.023639
e_2_11 2 11 1 0.0125 0.10517 -0.0432282 0.0703455 0.512545 -0.730812 -0.225165 -0.390529 0.049045
e_11_12 11 12 2 0.0125 0.118054 -0.0106753 0.0661201 0.596366 -0.703248 -0.0923686 -0.375843 0.021733
e_12_5 12 5 3 0.0125 0.130881 0.0108972 0.0632312 0.435961 -0.757195 -0.152381 -0.461924 0.029222
e_2_13 2 13 1 0.0125 0.0747222 -0.0712635 0.0764753 0.667471 -0.134545 -0.662361 0.312503 0.045668
e_13_14 13 14 2 0.0125 0.0313145 -0.0838102 0.0842261 0.706646 -0.084485 -0.606941 0.353745 0.046422
e_14_15 14 15 3 0.0125 -0.0340323 -0.108203 0.111951 0.752968 -0.0504798 -0.535683 0.37886 0.104263
e_15_16 15 16 4 0.0125 -0.0944522 -0.129101 0.142205 0.778543 -0.0993638 -0.518027 0.340068 0.037455
e_16_17 16 17 5 0.0125 -0.11958 -0.137243 0.155011 0.738255 -0.0169597 -0.5398 0.404113 0.0216
e_17_18 17 18 6 0.0125 -0.138117 -0.143655 0.166051 0.811061 -0.0940022 -0.465939 0.340947 0.02386
e_18_1 18 1 7 0.0125 -0.156435 -0.147363 0.178208 0.809148 -0.0942245 -0.469155 0.341021 0.020732
e_1_19 1 19 1 0.0125 -0.177228 -0.145288 0.17497 0.460124 -0.379794 -0.799829 0.0656993 0.03119
e_19_20 19 20 2 0.0125 -0.198523 -0.136335 0.160602 0.515452 -0.441365 -0.734407 0.012334 0.023536
e_20_21 20 21 3 0.0125 -0.216802 -0.12938 0.151094 0.538593 -0.335952 -0.763177 0.120892 0.020462
e_21_4 21 4 4 0.0125 -0.237027 -0.124473 0.142227 0.542671 -0.362394 -0.751655 0.0958871 0.024812
e_1_22 1 22 1 0.0125 -0.160247 -0.140577 0.181384 0.429414 -0.755034 -0.226955 -0.440476 0.020092
e_22_23 22 23 2 0.0125 -0.149676 -0.119798 0.175655 0.450426 -0.748505 -0.239444 -0.423702 0.027942
e_23_3 23 3 3 0.0125 -0.131544 -0.0852574 0.167113 0.457823 -0.750033 -0.196447 -0.435036 0.051965
11 25 24
3 -0.0517696 -0.0186655 0.124773 0.0125
26 -0.0531212 -0.0278399 0.142493 0.0125
25 -0.0539599 -0.0339642 0.161514 0.0125
24 -0.0551355 -0.0376816 0.181129 0.0125
23 -0.0583866 -0.041181 0.200551 0.0125
4 0.0147661 -0.00795765 0.262749 0.0125
22 -0.000509714 -0.0172577 0.251383 0.0125
21 -0.0282253 -0.0327522 0.235244 0.0125
20 -0.0472294 -0.0394687 0.228716 0.0125
11 -0.379634 0.0593286 0.222161 0.0125
10 -0.371586 0.0523249 0.201926 0.0125
6 -0.297254 -0.0199561 0.0292104 0.0125
9 -0.361013 0.0490488 0.183857 0.0125
2 -0.342723 0.0438029 0.155684 0.0125
19 -0.0855763 -0.0414535 0.211549 0.0125
8 -0.300484 -0.00466264 0.0626681 0.0125
5 -0.391621 0.0635605 0.240041 0.0125
12 -0.304676 0.0288026 0.168606 0.0125
13 -0.214613 -0.00773503 0.195466 0.0125
14 -0.19579 -0.0164162 0.198509 0.0125
15 -0.167582 -0.02287 0.199951 0.0125
16 -0.147889 -0.0307944 0.205641 0.0125
17 -0.12655 -0.0341328 0.211029 0.0125
18 -0.10557 -0.0385181 0.209562 0.0125
1 -0.0665968 -0.0425492 0.218737 0.0125
e_2_8 2 8 1 0.0125 -0.321604 0.0195701 0.109176 0.026965 0.689806 -0.659912 0.296576 0.113071
e_8_6 8 6 2 0.0125 -0.298869 -0.0123094 0.0459392 0.116624 0.68387 -0.696649 0.182758 0.036929
e_2_9 2 9 1 0.0125 -0.351867 0.0464257 0.16977 0.733265 0.118673 -0.267493 -0.613748 0.033997
e_9_10 9 10 2 0.0125 -0.366299 0.0506874 0.192892 0.73784 0.104863 -0.250292 -0.61802 0.02119
e_10_11 10 11 3 0.0125 -0.37561 0.0558274 0.212044 0.672704 0.0213835 -0.239306 -0.699818 0.022875
e_11_5 11 5 4 0.0125 -0.385628 0.0614447 0.231101 0.715296 0.113384 -0.282186 -0.629179 0.021939
e_2_12 2 12 1 0.0125 -0.3237 0.0363022 0.162145 0.25 0.589987 -0.0356905 0.766904 0.042891
e_12_13 12 13 2 0.0125 -0.259644 0.0105331 0.182036 0.210728 0.601481 -0.0709309 0.767322 0.100836
e_13_14 13 14 3 0.0125 -0.205201 -0.0120761 0.196988 0.126388 0.631049 -0.170786 0.74608 0.020951
e_14_15 14 15 4 0.0125 -0.181686 -0.0196426 0.19923 -0.213626 0.596717 -0.345016 0.692284 0.028973
e_15_16 15 16 5 0.0125 -0.157735 -0.0268319 0.202796 0.197367 0.603489 -0.0796172 0.768445 0.021976
e_16_17 16 17 6 0.0125 -0.137219 -0.0324636 0.208335 -0.182873 0.569539 -0.233702 0.766528 0.022261
e_17_18 17 18 7 0.0125 -0.11606 -0.0363256 0.210295 -0.278012 0.592435 -0.427973 0.623353 0.021483
e_18_19 18 19 8 0.0125 -0.0955727 -0.0399864 0.210556 -0.308468 0.563542 -0.365355 0.673635 0.020306
e_19_1 19 1 9 0.0125 -0.076087 -0.0420018 0.215143 -0.249265 0.530946 -0.203181 0.784016 0.020324
e_1_20 1 20 1 0.0125 -0.0569135 -0.0410089 0.223726 -0.784124 -0.127041 -0.507059 -0.334516 0.022004
e_20_21 20 21 2 0.0125 -0.0377271 -0.0361106 0.23198 -0.73973 -0.0449096 -0.586437 -0.326916 0.021187
e_21_22 21 22 3 0.0125 -0.0143671 -0.0250049 0.243314 -0.407228 -0.279063 -0.442233 -0.748812 0.035618
e_22_4 22 4 4 0.0125 0.00712795 -0.0126075 0.257066 -0.209105 -0.339658 -0.341254 -0.851148 0.021191
e_1_23 1 23 1 0.0125 -0.0624919 -0.0418653 0.209643 -0.189939 0.57929 -0.786805 0.0963584 0.02
e_23_24 23 24 2 0.0125 -0.0567608 -0.0394315 0.19084 -0.11726 0.558781 -0.820547 -0.0267555 0.02
e_24_25 24 25 3 0.0125 -0.0545477 -0.0358229 0.171322 -0.076742 0.557135 -0.824627 -0.0608424 0.02
e_25_26 25 26 4 0.0125 -0.053541 -0.0309025 0.152003 -0.0999925 0.52228 -0.838296 -0.120355 0.02
e_26_3 26 3 5 0.0125 -0.0524454 -0.0232527 0.133633 -0.144972 0.470889 -0.84927 -0.189703 0.02
12 28 27
3 -0.298176 0.108266 0.220887 0.0125
29 -0.286941 0.125283 0.222875 0.0125
28 -0.275477 0.142124 0.224437 0.0125
27 -0.264361 0.163201 0.221224 0.0125
4 -0.237444 0.265544 0.151865 0.0125
26 -0.234514 0.247302 0.159527 0.0125
25 -0.23275 0.231973 0.17225 0.0125
24 -0.231009 0.216723 0.185072 0.0125
23 -0.234131 0.201764 0.197974 0.0125
1 -0.242302 0.187964 0.209924 0.0125
22 -0.249324 0.172039 0.19996 0.0125
21 -0.255258 0.154587 0.191744 0.0125
12 -0.371204 -0.107086 0.20276 0.0125
11 -0.36695 -0.0936042 0.187541 0.0125
10 -0.360556 -0.0847703 0.170135 0.0125
9 -0.352251 -0.0789502 0.147239 0.0125
2 -0.334744 -0.0693428 0.089129 0.0125
19 -0.265953 0.121341 0.170381 0.0125
8 -0.340896 -0.072689 0.109151 0.0125
6 -0.368581 -0.122399 0.218619 0.0125
13 -0.334347 -0.0891424 0.0919247 0.0125
14 -0.330706 -0.108754 0.093394 0.0125
15 -0.327506 -0.128143 0.0971116 0.0125
16 -0.32605 -0.147649 0.101283 0.0125
5 -0.324357 -0.167134 0.105463 0.0125
17 -0.296434 0.019767 0.124815 0.0125
18 -0.277064 0.084906 0.154072 0.0125
20 -0.261476 0.138396 0.181399 0.0125
e_2_8 2 8 1 0.0125 -0.33782 -0.0710163 0.0991405 0.962878 0.10973 -0.126459 -0.211738 0.021212
e_8_9 8 9 2 0.0125 -0.346573 -0.07582 0.128196 0.963953 0.107508 -0.122959 -0.210041 0.040234
e_9_10 9 10 3 0.0125 -0.356403 -0.0818602 0.158687 0.954674 0.15298 -0.139428 -0.213902 0.025041
e_10_11 10 11 4 0.0125 -0.363753 -0.0891877 0.178838 0.942569 0.251065 -0.115107 -0.187832 0.02054
e_11_12 11 12 5 0.0125 -0.369078 -0.100344 0.19515 0.920364 0.361157 -0.0568135 -0.138808 0.020771
e_12_6 12 6 6 0.0125 -0.369893 -0.114743 0.210689 0.924248 0.368158 0.0854664 -0.0540419 0.022201
e_2_13 2 13 1 0.0125 -0.334545 -0.0792424 0.0905273 0.754391 0.654748 0.0375449 -0.0280838 0.02
e_13_14 13 14 2 0.0125 -0.332527 -0.098948 0.0926598 0.732388 0.672129 0.107273 0.018503 0.02
e_14_15 14 15 3 0.0125 -0.329106 -0.118448 0.095253 0.77001 0.630084 0.100296 0.00441523 0.02
e_15_16 15 16 4 0.0125 -0.326778 -0.137896 0.0991971 0.777101 0.625954 0.0625673 -0.0195315 0.02
e_16_5 16 5 5 0.0125 -0.325204 -0.157391 0.103373 0.777322 0.625223 0.0677677 -0.016543 0.02
e_2_17 2 17 1 0.0125 -0.31559 -0.0247879 0.106972 0.816898 -0.543647 0.178343 -0.0729321 0.103352
e_17_18 17 18 2 0.0125 -0.286748 0.052337 0.139444 0.823229 -0.545924 0.0652004 -0.141454 0.073989
e_18_19 18 19 3 0.0125 -0.271508 0.103123 0.162227 0.8233 -0.545983 0.0715294 -0.137705 0.041435
e_19_20 19 20 4 0.0125 -0.263715 0.129869 0.175889 0.860211 -0.483449 0.036301 -0.158105 0.020793
e_20_21 20 21 5 0.0125 -0.258367 0.146492 0.186571 0.862599 -0.479661 0.117416 -0.109826 0.020195
e_21_22 21 22 6 0.0125 -0.25229 0.163313 0.195852 0.829941 -0.535433 0.0987739 -0.121461 0.020182
e_22_1 22 1 7 0.0125 -0.245813 0.180001 0.204943 0.860762 -0.476902 0.155363 -0.0866905 0.020054
e_1_23 1 23 1 0.0125 -0.238216 0.194864 0.203949 -0.177624 0.722598 0.525934 0.41194 0.02
e_23_24 23 24 2 0.0125 -0.232571 0.209244 0.191523 -0.399071 0.781787 -0.459754 -0.134822 0.02
e_24_25 24 25 3 0.0125 -0.231879 0.224348 0.17866 -0.18088 0.477207 -0.769948 -0.383061 0.02
e_25_26 25 26 4 0.0125 -0.233632 0.239638 0.165887 -0.176018 0.465029 -0.775784 -0.388492 0.02
e_26_4 26 4 5 0.0125 -0.235979 0.256423 0.155695 0.172231 -0.129281 -0.821469 -0.528027 0.02
e_1_27 1 27 1 0.0125 -0.253331 0.175582 0.215573 0.782913 0.523043 -0.25528 -0.219783 0.035036
e_27_28 27 28 2 0.0125 -0.269919 0.152662 0.222831 0.736421 0.633284 -0.17929 -0.156495 0.024044
e_28_29 28 29 3 0.0125 -0.281208 0.133703 0.223656 0.656459 0.692556 -0.241999 -0.175681 0.020432
e_29_3 29 3 4 0.0125 -0.292558 0.116774 0.221882 0.649789 0.701568 -0.23735 -0.170999 0.020488
13 27 26
3 -0.152048 0.10775 0.104654 0.0125
28 -0.168184 0.0966482 0.111713 0.0125
27 -0.18257 0.0838098 0.124759 0.0125
26 -0.192986 0.0653195 0.136585 0.0125
4 -0.234945 -0.0400501 0.200237 0.0125
25 -0.225639 -0.0260494 0.189404 0.0125
24 -0.215608 -0.0115002 0.180038 0.0125
23 -0.209855 0.00528506 0.170811 0.0125
22 -0.203811 0.02239 0.162389 0.0125
1 -0.202479 0.0397697 0.152582 0.0125
21 -0.19319 0.0577593 0.158145 0.0125
12 -0.108963 0.204773 0.16278 0.0125
11 -0.103543 0.216605 0.147543 0.0125
10 -0.0971206 0.228027 0.13239 0.0125
9 -0.091093 0.247204 0.115897 0.0125
2 -0.0966572 0.294419 0.0738906 0.0125
19 -0.17111 0.0976191 0.162944 0.0125
8 -0.0901128 0.262175 0.0995012 0.0125
6 -0.114478 0.192668 0.177726 0.0125
13 -0.0974562 0.373222 0.0712617 0.0125
5 -0.0993338 0.393704 0.0663354 0.0125
14 -0.108986 0.26404 0.0794651 0.0125
15 -0.113785 0.232657 0.0928478 0.0125
16 -0.12088 0.210967 0.106264 0.0125
17 -0.137435 0.163463 0.137212 0.0125
18 -0.148567 0.137143 0.153286 0.0125
20 -0.18316 0.0771539 0.164247 0.0125
e_2_8 2 8 1 0.0125 -0.0933855 0.278297 0.0866959 0.712415 0.288082 0.331496 -0.547343 0.041694
e_8_9 8 9 2 0.0125 -0.0906031 0.254689 0.107699 0.853483 0.340348 0.123613 -0.374766 0.022224
e_9_10 9 10 3 0.0125 -0.0941066 0.237616 0.124143 0.862628 0.427628 -0.000416345 -0.270198 0.026002
e_10_11 10 11 4 0.0125 -0.100332 0.222316 0.139966 0.928235 0.324806 -0.127596 -0.128844 0.020034
e_11_12 11 12 5 0.0125 -0.106253 0.21069 0.155162 0.921462 0.336156 -0.0824257 -0.17639 0.020038
e_12_6 12 6 6 0.0125 -0.11172 0.198721 0.170253 0.917741 0.345742 -0.0836014 -0.176707 0.020008
e_2_13 2 13 1 0.0125 -0.0970567 0.33382 0.0725761 0.694956 -0.718688 0.0125114 0.0191503 0.078851
e_13_5 13 5 2 0.0125 -0.098395 0.383463 0.0687986 0.61646 -0.785138 0.00361195 0.0593549 0.021149
e_2_14 2 14 1 0.0125 -0.102822 0.279229 0.0766778 0.696637 0.644671 0.0243622 -0.313851 0.033257
e_14_15 14 15 2 0.0125 -0.111386 0.248348 0.0861565 0.645868 0.476526 0.280529 -0.526386 0.034452
e_15_16 15 16 3 0.0125 -0.117333 0.221812 0.0995562 0.817715 0.49643 0.0128501 -0.291091 0.026473
e_16_17 16 17 4 0.0125 -0.129157 0.187215 0.121738 0.831559 0.487697 -0.0128133 -0.265512 0.059063
e_17_18 17 18 5 0.0125 -0.143001 0.150303 0.145249 0.841331 0.497188 -0.0876786 -0.193077 0.032789
e_18_19 18 19 6 0.0125 -0.159838 0.117381 0.158115 0.752377 0.451403 -0.438649 0.194296 0.046513
e_19_20 19 20 7 0.0125 -0.177135 0.0873867 0.163595 0.331067 -0.0403985 -0.686291 0.646349 0.023786
e_20_21 20 21 8 0.0125 -0.188175 0.0674566 0.161195 -0.554902 -0.794683 0.0551372 0.23984 0.022671
e_21_1 21 1 9 0.0125 -0.197834 0.0487643 0.155364 -0.556357 -0.793431 0.054162 0.240831 0.020997
e_1_22 1 22 1 0.0125 -0.203146 0.0310794 0.157486 0.695833 0.428546 0.26677 -0.51088 0.02
e_22_23 22 23 2 0.0125 -0.206833 0.0138375 0.1666 0.792494 0.538007 0.00435026 -0.287199 0.02
e_23_24 23 24 3 0.0125 -0.212732 -0.00310755 0.175425 0.805003 0.518915 0.00661708 -0.287495 0.02
e_24_25 24 25 4 0.0125 -0.220624 -0.0187741 0.184721 0.853623 0.397651 -0.328217 0.0739909 0.02
e_25_4 25 4 5 0.0125 -0.230292 -0.0330497 0.19482 0.877921 0.395912 -0.26912 0.00914775 0.02
e_1_26 1 26 1 0.0125 -0.197732 0.0525451 0.144583 0.491096 -0.850035 0.174728 -0.0757339 0.031605
e_26_27 26 27 2 0.0125 -0.187778 0.0745651 0.130671 0.490383 -0.83333 0.221215 -0.127081 0.024295
e_27_28 27 28 3 0.0125 -0.175377 0.090229 0.118236 0.417178 -0.824038 0.318064 -0.213916 0.02328
e_28_3 28 3 4 0.0125 -0.160115 0.102199 0.108183 0.498465 -0.737955 0.353459 -0.286395 0.02082
