13
1 24 23
3 -0.062712 -0.0608451 0.037174 0.0125
25 -0.083659 -0.0681537 0.0341865 0.0125
24 -0.103053 -0.0729158 0.0271728 0.0125
4 -0.0950563 -0.11869 0.0874211 0.0125
23 -0.124192 -0.0991607 0.0444211 0.0125
22 -0.138526 -0.0960674 0.0289986 0.0125
1 -0.153937 -0.0921301 0.0120709 0.0125
21 -0.156332 -0.0722796 0.0115606 0.0125
6 -0.108376 0.163003 0.0115007 0.0125
11 -0.123945 0.164271 0.0240055 0.0125
10 -0.140214 0.163387 0.0360264 0.0125
9 -0.157194 0.166461 0.0474233 0.0125
2 -0.237221 0.177942 0.0820324 0.0125
19 -0.156626 -0.032304 0.0123878 0.0125
8 -0.183074 0.170999 0.0659638 0.0125
12 -0.251785 0.230323 0.0661612 0.0125
13 -0.255516 0.251327 0.0584145 0.0125
5 -0.253628 0.270897 0.0520442 0.0125
14 -0.180728 0.0636927 0.0301541 0.0125
15 -0.17282 0.0444008 0.0255493 0.0125
16 -0.164626 0.0264034 0.0207342 0.0125
17 -0.159449 0.00739059 0.0147571 0.0125
18 -0.156227 -0.0123068 0.0124401 0.0125
20 -0.156797 -0.0522847 0.0115037 0.0125
e_2_8 2 8 1 0.0125 -0.210148 0.174471 0.073998 0.188668 -0.721736 0.346816 -0.568524 0.056906
e_8_9 8 9 2 0.0125 -0.170134 0.16873 0.0566935 -0.0242242 -0.881363 0.107097 -0.459503 0.032158
e_9_10 9 10 3 0.0125 -0.148704 0.164924 0.0417252 -0.0107645 -0.869919 0.137115 -0.473629 0.02068
e_10_11 10 11 4 0.0125 -0.132079 0.16383 0.0300163 0.045646 -0.891666 0.04211 -0.448413 0.020248
e_11_6 11 6 5 0.0125 -0.116161 0.163637 0.0177537 -0.0178045 -0.900657 0.0361807 -0.432655 0.020009
e_2_12 2 12 1 0.0125 -0.244502 0.204133 0.074097 0.563656 -0.650875 -0.465266 -0.205381 0.056637
e_12_13 12 13 2 0.0125 -0.253651 0.240825 0.0622877 0.528642 -0.687064 -0.445678 -0.223276 0.022695
e_13_5 13 5 3 0.0125 -0.254572 0.261112 0.0552291 0.507973 -0.73445 -0.338652 -0.296415 0.020667
e_2_14 2 14 1 0.0125 -0.208975 0.120817 0.0560933 -0.496206 -0.492916 -0.667483 0.255497 0.137607
e_14_15 14 15 2 0.0125 -0.176774 0.0540463 0.0278511 0.621798 0.751379 0.208042 0.0742711 0.021352
e_15_16 15 16 3 0.0125 -0.168724 0.0354025 0.0231415 0.617324 0.701828 0.354571 -0.0250509 0.020352
e_16_17 16 17 4 0.0125 -0.162037 0.0168966 0.0177451 0.414746 0.691034 -0.40939 0.42762 0.020592
e_17_18 17 18 5 0.0125 -0.157838 -0.00245851 0.0135985 0.602675 0.71878 -0.202478 0.281319 0.020093
e_18_19 18 19 6 0.0125 -0.156426 -0.0223061 0.0124144 0.646101 0.641982 -0.298628 0.285014 0.020001
e_19_20 19 20 7 0.0125 -0.156712 -0.0422948 0.0119452 0.618487 0.643677 -0.328313 0.308811 0.020001
e_20_21 20 21 8 0.0125 -0.156564 -0.0622815 0.0115321 0.656927 0.661001 -0.24828 0.264351 0.02
e_21_1 21 1 9 0.0125 -0.155134 -0.0822049 0.0118157 0.688956 0.689555 -0.108444 0.195174 0.020001
e_1_22 1 22 1 0.0125 -0.146232 -0.0940987 0.0205348 0.815227 -0.0915914 0.356674 -0.44699 0.023228
e_22_23 22 23 2 0.0125 -0.131359 -0.0976141 0.0367099 0.810818 -0.10845 0.354825 -0.452671 0.021281
e_23_4 23 4 3 0.0125 -0.109625 -0.108925 0.0659214 0.864066 0.0603054 0.33002 -0.375288 0.055491
e_1_24 1 24 1 0.0125 -0.128495 -0.082523 0.0196222 0.57918 -0.543956 0.265214 -0.54619 0.056448
e_24_25 24 25 2 0.0125 -0.0933558 -0.0705345 0.0306794 0.600812 -0.481444 0.320233 -0.551985 0.021166
e_25_3 25 3 3 0.0125 -0.0731856 -0.0644998 0.0356797 0.50994 -0.604076 0.261466 -0.553795 0.022385
2 19 18
3 -0.112098 -0.385707 0.161178 0.0125
20 -0.120691 -0.367646 0.18276 0.0125
19 -0.131577 -0.354011 0.19839 0.0125
5 -0.109208 0.0137241 0.0216117 0.0125
10 -0.116331 -0.0492282 0.0519434 0.0125
6 -0.23811 -0.137877 0.0114976 0.0125
9 -0.215601 -0.12002 0.0330969 0.0125
2 -0.117915 -0.0745512 0.0674951 0.0125
8 -0.164871 -0.0892884 0.0554861 0.0125
11 -0.123501 -0.0947932 0.0808764 0.0125
12 -0.12105 -0.162514 0.121423 0.0125
13 -0.115285 -0.216829 0.156092 0.0125
14 -0.116145 -0.236082 0.171244 0.0125
15 -0.138167 -0.29727 0.213039 0.0125
1 -0.152865 -0.32057 0.223917 0.0125
18 -0.161904 -0.257885 0.269049 0.0125
16 -0.158375 -0.294552 0.244236 0.0125
17 -0.161709 -0.277783 0.257251 0.0125
4 -0.157477 -0.240407 0.281498 0.0125
e_2_8 2 8 1 0.0125 -0.141392 -0.0819197 0.0614908 0.60886 0.106158 -0.77927 0.10372 0.050657
e_8_9 8 9 2 0.0125 -0.190235 -0.104654 0.0442917 0.556101 0.269446 -0.777158 0.119064 0.063398
e_9_6 9 6 3 0.0125 -0.226855 -0.128948 0.0222976 0.438524 0.412278 -0.794025 0.0851339 0.035945
e_2_10 2 10 1 0.0125 -0.117123 -0.0618894 0.0597196 0.460664 -0.802909 0.341504 0.162788 0.029759
e_10_5 10 5 2 0.0125 -0.11277 -0.0177515 0.036778 0.475618 -0.707308 0.464358 0.240571 0.070241
e_2_11 2 11 1 0.0125 -0.120708 -0.0846719 0.0741854 0.770631 0.346473 -0.333542 0.418131 0.024899
e_11_12 11 12 2 0.0125 -0.122276 -0.128653 0.101149 0.741027 0.429232 -0.24298 0.455632 0.07897
e_12_13 12 13 3 0.0125 -0.118167 -0.189672 0.138757 0.741309 0.432339 -0.212452 0.467342 0.064695
e_13_14 13 14 4 0.0125 -0.115715 -0.226456 0.163668 0.773927 0.365702 -0.239232 0.45833 0.024515
e_14_15 14 15 5 0.0125 -0.127155 -0.266676 0.192141 0.776861 0.323601 -0.353481 0.408437 0.077302
e_15_1 15 1 6 0.0125 -0.145516 -0.30892 0.218478 0.750503 0.305849 -0.472024 0.34698 0.029619
e_1_16 1 16 1 0.0125 -0.15562 -0.307561 0.234077 0.811579 -0.431576 0.100986 0.380634 0.033469
e_16_17 16 17 2 0.0125 -0.160042 -0.286167 0.250744 0.810312 -0.430784 0.107551 0.382429 0.021487
e_17_18 17 18 3 0.0125 -0.161806 -0.267834 0.26315 0.772444 -0.442227 0.222357 0.397898 0.023133
e_18_4 18 4 4 0.0125 -0.15969 -0.249145 0.275274 0.757166 -0.326001 0.331108 0.459119 0.021911
e_1_19 1 19 1 0.0125 -0.142221 -0.337291 0.211154 0.329734 0.851816 -0.2124 0.347234 0.04715
e_19_20 19 20 2 0.0125 -0.126134 -0.360829 0.190576 0.254642 0.89045 -0.201778 0.318656 0.023425
e_20_3 20 3 3 0.0125 -0.116394 -0.376677 0.171969 0.251441 0.869033 -0.333946 0.264648 0.029425
3 21 20
3 0.193139 0.0811459 0.011291 0.0125
22 0.22135 0.0726362 0.0117292 0.0125
21 0.243998 0.0728861 0.0133389 0.0125
4 0.329078 -0.0148428 0.0424034 0.0125
20 0.308504 0.0247573 0.0261417 0.0125
11 0.0145793 0.238742 0.0917067 0.0125
6 0.170805 0.217067 0.0368401 0.0125
10 0.15256 0.222929 0.0450079 0.0125
9 0.133338 0.225658 0.0504763 0.0125
2 0.0347982 0.206833 0.0927772 0.0125
19 0.298566 0.049227 0.0234233 0.0125
8 0.112709 0.221341 0.0571426 0.0125
5 -0.0234462 0.287358 0.0994833 0.0125
12 0.150013 0.156398 0.059765 0.0125
13 0.178044 0.14303 0.053993 0.0125
14 0.195178 0.133201 0.0490615 0.0125
15 0.214998 0.121633 0.0434849 0.0125
16 0.237813 0.108089 0.0355632 0.0125
17 0.256037 0.0931178 0.024765 0.0125
18 0.272225 0.0816156 0.0205455 0.0125
1 0.291222 0.0739819 0.020806 0.0125
e_2_8 2 8 1 0.0125 0.0737538 0.214086 0.07496 0.493298 -0.484927 0.685488 -0.227177 0.086893
e_8_9 8 9 2 0.0125 0.123024 0.2235 0.05381 0.550844 -0.439938 0.676199 -0.213965 0.022105
e_9_10 9 10 3 0.0125 0.142949 0.224294 0.0477415 0.486602 -0.376799 0.702565 -0.357272 0.02017
e_10_6 10 6 4 0.0125 0.161683 0.219998 0.0409237 0.363089 -0.429679 0.715118 -0.414908 0.020832
e_2_11 2 11 1 0.0125 0.0246889 0.222788 0.0922413 0.424198 -0.673152 0.247053 0.553072 0.037791
e_11_5 11 5 2 0.0125 -0.00443346 0.263051 0.0955948 0.434396 -0.633949 0.188685 0.611398 0.062209
e_2_12 2 12 1 0.0125 0.0924059 0.181616 0.0762705 0.396458 -0.345678 0.712355 -0.464627 0.130031
e_12_13 12 13 2 0.0125 0.164029 0.149714 0.056879 0.422952 -0.301435 0.707453 -0.479332 0.031587
e_13_14 13 14 3 0.0125 0.186611 0.138116 0.0515277 0.351954 -0.336599 0.712613 -0.504988 0.02036
e_14_15 14 15 4 0.0125 0.205088 0.127417 0.046273 0.351734 -0.332766 0.712267 -0.50816 0.023617
e_15_16 15 16 5 0.0125 0.226406 0.114861 0.0395244 0.318998 -0.364476 0.714292 -0.505158 0.027689
e_16_17 16 17 6 0.0125 0.246925 0.100604 0.0301639 0.162713 -0.459129 0.70522 -0.51516 0.02594
e_17_18 17 18 7 0.0125 0.264131 0.0873668 0.0226557 0.320099 -0.316509 0.70975 -0.541861 0.020301
e_18_1 18 1 8 0.0125 0.281724 0.0777994 0.020676 0.563294 -0.19099 0.676131 -0.434822 0.020476
e_1_19 1 19 1 0.0125 0.294894 0.061604 0.0221148 -0.0904853 -0.267671 0.61476 -0.736366 0.025954
e_19_20 19 20 2 0.0125 0.303535 0.0369919 0.0247833 0.082049 -0.181935 0.644755 -0.737874 0.02655
e_20_4 20 4 3 0.0125 0.318791 0.00495749 0.0342732 0.59781 0.190531 0.54084 -0.560191 0.047496
e_1_21 1 21 1 0.0125 0.267611 0.0734338 0.0170732 -0.0321803 -0.760048 0.0200368 0.64876 0.047824
e_21_22 21 22 2 0.0125 0.232674 0.0727612 0.0125341 -0.00253752 -0.731722 -0.00532488 0.681578 0.022707
e_22_3 22 3 3 0.0125 0.207245 0.0768913 0.0115107 0.152395 -0.710388 0.0527098 0.685089 0.029469
4 21 20
3 0.279045 0.120652 0.0278544 0.0125
22 0.295312 0.0758755 0.045494 0.0125
4 0.387539 0.0681467 0.136981 0.0125
21 0.372446 0.0699078 0.123978 0.0125
20 0.357869 0.0683903 0.110368 0.0125
11 0.0392119 0.125299 0.0413019 0.0125
10 0.0374717 0.106632 0.0316333 0.0125
6 -0.0893711 0.142308 0.0414052 0.0125
9 0.0366956 0.0872118 0.0239594 0.0125
2 0.0323233 0.0601043 0.012378 0.0125
19 0.344176 0.0603147 0.0982321 0.0125
8 -0.0267846 0.0943232 0.0254754 0.0125
5 0.0465181 0.147505 0.0570906 0.0125
12 0.0607195 0.0588591 0.022458 0.0125
13 0.204391 0.0284561 0.0391024 0.0125
14 0.234879 0.0292021 0.0434533 0.0125
15 0.264334 0.0308105 0.0495033 0.0125
16 0.282897 0.0309936 0.0579816 0.0125
17 0.301737 0.0344823 0.0649807 0.0125
1 0.31776 0.0428663 0.0742527 0.0125
18 0.329448 0.0533915 0.0866062 0.0125
e_2_8 2 8 1 0.0125 0.00276866 0.0772136 0.0189268 0.732142 -0.130706 -0.623498 -0.241109 0.069543
e_8_6 8 6 2 0.0125 -0.0580778 0.118316 0.0334408 0.721219 -0.176723 -0.608087 -0.280788 0.080457
e_2_9 2 9 1 0.0125 0.0345088 0.0736579 0.0181688 0.616033 -0.462824 -0.30246 -0.561084 0.0298
e_9_10 9 10 2 0.0125 0.0370832 0.0969221 0.0277959 0.6286 -0.441872 -0.348014 -0.537119 0.020895
e_10_11 10 11 3 0.0125 0.0383418 0.115965 0.0364676 0.65545 -0.42869 -0.295043 -0.547321 0.021095
e_11_5 11 5 4 0.0125 0.0428654 0.136402 0.0491968 0.66602 -0.432447 -0.182061 -0.579879 0.028209
e_2_12 2 12 1 0.0125 0.0465217 0.0594821 0.0174181 0.493427 -0.444074 0.368351 -0.650881 0.030158
e_12_13 12 13 2 0.0125 0.132555 0.0436573 0.0307796 0.327045 -0.525213 0.409686 -0.670336 0.147793
e_13_14 13 14 3 0.0125 0.219634 0.0288291 0.0412774 0.296811 -0.608683 0.242664 -0.694639 0.030807
e_14_15 14 15 4 0.0125 0.249607 0.0300063 0.0464783 0.351196 -0.578232 0.255327 -0.690737 0.030113
e_15_16 15 16 5 0.0125 0.273615 0.0309016 0.0537429 0.546472 -0.414469 0.347118 -0.639604 0.020408
e_16_17 16 17 6 0.0125 0.292317 0.0327379 0.0614817 0.460011 -0.52494 0.229965 -0.678192 0.020399
e_17_1 17 1 7 0.0125 0.309749 0.0386747 0.0696168 0.534894 -0.511508 0.101251 -0.664828 0.020322
e_1_18 1 18 1 0.0125 0.323604 0.0481293 0.0804291 0.647464 -0.436118 0.0308239 -0.624212 0.02
e_18_19 18 19 2 0.0125 0.336811 0.0568535 0.0924188 0.61974 -0.432608 0.14903 -0.637623 0.02
e_19_20 19 20 3 0.0125 0.351023 0.0643529 0.1043 0.635624 -0.429015 0.112053 -0.631959 0.02
e_20_21 20 21 4 0.0125 0.365157 0.0691487 0.117173 0.717489 -0.279801 0.285406 -0.570495 0.02
e_21_4 21 4 5 0.0125 0.379992 0.0690271 0.13048 0.738616 -0.202384 0.365993 -0.528712 0.02
e_1_22 1 22 1 0.0125 0.306536 0.0593705 0.0598733 0.38073 -0.339652 -0.822743 -0.250551 0.049199
e_22_3 22 3 2 0.0125 0.287178 0.0982638 0.0366742 0.440064 -0.415496 -0.707797 -0.364322 0.050801
5 19 18
3 0.0987644 -0.0108565 0.0728685 0.0125
20 0.101631 -0.0733035 0.0233206 0.0125
4 0.0518039 -0.0760122 0.0960138 0.0125
11 -0.185026 -0.0660312 0.178222 0.0125
6 -0.127335 -0.0165383 0.0139123 0.0125
10 -0.140493 -0.0337084 0.0304464 0.0125
9 -0.148975 -0.0504655 0.053973 0.0125
2 -0.160355 -0.0995001 0.131606 0.0125
19 0.0626278 -0.076887 0.076702 0.0125
8 -0.156197 -0.0814439 0.107498 0.0125
5 -0.188086 -0.0441228 0.208546 0.0125
12 -0.123192 -0.0816424 0.105974 0.0125
13 -0.064122 -0.0660745 0.0834324 0.0125
14 0.00626781 -0.0640144 0.0393 0.0125
15 0.0370906 -0.069778 0.028415 0.0125
16 0.0698075 -0.0788885 0.0192613 0.0125
1 0.102027 -0.0896044 0.0113425 0.0125
18 0.0732578 -0.076995 0.0595111 0.0125
17 0.0834349 -0.0826109 0.038924 0.0125
e_2_8 2 8 1 0.0125 -0.158276 -0.0904716 0.119552 0.278172 -0.90435 -0.280325 -0.161829 0.030405
e_8_9 8 9 2 0.0125 -0.152586 -0.0659543 0.080735 0.194037 -0.836932 -0.478928 -0.180337 0.062264
e_9_10 9 10 3 0.0125 -0.144734 -0.0420868 0.0422093 0.279891 -0.939791 -0.0869107 -0.175784 0.030103
e_10_6 10 6 4 0.0125 -0.133914 -0.025123 0.0221796 0.442001 -0.748902 0.492714 -0.0318442 0.027227
e_2_11 2 11 1 0.0125 -0.17269 -0.0827653 0.154914 0.869535 -0.344173 -0.0916875 0.342121 0.062465
e_11_5 11 5 2 0.0125 -0.186555 -0.0550772 0.193384 0.879785 -0.300294 0.0766903 0.360446 0.037535
e_2_12 2 12 1 0.0125 -0.141774 -0.0905712 0.11879 0.429567 0.0332541 0.873425 0.226925 0.048549
e_12_13 12 13 2 0.0125 -0.0936567 -0.0738579 0.0947032 0.461623 0.299287 0.763886 0.337356 0.065113
e_13_14 13 14 3 0.0125 -0.0289267 -0.0650445 0.061367 0.296276 0.676098 0.555345 0.383019 0.083106
e_14_15 14 15 4 0.0125 0.0216793 -0.0668966 0.033858 0.379241 0.703758 0.410723 0.438415 0.033193
e_15_16 15 16 5 0.0125 0.0534486 -0.0743337 0.0238383 0.403146 0.713714 0.347474 0.455355 0.035174
e_16_1 16 1 6 0.0125 0.0859167 -0.0842466 0.0153015 0.414227 0.718937 0.310966 0.463514 0.034866
e_1_17 1 17 1 0.0125 0.0927312 -0.0861075 0.0251328 0.869042 -0.215849 -0.218344 0.387944 0.03399
e_17_18 17 18 2 0.0125 0.0783468 -0.0798025 0.0492174 0.881507 -0.203481 -0.152306 0.397924 0.023642
e_18_19 18 19 3 0.0125 0.0679426 -0.0769414 0.0681063 0.865773 -0.121627 -0.244853 0.419156 0.020212
e_19_4 19 4 4 0.0125 0.0572156 -0.07645 0.0863577 0.871594 -0.127941 -0.218653 0.419698 0.022156
e_1_20 1 20 1 0.0125 0.101829 -0.0814539 0.0173307 0.842063 -0.429749 0.13888 0.294887 0.020232
e_20_3 20 3 2 0.0125 0.100198 -0.0420804 0.0480943 0.847869 -0.41615 0.127435 0.302816 0.079768
6 24 23
3 0.0129833 -0.135175 0.0718615 0.0125
25 0.0205718 -0.153787 0.0662154 0.0125
24 0.0238252 -0.173106 0.06074 0.0125
23 0.0235005 -0.193568 0.055059 0.0125
4 -0.0497726 -0.28874 0.0115457 0.0125
22 -0.0322142 -0.274919 0.0241993 0.0125
21 -0.0168557 -0.262316 0.0353968 0.0125
1 0.0218423 -0.229733 0.045123 0.0125
11 -0.0335054 -0.0218214 0.129714 0.0125
10 -0.0349961 -0.00175177 0.13535 0.0125
6 -0.181172 -0.00930998 0.168219 0.0125
9 -0.161301 -0.00540853 0.163948 0.0125
2 -0.0362949 0.0183614 0.141027 0.0125
19 0.0287495 -0.190749 0.0405363 0.0125
8 -0.130492 0.00057903 0.157598 0.0125
12 -0.0316727 -0.0451486 0.117745 0.0125
5 -0.027831 -0.0763296 0.112341 0.0125
13 -0.00153749 -0.0486709 0.0811731 0.0125
14 0.0203285 -0.0847873 0.0513191 0.0125
15 0.0279552 -0.108462 0.0390792 0.0125
16 0.0288668 -0.129526 0.0330141 0.0125
17 0.0305908 -0.150649 0.0337648 0.0125
18 0.0316436 -0.171562 0.0355497 0.0125
20 0.0269169 -0.210442 0.0436276 0.0125
e_2_8 2 8 1 0.0125 -0.0833929 0.0094703 0.149312 0.759149 0.0407023 -0.64279 0.0941151 0.097282
e_8_9 8 9 2 0.0125 -0.145896 -0.00241487 0.160773 0.766729 0.0343308 -0.632188 0.106236 0.032021
e_9_6 9 6 3 0.0125 -0.171236 -0.0073588 0.166084 0.768834 0.0326573 -0.629079 0.109944 0.020696
e_2_10 2 10 1 0.0125 -0.0356455 0.0083053 0.138189 0.379008 0.539452 -0.586989 0.469882 0.020939
e_10_11 10 11 2 0.0125 -0.0342507 -0.0117866 0.132532 0.376526 0.541271 -0.584691 0.472642 0.0209
e_11_12 11 12 3 0.0125 -0.0325891 -0.0334851 0.12373 0.32177 0.576991 -0.628317 0.410808 0.026283
e_12_5 12 5 4 0.0125 -0.0297519 -0.0607396 0.115043 0.388006 0.531658 -0.549642 0.514475 0.031878
e_2_13 2 13 1 0.0125 -0.0189162 -0.0151552 0.1111 0.155809 0.673115 -0.597925 0.406357 0.096353
e_13_14 13 14 2 0.0125 0.00939546 -0.0667292 0.0662466 0.146926 0.67863 -0.572835 0.435585 0.051709
e_14_15 14 15 3 0.0125 0.0241414 -0.0966246 0.0451986 0.25669 0.62008 -0.579887 0.461889 0.027722
e_15_16 15 16 4 0.0125 0.0284105 -0.118995 0.036046 0.383783 0.53588 -0.592498 0.46313 0.021939
e_16_17 16 17 5 0.0125 0.0297293 -0.140087 0.0333895 0.450734 0.477638 -0.504146 0.560836 0.021206
e_17_18 17 18 6 0.0125 0.0311167 -0.161105 0.0346566 0.471819 0.458878 -0.496958 0.565553 0.021015
e_18_19 18 19 7 0.0125 0.0301971 -0.181155 0.0380426 0.566181 0.370406 -0.488203 0.551268 0.020034
e_19_20 19 20 8 0.0125 0.0278338 -0.200595 0.0420815 0.529835 0.408323 -0.506027 0.544503 0.020019
e_20_1 20 1 9 0.0125 0.0243802 -0.220088 0.0443749 0.556664 0.386909 -0.559393 0.476976 0.020003
e_1_21 1 21 1 0.0125 0.00249338 -0.246024 0.0402596 0.605484 0.289238 -0.714662 0.197454 0.051514
e_21_22 21 22 2 0.0125 -0.0245349 -0.268617 0.0297982 0.490312 0.375281 -0.777602 0.118715 0.022806
e_22_4 22 4 3 0.0125 -0.0409933 -0.281829 0.017872 0.491203 0.371415 -0.780014 0.11112 0.02568
e_1_23 1 23 1 0.0125 0.0226715 -0.21165 0.0500907 0.242732 -0.158442 0.58529 0.757241 0.037542
e_23_24 23 24 2 0.0125 0.0236629 -0.183336 0.0578992 0.789657 -0.599021 0.0862229 0.100898 0.021239
e_24_25 24 25 3 0.0125 0.0221985 -0.163446 0.0634778 0.692736 -0.468789 -0.381635 -0.39333 0.020341
e_25_3 25 3 4 0.0125 0.0167775 -0.144481 0.0690384 0.711268 -0.396205 -0.455841 -0.359622 0.020878
7 26 25
3 -0.318631 0.0426399 0.046186 0.0125
27 -0.300222 0.0322549 0.0439668 0.0125
26 -0.28105 0.0249385 0.0440283 0.0125
4 -0.163181 0.0746202 0.0666263 0.0125
25 -0.175981 0.0595463 0.0636341 0.0125
24 -0.192184 0.0479624 0.061829 0.0125
23 -0.204991 0.0336012 0.0563754 0.0125
22 -0.217767 0.0216561 0.0466751 0.0125
1 -0.226159 0.00771599 0.0350459 0.0125
21 -0.206626 0.0111663 0.0386003 0.0125
12 -0.0837855 0.102728 0.0680041 0.0125
11 -0.0638269 0.0992139 0.0691661 0.0125
10 -0.0434399 0.101511 0.0716142 0.0125
9 -0.0204071 0.103094 0.0754921 0.0125
2 0.0429643 0.115423 0.0869299 0.0125
19 -0.166132 0.0136843 0.0454464 0.0125
8 0.00360737 0.107505 0.0794194 0.0125
6 -0.101635 0.110889 0.06387 0.0125
13 0.0316536 0.140595 0.0756499 0.0125
14 0.0175753 0.163972 0.0634607 0.0125
15 0.00730189 0.180007 0.0567676 0.0125
5 -0.00794604 0.192506 0.0527874 0.0125
16 0.000732891 0.0927605 0.0766913 0.0125
17 -0.126368 0.0210585 0.0521451 0.0125
18 -0.145183 0.0142987 0.0486714 0.0125
20 -0.187109 0.0144967 0.0419403 0.0125
e_2_8 2 8 1 0.0125 0.0232858 0.111464 0.0831747 0.380069 -0.515948 -0.570741 0.51342 0.040842
e_8_9 8 9 2 0.0125 -0.00839961 0.105299 0.0774555 0.41603 -0.486101 -0.585766 0.497497 0.02473
e_9_10 9 10 3 0.0125 -0.0319238 0.102303 0.0735535 0.387899 -0.577551 -0.499245 0.516453 0.023411
e_10_11 10 11 4 0.0125 -0.053633 0.100363 0.0703903 0.454647 -0.484186 -0.569928 0.483779 0.020661
e_11_12 11 12 5 0.0125 -0.073806 0.100971 0.0685844 0.495591 -0.58656 -0.429616 0.475149 0.020299
e_12_6 12 6 6 0.0125 -0.0927099 0.106809 0.0659369 0.404922 -0.748597 -0.206531 0.482686 0.020057
e_2_13 2 13 1 0.0125 0.0373093 0.128008 0.0812899 0.445169 -0.809485 0.184165 0.335623 0.029813
e_13_14 13 14 2 0.0125 0.0246143 0.152283 0.0695548 0.40569 -0.824317 0.156278 0.362622 0.029888
e_14_15 14 15 3 0.0125 0.0124386 0.171989 0.0601141 0.442662 -0.809185 0.104874 0.371849 0.020185
e_15_5 15 5 4 0.0125 -0.000321725 0.186256 0.0547775 0.459011 -0.767964 -0.0957848 0.43631 0.020115
e_2_16 2 16 1 0.0125 0.0218489 0.104091 0.0818106 0.625911 0.29889 -0.717718 0.0614843 0.049009
e_16_17 16 17 2 0.0125 -0.0628181 0.0569099 0.0644181 0.640173 0.459489 -0.60976 -0.0850938 0.147981
e_17_18 17 18 3 0.0125 -0.135775 0.0176788 0.0504084 0.488517 -0.272651 -0.71501 0.419253 0.020292
e_18_19 18 19 4 0.0125 -0.155657 0.0139911 0.0470591 0.402826 -0.582265 -0.486852 0.51154 0.021205
e_19_20 19 20 5 0.0125 -0.176621 0.0140899 0.0436935 0.38832 -0.627288 -0.434594 0.51657 0.021283
e_20_21 20 21 6 0.0125 -0.196867 0.0128321 0.0402703 0.401111 -0.510064 -0.568338 0.505901 0.020079
e_21_1 21 1 7 0.0125 -0.216392 0.00944089 0.0368228 0.386695 -0.522328 -0.561575 0.512126 0.020151
e_1_22 1 22 1 0.0125 -0.221962 0.0146856 0.0408607 0.889235 -0.391534 0.23656 0.00142918 0.02
e_22_23 22 23 2 0.0125 -0.211379 0.0276291 0.0515257 0.859789 -0.370401 0.346838 -0.0571853 0.02
e_23_24 23 24 3 0.0125 -0.198588 0.0407814 0.0591027 0.797534 -0.458369 0.391866 -0.0166829 0.02
e_24_25 24 25 4 0.0125 -0.184082 0.0537543 0.0627315 0.734959 -0.442771 0.508756 -0.0703994 0.02
e_25_4 25 4 5 0.0125 -0.16958 0.0670832 0.06513 0.758156 -0.497705 0.421293 -0.00119057 0.02
e_1_26 1 26 1 0.0125 -0.253604 0.0163278 0.0395371 0.648691 -0.489158 -0.428473 0.395393 0.058226
e_26_27 26 27 2 0.0125 -0.290635 0.0285973 0.0439974 0.544571 -0.615845 -0.349633 0.449372 0.020521
e_27_3 27 3 3 0.0125 -0.309426 0.0374471 0.045076 0.621947 -0.594147 -0.307848 0.406695 0.021253
8 21 20
3 -0.178083 0.0696198 0.17825 0.0125
22 -0.157217 0.0546682 0.182726 0.0125
21 -0.141003 0.0388377 0.180406 0.0125
4 -0.100121 0.0398212 0.278591 0.0125
20 -0.103776 0.0330514 0.257928 0.0125
5 -0.0609432 -0.251025 0.0159053 0.0125
10 -0.0422502 -0.245718 0.0383866 0.0125
6 0.116652 -0.165629 0.00902275 0.0125
9 0.085962 -0.184749 0.0292267 0.0125
2 0.0114545 -0.241735 0.0835511 0.0125
19 -0.10475 0.0242264 0.235075 0.0125
8 0.0523955 -0.206686 0.0513523 0.0125
11 -0.0724353 -0.111329 0.11936 0.0125
12 -0.0810317 -0.0936647 0.124656 0.0125
13 -0.087943 -0.0765656 0.132416 0.0125
14 -0.0914553 -0.0584414 0.141195 0.0125
15 -0.0940328 -0.0412383 0.151084 0.0125
16 -0.0953441 -0.0252856 0.163084 0.0125
17 -0.0976406 -0.00906912 0.174581 0.0125
1 -0.100151 0.0082787 0.184286 0.0125
18 -0.102915 0.0176853 0.215212 0.0125
e_2_8 2 8 1 0.0125 0.0319248 -0.224211 0.0674515 0.158724 -0.8075 -0.323084 -0.467297 0.062781
e_8_9 8 9 2 0.0125 0.0691793 -0.195717 0.0402894 0.191349 -0.845154 -0.165118 -0.470994 0.045799
e_9_6 9 6 3 0.0125 0.101307 -0.175189 0.0191241 0.188203 -0.849145 -0.151138 -0.469776 0.041421
e_2_10 2 10 1 0.0125 -0.0153977 -0.243726 0.0609691 0.407524 0.304818 -0.853456 -0.112353 0.070285
e_10_5 10 5 2 0.0125 -0.0515969 -0.248372 0.0271458 0.344776 0.390895 -0.851751 -0.0533866 0.029715
e_2_11 2 11 1 0.0125 -0.0304903 -0.176532 0.101455 0.66599 -0.268615 -0.561551 -0.411053 0.15914
e_11_12 11 12 2 0.0125 -0.0767329 -0.102497 0.122008 0.668681 -0.317224 -0.518859 -0.427808 0.020347
e_12_13 12 13 3 0.0125 -0.0844872 -0.0851147 0.128536 0.710414 -0.329172 -0.444668 -0.435003 0.020009
e_13_14 13 14 4 0.0125 -0.0896989 -0.0675028 0.136805 0.714486 -0.388847 -0.366171 -0.451914 0.020443
e_14_15 14 15 5 0.0125 -0.0927439 -0.0498394 0.14614 0.737416 -0.385405 -0.32303 -0.450923 0.020009
e_15_16 15 16 6 0.0125 -0.0946882 -0.0332622 0.157084 0.776009 -0.368604 -0.25343 -0.444652 0.020005
e_16_17 16 17 7 0.0125 -0.0964925 -0.0171778 0.168832 0.76807 -0.362895 -0.284628 -0.444256 0.020011
e_17_1 17 1 8 0.0125 -0.0988959 -0.000395212 0.179434 0.733393 -0.389641 -0.325575 -0.452013 0.020036
e_1_18 1 18 1 0.0125 -0.101533 0.0129824 0.199749 0.923248 -0.121675 -0.0925901 -0.352472 0.032443
e_18_19 18 19 2 0.0125 -0.103832 0.0209562 0.225144 0.919728 -0.131232 -0.0984033 -0.356646 0.020993
e_19_20 19 20 3 0.0125 -0.104263 0.0286393 0.246502 0.911393 -0.177353 -0.0498264 -0.368003 0.024517
e_20_4 20 4 4 0.0125 -0.101949 0.0364363 0.268259 0.916624 -0.175946 0.0216505 -0.358294 0.022048
e_1_21 1 21 1 0.0125 -0.120578 0.0235589 0.182346 0.592357 -0.0947391 -0.727286 -0.333457 0.051164
e_21_22 21 22 2 0.0125 -0.14911 0.0467533 0.181566 0.643278 -0.166498 -0.649108 -0.370312 0.022779
e_22_3 22 3 3 0.0125 -0.16765 0.0621447 0.180488 0.558238 -0.0772643 -0.761536 -0.320099 0.026057
9 18 17
3 -0.0549622 -0.127862 0.178711 0.0125
19 -0.0791856 -0.182446 0.202512 0.0125
11 -0.181101 0.0010223 0.129686 0.0125
10 -0.18778 0.0124365 0.113671 0.0125
6 -0.0762621 -0.0483088 0.0622735 0.0125
9 -0.127146 -0.0240889 0.0753114 0.0125
2 -0.198827 0.0323581 0.0835729 0.0125
8 -0.175836 0.0150601 0.0763175 0.0125
12 -0.177024 -0.0153559 0.142026 0.0125
5 -0.176081 -0.0314088 0.154862 0.0125
13 -0.187773 0.0119258 0.0969809 0.0125
14 -0.107288 -0.15093 0.178027 0.0125
15 -0.105025 -0.172858 0.189889 0.0125
16 -0.0986331 -0.192919 0.203242 0.0125
1 -0.0925464 -0.212736 0.215908 0.0125
18 -0.0875534 -0.25106 0.269355 0.0125
17 -0.0864588 -0.233029 0.251688 0.0125
4 -0.0852349 -0.278914 0.287183 0.0125
e_2_8 2 8 1 0.0125 -0.187332 0.0237091 0.0799452 0.614219 0.496396 0.613064 0.0218756 0.029672
e_8_9 8 9 2 0.0125 -0.151491 -0.00451374 0.0758142 0.701294 0.45568 0.548096 0.0115051 0.062485
e_9_6 9 6 3 0.0125 -0.101704 -0.0361984 0.0687927 0.619952 0.396932 0.674642 0.054418 0.057843
e_2_10 2 10 1 0.0125 -0.193304 0.022397 0.0986215 0.946728 0.270026 0.168524 -0.0489004 0.037747
e_10_11 10 11 2 0.0125 -0.18444 0.00672916 0.121678 0.939841 0.28305 0.185325 -0.0472864 0.02077
e_11_12 11 12 3 0.0125 -0.179062 -0.00716704 0.135855 0.888003 0.427531 0.148733 -0.0809065 0.020907
e_12_5 12 5 4 0.0125 -0.176552 -0.0233821 0.148445 0.89568 0.427538 0.0726075 -0.0984719 0.020576
e_2_13 2 13 1 0.0125 -0.1933 0.0221421 0.0902775 0.864361 0.424381 0.264493 -0.0531463 0.026823
e_13_14 13 14 2 0.0125 -0.14753 -0.0695024 0.137505 0.836842 0.469995 0.274566 -0.0584286 0.198918
e_14_15 14 15 3 0.0125 -0.106157 -0.161894 0.183959 0.852411 0.500408 0.112616 -0.101511 0.025033
e_15_16 15 16 4 0.0125 -0.101829 -0.182889 0.196565 0.872992 0.44486 0.185232 -0.0753267 0.024932
e_16_1 16 1 5 0.0125 -0.0955898 -0.202828 0.209575 0.868779 0.453136 0.18431 -0.0769392 0.024294
e_1_17 1 17 1 0.0125 -0.0895029 -0.222883 0.233799 0.962452 0.247542 0.0921523 -0.0625794 0.041581
e_17_18 17 18 2 0.0125 -0.0870065 -0.242044 0.260522 0.915904 0.38729 0.0201433 -0.103543 0.025267
e_18_4 18 4 3 0.0125 -0.0863942 -0.264986 0.278269 0.871049 0.471325 0.094692 -0.100794 0.033151
e_1_19 1 19 1 0.0125 -0.0858658 -0.197591 0.209211 0.511677 -0.559758 0.611739 0.22502 0.035715
e_19_3 19 3 2 0.0125 -0.0670737 -0.155154 0.190612 0.514289 -0.559072 0.610372 0.22448 0.064285
10 20 19
3 0.0905374 0.110629 0.112239 0.0125
21 0.148452 0.0963207 0.108405 0.0125
4 0.131487 0.0294779 0.0511437 0.0125
20 0.142397 0.0429187 0.062699 0.0125
11 0.0890658 -0.181656 0.0540437 0.0125
10 0.108175 -0.185578 0.0443372 0.0125
6 0.0652051 -0.172163 0.162445 0.0125
9 0.10195 -0.171347 0.101857 0.0125
2 0.133422 -0.188741 0.0313695 0.0125
19 0.154497 0.0559546 0.0735328 0.0125
8 0.117267 -0.18034 0.0672821 0.0125
5 0.0426725 -0.187476 0.0707527 0.0125
12 0.163438 -0.0566257 0.0741861 0.0125
13 0.170394 -0.0254578 0.0843513 0.0125
14 0.175521 0.00702531 0.0892603 0.0125
15 0.18185 0.0343078 0.0886405 0.0125
16 0.184014 0.0547587 0.0918713 0.0125
17 0.184187 0.0768302 0.0950731 0.0125
1 0.187675 0.0960352 0.099507 0.0125
18 0.167266 0.0735393 0.0866056 0.0125
e_2_8 2 8 1 0.0125 0.125345 -0.184539 0.0493256 0.844939 -0.195335 -0.126059 0.481697 0.040265
e_8_9 8 9 2 0.0125 0.109609 -0.175843 0.0845697 0.834662 -0.20607 -0.113074 0.498085 0.03887
e_9_6 9 6 3 0.0125 0.0835783 -0.171755 0.132151 0.918213 -0.0754933 -0.258475 0.290477 0.070865
e_2_10 2 10 1 0.0125 0.120798 -0.187159 0.0378535 0.635844 -0.393833 -0.343298 0.568106 0.028558
e_10_11 10 11 2 0.0125 0.0986205 -0.183617 0.0491901 0.491051 -0.482192 -0.211548 0.693979 0.021789
e_11_5 11 5 3 0.0125 0.0658691 -0.184567 0.0623983 0.666645 0.38922 -0.42456 -0.473118 0.049653
e_2_12 2 12 1 0.0125 0.14843 -0.122683 0.052777 0.443665 -0.207643 0.553365 0.673671 0.142086
e_12_13 12 13 2 0.0125 0.166917 -0.0410411 0.0792685 0.443357 -0.208936 0.551985 0.674606 0.033514
e_13_14 13 14 3 0.0125 0.172958 -0.00921594 0.0868053 0.349869 -0.207554 0.618953 0.671871 0.033249
e_14_15 14 15 4 0.0125 0.178685 0.0206662 0.0889501 0.305143 -0.158567 0.697084 0.629141 0.028014
e_15_16 15 16 5 0.0125 0.182932 0.0445329 0.0902556 0.334302 -0.222854 0.610513 0.682534 0.020817
e_16_17 16 17 6 0.0125 0.184101 0.065794 0.0934718 0.291447 -0.247485 0.605787 0.697734 0.022303
e_17_1 17 1 7 0.0125 0.185931 0.0864323 0.0972896 0.391769 -0.21126 0.587035 0.676222 0.020016
e_1_18 1 18 1 0.0125 0.177471 0.0847865 0.0930563 0.0690455 0.633211 0.542688 -0.547509 0.033
e_18_19 18 19 2 0.0125 0.160882 0.0647466 0.0800689 0.0759873 0.614105 0.616946 -0.486291 0.025361
e_19_20 19 20 3 0.0125 0.148447 0.049437 0.0681156 0.00789057 0.603332 0.629359 -0.48973 0.020825
e_20_4 20 4 4 0.0125 0.136942 0.0361983 0.0569213 0.0317223 0.600551 0.645699 -0.470537 0.020814
e_1_21 1 21 1 0.0125 0.168063 0.0961779 0.103956 -0.686564 0.301973 0.546071 -0.37316 0.04022
e_21_3 21 3 2 0.0125 0.119494 0.103475 0.110322 -0.583268 -0.267592 0.629548 0.43802 0.05978
11 23 22
3 0.339755 -0.15886 0.0205412 0.0125
24 0.307396 -0.163023 0.0428067 0.0125
4 0.213063 -0.0846455 0.0437066 0.0125
23 0.229659 -0.103144 0.0519583 0.0125
22 0.246278 -0.12294 0.0609356 0.0125
1 0.260756 -0.162083 0.0813324 0.0125
21 0.244517 -0.150801 0.0844416 0.0125
6 0.0611577 -0.151885 0.269077 0.0125
11 0.0478531 -0.142517 0.254846 0.0125
10 0.0318977 -0.130105 0.237805 0.0125
9 0.0158255 -0.123 0.221349 0.0125
2 -0.0160264 -0.0893122 0.159146 0.0125
19 0.210392 -0.135753 0.0986657 0.0125
8 -0.00176808 -0.108926 0.189352 0.0125
12 -0.0041687 -0.139516 0.129819 0.0125
13 -0.000383697 -0.15717 0.120063 0.0125
5 0.00749107 -0.171358 0.108135 0.0125
14 0.112757 -0.123879 0.12517 0.0125
15 0.13349 -0.12797 0.11999 0.0125
16 0.152715 -0.131884 0.115025 0.0125
17 0.172332 -0.131154 0.110757 0.0125
18 0.191508 -0.132222 0.10445 0.0125
20 0.226714 -0.144187 0.0907446 0.0125
e_2_8 2 8 1 0.0125 -0.00889674 -0.0991194 0.174249 0.355208 -0.0796875 0.322101 -0.873915 0.038735
e_8_9 8 9 2 0.0125 0.00702814 -0.115963 0.20535 0.51819 -0.0953849 0.286477 -0.800195 0.039134
e_9_10 9 10 3 0.0125 0.0238615 -0.126553 0.229577 0.431253 -0.245542 0.312981 -0.809798 0.024075
e_10_11 10 11 4 0.0125 0.0398755 -0.136311 0.246325 0.263581 -0.243143 0.344402 -0.867637 0.026439
e_11_6 11 6 5 0.0125 0.0545054 -0.147201 0.261962 0.305771 -0.238424 0.337627 -0.85771 0.021617
e_2_12 2 12 1 0.0125 -0.010098 -0.114414 0.144482 -0.445552 -0.837441 0.214021 -0.233174 0.059339
e_12_13 12 13 2 0.0125 -0.00227628 -0.148343 0.124941 -0.458756 -0.832288 0.212092 -0.227722 0.020521
e_13_5 13 5 3 0.0125 0.00355368 -0.164264 0.114099 -0.320676 -0.858933 0.241642 -0.317821 0.020139
e_2_14 2 14 1 0.0125 0.0483657 -0.106596 0.142158 0.088455 -0.725128 0.312483 -0.607222 0.137602
e_14_15 14 15 2 0.0125 0.123124 -0.125925 0.12258 0.12773 -0.723683 0.308763 -0.603849 0.021758
e_15_16 15 16 3 0.0125 0.143102 -0.129927 0.117507 0.122643 -0.726234 0.30862 -0.601911 0.020238
e_16_17 16 17 4 0.0125 0.162523 -0.131519 0.112891 0.255001 -0.722694 0.289697 -0.573379 0.020089
e_17_18 17 18 5 0.0125 0.18192 -0.131688 0.107604 0.18072 -0.755477 0.291999 -0.557971 0.020216
e_18_19 18 19 6 0.0125 0.20095 -0.133987 0.101558 0.120563 -0.74279 0.303969 -0.584235 0.020063
e_19_20 19 20 7 0.0125 0.218553 -0.13997 0.0947055 -0.0572644 -0.778144 0.304066 -0.546586 0.020006
e_20_21 20 21 8 0.0125 0.235616 -0.147494 0.0875934 0.0218723 -0.749005 0.310619 -0.584832 0.020009
e_21_1 21 1 9 0.0125 0.252637 -0.156442 0.0828877 -0.100625 -0.68384 0.33174 -0.642018 0.020017
e_1_22 1 22 1 0.0125 0.253517 -0.142511 0.0711336 0.496316 -0.848256 0.00173483 0.184743 0.046452
e_22_23 22 23 2 0.0125 0.237968 -0.113042 0.0564476 0.470063 -0.812696 -0.0598117 0.339099 0.027362
e_23_4 23 4 3 0.0125 0.221361 -0.093895 0.0478324 0.465875 -0.808226 -0.0658256 0.354117 0.026186
e_1_24 1 24 1 0.0125 0.284077 -0.162553 0.0620688 0.111169 -0.868388 0.253552 -0.411406 0.060501
e_24_3 24 3 2 0.0125 0.323576 -0.160942 0.0316739 0.189389 -0.847412 0.252475 -0.426943 0.039499
12 25 24
3 0.217515 -0.0338972 0.0628123 0.0125
26 0.21237 -0.014921 0.0775652 0.0125
25 0.207629 0.00292321 0.0911684 0.0125
4 0.276692 0.0154868 0.0747106 0.0125
24 0.258998 0.0289489 0.0798769 0.0125
23 0.23919 0.0388307 0.0909582 0.0125
1 0.195774 0.0454304 0.119583 0.0125
22 0.18217 0.0308276 0.120897 0.0125
21 0.169849 0.0151263 0.122184 0.0125
11 0.0676051 -0.211381 0.133777 0.0125
6 0.0899739 -0.0824092 0.178255 0.0125
10 0.101687 -0.111869 0.168561 0.0125
9 0.107226 -0.134896 0.167202 0.0125
2 0.0852577 -0.222304 0.147133 0.0125
19 0.142653 -0.0131891 0.129215 0.0125
8 0.105037 -0.157625 0.166189 0.0125
12 0.0534949 -0.19936 0.114133 0.0125
13 0.040023 -0.188575 0.0957287 0.0125
5 0.0253399 -0.174706 0.0845649 0.0125
14 0.103085 -0.160558 0.152992 0.0125
15 0.120434 -0.0931993 0.136926 0.0125
16 0.127057 -0.0715548 0.133414 0.0125
17 0.130646 -0.0516527 0.132696 0.0125
18 0.134057 -0.0310364 0.132084 0.0125
20 0.155082 0.00202775 0.125443 0.0125
e_2_8 2 8 1 0.0125 0.0951474 -0.189964 0.15666 0.770122 -0.603288 0.0212489 -0.206165 0.070269
e_8_9 8 9 2 0.0125 0.106132 -0.14626 0.166695 0.711344 -0.689008 -0.0557596 -0.127074 0.022857
e_9_10 9 10 3 0.0125 0.104456 -0.123383 0.167881 0.72654 -0.660736 -0.186454 -0.0283142 0.023722
e_10_6 10 6 4 0.0125 0.0958304 -0.0971397 0.173408 0.803695 -0.548067 -0.231129 -0.0166011 0.033152
e_2_11 2 11 1 0.0125 0.0764311 -0.216843 0.140455 0.414817 -0.773272 -0.415434 0.239565 0.024684
e_11_12 11 12 2 0.0125 0.0605498 -0.205371 0.123955 0.319662 -0.875836 -0.310753 0.184823 0.027009
e_12_13 12 13 3 0.0125 0.0467595 -0.193967 0.104931 0.314041 -0.874106 -0.317278 0.191449 0.02523
e_13_5 13 5 4 0.0125 0.0326814 -0.18164 0.0901468 0.472921 -0.779332 -0.366779 0.185636 0.023078
e_2_14 2 14 1 0.0125 0.0941721 -0.19143 0.150063 0.714599 -0.674015 0.0174752 -0.186403 0.064535
e_14_15 14 15 2 0.0125 0.11176 -0.126878 0.144959 0.60466 -0.782586 0.00962161 -0.147831 0.071388
e_15_16 15 16 3 0.0125 0.123746 -0.0823769 0.135169 0.628484 -0.758905 0.0267149 -0.168393 0.022906
e_16_17 16 17 4 0.0125 0.128852 -0.0616037 0.133055 0.679291 -0.719206 -0.0222241 -0.144265 0.020236
e_17_18 17 18 5 0.0125 0.132351 -0.0413447 0.132389 0.682367 -0.716827 -0.0280609 -0.140526 0.020905
e_18_19 18 19 6 0.0125 0.138355 -0.0221132 0.130649 0.618501 -0.751025 0.0873319 -0.213988 0.020017
e_19_20 19 20 7 0.0125 0.148868 -0.0055806 0.127328 0.574009 -0.749435 0.180638 -0.2761 0.020006
e_20_21 20 21 8 0.0125 0.162465 0.00857655 0.123813 0.560944 -0.722929 0.24249 -0.322358 0.020006
e_21_22 21 22 9 0.0125 0.176009 0.0229771 0.121541 0.622498 -0.708921 0.172093 -0.283391 0.020001
e_22_1 22 1 10 0.0125 0.188972 0.0381287 0.120239 0.610831 -0.700568 0.205077 -0.306647 0.020001
e_1_23 1 23 1 0.0125 0.217482 0.0421301 0.10527 0.206958 -0.725544 0.496606 -0.429111 0.05242
e_23_24 23 24 2 0.0125 0.249094 0.0338903 0.0854177 0.162524 -0.606508 0.596627 -0.499771 0.024755
e_24_4 24 4 3 0.0125 0.267845 0.0222177 0.0772938 0.226461 -0.407773 0.668503 -0.579258 0.022825
e_1_25 1 25 1 0.0125 0.201701 0.0241766 0.105375 -0.22987 -0.612803 0.628616 -0.420088 0.052486
e_25_26 25 26 2 0.0125 0.21 -0.00599882 0.0843663 -0.257417 -0.680536 0.577462 -0.370331 0.022933
e_26_3 26 3 3 0.0125 0.214943 -0.0244084 0.0701883 -0.256952 -0.687693 0.57198 -0.365914 0.024581
13 27 26
3 0.0731254 -0.0527208 0.0443996 0.0125
28 0.0666361 -0.0338539 0.0477712 0.0125
27 0.0564909 -0.0167681 0.0520575 0.0125
26 0.0514333 0.00307562 0.0565397 0.0125
4 -0.0174604 0.0451124 0.143718 0.0125
25 -0.00398334 0.0508955 0.121349 0.0125
24 0.00594514 0.0487907 0.103001 0.0125
23 0.0194246 0.0460718 0.0875277 0.0125
1 0.0387497 0.038695 0.06366 0.0125
22 0.0552177 0.0493151 0.068003 0.0125
21 0.0722695 0.0589717 0.072256 0.0125
12 0.278229 0.176893 0.0833691 0.0125
11 0.282708 0.162499 0.096892 0.0125
10 0.286796 0.14798 0.110721 0.0125
9 0.290998 0.132553 0.12546 0.0125
2 0.305774 0.0831592 0.168524 0.0125
19 0.112047 0.0714948 0.0777659 0.0125
8 0.297743 0.10767 0.149291 0.0125
6 0.275405 0.19208 0.0702647 0.0125
13 0.277199 0.0821973 0.153786 0.0125
14 0.258474 0.0816075 0.142221 0.0125
15 0.239175 0.0802751 0.129763 0.0125
5 0.220712 0.0787971 0.116452 0.0125
16 0.249595 0.0757699 0.154073 0.0125
17 0.152478 0.0690238 0.106761 0.0125
18 0.130751 0.0728592 0.0872163 0.0125
20 0.0909891 0.0679017 0.0727686 0.0125
e_2_8 2 8 1 0.0125 0.301759 0.0954146 0.158907 0.439582 -0.777521 -0.440856 -0.088745 0.032174
e_8_9 8 9 2 0.0125 0.29437 0.120111 0.137375 0.387798 -0.7952 -0.455029 -0.101084 0.035108
e_9_10 9 10 3 0.0125 0.288897 0.140266 0.118091 0.388523 -0.794909 -0.45497 -0.100853 0.021746
e_10_11 10 11 4 0.0125 0.284752 0.15524 0.103806 0.390241 -0.792954 -0.457296 -0.0990801 0.020463
e_11_12 11 12 5 0.0125 0.280469 0.169696 0.0901302 0.396736 -0.786551 -0.46391 -0.093411 0.020251
e_12_6 12 6 6 0.0125 0.276818 0.184486 0.0768172 0.403388 -0.810033 -0.409013 -0.117614 0.020257
e_2_13 2 13 1 0.0125 0.291487 0.0826781 0.161154 0.478234 -0.310382 -0.795464 0.205407 0.032165
e_13_14 13 14 2 0.0125 0.267837 0.0819022 0.148003 0.445659 -0.327514 -0.809552 0.196848 0.022017
e_14_15 14 15 3 0.0125 0.248824 0.0809409 0.135991 0.433999 -0.315277 -0.819334 0.202329 0.023009
e_15_5 15 5 4 0.0125 0.229943 0.0795363 0.123108 0.410878 -0.321894 -0.82956 0.198479 0.022808
e_2_16 2 16 1 0.0125 0.277684 0.0794645 0.161299 0.562231 -0.219084 -0.758657 0.245638 0.058476
e_16_17 16 17 2 0.0125 0.201035 0.0723972 0.130417 0.484901 -0.289353 -0.796763 0.215211 0.108239
e_17_18 17 18 3 0.0125 0.141615 0.0709412 0.0969889 0.387386 -0.446254 -0.795242 0.135568 0.029473
e_18_19 18 19 4 0.0125 0.1214 0.0721764 0.0824911 0.478516 -0.290826 -0.800274 0.214488 0.021001
e_19_20 19 20 5 0.0125 0.101518 0.0696985 0.0752675 0.566645 -0.196812 -0.758378 0.255034 0.021938
e_20_21 20 21 6 0.0125 0.0816293 0.0634367 0.0725123 0.620601 -0.0223123 -0.715446 0.320148 0.020747
e_21_22 21 22 7 0.0125 0.0637436 0.054143 0.0701298 0.537664 -0.0208849 -0.778203 0.323854 0.020053
e_22_1 22 1 8 0.0125 0.046983 0.0440045 0.0658319 0.529416 0.00782474 -0.779831 0.333949 0.020071
e_1_23 1 23 1 0.0125 0.0290872 0.042383 0.0755932 0.918137 -0.187228 -0.295124 0.186738 0.031583
e_23_24 23 24 2 0.0125 0.0126853 0.0474307 0.0952644 0.910927 -0.146591 -0.323672 0.209666 0.020701
e_24_25 24 25 3 0.0125 0.000981258 0.0498433 0.112175 0.94631 -0.102436 -0.228002 0.204988 0.020968
e_25_4 25 4 4 0.0125 -0.0107223 0.0480041 0.132533 0.919446 0.0342558 -0.284056 0.269735 0.026748
e_1_26 1 26 1 0.0125 0.0450915 0.0208849 0.0601001 0.450018 0.694375 -0.332234 0.452711 0.038474
e_26_27 26 27 2 0.0125 0.0539621 -0.00684582 0.0542983 0.426381 0.654444 -0.422629 0.45966 0.020963
e_27_28 27 28 3 0.0125 0.0615642 -0.0253109 0.0499143 0.456984 0.759278 -0.170023 0.430993 0.020328
e_28_3 28 3 4 0.0125 0.0698808 -0.0432878 0.0460857 0.461113 0.68976 -0.327953 0.451722 0.020234
