6
1 6 5
2 -0.358654 -0.133318 0.0745692 0.0125
7 -0.296786 -0.0953643 0.033141 0.0125
6 -0.267462 -0.0797688 0.0135734 0.0125
5 -0.218979 -0.0169086 0.0113187 0.0125
1 -0.0892788 0.242861 0.0767376 0.0125
4 -0.132794 0.153263 0.0434467 0.0125
e_1_4 1 4 1 0.0125 -0.111037 0.198061 0.0600919 0.167619 -0.130253 -0.800956 0.559828 0.105022
e_4_5 4 5 2 0.0125 -0.175887 0.0681774 0.0273822 0.200869 -0.115974 -0.754715 0.613683 0.193438
e_5_6 5 6 3 0.0125 -0.24322 -0.0483387 0.0124461 0.386783 -0.0607503 -0.694343 0.603818 0.079417
e_6_7 6 7 4 0.0125 -0.282124 -0.0875661 0.0233568 0.830652 0.0954463 -0.48693 0.252599 0.038549
e_7_2 7 2 5 0.0125 -0.327721 -0.114341 0.0538551 0.802916 0.0848012 -0.494924 0.321224 0.083574
2 7 6
2 -0.379224 0.0921931 0.0116053 0.0125
4 -0.257842 0.205371 0.0232757 0.0125
1 0.0270631 0.28527 0.0114985 0.0125
8 -0.378691 0.113839 0.0194487 0.0125
5 -0.344372 0.189931 0.0114993 0.0125
6 -0.374565 0.16581 0.0159981 0.0125
7 -0.378881 0.133632 0.0228139 0.0125
e_1_4 1 4 1 0.0125 -0.115389 0.24532 0.0173874 -0.703045 -0.0343439 0.692051 -0.160043 0.296131
e_4_5 4 5 2 0.0125 -0.301107 0.197652 0.0173878 -0.643517 0.0278649 0.752079 -0.139593 0.088682
e_5_6 5 6 3 0.0125 -0.359469 0.177871 0.0137488 -0.698404 -0.204015 0.632901 -0.264662 0.038906
e_6_7 6 7 4 0.0125 -0.376722 0.149721 0.0194058 -0.663678 -0.490565 0.395754 -0.40281 0.033174
e_7_8 7 8 5 0.0125 -0.378785 0.123735 0.0211315 -0.418924 -0.501718 0.576262 -0.490616 0.020078
e_8_2 8 2 6 0.0125 -0.378958 0.103016 0.015527 -0.30953 -0.424226 0.70024 -0.48362 0.023029
3 11 10
2 0.000268824 0.109963 0.0449027 0.0125
12 0.00397535 0.0902858 0.0455044 0.0125
11 0.0108727 0.076627 0.0325997 0.0125
10 0.0240337 0.0646104 0.0235005 0.0125
9 0.0356258 0.0499783 0.016145 0.0125
4 0.171103 -0.00927383 0.0361082 0.0125
1 0.387923 -0.135842 0.123117 0.0125
8 0.0499009 0.0366504 0.011509 0.0125
5 0.154355 -0.00205766 0.0242965 0.0125
6 0.112953 0.00965597 0.0192935 0.0125
7 0.0715919 0.0278031 0.0149064 0.0125
e_1_4 1 4 1 0.0125 0.279513 -0.0725578 0.0796121 0.480288 0.0540964 -0.812897 -0.324953 0.265709
e_4_5 4 5 2 0.0125 0.162729 -0.00566587 0.0302018 0.17524 0.623029 -0.619399 -0.444376 0.021727
e_5_6 5 6 3 0.0125 0.133654 0.00379943 0.0217947 0.556988 0.222344 -0.712961 -0.363338 0.043318
e_6_7 6 7 4 0.0125 0.0922722 0.0187296 0.0171 0.595364 0.051011 -0.738736 -0.311782 0.045379
e_7_8 7 8 5 0.0125 0.0607471 0.0322265 0.0132077 0.562795 0.111667 -0.747856 -0.333922 0.023671
e_8_9 8 9 6 0.0125 0.0427628 0.0433139 0.0138271 0.777618 -0.359465 -0.505286 -0.103835 0.020073
e_9_10 9 10 7 0.0125 0.0298295 0.0572947 0.0198225 0.825497 -0.422269 -0.371999 -0.0431411 0.020064
e_10_11 10 11 8 0.0125 0.0174532 0.0706187 0.0280501 0.846025 -0.300566 -0.426969 -0.107698 0.020011
e_11_12 11 12 9 0.0125 0.00742364 0.0834564 0.0390524 0.906734 -0.373357 -0.195587 -0.0135378 0.020016
e_12_2 12 2 10 0.0125 0.00212188 0.100125 0.0452041 0.656416 -0.709108 0.110345 0.232611 0.020033
4 11 10
2 0.0938032 -0.164113 0.0114948 0.0125
12 0.0838543 -0.149663 0.0233515 0.0125
11 0.069851 -0.135053 0.0232813 0.0125
10 0.0505028 -0.118301 0.0236912 0.0125
9 0.0319902 -0.114305 0.0314121 0.0125
4 -0.28422 -0.0337041 0.0428405 0.0125
1 -0.320016 0.00365127 0.0114943 0.0125
8 -0.0102941 -0.113797 0.0543304 0.0125
5 -0.256211 -0.0435824 0.0479218 0.0125
6 -0.156553 -0.043323 0.08006 0.0125
7 -0.0375401 -0.114569 0.0512318 0.0125
e_1_4 1 4 1 0.0125 -0.302118 -0.0150264 0.0271674 -0.636009 -0.0265947 -0.490109 0.595465 0.060493
e_4_5 4 5 2 0.0125 -0.270215 -0.0386439 0.045381 -0.563279 0.253001 -0.593019 0.516755 0.030131
e_5_6 5 6 3 0.0125 -0.206382 -0.0434531 0.0639909 -0.68935 0.308768 -0.5012 0.422205 0.104712
e_6_7 6 7 4 0.0125 -0.0970467 -0.0789461 0.0656459 -0.347198 0.336578 -0.698897 0.526984 0.141672
e_7_8 7 8 5 0.0125 -0.0239168 -0.114184 0.0527809 -0.623367 0.381417 -0.545937 0.409742 0.027433
e_8_9 8 9 6 0.0125 0.010848 -0.114052 0.0428711 -0.378317 0.570752 -0.642254 0.344423 0.048098
e_9_10 9 10 7 0.0125 0.0412463 -0.116304 0.027551 -0.371135 0.48923 -0.670373 0.416549 0.020452
e_10_11 10 11 8 0.0125 0.0601769 -0.126677 0.0234862 -0.375323 0.205566 -0.682455 0.592563 0.025596
e_11_12 11 12 9 0.0125 0.0768523 -0.142358 0.0233164 -0.354398 0.167951 -0.685611 0.613296 0.020237
e_12_2 12 2 10 0.0125 0.0888288 -0.156888 0.0174231 -0.0362332 0.44315 -0.763933 0.467666 0.021175
5 8 7
2 -0.332616 -0.0806274 0.0325784 0.0125
9 -0.290728 -0.0626629 0.0301845 0.0125
4 0.00539889 -0.184102 0.0344794 0.0125
1 0.0437329 -0.26341 0.0118877 0.0125
8 -0.23714 -0.0720097 0.0507974 0.0125
5 -0.0328499 -0.149578 0.056253 0.0125
6 -0.0838332 -0.0916745 0.0925141 0.0125
7 -0.103237 -0.0821143 0.0969349 0.0125
e_1_4 1 4 1 0.0125 0.0245661 -0.223756 0.023183 0.709438 -0.378178 -0.482459 -0.347724 0.090938
e_4_5 4 5 2 0.0125 -0.013726 -0.16684 0.0453659 0.803916 -0.248924 -0.493366 -0.219878 0.055937
e_5_6 5 6 3 0.0125 -0.0583416 -0.120626 0.0743835 0.812906 -0.291832 -0.449614 -0.22774 0.085246
e_6_7 6 7 4 0.0125 -0.093535 -0.0868944 0.0947245 0.747424 -0.120525 -0.620767 -0.203665 0.022078
e_7_8 7 8 5 0.0125 -0.170189 -0.0770618 0.0738667 0.562317 0.144764 -0.800943 -0.146057 0.141989
e_8_9 8 9 6 0.0125 -0.263934 -0.0673367 0.0404909 0.539187 0.121461 -0.813892 -0.179178 0.058172
e_9_2 9 2 7 0.0125 -0.311672 -0.0716448 0.0313816 0.723557 0.225407 -0.650361 0.0518353 0.04564
6 11 10
2 -0.240398 -0.14834 0.0130673 0.0125
12 -0.244555 -0.16945 0.0114425 0.0125
11 -0.255362 -0.190097 0.0118169 0.0125
10 -0.252861 -0.213085 0.0153169 0.0125
9 -0.245085 -0.233413 0.0180604 0.0125
4 -0.00570268 -0.271018 0.0395475 0.0125
1 0.137982 -0.287654 0.017253 0.0125
8 -0.23577 -0.250356 0.0124865 0.0125
5 -0.120019 -0.288501 0.0369345 0.0125
6 -0.14445 -0.282127 0.0216381 0.0125
7 -0.211855 -0.26521 0.0137734 0.0125
e_1_4 1 4 1 0.0125 0.0661396 -0.279336 0.0284009 0.05644 0.639347 -0.122752 -0.756956 0.146353
e_4_5 4 5 2 0.0125 -0.0628604 -0.27976 0.0382418 0.344743 0.668214 -0.254529 -0.60816 0.115674
e_5_6 5 6 3 0.0125 -0.132235 -0.285314 0.0292863 0.0392198 0.822762 -0.286609 -0.489265 0.029522
e_6_7 6 7 4 0.0125 -0.178153 -0.273669 0.0177059 -0.00559512 0.724867 -0.175456 -0.666147 0.069938
e_7_8 7 8 5 0.0125 -0.223813 -0.257784 0.0131305 -0.271032 0.714673 -0.109918 -0.635375 0.028182
e_8_9 8 9 6 0.0125 -0.240428 -0.241885 0.0152739 -0.693564 0.601159 -0.0102186 -0.396827 0.020122
e_9_10 9 10 7 0.0125 -0.248974 -0.223249 0.0166893 -0.567994 0.738883 -0.128793 -0.338891 0.021937
e_10_11 10 11 8 0.0125 -0.254111 -0.201592 0.013567 -0.619944 0.742042 -0.155624 -0.202051 0.023387
e_11_12 11 12 9 0.0125 -0.249958 -0.179774 0.0116301 -0.688415 0.68312 -0.203386 0.134413 0.023308
e_12_2 12 2 10 0.0125 -0.242476 -0.158895 0.0122549 -0.733162 0.665092 -0.141435 -0.0110546 0.021576
