6
1 10 9
2 -0.301875 0.00618413 0.029404 0.0125
11 -0.29957 -0.0135224 0.0265104 0.0125
10 -0.289186 -0.0305689 0.0248638 0.0125
9 -0.270722 -0.038821 0.0237946 0.0125
4 0.118313 0.0373559 0.0242244 0.0125
1 0.13068 0.0471959 0.0114099 0.0125
8 -0.247358 -0.0505207 0.0223695 0.0125
5 -0.15686 -0.0733827 0.0115345 0.0125
6 -0.203893 -0.0688761 0.0114112 0.0125
7 -0.226374 -0.0603681 0.0207177 0.0125
e_1_4 1 4 1 0.0125 0.124497 0.0422765 0.0178171 0.898488 0.234042 -0.360992 0.0873428 0.020346
e_4_5 4 5 2 0.0125 -0.0192725 -0.0180133 0.0178798 0.691458 0.247444 -0.678338 0.0227028 0.296891
e_5_6 5 6 3 0.0125 -0.180376 -0.0711296 0.0114735 0.696184 0.0516084 -0.706145 -0.118418 0.047249
e_6_7 6 7 4 0.0125 -0.215134 -0.0646227 0.0160645 0.805861 -0.0824012 -0.559189 -0.176367 0.025776
e_7_8 7 8 5 0.0125 -0.236866 -0.0554449 0.0215435 0.699966 -0.0969336 -0.674585 -0.21351 0.023239
e_8_9 8 9 6 0.0125 -0.25904 -0.0446708 0.0230823 0.691661 -0.106151 -0.679332 -0.221009 0.026168
e_9_10 9 10 7 0.0125 -0.279954 -0.0346945 0.0243293 0.694749 -0.0878162 -0.682564 -0.209089 0.020252
e_10_11 10 11 8 0.0125 -0.294378 -0.0220455 0.025687 0.642643 -0.333957 -0.589391 -0.357911 0.020028
e_11_2 11 2 9 0.0125 -0.300722 -0.00366852 0.0279572 0.621946 -0.490914 -0.432245 -0.430524 0.020051
2 10 9
2 0.0802113 -0.109518 0.0302129 0.0125
11 0.0610847 -0.113451 0.0249741 0.0125
10 0.0459082 -0.106223 0.0138807 0.0125
9 0.025798 -0.108801 0.0114974 0.0125
4 -0.234521 -0.038706 0.0657623 0.0125
1 -0.388502 -0.0301749 0.0546774 0.0125
8 0.00493947 -0.110779 0.0152992 0.0125
5 -0.104668 -0.0771304 0.0312282 0.0125
6 -0.076151 -0.0762775 0.0186354 0.0125
7 -0.0162063 -0.113068 0.0209538 0.0125
e_1_4 1 4 1 0.0125 -0.311511 -0.0344412 0.06022 -0.11799 0.665275 -0.146841 0.722444 0.154615
e_4_5 4 5 2 0.0125 -0.169595 -0.0579182 0.0484953 0.100534 0.783677 -0.0969679 0.605261 0.139752
e_5_6 5 6 3 0.0125 -0.0904092 -0.0767046 0.024932 -0.152079 0.811253 -0.20919 0.524385 0.031186
e_6_7 6 7 4 0.0125 -0.0461788 -0.0946729 0.0197954 0.416675 0.693754 0.0472526 0.585538 0.070371
e_7_8 7 8 5 0.0125 -0.00563375 -0.111924 0.0181261 -0.236956 0.759323 -0.227805 0.561592 0.022009
e_8_9 8 9 6 0.0125 0.0153689 -0.109791 0.0133988 -0.242301 0.73488 -0.221839 0.59332 0.021295
e_9_10 9 10 7 0.0125 0.0358538 -0.107512 0.0126891 -0.348212 0.622589 -0.23241 0.661148 0.020414
e_10_11 10 11 8 0.0125 0.0534965 -0.109837 0.0194281 0.705052 0.419474 0.220509 0.527559 0.02014
e_11_2 11 2 9 0.0125 0.070648 -0.111484 0.0275935 -0.492461 0.543536 -0.273899 0.622117 0.020218
3 10 9
2 0.0274523 -0.0172689 0.074532 0.0125
11 0.028956 -0.00114493 0.0627917 0.0125
10 0.0287456 0.0175059 0.0555627 0.0125
9 0.0201844 0.0303033 0.042789 0.0125
4 -0.114057 0.135435 0.0115994 0.0125
1 -0.319503 0.28813 0.0163544 0.0125
8 0.0110333 0.0459487 0.0342037 0.0125
5 -0.031582 0.0844836 0.0415089 0.0125
6 -0.0149854 0.0725909 0.0479666 0.0125
7 0.00185144 0.0627529 0.0403822 0.0125
e_1_4 1 4 1 0.0125 -0.21678 0.211783 0.0139776 -0.695155 -0.49314 -0.515846 -0.0864598 0.25602
e_4_5 4 5 2 0.0125 -0.0728189 0.109959 0.0265539 -0.634232 0.0648703 -0.590246 0.495127 0.101454
e_5_6 5 6 3 0.0125 -0.0232837 0.078537 0.0447384 -0.687251 -0.041698 -0.589459 0.422476 0.021414
e_6_7 6 7 4 0.0125 -0.00656727 0.0676723 0.0441749 0.264423 -0.434623 0.701684 -0.498822 0.020924
e_7_8 7 8 5 0.0125 0.00644236 0.0543508 0.0372929 -0.429578 -0.782752 0.202072 -0.402404 0.020121
e_8_9 8 9 6 0.0125 0.0156092 0.0381266 0.0384966 -0.807373 -0.361355 -0.394182 0.249382 0.020056
e_9_10 9 10 7 0.0125 0.0244649 0.0239054 0.0491762 -0.78945 -0.19258 -0.379041 0.442731 0.020006
e_10_11 10 11 8 0.0125 0.028851 0.00818093 0.059177 -0.811808 -0.554852 -0.107035 0.147145 0.020003
e_11_2 11 2 9 0.0125 0.0282042 -0.00920663 0.0686612 -0.83543 -0.438988 -0.117449 0.309115 0.020002
4 11 10
2 0.318592 0.0690236 0.0638572 0.0125
12 0.321693 0.0503113 0.0701989 0.0125
11 0.318192 0.0312342 0.0653194 0.0125
10 0.305601 0.0173494 0.0583418 0.0125
9 0.288607 0.00970653 0.0510677 0.0125
4 0.039881 -0.21611 0.034004 0.0125
1 0.00811918 -0.267535 0.0114962 0.0125
8 0.270387 0.00352985 0.0455993 0.0125
5 0.227472 -0.0156256 0.0114937 0.0125
6 0.237942 -0.0032973 0.023262 0.0125
7 0.254159 0.000915049 0.0342014 0.0125
e_1_4 1 4 1 0.0125 0.024 -0.241823 0.0227498 -0.337789 0.472927 0.319147 0.748588 0.064497
e_4_5 4 5 2 0.0125 0.133677 -0.115868 0.0227489 -0.0215136 0.519268 0.520782 0.677262 0.275484
e_5_6 5 6 3 0.0125 0.232707 -0.00946158 0.0173774 -0.296068 0.391891 0.228604 0.840539 0.020002
e_6_7 6 7 4 0.0125 0.24605 -0.00119127 0.0287313 0.717914 0.168412 0.445292 0.507889 0.02001
e_7_8 7 8 5 0.0125 0.262272 0.00222293 0.0399003 0.806462 0.122406 0.447325 0.366792 0.020003
e_8_9 8 9 6 0.0125 0.279496 0.00661852 0.048333 0.51282 0.312954 0.515112 0.611339 0.02
e_9_10 9 10 7 0.0125 0.297103 0.0135278 0.0547046 0.441557 0.311017 0.470603 0.697731 0.020004
e_10_11 10 11 8 0.0125 0.311897 0.0242913 0.0618305 -0.112623 0.437604 0.366125 0.813493 0.02
e_11_12 11 12 9 0.0125 0.319942 0.0407723 0.0677592 -0.600671 0.532497 0.30733 0.511067 0.02
e_12_2 12 2 10 0.0125 0.320143 0.0596676 0.0670284 -0.51225 0.638007 0.50151 0.281131 0.02
5 6 5
2 -0.0115796 0.220557 0.0124953 0.0125
7 -0.0170032 0.212742 0.0350573 0.0125
6 -0.00340515 0.189116 0.0579998 0.0125
5 0.0207485 0.162551 0.0666028 0.0125
1 0.165873 -0.207435 0.048571 0.0125
4 0.0646671 -0.0332318 0.0481404 0.0125
e_1_4 1 4 1 0.0125 0.11527 -0.120333 0.0483562 -0.677272 0.485889 0.514761 0.200587 0.201469
e_4_5 4 5 2 0.0125 0.0427079 0.0646602 0.0573715 -0.726957 0.620759 0.262382 0.131708 0.201496
e_5_6 5 6 3 0.0125 0.00867116 0.175834 0.062302 -0.564154 0.311391 0.720792 0.255392 0.036921
e_6_7 6 7 4 0.0125 -0.0102045 0.20093 0.0465291 -0.223545 0.0327406 0.906029 0.357865 0.035629
e_7_2 7 2 5 0.0125 -0.0142917 0.21665 0.0237769 0.193644 -0.667884 0.717395 0.0421593 0.024486
6 11 10
2 0.215507 -0.112776 0.0114953 0.0125
12 0.202227 -0.122501 0.0228608 0.0125
11 0.190767 -0.132543 0.0358879 0.0125
10 0.182056 -0.131487 0.05389 0.0125
9 0.169178 -0.128281 0.0688634 0.0125
4 0.0556491 0.102606 0.0199747 0.0125
1 0.0236695 0.220163 0.0122495 0.0125
8 0.154131 -0.126503 0.0821283 0.0125
5 0.0862142 0.00613187 0.054976 0.0125
6 0.134982 -0.0887156 0.107103 0.0125
7 0.148064 -0.115268 0.0991219 0.0125
e_1_4 1 4 1 0.0125 0.0396588 0.161384 0.0161121 0.727667 0.670444 0.137334 0.0463129 0.122074
e_4_5 4 5 2 0.0125 0.0709312 0.0543686 0.0374758 0.813482 0.561166 0.147172 0.0409777 0.107082
e_5_6 5 6 3 0.0125 0.110597 -0.041292 0.0810397 0.847788 0.462548 0.257858 -0.0285376 0.118709
e_6_7 6 7 4 0.0125 0.141522 -0.101992 0.103113 0.531063 0.450907 0.653349 -0.296295 0.030658
e_7_8 7 8 5 0.0125 0.151098 -0.120886 0.0906244 -0.247446 -0.933442 0.168569 -0.197589 0.021256
e_8_9 8 9 6 0.0125 0.161654 -0.127393 0.0754963 0.20696 -0.729164 0.545598 -0.357504 0.020137
e_9_10 9 10 7 0.0125 0.175617 -0.129884 0.0613774 0.106021 -0.798312 0.486691 -0.33851 0.020009
e_10_11 10 11 8 0.0125 0.186412 -0.132016 0.0448892 0.0332274 -0.939344 0.259027 -0.222338 0.020027
e_11_12 11 12 9 0.0125 0.196496 -0.127522 0.0293741 0.364294 -0.857209 0.300166 -0.205873 0.020048
e_12_2 12 2 10 0.0125 0.208866 -0.117638 0.0171783 0.402493 -0.810139 0.357466 -0.232147 0.020002
