6
1 7 6
2 -0.00294501 0.0729469 0.0432939 0.0125
4 0.0704095 -0.0723827 0.0114939 0.0125
1 0.388502 -0.114221 0.0806013 0.0125
8 0.000652032 0.0417042 0.0347954 0.0125
5 0.0345408 -0.0350784 0.0208289 0.0125
6 0.0277683 -0.0118339 0.0294956 0.0125
7 0.0133096 0.024814 0.0352781 0.0125
e_1_4 1 4 1 0.0125 0.229456 -0.0933014 0.0460474 0.516143 0.356439 -0.691546 -0.358206 0.32819
e_4_5 4 5 2 0.0125 0.0524752 -0.0537301 0.0161615 0.648981 -0.628106 -0.129307 0.409374 0.052586
e_5_6 5 6 3 0.0125 0.031155 -0.0234562 0.0251624 0.720913 -0.563362 0.118773 0.385746 0.025715
e_6_7 6 7 4 0.0125 0.0205394 0.00648996 0.032387 0.611101 -0.632616 0.164893 0.446276 0.039819
e_7_8 7 8 5 0.0125 0.00698064 0.0332591 0.0350372 0.488443 -0.706695 0.109658 0.499981 0.021112
e_8_2 8 2 6 0.0125 -0.00114704 0.0573252 0.0390445 0.687823 -0.557897 0.241475 0.396662 0.032577
2 8 7
2 -0.00861527 -0.374344 0.227854 0.0125
9 0.0145371 -0.35058 0.222814 0.0125
4 0.0567391 -0.133962 0.0839474 0.0125
1 0.0579904 0.045137 0.0114972 0.0125
8 0.0302522 -0.337335 0.222312 0.0125
5 0.0512888 -0.259733 0.186514 0.0125
6 0.0459382 -0.285199 0.208569 0.0125
7 0.0412019 -0.304255 0.213595 0.0125
e_1_4 1 4 1 0.0125 0.0573646 -0.0444123 0.0477216 -0.821829 -0.554584 -0.0702749 0.109978 0.193202
e_4_5 4 5 2 0.0125 0.0540144 -0.196847 0.13523 -0.894515 -0.427199 -0.0410067 0.125149 0.162382
e_5_6 5 6 3 0.0125 0.0486131 -0.272465 0.197542 -0.893796 -0.420124 0.0142957 0.156272 0.034112
e_6_7 6 7 4 0.0125 0.0435702 -0.294727 0.211083 -0.773081 -0.612806 0.0225556 0.16219 0.020269
e_7_8 7 8 5 0.0125 0.0357276 -0.320795 0.217953 -0.767413 -0.612907 0.0548194 0.180046 0.035919
e_8_9 8 9 6 0.0125 0.0223946 -0.343957 0.222563 -0.648089 -0.63414 0.292644 0.303656 0.020559
e_9_2 9 2 7 0.0125 0.00296076 -0.362462 0.225333 -0.703774 -0.60274 0.248246 0.282453 0.033557
3 10 9
2 0.032759 0.334042 0.216076 0.0125
11 0.0479032 0.318353 0.219164 0.0125
10 0.06121 0.30126 0.214425 0.0125
9 0.0750725 0.281937 0.202145 0.0125
4 0.103118 -0.00664344 0.04536 0.0125
1 0.140275 -0.0962949 0.0507956 0.0125
8 0.0768283 0.267081 0.185067 0.0125
5 0.0989849 0.0186947 0.0550915 0.0125
6 0.0782051 0.232663 0.162927 0.0125
7 0.0789982 0.248953 0.175285 0.0125
e_1_4 1 4 1 0.0125 0.121697 -0.0514692 0.048078 0.685207 -0.64907 -0.326601 -0.0502994 0.097198
e_4_5 4 5 2 0.0125 0.101052 0.00602531 0.0502263 0.815001 -0.542669 -0.168222 -0.113953 0.027456
e_5_6 5 6 3 0.0125 0.0885944 0.125678 0.10901 0.841337 -0.509163 -0.128708 -0.127827 0.240506
e_6_7 6 7 4 0.0125 0.0786016 0.240808 0.169106 0.882486 -0.441696 -0.054232 -0.15226 0.020462
e_7_8 7 8 5 0.0125 0.0779134 0.258016 0.180176 0.84903 -0.495941 -0.133875 -0.123565 0.020714
e_8_9 8 9 6 0.0125 0.0759507 0.274509 0.193605 0.928047 -0.341203 -0.0864461 -0.121802 0.022702
e_9_10 9 10 7 0.0125 0.0681411 0.291598 0.208284 0.853698 -0.413728 -0.315308 -0.0246737 0.026765
e_10_11 10 11 8 0.0125 0.0545568 0.309807 0.216794 0.779015 -0.494145 -0.385948 -0.00127023 0.022174
e_11_2 11 2 9 0.0125 0.0403317 0.326198 0.21762 0.65434 -0.575434 -0.488856 0.0416468 0.022023
4 6 5
2 -0.0831205 -0.143133 0.0113086 0.0125
7 -0.121629 -0.0479283 0.0151109 0.0125
6 -0.133888 -0.00484797 0.0124735 0.0125
5 -0.151889 0.00757447 0.014719 0.0125
1 -0.388516 0.23581 0.0247028 0.0125
4 -0.351201 0.192209 0.0124674 0.0125
e_1_4 1 4 1 0.0125 -0.369858 0.214009 0.0185852 0.520792 0.772438 0.087133 0.352878 0.058679
e_4_5 4 5 2 0.0125 -0.251545 0.0998907 0.0135935 0.61572 0.672238 0.209657 0.353595 0.271699
e_5_6 5 6 3 0.0125 -0.142888 0.00136285 0.013596 0.550072 0.695003 0.260863 0.382547 0.021986
e_6_7 6 7 4 0.0125 -0.127759 -0.0263884 0.0137916 0.679592 0.68335 -0.060308 0.259904 0.044869
e_7_2 7 2 5 0.0125 -0.102375 -0.0955305 0.0132091 0.631884 0.719447 -0.0299755 0.286741 0.102768
5 10 9
2 -0.0604901 -0.288505 0.11729 0.0125
11 -0.0658313 -0.275539 0.102876 0.0125
10 -0.0733329 -0.257566 0.0978562 0.0125
9 -0.0801544 -0.239297 0.0912656 0.0125
4 -0.125768 -0.123096 0.0124786 0.0125
1 -0.262443 0.120621 0.0418309 0.0125
8 -0.0831591 -0.224285 0.075174 0.0125
5 -0.112292 -0.173268 0.0164465 0.0125
6 -0.0950453 -0.198314 0.0446666 0.0125
7 -0.0857299 -0.21008 0.0589714 0.0125
e_1_4 1 4 1 0.0125 -0.194105 -0.00123727 0.0271547 -0.147707 0.211446 -0.712409 0.652646 0.280962
e_4_5 4 5 2 0.0125 -0.119029 -0.148182 0.0144629 -0.0658076 0.116696 -0.669554 0.730581 0.0521
e_5_6 5 6 3 0.0125 -0.103669 -0.185791 0.0305565 -0.230568 0.136647 -0.375791 0.887101 0.041486
e_6_7 6 7 4 0.0125 -0.0903875 -0.204197 0.0518195 -0.251268 0.150697 -0.363738 0.884222 0.020733
e_7_8 7 8 5 0.0125 -0.0844444 -0.217183 0.0670732 -0.108587 0.0222675 -0.355235 0.928181 0.021701
e_8_9 8 9 6 0.0125 -0.0816563 -0.231791 0.0832198 -0.110215 0.0291271 -0.370002 0.92201 0.02221
e_9_10 9 10 7 0.0125 -0.0767432 -0.248431 0.0945609 -0.121578 0.11991 -0.570556 0.803309 0.020584
e_10_11 10 11 8 0.0125 -0.0695821 -0.266552 0.100366 -0.130506 0.139355 -0.596478 0.779591 0.020112
e_11_2 11 2 9 0.0125 -0.0631614 -0.282022 0.110083 -0.167675 0.0780111 -0.368158 0.911186 0.02011
6 7 6
2 -0.0400181 -0.152068 0.0125024 0.0125
4 0.0345824 -0.0191455 0.0557257 0.0125
1 0.186081 0.234525 0.20272 0.0125
8 -0.0422134 -0.131699 0.0125894 0.0125
5 -0.0129864 -0.0704477 0.0265186 0.0125
6 -0.026195 -0.0854231 0.0226053 0.0125
7 -0.0446233 -0.111146 0.0153688 0.0125
e_1_4 1 4 1 0.0125 0.110331 0.10769 0.129223 0.462268 0.849479 -0.0331139 -0.252187 0.330012
e_4_5 4 5 2 0.0125 0.010798 -0.0447961 0.0411217 0.551728 0.551647 -0.623143 0.054534 0.075813
e_5_6 5 6 3 0.0125 -0.019591 -0.0779357 0.0245616 0.628635 0.498079 -0.589984 0.0930247 0.020348
e_6_7 6 7 4 0.0125 -0.0354092 -0.0982854 0.0189868 0.623226 0.643944 -0.443614 -0.0114865 0.03246
e_7_8 7 8 5 0.0125 -0.043419 -0.121423 0.0139792 0.622089 0.677706 0.327538 -0.215496 0.020879
e_8_2 8 2 6 0.0125 -0.0411152 -0.141884 0.0125456 0.68438 0.664847 0.245161 -0.171754 0.020487
