3
1 6 5
2 0.387635 0.0153245 0.0318971 0.0125
7 0.361345 -0.00112062 0.0162674 0.0125
6 0.335419 -0.00353399 0.0132634 0.0125
5 0.0834675 -0.0464495 0.0114767 0.0125
1 -0.0818834 -0.0598722 0.0741449 0.0125
4 0.0313263 -0.0660233 0.0155229 0.0125
e_1_4 1 4 1 0.0125 -0.0252786 -0.0629477 0.0448339 0.514933 -0.0723551 0.851124 -0.0720867 0.127636
e_4_5 4 5 2 0.0125 0.0573972 -0.056236 0.0134991 0.680531 -0.282817 0.675458 -0.0254724 0.055841
e_5_6 5 6 3 0.0125 0.209444 -0.0249918 0.0123699 0.70803 -0.163873 0.685309 -0.0467974 0.255586
e_6_7 6 7 4 0.0125 0.348382 -0.00232693 0.0147647 0.744559 -0.109578 0.656269 -0.0541813 0.026211
e_7_2 7 2 5 0.0125 0.374491 0.00710189 0.0240821 0.85145 -0.282843 0.441529 -0.00915462 0.034726
2 10 9
2 -0.0646284 0.172339 0.0523208 0.0125
11 -0.0522585 0.158444 0.0449542 0.0125
10 -0.0432979 0.140767 0.0478433 0.0125
9 -0.0317502 0.124461 0.0493497 0.0125
4 0.195166 -0.0902606 0.0131474 0.0125
1 0.281328 -0.156493 0.0178431 0.0125
8 -0.0215894 0.106211 0.0635378 0.0125
5 0.0577684 0.0148818 0.0630123 0.0125
6 0.0459904 0.0290737 0.0714679 0.0125
7 0.00933922 0.0694025 0.0554463 0.0125
e_1_4 1 4 1 0.0125 0.238247 -0.123377 0.0154958 0.689799 -0.48111 -0.538625 0.0509285 0.108778
e_4_5 4 5 2 0.0125 0.126467 -0.0376898 0.0380793 0.796336 -0.40345 -0.445819 0.0657438 0.180054
e_5_6 5 6 3 0.0125 0.0518799 0.0219774 0.0672395 0.837596 -0.447371 -0.302461 0.0825236 0.020289
e_6_7 6 7 4 0.0125 0.0276648 0.0492382 0.0634566 0.596912 -0.6367 -0.485432 0.0516172 0.056801
e_7_8 7 8 5 0.0125 -0.00612448 0.0878066 0.0594919 0.760014 -0.531943 -0.366143 0.0731699 0.048755
e_8_9 8 9 6 0.0125 -0.0266697 0.115336 0.0564437 0.464597 -0.81848 -0.333207 0.0566831 0.02525
e_9_10 9 10 7 0.0125 -0.037524 0.132614 0.0485964 0.676464 -0.63842 -0.360581 0.0692656 0.020037
e_10_11 10 11 8 0.0125 -0.0477776 0.149605 0.0463987 0.649595 -0.710175 -0.260316 0.0768959 0.020028
e_11_2 11 2 9 0.0125 -0.0584435 0.165391 0.0486375 0.823294 -0.453637 -0.33188 0.0790981 0.020008
3 11 10
2 0.388514 0.0510895 0.078656 0.0125
12 0.370675 0.0523676 0.0691425 0.0125
11 0.353871 0.0439544 0.0606656 0.0125
10 0.338747 0.0309733 0.0643811 0.0125
9 0.323022 0.0166928 0.0684444 0.0125
4 0.248288 -0.145667 0.039285 0.0125
1 0.109819 -0.288522 0.1591 0.0125
8 0.308003 -0.0109452 0.0602629 0.0125
5 0.276492 -0.0769678 0.0458963 0.0125
6 0.278718 -0.0519158 0.0476728 0.0125
7 0.298139 -0.0321122 0.0529137 0.0125
e_1_4 1 4 1 0.0125 0.179053 -0.217095 0.0991921 0.148899 0.388323 0.779203 0.46891 0.232243
e_4_5 4 5 2 0.0125 0.26239 -0.111317 0.04259 0.0588484 0.205748 0.642908 0.735441 0.074558
e_5_6 5 6 3 0.0125 0.277605 -0.0644414 0.0467846 -0.0835847 0.137502 0.667726 0.726808 0.025213
e_6_7 6 7 4 0.0125 0.288428 -0.0420143 0.0502935 0.244312 0.279133 0.573809 0.730164 0.028228
e_7_8 7 8 5 0.0125 0.303071 -0.021529 0.0565887 0.105295 0.177696 0.564202 0.799383 0.024481
e_8_9 8 9 6 0.0125 0.315512 0.00287382 0.0643537 0.12747 0.201664 0.577474 0.780773 0.032502
e_9_10 9 10 7 0.0125 0.330885 0.0238334 0.0664124 0.222521 0.353668 0.684741 0.597104 0.021627
e_10_11 10 11 8 0.0125 0.346309 0.0374637 0.0625229 0.23461 0.358983 0.680259 0.594421 0.020274
e_11_12 11 12 9 0.0125 0.362273 0.0481609 0.0649036 0.406621 0.30695 0.447418 0.735022 0.020616
e_12_2 12 2 10 0.0125 0.379595 0.0517289 0.0738994 0.602992 0.390966 0.335166 0.60927 0.020258
