3
1 6 5
2 0.268827 0.220889 0.0114965 0.0125
7 0.275622 0.203877 0.0198974 0.0125
6 0.279596 0.182143 0.018052 0.0125
5 0.282649 0.155586 0.0157698 0.0125
1 -0.091062 -0.0474433 0.011525 0.0125
4 0.272853 0.135364 0.0224757 0.0125
e_1_4 1 4 1 0.0125 0.0908958 0.0439604 0.0169997 -0.263211 -0.464724 -0.520186 -0.666452 0.407397
e_4_5 4 5 2 0.0125 0.277751 0.145476 0.0191223 0.164713 -0.53498 -0.597314 -0.574353 0.023449
e_5_6 5 6 3 0.0125 0.281123 0.168865 0.0169105 0.421011 -0.32068 -0.595501 -0.604394 0.026829
e_6_7 6 7 4 0.0125 0.277609 0.19301 0.0189747 0.472105 -0.333789 -0.589046 -0.564558 0.022171
e_7_2 7 2 5 0.0125 0.272224 0.212383 0.0156967 0.52763 -0.697394 -0.471239 -0.114814 0.020153
2 11 10
2 0.129947 0.0522045 0.0429012 0.0125
12 0.111487 0.0603945 0.0415191 0.0125
11 0.0919837 0.0632201 0.0451286 0.0125
10 0.0739224 0.0552559 0.0407001 0.0125
9 0.0546693 0.0579289 0.0358294 0.0125
4 -0.0399096 0.04618 0.0341705 0.0125
1 -0.2888 -0.139511 0.0124585 0.0125
8 0.0397006 0.0530477 0.0230122 0.0125
5 -0.0166998 0.0427861 0.0358273 0.0125
6 0.000263138 0.0414105 0.0228391 0.0125
7 0.0175364 0.0517311 0.0192976 0.0125
e_1_4 1 4 1 0.0125 -0.164355 -0.0466655 0.0233136 0.614099 -0.0455771 0.680477 0.397185 0.311286
e_4_5 4 5 2 0.0125 -0.0283049 0.044483 0.0349982 0.681984 0.336124 0.593119 0.264816 0.023515
e_5_6 5 6 3 0.0125 -0.00821831 0.0420979 0.0293328 0.38136 0.518249 0.73127 0.226334 0.021408
e_6_7 6 7 4 0.0125 0.00889976 0.0465708 0.0210684 0.516394 0.0761213 0.762149 0.382978 0.020431
e_7_8 7 8 5 0.0125 0.0286191 0.0523897 0.0211554 0.699703 0.222471 0.606639 0.304815 0.022512
e_8_9 8 9 6 0.0125 0.0471856 0.0554885 0.0294213 0.848301 0.0150675 0.429068 0.309934 0.020302
e_9_10 9 10 7 0.0125 0.0642957 0.0565922 0.0382656 0.741668 0.286185 0.544586 0.267307 0.020039
e_10_11 10 11 8 0.0125 0.0829538 0.0592376 0.0429141 0.692115 0.0410025 0.623597 0.361141 0.02023
e_11_12 11 12 9 0.0125 0.101736 0.0618072 0.0433233 0.586762 0.405113 0.652653 0.256198 0.020034
e_12_2 12 2 10 0.0125 0.120717 0.0562998 0.0422106 0.700869 0.442303 0.519834 0.207179 0.020243
3 8 7
2 0.270015 0.143951 0.0614032 0.0125
9 0.258666 0.127549 0.0592925 0.0125
4 -0.132009 0.146988 0.0373007 0.0125
1 -0.189201 0.150497 0.0121847 0.0125
8 0.249652 0.109015 0.0577029 0.0125
5 0.195226 0.0822829 0.0511166 0.0125
6 0.215513 0.0871958 0.0486641 0.0125
7 0.230942 0.100135 0.0532285 0.0125
e_1_4 1 4 1 0.0125 -0.160605 0.148743 0.0247431 0.8269 -0.0518725 0.54459 -0.130257 0.062563
e_4_5 4 5 2 0.0125 0.0316088 0.114636 0.0442086 0.700473 -0.0327385 0.691548 -0.173286 0.333857
e_5_6 5 6 3 0.0125 0.20537 0.0847389 0.0498905 0.647721 -0.333927 0.66846 -0.148703 0.021017
e_6_7 6 7 4 0.0125 0.223228 0.0936656 0.050946 0.777592 -0.446012 0.436507 -0.0767102 0.020647
e_7_8 7 8 5 0.0125 0.240297 0.104575 0.0554654 0.770771 -0.344872 0.524874 -0.107162 0.021188
e_8_9 8 9 6 0.0125 0.254159 0.118282 0.058497 0.733437 -0.620082 0.277529 -0.0233592 0.02067
e_9_2 9 2 7 0.0125 0.264341 0.13575 0.0603485 0.742007 -0.572058 0.346632 -0.0449613 0.020058
