3
1 10 9
2 0.388233 0.0494183 0.0562639 0.0125
11 0.369881 0.0443959 0.0478113 0.0125
10 0.356326 0.0290805 0.0459976 0.0125
9 0.333679 0.0189866 0.034285 0.0125
4 0.156497 -0.106606 0.0128262 0.0125
1 0.0652732 -0.28755 0.0124142 0.0125
8 0.309488 0.00900161 0.0256868 0.0125
5 0.236103 -0.0599933 0.0366778 0.0125
6 0.271385 -0.0312228 0.0238696 0.0125
7 0.28529 -0.00702744 0.0181738 0.0125
e_1_4 1 4 1 0.0125 0.110885 -0.197078 0.0126195 -0.454888 0.649 0.278897 0.542304 0.20264
e_4_5 4 5 2 0.0125 0.1963 -0.0832991 0.0247519 -0.337738 0.609848 0.0540393 0.714911 0.095283
e_5_6 5 6 3 0.0125 0.253744 -0.0456076 0.0302741 -0.253907 0.772333 0.197271 0.547829 0.047293
e_6_7 6 7 4 0.0125 0.278338 -0.0191246 0.0210221 -0.386806 0.716092 0.295302 0.50039 0.028481
e_7_8 7 8 5 0.0125 0.297389 0.000987086 0.0219303 -0.35598 0.607869 0.0721156 0.706096 0.029982
e_8_9 8 9 6 0.0125 0.321583 0.0139943 0.0299865 -0.310314 0.586463 -0.000996827 0.748175 0.027547
e_9_10 9 10 7 0.0125 0.345003 0.024034 0.0401408 -0.355793 0.535138 -0.00829002 0.76614 0.027422
e_10_11 10 11 8 0.0125 0.363104 0.0367376 0.0469044 -0.39834 0.649623 0.18389 0.620886 0.020532
e_11_2 11 2 9 0.0125 0.379057 0.0469071 0.0520371 -0.301274 0.542253 -0.0546134 0.78244 0.02082
2 11 10
2 0.257868 0.287592 0.0929213 0.0125
12 0.25837 0.279783 0.0744329 0.0125
11 0.258183 0.270967 0.0564467 0.0125
10 0.257039 0.262389 0.0383528 0.0125
9 0.247536 0.253052 0.02335 0.0125
4 0.182333 0.157313 0.0501237 0.0125
1 -0.0704517 0.029343 0.0122994 0.0125
8 0.243898 0.235771 0.0135919 0.0125
5 0.203223 0.169323 0.0479214 0.0125
6 0.225658 0.195757 0.0380538 0.0125
7 0.235549 0.217567 0.0147033 0.0125
e_1_4 1 4 1 0.0125 0.055941 0.093328 0.0312111 0.400142 -0.655873 0.0605702 -0.63722 0.285845
e_4_5 4 5 2 0.0125 0.192778 0.163319 0.0490227 0.373658 -0.736988 0.0484894 -0.561139 0.024196
e_5_6 5 6 3 0.0125 0.21444 0.18254 0.042988 0.432195 -0.796235 -0.0536304 -0.419929 0.036048
e_6_7 6 7 4 0.0125 0.230604 0.206662 0.0263789 0.337263 -0.917404 -0.0861884 -0.192859 0.033448
e_7_8 7 8 5 0.0125 0.239724 0.226669 0.0141476 0.553287 -0.711222 -0.147856 -0.407646 0.020057
e_8_9 8 9 6 0.0125 0.245717 0.244411 0.018471 0.69295 -0.462206 -0.211072 -0.511503 0.020177
e_9_10 9 10 7 0.0125 0.252288 0.25772 0.0308518 0.580482 -0.353122 -0.037796 -0.732746 0.020064
e_10_11 10 11 8 0.0125 0.257611 0.266678 0.0474001 0.682799 -0.174415 -0.136065 -0.696313 0.020057
e_11_12 11 12 9 0.0125 0.258277 0.275375 0.0654399 0.697484 -0.165106 -0.154287 -0.680038 0.020031
e_12_2 12 2 10 0.0125 0.258119 0.283688 0.0836767 0.694561 -0.131605 -0.14906 -0.691409 0.020076
3 10 9
2 -0.0281937 -0.016482 0.0918616 0.0125
11 -0.0328457 -0.011994 0.0721567 0.0125
10 -0.0305445 0.0018473 0.0573049 0.0125
9 -0.0153026 0.00798738 0.0399564 0.0125
4 0.277549 0.0528845 0.011603 0.0125
1 0.387046 0.0624412 0.0255648 0.0125
8 -0.00151361 0.00386202 0.0250495 0.0125
5 0.125006 0.0191144 0.0493512 0.0125
6 0.0490881 0.00340493 0.0115195 0.0125
7 0.0159533 -0.00554655 0.016001 0.0125
e_1_4 1 4 1 0.0125 0.332298 0.0576628 0.0185845 0.59741 -0.261063 -0.703456 0.283014 0.110797
e_4_5 4 5 2 0.0125 0.201277 0.0359992 0.0304775 0.777985 0.217136 -0.579161 -0.110293 0.160731
e_5_6 5 6 3 0.0125 0.0870474 0.0112592 0.0304352 -0.000201678 -0.830571 -0.171549 0.529832 0.086265
e_6_7 6 7 4 0.0125 0.0325202 -0.00107101 0.0137601 0.744692 0.255956 -0.608073 -0.100834 0.034614
e_7_8 7 8 5 0.0125 0.00721982 -0.000842268 0.0205253 0.838845 -0.290741 -0.456068 0.0617299 0.021806
e_8_9 8 9 6 0.0125 -0.00840791 0.00592529 0.0325033 0.916155 -0.0508613 -0.371085 -0.142719 0.020721
e_9_10 9 10 7 0.0125 -0.0229233 0.00491816 0.0486305 0.865454 0.253631 -0.269571 -0.337628 0.023896
e_10_11 10 11 8 0.0125 -0.0316951 -0.00507336 0.0647308 0.734569 0.325277 0.175339 -0.569086 0.020431
e_11_2 11 2 9 0.0125 -0.03052 -0.0142376 0.0820093 0.871328 0.0432385 0.151781 -0.464629 0.020739
