3
1 10 9
2 0.156078 0.231265 0.0703345 0.0125
11 0.140284 0.224114 0.0602008 0.0125
10 0.133461 0.222363 0.041458 0.0125
9 0.130875 0.215864 0.0223318 0.0125
4 -0.0340461 -0.034762 0.0115322 0.0125
1 -0.0506142 -0.166315 0.011495 0.0125
8 0.12961 0.198392 0.0114962 0.0125
5 0.093797 0.140853 0.019465 0.0125
6 0.110618 0.15898 0.0175618 0.0125
7 0.120453 0.178576 0.0144291 0.0125
e_1_4 1 4 1 0.0125 -0.0423301 -0.100538 0.0115139 0.662531 -0.626249 0.32813 0.247376 0.132593
e_4_5 4 5 2 0.0125 0.0298754 0.0530453 0.0154986 0.671705 -0.376636 0.583008 0.258957 0.217365
e_5_6 5 6 3 0.0125 0.102208 0.149917 0.0185136 0.624968 -0.298973 0.670071 0.266523 0.024802
e_6_7 6 7 4 0.0125 0.115535 0.168778 0.0159957 0.588132 -0.456741 0.601747 0.288771 0.022148
e_7_8 7 8 5 0.0125 0.125031 0.188484 0.0129623 0.591978 -0.476252 0.582899 0.288053 0.022024
e_8_9 8 9 6 0.0125 0.130242 0.207127 0.0169143 0.863349 -0.474528 0.108624 0.132861 0.020599
e_9_10 9 10 7 0.0125 0.132168 0.219114 0.0318946 0.984117 -0.159817 0.0698616 0.0330443 0.020365
e_10_11 10 11 8 0.0125 0.136873 0.223239 0.0508297 0.983332 -0.0386025 0.174589 0.0329659 0.020023
e_11_2 11 2 9 0.0125 0.148181 0.227689 0.065268 0.85356 -0.121437 0.482636 0.154116 0.020081
2 11 10
2 -0.155674 -0.112709 0.0279685 0.0125
12 -0.140042 -0.118398 0.0164264 0.0125
11 -0.120193 -0.119403 0.0140843 0.0125
10 -0.100308 -0.1205 0.0116521 0.0125
9 -0.0836074 -0.118744 0.0243573 0.0125
4 0.122446 0.129165 0.0123443 0.0125
1 0.173193 0.179563 0.0376623 0.0125
8 -0.066391 -0.109696 0.029884 0.0125
5 0.0104655 -0.0684903 0.0208955 0.0125
6 -0.00628106 -0.0912568 0.0320186 0.0125
7 -0.0388721 -0.10511 0.0376734 0.0125
e_1_4 1 4 1 0.0125 0.147819 0.154364 0.0250033 -0.0923437 -0.664021 -0.47532 0.569754 0.07587
e_4_5 4 5 2 0.0125 0.0664562 0.0303373 0.0166196 -0.310185 -0.568518 -0.397466 0.650072 0.227333
e_5_6 5 6 3 0.0125 0.0020922 -0.0798735 0.026457 -0.35112 -0.494613 -0.268801 0.748211 0.030373
e_6_7 6 7 4 0.0125 -0.022577 -0.0981838 0.0348456 -0.00180073 -0.597852 -0.252454 0.760813 0.035861
e_7_8 7 8 5 0.0125 -0.052631 -0.107403 0.0337781 0.210489 -0.690963 -0.396264 0.56678 0.028966
e_8_9 8 9 6 0.0125 -0.0749993 -0.114219 0.027121 0.0440599 -0.677294 -0.42184 0.601151 0.020219
e_9_10 9 10 7 0.0125 -0.0919571 -0.119621 0.0180048 0.22569 -0.720181 -0.531988 0.383917 0.021057
e_10_11 10 11 8 0.0125 -0.11025 -0.119951 0.0128682 0.285638 -0.625738 -0.21876 0.692103 0.020063
e_11_12 11 12 9 0.0125 -0.130118 -0.1189 0.015255 0.283811 -0.626641 -0.220934 0.691347 0.020012
e_12_2 12 2 10 0.0125 -0.147857 -0.115553 0.0221971 0.218811 -0.461344 0.0460355 0.858583 0.020247
3 6 5
2 0.248556 -0.164983 0.13645 0.0125
7 0.227001 -0.172111 0.109554 0.0125
6 0.174316 -0.161058 0.0633547 0.0125
5 -0.0103909 -0.145274 0.0398307 0.0125
1 -0.216007 -0.150984 0.0214891 0.0125
4 -0.0585665 -0.140705 0.0343958 0.0125
e_1_4 1 4 1 0.0125 -0.137286 -0.145845 0.0279429 0.31026 0.594466 0.325331 0.666714 0.158302
e_4_5 4 5 2 0.0125 -0.0344784 -0.142991 0.0371135 0.406179 0.590668 0.308727 0.625154 0.048696
e_5_6 5 6 3 0.0125 0.0819624 -0.153167 0.0515929 0.409634 0.582598 0.312465 0.628605 0.186866
e_6_7 6 7 4 0.0125 0.200658 -0.166585 0.0864543 0.772081 0.288328 0.30205 0.479086 0.070938
e_7_2 7 2 5 0.0125 0.237778 -0.168547 0.123002 0.814133 0.0690827 0.33638 0.468256 0.035197
