3
1 8 7
2 -0.0762603 -0.0808754 0.0160923 0.0125
9 -0.0561865 -0.0785999 0.0114924 0.0125
4 0.0908417 0.0100099 0.0331961 0.0125
1 0.388123 -0.0257889 0.0114975 0.0125
8 -0.0361617 -0.070434 0.0233287 0.0125
5 0.0280825 -0.0297611 0.0166725 0.0125
6 0.00210593 -0.0459871 0.0157412 0.0125
7 -0.0166974 -0.0605635 0.0255194 0.0125
e_1_4 1 4 1 0.0125 0.239482 -0.00788954 0.0223468 0.603457 0.315862 -0.6034 -0.414705 0.300214
e_4_5 4 5 2 0.0125 0.0594621 -0.00987565 0.0249343 0.5117 0.720673 -0.298616 -0.360031 0.076116
e_5_6 5 6 3 0.0125 0.0150942 -0.0378741 0.0162069 0.605866 0.630882 -0.342332 -0.343107 0.030642
e_6_7 6 7 4 0.0125 -0.00729575 -0.0532755 0.0206299 0.796083 0.45257 -0.324205 -0.237326 0.025723
e_7_8 7 8 5 0.0125 -0.02643 -0.0654992 0.0244237 0.558523 0.645623 -0.364833 -0.371645 0.021934
e_8_9 8 9 6 0.0125 -0.0461738 -0.0745175 0.0174102 0.322076 0.822716 -0.251401 -0.395225 0.024653
e_9_2 9 2 7 0.0125 -0.0662226 -0.0797376 0.0137928 0.698219 0.341363 -0.521976 -0.35143 0.02072
2 8 7
2 0.165722 -0.211653 0.0611307 0.0125
9 0.148422 -0.192587 0.0654634 0.0125
4 -0.15036 -0.00736184 0.0527392 0.0125
1 -0.207785 0.070249 0.116545 0.0125
8 0.134261 -0.176922 0.0689042 0.0125
5 -0.0631379 -0.0743897 0.0386246 0.0125
6 0.0805405 -0.142676 0.0664363 0.0125
7 0.113716 -0.15885 0.0692018 0.0125
e_1_4 1 4 1 0.0125 -0.179073 0.0314432 0.0846426 0.368212 0.879904 -0.0380515 0.297894 0.115725
e_4_5 4 5 2 0.0125 -0.106749 -0.040876 0.0456825 0.50187 0.73462 0.154818 0.429524 0.110904
e_5_6 5 6 3 0.0125 0.00870172 -0.108533 0.0525306 0.592831 0.581509 0.275207 0.484417 0.161493
e_6_7 6 7 4 0.0125 0.0971285 -0.150763 0.067819 0.545813 0.630058 0.256258 0.489332 0.037012
e_7_8 7 8 5 0.0125 0.123989 -0.167886 0.0690531 0.571211 0.692774 0.159677 0.410225 0.027364
e_8_9 8 9 6 0.0125 0.141342 -0.184754 0.067184 0.53075 0.75594 0.094589 0.371365 0.021395
e_9_2 9 2 7 0.0125 0.157073 -0.20212 0.0632973 0.52802 0.757726 0.0940065 0.371765 0.026107
3 7 6
2 0.319186 -0.272995 0.0531954 0.0125
4 0.209817 -0.206822 0.012401 0.0125
1 -0.151528 -0.194143 0.0144442 0.0125
8 0.304917 -0.262436 0.0435512 0.0125
5 0.239475 -0.21513 0.0177226 0.0125
6 0.264019 -0.236151 0.0322151 0.0125
7 0.287209 -0.246774 0.0326289 0.0125
e_1_4 1 4 1 0.0125 0.0291447 -0.200482 0.0134226 -0.0845153 0.700576 -0.109627 0.700023 0.361574
e_4_5 4 5 2 0.0125 0.224647 -0.210976 0.0150615 0.0227403 0.625112 -0.155251 0.764601 0.031256
e_5_6 5 6 3 0.0125 0.251747 -0.225641 0.0249692 0.219187 0.490799 -0.233494 0.810281 0.035417
e_6_7 6 7 4 0.0125 0.275615 -0.241463 0.0324224 0.104559 0.673587 -0.195394 0.705102 0.02551
e_7_8 7 8 5 0.0125 0.296063 -0.254606 0.0380899 0.225655 0.484439 -0.235801 0.811663 0.026042
e_8_2 8 2 6 0.0125 0.312051 -0.267715 0.0483737 0.177275 0.46478 -0.212793 0.840995 0.020201
