3
1 11 10
2 0.0410308 -0.0612884 0.151948 0.0125
12 0.033839 -0.0616679 0.133283 0.0125
11 0.015814 -0.059547 0.124882 0.0125
10 0.00286386 -0.0536976 0.110601 0.0125
9 -0.00858131 -0.049324 0.0947305 0.0125
4 -0.0198525 0.0294472 0.0274014 0.0125
1 -0.238951 0.210027 0.042975 0.0125
8 -0.00915696 -0.0460586 0.0748172 0.0125
5 0.00393251 -0.0184777 0.0282301 0.0125
6 0.00774563 -0.0357454 0.0396911 0.0125
7 0.000741161 -0.0431613 0.057224 0.0125
e_1_4 1 4 1 0.0125 -0.129402 0.119737 0.0351884 0.403698 -0.182375 0.702941 -0.556455 0.284351
e_4_5 4 5 2 0.0125 -0.00796001 0.00548474 0.0278157 0.307031 -0.0106726 0.70153 -0.643019 0.053509
e_5_6 5 6 3 0.0125 0.00583923 -0.0271111 0.0339606 0.800898 0.382742 0.285613 -0.361243 0.021073
e_6_7 6 7 4 0.0125 0.00424315 -0.0394527 0.0484578 0.93007 0.134398 -0.22308 0.259119 0.020285
e_7_8 7 8 5 0.0125 -0.0042078 -0.0446105 0.066021 0.893738 -0.0267244 -0.260658 0.36411 0.020393
e_8_9 8 9 6 0.0125 -0.00886963 -0.0476906 0.0847737 0.994524 0.0819148 0.00905464 0.0642638 0.020187
e_9_10 9 10 7 0.0125 -0.00285831 -0.0515104 0.102666 0.9187 0.0393451 0.320414 -0.227547 0.02005
e_10_11 10 11 8 0.0125 0.00933845 -0.0566216 0.117741 0.87776 0.0401508 0.379416 -0.289773 0.020146
e_11_12 11 12 9 0.0125 0.0248267 -0.0606075 0.129083 0.769829 -0.15996 0.514177 -0.342634 0.02
e_12_2 12 2 10 0.0125 0.0374354 -0.0614788 0.142616 0.981323 -0.0206203 0.181913 -0.059051 0.020006
2 8 7
2 0.0207497 0.0280951 0.0464606 0.0125
9 0.0391515 0.00654198 0.0280721 0.0125
4 0.37225 -0.261879 0.0145112 0.0125
1 0.388498 -0.279882 0.020295 0.0125
8 0.0568584 -0.0150147 0.0312555 0.0125
5 0.211223 -0.0865148 0.0115054 0.0125
6 0.091917 -0.0410076 0.0393873 0.0125
7 0.0745528 -0.0286754 0.0358113 0.0125
e_1_4 1 4 1 0.0125 0.380375 -0.27088 0.0174029 0.331019 -0.755759 0.211701 0.523868 0.024931
e_4_5 4 5 2 0.0125 0.291737 -0.174196 0.0130086 0.546301 -0.710159 -0.0445939 0.441861 0.238099
e_5_6 5 6 3 0.0125 0.15157 -0.0637614 0.025447 0.778885 -0.225109 -0.585372 0.00212157 0.1307
e_6_7 6 7 4 0.0125 0.0832355 -0.0348409 0.0375996 0.33833 -0.761746 0.0505344 0.550202 0.021596
e_7_8 7 8 5 0.0125 0.065706 -0.0218449 0.0335339 0.30274 -0.76479 0.122189 0.555441 0.022814
e_8_9 8 9 6 0.0125 0.0480051 -0.00423596 0.0296635 0.460272 -0.740763 0.0892066 0.481105 0.028078
e_9_2 9 2 7 0.0125 0.029951 0.0173187 0.0372669 0.876324 -0.38493 -0.282257 0.0649352 0.033783
3 8 7
2 0.0833616 0.245672 0.0155316 0.0125
9 0.0670896 0.234608 0.0118888 0.0125
4 -0.0268655 0.196578 0.0460359 0.0125
1 -0.379836 0.247792 0.0114935 0.0125
8 0.0566819 0.219149 0.0191989 0.0125
5 0.0104437 0.189447 0.0470804 0.0125
6 0.0288164 0.198072 0.0375627 0.0125
7 0.0464793 0.204043 0.0274699 0.0125
e_1_4 1 4 1 0.0125 -0.203351 0.222185 0.0287646 -0.60765 -0.459278 -0.490782 -0.423035 0.358335
e_4_5 4 5 2 0.0125 -0.00821081 0.193013 0.0465579 -0.559643 -0.530138 -0.452996 -0.447827 0.038
e_5_6 5 6 3 0.0125 0.0196301 0.19376 0.0423216 0.30232 -0.833212 0.134337 -0.443074 0.022416
e_6_7 6 7 4 0.0125 0.0376472 0.201057 0.0325158 0.20589 -0.855757 0.0755066 -0.468602 0.021202
e_7_8 7 8 5 0.0125 0.0515809 0.211596 0.0233346 0.427357 -0.26048 0.799215 0.332824 0.020018
e_8_9 8 9 6 0.0125 0.0618862 0.226879 0.0155438 0.40875 -0.179727 0.806396 0.387747 0.020018
e_9_2 9 2 7 0.0125 0.0752253 0.24014 0.0137101 -0.755291 0.451877 -0.452533 0.143375 0.020011
