3
1 7 6
2 0.388505 -0.116082 0.055998 0.0125
4 0.266167 -0.0905273 0.0121735 0.0125
1 -0.0487584 0.0643775 0.01179 0.0125
8 0.368429 -0.102696 0.0516341 0.0125
5 0.313965 -0.0893778 0.0342144 0.0125
6 0.33752 -0.0776182 0.0442539 0.0125
7 0.358569 -0.0848345 0.0511141 0.0125
e_1_4 1 4 1 0.0125 0.108704 -0.013075 0.0119813 0.325048 -0.419954 0.568412 -0.628403 0.35096
e_4_5 4 5 2 0.0125 0.290066 -0.0899525 0.0231945 0.560299 -0.411028 0.348894 -0.628803 0.052648
e_5_6 5 6 3 0.0125 0.325742 -0.0834985 0.0392343 0.653117 -0.510135 0.248225 -0.501582 0.028177
e_6_7 6 7 4 0.0125 0.348045 -0.0812264 0.0476835 0.434268 -0.368968 0.465362 -0.677283 0.023285
e_7_8 7 8 5 0.0125 0.3635 -0.0937646 0.051374 0.117239 -0.232747 0.658093 -0.706398 0.020408
e_8_2 8 2 6 0.0125 0.378467 -0.109389 0.053816 0.324621 -0.332893 0.547907 -0.695414 0.024521
2 10 9
2 0.0780224 0.147989 0.0339399 0.0125
11 0.077542 0.126339 0.035944 0.0125
10 0.0763213 0.10385 0.0397334 0.0125
9 0.0826113 0.087997 0.050482 0.0125
4 0.280024 -0.117034 0.0374069 0.0125
1 0.33414 -0.240307 0.026372 0.0125
8 0.108258 0.0343698 0.0512699 0.0125
5 0.25767 -0.0782834 0.0396806 0.0125
6 0.229409 -0.0252553 0.0396938 0.0125
7 0.158232 0.00465949 0.0466474 0.0125
e_1_4 1 4 1 0.0125 0.307082 -0.17867 0.03189 0.416107 -0.575641 0.357478 0.606385 0.13508
e_4_5 4 5 2 0.0125 0.268847 -0.0976585 0.0385443 0.362982 -0.596818 0.344142 0.62739 0.044793
e_5_6 5 6 3 0.0125 0.243539 -0.0517696 0.0396874 0.353127 -0.599673 0.374538 0.612711 0.060089
e_6_7 6 7 4 0.0125 0.19382 -0.0102974 0.043171 0.105914 -0.653019 0.16946 0.730501 0.07752
e_7_8 7 8 5 0.0125 0.133245 0.0195144 0.0489587 0.16512 -0.646233 0.206762 0.715798 0.058321
e_8_9 8 9 6 0.0125 0.0954348 0.0611827 0.0508762 0.363505 -0.595083 0.390524 0.601025 0.05945
e_9_10 9 10 7 0.0125 0.0794663 0.0959236 0.0451077 0.182307 -0.606118 0.631829 0.447412 0.02016
e_10_11 10 11 8 0.0125 0.076932 0.115095 0.0378381 0.466234 -0.521778 0.557409 0.446843 0.022837
e_11_2 11 2 9 0.0125 0.0777823 0.137164 0.0349417 0.485313 -0.520808 0.52425 0.467324 0.021748
3 6 5
2 0.189933 0.0366773 0.0209013 0.0125
7 0.172388 0.0467753 0.0117109 0.0125
6 0.110303 0.137913 0.0142838 0.0125
5 0.0951206 0.158293 0.0114989 0.0125
1 -0.234889 0.230728 0.0114986 0.0125
4 0.0708716 0.173298 0.0225788 0.0125
e_1_4 1 4 1 0.0125 -0.082009 0.202012 0.0170386 -0.359294 0.527306 -0.451831 0.623462 0.311305
e_4_5 4 5 2 0.0125 0.0829962 0.165795 0.0170388 -0.0631421 0.648845 -0.509986 0.561183 0.030593
e_5_6 5 6 3 0.0125 0.102712 0.148103 0.0128913 0.211218 0.534222 -0.400177 0.71404 0.025565
e_6_7 6 7 4 0.0125 0.141345 0.0923442 0.0129978 0.228969 0.574183 -0.426588 0.660235 0.110306
e_7_2 7 2 5 0.0125 0.18116 0.0417265 0.0163056 -0.152181 0.412739 -0.350655 0.826758 0.022232
