3
1 6 5
2 0.0318035 0.269733 0.0194104 0.0125
7 0.0367237 0.24739 0.0114942 0.0125
6 0.0356123 0.209641 0.0134689 0.0125
5 0.0775496 0.122375 0.0271124 0.0125
1 0.189682 -0.186188 0.0162868 0.0125
4 0.186109 -0.0528096 0.011494 0.0125
e_1_4 1 4 1 0.0125 0.187895 -0.119499 0.0138897 0.692951 -0.719233 0.0255641 0.0432316 0.133512
e_4_5 4 5 2 0.0125 0.13183 0.0347829 0.0193032 0.710802 -0.648237 -0.204953 0.180396 0.206685
e_5_6 5 6 3 0.0125 0.056581 0.166008 0.0202906 0.640753 -0.734518 -0.173928 0.140242 0.097777
e_6_7 6 7 4 0.0125 0.036168 0.228515 0.0124808 0.687826 -0.723555 0.0507957 0.0279733 0.037816
e_7_2 7 2 5 0.0125 0.0342636 0.258561 0.0154523 0.806029 -0.578583 -0.0416697 0.117567 0.02421
2 6 5
2 0.374772 0.0754682 0.0615611 0.0125
7 0.298022 0.072617 0.0451911 0.0125
6 0.229548 0.0695226 0.0392071 0.0125
5 0.140392 0.0867973 0.0456304 0.0125
1 -0.120614 0.0758917 0.0588849 0.0125
4 -0.0477692 0.0810985 0.0563005 0.0125
e_1_4 1 4 1 0.0125 -0.0841911 0.0784951 0.0575929 0.382251 -0.627417 0.352181 -0.579829 0.073077
e_4_5 4 5 2 0.0125 0.0463117 0.0839474 0.0509652 0.363828 -0.62785 0.366197 -0.582523 0.188549
e_5_6 5 6 3 0.0125 0.18497 0.0781598 0.0424183 0.289755 -0.591006 0.431264 -0.617062 0.091042
e_6_7 6 7 4 0.0125 0.263785 0.0710704 0.0421989 0.408824 -0.57859 0.348919 -0.613476 0.068803
e_7_2 7 2 5 0.0125 0.336396 0.0740428 0.0533764 0.440785 -0.531064 0.337257 -0.640264 0.078529
3 8 7
2 0.256682 0.105361 0.0224787 0.0125
9 0.23913 0.0968183 0.0349342 0.0125
4 -0.0266404 0.109827 0.0119985 0.0125
1 -0.208022 0.0683363 0.0583924 0.0125
8 0.204239 0.102981 0.0416902 0.0125
5 0.0318953 0.119948 0.0393818 0.0125
6 0.124582 0.126268 0.0661893 0.0125
7 0.159353 0.112035 0.0561002 0.0125
e_1_4 1 4 1 0.0125 -0.117331 0.089081 0.0351952 0.579849 0.0926644 0.782547 0.206903 0.191764
e_4_5 4 5 2 0.0125 0.0026272 0.114887 0.0256903 0.814694 0.0458242 0.5372 0.213517 0.065412
e_5_6 5 6 3 0.0125 0.0782385 0.123109 0.0527858 0.776859 0.100875 0.592621 0.187388 0.096692
e_6_7 6 7 4 0.0125 0.141967 0.119152 0.0611452 0.607197 0.348695 0.712806 0.0403968 0.038903
e_7_8 7 8 5 0.0125 0.181796 0.107508 0.0488954 0.584647 0.277793 0.756917 0.0899744 0.048005
e_8_9 8 9 6 0.0125 0.221685 0.0998998 0.0383122 0.629037 0.255184 0.726998 0.10328 0.036069
e_9_2 9 2 7 0.0125 0.247906 0.10109 0.0287069 0.420496 0.0463017 0.875673 0.232887 0.023156
