11
1 9 8
2 -0.0540368 0.257071 0.0117143 0.0125
10 -0.0480812 0.238544 0.0174302 0.0125
9 -0.0337222 0.222112 0.0219987 0.0125
4 0.352991 0.0830265 0.0121859 0.0125
1 0.3883 0.0798093 0.0265362 0.0125
8 -0.0179748 0.205461 0.0273606 0.0125
5 0.326553 0.0899376 0.0127584 0.0125
6 0.0348979 0.165589 0.0194111 0.0125
7 0.0178927 0.181625 0.0216455 0.0125
e_1_4 1 4 1 0.0125 0.370645 0.0814176 0.0193616 -0.144399 -0.778315 0.286026 0.539967 0.038249
e_4_5 4 5 2 0.0125 0.339772 0.0864817 0.0124727 0.132479 -0.697986 0.0483743 0.702087 0.027332
e_5_6 5 6 3 0.0125 0.180726 0.127764 0.0160851 0.1303 -0.697522 0.0492573 0.702893 0.301381
e_6_7 6 7 4 0.0125 0.0263953 0.173608 0.0205283 0.639782 -0.644875 -0.191216 0.371823 0.023479
e_7_8 7 8 5 0.0125 -4.07559e-05 0.193543 0.0245025 0.577327 -0.63173 -0.187445 0.482157 0.043443
e_8_9 8 9 6 0.0125 -0.0258479 0.213787 0.0246797 0.473572 -0.782407 -0.0417879 0.402272 0.023538
e_9_10 9 10 7 0.0125 -0.0409023 0.230328 0.0197144 0.504232 -0.774043 -0.0575476 0.378543 0.022294
e_10_2 10 2 8 0.0125 -0.0510594 0.247808 0.0145725 0.57802 -0.79979 -0.0352883 0.158063 0.020283
2 6 5
2 -0.111809 0.0285763 0.0503097 0.0125
7 -0.0997728 0.0567255 0.0608194 0.0125
6 -0.090191 0.135856 0.110213 0.0125
5 -0.0868177 0.174976 0.130246 0.0125
1 -0.040679 0.442279 0.316303 0.0125
4 -0.0877878 0.207333 0.147625 0.0125
e_1_4 1 4 1 0.0125 -0.0642335 0.324805 0.231963 -0.439473 -0.88256 -0.0943201 0.138042 0.293039
e_4_5 4 5 2 0.0125 -0.0873022 0.191154 0.138935 0.26093 0.413895 0.751793 -0.442057 0.036741
e_5_6 5 6 3 0.0125 -0.0885041 0.155416 0.12023 0.432255 0.744304 0.416225 -0.293128 0.04408
e_6_7 6 7 4 0.0125 -0.0949819 0.0962914 0.0855161 0.078048 0.242835 0.839289 -0.48014 0.093772
e_7_2 7 2 5 0.0125 -0.105791 0.0426513 0.0555648 0.439242 0.356175 -0.731768 0.380422 0.032368
3 7 6
2 -0.0141615 0.339058 0.231448 0.0125
4 0.177262 0.000599128 0.0335757 0.0125
1 0.206362 -0.0485567 0.0114931 0.0125
8 -0.00108177 0.302522 0.215912 0.0125
5 0.0597265 0.180647 0.135085 0.0125
6 0.0541238 0.202375 0.149747 0.0125
7 0.0180903 0.261383 0.186605 0.0125
e_1_4 1 4 1 0.0125 0.191812 -0.0239786 0.0225346 -0.0491893 -0.258511 0.502877 0.823327 0.061244
e_4_5 4 5 2 0.0125 0.118494 0.0906239 0.0843305 -0.0654371 -0.257006 0.469564 0.842125 0.237773
e_5_6 5 6 3 0.0125 0.0569254 0.191511 0.142416 0.0251845 -0.131987 0.457239 0.879135 0.026804
e_6_7 6 7 4 0.0125 0.0361063 0.231879 0.168176 -0.0577703 -0.237985 0.456238 0.855496 0.078351
e_7_8 7 8 5 0.0125 0.00850412 0.281952 0.201259 -0.027847 -0.188188 0.439723 0.877755 0.054027
e_8_2 8 2 6 0.0125 -0.00762134 0.32079 0.22368 0.0109237 -0.195858 0.525173 0.828078 0.041802
4 10 9
2 0.352544 -0.161581 0.0114949 0.0125
11 0.333143 -0.161502 0.0163906 0.0125
10 0.313185 -0.16334 0.0158846 0.0125
9 0.293515 -0.160485 0.0183749 0.0125
4 0.157821 -0.102892 0.0114998 0.0125
1 -0.0710725 0.0713513 0.0114997 0.0125
8 0.273728 -0.1578 0.0208261 0.0125
5 0.186406 -0.123041 0.0116649 0.0125
6 0.223704 -0.144628 0.0178779 0.0125
7 0.248898 -0.152622 0.0261476 0.0125
e_1_4 1 4 1 0.0125 0.0433744 -0.0157701 0.0115001 0.498113 0.70105 0.0923475 0.501881 0.287668
e_4_5 4 5 2 0.0125 0.172113 -0.112966 0.0115823 0.490066 0.697569 0.105054 0.512051 0.034972
e_5_6 5 6 3 0.0125 0.205054 -0.133834 0.0147714 0.500481 0.641797 0.129423 0.566449 0.04354
e_6_7 6 7 4 0.0125 0.236301 -0.148625 0.0220131 0.479726 0.560172 0.192151 0.647417 0.027695
e_7_8 7 8 5 0.0125 0.261313 -0.155211 0.0234861 0.322452 0.734067 0.252602 0.54163 0.025917
e_8_9 8 9 6 0.0125 0.283621 -0.159142 0.0196008 0.323081 0.697054 0.27391 0.578539 0.020117
e_9_10 9 10 7 0.0125 0.303349 -0.161912 0.0171301 0.325266 0.699103 0.270936 0.576238 0.020032
e_10_11 10 11 8 0.0125 0.323164 -0.162421 0.016138 0.290577 0.609397 0.340641 0.654342 0.02005
e_11_2 11 2 9 0.0125 0.342844 -0.161542 0.0139432 0.249901 0.721995 0.317881 0.561448 0.020009
5 9 8
2 -0.327229 -0.0901627 0.0374519 0.0125
10 -0.321699 -0.07138 0.0324542 0.0125
9 -0.310242 -0.0567879 0.0238317 0.0125
4 -0.0720761 0.0310545 0.0338815 0.0125
1 0.119469 -0.0128235 0.0379599 0.0125
8 -0.272881 -0.0396413 0.0162655 0.0125
5 -0.18419 0.0155845 0.0114958 0.0125
6 -0.215869 -0.00238702 0.0175535 0.0125
7 -0.256412 -0.0276196 0.0127097 0.0125
e_1_4 1 4 1 0.0125 0.0236969 0.00911538 0.0359203 0.534787 -0.570997 -0.429346 0.451251 0.196548
e_4_5 4 5 2 0.0125 -0.128132 0.0233195 0.0226887 0.331164 -0.597915 -0.489402 0.541585 0.115369
e_5_6 5 6 3 0.0125 -0.20003 0.00659872 0.0145246 0.388911 -0.321151 -0.561105 0.656332 0.036923
e_6_7 6 7 4 0.0125 -0.236141 -0.0150029 0.0151314 0.187302 -0.495309 -0.552379 0.643789 0.047998
e_7_8 7 8 5 0.0125 -0.264647 -0.0336301 0.014487 0.350169 -0.288606 -0.575169 0.680639 0.020698
e_8_9 8 9 6 0.0125 -0.291562 -0.0482146 0.0200486 0.432553 -0.330461 -0.547978 0.635148 0.041798
e_9_10 9 10 7 0.0125 -0.31597 -0.0640834 0.0281433 0.539593 0.0155832 -0.537614 0.64774 0.020458
e_10_2 10 2 8 0.0125 -0.324464 -0.0807712 0.0349536 0.186447 -0.0294351 -0.612754 0.7674 0.020208
6 10 9
2 0.190351 -0.0608944 0.166062 0.0125
11 0.180783 -0.0550211 0.149509 0.0125
10 0.173459 -0.0531145 0.130996 0.0125
9 0.160273 -0.0536499 0.115969 0.0125
4 -0.111579 -0.068243 0.0471635 0.0125
1 -0.263988 -0.0818959 0.0116103 0.0125
8 0.142844 -0.0553406 0.106298 0.0125
5 0.0840224 -0.0544785 0.0927519 0.0125
6 0.105542 -0.0555426 0.0939841 0.0125
7 0.125369 -0.0550099 0.096573 0.0125
e_1_4 1 4 1 0.0125 -0.187784 -0.0750692 0.0293871 0.708183 0.214139 0.583939 0.334121 0.157095
e_4_5 4 5 2 0.0125 -0.013778 -0.061361 0.0699575 0.696288 0.245068 0.571593 0.358338 0.201316
e_5_6 5 6 3 0.0125 0.0947824 -0.0550102 0.0933675 0.386256 0.599006 0.335609 0.615926 0.02158
e_6_7 6 7 4 0.0125 0.115455 -0.0552758 0.0952788 0.548521 0.437846 0.493536 0.513651 0.020003
e_7_8 7 8 5 0.0125 0.134107 -0.0551751 0.101435 0.829382 0.147388 0.484951 0.235002 0.020001
e_8_9 8 9 6 0.0125 0.151558 -0.0544952 0.111133 0.849778 0.0338298 0.507071 0.140039 0.020003
e_9_10 9 10 7 0.0125 0.166866 -0.0533825 0.123483 0.933676 0.00939024 0.352437 0.0628433 0.02
e_10_11 10 11 8 0.0125 0.177121 -0.0540679 0.140253 0.980052 0.0576876 0.183992 0.0481436 0.02
e_11_2 11 2 9 0.0125 0.185568 -0.0579574 0.157786 0.93746 0.199551 0.215362 0.186997 0.020001
7 10 9
2 0.0709265 0.273553 0.169808 0.0125
11 0.0732083 0.254398 0.164437 0.0125
10 0.0785636 0.23521 0.162459 0.0125
9 0.0881307 0.219345 0.15492 0.0125
4 -0.0568034 -0.0998707 0.0218741 0.0125
1 -0.0778331 -0.134448 0.0114901 0.0125
8 0.0966157 0.202916 0.147103 0.0125
5 0.0952713 0.120657 0.129546 0.0125
6 0.109284 0.16601 0.137682 0.0125
7 0.107238 0.186453 0.142683 0.0125
e_1_4 1 4 1 0.0125 -0.0673181 -0.117159 0.0166816 0.789048 -0.506557 0.34516 0.0408363 0.041781
e_4_5 4 5 2 0.0125 0.0192344 0.0103933 0.0757102 0.826737 -0.439025 0.347542 0.0545629 0.288709
e_5_6 5 6 3 0.0125 0.102278 0.143334 0.133614 0.764502 -0.615372 0.191961 0.00206708 0.04816
e_6_7 6 7 4 0.0125 0.108262 0.176232 0.140182 0.785605 -0.61171 -0.0870142 -0.0326329 0.021145
e_7_8 7 8 5 0.0125 0.101926 0.194685 0.144893 0.779136 -0.499661 -0.374544 -0.0547945 0.020085
e_8_9 8 9 6 0.0125 0.0923727 0.211131 0.151011 0.832804 -0.480302 -0.27316 -0.03364 0.020075
e_9_10 9 10 7 0.0125 0.0833464 0.227278 0.15869 0.828928 -0.464853 -0.308967 -0.0364504 0.020001
e_10_11 10 11 8 0.0125 0.0758854 0.244804 0.163448 0.7389 -0.630216 -0.231096 -0.0587225 0.020019
e_11_2 11 2 9 0.0125 0.0720674 0.263975 0.167123 0.795718 -0.597454 -0.0945709 -0.0306155 0.020024
8 8 7
2 -0.200606 -0.288393 0.0613797 0.0125
9 -0.196236 -0.260693 0.0529803 0.0125
4 -0.135404 -0.0651999 0.0666743 0.0125
1 -0.135828 0.19267 0.0121725 0.0125
8 -0.18797 -0.239805 0.0471339 0.0125
5 -0.166604 -0.162467 0.052034 0.0125
6 -0.175701 -0.189449 0.0482536 0.0125
7 -0.183875 -0.214178 0.0469435 0.0125
e_1_4 1 4 1 0.0125 -0.135616 0.0637354 0.0394232 0.534552 0.432631 0.457644 -0.563602 0.263567
e_4_5 4 5 2 0.0125 -0.151004 -0.113833 0.0593534 0.367457 0.594675 0.466154 -0.542253 0.103193
e_5_6 5 6 3 0.0125 -0.171152 -0.175958 0.0501437 0.367671 0.597153 0.457396 -0.546822 0.028724
e_6_7 6 7 4 0.0125 -0.179789 -0.201813 0.0475978 0.395218 0.580898 0.433218 -0.56452 0.026078
e_7_8 7 8 5 0.0125 -0.185923 -0.226991 0.0470389 0.445631 0.523346 0.47163 -0.552347 0.025953
e_8_9 8 9 6 0.0125 -0.192103 -0.250249 0.0500568 0.48056 0.52421 0.315084 -0.628481 0.023213
e_9_2 9 2 7 0.0125 -0.198421 -0.274543 0.0571796 0.530011 0.459555 0.381244 -0.602122 0.029274
9 8 7
2 -0.350658 0.0115564 0.0314403 0.0125
9 -0.330776 0.0131912 0.0277051 0.0125
4 -0.178986 0.0754899 0.0672826 0.0125
1 0.0846465 0.114977 0.202238 0.0125
8 -0.310665 0.0132165 0.0230114 0.0125
5 -0.247435 0.032156 0.0215762 0.0125
6 -0.271103 0.0254557 0.0187414 0.0125
7 -0.291092 0.0236785 0.0212488 0.0125
e_1_4 1 4 1 0.0125 -0.04717 0.0952338 0.13476 0.491072 0.410717 -0.746425 -0.181683 0.298788
e_4_5 4 5 2 0.0125 -0.213211 0.0538233 0.0444297 0.489065 0.625902 -0.594925 -0.122988 0.093017
e_5_6 5 6 3 0.0125 -0.259269 0.0288063 0.0201587 0.655357 0.324559 -0.672242 -0.115149 0.02476
e_6_7 6 7 4 0.0125 -0.281098 0.0245666 0.0199947 0.744801 0.133164 -0.648291 -0.0851958 0.020225
e_7_8 7 8 5 0.0125 -0.300879 0.0184475 0.0221294 0.732258 0.366201 -0.571242 -0.0581161 0.022263
e_8_9 8 9 6 0.0125 -0.320721 0.0132036 0.0253575 0.780604 0.0528301 -0.619325 -0.0655983 0.020651
e_9_2 9 2 7 0.0125 -0.340717 0.0123738 0.0295727 0.765984 0.112272 -0.628791 -0.072707 0.020295
10 6 5
2 0.0993283 -0.288502 0.0281445 0.0125
7 0.085719 -0.271711 0.0240079 0.0125
6 0.0746778 -0.254739 0.0273142 0.0125
5 -0.0131884 -0.106123 0.075999 0.0125
1 -0.191282 0.0989462 0.132024 0.0125
4 -0.0296099 -0.078261 0.0859504 0.0125
e_1_4 1 4 1 0.0125 -0.110446 0.0103429 0.108988 0.569214 0.275813 0.719889 -0.285803 0.24426
e_4_5 4 5 2 0.0125 -0.0213992 -0.0921912 0.0809749 0.510699 0.387014 0.705173 -0.303543 0.033838
e_5_6 5 6 3 0.0125 0.0307444 -0.180431 0.0516567 0.519966 0.385217 0.698077 -0.306483 0.17938
e_6_7 6 7 4 0.0125 0.0801984 -0.263225 0.0256604 0.566308 0.356912 0.673204 -0.314174 0.020516
e_7_2 7 2 5 0.0125 0.0925231 -0.280107 0.0260759 0.694584 0.272278 0.57608 -0.33399 0.022006
11 11 10
2 -0.315755 -0.222011 0.0114954 0.0125
12 -0.301635 -0.217497 0.0249211 0.0125
11 -0.285209 -0.210445 0.0338945 0.0125
10 -0.271126 -0.201607 0.0450181 0.0125
9 -0.254069 -0.192555 0.0506693 0.0125
4 -0.193371 -0.110058 0.0782113 0.0125
1 -0.0267524 0.152958 0.0930568 0.0125
8 -0.24283 -0.17817 0.0588728 0.0125
5 -0.205151 -0.131665 0.0702921 0.0125
6 -0.216918 -0.148658 0.0632388 0.0125
7 -0.227851 -0.164765 0.057442 0.0125
e_1_4 1 4 1 0.0125 -0.110061 0.0214499 0.0856334 -0.676329 -0.522342 0.500972 -0.136985 0.311705
e_4_5 4 5 2 0.0125 -0.199261 -0.120862 0.0742514 -0.572263 -0.59809 0.543549 -0.139136 0.025852
e_5_6 5 6 3 0.0125 -0.211034 -0.140162 0.0667655 -0.572899 -0.577577 0.572606 -0.101556 0.02184
e_6_7 6 7 4 0.0125 -0.222385 -0.156712 0.0603404 -0.587951 -0.571256 0.562465 -0.107766 0.020312
e_7_8 7 8 5 0.0125 -0.23534 -0.171468 0.0581575 -0.730317 -0.421467 0.535593 -0.0462893 0.020152
e_8_9 8 9 6 0.0125 -0.248449 -0.185362 0.0547708 -0.537944 -0.583743 0.603503 -0.0751316 0.020013
e_9_10 9 10 7 0.0125 -0.262597 -0.197081 0.047843 -0.596429 -0.446273 0.664276 0.0620456 0.020121
e_10_11 10 11 8 0.0125 -0.278167 -0.206026 0.0394556 -0.468924 -0.53889 0.698309 0.0455172 0.020004
e_11_12 11 12 9 0.0125 -0.293422 -0.213971 0.0294078 -0.516491 -0.470947 0.708887 0.0944728 0.020001
e_12_2 12 2 10 0.0125 -0.308695 -0.219754 0.0182082 -0.387871 -0.519596 0.752113 0.117909 0.02
