9
1 23 22
3 -0.0336571 -0.0926418 0.108592 0.0125
24 -0.035388 -0.103346 0.0917872 0.0125
23 -0.0383402 -0.109246 0.0729068 0.0125
22 -0.035233 -0.11709 0.054773 0.0125
21 -0.0305508 -0.126921 0.0379973 0.0125
4 -0.118319 -0.106386 0.0114975 0.0125
20 -0.0921202 -0.114424 0.0194806 0.0125
11 -0.0989812 0.138212 0.0813639 0.0125
10 -0.0851632 0.14634 0.0575283 0.0125
6 -0.129616 0.138381 0.145598 0.0125
9 -0.078715 0.151694 0.036153 0.0125
2 -0.0643275 0.155602 0.0124344 0.0125
19 -0.0222053 -0.118856 0.0140655 0.0125
8 -0.11862 0.146488 0.124634 0.0125
5 -0.11101 0.13145 0.0962519 0.0125
12 -0.0574808 0.116773 0.0145744 0.0125
13 -0.0405294 0.0389371 0.0215449 0.0125
14 -0.0362708 0.00587507 0.016282 0.0125
15 -0.0356505 -0.0200919 0.0160761 0.0125
16 -0.0296238 -0.0474924 0.0154245 0.0125
17 -0.0219725 -0.0757813 0.0132722 0.0125
18 -0.0224527 -0.0989262 0.0123179 0.0125
1 -0.0244684 -0.13729 0.0220128 0.0125
e_2_8 2 8 1 0.0125 -0.0914729 0.151045 0.068534 0.97178 0.0527305 -0.219865 -0.0672427 0.124977
e_8_6 8 6 2 0.0125 -0.124118 0.142435 0.135116 0.958037 0.176699 -0.223328 -0.03267 0.025023
e_2_9 2 9 1 0.0125 -0.0715217 0.153648 0.0242934 0.959038 0.089037 -0.262211 -0.0596923 0.028015
e_9_10 9 10 2 0.0125 -0.0819391 0.149017 0.0468407 0.9817 0.124662 -0.137709 -0.0419488 0.02296
e_10_11 10 11 3 0.0125 -0.0920724 0.142276 0.0694454 0.955693 0.158108 -0.245174 -0.0392691 0.028725
e_11_5 11 5 4 0.0125 -0.104996 0.134831 0.0888083 0.930361 0.190344 -0.311533 -0.0338258 0.0203
e_2_12 2 12 1 0.0125 -0.0609044 0.136187 0.0135048 0.712475 0.687555 -0.0130024 0.139564 0.039485
e_12_13 12 13 2 0.0125 -0.0490051 0.0778556 0.0180597 0.724292 0.675348 0.0178587 0.137792 0.079965
e_13_14 13 14 3 0.0125 -0.0384009 0.0224056 0.0189135 0.630199 0.755035 -0.0888511 0.157727 0.033748
e_14_15 14 15 4 0.0125 -0.0359605 -0.00710857 0.0161797 0.69103 0.699602 -0.120484 0.136083 0.025975
e_15_16 15 16 5 0.0125 -0.0326372 -0.0337927 0.0157502 0.68252 0.715279 -1.21769e-05 0.150141 0.028063
e_16_17 16 17 6 0.0125 -0.0257979 -0.0616373 0.0143478 0.662173 0.73221 0.0220881 0.157821 0.029383
e_17_18 17 18 7 0.0125 -0.0222133 -0.0873542 0.0127951 0.678999 0.704485 -0.155871 0.135519 0.02317
e_18_19 18 19 8 0.0125 -0.0223288 -0.108891 0.0131913 0.726523 0.667 -0.106973 0.125825 0.020008
e_19_1 19 1 9 0.0125 -0.0233364 -0.128073 0.0180394 0.830625 0.537317 -0.120714 0.0823418 0.020201
e_1_20 1 20 1 0.0125 -0.0582941 -0.125857 0.0207474 0.682629 -0.101164 -0.712381 -0.127661 0.071457
e_20_4 20 4 2 0.0125 -0.10522 -0.110405 0.0154896 0.587838 -0.0758756 -0.796299 -0.120822 0.028543
e_1_21 1 21 1 0.0125 -0.0275098 -0.132105 0.0300055 0.937312 -0.245583 -0.200228 -0.145064 0.02
e_21_22 21 22 2 0.0125 -0.0328916 -0.122005 0.0463848 0.948585 -0.235776 -0.15817 -0.139921 0.02
e_22_23 22 23 3 0.0125 -0.0367864 -0.113168 0.0638394 0.968442 -0.189036 -0.104498 -0.124359 0.02
e_23_24 23 24 4 0.0125 -0.0368638 -0.106297 0.0823472 0.980419 -0.156688 0.0586887 -0.103844 0.02
e_24_3 24 3 5 0.0125 -0.0345221 -0.0979936 0.10019 0.948912 -0.28257 0.00379946 -0.140376 0.02
2 23 22
3 0.0444331 0.100603 0.120584 0.0125
24 0.0272356 0.123518 0.112992 0.0125
23 0.00712002 0.147035 0.107277 0.0125
4 0.0295997 0.17058 0.011469 0.0125
22 0.0187828 0.173467 0.0288041 0.0125
21 0.00662978 0.176247 0.0480077 0.0125
20 -0.00467471 0.172798 0.0689114 0.0125
6 -0.275884 0.0519879 0.0232152 0.0125
11 -0.257347 0.0245787 0.0181944 0.0125
10 -0.244947 0.00965413 0.0130661 0.0125
9 -0.226223 -0.014142 0.013787 0.0125
2 -0.18029 -0.0612467 0.0203524 0.0125
19 -0.03982 0.157513 0.095053 0.0125
8 -0.198797 -0.0415711 0.0164173 0.0125
12 -0.19643 -0.102611 0.0290724 0.0125
5 -0.202013 -0.157076 0.0288562 0.0125
13 -0.156705 -0.0302025 0.0301258 0.0125
14 -0.131763 0.0289938 0.043006 0.0125
15 -0.102972 0.0832487 0.0687217 0.0125
16 -0.0908975 0.107415 0.0841448 0.0125
17 -0.0785582 0.127166 0.0896473 0.0125
18 -0.0611201 0.144458 0.0946315 0.0125
1 -0.0216406 0.170899 0.0965134 0.0125
e_2_8 2 8 1 0.0125 -0.189543 -0.0514088 0.0183853 0.429399 0.0292929 -0.755788 -0.493501 0.027296
e_8_9 8 9 2 0.0125 -0.21251 -0.0278567 0.0151022 0.477468 0.007967 -0.730594 -0.48805 0.038878
e_9_10 9 10 3 0.0125 -0.235584 -0.00224423 0.0134272 0.500228 -0.0937301 -0.709308 -0.487717 0.030287
e_10_11 10 11 4 0.0125 -0.251147 0.0171159 0.0156305 0.654347 -0.167705 -0.586617 -0.44675 0.02007
e_11_6 11 6 5 0.0125 -0.266615 0.0382828 0.020705 0.60263 -0.207485 -0.618011 -0.460271 0.033468
e_2_12 2 12 1 0.0125 -0.18836 -0.0819288 0.0247124 0.76062 0.622877 -0.125208 -0.133434 0.045249
e_12_5 12 5 2 0.0125 -0.199222 -0.129843 0.0289636 0.703514 0.708307 -0.0164184 -0.0556679 0.054751
e_2_13 2 13 1 0.0125 -0.168498 -0.0457246 0.0252391 0.78335 -0.44464 0.42511 0.0891015 0.040193
e_13_14 13 14 2 0.0125 -0.144234 -0.000604211 0.0365652 0.772312 -0.596809 0.213346 -0.0428638 0.065516
e_14_15 14 15 3 0.0125 -0.117367 0.0561213 0.0558643 0.832128 -0.497152 0.244413 -0.0257791 0.066587
e_15_16 15 16 4 0.0125 -0.0969347 0.0953317 0.0764332 0.863004 -0.462705 0.19498 -0.0557767 0.031107
e_16_17 16 17 5 0.0125 -0.0847274 0.117291 0.0868953 0.782812 -0.505789 0.359459 0.046601 0.023931
e_17_18 17 18 6 0.0125 -0.0698391 0.135813 0.0921387 0.756777 -0.340662 0.533376 0.163548 0.025059
e_18_19 18 19 7 0.0125 -0.0504696 0.150986 0.0948418 0.65004 -0.0882991 0.695534 0.293059 0.024986
e_19_1 19 1 8 0.0125 -0.0307299 0.164206 0.0957827 0.681842 -0.183047 0.658953 0.259552 0.022622
e_1_20 1 20 1 0.0125 -0.0131577 0.171848 0.0827119 0.0707658 0.895654 0.35077 0.264116 0.032455
e_20_21 20 21 2 0.0125 0.000977814 0.174522 0.0584594 0.0090108 0.914426 0.314753 0.254311 0.024014
e_21_22 21 22 3 0.0125 0.0127061 0.174856 0.0384057 0.153911 0.901348 0.327029 0.238613 0.022895
e_22_4 22 4 4 0.0125 0.024191 0.172023 0.0201364 0.159651 0.904581 0.318991 0.233431 0.020636
e_1_23 1 23 1 0.0125 -0.00725983 0.158967 0.101895 0.786267 0.460126 0.387173 0.142004 0.038891
e_23_24 23 24 2 0.0125 0.0171784 0.135276 0.110135 0.758844 0.546089 0.333129 0.122345 0.03147
e_24_3 24 3 3 0.0125 0.0358341 0.112061 0.116789 0.786281 0.529753 0.302136 0.099187 0.029639
3 26 25
3 -0.0413295 0.103211 0.115369 0.0125
27 -0.0339355 0.10604 0.0970024 0.0125
26 -0.0265279 0.109258 0.0787056 0.0125
25 -0.0156966 0.108069 0.0619343 0.0125
24 -0.00695668 0.110534 0.044114 0.0125
4 0.0420092 0.162257 0.109294 0.0125
23 0.0330436 0.147016 0.0956455 0.0125
22 0.024947 0.137254 0.078677 0.0125
21 0.0153905 0.129678 0.0551679 0.0125
1 0.00604225 0.116248 0.0300301 0.0125
12 -0.106262 -0.0388963 0.0287395 0.0125
11 -0.122365 -0.0446899 0.0391029 0.0125
10 -0.138465 -0.0538573 0.0479808 0.0125
9 -0.158147 -0.063803 0.0636617 0.0125
2 -0.200404 -0.0828266 0.104801 0.0125
19 -0.0324387 0.0923042 0.0375154 0.0125
8 -0.175011 -0.0706279 0.0759803 0.0125
6 -0.0907009 -0.0312422 0.0185435 0.0125
13 -0.21786 -0.0732303 0.106588 0.0125
14 -0.234227 -0.0619963 0.104155 0.0125
15 -0.247411 -0.0480469 0.0985347 0.0125
16 -0.264238 -0.0374158 0.0965793 0.0125
5 -0.283027 -0.0307886 0.0948305 0.0125
17 -0.180706 -0.0469242 0.0915289 0.0125
18 -0.0476912 0.0779357 0.0431776 0.0125
20 -0.01245 0.107872 0.0308704 0.0125
e_2_8 2 8 1 0.0125 -0.187707 -0.0767271 0.0903901 -0.305762 0.814201 -0.44118 0.22124 0.040302
e_8_9 8 9 2 0.0125 -0.166579 -0.0672152 0.0698207 0.217018 0.572321 0.672893 0.415412 0.02197
e_9_10 9 10 3 0.0125 -0.148306 -0.0588297 0.0558213 0.250095 0.446225 0.768528 0.384318 0.02706
e_10_11 10 11 4 0.0125 -0.130415 -0.049274 0.0435421 0.504531 -0.159936 0.830955 0.171412 0.020544
e_11_12 11 12 5 0.0125 -0.114313 -0.0417924 0.0339214 0.280493 0.504263 0.710438 0.402889 0.020006
e_12_6 12 6 6 0.0125 -0.0984817 -0.0350693 0.0236415 0.393775 0.17073 0.851042 0.302524 0.020118
e_2_13 2 13 1 0.0125 -0.209132 -0.0780285 0.105695 0.729313 -0.230693 -0.634126 -0.112991 0.02
e_13_14 13 14 2 0.0125 -0.226044 -0.067614 0.105372 0.644316 -0.267599 -0.699438 -0.15503 0.02
e_14_15 14 15 3 0.0125 -0.240819 -0.0550216 0.101345 0.562008 -0.35367 -0.717935 -0.208889 0.02
e_15_16 15 16 4 0.0125 -0.255825 -0.0427318 0.0975569 0.655709 -0.250691 -0.697168 -0.145453 0.02
e_16_5 16 5 5 0.0125 -0.273633 -0.0341024 0.0957052 0.668014 -0.139336 -0.724076 -0.100282 0.02
e_2_17 2 17 1 0.0125 -0.190555 -0.0648759 0.0981646 0.523952 -0.808428 0.0246181 -0.267043 0.043048
e_17_18 17 18 2 0.0125 -0.114199 0.0155057 0.0673529 0.605825 -0.605049 0.511867 -0.0698866 0.188735
e_18_19 18 19 3 0.0125 -0.0400654 0.0851203 0.0403463 0.603512 -0.609985 0.508279 -0.0731019 0.021705
e_19_20 19 20 4 0.0125 -0.0224443 0.100088 0.0341929 0.610741 -0.47413 0.634075 0.0120131 0.026194
e_20_1 20 1 5 0.0125 -0.00320355 0.11206 0.0304499 0.662095 -0.0925496 0.715614 0.20239 0.020318
e_1_21 1 21 1 0.0125 0.0107162 0.122963 0.0425991 0.954599 -0.217574 0.183353 0.0882295 0.029995
e_21_22 21 22 2 0.0125 0.0201688 0.133466 0.0669225 0.961919 -0.119724 0.204518 0.136198 0.026483
e_22_23 22 23 3 0.0125 0.0289958 0.142135 0.0871608 0.944396 -0.221958 0.224151 0.0927711 0.021185
e_23_4 23 4 4 0.0125 0.0375262 0.154637 0.102469 0.897274 -0.37495 0.232158 0.0203563 0.022338
e_1_24 1 24 1 0.0125 -0.000457734 0.113391 0.0370725 0.915756 0.109215 -0.368732 0.116187 0.02
e_24_25 24 25 2 0.0125 -0.0113273 0.109301 0.0530241 0.965083 0.0354702 -0.230765 0.118759 0.02
e_25_26 25 26 3 0.0125 -0.0211116 0.108664 0.07032 0.956245 -0.0515115 -0.279388 0.0698953 0.02
e_26_27 26 27 4 0.0125 -0.0302309 0.107649 0.087854 0.969206 0.0554239 -0.198763 0.134392 0.02
e_27_3 27 3 5 0.0125 -0.037632 0.104625 0.106185 0.970556 0.0463466 -0.196728 0.131041 0.02
4 25 24
3 0.0584154 0.182947 0.251209 0.0125
26 0.0599916 0.202112 0.245715 0.0125
25 0.0593074 0.221433 0.240593 0.0125
24 0.0582141 0.241037 0.236787 0.0125
23 0.0573265 0.260613 0.232789 0.0125
4 0.00650872 0.244801 0.148089 0.0125
22 0.016607 0.250325 0.167513 0.0125
21 0.0266843 0.254833 0.184638 0.0125
20 0.0419116 0.2631 0.202606 0.0125
6 -0.138731 -0.0183525 0.0114742 0.0125
11 -0.12253 -0.0086418 0.018563 0.0125
10 -0.108085 -0.00221556 0.0310286 0.0125
9 -0.0940895 0.00480609 0.0436512 0.0125
2 -0.0197227 0.0305642 0.0864374 0.0125
19 0.0512855 0.262938 0.214592 0.0125
8 -0.0761955 0.0110049 0.0539585 0.0125
12 -0.0305895 0.0448823 0.0952069 0.0125
13 -0.0428022 0.0584999 0.103295 0.0125
14 -0.0549864 0.0721468 0.111375 0.0125
15 -0.0614652 0.0878204 0.121976 0.0125
5 -0.0682645 0.103603 0.132208 0.0125
16 0.0179279 0.190695 0.155363 0.0125
17 0.023673 0.217272 0.167562 0.0125
18 0.0367366 0.246308 0.193123 0.0125
1 0.0602033 0.278387 0.224082 0.0125
e_2_8 2 8 1 0.0125 -0.0479593 0.020785 0.070198 0.480267 -0.0136359 -0.859395 0.174923 0.06802
e_8_9 8 9 2 0.0125 -0.0851428 0.00790535 0.0488045 0.479983 -0.0136462 -0.859565 0.174865 0.021561
e_9_10 9 10 3 0.0125 -0.101088 0.00129495 0.0373398 0.429549 0.326228 -0.841064 0.0409271 0.020111
e_10_11 10 11 4 0.0125 -0.115308 -0.00542899 0.0247957 0.425849 0.177377 -0.882105 0.0952978 0.020134
e_11_6 11 6 5 0.0125 -0.130629 -0.0134974 0.0150183 0.56599 0.342097 -0.747439 0.0629344 0.020174
e_2_12 2 12 1 0.0125 -0.0251566 0.0377236 0.0908218 0.759951 -0.520417 -0.0997057 0.376428 0.02
e_12_13 12 13 2 0.0125 -0.036696 0.0516916 0.0992501 0.747705 -0.526994 -0.14169 0.378337 0.02
e_13_14 13 14 3 0.0125 -0.0488946 0.0653232 0.107335 0.747556 -0.527493 -0.14044 0.378401 0.02
e_14_15 14 15 4 0.0125 -0.058226 0.079984 0.116675 0.794866 -0.484406 0.0186433 0.364954 0.02
e_15_5 15 5 5 0.0125 -0.0648645 0.0957118 0.127091 0.788127 -0.493958 0.0143124 0.366957 0.02
e_2_16 2 16 1 0.0125 -0.000897358 0.11063 0.1209 0.766275 -0.446633 0.327555 0.325653 0.178354
e_16_17 16 17 2 0.0125 0.0208005 0.203984 0.161463 0.772977 -0.444336 0.312885 0.327376 0.029802
e_17_18 17 18 3 0.0125 0.0302045 0.23179 0.180342 0.850143 -0.312686 0.298685 0.300453 0.04083
e_18_19 18 19 4 0.0125 0.0440104 0.254623 0.203857 0.881199 -0.205697 0.330547 0.268173 0.030809
e_19_1 19 1 5 0.0125 0.0557444 0.270663 0.219337 0.806378 -0.332168 0.393479 0.29085 0.020205
e_1_20 1 20 1 0.0125 0.0510566 0.270743 0.213344 0.358683 0.847014 -0.342381 -0.191544 0.032086
e_20_21 20 21 2 0.0125 0.0342979 0.258966 0.193622 0.36187 0.635845 -0.674998 -0.0955447 0.024961
e_21_22 21 22 3 0.0125 0.0216459 0.252579 0.176076 -0.26973 -0.114542 0.952428 -0.0836997 0.020374
e_22_4 22 4 4 0.0125 0.0115581 0.247563 0.157802 -0.212032 0.133771 0.955121 -0.15777 0.022578
e_1_23 1 23 1 0.0125 0.058765 0.269501 0.228435 0.846676 0.521359 -0.102524 0.02854 0.02
e_23_24 23 24 2 0.0125 0.0577703 0.250825 0.234788 0.773648 0.62971 0.0593113 -0.0376369 0.02
e_24_25 24 25 3 0.0125 0.0587607 0.231235 0.23869 0.770422 0.632597 0.0683377 -0.0400033 0.02
e_25_26 25 26 4 0.0125 0.0596498 0.211772 0.243153 0.79212 0.608537 0.0403805 -0.0244567 0.02
e_26_3 26 3 5 0.0125 0.0592032 0.192529 0.248462 0.798203 0.601008 -0.0376821 -0.0155183 0.02
5 26 25
3 0.229825 0.101544 0.109477 0.0125
27 0.204365 0.0767369 0.100548 0.0125
26 0.179366 0.0519513 0.0907957 0.0125
4 0.238425 -0.0269548 0.117134 0.0125
25 0.220537 -0.0110656 0.105763 0.0125
24 0.205036 0.00344932 0.0976961 0.0125
23 0.185171 0.0201938 0.090457 0.0125
1 0.166193 0.0308501 0.0807729 0.0125
22 0.147769 0.030099 0.0885186 0.0125
21 0.130704 0.028954 0.0988886 0.0125
12 -0.00454833 0.0179444 0.136552 0.0125
11 -0.0200164 0.00558422 0.131324 0.0125
10 -0.0332781 -0.00966786 0.126554 0.0125
9 -0.048545 -0.0247605 0.117014 0.0125
2 -0.1016 -0.0547402 0.0966849 0.0125
19 0.0969542 0.0220893 0.119175 0.0125
8 -0.0767799 -0.0413435 0.106247 0.0125
6 0.0135885 0.0285422 0.13702 0.0125
13 -0.078901 -0.0323597 0.081665 0.0125
5 -0.0309748 0.000523852 0.0531023 0.0125
14 -0.00537223 0.00530639 0.110443 0.0125
15 0.0137519 0.0116586 0.115247 0.0125
16 0.0347488 0.0125629 0.118332 0.0125
17 0.0574856 0.0165024 0.121104 0.0125
18 0.0777022 0.0186401 0.123562 0.0125
20 0.114096 0.0261864 0.109711 0.0125
e_2_8 2 8 1 0.0125 -0.0891896 -0.0480416 0.101466 0.442057 -0.580758 0.0466555 -0.682003 0.029782
e_8_9 8 9 2 0.0125 -0.0626617 -0.0330521 0.11163 0.186411 -0.560384 -0.172639 -0.7883 0.034469
e_9_10 9 10 3 0.0125 -0.0409114 -0.0172135 0.121784 -0.450726 -0.120828 -0.531365 -0.707035 0.023492
e_10_11 10 11 4 0.0125 -0.0266475 -0.0020414 0.128939 -0.730907 0.289072 -0.549163 -0.283959 0.020767
e_11_12 11 12 5 0.0125 -0.0122822 0.011765 0.133938 -0.711954 0.13321 -0.595487 -0.347521 0.020478
e_12_6 12 6 6 0.0125 0.00452022 0.023244 0.136786 -0.145061 0.662709 0.222917 0.700059 0.021012
e_2_13 2 13 1 0.0125 -0.0902513 -0.0435499 0.0891754 -0.344958 0.841856 0.06628 0.409743 0.035238
e_13_5 13 5 2 0.0125 -0.054938 -0.015918 0.0673841 -0.184706 0.823602 0.205426 0.495341 0.064762
e_2_14 2 14 1 0.0125 -0.0534863 -0.0247176 0.103564 -0.326825 0.659448 0.0701667 0.673343 0.114257
e_14_15 14 15 2 0.0125 0.00418989 0.00848257 0.112844 0.778888 -0.121706 0.607652 0.0963331 0.020716
e_15_16 15 16 3 0.0125 0.0242508 0.0121111 0.116789 0.747302 0.0749217 0.649441 0.118966 0.021242
e_16_17 16 17 4 0.0125 0.0461173 0.0145333 0.119718 0.701845 0.120043 0.652638 0.258974 0.023241
e_17_18 17 18 5 0.0125 0.0675946 0.0175711 0.122333 0.720911 0.109779 0.65417 0.200743 0.020478
e_18_19 18 19 6 0.0125 0.0873282 0.0203647 0.121369 0.366434 0.54174 0.562091 0.506258 0.020044
e_19_20 19 20 7 0.0125 0.105525 0.0241378 0.114443 0.162852 0.728289 0.45403 0.486755 0.020005
e_20_21 20 21 8 0.0125 0.1224 0.0275702 0.1043 0.185932 0.741952 0.468885 0.441682 0.020015
e_21_22 21 22 9 0.0125 0.139237 0.0295261 0.0937036 0.261826 0.704164 0.513207 0.414992 0.020001
e_22_1 22 1 10 0.0125 0.156981 0.0304739 0.0846456 0.356912 0.614149 0.562559 0.423041 0.02
e_1_23 1 23 1 0.0125 0.175681 0.0255221 0.0856149 0.748785 0.0242738 0.544195 -0.377604 0.023822
e_23_24 23 24 2 0.0125 0.195103 0.011822 0.0940766 0.726673 0.1665 0.581451 -0.32579 0.02697
e_24_25 24 25 3 0.0125 0.212786 -0.00380771 0.10173 0.718356 0.136337 0.551214 -0.40192 0.022716
e_25_4 25 4 4 0.0125 0.229481 -0.0190098 0.111448 0.717009 0.0893391 0.526693 -0.447785 0.026491
e_1_26 1 26 1 0.0125 0.17278 0.0414009 0.0857844 -0.596719 0.136123 -0.54278 -0.57514 0.026819
e_26_27 26 27 2 0.0125 0.191865 0.0643434 0.0956718 -0.703145 0.175111 -0.579518 -0.372938 0.036528
e_27_3 27 3 3 0.0125 0.217095 0.0891406 0.105012 -0.730556 0.231829 -0.569609 -0.296797 0.036653
6 22 21
3 -0.244351 0.0749097 0.105366 0.0125
23 -0.228191 0.058207 0.0986574 0.0125
22 -0.19783 0.0124468 0.0996175 0.0125
4 -0.234813 -0.0891115 0.0662399 0.0125
21 -0.227884 -0.0693466 0.0783039 0.0125
20 -0.219165 -0.0504895 0.0861792 0.0125
11 0.0923907 0.0371804 0.0972282 0.0125
6 0.138831 -0.0533219 0.0112662 0.0125
10 0.12967 -0.0361113 0.016616 0.0125
9 0.122085 -0.0198371 0.0261178 0.0125
2 0.100065 0.0549152 0.102386 0.0125
19 -0.149477 -0.000824678 0.0996814 0.0125
8 0.11436 -0.00369337 0.0396854 0.0125
12 0.083087 0.0201069 0.0925487 0.0125
13 0.073893 0.0030805 0.0874906 0.0125
14 0.0658854 -0.015245 0.0877482 0.0125
5 0.0587056 -0.0334293 0.0919637 0.0125
15 0.0209459 0.0412776 0.114624 0.0125
16 -0.0236696 0.0306488 0.114391 0.0125
17 -0.0644539 0.020836 0.111061 0.0125
18 -0.0932481 0.0152427 0.107525 0.0125
1 -0.19124 -0.00729928 0.101316 0.0125
e_2_8 2 8 1 0.0125 0.107212 0.0256105 0.0710365 0.306299 0.86442 -0.33628 0.214184 0.087009
e_8_9 8 9 2 0.0125 0.118222 -0.011766 0.0329014 0.343875 0.869701 -0.21375 0.282278 0.022459
e_9_10 9 10 3 0.0125 0.125878 -0.0279746 0.0213671 0.429218 0.84679 -0.129671 0.286189 0.020314
e_10_6 10 6 4 0.0125 0.13425 -0.0447168 0.0139412 0.532942 0.795157 -0.00640819 0.289235 0.020218
e_2_11 2 11 1 0.0125 0.0962273 0.0460478 0.0998077 0.609131 0.72552 -0.32025 0.00443297 0.02
e_11_12 11 12 2 0.0125 0.0877382 0.0286439 0.0948883 0.618234 0.706048 -0.344237 -0.0280057 0.02
e_12_13 12 13 3 0.0125 0.0784902 0.0115931 0.0900194 0.610713 0.710805 -0.348137 -0.0242454 0.02
e_13_14 13 14 4 0.0125 0.0698885 -0.00608204 0.0876193 0.710716 0.657249 -0.248183 -0.0362204 0.02
e_14_5 14 5 5 0.0125 0.0622948 -0.0243369 0.0898558 0.775776 0.600277 -0.185107 -0.0597959 0.02
e_2_15 2 15 1 0.0125 0.060506 0.0480962 0.108505 0.667868 0.401899 -0.512966 -0.359577 0.081212
e_15_16 15 16 2 0.0125 -0.0013614 0.0359635 0.114508 0.627861 0.46041 -0.539038 -0.321325 0.045865
e_16_17 16 17 3 0.0125 -0.0440613 0.0257426 0.112726 0.603518 0.479275 -0.556649 -0.310167 0.04208
e_17_18 17 18 4 0.0125 -0.0788503 0.0180391 0.109293 0.582875 0.476176 -0.577148 -0.316882 0.029545
e_18_19 18 19 5 0.0125 -0.121362 0.00720903 0.103603 0.591183 0.50428 -0.558724 -0.289883 0.059004
e_19_1 19 1 6 0.0125 -0.170359 -0.00406217 0.100499 0.629824 0.425775 -0.547166 -0.350209 0.042294
e_1_20 1 20 1 0.0125 -0.205202 -0.028895 0.0937471 0.597283 0.703614 -0.382223 -0.0456661 0.053613
e_20_21 20 21 2 0.0125 -0.223525 -0.0599183 0.0822417 0.568068 0.741649 -0.356626 0.00858189 0.022217
e_21_4 21 4 3 0.0125 -0.231349 -0.0792287 0.0722717 0.497515 0.781349 -0.372903 0.0539996 0.02417
e_1_22 1 22 1 0.0125 -0.194535 0.002574 0.100466 0.258387 -0.0507459 -0.733543 -0.626559 0.020886
e_22_23 22 23 2 0.0125 -0.21301 0.0353273 0.0991378 0.360119 0.032933 -0.712498 -0.601312 0.054925
e_23_3 23 3 3 0.0125 -0.236271 0.0665592 0.102012 0.526831 0.0295012 -0.600391 -0.600924 0.024189
7 26 25
3 0.109982 -0.197158 0.083263 0.0125
27 0.123248 -0.177337 0.0826093 0.0125
26 0.130311 -0.15488 0.0787671 0.0125
25 0.137409 -0.13052 0.0746099 0.0125
4 0.162478 -0.184245 0.0125613 0.0125
24 0.159783 -0.169502 0.0261359 0.0125
23 0.156907 -0.154876 0.0397622 0.0125
22 0.152421 -0.127268 0.0606391 0.0125
1 0.145566 -0.105602 0.0702674 0.0125
21 0.136118 -0.0892664 0.077443 0.0125
6 0.0338386 0.110582 0.248297 0.0125
11 0.0480682 0.123681 0.23751 0.0125
10 0.0634547 0.133522 0.229107 0.0125
9 0.0803869 0.139588 0.219636 0.0125
2 0.149509 0.16603 0.173393 0.0125
19 0.126774 -0.0545645 0.0967362 0.0125
8 0.0994638 0.145338 0.205041 0.0125
12 0.16322 0.196236 0.17347 0.0125
13 0.174139 0.220686 0.173561 0.0125
14 0.178657 0.239443 0.178847 0.0125
5 0.179847 0.259448 0.179348 0.0125
15 0.126995 0.0670173 0.150016 0.0125
16 0.119968 0.0161648 0.132228 0.0125
17 0.117372 -0.0169755 0.113249 0.0125
18 0.121746 -0.0363032 0.104056 0.0125
20 0.130418 -0.0723406 0.0866104 0.0125
e_2_8 2 8 1 0.0125 0.124486 0.155684 0.189217 -0.0931125 -0.477709 -0.139702 0.862327 0.062724
e_8_9 8 9 2 0.0125 0.0899247 0.142463 0.212338 -0.0135315 -0.434951 -0.123932 0.891782 0.024698
e_9_10 9 10 3 0.0125 0.0719202 0.136555 0.224371 -0.138353 -0.508228 -0.093392 0.844891 0.020327
e_10_11 10 11 4 0.0125 0.0557611 0.128602 0.233308 -0.157062 -0.500703 -0.200769 0.827236 0.020104
e_11_6 11 6 5 0.0125 0.040953 0.117132 0.242904 0.0297529 -0.360525 -0.355634 0.861778 0.022146
e_2_12 2 12 1 0.0125 0.156364 0.181134 0.173431 0.378208 -0.0968182 0.699618 0.59843 0.033172
e_12_13 12 13 2 0.0125 0.168679 0.208461 0.173516 0.376494 -0.0987677 0.69896 0.59996 0.026777
e_13_14 13 14 3 0.0125 0.176398 0.230064 0.176204 0.36616 -0.145528 0.588811 0.705727 0.020004
e_14_5 14 5 4 0.0125 0.179251 0.249445 0.179098 0.259901 -0.214406 0.664474 0.66705 0.020046
e_2_15 2 15 1 0.0125 0.138252 0.116524 0.161705 0.0948116 0.287609 0.727639 -0.615495 0.104197
e_15_16 15 16 2 0.0125 0.123482 0.0415915 0.141122 0.122879 0.280004 0.765051 -0.566742 0.05433
e_16_17 16 17 3 0.0125 0.11867 -0.000404779 0.122738 0.0801451 0.204275 0.840344 -0.495651 0.038279
e_17_18 17 18 4 0.0125 0.119559 -0.0266392 0.108653 0.335344 0.366746 0.758882 -0.420879 0.021845
e_18_19 18 19 5 0.0125 0.12426 -0.0454336 0.100396 0.401082 0.40973 0.715801 -0.398602 0.020306
e_19_20 19 20 6 0.0125 0.128595 -0.0634528 0.091673 0.278816 0.320665 0.800508 -0.422638 0.020779
e_20_21 20 21 7 0.0125 0.133268 -0.0808029 0.082027 0.360092 0.361763 0.772951 -0.376839 0.020076
e_21_1 21 1 8 0.0125 0.140842 -0.097434 0.0738556 0.495542 0.420982 0.707449 -0.276997 0.020189
e_1_22 1 22 1 0.0125 0.148993 -0.116435 0.0654534 0.39746 0.397505 0.732837 -0.38336 0.02468
e_22_23 22 23 2 0.0125 0.154664 -0.141072 0.0502011 0.186892 0.237583 0.861762 -0.407422 0.034902
e_23_24 23 24 3 0.0125 0.158345 -0.162189 0.032949 0.160699 0.195804 0.893881 -0.369884 0.020196
e_24_4 24 4 4 0.0125 0.16113 -0.176873 0.0193486 0.156093 0.194561 0.893196 -0.374141 0.020222
e_1_25 1 25 1 0.0125 0.141488 -0.118061 0.0724389 0.742416 0.644417 -0.0550641 -0.174678 0.026576
e_25_26 25 26 2 0.0125 0.13386 -0.142701 0.0766885 0.734194 0.647377 -0.00774631 -0.204455 0.025712
e_26_27 26 27 3 0.0125 0.12678 -0.166108 0.0806889 0.73675 0.646941 -0.0303423 -0.194285 0.023852
e_27_3 27 3 4 0.0125 0.116615 -0.187247 0.0829361 -0.716695 -0.576236 0.392764 -0.00606104 0.02386
8 23 22
3 0.0683448 -0.0356243 0.125073 0.0125
24 0.00927464 0.0070396 0.15722 0.0125
4 0.0866712 0.00706976 0.194039 0.0125
23 0.0671437 0.0102353 0.183968 0.0125
22 0.0435371 0.0136505 0.176224 0.0125
21 0.0177582 0.0152524 0.167449 0.0125
1 -0.00710036 0.0178353 0.162672 0.0125
12 0.232022 -0.175729 0.0837398 0.0125
11 0.238031 -0.157078 0.0879328 0.0125
10 0.249395 -0.139885 0.0903851 0.0125
9 0.258966 -0.122229 0.0919724 0.0125
2 0.274189 -0.057264 0.108766 0.0125
19 0.0406729 0.0024288 0.164872 0.0125
8 0.263721 -0.0972158 0.096078 0.0125
6 0.221412 -0.192549 0.0810731 0.0125
13 0.252508 -0.0560514 0.0959731 0.0125
14 0.233531 -0.0551456 0.0759597 0.0125
15 0.218173 -0.0545467 0.0593416 0.0125
5 0.203763 -0.0543167 0.0394466 0.0125
16 0.152901 -0.0355372 0.148877 0.0125
17 0.0940558 -0.0165728 0.160152 0.0125
18 0.0628652 -0.00641569 0.1657 0.0125
20 0.0129757 0.0130296 0.164696 0.0125
e_2_8 2 8 1 0.0125 0.268954 -0.0772402 0.102422 0.593652 0.767827 -0.239324 0.0272592 0.043206
e_8_9 8 9 2 0.0125 0.261343 -0.109722 0.0940256 0.64399 0.726322 -0.228148 0.0753791 0.02579
e_9_10 9 10 3 0.0125 0.25418 -0.131057 0.0911788 0.675979 0.674262 -0.291156 -0.0604283 0.020146
e_10_11 10 11 4 0.0125 0.243713 -0.148481 0.0891589 0.655355 0.682021 -0.306472 -0.106921 0.020755
e_11_12 11 12 5 0.0125 0.235026 -0.166404 0.0858366 0.628684 0.735424 -0.252514 0.012006 0.020038
e_12_6 12 6 6 0.0125 0.226717 -0.18414 0.0824067 0.651064 0.689327 -0.302182 -0.0981304 0.020065
e_2_13 2 13 1 0.0125 0.263348 -0.056657 0.10237 0.167218 0.79981 -0.337797 -0.467157 0.025204
e_13_14 13 14 2 0.0125 0.243019 -0.0555989 0.0859659 0.0942077 0.886005 -0.278623 -0.358453 0.027595
e_14_15 14 15 3 0.0125 0.225852 -0.0548465 0.0676501 0.0945451 0.889229 -0.276297 -0.352127 0.022636
e_15_5 15 5 4 0.0125 0.210968 -0.0544321 0.0493944 0.0765318 0.917614 -0.250809 -0.2987 0.024566
e_2_16 2 16 1 0.0125 0.213544 -0.0464006 0.128822 0.531423 0.368106 -0.457965 -0.61021 0.129583
e_16_17 16 17 2 0.0125 0.123478 -0.026055 0.154515 0.342166 0.458251 -0.447548 -0.687481 0.062845
e_17_18 17 18 3 0.0125 0.0784608 -0.0114946 0.162926 0.33031 0.466953 -0.445622 -0.688673 0.033269
e_18_19 18 19 4 0.0125 0.0517686 -0.00199346 0.165286 0.148906 0.595537 -0.403311 -0.678604 0.023905
e_19_20 19 20 5 0.0125 0.0268247 0.00772923 0.164784 0.176175 0.577982 -0.410969 -0.682645 0.029656
e_20_1 20 1 6 0.0125 0.00293807 0.0154325 0.163685 0.229209 0.618365 -0.407955 -0.631396 0.020743
e_1_21 1 21 1 0.0125 0.00532951 0.0165442 0.16506 0.279935 0.614495 0.168904 0.717986 0.025445
e_21_22 21 22 2 0.0125 0.0306482 0.0144518 0.171837 0.304484 0.552464 0.184213 0.75375 0.027279
e_22_23 22 23 3 0.0125 0.055341 0.0119426 0.180096 0.336851 0.564042 0.16575 0.735469 0.025077
e_23_4 23 4 4 0.0125 0.0769081 0.00865218 0.189003 0.395296 0.495879 0.165113 0.755369 0.022199
e_1_24 1 24 1 0.0125 0.00108757 0.0124368 0.159946 0.351931 0.795605 0.030139 0.492188 0.020357
e_24_3 24 3 2 0.0125 0.0388095 -0.0142927 0.141146 0.324954 0.837692 0.00995447 0.438836 0.079643
9 22 21
3 0.335241 0.0447698 0.117358 0.0125
23 0.324582 0.0357529 0.103037 0.0125
22 0.310022 0.0258297 0.0935752 0.0125
21 0.294766 0.0141803 0.08796 0.0125
20 0.279113 0.00213242 0.0848195 0.0125
4 0.333417 -0.0259216 0.0124253 0.0125
10 0.0149839 -0.0488163 0.178721 0.0125
5 0.00460818 -0.0751047 0.0954989 0.0125
6 -0.0203212 -0.0117634 0.33497 0.0125
9 0.00244125 -0.0534161 0.166404 0.0125
2 -0.00190816 -0.0464638 0.190887 0.0125
19 0.319309 -0.0193088 0.0265321 0.0125
8 -0.00938275 -0.041383 0.210621 0.0125
11 0.111713 -0.0466972 0.12907 0.0125
12 0.160223 -0.047187 0.116226 0.0125
13 0.190999 -0.0454132 0.111069 0.0125
14 0.214132 -0.039528 0.0996402 0.0125
15 0.232755 -0.034908 0.0928934 0.0125
16 0.24842 -0.0242286 0.0862135 0.0125
1 0.263353 -0.00928788 0.0802187 0.0125
18 0.30304 -0.0172601 0.0386351 0.0125
17 0.282534 -0.0142632 0.0543151 0.0125
e_2_8 2 8 1 0.0125 -0.00564545 -0.0439234 0.200754 0.939903 -0.163371 -0.136841 0.266772 0.021705
e_8_6 8 6 2 0.0125 -0.0148522 -0.0265731 0.272796 0.958691 -0.123477 -0.0114926 0.255995 0.128295
e_2_9 2 9 1 0.0125 0.000266151 -0.0499402 0.178646 -0.109345 -0.184624 -0.969548 0.118042 0.02582
e_9_5 9 5 2 0.0125 0.00352494 -0.0642605 0.130951 -0.0392125 -0.164869 -0.975063 0.143296 0.07418
e_2_10 2 10 1 0.0125 0.00653786 -0.0476401 0.184804 0.457387 0.0820334 0.885226 -0.0210413 0.02095
e_10_11 10 11 2 0.0125 0.0633483 -0.0477568 0.153896 0.520737 -0.0569921 0.851491 -0.023408 0.108749
e_11_12 11 12 3 0.0125 0.135968 -0.0469421 0.122648 0.6089 0.0542059 0.790592 0.0355831 0.050183
e_12_13 12 13 4 0.0125 0.17561 -0.0462995 0.113648 0.644791 0.00533454 0.763203 0.0416783 0.031255
e_13_14 13 14 5 0.0125 0.202565 -0.0424707 0.105354 0.530047 -0.293447 0.793609 -0.0558852 0.026465
e_14_15 14 15 6 0.0125 0.223443 -0.0372184 0.0962662 0.57737 -0.235192 0.781359 -0.0284177 0.02034
e_15_16 15 16 7 0.0125 0.240588 -0.0295681 0.0895531 0.575081 -0.522639 0.626918 -0.0557149 0.020101
e_16_1 16 1 8 0.0125 0.255886 -0.0167586 0.0832156 0.601326 -0.603723 0.521545 -0.0437751 0.021958
e_1_17 1 17 1 0.0125 0.272943 -0.0117758 0.0672668 0.299981 -0.102073 0.94165 -0.113522 0.032614
e_17_18 17 18 2 0.0125 0.292787 -0.0157617 0.0464751 0.44447 0.0741306 0.892291 -0.0276883 0.025987
e_18_19 18 19 3 0.0125 0.311175 -0.0182845 0.0325839 0.449606 0.0514806 0.891223 -0.0304269 0.02038
e_19_4 19 4 4 0.0125 0.326363 -0.0226151 0.0194791 0.397159 0.546808 0.732522 0.0817145 0.021019
e_1_20 1 20 1 0.0125 0.271233 -0.00357812 0.0825193 0.781788 -0.32329 0.529586 0.0618794 0.02
e_20_21 20 21 2 0.0125 0.28694 0.00815597 0.0863899 0.75922 -0.364282 0.537386 0.0458219 0.02
e_21_22 21 22 3 0.0125 0.302394 0.020005 0.0907668 0.79705 -0.320082 0.507134 0.0712363 0.02
e_22_23 22 23 4 0.0125 0.317302 0.0307917 0.0983061 0.85068 -0.230345 0.458663 0.113636 0.02
e_23_3 23 3 5 0.0125 0.329912 0.0402616 0.110197 0.911494 -0.188296 0.326416 0.164849 0.02
