9
1 16 15
3 -0.0394342 4.18743e-05 0.0161952 0.0125
17 -0.0733595 -0.0091463 0.0114978 0.0125
4 -0.178952 -0.116704 0.0242248 0.0125
16 -0.153298 -0.0644288 0.0166636 0.0125
1 -0.135175 -0.0277021 0.0114966 0.0125
15 -0.128775 -0.013393 0.0242124 0.0125
14 -0.120093 0.00255228 0.032654 0.0125
13 -0.112333 0.0187972 0.0419981 0.0125
12 -0.111395 0.0371338 0.0523135 0.0125
11 -0.110265 0.0584938 0.0640539 0.0125
8 -0.101887 0.134247 0.0922585 0.0125
2 -0.172013 0.208932 0.165969 0.0125
9 -0.173061 0.243069 0.184388 0.0125
6 -0.0853299 0.120906 0.0815876 0.0125
5 -0.156472 0.295755 0.210733 0.0125
10 -0.118871 0.113579 0.093848 0.0125
e_2_8 2 8 1 0.0125 -0.13695 0.17159 0.129114 0.433951 0.804676 0.380154 0.140238 0.126209
e_8_6 8 6 2 0.0125 -0.0936088 0.127576 0.0869234 0.415552 0.0174547 0.850857 -0.321021 0.023791
e_2_9 2 9 1 0.0125 -0.172537 0.226001 0.175179 0.820644 -0.484938 -0.165814 -0.252752 0.038803
e_9_5 9 5 2 0.0125 -0.164766 0.269412 0.197561 0.787496 -0.532382 -0.0363638 -0.308377 0.061197
e_2_10 2 10 1 0.0125 -0.145442 0.161256 0.129909 0.227649 0.745692 -0.468576 0.415398 0.130835
e_10_11 10 11 2 0.0125 -0.114568 0.0860373 0.0789507 0.332856 0.649517 -0.560167 0.391852 0.063215
e_11_12 11 12 3 0.0125 -0.11083 0.0478138 0.0581837 0.337055 0.53461 -0.674364 0.381862 0.0244
e_12_13 12 13 4 0.0125 -0.111864 0.0279655 0.0471558 0.329195 0.528398 -0.682431 0.383033 0.021059
e_13_14 13 14 5 0.0125 -0.116213 0.0106754 0.0373261 0.397379 0.352959 -0.778294 0.334318 0.020284
e_14_15 14 15 6 0.0125 -0.124434 -0.00542048 0.0284341 0.428818 0.347134 -0.768312 0.324514 0.020022
e_15_1 15 1 7 0.0125 -0.131975 -0.0205473 0.0178545 0.271187 0.233504 -0.872056 0.333845 0.020184
e_1_16 1 16 1 0.0125 -0.144237 -0.0460656 0.0140806 0.711216 0.469415 -0.465893 0.238252 0.04128
e_16_4 16 4 2 0.0125 -0.166125 -0.0905666 0.0204442 0.712723 0.470201 -0.463178 0.237494 0.05872
e_1_17 1 17 1 0.0125 -0.104268 -0.0184246 0.011497 0.556446 -0.577871 0.407494 -0.436327 0.06454
e_17_3 17 3 2 0.0125 -0.0563975 -0.00455191 0.0138465 0.623564 -0.498507 0.430425 -0.421181 0.03546
2 22 21
3 0.129823 0.164698 0.0118292 0.0125
23 0.120584 0.150803 0.0228557 0.0125
22 0.111241 0.136818 0.0338457 0.0125
21 0.0979579 0.124792 0.0508042 0.0125
4 0.0633032 0.0223446 0.0274929 0.0125
20 0.0676648 0.042729 0.0364713 0.0125
6 0.385925 -0.138689 0.0472826 0.0125
11 0.369966 -0.139956 0.0352913 0.0125
10 0.352914 -0.139797 0.0246537 0.0125
9 0.334079 -0.135721 0.0183742 0.0125
2 0.246189 -0.124981 0.0122206 0.0125
19 0.0744482 0.0614089 0.0447785 0.0125
8 0.269143 -0.133064 0.0120733 0.0125
12 0.22619 -0.0703932 0.018141 0.0125
5 0.221782 -0.0294032 0.0234265 0.0125
13 0.143282 -0.0153045 0.0245583 0.0125
14 0.128354 0.00595375 0.0338642 0.0125
15 0.112657 0.0292989 0.0480142 0.0125
16 0.102099 0.0529102 0.0579934 0.0125
17 0.0933845 0.0765959 0.060547 0.0125
1 0.0792658 0.107447 0.0751237 0.0125
18 0.075553 0.0891616 0.0595463 0.0125
e_2_8 2 8 1 0.0125 0.257666 -0.129023 0.0121468 0.624897 -0.100841 0.70204 -0.326306 0.024337
e_8_9 8 9 2 0.0125 0.301611 -0.134392 0.0152234 0.698408 -0.197129 0.642563 -0.245925 0.065295
e_9_10 9 10 3 0.0125 0.343497 -0.137759 0.0215137 0.716062 -0.157554 0.565934 -0.377028 0.020269
e_10_11 10 11 4 0.0125 0.36144 -0.139876 0.0299729 0.781105 -0.21404 0.435371 -0.393082 0.020098
e_11_6 11 6 5 0.0125 0.377945 -0.139322 0.041287 0.79958 -0.231451 0.382976 -0.400539 0.020002
e_2_12 2 12 1 0.0125 0.23619 -0.0976877 0.0151814 0.117695 -0.327502 0.584876 0.732674 0.058436
e_12_5 12 5 2 0.0125 0.223986 -0.0498989 0.020784 0.535941 -0.518385 0.409518 0.525681 0.041564
e_2_13 2 13 1 0.0125 0.194736 -0.0701426 0.0183888 -0.712402 0.593798 0.326378 -0.18266 0.1509
e_13_14 13 14 2 0.0125 0.135818 -0.00467519 0.0292106 -0.114785 0.393674 -0.419987 -0.809603 0.027594
e_14_15 14 15 3 0.0125 0.120505 0.0176261 0.0409395 0.256357 0.148065 -0.503385 -0.811765 0.031489
e_15_16 15 16 4 0.0125 0.107378 0.0411041 0.0530037 0.739501 -0.360963 -0.435575 -0.364854 0.027722
e_16_17 16 17 5 0.0125 0.0977418 0.064753 0.0592702 0.111753 -0.323712 0.587255 0.733384 0.025368
e_17_1 17 1 6 0.0125 0.0863252 0.0920223 0.0678351 0.689116 -0.28348 -0.471462 -0.47168 0.036927
e_1_18 1 18 1 0.0125 0.0774091 0.098305 0.0673344 0.0672648 0.318857 0.847802 -0.418374 0.024306
e_18_19 18 19 2 0.0125 0.0750003 0.0752858 0.0521618 0.155875 0.291687 0.806005 -0.490894 0.031457
e_19_20 19 20 3 0.0125 0.0710567 0.0520684 0.0406255 0.0614531 0.369134 0.746038 -0.55081 0.02154
e_20_4 20 4 4 0.0125 0.065484 0.0325368 0.0319821 0.110764 0.335744 0.764896 -0.538462 0.022697
e_1_21 1 21 1 0.0125 0.088612 0.116119 0.0629638 0.327412 -0.146114 0.907596 0.218453 0.035237
e_21_22 21 22 2 0.0125 0.1046 0.130805 0.0423249 0.331843 -0.147306 0.90664 0.21491 0.024672
e_22_23 22 23 3 0.0125 0.115913 0.14381 0.0283506 0.355798 -0.222255 0.850933 0.316106 0.020091
e_23_3 23 3 4 0.0125 0.125203 0.157751 0.0173429 0.35244 -0.219961 0.852816 0.316399 0.020001
3 22 21
3 -0.13954 -0.0994432 0.0901582 0.0125
23 -0.131498 -0.0838981 0.0804795 0.0125
22 -0.126131 -0.0684139 0.0690143 0.0125
21 -0.120759 -0.0527087 0.0578567 0.0125
20 -0.112009 -0.0372787 0.0486186 0.0125
4 -0.0703068 -0.111172 0.0123153 0.0125
11 0.208182 -0.0633403 0.0597502 0.0125
6 0.0508446 -0.0816133 0.121164 0.0125
10 0.0697797 -0.0822616 0.111104 0.0125
9 0.0890922 -0.0842799 0.0972075 0.0125
2 0.180784 -0.0694653 0.0491947 0.0125
19 -0.0897331 -0.0555454 0.0311899 0.0125
8 0.108139 -0.0831381 0.0878828 0.0125
12 0.228226 -0.0560141 0.0655875 0.0125
13 0.25385 -0.0555788 0.0752053 0.0125
5 0.274012 -0.0522801 0.0770055 0.0125
14 0.112777 -0.0728544 0.0299951 0.0125
15 0.0647132 -0.063759 0.0214476 0.0125
16 -0.0224739 -0.042706 0.0114846 0.0125
17 -0.0466483 -0.0331611 0.0147885 0.0125
18 -0.0660476 -0.0310509 0.0220253 0.0125
1 -0.101613 -0.0212201 0.0427857 0.0125
e_2_8 2 8 1 0.0125 0.144462 -0.0763012 0.0685388 0.846853 0.166921 -0.490187 -0.12122 0.083433
e_8_9 8 9 2 0.0125 0.0986158 -0.083709 0.0925451 0.845908 0.0708743 -0.524831 -0.0629998 0.021237
e_9_10 9 10 3 0.0125 0.0794359 -0.0832707 0.104156 0.889118 -0.0584895 -0.453416 0.0214933 0.023879
e_10_6 10 6 4 0.0125 0.0603119 -0.0819374 0.116135 0.856945 -0.0106728 -0.515167 -0.0115789 0.021451
e_2_11 2 11 1 0.0125 0.194483 -0.0664028 0.0544727 0.818458 -0.0708709 0.564807 0.0780789 0.029993
e_11_12 11 12 2 0.0125 0.218204 -0.0596772 0.0626691 0.786854 -0.125118 0.593652 0.113065 0.022125
e_12_13 12 13 3 0.0125 0.241038 -0.055797 0.0703964 0.821516 0.00976637 0.569412 0.028031 0.027372
e_13_5 13 5 4 0.0125 0.263931 -0.0539295 0.0761056 0.734356 -0.0471922 0.673705 0.0679317 0.020509
e_2_14 2 14 1 0.0125 0.146781 -0.0711599 0.0395956 0.531356 0.412665 -0.6822 -0.286307 0.070747
e_14_15 14 15 2 0.0125 0.0887454 -0.0683072 0.0257215 0.608609 -0.378575 -0.665392 0.208638 0.049658
e_15_16 15 16 3 0.0125 0.0211199 -0.0532325 0.0164657 0.62277 -0.422503 -0.613754 0.238653 0.090245
e_16_17 16 17 4 0.0125 -0.0345604 -0.0379336 0.0131364 0.706225 -0.436246 -0.496628 0.253569 0.026199
e_17_18 17 18 5 0.0125 -0.0563475 -0.0321066 0.0184071 0.820309 -0.0830235 -0.565021 0.0308353 0.020813
e_18_1 18 1 6 0.0125 -0.0838306 -0.0261355 0.0324053 0.856953 -0.192106 -0.466826 0.103927 0.042339
e_1_19 1 19 1 0.0125 -0.0956729 -0.0383823 0.0369879 0.510446 0.527971 0.610981 -0.295624 0.03813
e_19_4 19 4 2 0.0125 -0.0800197 -0.0833584 0.0217533 0.510357 0.52701 0.612202 -0.294966 0.06187
e_1_20 1 20 1 0.0125 -0.106811 -0.0292489 0.0457017 0.71515 0.59211 -0.0599068 -0.366574 0.02
e_20_21 20 21 2 0.0125 -0.116385 -0.0449937 0.0532374 0.793753 0.51395 -0.0699038 -0.317689 0.02
e_21_22 21 22 3 0.0125 -0.123445 -0.0605613 0.0634355 0.83472 0.470185 0.000578195 -0.286649 0.02
e_22_23 22 23 4 0.0125 -0.128814 -0.076156 0.0747464 0.841005 0.461889 -0.00480282 -0.281686 0.02
e_23_3 23 3 5 0.0125 -0.135519 -0.0916706 0.0853184 0.803155 0.505025 -0.0545948 -0.311305 0.02
4 20 19
3 -0.0268696 0.227679 0.0655874 0.0125
21 -0.0333907 0.207129 0.0552756 0.0125
20 -0.0404887 0.184765 0.0438404 0.0125
19 -0.0536223 0.16768 0.0305964 0.0125
11 -0.0768823 -0.130843 0.0360706 0.0125
6 0.0511535 -0.134522 0.0810013 0.0125
10 0.0129296 -0.142765 0.0706172 0.0125
9 -0.00975709 -0.141977 0.0703522 0.0125
2 -0.0931281 -0.139288 0.0463045 0.0125
8 -0.0672933 -0.13942 0.0529553 0.0125
12 -0.0377968 -0.120725 0.0219 0.0125
5 -0.0055226 -0.107257 0.012412 0.0125
13 -0.0894667 -0.0933697 0.0571178 0.0125
14 -0.0804331 -0.0306734 0.0600478 0.0125
15 -0.0764481 0.0146297 0.048268 0.0125
16 -0.0717294 0.0702912 0.0320048 0.0125
17 -0.0641136 0.122222 0.0200161 0.0125
1 -0.0598213 0.151381 0.0130957 0.0125
18 -0.0568819 0.145196 0.0663885 0.0125
4 -0.0610207 0.138562 0.111992 0.0125
e_2_8 2 8 1 0.0125 -0.0802108 -0.139354 0.0496291 0.746967 0.203134 0.578008 0.258231 0.026677
e_8_9 8 9 2 0.0125 -0.0385256 -0.140698 0.0616535 0.76184 0.213049 0.556801 0.253344 0.060163
e_9_10 9 10 3 0.0125 0.00158608 -0.14237 0.070485 0.674671 0.245501 0.658701 0.22508 0.022702
e_10_6 10 6 4 0.0125 0.0320414 -0.138644 0.0758096 0.730185 0.113536 0.598983 0.308479 0.040458
e_2_11 2 11 1 0.0125 -0.0850052 -0.135064 0.0411875 0.425113 0.0808691 0.858724 0.274468 0.020976
e_11_12 11 12 2 0.0125 -0.0573393 -0.125784 0.0289849 0.521011 0.15851 0.800291 0.250913 0.042789
e_12_5 12 5 3 0.0125 -0.0216599 -0.113991 0.0171563 0.531716 0.0868399 0.78954 0.293876 0.036236
e_2_13 2 13 1 0.0125 -0.0912972 -0.116329 0.0517117 0.573723 -0.419564 0.457925 0.533959 0.047316
e_13_14 13 14 2 0.0125 -0.0849497 -0.0620219 0.0585834 0.502017 -0.403532 0.560408 0.520657 0.063412
e_14_15 14 15 3 0.0125 -0.0784406 -0.00802185 0.0541579 0.358512 -0.405275 0.679071 0.496068 0.046979
e_15_16 15 16 4 0.0125 -0.0740882 0.0424601 0.0401364 0.344256 -0.401779 0.691618 0.491657 0.05818
e_16_17 16 17 5 0.0125 -0.0679212 0.0962564 0.026011 0.382117 -0.38453 0.680791 0.492592 0.053839
e_17_1 17 1 6 0.0125 -0.0619675 0.136802 0.0165559 0.379489 -0.383461 0.683558 0.491624 0.030275
e_1_18 1 18 1 0.0125 -0.0583522 0.148289 0.0397421 0.953304 0.063202 0.00912059 0.295184 0.053731
e_18_4 18 4 2 0.0125 -0.0589513 0.141879 0.0891903 0.954755 0.0561097 -0.0635965 0.285043 0.046269
e_1_19 1 19 1 0.0125 -0.0567219 0.159531 0.0218463 0.794209 -0.237274 0.299187 0.472674 0.024705
e_19_20 19 20 2 0.0125 -0.0470553 0.176223 0.0372181 0.746283 -0.176612 0.454991 0.452608 0.025294
e_20_21 20 21 3 0.0125 -0.0369393 0.195947 0.0495574 0.68252 -0.311464 0.428871 0.503216 0.026101
e_21_3 21 3 4 0.0125 -0.0301296 0.217403 0.0604315 0.679877 -0.31242 0.432035 0.503495 0.023899
5 26 25
3 0.37559 0.027762 0.0592842 0.0125
27 0.373214 0.0365096 0.0813451 0.0125
26 0.377971 0.044271 0.10283 0.0125
25 0.385282 0.0513124 0.131969 0.0125
4 0.304055 0.0078931 0.146701 0.0125
24 0.348014 0.0364855 0.148356 0.0125
1 0.388506 0.0612096 0.151304 0.0125
23 0.37425 0.0643784 0.137371 0.0125
22 0.361365 0.0634061 0.122081 0.0125
21 0.345713 0.063229 0.109629 0.0125
12 0.18032 0.123126 0.134943 0.0125
11 0.176967 0.124812 0.114951 0.0125
10 0.173771 0.121741 0.0933843 0.0125
9 0.163378 0.11758 0.0706924 0.0125
2 0.139596 0.112497 0.0146146 0.0125
19 0.315959 0.0624035 0.0826985 0.0125
8 0.148488 0.109786 0.0324278 0.0125
6 0.184025 0.121555 0.154995 0.0125
13 0.113285 0.0919673 0.0122005 0.0125
14 0.0965153 0.0739938 0.0115833 0.0125
15 0.0875117 0.0553608 0.0128268 0.0125
5 0.0774088 0.0367484 0.0114937 0.0125
16 0.16975 0.0946687 0.0230148 0.0125
17 0.277442 0.066486 0.0548559 0.0125
18 0.300727 0.0632851 0.069645 0.0125
20 0.330828 0.062787 0.0962216 0.0125
e_2_8 2 8 1 0.0125 0.144042 0.111142 0.0235212 0.075057 -0.221777 0.0868541 -0.968317 0.020093
e_8_9 8 9 2 0.0125 0.155932 0.113683 0.0515604 0.310591 -0.202849 -0.0325855 -0.928075 0.041792
e_9_10 9 10 3 0.0125 0.168575 0.11966 0.0820387 0.290368 -0.226479 -0.017696 -0.929559 0.025304
e_10_11 10 11 4 0.0125 0.175369 0.123277 0.104168 0.290631 -0.0902404 -0.045766 -0.95147 0.022017
e_11_12 11 12 5 0.0125 0.178643 0.123969 0.124947 0.0925347 -0.078545 0.0491514 -0.991389 0.020341
e_12_6 12 6 6 0.0125 0.182172 0.12234 0.144969 0.0995241 -0.0867091 0.0474942 -0.990112 0.020453
e_2_13 2 13 1 0.0125 0.12644 0.102232 0.0134079 -0.653191 -0.595539 0.425924 0.19304 0.03346
e_13_14 13 14 2 0.0125 0.1049 0.0829806 0.0118919 -0.696335 -0.557508 0.449153 0.0506349 0.02459
e_14_15 14 15 3 0.0125 0.0920135 0.0646773 0.012205 -0.698822 -0.508936 0.459341 -0.204054 0.020731
e_15_5 15 5 4 0.0125 0.0824604 0.0460548 0.0121595 -0.674017 -0.570079 0.454328 -0.119569 0.021219
e_2_16 2 16 1 0.0125 0.154673 0.103583 0.0188142 -0.110662 -0.572107 0.236867 -0.777394 0.036024
e_16_17 16 17 2 0.0125 0.223596 0.0805773 0.038935 0.0284991 -0.576646 0.173122 -0.797932 0.115782
e_17_18 17 18 3 0.0125 0.289085 0.0648858 0.062251 0.100831 -0.468181 0.120569 -0.869542 0.027769
e_18_19 18 19 4 0.0125 0.308343 0.0628447 0.0761719 0.143021 -0.408557 0.0896077 -0.896993 0.02008
e_19_20 19 20 5 0.0125 0.323393 0.0625957 0.0894605 0.180428 -0.398514 0.0695684 -0.896545 0.020103
e_20_21 20 21 6 0.0125 0.338271 0.063008 0.102925 0.18205 -0.400829 0.0691931 -0.895213 0.020037
e_21_22 21 22 7 0.0125 0.353539 0.063318 0.115855 0.172779 -0.427269 0.0784995 -0.883983 0.020003
e_22_23 22 23 8 0.0125 0.367808 0.0638924 0.129725 0.201694 -0.340257 0.0483487 -0.917173 0.020018
e_23_1 23 1 9 0.0125 0.381378 0.062794 0.144337 0.0749387 -0.375872 0.116422 -0.91627 0.020185
e_1_24 1 24 1 0.0125 0.36826 0.048848 0.14983 -0.621981 -0.605155 0.405959 0.286572 0.047534
e_24_4 24 4 2 0.0125 0.326035 0.0221896 0.147529 -0.647205 -0.585377 0.416052 0.255657 0.052466
e_1_25 1 25 1 0.0125 0.386893 0.056261 0.141637 -0.24438 -0.916694 0.316121 -0.00421385 0.021959
e_25_26 25 26 2 0.0125 0.381627 0.0477919 0.117398 -0.144064 -0.948726 0.268501 0.0840983 0.030857
e_26_27 26 27 3 0.0125 0.375593 0.0403907 0.0920871 -0.192973 -0.935582 0.291659 0.0488096 0.023333
e_27_3 27 3 4 0.0125 0.374402 0.0321358 0.0703146 -0.163585 -0.937297 0.289748 -0.103731 0.023851
6 30 29
3 -0.21101 -0.175659 0.101278 0.0125
31 -0.191048 -0.174858 0.100346 0.0125
30 -0.171292 -0.172404 0.098416 0.0125
29 -0.151538 -0.169905 0.0965448 0.0125
28 -0.131794 -0.167297 0.0946995 0.0125
4 -0.0697035 -0.187731 0.0114742 0.0125
27 -0.0840388 -0.182623 0.026588 0.0125
26 -0.0921543 -0.177707 0.0451409 0.0125
25 -0.0997817 -0.169691 0.0619151 0.0125
1 -0.112393 -0.162871 0.0966946 0.0125
24 -0.0978225 -0.150076 0.0914768 0.0125
23 -0.0868002 -0.136152 0.0820517 0.0125
22 -0.0764752 -0.119885 0.0764984 0.0125
21 -0.0682465 -0.103873 0.0674685 0.0125
12 -0.072051 0.111667 0.0499437 0.0125
11 -0.0511375 0.106064 0.0451915 0.0125
10 -0.0320114 0.100709 0.040825 0.0125
9 -0.00915556 0.0924896 0.0286793 0.0125
2 0.0450419 0.0743749 0.0118325 0.0125
19 -0.0427905 -0.0717317 0.0519941 0.0125
8 0.0123216 0.0857634 0.0225802 0.0125
6 -0.0919116 0.115518 0.0545576 0.0125
13 0.0437212 0.073086 0.031747 0.0125
14 0.0440747 0.0697405 0.0514624 0.0125
15 0.0432459 0.0640647 0.0706221 0.0125
16 0.0377888 0.056179 0.0881724 0.0125
5 0.0304956 0.0532012 0.106556 0.0125
17 -0.0210954 -0.0236794 0.0401631 0.0125
18 -0.030165 -0.0436892 0.0433239 0.0125
20 -0.0555545 -0.0873639 0.0604315 0.0125
e_2_8 2 8 1 0.0125 0.0286814 0.0800696 0.0172066 0.787466 -0.307239 -0.507408 0.167447 0.036275
e_8_9 8 9 2 0.0125 0.00158278 0.0891258 0.0256297 0.77614 -0.300516 -0.528096 0.168558 0.023317
e_9_10 9 10 3 0.0125 -0.0205833 0.0965987 0.0347523 0.83201 -0.277015 -0.446828 0.177108 0.027156
e_10_11 10 11 4 0.0125 -0.041574 0.103386 0.0430084 0.760833 -0.295623 -0.552492 0.1688 0.020336
e_11_12 11 12 5 0.0125 -0.0615944 0.108866 0.0475675 0.760445 -0.290444 -0.555365 0.170102 0.022167
e_12_6 12 6 6 0.0125 -0.0819813 0.113593 0.0522507 0.761025 -0.25563 -0.568755 0.178919 0.020749
e_2_13 2 13 1 0.0125 0.0443812 0.073731 0.0217901 0.972828 0.0238991 -0.039526 0.226874 0.02
e_13_14 13 14 2 0.0125 0.0438971 0.0714135 0.0416049 0.968277 0.0836594 -0.0111875 0.235192 0.02
e_14_15 14 15 3 0.0125 0.0436609 0.0669028 0.061042 0.957825 0.133592 -0.0562185 0.248121 0.02
e_15_16 15 16 4 0.0125 0.0405175 0.0601218 0.0793968 0.932765 0.157787 -0.190616 0.262143 0.02
e_16_5 16 5 5 0.0125 0.0341426 0.0546896 0.097364 0.949747 0.0280776 -0.199081 0.239913 0.02
e_2_17 2 17 1 0.0125 0.0119739 0.0253479 0.0259975 0.72919 0.348422 -0.511986 0.291126 0.12162
e_17_18 17 18 2 0.0125 -0.0256298 -0.0336841 0.0417437 0.693945 0.440552 -0.484476 0.299395 0.022195
e_18_19 18 19 3 0.0125 -0.0364775 -0.0577105 0.0476586 0.738964 0.417067 -0.436321 0.299352 0.031953
e_19_20 19 20 4 0.0125 -0.0491727 -0.0795484 0.0562128 0.781902 0.283018 -0.476483 0.285472 0.021874
e_20_21 20 21 5 0.0125 -0.0619011 -0.0956183 0.0639497 0.759852 0.306547 -0.495956 0.287543 0.021981
e_21_22 21 22 6 0.0125 -0.0723615 -0.111879 0.0719832 0.798428 0.355207 -0.386848 0.294428 0.02014
e_22_23 22 23 7 0.0125 -0.0816377 -0.128018 0.0792745 0.74351 0.354327 -0.485764 0.292708 0.020051
e_23_24 23 24 8 0.0125 -0.0923113 -0.143114 0.0867643 0.808116 0.274621 -0.436107 0.285205 0.020105
e_24_1 24 1 9 0.0125 -0.105107 -0.156474 0.0940856 0.744948 0.219042 -0.56754 0.273807 0.020081
e_1_25 1 25 1 0.0125 -0.106088 -0.16628 0.0793047 -0.11807 0.401627 -0.894963 0.154262 0.037618
e_25_26 25 26 2 0.0125 -0.0959682 -0.173699 0.0535284 0.13811 0.912399 -0.291369 0.252107 0.020095
e_26_27 26 27 3 0.0125 -0.0880961 -0.180165 0.0358652 0.0234119 0.877721 -0.418048 0.23301 0.020838
e_27_4 27 4 4 0.0125 -0.076871 -0.185177 0.0190312 0.365043 0.565936 0.729427 0.119985 0.021448
e_1_28 1 28 1 0.0125 -0.122094 -0.165084 0.0956969 0.637622 -0.0681337 -0.738404 0.208701 0.02
e_28_29 28 29 2 0.0125 -0.141667 -0.168601 0.0956214 0.708792 -0.104424 -0.665552 0.209165 0.02
e_29_30 29 30 3 0.0125 -0.161415 -0.171154 0.0974798 0.709417 -0.107359 -0.664598 0.208592 0.02
e_30_31 30 31 4 0.0125 -0.18117 -0.173631 0.0993804 0.71047 -0.10831 -0.663349 0.208494 0.02
e_31_3 31 3 5 0.0125 -0.201028 -0.175259 0.100812 0.696476 -0.159827 -0.671663 0.195565 0.02
7 20 19
3 -0.261894 -0.0291948 0.0851348 0.0125
21 -0.240132 -0.0294132 0.0879834 0.0125
20 -0.218384 -0.0360671 0.0878885 0.0125
4 -0.0826164 -0.0666787 0.122558 0.0125
11 0.0698392 0.150099 0.0390245 0.0125
10 0.0572858 0.150471 0.0545891 0.0125
6 -0.0269813 0.040111 0.17088 0.0125
9 0.0449456 0.149463 0.0702957 0.0125
2 0.0365307 0.14789 0.0883712 0.0125
19 -0.136709 -0.0630116 0.0949212 0.0125
8 -0.00481336 0.0769453 0.146159 0.0125
12 0.0837938 0.153607 0.0251333 0.0125
5 0.0980802 0.150443 0.0114985 0.0125
13 -0.0544072 0.059854 0.0841911 0.0125
14 -0.0969807 0.0164387 0.0661719 0.0125
15 -0.112148 0.00181621 0.0600346 0.0125
16 -0.125096 -0.0171091 0.0599848 0.0125
17 -0.141935 -0.0339047 0.067016 0.0125
18 -0.156179 -0.0474609 0.071221 0.0125
1 -0.17058 -0.0609284 0.0754094 0.0125
e_2_8 2 8 1 0.0125 0.0158592 0.112417 0.117265 0.714747 0.18301 -0.42278 0.526214 0.100409
e_8_6 8 6 2 0.0125 -0.015898 0.0585279 0.15852 0.684759 0.181464 -0.46672 0.529479 0.049591
e_2_9 2 9 1 0.0125 0.0407376 0.148677 0.0793333 -0.105268 -0.755321 -0.617557 -0.192438 0.02
e_9_10 9 10 2 0.0125 0.0511151 0.149967 0.0624424 -0.133345 -0.828825 -0.453556 -0.299258 0.02
e_10_11 10 11 3 0.0125 0.0635628 0.150285 0.0468062 -0.197573 -0.775252 -0.536755 -0.268037 0.02
e_11_12 11 12 4 0.0125 0.0768169 0.151853 0.0320786 0.0413918 -0.911452 -0.12858 -0.3886 0.02
e_12_5 12 5 5 0.0125 0.090937 0.152025 0.0183159 -0.344669 -0.622129 -0.673658 -0.200858 0.02
e_2_13 2 13 1 0.0125 -0.00893799 0.103872 0.0862814 0.511513 0.0179566 -0.718459 0.471008 0.126639
e_13_14 13 14 2 0.0125 -0.0756937 0.0381467 0.0751817 0.40646 -0.022986 -0.800955 0.439013 0.06342
e_14_15 14 15 3 0.0125 -0.104564 0.00912747 0.0631033 0.413343 -0.0350899 -0.799137 0.435082 0.021944
e_15_16 15 16 4 0.0125 -0.118622 -0.00764643 0.0600097 0.492223 0.120443 -0.697555 0.506583 0.02293
e_16_17 16 17 5 0.0125 -0.133515 -0.025507 0.0635002 0.628066 0.0683335 -0.594627 0.497275 0.024802
e_17_18 17 18 6 0.0125 -0.149057 -0.0406823 0.0691184 0.603712 0.0495415 -0.62688 0.489999 0.020108
e_18_1 18 1 7 0.0125 -0.16338 -0.0541942 0.0733151 0.604363 0.0453533 -0.627743 0.488494 0.020157
e_1_19 1 19 1 0.0125 -0.153645 -0.0619699 0.0851649 0.831033 0.169304 0.471283 0.2421 0.039145
e_19_4 19 4 2 0.0125 -0.109663 -0.0648448 0.108739 0.819865 0.177208 0.491448 0.234304 0.060855
e_1_20 1 20 1 0.0125 -0.194482 -0.0484981 0.0816487 0.746365 -0.440246 -0.43973 0.236133 0.055307
e_20_21 20 21 2 0.0125 -0.229258 -0.0327401 0.0879362 0.662893 -0.431522 -0.558302 0.250321 0.022744
e_21_3 21 3 3 0.0125 -0.251013 -0.029304 0.0865591 0.587315 -0.348805 -0.665762 0.300263 0.021948
8 20 19
3 -0.265044 -0.186335 0.220623 0.0125
21 -0.239217 -0.1581 0.255036 0.0125
4 -0.198297 -0.0409428 0.313771 0.0125
20 -0.201764 -0.0777361 0.310805 0.0125
6 -0.387521 -0.232911 0.0202969 0.0125
11 -0.367901 -0.231499 0.0158713 0.0125
10 -0.34787 -0.230051 0.013751 0.0125
9 -0.327991 -0.227473 0.0124465 0.0125
2 -0.238662 -0.233829 0.0125119 0.0125
19 -0.222943 -0.143978 0.26839 0.0125
8 -0.301996 -0.229322 0.0124665 0.0125
12 -0.231396 -0.216116 0.0182981 0.0125
13 -0.226186 -0.19724 0.0223624 0.0125
14 -0.21981 -0.178442 0.0199103 0.0125
15 -0.217255 -0.158962 0.0161731 0.0125
5 -0.220428 -0.139778 0.0114937 0.0125
16 -0.228401 -0.212093 0.0490356 0.0125
17 -0.229129 -0.196717 0.0857157 0.0125
18 -0.22951 -0.156257 0.233707 0.0125
1 -0.217106 -0.135807 0.292048 0.0125
e_2_8 2 8 1 0.0125 -0.270329 -0.231576 0.0124892 0.535572 0.422432 -0.567372 -0.461306 0.063493
e_8_9 8 9 2 0.0125 -0.314993 -0.228398 0.0124563 0.53556 0.42244 -0.567375 -0.461308 0.026061
e_9_10 9 10 3 0.0125 -0.337931 -0.228762 0.0130987 0.615669 0.438183 -0.524925 -0.391664 0.020088
e_10_11 10 11 4 0.0125 -0.357886 -0.230775 0.0148106 0.618245 0.41051 -0.528175 -0.412657 0.020195
e_11_6 11 6 5 0.0125 -0.377712 -0.232205 0.0180843 0.664701 0.365169 -0.506857 -0.409782 0.020162
e_2_12 2 12 1 0.0125 -0.23503 -0.224973 0.0154053 -0.801235 0.564949 -0.190202 0.0517575 0.02
e_12_13 12 13 2 0.0125 -0.228792 -0.206678 0.0203307 -0.589295 0.353074 -0.523191 -0.504323 0.02
e_13_14 13 14 3 0.0125 -0.222998 -0.187841 0.0211363 -0.650329 0.651034 -0.37077 -0.125523 0.02
e_14_15 14 15 4 0.0125 -0.218533 -0.168703 0.0180415 -0.522402 0.568295 -0.520049 -0.365631 0.02
e_15_5 15 5 5 0.0125 -0.218841 -0.149369 0.0138332 -0.29018 0.476571 -0.624399 -0.546627 0.02
e_2_16 2 16 1 0.0125 -0.233532 -0.222961 0.0307738 0.953341 -0.246229 0.14732 0.0938547 0.043723
e_16_17 16 17 2 0.0125 -0.228765 -0.204405 0.0673758 0.974299 -0.1949 -0.0311059 -0.108575 0.039779
e_17_18 17 18 3 0.0125 -0.22932 -0.176487 0.159711 0.990408 -0.1329 -0.00625662 -0.0372806 0.153423
e_18_19 18 19 4 0.0125 -0.226227 -0.150117 0.251049 0.977426 -0.158073 0.104907 0.0929857 0.037375
e_19_1 19 1 5 0.0125 -0.220025 -0.139894 0.28022 0.968942 -0.143076 0.138828 0.146309 0.0257
e_1_20 1 20 1 0.0125 -0.209435 -0.106772 0.301426 -0.282203 0.0589063 -0.589483 -0.754587 0.062925
e_20_4 20 4 2 0.0125 -0.200031 -0.059339 0.312288 -0.407309 0.321308 -0.597292 -0.61164 0.037075
e_1_21 1 21 1 0.0125 -0.228162 -0.146954 0.273542 0.332243 0.817784 -0.460996 -0.0912453 0.048535
e_21_3 21 3 2 0.0125 -0.252131 -0.172217 0.23783 0.396885 0.793894 -0.451744 -0.090232 0.051465
9 24 23
3 0.246285 0.0498402 0.06508 0.0125
25 0.238225 0.0678166 0.0711238 0.0125
24 0.231215 0.0844279 0.0803858 0.0125
4 0.180841 0.06811 0.039976 0.0125
23 0.187285 0.0811488 0.054554 0.0125
22 0.198914 0.0970026 0.0759662 0.0125
1 0.212674 0.133302 0.108012 0.0125
21 0.200564 0.142863 0.121087 0.0125
11 0.000967665 0.261117 0.195283 0.0125
10 -0.00395357 0.278444 0.203976 0.0125
6 0.064492 0.172507 0.170109 0.0125
9 0.0542532 0.193485 0.180824 0.0125
2 -0.00889115 0.295597 0.212998 0.0125
19 0.16536 0.16334 0.136826 0.0125
8 0.024788 0.23951 0.194727 0.0125
12 0.0100262 0.244424 0.189015 0.0125
13 0.0239667 0.231038 0.183871 0.0125
5 0.0352082 0.214496 0.183847 0.0125
14 0.0280975 0.263153 0.181361 0.0125
15 0.0881164 0.22454 0.15658 0.0125
16 0.107777 0.212271 0.148542 0.0125
17 0.133293 0.194981 0.148545 0.0125
18 0.150589 0.177077 0.141638 0.0125
20 0.183863 0.151271 0.129802 0.0125
e_2_8 2 8 1 0.0125 0.00794844 0.267553 0.203863 0.53838 0.421567 0.675851 -0.275052 0.067925
e_8_9 8 9 2 0.0125 0.0395202 0.216497 0.187776 0.541149 0.385365 0.689038 -0.289617 0.05639
e_9_6 9 6 3 0.0125 0.0593725 0.182996 0.175466 0.500026 0.561486 0.627139 -0.203481 0.025685
e_2_10 2 10 1 0.0125 -0.0064222 0.28702 0.208486 0.508988 0.739509 0.422706 -0.124003 0.02
e_10_11 10 11 2 0.0125 -0.0014931 0.269781 0.19963 0.515662 0.733792 0.422919 -0.129545 0.02
e_11_12 11 12 3 0.0125 0.00549689 0.25277 0.192149 0.530306 0.480335 0.652679 -0.249127 0.02
e_12_13 12 13 4 0.0125 0.0169964 0.23773 0.186443 0.490491 0.102545 0.786175 -0.361708 0.02
e_13_5 13 5 5 0.0125 0.0295877 0.222766 0.183859 0.616745 0.316587 0.632757 -0.344988 0.02
e_2_14 2 14 1 0.0125 0.00960396 0.279375 0.197179 0.339641 -0.0551616 0.876005 -0.337958 0.058496
e_14_15 14 15 2 0.0125 0.0581067 0.243846 0.16897 0.417632 -0.157571 0.799488 -0.401962 0.075546
e_15_16 15 16 3 0.0125 0.0979462 0.218406 0.152561 0.414922 -0.174085 0.795957 -0.404952 0.024529
e_16_17 16 17 4 0.0125 0.120534 0.203626 0.148543 0.558671 -0.0454918 0.70561 -0.433511 0.030822
e_17_18 17 18 5 0.0125 0.141941 0.186029 0.145092 0.494337 0.148445 0.782056 -0.349261 0.025834
e_18_19 18 19 6 0.0125 0.157974 0.170209 0.139232 0.497291 0.0860574 0.780141 -0.369697 0.020737
e_19_20 19 20 7 0.0125 0.174612 0.157305 0.133314 0.430928 -0.140134 0.794907 -0.403467 0.023182
e_20_21 20 21 8 0.0125 0.192213 0.147066 0.125444 0.345911 -0.332349 0.775099 -0.411231 0.020629
e_21_1 21 1 9 0.0125 0.206619 0.138083 0.11455 0.241577 -0.259794 0.869339 -0.34409 0.020225
e_1_22 1 22 1 0.0125 0.205794 0.115152 0.0919888 0.420732 0.783397 -0.452316 0.0684427 0.050338
e_22_23 22 23 2 0.0125 0.193099 0.0890753 0.0652604 0.351904 0.593917 -0.718025 0.0886869 0.02907
e_23_4 23 4 3 0.0125 0.184064 0.0746295 0.0472646 0.370425 0.702308 -0.600596 0.0939832 0.020592
e_1_24 1 24 1 0.0125 0.221945 0.108865 0.0941983 0.494251 0.679435 0.521533 -0.148618 0.059124
e_24_25 24 25 2 0.0125 0.23472 0.0761219 0.075755 0.493421 0.637883 0.567067 -0.167557 0.020269
e_25_3 25 3 3 0.0125 0.242255 0.0588287 0.0681023 0.548963 0.551457 0.58528 -0.227996 0.020607
