9
1 23 22
3 0.231405 -0.0534946 0.0116732 0.0125
24 0.24628 -0.067912 0.0150249 0.0125
23 0.264925 -0.07755 0.0215543 0.0125
22 0.289357 -0.0873602 0.0332368 0.0125
4 0.30917 -0.0274249 0.119106 0.0125
21 0.309875 -0.0407393 0.104163 0.0125
20 0.313908 -0.0557776 0.0914001 0.0125
6 -0.0615211 -0.27428 0.0605169 0.0125
11 -0.0427929 -0.276468 0.0537314 0.0125
10 -0.0233403 -0.27277 0.0472906 0.0125
9 0.00735733 -0.267889 0.0384429 0.0125
2 0.0792547 -0.261864 0.0121917 0.0125
19 0.30094 -0.0977256 0.0292636 0.0125
8 0.0389924 -0.263991 0.0264997 0.0125
12 0.0573174 -0.262334 0.0336799 0.0125
13 0.0394952 -0.263335 0.0521108 0.0125
14 0.0253106 -0.263768 0.0676354 0.0125
5 0.00903852 -0.27096 0.0815688 0.0125
15 0.215772 -0.16435 0.011849 0.0125
16 0.234377 -0.146322 0.0117634 0.0125
17 0.251948 -0.13128 0.0150045 0.0125
18 0.28378 -0.105582 0.0222845 0.0125
1 0.315814 -0.0903767 0.0426127 0.0125
e_2_8 2 8 1 0.0125 0.0591232 -0.262927 0.0193459 0.0365783 0.576854 0.00459394 -0.816015 0.042782
e_8_9 8 9 2 0.0125 0.023175 -0.265939 0.0324716 0.0751477 0.569429 0.0176906 -0.818407 0.034038
e_9_10 9 10 3 0.0125 -0.0079916 -0.27033 0.0428665 0.068303 0.601025 0.0433445 -0.795126 0.032318
e_10_11 10 11 4 0.0125 -0.0330661 -0.274619 0.0505111 0.0930569 0.586117 0.0426305 -0.803735 0.020822
e_11_6 11 6 5 0.0125 -0.0521564 -0.275374 0.0571238 -0.0436625 0.573919 -0.0361565 -0.816948 0.02004
e_2_12 2 12 1 0.0125 0.0682862 -0.262099 0.0229361 0.194224 0.380473 -0.0735169 -0.901173 0.030711
e_12_13 12 13 2 0.0125 0.0484063 -0.262835 0.0428947 0.219114 0.369049 -0.0681044 -0.900641 0.025658
e_13_14 13 14 3 0.0125 0.0324034 -0.263552 0.0598732 0.22456 0.353713 -0.076413 -0.904777 0.021034
e_14_5 14 5 4 0.0125 0.0171746 -0.267364 0.0746021 0.299198 0.436552 0.0336187 -0.847805 0.022597
e_2_15 2 15 1 0.0125 0.147514 -0.213108 0.0120202 0.314762 0.33231 0.624975 0.632378 0.167768
e_15_16 15 16 2 0.0125 0.225075 -0.155337 0.0118056 0.174154 0.371337 0.603123 0.684121 0.025907
e_16_17 16 17 3 0.0125 0.243162 -0.138802 0.0133842 0.343396 0.249675 0.606855 0.671914 0.023356
e_17_18 17 18 4 0.0125 0.267864 -0.118432 0.018645 0.401805 0.21408 0.605447 0.652807 0.041554
e_18_19 18 19 5 0.0125 0.29236 -0.101654 0.0257739 0.697255 0.0718565 0.566953 0.432708 0.020122
e_19_1 19 1 6 0.0125 0.308377 -0.0940518 0.0359383 0.891239 -0.129653 0.411994 0.138361 0.021294
e_1_20 1 20 1 0.0125 0.314861 -0.0730776 0.0670062 0.312638 -0.0837908 -0.292121 -0.899946 0.059841
e_20_21 20 21 2 0.0125 0.311892 -0.0482589 0.0977821 -0.245813 0.219032 -0.367511 -0.869791 0.020132
e_21_4 21 4 3 0.0125 0.309522 -0.0340821 0.111634 0.146493 -0.037177 -0.35431 -0.922834 0.020027
e_1_22 1 22 1 0.0125 0.302586 -0.0888682 0.0379254 -0.172098 0.80161 0.153226 -0.551657 0.02823
e_22_23 22 23 2 0.0125 0.277141 -0.0824551 0.0273956 -0.290142 0.824873 0.149597 -0.461544 0.028805
e_23_24 23 24 3 0.0125 0.255602 -0.0727312 0.0182892 -0.335825 0.799021 0.100457 -0.488565 0.02198
e_24_3 24 3 4 0.0125 0.238843 -0.0607031 0.0133494 -0.470051 0.760833 0.0316183 -0.446303 0.020985
2 27 26
3 0.0465924 -0.0798873 0.0114149 0.0125
28 0.0401153 -0.0562429 0.0155526 0.0125
27 0.0315371 -0.0356752 0.0136213 0.0125
26 0.0232537 -0.0159698 0.0184513 0.0125
4 -0.0517303 0.00309862 0.109569 0.0125
25 -0.0373584 0.00455988 0.0957368 0.0125
24 -0.0261317 0.00426912 0.0791884 0.0125
23 -0.0133047 0.00254484 0.0639407 0.0125
22 -0.00279882 0.00397596 0.0469818 0.0125
1 0.00721735 0.00769037 0.0300747 0.0125
21 -0.0100197 0.018022 0.0268094 0.0125
11 -0.191933 0.242707 0.022552 0.0125
6 -0.323051 0.226769 0.0223119 0.0125
10 -0.30357 0.224909 0.016283 0.0125
9 -0.283914 0.227922 0.01375 0.0125
2 -0.175076 0.239158 0.0123926 0.0125
19 -0.0440838 0.0416535 0.023198 0.0125
8 -0.264093 0.230627 0.0123692 0.0125
12 -0.209998 0.247115 0.0299172 0.0125
13 -0.228077 0.251346 0.0373496 0.0125
14 -0.243904 0.252242 0.0495445 0.0125
5 -0.25946 0.254034 0.0619866 0.0125
15 -0.111287 0.138601 0.0173908 0.0125
16 -0.0874492 0.102171 0.0206088 0.0125
17 -0.0724429 0.0776469 0.0232243 0.0125
18 -0.0609529 0.0600235 0.0215054 0.0125
20 -0.0272951 0.0279681 0.0238535 0.0125
e_2_8 2 8 1 0.0125 -0.219585 0.234892 0.0123812 0.704523 0.00816914 -0.707151 0.0593133 0.089425
e_8_9 8 9 2 0.0125 -0.274004 0.229275 0.0130602 0.728314 0.0334833 -0.681502 0.0631869 0.020052
e_9_10 9 10 3 0.0125 -0.293742 0.226415 0.0150163 0.74797 0.0467675 -0.659273 0.0609336 0.020046
e_10_6 10 6 4 0.0125 -0.31331 0.225839 0.0192967 0.804014 -0.0360622 -0.592868 -0.027715 0.020476
e_2_11 2 11 1 0.0125 -0.183505 0.240933 0.0174725 0.864239 -0.0546481 -0.492969 -0.0841808 0.02
e_11_12 11 12 2 0.0125 -0.200966 0.244911 0.0262348 0.8237 -0.0831081 -0.555854 -0.0750902 0.02
e_12_13 12 13 3 0.0125 -0.219038 0.249231 0.0336336 0.824921 -0.0791247 -0.554905 -0.0729716 0.02
e_13_14 13 14 4 0.0125 -0.23599 0.251793 0.0434474 0.894781 0.00707713 -0.44168 -0.0650797 0.02
e_14_5 14 5 5 0.0125 -0.251682 0.253138 0.0557655 0.897013 -0.0111769 -0.434553 -0.0800412 0.02
e_2_15 2 15 1 0.0125 -0.143182 0.188879 0.0148919 0.67079 0.680036 0.128783 0.26647 0.119188
e_15_16 15 16 2 0.0125 -0.0993688 0.120386 0.0190001 0.694441 0.658569 0.171551 0.233685 0.043655
e_16_17 16 17 3 0.0125 -0.0799459 0.0899089 0.021917 0.698086 0.658498 0.145182 0.240789 0.028869
e_17_18 17 18 4 0.0125 -0.0666978 0.0688359 0.0223654 0.573236 0.735259 0.011126 0.361486 0.021108
e_18_19 18 19 5 0.0125 -0.0525185 0.0508388 0.0223523 0.725255 0.555236 0.397301 0.0887189 0.024998
e_19_20 19 20 6 0.0125 -0.0356896 0.0348108 0.0235253 0.711042 0.36251 0.594546 -0.0975804 0.02167
e_20_21 20 21 7 0.0125 -0.0186574 0.0229951 0.0253314 0.691099 0.0661317 0.649823 -0.309418 0.020152
e_21_1 21 1 8 0.0125 -0.00140123 0.0128555 0.0284415 0.705018 0.0979741 0.64049 -0.288312 0.02036
e_1_22 1 22 1 0.0125 0.00220945 0.00583315 0.0385287 0.958404 0.113954 -0.253603 -0.0645035 0.02
e_22_23 22 23 2 0.0125 -0.00805163 0.00325971 0.0554612 0.956665 0.0636341 -0.26831 -0.0935504 0.02
e_23_24 23 24 3 0.0125 -0.0197182 0.00340698 0.0715645 0.932108 -0.00515542 -0.344654 -0.111186 0.02
e_24_25 24 25 4 0.0125 -0.0317446 0.00441489 0.087463 0.949563 0.0261919 -0.292549 -0.109817 0.02
e_25_4 25 4 5 0.0125 -0.0445439 0.00382964 0.102653 0.918287 0.0610406 -0.387929 -0.0503509 0.02
e_1_26 1 26 1 0.0125 0.0152355 -0.00414039 0.0242624 0.103652 0.584906 -0.588413 0.548554 0.030855
e_26_27 26 27 2 0.0125 0.0273953 -0.0258229 0.0160368 0.391574 0.687422 -0.371009 0.486285 0.021914
e_27_28 27 28 3 0.0125 0.0358261 -0.0459595 0.0145875 0.668026 0.675329 -0.0276697 0.311298 0.022369
e_28_3 28 3 4 0.0125 0.0433538 -0.0680651 0.0134838 0.455295 0.662499 -0.379896 0.457691 0.024862
3 17 16
3 0.161574 -0.242129 0.0718063 0.0125
5 0.0566715 0.153479 0.0602405 0.0125
10 0.0811334 0.136741 0.0427869 0.0125
6 -0.0163991 0.123493 0.0402374 0.0125
9 0.110007 0.116973 0.0246764 0.0125
2 0.129617 0.104723 0.0123503 0.0125
8 0.0265998 0.119532 0.029202 0.0125
11 0.163232 0.0258265 0.0302064 0.0125
12 0.195688 -0.0687115 0.0324973 0.0125
13 0.214968 -0.120676 0.0341484 0.0125
14 0.221474 -0.139951 0.0355099 0.0125
1 0.227022 -0.176104 0.0361665 0.0125
18 0.190038 -0.210141 0.0597247 0.0125
15 0.252381 -0.1614 0.0284052 0.0125
16 0.277769 -0.148145 0.0211322 0.0125
17 0.295307 -0.139515 0.0167865 0.0125
4 0.312111 -0.129576 0.0119918 0.0125
e_2_8 2 8 1 0.0125 0.0781081 0.112128 0.0207766 0.744064 0.0464806 -0.646467 -0.16214 0.105431
e_8_6 8 6 2 0.0125 0.00510049 0.121513 0.0347198 0.773622 0.0679207 -0.609581 -0.159081 0.044569
e_2_9 2 9 1 0.0125 0.119812 0.110848 0.0185133 0.830724 -0.156026 -0.490351 -0.212392 0.026202
e_9_10 9 10 2 0.0125 0.0955707 0.126857 0.0337313 0.826477 -0.175528 -0.489255 -0.21623 0.039401
e_10_5 10 5 3 0.0125 0.068903 0.14511 0.051514 0.840996 -0.169811 -0.466317 -0.215496 0.034397
e_2_11 2 11 1 0.0125 0.146424 0.0652743 0.0212778 0.77529 0.58931 0.225374 0.029085 0.087599
e_11_12 11 12 2 0.0125 0.17946 -0.0214425 0.0313519 0.712952 0.676874 0.174307 0.0561997 0.09998
e_12_13 12 13 3 0.0125 0.205328 -0.0946939 0.0333224 0.715411 0.669766 0.191128 0.0554113 0.05545
e_13_14 13 14 4 0.0125 0.218221 -0.130313 0.0348285 0.728646 0.660574 0.173912 0.049707 0.020389
e_14_1 14 1 5 0.0125 0.224248 -0.158027 0.0358377 0.7115 0.698558 0.0551793 0.0523424 0.036582
e_1_15 1 15 1 0.0125 0.239702 -0.168753 0.0322855 0.57734 -0.597363 0.520695 -0.196756 0.030324
e_15_16 15 16 2 0.0125 0.265076 -0.154773 0.0247689 0.584901 -0.560756 0.555534 -0.186616 0.029549
e_16_17 16 17 3 0.0125 0.286538 -0.14383 0.0189596 0.598937 -0.532151 0.570375 -0.181003 0.020024
e_17_4 17 4 4 0.0125 0.303709 -0.134545 0.0143891 0.584247 -0.597204 0.512446 -0.198497 0.020103
e_1_18 1 18 1 0.0125 0.20853 -0.193123 0.0479456 0.840746 0.396124 -0.361784 -0.0731078 0.05551
e_18_3 18 3 2 0.0125 0.175806 -0.226135 0.0657648 0.795907 0.474217 -0.373284 -0.0480634 0.04449
4 25 24
3 0.103195 -0.126755 0.01149 0.0125
26 0.0917149 -0.126661 0.0291362 0.0125
25 0.0797974 -0.132348 0.0490509 0.0125
24 0.0717954 -0.142437 0.0718497 0.0125
4 0.0519226 -0.0775807 0.0362419 0.0125
23 0.0590466 -0.102577 0.0576179 0.0125
22 0.0686862 -0.136455 0.0864816 0.0125
1 0.0698407 -0.153421 0.0984753 0.0125
21 0.0645119 -0.135188 0.0920966 0.0125
11 -0.0131923 0.0978653 0.0123161 0.0125
6 -0.103284 0.198029 0.102107 0.0125
10 -0.0826793 0.181757 0.0744122 0.0125
9 -0.061314 0.162496 0.049544 0.0125
2 -0.0299803 0.108704 0.011488 0.0125
19 0.0589738 -0.0928865 0.0872678 0.0125
8 -0.0393491 0.131388 0.0315311 0.0125
12 0.00430004 0.0886348 0.0152844 0.0125
13 0.0207567 0.077859 0.0188977 0.0125
14 0.0346218 0.0652937 0.0259586 0.0125
5 0.0484387 0.0527319 0.0331208 0.0125
15 0.0142486 0.0363353 0.0491806 0.0125
16 0.029979 0.00860783 0.0635648 0.0125
17 0.0421683 -0.0266671 0.0724588 0.0125
18 0.0583116 -0.0709875 0.0831134 0.0125
20 0.0599673 -0.112804 0.0909771 0.0125
e_2_8 2 8 1 0.0125 -0.0346643 0.120046 0.0215093 0.896311 -0.413607 -0.112542 0.113538 0.031687
e_8_9 8 9 2 0.0125 -0.0503321 0.146943 0.0405373 0.834048 -0.382207 -0.37433 -0.134757 0.042127
e_9_10 9 10 3 0.0125 -0.0719968 0.172127 0.0619777 0.908663 -0.290665 -0.297517 0.0364595 0.038025
e_10_6 10 6 4 0.0125 -0.0929818 0.189893 0.0882595 0.923995 -0.258137 -0.265517 0.0953939 0.038162
e_2_11 2 11 1 0.0125 -0.0215869 0.103285 0.0119018 0.358459 0.691332 -0.0369858 0.626258 0.02
e_11_12 11 12 2 0.0125 -0.00444656 0.0932502 0.0138005 0.373635 0.65223 0.019617 0.659248 0.02
e_12_13 12 13 3 0.0125 0.0125287 0.0832464 0.0170908 0.412939 0.640006 -0.00786837 0.647929 0.02
e_13_14 13 14 4 0.0125 0.0276899 0.0715768 0.0224284 0.519218 0.567942 -0.0301792 0.637922 0.02
e_14_5 14 5 5 0.0125 0.0415309 0.0590127 0.0295399 0.521506 0.565732 -0.0298014 0.638036 0.02
e_2_15 2 15 1 0.0125 -0.00786538 0.0725197 0.0303341 0.603968 0.532034 -0.117835 0.581616 0.092813
e_15_16 15 16 2 0.0125 0.0221137 0.0224711 0.0563727 0.612758 0.527348 -0.127512 0.574606 0.034974
e_16_17 16 17 3 0.0125 0.0360743 -0.00903022 0.068012 0.59664 0.576819 -0.226646 0.509836 0.038367
e_17_18 17 18 4 0.0125 0.05024 -0.0488273 0.0777861 0.589432 0.582905 -0.223729 0.512579 0.048357
e_18_19 18 19 5 0.0125 0.058642 -0.0819374 0.0851904 0.645269 0.544697 -0.331906 0.420441 0.022299
e_19_20 19 20 6 0.0125 0.0594703 -0.102846 0.089122 0.640553 0.549354 -0.326771 0.425585 0.020285
e_20_21 20 21 7 0.0125 0.0622396 -0.123996 0.0915368 0.569656 0.6163 -0.309338 0.447187 0.022868
e_21_1 21 1 8 0.0125 0.067177 -0.144304 0.0952862 0.633182 0.53954 -0.223022 0.508172 0.020038
e_1_22 1 22 1 0.0125 0.0692628 -0.144938 0.0924782 -0.275527 0.578549 -0.673392 -0.368659 0.020809
e_22_23 22 23 2 0.0125 0.0638664 -0.119516 0.0720497 -0.133746 0.506689 -0.748452 -0.406445 0.045538
e_23_4 23 4 3 0.0125 0.0554844 -0.0900788 0.0469306 -0.133722 0.507655 -0.748256 -0.405607 0.033653
e_1_24 1 24 1 0.0125 0.0708181 -0.147929 0.0851625 -0.177056 0.791634 -0.578333 -0.0865874 0.028868
e_24_25 24 25 2 0.0125 0.0757964 -0.137392 0.0604503 -0.248961 0.864024 -0.434528 0.0516333 0.026184
e_25_26 25 26 3 0.0125 0.0857557 -0.129504 0.0390937 -0.20435 0.902115 -0.320788 0.203777 0.023895
e_26_3 26 3 4 0.0125 0.0974554 -0.126708 0.0203129 -0.0922305 0.90434 -0.318244 0.269042 0.021053
5 27 26
3 -0.0228237 -0.210408 0.0190093 0.0125
28 -0.0432186 -0.209354 0.0183228 0.0125
27 -0.0630223 -0.204925 0.0168686 0.0125
4 -0.211204 -0.155873 0.0249766 0.0125
26 -0.192144 -0.161693 0.020461 0.0125
25 -0.173445 -0.168519 0.0226794 0.0125
24 -0.144075 -0.174523 0.0167039 0.0125
1 -0.115922 -0.178863 0.0114316 0.0125
23 -0.0960761 -0.172349 0.0145588 0.0125
22 -0.0759052 -0.170767 0.0156922 0.0125
21 -0.0556854 -0.168606 0.0145586 0.0125
11 0.177812 -0.253471 0.0364589 0.0125
6 0.0321041 -0.166305 0.0351424 0.0125
10 0.0492497 -0.176569 0.0365793 0.0125
9 0.0663669 -0.18683 0.0380101 0.0125
2 0.159891 -0.244611 0.035857 0.0125
19 -0.0143298 -0.16765 0.0163127 0.0125
8 0.0834434 -0.197595 0.0373988 0.0125
12 0.196655 -0.260173 0.0364314 0.0125
13 0.215289 -0.266489 0.0400215 0.0125
14 0.232877 -0.275514 0.0430553 0.0125
5 0.246851 -0.287567 0.050767 0.0125
15 0.130545 -0.222574 0.0411395 0.0125
16 0.0866889 -0.201144 0.0366138 0.0125
17 0.0434834 -0.179506 0.0320765 0.0125
18 0.00622421 -0.167864 0.0212702 0.0125
20 -0.0353813 -0.166434 0.0124423 0.0125
e_2_8 2 8 1 0.0125 0.121668 -0.221103 0.0366281 -0.467883 0.691576 0.114606 -0.538214 0.089761
e_8_9 8 9 2 0.0125 0.0749056 -0.192212 0.0377043 -0.481848 0.685864 0.120273 -0.531928 0.020196
e_9_10 9 10 3 0.0125 0.0578083 -0.181699 0.0372947 -0.399165 0.729251 0.0627654 -0.552196 0.020008
e_10_6 10 6 4 0.0125 0.0406775 -0.171437 0.0358612 -0.398681 0.729336 0.0626973 -0.552441 0.020035
e_2_11 2 11 1 0.0125 0.168851 -0.249041 0.0361579 -0.423375 0.321986 -0.617482 0.579479 0.02
e_11_12 11 12 2 0.0125 0.187233 -0.256822 0.0364451 -0.45045 0.362493 -0.60768 0.544443 0.02
e_12_13 12 13 3 0.0125 0.205972 -0.263331 0.0382269 -0.514193 0.312896 -0.558873 0.570406 0.02
e_13_14 13 14 4 0.0125 0.224083 -0.271002 0.0415388 -0.459576 0.281011 -0.587529 0.603848 0.02
e_14_5 14 5 5 0.0125 0.239864 -0.28154 0.0469116 -0.471465 0.140848 -0.536078 0.685932 0.02
e_2_15 2 15 1 0.0125 0.145218 -0.233593 0.0384986 -0.588583 0.634672 0.161109 -0.474136 0.037077
e_15_16 15 16 2 0.0125 0.108617 -0.211859 0.0388767 -0.340499 0.736926 0.0556345 -0.581296 0.049022
e_16_17 16 17 3 0.0125 0.0650856 -0.190325 0.0343454 -0.34492 0.737423 0.054376 -0.57817 0.048533
e_17_18 17 18 4 0.0125 0.0248532 -0.173685 0.026673 -0.118866 0.791463 -0.0835976 -0.59369 0.040504
e_18_19 18 19 5 0.0125 -0.00405342 -0.167757 0.0187917 0.123347 0.768182 -0.164668 -0.606273 0.021144
e_19_20 19 20 6 0.0125 -0.0248551 -0.167041 0.0143774 0.0385982 0.762957 -0.0904688 -0.638923 0.021439
e_20_21 20 21 7 0.0125 -0.0455335 -0.16752 0.0135 -0.103916 0.649346 0.163702 -0.735359 0.02053
e_21_22 21 22 8 0.0125 -0.0657953 -0.169686 0.015126 -0.0119979 0.681949 0.084286 -0.726428 0.020367
e_22_23 22 23 9 0.0125 -0.0859911 -0.171558 0.0151256 0.0985382 0.725062 -0.0476218 -0.679932 0.020264
e_23_1 23 1 10 0.0125 -0.105999 -0.175607 0.0129951 0.506205 0.637631 -0.409219 -0.411974 0.02112
e_1_24 1 24 1 0.0125 -0.129999 -0.176693 0.0140673 -0.449823 0.569574 0.290838 -0.623424 0.028969
e_24_25 24 25 2 0.0125 -0.15876 -0.171521 0.0196911 -0.487361 0.562458 0.293066 -0.600194 0.030567
e_25_26 25 26 3 0.0125 -0.182794 -0.165106 0.0215707 -0.263922 0.74403 0.0424389 -0.612343 0.020029
e_26_4 26 4 4 0.0125 -0.201674 -0.158783 0.0227188 -0.548611 0.552996 0.289327 -0.556338 0.020435
e_1_27 1 27 1 0.0125 -0.0894722 -0.191894 0.0141506 -0.444539 0.303656 -0.601568 0.590165 0.059222
e_27_28 27 28 2 0.0125 -0.0531199 -0.20714 0.0175955 -0.510448 0.372826 -0.570327 0.524567 0.020344
e_28_3 28 3 3 0.0125 -0.0330215 -0.20988 0.0186657 -0.544664 0.425919 -0.549349 0.4692 0.020434
6 23 22
3 -0.0651949 0.106813 0.162341 0.0125
24 -0.0810282 0.109656 0.14919 0.0125
23 -0.111944 0.110631 0.129105 0.0125
4 -0.16892 0.137692 0.0117504 0.0125
22 -0.163119 0.136982 0.0308769 0.0125
21 -0.157528 0.131822 0.049374 0.0125
20 -0.153599 0.126788 0.0683267 0.0125
5 0.0722384 0.165907 0.0115407 0.0125
10 0.087955 0.161841 0.0253958 0.0125
6 0.233343 0.0517691 0.0162035 0.0125
9 0.105777 0.15793 0.044518 0.0125
2 0.143706 0.151591 0.0798573 0.0125
19 -0.149925 0.120715 0.0870248 0.0125
8 0.18422 0.110154 0.0410102 0.0125
11 0.119463 0.143357 0.0820341 0.0125
12 0.0759662 0.125947 0.0845586 0.0125
13 0.0469698 0.121103 0.0871814 0.0125
14 -0.0296675 0.114522 0.103018 0.0125
15 -0.0550962 0.113323 0.101168 0.0125
16 -0.0846034 0.120597 0.0999519 0.0125
17 -0.107517 0.119035 0.100247 0.0125
18 -0.127539 0.117401 0.101269 0.0125
1 -0.147156 0.11509 0.106017 0.0125
e_2_8 2 8 1 0.0125 0.163964 0.130872 0.0604338 0.410702 0.248961 0.846415 -0.23005 0.069768
e_8_6 8 6 2 0.0125 0.208782 0.0809612 0.0286069 0.511327 0.281829 0.758397 -0.289744 0.080232
e_2_9 2 9 1 0.0125 0.124741 0.15476 0.0621878 0.167659 0.757888 -0.51374 -0.365468 0.052227
e_9_10 9 10 2 0.0125 0.0968656 0.159885 0.0349577 0.10982 0.80752 -0.457889 -0.355231 0.02643
e_10_5 10 5 3 0.0125 0.080097 0.163874 0.0184686 0.235285 0.599524 -0.682029 -0.346481 0.021343
e_2_11 2 11 1 0.0125 0.131584 0.147474 0.0809457 0.567861 0.575623 -0.355385 -0.468928 0.025695
e_11_12 11 12 2 0.0125 0.0977146 0.134652 0.0832968 0.551404 0.609452 -0.318851 -0.472078 0.04692
e_12_13 12 13 3 0.0125 0.0614677 0.123524 0.0858701 0.583257 0.495675 -0.458117 -0.451936 0.029515
e_13_14 13 14 4 0.0125 0.00865112 0.117812 0.0951006 0.63553 0.404701 -0.485166 -0.443771 0.078533
e_14_15 14 15 5 0.0125 -0.0423819 0.113923 0.102093 0.528688 0.487821 -0.54616 -0.429219 0.025524
e_15_16 15 16 6 0.0125 -0.0698498 0.11696 0.100559 0.587025 0.225642 -0.684882 -0.367999 0.030415
e_16_17 16 17 7 0.0125 -0.0960605 0.119816 0.1001 0.562642 0.466933 -0.524933 -0.435721 0.022969
e_17_18 17 18 8 0.0125 -0.117528 0.118218 0.100758 0.576758 0.460494 -0.512377 -0.439051 0.020115
e_18_1 18 1 9 0.0125 -0.137347 0.116246 0.103643 0.644503 0.410742 -0.46308 -0.448848 0.020315
e_1_19 1 19 1 0.0125 -0.14854 0.117902 0.0965208 -0.024997 -0.291132 0.943422 0.156754 0.02
e_19_20 19 20 2 0.0125 -0.151762 0.123751 0.0776758 -0.0343263 -0.339627 0.923094 0.177126 0.02
e_20_21 20 21 3 0.0125 -0.155564 0.129306 0.0588502 -0.0722304 -0.196067 0.967151 0.144777 0.02
e_21_22 21 22 4 0.0125 -0.160324 0.134402 0.0401255 -0.118708 -0.162626 0.967453 0.153282 0.02
e_22_4 22 4 5 0.0125 -0.16602 0.137336 0.0213138 -0.140627 0.415209 0.89765 -0.0452793 0.02
e_1_23 1 23 1 0.0125 -0.12955 0.11286 0.11756 0.825254 -0.106626 0.464757 -0.302635 0.042342
e_23_24 23 24 2 0.0125 -0.0964863 0.110144 0.139147 0.829066 -0.144004 0.454916 -0.291486 0.03688
e_24_3 24 3 3 0.0125 -0.0731118 0.108235 0.155766 0.844107 -0.0797315 0.420928 -0.322408 0.020778
7 21 20
3 -0.0274631 -0.128273 0.0122102 0.0125
22 -0.0313697 -0.112766 0.0242222 0.0125
21 -0.0354687 -0.0983155 0.0374267 0.0125
20 -0.0327124 -0.0840904 0.051213 0.0125
19 -0.0262362 -0.0743153 0.0674153 0.0125
11 0.30881 -0.0336302 0.143779 0.0125
10 0.290091 -0.019385 0.138842 0.0125
6 0.179237 0.0734626 0.0322912 0.0125
9 0.206554 0.0391834 0.0756147 0.0125
2 0.262529 -0.000352635 0.130892 0.0125
8 0.247219 0.0112485 0.110973 0.0125
12 0.326664 -0.0443334 0.148296 0.0125
5 0.34426 -0.0541502 0.1464 0.0125
13 0.181448 -0.0165354 0.119164 0.0125
14 0.0879194 -0.0313043 0.109835 0.0125
15 0.0286911 -0.0402912 0.104927 0.0125
16 0.0105315 -0.0469004 0.0975115 0.0125
17 -0.00773715 -0.0542899 0.0923581 0.0125
1 -0.0229539 -0.0652594 0.084943 0.0125
18 0.00779364 -0.00155554 0.081776 0.0125
4 0.0266381 0.0201443 0.0868994 0.0125
e_2_8 2 8 1 0.0125 0.254874 0.0054482 0.120933 0.339328 -0.819633 -0.433712 0.157965 0.027672
e_8_9 8 9 2 0.0125 0.226886 0.0252162 0.0932943 0.423389 -0.742285 -0.490181 0.171689 0.060697
e_9_6 9 6 3 0.0125 0.192895 0.0563232 0.0539528 0.37073 -0.85125 -0.356173 0.105233 0.061631
e_2_10 2 10 1 0.0125 0.276311 -0.00986875 0.134867 0.603447 -0.0550486 0.617654 -0.501323 0.034425
e_10_11 10 11 2 0.0125 0.29945 -0.026507 0.141311 0.590004 -0.0358919 0.629297 -0.504571 0.024036
e_11_12 11 12 3 0.0125 0.317736 -0.0389816 0.146038 0.595624 -0.0997274 0.619684 -0.501276 0.021301
e_12_5 12 5 4 0.0125 0.335462 -0.049242 0.147348 0.439715 -0.253626 0.694654 -0.509686 0.020239
e_2_13 2 13 1 0.0125 0.221988 -0.00844364 0.125029 0.592982 -0.182109 -0.732837 0.27957 0.083508
e_13_14 13 14 2 0.0125 0.134683 -0.0239199 0.1145 0.616915 -0.182968 -0.718023 0.265296 0.095146
e_14_15 14 15 3 0.0125 0.0583052 -0.0357977 0.107381 0.625445 -0.177966 -0.71355 0.260756 0.060107
e_15_16 15 16 4 0.0125 0.0196115 -0.0435955 0.101219 0.450299 -0.245746 -0.786589 0.343682 0.020699
e_16_17 16 17 5 0.0125 0.00139719 -0.0505951 0.0949348 0.517579 -0.138819 -0.779256 0.324963 0.02037
e_17_1 17 1 6 0.0125 -0.0153461 -0.0597749 0.0886501 0.419879 -0.0851018 -0.822543 0.374009 0.020171
e_1_18 1 18 1 0.0125 -0.00758039 -0.0334071 0.0833589 0.655421 -0.716934 0.0914623 -0.219235 0.070807
e_18_4 18 4 2 0.0125 0.0172164 0.00929401 0.0843371 0.70788 -0.609268 0.202586 -0.294376 0.029193
e_1_19 1 19 1 0.0125 -0.024595 -0.0697875 0.0761784 -0.219664 -0.959152 -0.134957 0.116454 0.02
e_19_20 19 20 2 0.0125 -0.0294747 -0.0792029 0.0593134 -0.156505 -0.855432 -0.416275 0.265438 0.02
e_20_21 20 21 3 0.0125 -0.0340908 -0.0912025 0.0443193 -0.389072 -0.918613 0.0285418 0.0629168 0.02
e_21_22 21 22 4 0.0125 -0.0334199 -0.105541 0.0308247 -0.161797 -0.572717 0.708587 -0.379106 0.02
e_22_3 22 3 5 0.0125 -0.0294167 -0.12052 0.0182164 -0.112856 -0.430558 0.784176 -0.43238 0.02
8 17 16
3 -0.0170693 0.363159 0.254669 0.0125
10 0.065134 0.0382978 0.104203 0.0125
5 0.131551 -0.00125192 0.0240043 0.0125
6 -0.0706384 -0.0236278 0.135723 0.0125
9 0.0865288 0.0146958 0.0717756 0.0125
2 0.0690236 0.0148673 0.0990949 0.0125
8 -0.0125825 -0.00397894 0.114637 0.0125
11 0.0173227 0.175116 0.176 0.0125
12 0.000538724 0.205088 0.189279 0.0125
13 -0.00571615 0.228869 0.192268 0.0125
1 -0.0185561 0.278099 0.204667 0.0125
18 -0.0259353 0.31541 0.226995 0.0125
14 -0.0315995 0.292184 0.210277 0.0125
15 -0.0449436 0.306671 0.213749 0.0125
16 -0.0578225 0.321839 0.215768 0.0125
17 -0.069502 0.337815 0.21288 0.0125
4 -0.0802542 0.354611 0.211365 0.0125
e_2_8 2 8 1 0.0125 0.0282207 0.00544372 0.106866 0.748418 -0.00284939 -0.639344 0.176357 0.085184
e_8_6 8 6 2 0.0125 -0.0416101 -0.0138027 0.125181 0.795307 0.0645757 -0.577212 0.173617 0.064816
e_2_9 2 9 1 0.0125 0.0777757 0.0147815 0.0854353 0.257549 -0.375827 0.88303 -0.112612 0.032447
e_9_5 9 5 2 0.0125 0.10904 0.00672243 0.0478898 0.370425 0.0803012 0.9204 -0.0959227 0.067553
e_2_10 2 10 1 0.0125 0.0670789 0.0265821 0.101649 0.774184 -0.62699 -0.0418881 0.0759479 0.024294
e_10_11 10 11 2 0.0125 0.0412285 0.106706 0.140101 0.844115 -0.514397 -0.115948 0.0970667 0.16174
e_11_12 11 12 3 0.0125 0.0089307 0.190102 0.18264 0.817696 -0.525269 -0.209317 0.107942 0.03683
e_12_13 12 13 4 0.0125 -0.00258934 0.216979 0.190774 0.74421 -0.655684 -0.0986804 0.0805726 0.02477
e_13_1 13 1 5 0.0125 -0.0121367 0.253484 0.198468 0.781826 -0.611042 -0.0908053 0.0844432 0.052366
e_1_14 1 14 1 0.0125 -0.0250773 0.285142 0.207472 0.790447 -0.498029 -0.334234 0.12429 0.02
e_14_15 14 15 2 0.0125 -0.0382711 0.299428 0.212013 0.756147 -0.536456 -0.354117 0.122712 0.02
e_15_16 15 16 3 0.0125 -0.0513825 0.314255 0.214758 0.732441 -0.57373 -0.346956 0.118257 0.02
e_16_17 16 17 4 0.0125 -0.0636627 0.329827 0.214324 0.645437 -0.674847 -0.341745 0.105847 0.02
e_17_4 17 4 5 0.0125 -0.0748787 0.346213 0.212122 0.672066 -0.67013 -0.29798 0.102279 0.02
e_1_18 1 18 1 0.0125 -0.0222462 0.296754 0.215831 0.863252 -0.494729 -0.0458662 0.0890842 0.044103
e_18_3 18 3 2 0.0125 -0.0215023 0.339284 0.240833 0.862292 -0.485976 0.127605 0.0632247 0.055897
9 25 24
3 -0.112505 -0.0915088 0.0821547 0.0125
26 -0.100485 -0.10674 0.0773073 0.0125
25 -0.0895814 -0.123464 0.0761127 0.0125
24 -0.084036 -0.14268 0.0759674 0.0125
23 -0.0800882 -0.16198 0.0794175 0.0125
4 -0.0628926 -0.266862 0.0365121 0.0125
22 -0.0611058 -0.246883 0.0454765 0.0125
21 -0.0617486 -0.227373 0.0535464 0.0125
20 -0.0660017 -0.209364 0.0630771 0.0125
6 0.248926 -0.0755148 0.0954689 0.0125
11 0.231238 -0.0707437 0.104755 0.0125
10 0.21547 -0.0628896 0.115422 0.0125
9 0.199303 -0.0527482 0.126327 0.0125
2 0.144115 0.00300908 0.161779 0.0125
19 -0.0486262 -0.152037 0.0945739 0.0125
8 0.176753 -0.0375433 0.140266 0.0125
12 0.114455 0.009902 0.15741 0.0125
13 0.0940747 0.0105311 0.158396 0.0125
14 0.0665439 0.0149853 0.153296 0.0125
5 0.04631 0.0155551 0.150232 0.0125
15 0.100372 -0.0144265 0.148072 0.0125
16 0.0656842 -0.033901 0.13383 0.0125
17 0.00720448 -0.0841775 0.113804 0.0125
18 -0.00836998 -0.102867 0.108753 0.0125
1 -0.0731019 -0.180317 0.0832865 0.0125
e_2_8 2 8 1 0.0125 0.160434 -0.0172664 0.151023 0.504676 0.369372 0.744674 -0.233083 0.056325
e_8_9 8 9 2 0.0125 0.188029 -0.0451453 0.133297 0.450511 0.055766 0.851433 -0.262662 0.030562
e_9_10 9 10 3 0.0125 0.207387 -0.0578189 0.120874 0.424249 -0.00303745 0.864908 -0.268211 0.02198
e_10_11 10 11 4 0.0125 0.223354 -0.0668159 0.110088 0.413562 -0.0930295 0.866209 -0.264564 0.020594
e_11_6 11 6 5 0.0125 0.240083 -0.0731292 0.100112 0.466054 -0.176817 0.833542 -0.238195 0.02054
e_2_12 2 12 1 0.0125 0.129285 0.0064552 0.159595 0.563287 -0.522677 -0.545731 0.334207 0.030762
e_12_13 12 13 2 0.0125 0.104265 0.0102162 0.157904 0.632568 -0.353968 -0.592077 0.35215 0.020415
e_13_14 13 14 3 0.0125 0.0803088 0.0127577 0.155846 0.541644 -0.508205 -0.575922 0.341561 0.028351
e_14_5 14 5 4 0.0125 0.0564274 0.0152703 0.151763 0.546443 -0.431408 -0.62347 0.355769 0.020472
e_2_15 2 15 1 0.0125 0.122244 -0.00570838 0.154926 0.461602 -0.24715 -0.760697 0.38364 0.049044
e_15_16 15 16 2 0.0125 0.0830281 -0.0241634 0.140951 0.425533 -0.184375 -0.796581 0.387796 0.042253
e_16_17 16 17 3 0.0125 0.0364445 -0.0590396 0.123817 0.479608 0.031807 -0.790351 0.379882 0.079679
e_17_18 17 18 4 0.0125 -0.000583076 -0.0935231 0.111279 0.519894 0.209281 -0.746886 0.357873 0.024847
e_18_19 18 19 5 0.0125 -0.0284981 -0.127452 0.101664 0.512665 0.211841 -0.75101 0.358165 0.065109
e_19_1 19 1 6 0.0125 -0.0608642 -0.166176 0.0889299 0.467889 0.150651 -0.788522 0.369618 0.039067
e_1_20 1 20 1 0.0125 -0.069552 -0.19484 0.0731819 0.432521 0.709906 0.525365 -0.181525 0.036091
e_20_21 20 21 2 0.0125 -0.0638753 -0.218368 0.0583114 0.50773 0.766953 0.375147 -0.115143 0.020815
e_21_22 21 22 3 0.0125 -0.061427 -0.237128 0.0495118 0.553218 0.829516 -0.0539042 0.0542812 0.021123
e_22_4 22 4 4 0.0125 -0.0619994 -0.256873 0.040994 0.523738 0.784309 -0.298125 0.147236 0.021971
e_1_23 1 23 1 0.0125 -0.0765954 -0.171149 0.0813524 0.611109 -0.769446 -0.0683607 0.172702 0.02
e_23_24 23 24 2 0.0125 -0.0820615 -0.15233 0.0776923 0.627315 -0.765499 0.0162261 0.142212 0.02
e_24_25 24 25 3 0.0125 -0.086809 -0.133073 0.0760401 0.689874 -0.703846 -0.0311622 0.166441 0.02
e_25_26 25 26 4 0.0125 -0.0950336 -0.115102 0.0767101 0.693137 -0.661297 -0.181148 0.222335 0.02
e_26_3 26 3 5 0.0125 -0.106495 -0.0991249 0.0797313 0.750866 -0.57619 -0.216364 0.239565 0.02
