9
1 17 16
3 -0.0338693 0.197477 0.0181999 0.0125
5 -0.282927 0.0488746 0.0671956 0.0125
10 -0.243807 0.0790471 0.0343072 0.0125
6 -0.166554 -0.025026 0.0686813 0.0125
9 -0.181053 -0.00577221 0.0497817 0.0125
2 -0.217611 0.100159 0.0114923 0.0125
8 -0.191987 0.0189785 0.0340283 0.0125
11 -0.188007 0.143933 0.0172539 0.0125
12 -0.160361 0.168719 0.0209833 0.0125
13 -0.0590609 0.26207 0.0278801 0.0125
14 -0.034795 0.274697 0.0299541 0.0125
15 -0.0131943 0.28121 0.0330753 0.0125
1 0.0071584 0.286811 0.0365249 0.0125
18 -0.0250461 0.216245 0.021884 0.0125
16 0.0326761 0.246492 0.0195015 0.0125
17 0.0445215 0.223728 0.014185 0.0125
4 0.061027 0.207745 0.0114962 0.0125
e_2_8 2 8 1 0.0125 -0.204798 0.0595691 0.0227604 0.633219 0.354411 0.496423 -0.476436 0.088061
e_8_9 8 9 2 0.0125 -0.18652 0.00660364 0.0419051 0.764014 0.306616 0.392954 -0.409702 0.03131
e_9_6 9 6 3 0.0125 -0.173803 -0.0153991 0.0592315 0.801998 0.192739 0.392846 -0.4066 0.030629
e_2_10 2 10 1 0.0125 -0.230709 0.089603 0.0228997 0.858298 0.198976 -0.424003 0.209653 0.04065
e_10_5 10 5 2 0.0125 -0.263367 0.0639608 0.0507514 0.854054 0.186788 -0.43364 0.218307 0.05935
e_2_11 2 11 1 0.0125 -0.202809 0.122046 0.0143724 0.716401 -0.633941 0.209585 -0.20239 0.053157
e_11_12 11 12 2 0.0125 -0.174185 0.156327 0.0191182 0.690181 -0.599515 0.301014 -0.271335 0.037318
e_12_13 12 13 3 0.0125 -0.10971 0.215394 0.0244323 0.673699 -0.620809 0.299321 -0.266708 0.137926
e_13_14 13 14 4 0.0125 -0.046928 0.268383 0.0289176 0.650852 -0.556436 0.390619 -0.337918 0.027434
e_14_15 14 15 5 0.0125 -0.0239941 0.277954 0.0315147 0.648984 -0.483371 0.444794 -0.383837 0.022776
e_15_1 15 1 6 0.0125 -0.00301804 0.28401 0.0348 0.655218 -0.466494 0.44916 -0.389009 0.02139
e_1_16 1 16 1 0.0125 0.0199172 0.266651 0.0280131 0.0990721 -0.311833 0.755494 -0.567604 0.050661
e_16_17 16 17 2 0.0125 0.0385989 0.23511 0.0168428 0.19842 -0.123624 0.765595 -0.599341 0.026206
e_17_4 17 4 3 0.0125 0.0527746 0.215736 0.0128405 0.334207 -0.202624 0.719082 -0.574605 0.023132
e_1_18 1 18 1 0.0125 -0.00894369 0.251529 0.0292041 0.356346 0.125916 -0.759529 0.529413 0.078937
e_18_3 18 3 2 0.0125 -0.0294582 0.206861 0.0200419 0.374225 0.139132 -0.753721 0.522018 0.021063
2 24 23
3 -0.0873101 0.0865295 0.0114801 0.0125
25 -0.083333 0.0715082 0.0252579 0.0125
24 -0.0772604 0.054581 0.0391522 0.0125
4 -0.0767526 -0.0717486 0.011486 0.0125
23 -0.0640067 -0.0250791 0.0497933 0.0125
1 -0.0640789 0.00823571 0.0686707 0.0125
22 -0.0597605 -0.0123909 0.0664699 0.0125
21 -0.0517225 -0.03061 0.0604141 0.0125
11 0.129788 -0.227945 0.0777009 0.0125
6 0.187046 -0.0967175 0.011492 0.0125
10 0.175887 -0.120115 0.0224208 0.0125
9 0.154527 -0.147796 0.0420613 0.0125
2 0.118759 -0.21776 0.0644869 0.0125
19 -0.0297472 -0.0693758 0.0511552 0.0125
8 0.130793 -0.194289 0.0555376 0.0125
12 0.137402 -0.238252 0.0930562 0.0125
13 0.145543 -0.248062 0.108467 0.0125
14 0.153394 -0.257977 0.123962 0.0125
5 0.157429 -0.265632 0.141992 0.0125
15 0.0807343 -0.188039 0.0585907 0.0125
16 0.029161 -0.136797 0.0510921 0.0125
17 -0.0052705 -0.105466 0.051765 0.0125
18 -0.0162185 -0.0881155 0.0490805 0.0125
20 -0.0425312 -0.0507713 0.0538937 0.0125
e_2_8 2 8 1 0.0125 0.124776 -0.206024 0.0600123 0.455738 -0.334855 0.740621 0.362846 0.027853
e_8_9 8 9 2 0.0125 0.14266 -0.171042 0.0488001 0.499931 -0.367235 0.700088 0.353673 0.053912
e_9_10 9 10 3 0.0125 0.165207 -0.133955 0.032241 0.3834 -0.175414 0.845054 0.328814 0.040103
e_10_6 10 6 4 0.0125 0.181467 -0.108416 0.0169563 0.406546 -0.309777 0.773479 0.374819 0.028132
e_2_11 2 11 1 0.0125 0.124274 -0.222853 0.0710941 0.882384 0.195066 0.362768 -0.227481 0.02
e_11_12 11 12 2 0.0125 0.133595 -0.233099 0.0853786 0.8997 0.203529 0.273275 -0.272832 0.02
e_12_13 12 13 3 0.0125 0.141472 -0.243157 0.100762 0.903437 0.189843 0.280523 -0.262809 0.02
e_13_14 13 14 4 0.0125 0.149468 -0.25302 0.116215 0.903298 0.193235 0.274426 -0.267215 0.02
e_14_5 14 5 5 0.0125 0.155411 -0.261804 0.132977 0.928601 0.155371 0.158408 -0.297433 0.02
e_2_15 2 15 1 0.0125 0.0997464 -0.202899 0.0615392 0.434267 0.1436 -0.734857 -0.500776 0.048621
e_15_16 15 16 2 0.0125 0.054947 -0.162418 0.0548411 0.579577 -0.188721 -0.718109 -0.335848 0.073087
e_16_17 16 17 3 0.0125 0.011945 -0.121131 0.051429 0.614921 -0.145988 -0.686636 -0.359292 0.046558
e_17_18 17 18 4 0.0125 -0.0107445 -0.0967907 0.0504228 0.645596 -0.704412 -0.26205 0.135423 0.020691
e_18_19 18 19 5 0.0125 -0.0229829 -0.0787456 0.0501179 0.731481 -0.489702 -0.464212 -0.0981572 0.023206
e_19_20 19 20 6 0.0125 -0.0361398 -0.0600735 0.0525241 0.743968 -0.50208 -0.433233 -0.0820738 0.022739
e_20_21 20 21 7 0.0125 -0.0471262 -0.0406906 0.0571542 0.800718 -0.545291 -0.248006 0.000692461 0.023097
e_21_22 21 22 8 0.0125 -0.0557412 -0.0215001 0.0634421 0.803408 -0.546154 -0.237127 0.00473029 0.020814
e_22_1 22 1 9 0.0125 -0.06192 -0.00207754 0.0675707 0.70834 -0.666049 0.0667693 0.223997 0.021188
e_1_23 1 23 1 0.0125 -0.0640428 -0.00842169 0.059232 0.396009 0.67841 0.535029 -0.310934 0.038292
e_23_4 23 4 2 0.0125 -0.0703797 -0.0484138 0.0306397 0.283355 0.745194 0.505053 -0.330631 0.061708
e_1_24 1 24 1 0.0125 -0.0706697 0.0314084 0.0539115 0.02542 -0.28202 0.825629 0.488012 0.056506
e_24_25 24 25 2 0.0125 -0.0802965 0.0630439 0.0322046 -0.120751 -0.0600698 0.895588 0.423948 0.022726
e_25_3 25 3 3 0.0125 -0.0853222 0.0790189 0.0183687 -0.0967832 -0.0188427 0.911789 0.398646 0.020768
3 21 20
3 -0.206366 0.137471 0.0387176 0.0125
22 -0.19305 0.128372 0.0516385 0.0125
21 -0.178677 0.116176 0.0616401 0.0125
20 -0.153727 0.104528 0.0725699 0.0125
4 -0.218676 0.0772444 0.0425974 0.0125
11 -0.113184 -0.147258 0.0550596 0.0125
10 -0.128746 -0.1586 0.0493822 0.0125
6 -0.140172 -0.165294 0.16125 0.0125
9 -0.148583 -0.171892 0.0337179 0.0125
2 -0.16152 -0.192371 0.0156275 0.0125
19 -0.171712 0.0840312 0.0584311 0.0125
8 -0.14721 -0.176498 0.124251 0.0125
5 -0.0991473 -0.13217 0.0597403 0.0125
12 -0.151041 -0.0846452 0.0521657 0.0125
13 -0.142359 -0.0344219 0.0738327 0.0125
14 -0.135346 0.0138605 0.0770106 0.0125
15 -0.131442 0.0349164 0.0759435 0.0125
16 -0.128504 0.054174 0.0806459 0.0125
17 -0.128915 0.0741194 0.0820975 0.0125
1 -0.129559 0.0940883 0.0831448 0.0125
18 -0.147383 0.0913214 0.0726412 0.0125
e_2_8 2 8 1 0.0125 -0.154365 -0.184434 0.0699399 0.992644 -0.0671079 0.0700094 0.0724848 0.110706
e_8_6 8 6 2 0.0125 -0.143691 -0.170897 0.142751 0.984932 -0.147095 0.0869417 -0.0267104 0.039294
e_2_9 2 9 1 0.0125 -0.155052 -0.182131 0.0246721 0.776433 -0.447672 0.0200812 -0.443101 0.030232
e_9_10 9 10 2 0.0125 -0.138664 -0.165246 0.04155 0.809578 -0.397972 0.25955 -0.344726 0.028558
e_10_11 10 11 3 0.0125 -0.120965 -0.152929 0.0522204 0.396994 -0.59514 -0.0664257 -0.695551 0.020076
e_11_5 11 5 4 0.0125 -0.106166 -0.139714 0.0573999 0.333798 -0.579348 -0.231538 -0.706629 0.021134
e_2_12 2 12 1 0.0125 -0.156281 -0.138508 0.0338971 0.603857 -0.469212 -0.346283 -0.5434 0.114235
e_12_13 12 13 2 0.0125 -0.1467 -0.0595342 0.0629991 0.637165 -0.475975 -0.278998 -0.538172 0.055382
e_13_14 13 14 3 0.0125 -0.138853 -0.0102807 0.0754216 0.423794 -0.472969 -0.493766 -0.594049 0.048892
e_14_15 14 15 4 0.0125 -0.133394 0.0243886 0.0764772 0.335671 -0.462249 -0.557847 -0.602044 0.021442
e_15_16 15 16 5 0.0125 -0.129973 0.0445452 0.0782947 0.533261 -0.48357 -0.385792 -0.577024 0.020039
e_16_17 16 17 6 0.0125 -0.12871 0.0641461 0.0813721 0.485675 -0.44103 -0.518855 -0.54809 0.020002
e_17_1 17 1 7 0.0125 -0.129237 0.0841034 0.0826212 0.478071 -0.436737 -0.53205 -0.545556 0.020007
e_1_18 1 18 1 0.0125 -0.138471 0.0927049 0.077893 0.496736 0.06311 -0.864661 0.040404 0.020873
e_18_19 18 19 2 0.0125 -0.159547 0.0876758 0.0655357 0.49812 0.100094 -0.856806 0.0879845 0.029103
e_19_4 19 4 3 0.0125 -0.195194 0.0806381 0.0505136 0.582741 0.0519696 -0.809667 0.0463751 0.050024
e_1_20 1 20 1 0.0125 -0.141643 0.0993081 0.0778573 0.537762 -0.103152 -0.822029 -0.15633 0.028371
e_20_21 20 21 2 0.0125 -0.166201 0.110352 0.0671046 0.536376 -0.111592 -0.819767 -0.166821 0.029626
e_21_22 21 22 3 0.0125 -0.185863 0.122275 0.0566394 0.450246 -0.166279 -0.84065 -0.250874 0.021338
e_22_3 22 3 4 0.0125 -0.199708 0.132921 0.045178 0.384748 -0.110991 -0.894603 -0.198332 0.020665
4 24 23
3 0.0226805 0.105318 0.0533317 0.0125
25 0.0404681 0.0966109 0.0505398 0.0125
24 0.0561007 0.0864817 0.0432573 0.0125
23 0.0682877 0.0773467 0.0302954 0.0125
22 0.0826574 0.0675906 0.020379 0.0125
4 0.0744753 0.00840191 0.0940977 0.0125
21 0.0790998 0.016244 0.0753817 0.0125
20 0.0836081 0.0248096 0.0576214 0.0125
11 -0.0225018 -0.187237 0.0922119 0.0125
10 -0.0444673 -0.168826 0.119234 0.0125
6 -0.0570442 -0.21905 0.0114803 0.0125
9 -0.0620183 -0.203552 0.032974 0.0125
2 -0.0634083 -0.151208 0.143981 0.0125
19 0.0912961 0.0370511 0.0409137 0.0125
8 -0.0650744 -0.171288 0.109449 0.0125
5 -0.0116209 -0.195069 0.0713358 0.0125
12 -0.0371392 -0.122751 0.122896 0.0125
13 -0.0096184 -0.0942707 0.0970992 0.0125
14 0.0190523 -0.0647852 0.0868293 0.0125
15 0.0493172 -0.027999 0.0655235 0.0125
16 0.0676993 -0.00790722 0.0506755 0.0125
17 0.0817733 0.0164754 0.0352225 0.0125
18 0.0913583 0.0347455 0.024331 0.0125
1 0.0979876 0.0582834 0.0115266 0.0125
e_2_8 2 8 1 0.0125 -0.064242 -0.161248 0.126715 -0.165956 -0.673253 -0.691807 0.201476 0.03998
e_8_9 8 9 2 0.0125 -0.0635462 -0.18742 0.0712108 -0.180461 -0.845336 -0.495755 0.084069 0.083059
e_9_6 9 6 3 0.0125 -0.0595306 -0.211302 0.0222269 -0.313777 -0.840011 -0.439295 0.0542651 0.02696
e_2_10 2 10 1 0.0125 -0.0539381 -0.160017 0.131607 -0.000516441 -0.674153 0.625429 -0.392881 0.035799
e_10_11 10 11 2 0.0125 -0.033485 -0.178032 0.105723 0.027806 -0.660555 0.637705 -0.395255 0.039391
e_11_5 11 5 3 0.0125 -0.0170609 -0.191153 0.081774 -0.101467 -0.928445 0.242283 -0.262665 0.02481
e_2_12 2 12 1 0.0125 -0.0502734 -0.13698 0.133439 0.458112 -0.824479 0.243548 -0.225948 0.044096
e_12_13 12 13 2 0.0125 -0.0233789 -0.108511 0.109998 0.418858 -0.847041 0.235405 -0.227296 0.047265
e_13_14 13 14 3 0.0125 0.00471709 -0.0795283 0.0919639 0.570491 -0.729979 0.2971 -0.231089 0.04239
e_14_15 14 15 4 0.0125 0.0341851 -0.0463916 0.0761768 0.499135 -0.806509 0.231699 -0.216158 0.052183
e_15_16 15 16 5 0.0125 0.0585083 -0.0179531 0.0580995 0.458252 -0.825299 0.241321 -0.225058 0.031017
e_16_17 16 17 6 0.0125 0.0747358 0.00428365 0.0429492 0.476112 -0.849533 0.137403 -0.180916 0.032115
e_17_18 17 18 7 0.0125 0.0865656 0.0256108 0.029777 0.486523 -0.847804 0.121075 -0.172812 0.02333
e_18_1 18 1 8 0.0125 0.0946724 0.0465144 0.0179287 0.501691 -0.855268 0.0212523 -0.127952 0.027603
e_1_19 1 19 1 0.0125 0.0946418 0.0476672 0.0262202 0.936842 0.285631 -0.140923 0.144508 0.036868
e_19_20 19 20 2 0.0125 0.0874524 0.0309308 0.049268 0.918855 0.253448 -0.240106 0.183899 0.022093
e_20_21 20 21 3 0.0125 0.0813539 0.0205264 0.0665019 0.959846 0.200635 -0.143933 0.133135 0.020227
e_21_4 21 4 4 0.0125 0.0767869 0.0123232 0.0847399 0.966185 0.176829 -0.138206 0.126951 0.020812
e_1_22 1 22 1 0.0125 0.0903231 0.0629367 0.0159526 0.835182 -0.35135 -0.394008 0.154216 0.02
e_22_23 22 23 2 0.0125 0.0754727 0.0724679 0.0253372 0.853116 -0.346304 -0.363538 0.141799 0.02
e_23_24 23 24 3 0.0125 0.0621937 0.0819141 0.0367762 0.8995 -0.294504 -0.298701 0.122247 0.02
e_24_25 24 25 4 0.0125 0.0482844 0.0915463 0.0468985 0.811453 -0.389281 -0.407929 0.153617 0.02
e_25_3 25 3 5 0.0125 0.0315739 0.100964 0.0519353 0.731403 -0.425098 -0.499497 0.186664 0.02
5 24 23
3 -0.0939731 0.020927 0.111793 0.0125
25 -0.105204 0.00660151 0.103506 0.0125
24 -0.111363 -0.00830758 0.091684 0.0125
23 -0.116363 -0.0243245 0.0808007 0.0125
22 -0.118583 -0.0371949 0.0656528 0.0125
4 -0.173998 0.036401 0.0485147 0.0125
21 -0.164449 0.0172815 0.0486959 0.0125
20 -0.149999 -0.00292322 0.0458169 0.0125
10 -0.0149469 0.157542 0.0706001 0.0125
5 0.0187221 0.288493 0.117897 0.0125
6 0.0864749 0.216002 0.186282 0.0125
9 0.0156781 0.252888 0.0891522 0.0125
2 0.0131005 0.209059 0.0574759 0.0125
19 -0.137837 -0.0286302 0.0472985 0.0125
8 0.0271043 0.21821 0.0950326 0.0125
11 -0.0584457 0.0909858 0.0759042 0.0125
12 -0.0698197 0.0747611 0.0728556 0.0125
13 -0.0798098 0.057659 0.0691258 0.0125
14 -0.0903237 0.0409057 0.0661412 0.0125
15 -0.0968457 0.0227418 0.0608913 0.0125
16 -0.10365 0.00489548 0.054957 0.0125
17 -0.110907 -0.0130501 0.0499273 0.0125
18 -0.118671 -0.0313855 0.0480395 0.0125
1 -0.125214 -0.0499219 0.0517231 0.0125
e_2_8 2 8 1 0.0125 0.0201026 0.213634 0.076254 0.927497 -0.163187 0.128965 -0.310623 0.041114
e_8_6 8 6 2 0.0125 0.0567895 0.217106 0.140657 0.896687 -0.0906901 0.269745 -0.339065 0.108886
e_2_9 2 9 1 0.0125 0.0143898 0.230974 0.0733144 0.848166 -0.441318 -0.112668 -0.270479 0.054139
e_9_5 9 5 2 0.0125 0.0171997 0.27069 0.103524 0.859141 -0.421207 -0.09588 -0.274351 0.045861
e_2_10 2 10 1 0.0125 -0.000922824 0.1833 0.0640383 0.775409 0.511407 -0.359567 0.0889717 0.060107
e_10_11 10 11 2 0.0125 -0.0366964 0.124265 0.0732516 0.716169 0.487764 -0.478338 0.142759 0.079687
e_11_12 11 12 3 0.0125 -0.0641328 0.0828738 0.0743802 0.617117 0.450021 -0.611151 0.207705 0.020048
e_12_13 12 13 4 0.0125 -0.0748155 0.0662102 0.070991 0.601134 0.495341 -0.589212 0.21472 0.020155
e_13_14 13 14 5 0.0125 -0.0850665 0.0492827 0.0676332 0.619031 0.482503 -0.584636 0.205408 0.020003
e_14_15 14 15 6 0.0125 -0.0935845 0.0318241 0.063516 0.564028 0.595043 -0.526468 0.225005 0.02
e_15_16 15 16 7 0.0125 -0.100248 0.0138183 0.0579238 0.542415 0.57228 -0.56643 0.239663 0.02
e_16_17 16 17 8 0.0125 -0.107278 -0.00407776 0.0524421 0.568638 0.572254 -0.546139 0.225627 0.02
e_17_18 17 18 9 0.0125 -0.114788 -0.0222172 0.0489838 0.65003 0.583431 -0.45475 0.173989 0.02
e_18_1 18 1 10 0.0125 -0.121943 -0.0406536 0.049881 0.76592 0.579066 -0.269434 0.0738536 0.02
e_1_19 1 19 1 0.0125 -0.131526 -0.0392759 0.0495105 0.6327 -0.584254 -0.496623 -0.10818 0.025145
e_19_20 19 20 2 0.0125 -0.143918 -0.0157759 0.0465575 0.674134 -0.579012 -0.43676 -0.139746 0.028477
e_20_21 20 21 3 0.0125 -0.157224 0.00717995 0.0472562 0.737621 -0.474265 -0.466375 -0.116107 0.025006
e_21_4 21 4 4 0.0125 -0.169224 0.026841 0.0486053 0.690278 -0.560237 -0.436312 -0.138859 0.021372
e_1_22 1 22 1 0.0125 -0.121899 -0.0435584 0.0586879 0.862912 -0.386601 0.0479033 -0.321913 0.02
e_22_23 22 23 2 0.0125 -0.117473 -0.0307602 0.0732273 0.894001 -0.345145 -0.0467445 -0.281873 0.02
e_23_24 23 24 3 0.0125 -0.113863 -0.0163166 0.086242 0.8232 -0.476703 -0.0260766 -0.307272 0.02
e_24_25 24 25 4 0.0125 -0.108282 -0.000852803 0.0975951 0.833303 -0.451972 0.0122676 -0.318083 0.02
e_25_3 25 3 5 0.0125 -0.0995879 0.0137642 0.10765 0.759292 -0.528039 0.118411 -0.361427 0.02
6 26 25
3 -0.00136893 -0.148122 0.183273 0.0125
27 -0.01964 -0.141965 0.17796 0.0125
26 -0.0382495 -0.138245 0.171645 0.0125
25 -0.0541153 -0.131728 0.161359 0.0125
24 -0.0705131 -0.125804 0.151562 0.0125
4 -0.0245696 -0.0713774 0.0843697 0.0125
23 -0.0379356 -0.0843675 0.0972871 0.0125
22 -0.0525931 -0.0978873 0.109075 0.0125
1 -0.0879282 -0.121095 0.142928 0.0125
21 -0.105677 -0.114458 0.13653 0.0125
12 -0.371671 0.0699801 0.133985 0.0125
11 -0.361366 0.0601172 0.111686 0.0125
10 -0.350376 0.056232 0.0951247 0.0125
9 -0.336034 0.0548044 0.078334 0.0125
2 -0.302292 0.0414069 0.0337096 0.0125
19 -0.133974 -0.0953729 0.116031 0.0125
8 -0.323684 0.0474843 0.0637722 0.0125
6 -0.385288 0.0812852 0.149149 0.0125
13 -0.316958 0.0594264 0.0902635 0.0125
5 -0.31763 0.066815 0.128409 0.0125
14 -0.196498 -0.0353574 0.0541646 0.0125
15 -0.1766 -0.0506042 0.0656269 0.0125
16 -0.165958 -0.0615605 0.0785932 0.0125
17 -0.155985 -0.0752538 0.0893568 0.0125
18 -0.144672 -0.0856041 0.102236 0.0125
20 -0.121052 -0.105155 0.12775 0.0125
e_2_8 2 8 1 0.0125 -0.312988 0.044446 0.0487406 0.94523 -0.114418 -0.291439 0.0922582 0.037394
e_8_9 8 9 2 0.0125 -0.329859 0.0511451 0.071053 0.922926 -0.215973 -0.311945 0.0652168 0.020449
e_9_10 9 10 3 0.0125 -0.343205 0.0555184 0.0867302 0.929269 -0.0804988 -0.337807 0.125956 0.022128
e_10_11 10 11 4 0.0125 -0.355871 0.0581751 0.103406 0.949893 -0.124447 -0.27504 0.0810503 0.020252
e_11_12 11 12 5 0.0125 -0.366518 0.0650486 0.122835 0.9596 -0.198133 -0.19885 0.0192406 0.02647
e_12_6 12 6 6 0.0125 -0.378479 0.0756323 0.141566 0.90756 -0.281067 -0.309336 0.0405946 0.023306
e_2_13 2 13 1 0.0125 -0.309625 0.0504167 0.0619871 0.981066 -0.150316 -0.122118 0.000910728 0.061141
e_13_5 13 5 2 0.0125 -0.317294 0.06312 0.109336 0.994925 -0.0952036 -0.0115893 -0.0304227 0.038859
e_2_14 2 14 1 0.0125 -0.249395 0.00302438 0.0439374 0.733094 0.230093 0.608072 -0.199698 0.132301
e_14_15 14 15 2 0.0125 -0.186549 -0.0429808 0.0598957 0.831778 0.260347 0.473611 -0.126721 0.027564
e_15_16 15 16 3 0.0125 -0.171279 -0.0560821 0.0721094 0.906693 0.288518 0.305226 -0.0387586 0.020035
e_16_17 16 17 4 0.0125 -0.160971 -0.0684066 0.0839749 0.876374 0.392801 0.278479 0.0112158 0.020071
e_17_18 17 18 5 0.0125 -0.150328 -0.0804288 0.0957965 0.904508 0.264368 0.329445 -0.0586594 0.020024
e_18_19 18 19 6 0.0125 -0.139323 -0.0904889 0.109133 0.917557 0.248244 0.305927 -0.0536036 0.020005
e_19_20 19 20 7 0.0125 -0.127513 -0.100264 0.12189 0.885041 0.232821 0.390907 -0.0984355 0.02
e_20_21 20 21 8 0.0125 -0.113365 -0.109806 0.13214 0.831586 0.179436 0.498284 -0.167274 0.02
e_21_1 21 1 9 0.0125 -0.0968027 -0.117777 0.139729 0.767624 0.0142658 0.582986 -0.265852 0.02
e_1_22 1 22 1 0.0125 -0.0702609 -0.109491 0.126001 0.257695 -0.899975 0.0507712 -0.347937 0.054159
e_22_23 22 23 2 0.0125 -0.0452645 -0.0911279 0.103181 0.360278 -0.866515 0.0598525 -0.340249 0.023164
e_23_4 23 4 3 0.0125 -0.0312525 -0.0778732 0.0908285 0.329237 -0.885753 0.0159084 -0.326789 0.022677
e_1_24 1 24 1 0.0125 -0.0792212 -0.12345 0.147245 0.80642 -0.0230896 0.532547 -0.25602 0.02
e_24_25 24 25 2 0.0125 -0.0623142 -0.128766 0.15646 0.835291 0.0465016 0.502906 -0.217283 0.02
e_25_26 25 26 3 0.0125 -0.0461822 -0.134987 0.166502 0.847287 0.0784956 0.486485 -0.198182 0.02
e_26_27 26 27 4 0.0125 -0.0289456 -0.140105 0.174803 0.750783 -0.110905 0.574321 -0.306886 0.02
e_27_3 27 3 5 0.0125 -0.0105042 -0.145044 0.180617 0.73983 -0.0310843 0.605137 -0.292395 0.02
7 23 22
3 0.16155 -0.11049 0.0574879 0.0125
24 0.188752 -0.110881 0.0414364 0.0125
23 0.207797 -0.11545 0.031349 0.0125
4 0.309736 -0.193042 0.0299995 0.0125
22 0.273742 -0.142523 0.0156816 0.0125
1 0.250197 -0.115021 0.0125512 0.0125
21 0.24171 -0.0969459 0.0112625 0.0125
6 0.266342 0.229797 0.0153482 0.0125
11 0.246805 0.218004 0.0169315 0.0125
10 0.216265 0.202187 0.0125073 0.0125
9 0.190907 0.191601 0.0164836 0.0125
2 0.135664 0.159146 0.0227049 0.0125
19 0.224881 -0.0612072 0.014984 0.0125
8 0.171793 0.183778 0.0181313 0.0125
12 0.123824 0.139883 0.055495 0.0125
5 0.0981749 0.110198 0.101116 0.0125
13 0.177388 0.0736769 0.0208415 0.0125
14 0.188051 0.0535978 0.0166427 0.0125
15 0.200752 0.0209609 0.013653 0.0125
16 0.208156 0.00200363 0.012297 0.0125
17 0.212217 -0.0193118 0.0165197 0.0125
18 0.22103 -0.0413283 0.0159113 0.0125
20 0.233981 -0.0790963 0.015941 0.0125
e_2_8 2 8 1 0.0125 0.153729 0.171462 0.0204181 0.443365 -0.737119 0.0930942 -0.501415 0.043966
e_8_9 8 9 2 0.0125 0.18135 0.187689 0.0173078 0.518761 -0.650963 0.340593 -0.437185 0.020718
e_9_10 9 10 3 0.0125 0.203586 0.196894 0.0144959 0.461022 -0.700405 0.284681 -0.464594 0.027765
e_10_11 10 11 4 0.0125 0.231535 0.210096 0.0147197 0.632248 -0.572114 0.329993 -0.405035 0.034677
e_11_6 11 6 5 0.0125 0.256573 0.223901 0.0161395 0.481931 -0.709983 0.174754 -0.482834 0.022875
e_2_12 2 12 1 0.0125 0.129744 0.149514 0.0390993 0.954709 0.251205 -0.158969 0.0124731 0.03983
e_12_5 12 5 2 0.0125 0.111 0.125041 0.0783063 0.937507 0.259749 -0.231138 0.013682 0.06017
e_2_13 2 13 1 0.0125 0.156526 0.116411 0.0217727 0.606267 0.712267 -0.0497112 0.350208 0.095128
e_13_14 13 14 2 0.0125 0.18272 0.0636368 0.0187418 0.510637 0.759037 -0.121081 0.385295 0.02312
e_14_15 14 15 3 0.0125 0.194402 0.0372789 0.0151477 0.575979 0.724586 -0.132353 0.354551 0.035148
e_15_16 15 16 4 0.0125 0.204454 0.0114824 0.0129746 0.585947 0.719981 -0.121932 0.35132 0.020397
e_16_17 16 17 5 0.0125 0.210187 -0.00865423 0.0144086 0.720399 0.625877 -0.112901 0.276689 0.022106
e_17_18 17 18 6 0.0125 0.216623 -0.0303207 0.0162161 0.607107 0.709587 -0.0965309 0.344368 0.023723
e_18_19 18 19 7 0.0125 0.222956 -0.0512676 0.0154473 0.610524 0.691792 -0.21048 0.323083 0.020269
e_19_20 19 20 8 0.0125 0.229432 -0.0701513 0.0154624 0.641245 0.690014 -0.00797606 0.335593 0.020093
e_20_21 20 21 9 0.0125 0.237846 -0.0880208 0.0136021 0.48696 0.759725 -0.199348 0.382032 0.020006
e_21_1 21 1 10 0.0125 0.245954 -0.105983 0.0119066 0.650923 0.683674 -0.0201476 0.329368 0.02001
e_1_22 1 22 1 0.0125 0.26197 -0.128772 0.0141164 0.660429 0.655221 0.16613 0.326986 0.036338
e_22_4 22 4 2 0.0125 0.291739 -0.167782 0.0228411 0.72878 0.603784 0.151644 0.28518 0.063662
e_1_23 1 23 1 0.0125 0.228997 -0.115235 0.0219501 0.830915 0.0773701 -0.539791 -0.110543 0.046382
e_23_24 23 24 2 0.0125 0.198274 -0.113165 0.036393 0.836981 -0.0190936 -0.520261 -0.168599 0.02203
e_24_3 24 3 3 0.0125 0.175152 -0.110685 0.0494621 0.860041 0.0614608 -0.492094 -0.119979 0.031587
8 24 23
3 0.0543102 0.21837 0.0377598 0.0125
25 0.0542524 0.20402 0.0517743 0.0125
24 0.0554178 0.187686 0.063287 0.0125
23 0.0598994 0.173744 0.0815877 0.0125
4 0.109146 0.0903445 0.035227 0.0125
22 0.0923391 0.114138 0.0573545 0.0125
1 0.0759493 0.151654 0.105788 0.0125
21 0.0668834 0.135005 0.0990132 0.0125
12 0.0775665 -0.222807 0.182584 0.0125
11 0.0787507 -0.205493 0.172628 0.0125
10 0.0804363 -0.18934 0.160094 0.0125
9 0.0885999 -0.168372 0.148196 0.0125
2 0.0949335 -0.129511 0.0992595 0.0125
19 0.0514192 0.0989375 0.0886178 0.0125
8 0.0946316 -0.151151 0.129815 0.0125
6 0.0774367 -0.239752 0.194438 0.0125
13 0.0898864 -0.106278 0.0996968 0.0125
14 0.079438 -0.0750024 0.0987749 0.0125
15 0.0732679 -0.0553936 0.0975521 0.0125
5 0.0675854 -0.034435 0.0911451 0.0125
16 0.0497965 0.0219484 0.0778951 0.0125
17 0.0449604 0.0419031 0.0785478 0.0125
18 0.0440081 0.0745543 0.0836661 0.0125
20 0.05806 0.117919 0.0922399 0.0125
e_2_8 2 8 1 0.0125 0.0947832 -0.140331 0.114537 0.94103 0.300135 0.0435455 -0.149951 0.037444
e_8_9 8 9 2 0.0125 0.0916162 -0.159762 0.139006 0.906428 0.377341 -0.0525642 -0.182316 0.0259
e_9_10 9 10 3 0.0125 0.0845187 -0.178856 0.154145 0.835974 0.51012 -0.0779086 -0.186698 0.025452
e_10_11 10 11 4 0.0125 0.0795941 -0.197416 0.166361 0.884381 0.440032 0.0295981 -0.152861 0.020516
e_11_12 11 12 5 0.0125 0.0781583 -0.21415 0.177606 0.853291 0.498765 0.0493812 -0.143841 0.020007
e_12_6 12 6 6 0.0125 0.0775015 -0.23128 0.188511 0.87602 0.456816 0.068675 -0.138538 0.020681
e_2_13 2 13 1 0.0125 0.0924098 -0.117895 0.0994783 0.686233 -0.617582 -0.330743 -0.195669 0.023778
e_13_14 13 14 2 0.0125 0.0846625 -0.0906408 0.0992355 0.657162 -0.565147 -0.44112 -0.232723 0.032988
e_14_15 14 15 3 0.0125 0.0763533 -0.0651985 0.0981631 0.646432 -0.581457 -0.437719 -0.228989 0.020593
e_15_5 15 5 4 0.0125 0.0704267 -0.0449143 0.0943486 0.552747 -0.633033 -0.49067 -0.230179 0.02264
e_2_16 2 16 1 0.0125 0.072365 -0.0537814 0.0885773 0.617142 -0.602141 -0.452116 -0.22837 0.159479
e_16_17 16 17 2 0.0125 0.0473784 0.0319257 0.0782214 0.688928 -0.602241 -0.348453 -0.203138 0.020543
e_17_18 17 18 3 0.0125 0.044484 0.0582292 0.0811073 0.747788 -0.636104 -0.134058 -0.134957 0.033064
e_18_19 18 19 4 0.0125 0.0477138 0.0867463 0.0861423 0.770709 -0.6168 0.155531 -0.0370905 0.025961
e_19_20 19 20 5 0.0125 0.0547402 0.108429 0.0904291 0.766872 -0.611572 0.193234 -0.0233959 0.020433
e_20_21 20 21 6 0.0125 0.0624723 0.126462 0.0956272 0.816045 -0.51773 0.256598 -0.0135325 0.020387
e_21_1 21 1 7 0.0125 0.0714168 0.143329 0.102401 0.817408 -0.509069 0.269443 -0.00963881 0.020132
e_1_22 1 22 1 0.0125 0.0841442 0.132896 0.081571 0.343256 0.879031 0.330389 0.0179941 0.063418
e_22_4 22 4 2 0.0125 0.100743 0.102242 0.046291 0.442124 0.780824 0.439047 0.0455891 0.036582
e_1_23 1 23 1 0.0125 0.0679237 0.162699 0.0936874 0.20057 0.106998 -0.905648 -0.357946 0.036486
e_23_24 23 24 2 0.0125 0.057658 0.180715 0.0724368 -0.00405934 0.299759 -0.894719 -0.331069 0.023438
e_24_25 24 25 3 0.0125 0.0548346 0.195853 0.0575312 0.434089 -0.812513 -0.356931 -0.154883 0.020017
e_25_3 25 3 4 0.0125 0.0542811 0.211194 0.0447672 0.378067 -0.898514 -0.204993 -0.0878413 0.020059
9 24 23
3 -0.277743 0.16323 0.0664141 0.0125
25 -0.291181 0.0987616 0.0855944 0.0125
4 -0.288469 -0.0298626 0.0880622 0.0125
24 -0.293376 -0.0107023 0.0910323 0.0125
23 -0.297106 0.00893972 0.0915252 0.0125
22 -0.294508 0.028539 0.0945443 0.0125
21 -0.291634 0.0482844 0.0931736 0.0125
1 -0.290713 0.0682636 0.0930921 0.0125
12 -0.302952 -0.141515 0.0223072 0.0125
11 -0.283416 -0.144136 0.0268094 0.0125
10 -0.264055 -0.149611 0.0275765 0.0125
9 -0.24639 -0.158976 0.0264919 0.0125
2 -0.185742 -0.191784 0.0216209 0.0125
19 -0.26034 0.0273241 0.0872 0.0125
8 -0.219858 -0.17063 0.0214425 0.0125
6 -0.31973 -0.136304 0.0126135 0.0125
13 -0.196361 -0.218088 0.0207216 0.0125
5 -0.216629 -0.286735 0.0231801 0.0125
14 -0.186962 -0.131478 0.0318962 0.0125
15 -0.196606 -0.0840986 0.0481791 0.0125
16 -0.222651 -0.0351538 0.0707233 0.0125
17 -0.229378 -0.0172864 0.0789912 0.0125
18 -0.24457 0.0114255 0.0829697 0.0125
20 -0.279621 0.0495846 0.0922694 0.0125
e_2_8 2 8 1 0.0125 -0.202799 -0.181206 0.0215321 0.569463 0.0541356 -0.706602 -0.416527 0.040142
e_8_9 8 9 2 0.0125 -0.233124 -0.164802 0.0239671 0.661031 0.0735155 -0.639356 -0.385821 0.029416
e_9_10 9 10 3 0.0125 -0.255222 -0.154293 0.0270342 0.605778 0.0660886 -0.684507 -0.400144 0.020022
e_10_11 10 11 4 0.0125 -0.273735 -0.146873 0.027193 0.619609 0.136279 -0.707427 -0.311545 0.020135
e_11_12 11 12 5 0.0125 -0.293184 -0.142825 0.0245591 0.57763 0.195165 -0.757147 -0.234484 0.020219
e_12_6 12 6 6 0.0125 -0.311341 -0.138909 0.0174604 0.442598 0.182217 -0.841633 -0.250116 0.020065
e_2_13 2 13 1 0.0125 -0.191051 -0.204936 0.0211716 0.631772 0.492042 -0.523201 0.291581 0.028381
e_13_5 13 5 2 0.0125 -0.206495 -0.252411 0.0219508 0.640511 0.504085 -0.478261 0.326971 0.071619
e_2_14 2 14 1 0.0125 -0.186351 -0.161631 0.0267579 0.291363 -0.233823 -0.601131 -0.706453 0.061187
e_14_15 14 15 2 0.0125 -0.191784 -0.107789 0.0400378 0.434216 -0.207321 -0.54538 -0.68632 0.051019
e_15_16 15 16 3 0.0125 -0.209628 -0.0596266 0.059451 0.555612 -0.135286 -0.541629 -0.616142 0.059851
e_16_17 16 17 4 0.0125 -0.226015 -0.0262204 0.0748575 0.524418 -0.171701 -0.521377 -0.6509 0.020805
e_17_18 17 18 5 0.0125 -0.236974 -0.00293086 0.0809802 0.453687 -0.108282 -0.653823 -0.595784 0.032726
e_18_19 18 19 6 0.0125 -0.252455 0.0193745 0.0850852 0.571168 -0.0347323 -0.637163 -0.516318 0.02279
e_19_20 19 20 7 0.0125 -0.269981 0.0384541 0.0897351 0.545555 -0.051852 -0.642255 -0.535901 0.029882
e_20_1 20 1 8 0.0125 -0.285167 0.0589241 0.0926809 0.439661 -0.0834265 -0.688562 -0.570632 0.02174
e_1_21 1 21 1 0.0125 -0.291173 0.0582736 0.0931328 0.567691 0.545361 -0.447829 0.423978 0.02
e_21_22 21 22 2 0.0125 -0.293071 0.0384124 0.0938587 0.623448 0.524699 -0.436375 0.38155 0.02
e_22_23 22 23 3 0.0125 -0.295807 0.0187398 0.0930348 0.520013 0.540141 -0.532651 0.392579 0.02
e_23_24 23 24 4 0.0125 -0.295241 -0.000881312 0.0912787 0.476464 0.577402 -0.423002 0.510547 0.02
e_24_4 24 4 5 0.0125 -0.290922 -0.0202826 0.0895466 0.38654 0.586367 -0.480048 0.525656 0.02
e_1_25 1 25 1 0.0125 -0.290947 0.0835119 0.0893436 0.12413 -0.146506 -0.773234 -0.604348 0.03141
e_25_3 25 3 2 0.0125 -0.284462 0.130995 0.076004 0.0024241 -0.166384 -0.782388 -0.600149 0.06859
