9
1 22 21
3 -0.18958 0.160589 0.0538103 0.0125
23 -0.235894 0.149848 0.0636906 0.0125
4 -0.323539 0.180303 0.0118684 0.0125
22 -0.318505 0.171588 0.0291523 0.0125
21 -0.307956 0.163436 0.0440605 0.0125
20 -0.296817 0.154605 0.05813 0.0125
11 0.0618247 0.0431103 0.0261555 0.0125
10 0.0416789 0.0362707 0.0274706 0.0125
6 -0.15499 0.0610744 0.0207258 0.0125
9 0.019029 0.0303968 0.0208639 0.0125
2 -0.0109817 0.0236117 0.0118504 0.0125
19 -0.285976 0.145165 0.072034 0.0125
8 -0.133266 0.0612083 0.0211544 0.0125
5 0.0832043 0.0459396 0.0204477 0.0125
12 -0.144594 0.0781641 0.0430395 0.0125
13 -0.164631 0.0869888 0.0476218 0.0125
14 -0.183794 0.0941997 0.0508013 0.0125
15 -0.206637 0.103024 0.0598544 0.0125
16 -0.226765 0.108933 0.0689399 0.0125
17 -0.243642 0.11911 0.0734 0.0125
18 -0.261671 0.125422 0.0795934 0.0125
1 -0.278938 0.133003 0.0862665 0.0125
e_2_8 2 8 1 0.0125 -0.0721242 0.0424101 0.0165028 0.71434 -0.338504 -0.590886 0.161208 0.128271
e_8_6 8 6 2 0.0125 -0.144128 0.0611411 0.0209407 0.675529 -0.183223 -0.690151 0.183797 0.021729
e_2_9 2 9 1 0.0125 0.00402363 0.0270045 0.0163565 0.798977 -0.166236 0.576023 -0.0468809 0.032061
e_9_10 9 10 2 0.0125 0.0303534 0.0333341 0.024167 0.795983 -0.186127 0.574017 -0.0476636 0.024315
e_10_11 10 11 3 0.0125 0.0517517 0.0396909 0.0268129 0.680294 -0.31296 0.657948 -0.0797476 0.021315
e_11_5 11 5 4 0.0125 0.0725146 0.0445247 0.0233011 0.601358 -0.234047 0.75707 -0.102159 0.022309
e_2_12 2 12 1 0.0125 -0.077788 0.0508877 0.0274445 0.763163 -0.346585 -0.5237 0.152313 0.147652
e_12_13 12 13 2 0.0125 -0.154612 0.0825768 0.04533 0.761489 -0.361024 -0.516944 0.150217 0.022368
e_13_14 13 14 3 0.0125 -0.174212 0.0905948 0.0492114 0.743361 -0.348829 -0.549185 0.155333 0.020721
e_14_15 14 15 4 0.0125 -0.195215 0.0986116 0.0553274 0.806581 -0.300548 -0.486088 0.151052 0.026108
e_15_16 15 16 5 0.0125 -0.216701 0.105979 0.0643972 0.821364 -0.249701 -0.488802 0.155187 0.02286
e_16_17 16 17 6 0.0125 -0.235203 0.114022 0.07117 0.768744 -0.412463 -0.468522 0.139261 0.020206
e_17_18 17 18 7 0.0125 -0.252657 0.122265 0.0764969 0.793978 -0.296581 -0.50778 0.154265 0.020081
e_18_1 18 1 8 0.0125 -0.270305 0.129212 0.0829299 0.803041 -0.324051 -0.477696 0.148066 0.020004
e_1_19 1 19 1 0.0125 -0.282456 0.139083 0.0791505 0.375209 -0.862399 -0.334787 0.0583444 0.02
e_19_20 19 20 2 0.0125 -0.291396 0.149885 0.065082 0.377739 -0.760247 -0.519262 0.0985131 0.02
e_20_21 20 21 3 0.0125 -0.302386 0.159021 0.0510952 0.370994 -0.746103 -0.543192 0.103136 0.02
e_21_22 21 22 4 0.0125 -0.313231 0.167512 0.0366064 0.342212 -0.756962 -0.547464 0.100908 0.02
e_22_4 22 4 5 0.0125 -0.321022 0.175946 0.0205099 0.256672 -0.906927 -0.331015 0.0450837 0.02
e_1_23 1 23 1 0.0125 -0.257416 0.141425 0.0749786 0.51799 -0.467349 0.707827 -0.110695 0.051441
e_23_3 23 3 2 0.0125 -0.212738 0.155219 0.0587509 0.623807 -0.287674 0.720399 -0.0955739 0.048559
2 19 18
3 0.154948 -0.163916 0.0124329 0.0125
20 0.184291 -0.168923 0.0261921 0.0125
19 0.219314 -0.172025 0.0406542 0.0125
11 0.0480027 0.0647364 0.0159133 0.0125
10 0.0670706 0.0688164 0.0114672 0.0125
6 0.14772 0.221342 0.0406055 0.0125
9 0.0863355 0.07394 0.0130911 0.0125
2 0.104549 0.0808837 0.0175692 0.0125
8 0.1194 0.11573 0.0159583 0.0125
12 0.0293314 0.0596642 0.0209777 0.0125
5 0.010715 0.0540307 0.0256344 0.0125
13 0.145714 -0.00898245 0.0192342 0.0125
14 0.16484 -0.0614803 0.019334 0.0125
15 0.210802 -0.132369 0.0392508 0.0125
16 0.230466 -0.162422 0.0515908 0.0125
1 0.245107 -0.176627 0.0535192 0.0125
18 0.28511 -0.11872 0.024995 0.0125
17 0.25948 -0.157904 0.0445627 0.0125
4 0.300794 -0.10575 0.0122601 0.0125
e_2_8 2 8 1 0.0125 0.111974 0.0983069 0.0167636 0.628006 -0.48398 0.535726 0.290464 0.037914
e_8_6 8 6 2 0.0125 0.13356 0.168536 0.0282818 0.727311 -0.502838 0.370418 0.28454 0.112086
e_2_9 2 9 1 0.0125 0.0954419 0.0774113 0.0153302 0.0261607 0.742018 0.247733 -0.622377 0.02
e_9_10 9 10 2 0.0125 0.076703 0.0713782 0.0122792 0.186659 0.73511 -0.0139904 -0.651595 0.02
e_10_11 10 11 3 0.0125 0.0575372 0.0667762 0.0136899 0.556211 0.521311 -0.342185 -0.54934 0.02
e_11_12 11 12 4 0.0125 0.038667 0.0622003 0.0184455 0.56344 0.528217 -0.30719 -0.556019 0.02
e_12_5 12 5 5 0.0125 0.0200232 0.0568474 0.0233061 0.536742 0.555271 -0.274349 -0.572988 0.02
e_2_13 2 13 1 0.0125 0.125131 0.0359501 0.0184018 0.586606 0.358413 0.602595 -0.405356 0.09886
e_13_14 13 14 2 0.0125 0.155277 -0.0352314 0.0192841 0.566221 0.385974 0.591715 -0.424607 0.055873
e_14_15 14 15 3 0.0125 0.187821 -0.0969239 0.0292928 0.688954 0.296456 0.545334 -0.374255 0.0868
e_15_16 15 16 4 0.0125 0.220634 -0.147395 0.0454212 0.723407 0.286309 0.50552 -0.373042 0.037975
e_16_1 16 1 5 0.0125 0.237786 -0.169525 0.0525551 0.671975 0.223968 0.634664 -0.309014 0.020491
e_1_17 1 17 1 0.0125 0.252294 -0.167265 0.0490408 0.517396 -0.387926 0.725875 0.234354 0.025245
e_17_18 17 18 2 0.0125 0.272294 -0.138311 0.0347792 0.491682 -0.407623 0.725701 0.255835 0.050747
e_18_4 18 4 3 0.0125 0.292952 -0.112235 0.0186276 0.454873 -0.291093 0.824919 0.166923 0.024008
e_1_19 1 19 1 0.0125 0.232211 -0.174326 0.0470863 -0.527943 0.101376 0.842673 0.0300319 0.029188
e_19_20 19 20 2 0.0125 0.201802 -0.170474 0.0334231 -0.511279 0.394388 0.731205 -0.219978 0.038018
e_20_3 20 3 3 0.0125 0.169619 -0.16642 0.0193125 -0.538682 0.13227 0.832039 0.00611846 0.032794
3 22 21
3 0.111983 -0.00187047 0.0123404 0.0125
23 0.0997764 0.000418738 0.0287152 0.0125
22 0.0845087 0.00232652 0.0472093 0.0125
21 0.063643 -0.00657115 0.0729836 0.0125
4 0.102287 -0.101875 0.0719711 0.0125
20 0.0917199 -0.0813652 0.0724607 0.0125
11 -0.282977 -0.173498 0.0139322 0.0125
6 -0.318608 -0.227937 0.0943079 0.0125
10 -0.305853 -0.214515 0.0844171 0.0125
9 -0.283464 -0.195679 0.0732568 0.0125
2 -0.211666 -0.145593 0.0305828 0.0125
19 0.0784313 -0.0590037 0.0753267 0.0125
8 -0.246268 -0.170313 0.0555594 0.0125
5 -0.303709 -0.179491 0.0124299 0.0125
12 -0.118858 -0.102651 0.0560884 0.0125
13 -0.0322118 -0.0750471 0.0679713 0.0125
14 -0.0135211 -0.0654308 0.0717825 0.0125
15 0.00197735 -0.0529545 0.0760419 0.0125
16 0.0166416 -0.0394406 0.0786233 0.0125
17 0.0327674 -0.0284233 0.0836247 0.0125
1 0.0508113 -0.017957 0.0851932 0.0125
18 0.0687468 -0.0405509 0.077896 0.0125
e_2_8 2 8 1 0.0125 -0.228967 -0.157954 0.0430712 0.865989 0.261446 -0.422402 0.057319 0.049318
e_8_9 8 9 2 0.0125 -0.264866 -0.182996 0.0644085 0.824889 0.288707 -0.483463 0.0497015 0.048375
e_9_10 9 10 3 0.0125 -0.294658 -0.205097 0.078837 0.820287 0.325279 -0.46475 0.0730091 0.031315
e_10_6 10 6 4 0.0125 -0.312231 -0.221226 0.0893625 0.852005 0.329686 -0.394627 0.0983116 0.020992
e_2_11 2 11 1 0.0125 -0.247321 -0.159546 0.0222571 0.627105 0.309406 -0.714497 -0.0223704 0.078366
e_11_5 11 5 2 0.0125 -0.293343 -0.176495 0.0131808 0.680814 0.246122 -0.688575 -0.0422139 0.021634
e_2_12 2 12 1 0.0125 -0.165262 -0.124122 0.0433356 0.771098 -0.13775 0.600021 0.162503 0.105394
e_12_13 12 13 2 0.0125 -0.0755344 -0.0888487 0.0620296 0.706231 0.0267363 0.659166 0.256951 0.09171
e_13_14 13 14 3 0.0125 -0.0228666 -0.0702393 0.0698763 0.753773 -0.18029 0.615058 0.144999 0.021362
e_14_15 14 15 4 0.0125 -0.00577203 -0.059193 0.0739116 0.777582 -0.389972 0.493194 0.00682057 0.020347
e_15_16 15 16 5 0.0125 0.00930866 -0.0461973 0.0773327 0.749432 -0.478942 0.45434 -0.0504116 0.020107
e_16_17 16 17 6 0.0125 0.0247048 -0.033932 0.0811244 0.787689 -0.306502 0.531052 0.0598845 0.02016
e_17_1 17 1 7 0.0125 0.0417898 -0.0231907 0.0844091 0.723295 -0.240602 0.636099 0.119718 0.020919
e_1_18 1 18 1 0.0125 0.0597795 -0.0292542 0.0815441 0.461589 0.788095 -0.0391803 0.405347 0.029756
e_18_19 18 19 2 0.0125 0.0735891 -0.049777 0.0766107 0.546429 0.743949 -0.0878346 0.374487 0.020998
e_19_20 19 20 3 0.0125 0.0850756 -0.0701845 0.0738937 0.546185 0.74268 -0.0563485 0.383319 0.02617
e_20_4 20 4 4 0.0125 0.0970038 -0.0916196 0.0722159 0.593352 0.712134 -0.0588955 0.370582 0.023077
e_1_21 1 21 1 0.0125 0.0572271 -0.0122644 0.079089 -0.276993 -0.173154 -0.871748 -0.365168 0.021055
e_21_22 21 22 2 0.0125 0.0740758 -0.00212263 0.0600971 -0.307856 0.741353 -0.570734 0.172865 0.034336
e_22_23 22 23 3 0.0125 0.0921422 0.00137269 0.0379619 -0.0768905 0.882618 -0.324593 0.331229 0.024058
e_23_3 23 3 4 0.0125 0.10588 -0.000726045 0.0205273 -0.0696352 0.870918 -0.374004 0.311085 0.020551
4 23 22
3 0.13406 0.0929272 0.0789045 0.0125
24 0.116871 0.0678051 0.0704541 0.0125
23 0.102121 0.0490205 0.0630137 0.0125
22 0.0854586 0.0371589 0.0563182 0.0125
4 0.0100488 -0.043622 0.0114855 0.0125
21 0.023267 -0.0309333 0.0195013 0.0125
20 0.0375648 -0.0191011 0.0269555 0.0125
11 0.246396 0.275414 0.0650417 0.0125
10 0.249697 0.262134 0.0905312 0.0125
6 0.351673 0.307973 0.224323 0.0125
9 0.322799 0.281592 0.197788 0.0125
2 0.255332 0.239286 0.134672 0.0125
19 0.0508537 -0.00545665 0.0330575 0.0125
8 0.290263 0.26801 0.176184 0.0125
5 0.240787 0.284473 0.0468903 0.0125
12 0.17397 0.155133 0.0769619 0.0125
13 0.147298 0.115251 0.0670507 0.0125
14 0.12843 0.0897512 0.0599354 0.0125
15 0.115919 0.0726287 0.0547957 0.0125
16 0.100849 0.0585324 0.0495253 0.0125
17 0.082728 0.0429289 0.0456367 0.0125
1 0.0685288 0.0279437 0.0459807 0.0125
18 0.0605433 0.010638 0.0399208 0.0125
e_2_8 2 8 1 0.0125 0.272798 0.253648 0.155428 0.914776 -0.243138 0.320583 0.0359918 0.061388
e_8_9 8 9 2 0.0125 0.306531 0.274801 0.186986 0.872104 -0.20151 0.445153 -0.0258278 0.041349
e_9_6 9 6 3 0.0125 0.337236 0.294782 0.211055 0.882607 -0.299216 0.360198 0.0416102 0.047263
e_2_10 2 10 1 0.0125 0.252515 0.25071 0.112601 0.176467 -0.844892 0.476837 0.166266 0.050023
e_10_11 10 11 2 0.0125 0.248046 0.268774 0.0777867 0.177521 -0.845517 0.475006 0.167204 0.02893
e_11_5 11 5 3 0.0125 0.243591 0.279943 0.055966 0.150706 -0.887173 0.379639 0.214678 0.021048
e_2_12 2 12 1 0.0125 0.21465 0.197209 0.105817 0.527329 0.577496 -0.622574 0.0287146 0.130507
e_12_13 12 13 2 0.0125 0.160634 0.135192 0.0720066 0.614689 0.726205 -0.271628 -0.144918 0.048992
e_13_14 13 14 3 0.0125 0.137864 0.102502 0.0634934 0.615859 0.697356 -0.350891 -0.106248 0.032509
e_14_15 14 15 4 0.0125 0.122175 0.0811902 0.0573658 0.606852 0.71153 -0.33393 -0.118097 0.02182
e_15_16 15 16 5 0.0125 0.108385 0.0655809 0.0521599 0.605948 0.443221 -0.653665 0.0954137 0.021298
e_16_17 16 17 6 0.0125 0.0917884 0.0507311 0.0475807 0.635369 0.374535 -0.663307 0.126702 0.024227
e_17_1 17 1 7 0.0125 0.0756282 0.035437 0.0458091 0.712133 0.485011 -0.506394 0.0345907 0.020647
e_1_18 1 18 1 0.0125 0.0645357 0.0192909 0.0429511 0.50405 0.801805 0.0927489 -0.307311 0.02
e_18_19 18 19 2 0.0125 0.0556985 0.00259068 0.0364891 0.510274 0.817536 -0.0568206 -0.26082 0.02
e_19_20 19 20 3 0.0125 0.0442094 -0.0122782 0.0300065 0.588165 0.540205 -0.600605 0.0389271 0.02
e_20_21 20 21 4 0.0125 0.0304159 -0.0250172 0.0232284 0.517607 0.244463 -0.791577 0.213836 0.02
e_21_4 21 4 5 0.0125 0.0166576 -0.037278 0.0154931 0.537205 0.453067 -0.703654 0.104942 0.02
e_1_22 1 22 1 0.0125 0.0769942 0.0325512 0.05115 0.858043 -0.250317 0.448352 -0.00920185 0.021872
e_22_23 22 23 2 0.0125 0.0937898 0.0430894 0.0596657 0.80961 -0.335265 0.48172 0.00860779 0.021521
e_23_24 23 24 3 0.0125 0.109495 0.0584126 0.0667339 0.802268 -0.431886 0.405889 0.0713796 0.025016
e_24_3 24 3 4 0.0125 0.125465 0.0803666 0.074679 0.791451 -0.459795 0.393515 0.0856673 0.031591
5 24 23
3 0.249974 -0.0816384 0.121226 0.0125
25 0.228755 -0.0778802 0.114214 0.0125
24 0.204628 -0.0639398 0.104122 0.0125
4 0.202171 -0.0962795 0.163344 0.0125
23 0.180967 -0.0755601 0.13779 0.0125
22 0.171825 -0.0633938 0.115928 0.0125
1 0.163818 -0.0451262 0.088118 0.0125
21 0.140086 -0.0253279 0.0842031 0.0125
12 -0.0542623 0.021152 0.0467156 0.0125
11 -0.0535733 0.0432464 0.0471864 0.0125
10 -0.0519961 0.0654423 0.043304 0.0125
9 -0.0522543 0.0898056 0.036383 0.0125
2 -0.049972 0.144309 0.0161354 0.0125
19 0.0944409 0.0121031 0.081154 0.0125
8 -0.0535122 0.111789 0.0261831 0.0125
6 -0.0559414 -0.000235441 0.0478909 0.0125
13 -0.0343539 0.156243 0.0124407 0.0125
14 -0.0208825 0.17097 0.0137206 0.0125
15 -0.0131405 0.189232 0.0162846 0.0125
16 -0.00382978 0.206261 0.0211116 0.0125
5 0.0046449 0.224226 0.0234521 0.0125
17 0.0468955 0.0659866 0.0724233 0.0125
18 0.0731539 0.0402975 0.0782496 0.0125
20 0.116112 -0.00975439 0.0841042 0.0125
e_2_8 2 8 1 0.0125 -0.051742 0.128049 0.0211599 0.766358 0.543464 -0.240489 0.243938 0.034221
e_8_9 8 9 2 0.0125 -0.0528834 0.100797 0.0312839 0.793915 0.516683 -0.151269 0.282589 0.024267
e_9_10 9 10 3 0.0125 -0.052125 0.0776243 0.0398433 0.749729 0.568593 -0.200219 0.272984 0.025328
e_10_11 10 11 4 0.0125 -0.0527851 0.0543443 0.0452448 0.72311 0.59136 -0.253657 0.251123 0.022589
e_11_12 11 12 5 0.0125 -0.0539181 0.0321995 0.0469513 0.651609 0.657218 -0.280562 0.25447 0.02211
e_12_6 12 6 6 0.0125 -0.0551018 0.0104583 0.0473032 0.683448 0.626856 -0.282313 0.245459 0.021486
e_2_13 2 13 1 0.0125 -0.0421627 0.150277 0.0142879 0.327157 0.285712 0.714654 0.548275 0.02
e_13_14 13 14 2 0.0125 -0.027618 0.163607 0.0130804 0.649327 -0.23906 0.640984 0.332211 0.02
e_14_15 14 15 3 0.0125 -0.0170119 0.180101 0.0150023 0.750642 -0.616179 0.237113 -0.0252515 0.02
e_15_16 15 16 4 0.0125 -0.00848484 0.197747 0.0186986 0.782494 -0.50236 0.356289 0.0916297 0.02
e_16_5 16 5 5 0.0125 0.000407589 0.215243 0.0222817 0.747235 -0.596537 0.292667 0.0114337 0.02
e_2_17 2 17 1 0.0125 -0.00153857 0.105148 0.044279 0.716659 0.510959 0.181759 0.438501 0.136697
e_17_18 17 18 2 0.0125 0.060025 0.0531417 0.0753361 0.617946 0.639552 0.11249 0.44324 0.037194
e_18_19 18 19 3 0.0125 0.0837968 0.0261999 0.0797016 0.606639 0.676807 0.0309783 0.415887 0.035447
e_19_20 19 20 4 0.0125 0.105276 0.00117399 0.0826289 0.593775 0.665809 0.0948461 0.441739 0.030921
e_20_21 20 21 5 0.0125 0.1281 -0.0175415 0.0841537 0.521617 0.683643 0.175761 0.479224 0.028589
e_21_1 21 1 6 0.0125 0.151952 -0.0352272 0.0861611 0.594271 0.645389 0.143654 0.457907 0.031152
e_1_22 1 22 1 0.0125 0.167822 -0.0542605 0.102023 0.903607 0.304783 0.028385 0.29966 0.034223
e_22_23 22 23 2 0.0125 0.176396 -0.0694771 0.12686 0.898341 0.285949 0.0886897 0.321483 0.026637
e_23_4 23 4 3 0.0125 0.19157 -0.0859192 0.150567 0.823628 0.389909 0.146716 0.384814 0.03914
e_1_24 1 24 1 0.0125 0.184224 -0.054533 0.0961203 0.662859 0.501883 0.283498 0.47787 0.047702
e_24_25 24 25 2 0.0125 0.216692 -0.0709103 0.109167 0.672334 0.519623 0.244377 0.46716 0.029636
e_25_3 25 3 3 0.0125 0.239364 -0.0797594 0.117721 0.635622 0.438525 0.391115 0.500708 0.022662
6 25 24
3 -0.223565 0.0986931 0.105822 0.0125
26 -0.205569 0.102476 0.113686 0.0125
25 -0.18868 0.111146 0.119976 0.0125
24 -0.172178 0.122414 0.120844 0.0125
23 -0.153764 0.130149 0.119817 0.0125
4 -0.131682 0.0478148 0.165459 0.0125
22 -0.134095 0.0661976 0.154109 0.0125
1 -0.134837 0.136613 0.119964 0.0125
21 -0.150566 0.12335 0.120453 0.0125
6 -0.366146 0.155857 0.0918933 0.0125
11 -0.377533 0.13763 0.0878234 0.0125
10 -0.382131 0.118876 0.082315 0.0125
9 -0.381054 0.0973178 0.0709359 0.0125
2 -0.384615 0.036376 0.0138628 0.0125
19 -0.185953 0.0993118 0.116127 0.0125
8 -0.384367 0.0610092 0.0351363 0.0125
12 -0.346775 0.0379508 0.0162381 0.0125
13 -0.321873 0.0458988 0.0163658 0.0125
5 -0.286718 0.0519865 0.0122697 0.0125
14 -0.344436 0.0441032 0.0286241 0.0125
15 -0.30018 0.0491159 0.0510729 0.0125
16 -0.278382 0.051541 0.0626001 0.0125
17 -0.240561 0.0709619 0.0910748 0.0125
18 -0.208426 0.085807 0.106572 0.0125
20 -0.165275 0.10942 0.119589 0.0125
e_2_8 2 8 1 0.0125 -0.384491 0.0486933 0.0244997 0.142897 -0.0695288 -0.410332 -0.897983 0.032549
e_8_9 8 9 2 0.0125 -0.382711 0.0791639 0.0530358 0.107244 -0.0797406 -0.37859 -0.915866 0.051097
e_9_10 9 10 3 0.0125 -0.381592 0.108096 0.0766258 0.223275 -0.10964 -0.504781 -0.826634 0.0244
e_10_11 10 11 4 0.0125 -0.379832 0.128253 0.0850695 0.189264 -0.278044 -0.534353 -0.77546 0.02008
e_11_6 11 6 5 0.0125 -0.37184 0.146744 0.0898583 0.101192 -0.406187 -0.491924 -0.763403 0.021874
e_2_12 2 12 1 0.0125 -0.365694 0.0371632 0.0150501 -0.214601 -0.645329 -0.228594 -0.696593 0.037948
e_12_13 12 13 2 0.0125 -0.334323 0.0419247 0.0163016 -0.121358 -0.625342 -0.326348 -0.698367 0.02614
e_13_5 13 5 3 0.0125 -0.304295 0.0489424 0.0143174 -0.158767 -0.683782 -0.299117 -0.646347 0.035912
e_2_14 2 14 1 0.0125 -0.364526 0.0402403 0.0212436 -0.18276 -0.525892 -0.231851 -0.797673 0.043496
e_14_15 14 15 2 0.0125 -0.322308 0.0466093 0.0398481 -0.212326 -0.489862 -0.187071 -0.824595 0.049877
e_15_16 15 16 3 0.0125 -0.289281 0.0503285 0.0568365 -0.213553 -0.483399 -0.183581 -0.828866 0.024777
e_16_17 16 17 4 0.0125 -0.259472 0.0612512 0.0768381 -0.111324 -0.38842 -0.266255 -0.875126 0.051171
e_17_18 17 18 5 0.0125 -0.224493 0.0783841 0.0988235 -0.109795 -0.462405 -0.292695 -0.829733 0.038642
e_18_19 18 19 6 0.0125 -0.197189 0.0925595 0.111349 -0.0699302 -0.464493 -0.336212 -0.816283 0.027905
e_19_20 19 20 7 0.0125 -0.175614 0.104366 0.117858 -0.0824522 -0.551454 -0.348602 -0.753377 0.023274
e_20_21 20 21 8 0.0125 -0.157921 0.116385 0.120021 0.0294369 -0.521332 -0.454871 -0.721414 0.020277
e_21_1 21 1 9 0.0125 -0.142702 0.129981 0.120208 0.0147816 -0.556601 -0.449531 -0.698497 0.02058
e_1_22 1 22 1 0.0125 -0.134466 0.101406 0.137037 -0.604089 -0.382345 0.368321 -0.59433 0.078261
e_22_4 22 4 2 0.0125 -0.132889 0.0570064 0.159785 -0.572028 -0.365833 0.3242 -0.658669 0.021739
e_1_23 1 23 1 0.0125 -0.144301 0.133381 0.11989 -0.664641 0.00634719 0.709674 -0.233614 0.02
e_23_24 23 24 2 0.0125 -0.162971 0.126282 0.12033 -0.646021 0.0505829 0.686849 -0.329145 0.02
e_24_25 24 25 3 0.0125 -0.180429 0.11678 0.12041 -0.69159 -0.404603 0.598323 -0.00311454 0.02
e_25_26 25 26 4 0.0125 -0.197125 0.106811 0.116831 -0.341784 -0.801726 0.120454 0.475301 0.02
e_26_3 26 3 5 0.0125 -0.214567 0.100585 0.109754 0.173981 -0.720722 -0.420862 0.522653 0.02
7 26 25
3 -0.125392 0.298562 0.226747 0.0125
27 -0.134871 0.28897 0.205062 0.0125
26 -0.142561 0.276494 0.190791 0.0125
25 -0.151558 0.256363 0.173535 0.0125
4 -0.236337 0.202762 0.104692 0.0125
24 -0.208664 0.212209 0.1273 0.0125
1 -0.159873 0.236461 0.159003 0.0125
23 -0.16455 0.219796 0.148978 0.0125
22 -0.169479 0.204066 0.137652 0.0125
21 -0.173671 0.189254 0.124867 0.0125
6 -0.161319 -0.17993 0.0600742 0.0125
11 -0.162916 -0.160209 0.0631195 0.0125
10 -0.163066 -0.140362 0.0663261 0.0125
9 -0.163646 -0.120106 0.0697124 0.0125
2 -0.188167 -0.0349351 0.0720001 0.0125
19 -0.185404 0.158301 0.10262 0.0125
8 -0.165546 -0.0959846 0.0703706 0.0125
12 -0.217063 -0.0189942 0.0881196 0.0125
13 -0.235492 -0.0104651 0.0954253 0.0125
14 -0.253506 5.45764e-05 0.095757 0.0125
5 -0.272246 0.00878373 0.0982858 0.0125
15 -0.201336 0.0651645 0.0787513 0.0125
16 -0.199053 0.0933537 0.0818198 0.0125
17 -0.193487 0.121202 0.0881765 0.0125
18 -0.192219 0.14062 0.0946464 0.0125
20 -0.177904 0.174487 0.11205 0.0125
e_2_8 2 8 1 0.0125 -0.176857 -0.06546 0.0711856 0.431641 0.219502 0.681417 -0.548795 0.065126
e_8_9 8 9 2 0.0125 -0.164596 -0.108045 0.0700421 0.501754 0.4749 0.536711 -0.484411 0.024205
e_9_10 9 10 3 0.0125 -0.163356 -0.130234 0.068019 0.451563 0.517451 0.560952 -0.462242 0.020546
e_10_11 10 11 4 0.0125 -0.162991 -0.150285 0.0647226 0.462574 0.53924 0.537543 -0.454195 0.020104
e_11_6 11 6 5 0.0125 -0.162118 -0.17007 0.0615974 0.438732 0.464505 0.600246 -0.481097 0.020019
e_2_12 2 12 1 0.0125 -0.202615 -0.0269645 0.0800598 0.81717 -0.122187 -0.515389 -0.227328 0.036728
e_12_13 12 13 2 0.0125 -0.226278 -0.0147295 0.0917724 0.795634 -0.113499 -0.563786 -0.190342 0.021582
e_13_14 13 14 3 0.0125 -0.244499 -0.00520492 0.0955909 0.703753 -0.253659 -0.654006 -0.112537 0.020863
e_14_5 14 5 4 0.0125 -0.262875 0.0044193 0.0970211 0.737762 -0.172868 -0.639843 -0.128157 0.020828
e_2_15 2 15 1 0.0125 -0.194751 0.0151144 0.0753759 0.671445 -0.587628 -0.348327 -0.287268 0.101187
e_15_16 15 16 2 0.0125 -0.200194 0.0792591 0.0802861 0.664677 -0.618771 -0.251362 -0.334879 0.028448
e_16_17 16 17 3 0.0125 -0.19627 0.107278 0.0849985 0.684641 -0.596555 -0.186899 -0.374778 0.029102
e_17_18 17 18 4 0.0125 -0.192853 0.130911 0.0914108 0.722993 -0.537668 -0.230524 -0.367495 0.020506
e_18_19 18 19 5 0.0125 -0.188811 0.14946 0.0986337 0.713902 -0.544939 -0.0954864 -0.429264 0.020559
e_19_20 19 20 6 0.0125 -0.181654 0.166394 0.107335 0.728771 -0.512403 -0.061435 -0.450068 0.020178
e_20_21 20 21 7 0.0125 -0.175788 0.18187 0.118459 0.786039 -0.411652 -0.101098 -0.449962 0.020007
e_21_22 21 22 8 0.0125 -0.171576 0.196661 0.131259 0.785865 -0.412375 -0.102458 -0.449293 0.02001
e_22_23 22 23 9 0.0125 -0.167015 0.211931 0.143316 0.765799 -0.454299 -0.10221 -0.443529 0.020001
e_23_1 23 1 10 0.0125 -0.162212 0.228129 0.15399 0.752015 -0.484389 -0.12162 -0.430173 0.020002
e_1_24 1 24 1 0.0125 -0.184269 0.224335 0.143152 0.469438 0.101977 -0.860846 0.167849 0.063038
e_24_4 24 4 2 0.0125 -0.222501 0.207485 0.115996 0.394819 -0.117349 -0.889978 0.195668 0.036962
e_1_25 1 25 1 0.0125 -0.155716 0.246413 0.166269 0.756075 -0.464667 -0.0686627 -0.455764 0.026007
e_25_26 25 26 2 0.0125 -0.147059 0.266428 0.182163 0.768779 -0.434601 -0.0544353 -0.46598 0.028
e_26_27 26 27 3 0.0125 -0.138716 0.282732 0.197926 0.779643 -0.388783 -0.00373901 -0.490908 0.020456
e_27_3 27 3 4 0.0125 -0.130132 0.293766 0.215905 0.80828 -0.268748 0.0564588 -0.520836 0.025537
8 28 27
3 0.278976 0.114427 0.0139489 0.0125
29 0.289183 0.125638 0.0315248 0.0125
28 0.301933 0.135027 0.0463359 0.0125
27 0.324493 0.147606 0.0682447 0.0125
4 0.37341 0.0648165 0.0882538 0.0125
26 0.368164 0.0877108 0.0828949 0.0125
25 0.358039 0.108081 0.0822928 0.0125
24 0.349123 0.128903 0.0816988 0.0125
1 0.337863 0.157241 0.0816389 0.0125
23 0.318632 0.156671 0.0871521 0.0125
22 0.299233 0.157137 0.0920853 0.0125
21 0.279107 0.159044 0.0925967 0.0125
12 -0.0310021 0.0656105 0.0785369 0.0125
11 -0.0154338 0.0746563 0.0872477 0.0125
10 -0.00098119 0.083485 0.0991914 0.0125
9 0.0223061 0.0902912 0.123674 0.0125
2 0.0653049 0.0978751 0.156782 0.0125
19 0.23701 0.158769 0.0979744 0.0125
8 0.0464001 0.0943424 0.14214 0.0125
6 -0.0463657 0.0582635 0.0680316 0.0125
13 0.0905772 0.118264 0.20312 0.0125
14 0.104216 0.124435 0.217236 0.0125
5 0.114669 0.135705 0.234131 0.0125
15 0.128843 0.138234 0.128629 0.0125
16 0.177111 0.159257 0.116637 0.0125
17 0.196772 0.161194 0.11028 0.0125
18 0.216843 0.160521 0.103793 0.0125
20 0.259247 0.159451 0.0955287 0.0125
e_2_8 2 8 1 0.0125 0.0558528 0.0961082 0.149461 0.323227 -0.484004 -0.754068 0.30438 0.024171
e_8_9 8 9 2 0.0125 0.0343531 0.0923168 0.132907 0.327945 -0.488408 -0.750288 0.301624 0.030626
e_9_10 9 10 3 0.0125 0.0106622 0.0868886 0.111432 0.208558 -0.6003 -0.703419 0.318347 0.034468
e_10_11 10 11 4 0.0125 -0.00820733 0.0790709 0.0932192 0.311415 -0.244755 -0.85338 0.338908 0.020724
e_11_12 11 12 5 0.0125 -0.0232182 0.0701339 0.0828919 0.447956 -0.0349591 -0.846472 0.285654 0.020002
e_12_6 12 6 6 0.0125 -0.0386843 0.0619372 0.0732842 0.369766 -0.22731 -0.843114 0.317431 0.020009
e_2_13 2 13 1 0.0125 0.0779413 0.108069 0.179952 0.905147 -0.25305 0.162766 -0.300303 0.056584
e_13_14 13 14 2 0.0125 0.0973965 0.12135 0.210179 0.853647 -0.284761 0.275474 -0.3381 0.020574
e_14_5 14 5 3 0.0125 0.109442 0.13007 0.225683 0.887736 -0.327013 0.152441 -0.285918 0.022842
e_2_15 2 15 1 0.0125 0.0970745 0.118054 0.142705 0.50001 -0.719395 0.397025 -0.273554 0.080365
e_15_16 15 16 2 0.0125 0.152977 0.148745 0.122632 0.536675 -0.633684 0.45769 -0.317717 0.053995
e_16_17 16 17 3 0.0125 0.186942 0.160225 0.113459 0.463504 -0.558573 0.584092 -0.363314 0.020754
e_17_18 17 18 4 0.0125 0.206807 0.160858 0.107036 0.445997 -0.506639 0.630078 -0.383935 0.021104
e_18_19 18 19 5 0.0125 0.226926 0.159646 0.100884 0.453346 -0.47101 0.645196 -0.39541 0.021063
e_19_20 19 20 6 0.0125 0.248129 0.15911 0.0967511 0.539769 -0.456191 0.588677 -0.392426 0.022382
e_20_21 20 21 7 0.0125 0.269177 0.159247 0.0940624 0.518623 -0.448089 0.610094 -0.397532 0.020079
e_21_22 21 22 8 0.0125 0.28917 0.15809 0.092341 0.561107 -0.369817 0.613084 -0.415358 0.020222
e_22_23 22 23 9 0.0125 0.308932 0.156904 0.0896187 0.474677 -0.485735 0.622301 -0.389211 0.020023
e_23_1 23 1 10 0.0125 0.328248 0.156956 0.0843958 0.468503 -0.519559 0.60647 -0.377833 0.020013
e_1_24 1 24 1 0.0125 0.343493 0.143072 0.0816689 0.537201 0.328414 0.625423 -0.460874 0.030494
e_24_25 24 25 2 0.0125 0.353581 0.118492 0.0819961 0.547646 0.313344 0.623469 -0.46172 0.022658
e_25_26 25 26 3 0.0125 0.363102 0.0978961 0.0825939 0.543303 0.271391 0.642742 -0.466959 0.022757
e_26_4 26 4 4 0.0125 0.370788 0.0762634 0.0855744 0.663446 0.442086 0.439703 -0.413595 0.024091
e_1_27 1 27 1 0.0125 0.331178 0.152424 0.0749414 0.235673 -0.322963 -0.843241 0.359301 0.021237
e_27_28 27 28 2 0.0125 0.313213 0.141317 0.0572895 0.233956 -0.412334 -0.808331 0.349064 0.03387
e_28_29 28 29 3 0.0125 0.295557 0.130333 0.0389299 0.158649 -0.460643 -0.793327 0.365062 0.021682
e_29_3 29 3 4 0.0125 0.284079 0.120032 0.0227365 -0.0475796 -0.719734 -0.600487 0.345159 0.023211
9 22 21
3 0.269174 0.0704716 0.163196 0.0125
23 0.237577 0.0633865 0.185413 0.0125
22 0.217493 0.0575819 0.198683 0.0125
4 0.267655 0.111912 0.204316 0.0125
21 0.250552 0.102267 0.20812 0.0125
20 0.23321 0.092952 0.211653 0.0125
11 0.0574231 0.238242 0.0363861 0.0125
10 0.0381458 0.227937 0.0387971 0.0125
6 -0.132287 0.154544 0.0609626 0.0125
9 -0.105999 0.167795 0.0589956 0.0125
2 0.00351083 0.216735 0.0493063 0.0125
19 0.215593 0.0839937 0.214711 0.0125
8 -0.0705696 0.186699 0.0564857 0.0125
12 0.0746523 0.248173 0.0335952 0.0125
5 0.0923073 0.257503 0.0319109 0.0125
13 0.0261236 0.197996 0.0773301 0.0125
14 0.0653116 0.157096 0.129851 0.0125
15 0.0948008 0.129839 0.165012 0.0125
16 0.131472 0.110272 0.191346 0.0125
17 0.16408 0.0794285 0.206454 0.0125
1 0.185801 0.0574927 0.215689 0.0125
18 0.200821 0.0705482 0.213704 0.0125
e_2_8 2 8 1 0.0125 -0.033529 0.201718 0.0528954 0.733959 0.186349 -0.648499 0.0776365 0.08026
e_8_9 8 9 2 0.0125 -0.0882849 0.177247 0.0577401 0.720431 0.227107 -0.645925 0.110374 0.040236
e_9_6 9 6 3 0.0125 -0.119143 0.16117 0.0599791 0.722976 0.218317 -0.647315 0.103082 0.029504
e_2_10 2 10 1 0.0125 0.0208284 0.222336 0.0440522 -0.550397 0.530834 -0.597413 0.241611 0.037888
e_10_11 10 11 2 0.0125 0.0477844 0.23309 0.0375922 0.370154 -0.741348 0.072262 -0.555128 0.021992
e_11_12 11 12 3 0.0125 0.0660377 0.243208 0.0349906 0.210636 -0.740196 -0.146995 -0.621398 0.020081
e_12_5 12 5 4 0.0125 0.0834799 0.252838 0.0327535 0.474342 -0.705361 0.210899 -0.482687 0.020039
e_2_13 2 13 1 0.0125 0.0148178 0.207366 0.0633186 0.81931 0.361186 0.156115 0.417017 0.040594
e_13_14 13 14 2 0.0125 0.0457179 0.177545 0.103591 0.812071 0.384252 0.11133 0.424849 0.077246
e_14_15 14 15 3 0.0125 0.0800563 0.143467 0.147432 0.800482 0.391085 0.132916 0.434297 0.053374
e_15_16 15 16 4 0.0125 0.113136 0.120056 0.178179 0.7354 0.42168 0.233661 0.476209 0.049205
e_16_17 16 17 5 0.0125 0.147776 0.094851 0.1989 0.598107 0.582071 0.0409664 0.549348 0.047358
e_17_1 17 1 6 0.0125 0.17494 0.068461 0.211072 0.580791 0.597138 0.0116077 0.553149 0.032222
e_1_18 1 18 1 0.0125 0.193311 0.0640199 0.214697 0.293453 -0.715875 -0.192705 -0.60355 0.02
e_18_19 18 19 2 0.0125 0.208207 0.0772706 0.214208 0.523863 -0.687415 0.0478445 -0.500738 0.02
e_19_20 19 20 3 0.0125 0.224401 0.0884733 0.213182 0.152151 -0.738473 -0.176361 -0.632776 0.02
e_20_21 20 21 4 0.0125 0.241882 0.0976101 0.209886 0.01313 -0.683017 -0.349041 -0.641472 0.02
e_21_4 21 4 5 0.0125 0.259104 0.10709 0.206217 -0.0304997 -0.653006 -0.410731 -0.635573 0.02
e_1_22 1 22 1 0.0125 0.201647 0.057537 0.207186 -0.313864 0.680594 -0.522683 0.406305 0.035967
e_22_23 22 23 2 0.0125 0.227535 0.0604838 0.192048 -0.475133 0.378683 -0.790283 0.0793702 0.024762
e_23_3 23 3 3 0.0125 0.253376 0.0669286 0.174304 -0.445384 0.438812 -0.768321 0.136967 0.039271
