15
1 19 18
3 0.0347468 -0.157586 0.0114555 0.0125
20 0.00964329 -0.109019 0.0368564 0.0125
4 -0.0705353 -0.0123556 0.0114456 0.0125
6 0.192915 0.0435841 0.0114849 0.0125
11 0.188439 0.0480042 0.0375489 0.0125
10 0.184155 0.0568723 0.0634325 0.0125
9 0.186064 0.0651392 0.0831939 0.0125
2 0.217325 0.0977377 0.140945 0.0125
19 -0.0550059 -0.0305778 0.0222984 0.0125
8 0.199573 0.0855781 0.117619 0.0125
12 0.203143 0.109408 0.127832 0.0125
13 0.169833 0.134623 0.0991707 0.0125
5 0.158298 0.154511 0.0854608 0.0125
14 0.110073 -0.00161092 0.083296 0.0125
15 0.0945951 -0.0171689 0.0762035 0.0125
16 0.0472208 -0.0506023 0.0568732 0.0125
17 0.0210562 -0.0625067 0.0530704 0.0125
1 -0.00545036 -0.0758255 0.0525976 0.0125
18 -0.0207708 -0.0606905 0.0413158 0.0125
e_2_8 2 8 1 0.0125 0.208449 0.0916572 0.129282 0.143796 0.913852 0.179977 -0.334373 0.031735
e_8_9 8 9 2 0.0125 0.192819 0.075358 0.100407 0.169182 0.878343 0.36862 -0.253003 0.042253
e_9_10 9 10 3 0.0125 0.18511 0.061006 0.0733138 0.133808 0.7989 0.566752 -0.150483 0.021506
e_10_11 10 11 4 0.0125 0.186297 0.0524389 0.0504907 0.170686 0.695114 0.695795 -0.0596013 0.027694
e_11_6 11 6 5 0.0125 0.190677 0.0457937 0.0245175 0.117698 0.633845 0.764384 -0.0102475 0.026813
e_2_12 2 12 1 0.0125 0.210234 0.103573 0.134388 -0.405779 0.183414 0.869997 0.211677 0.022568
e_12_13 12 13 2 0.0125 0.186488 0.122016 0.113501 -0.465981 0.534243 0.705298 -0.000159378 0.050663
e_13_5 13 5 3 0.0125 0.164066 0.144566 0.0923154 0.108878 -0.591341 0.637489 0.481735 0.026769
e_2_14 2 14 1 0.0125 0.163699 0.0480638 0.112121 0.417978 0.823333 -0.0744499 -0.376663 0.157151
e_14_15 14 15 2 0.0125 0.102335 -0.00938964 0.07975 0.457322 0.804333 -0.0825239 -0.370263 0.023064
e_15_16 15 16 3 0.0125 0.0709083 -0.0338855 0.066538 0.429858 0.793198 -0.17021 -0.396342 0.061122
e_16_17 16 17 4 0.0125 0.0341387 -0.0565552 0.0549718 0.523036 0.66369 -0.353684 -0.40107 0.028995
e_17_1 17 1 5 0.0125 0.00780317 -0.0691664 0.0528334 0.589198 0.614355 -0.361288 -0.380638 0.029668
e_1_18 1 18 1 0.0125 -0.0131101 -0.0682575 0.0469567 0.289876 -0.840989 0.157348 0.428895 0.024312
e_18_19 18 19 2 0.0125 -0.0378884 -0.0456342 0.0318071 0.514305 -0.743389 -0.373971 0.207383 0.049402
e_19_4 19 4 3 0.0125 -0.0627709 -0.0214665 0.0168718 0.336579 -0.824598 0.162667 0.424608 0.026286
e_1_20 1 20 1 0.0125 0.00209658 -0.0924213 0.0447267 0.537831 0.674066 0.493772 -0.112079 0.039716
e_20_3 20 3 2 0.0125 0.0221954 -0.133302 0.0241556 0.528629 0.664451 0.518819 -0.0994129 0.060284
2 25 24
3 0.211643 -0.279765 0.0447622 0.0125
26 0.19149 -0.227618 0.034886 0.0125
25 0.185439 -0.20593 0.0309488 0.0125
4 0.178286 -0.284775 0.0114976 0.0125
24 0.181355 -0.261086 0.0149168 0.0125
23 0.183441 -0.240616 0.0180745 0.0125
22 0.183755 -0.218441 0.0221225 0.0125
1 0.179196 -0.186779 0.0279172 0.0125
21 0.185671 -0.167821 0.0290196 0.0125
6 0.328569 -0.0697353 0.061202 0.0125
11 0.319499 -0.0534508 0.0536062 0.0125
10 0.314174 -0.0347339 0.0462508 0.0125
9 0.30981 -0.0142392 0.044106 0.0125
2 0.323118 0.065389 0.0114949 0.0125
19 0.198655 -0.129745 0.0310286 0.0125
8 0.307517 0.00453572 0.0368926 0.0125
12 0.332363 0.0354098 0.0294149 0.0125
13 0.33618 0.0167652 0.0432895 0.0125
14 0.340897 -0.00193812 0.049645 0.0125
5 0.346394 -0.0200362 0.0561736 0.0125
15 0.24608 -0.0186673 0.0253146 0.0125
16 0.219152 -0.0716501 0.0407563 0.0125
17 0.207296 -0.0903321 0.0391585 0.0125
18 0.202258 -0.109234 0.0347625 0.0125
20 0.191959 -0.148825 0.0303418 0.0125
e_2_8 2 8 1 0.0125 0.315317 0.0349621 0.0241935 -0.699725 -0.382595 0.407696 -0.444736 0.067761
e_8_9 8 9 2 0.0125 0.308664 -0.00485184 0.0404989 -0.39205 -0.32858 0.462464 -0.724195 0.020244
e_9_10 9 10 3 0.0125 0.311992 -0.0244865 0.0451784 0.239989 0.0798277 0.665365 -0.702369 0.021063
e_10_11 10 11 4 0.0125 0.316837 -0.0440921 0.0499287 0.164514 -0.0430541 0.56688 -0.806058 0.020803
e_11_6 11 6 5 0.0125 0.324034 -0.0615937 0.0574041 0.778411 0.55135 0.0856895 0.287657 0.020129
e_2_12 2 12 1 0.0125 0.32774 0.050399 0.0204543 -0.812968 -0.400451 -0.302731 0.295087 0.036129
e_12_13 12 13 2 0.0125 0.334272 0.0260874 0.0363518 -0.846549 -0.393249 -0.225376 0.279134 0.023552
e_13_14 13 14 3 0.0125 0.338538 0.00741371 0.0464668 0.126505 -0.0528455 0.583736 -0.800285 0.020309
e_14_5 14 5 4 0.0125 0.343646 -0.0109865 0.0529092 0.329096 0.0701218 0.576143 -0.744875 0.020009
e_2_15 2 15 1 0.0125 0.284599 0.023361 0.0184046 -0.667997 -0.234274 0.620446 -0.337555 0.114854
e_15_16 15 16 2 0.0125 0.232616 -0.0451584 0.0330357 -0.666032 -0.309658 0.527615 -0.426772 0.061406
e_16_17 16 17 3 0.0125 0.213225 -0.0809916 0.0399572 -0.486608 -0.167063 0.712817 -0.476649 0.022185
e_17_18 17 18 4 0.0125 0.204777 -0.0997834 0.0369603 -0.195739 -0.0453894 0.779462 -0.593351 0.02005
e_18_19 18 19 5 0.0125 0.200456 -0.119489 0.0328959 -0.142267 -0.0381227 0.766018 -0.625719 0.021157
e_19_20 19 20 6 0.0125 0.195307 -0.139286 0.0306852 -0.372969 -0.163157 0.700257 -0.586441 0.020233
e_20_21 20 21 7 0.0125 0.188814 -0.158323 0.0296802 -0.337161 -0.142346 0.716036 -0.594435 0.020053
e_21_1 21 1 8 0.0125 0.182433 -0.1773 0.0284682 -0.351908 -0.150221 0.710568 -0.590498 0.020063
e_1_22 1 22 1 0.0125 0.181475 -0.202609 0.0250198 0.205699 0.140203 0.754634 -0.607091 0.032509
e_22_23 22 23 2 0.0125 0.183598 -0.229529 0.0200991 0.023791 0.039361 0.766954 -0.640051 0.022545
e_23_24 23 24 3 0.0125 0.182398 -0.250851 0.0164955 -0.0834362 -0.0204117 0.758576 -0.645897 0.020817
e_24_4 24 4 4 0.0125 0.179821 -0.27293 0.0132068 -0.116955 -0.0382683 0.754575 -0.644572 0.02413
e_1_25 1 25 1 0.0125 0.182317 -0.196354 0.0294332 0.455203 0.210865 0.617352 -0.605972 0.02037
e_25_26 25 26 2 0.0125 0.188464 -0.216773 0.0329176 0.352949 0.132265 0.629591 -0.679374 0.022857
e_26_3 26 3 3 0.0125 0.201566 -0.253692 0.0398247 0.571982 0.293391 0.57178 -0.509731 0.056773
3 24 23
3 0.279711 -0.287846 0.0555803 0.0125
25 0.260425 -0.27431 0.0547302 0.0125
24 0.244195 -0.253311 0.055595 0.0125
4 0.281275 -0.282842 0.0846736 0.0125
23 0.267063 -0.267062 0.0756847 0.0125
22 0.245565 -0.243076 0.0632098 0.0125
21 0.231567 -0.225984 0.0600274 0.0125
1 0.220362 -0.209542 0.0573454 0.0125
11 -0.0932225 -0.222216 0.0449431 0.0125
10 -0.0831142 -0.218428 0.0281067 0.0125
6 -0.0309602 -0.0695495 0.0151863 0.0125
9 -0.0333724 -0.112844 0.0207462 0.0125
2 -0.0711701 -0.211852 0.0134742 0.0125
19 0.17689 -0.206568 0.0602576 0.0125
8 -0.0553659 -0.17241 0.0179465 0.0125
12 -0.103287 -0.225801 0.0618503 0.0125
13 -0.112525 -0.227912 0.0794627 0.0125
5 -0.118848 -0.225447 0.0982767 0.0125
14 -0.01892 -0.216335 0.0231797 0.0125
15 0.0372808 -0.205803 0.028047 0.0125
16 0.0985156 -0.212015 0.0379884 0.0125
17 0.123745 -0.212571 0.051355 0.0125
18 0.143996 -0.208519 0.0569261 0.0125
20 0.199477 -0.207732 0.060791 0.0125
e_2_8 2 8 1 0.0125 -0.0632677 -0.192132 0.0157105 0.537117 -0.27686 0.609108 0.513655 0.042725
e_8_9 8 9 2 0.0125 -0.0443692 -0.142628 0.0193468 0.496407 -0.271595 0.635774 0.524984 0.063558
e_9_6 9 6 3 0.0125 -0.0321663 -0.0911974 0.0179666 0.329033 -0.337126 0.670777 0.572837 0.043717
e_2_10 2 10 1 0.0125 -0.0771417 -0.21514 0.0207905 0.896005 0.256679 -0.26135 -0.250973 0.02
e_10_11 10 11 2 0.0125 -0.088168 -0.220322 0.0365246 0.942478 0.146488 -0.240061 -0.180686 0.02
e_11_12 11 12 3 0.0125 -0.0982553 -0.224008 0.0533969 0.944029 0.140114 -0.240191 -0.177444 0.02
e_12_13 12 13 4 0.0125 -0.107906 -0.226856 0.0706566 0.959028 0.0890443 -0.227496 -0.143462 0.02
e_13_5 13 5 5 0.0125 -0.115686 -0.226679 0.0888697 0.984608 -0.0576805 -0.162277 -0.0297771 0.02
e_2_14 2 14 1 0.0125 -0.0450451 -0.214094 0.018327 0.73058 0.250267 0.588538 0.239253 0.053332
e_14_15 14 15 2 0.0125 0.00917955 -0.211069 0.0256132 0.665663 0.171867 0.654259 0.31512 0.057386
e_15_16 15 16 3 0.0125 0.0678979 -0.208909 0.0330176 0.724001 0.261872 0.593035 0.235699 0.062347
e_16_17 16 17 4 0.0125 0.11113 -0.212293 0.0446721 0.823484 0.153192 0.492452 0.236424 0.028556
e_17_18 17 18 5 0.0125 0.13387 -0.210545 0.0541405 0.731304 0.122134 0.595701 0.308898 0.02139
e_18_19 18 19 6 0.0125 0.160443 -0.207544 0.0585922 0.686426 0.217086 0.634485 0.281286 0.03312
e_19_20 19 20 7 0.0125 0.188183 -0.20715 0.0605243 0.669486 0.279597 0.640342 0.252144 0.022624
e_20_1 20 1 8 0.0125 0.209919 -0.208637 0.0590686 0.600881 0.343306 0.680613 0.240517 0.021244
e_1_21 1 21 1 0.0125 0.225964 -0.217763 0.0586863 0.752536 0.532979 0.3862 -0.0217383 0.020077
e_21_22 21 22 2 0.0125 0.238565 -0.23453 0.0616188 0.755817 0.509349 0.411435 0.00508338 0.022321
e_22_23 22 23 3 0.0125 0.256314 -0.25507 0.0694469 0.824695 0.430549 0.366119 0.0215057 0.034542
e_23_4 23 4 4 0.0125 0.274168 -0.274952 0.0801794 0.833302 0.420294 0.358401 0.0225746 0.02306
e_1_24 1 24 1 0.0125 0.232278 -0.231427 0.0564698 0.692377 0.602438 0.393226 -0.0552813 0.049868
e_24_25 24 25 2 0.0125 0.25231 -0.26381 0.0551623 0.695473 0.564597 0.444421 -0.00615283 0.026554
e_25_3 25 3 3 0.0125 0.270069 -0.281078 0.0551551 0.714468 0.464602 0.515855 0.0870298 0.023578
4 25 24
3 -0.0252649 -0.0391875 0.180329 0.0125
26 -0.0190808 -0.0374114 0.146459 0.0125
4 0.0682411 -0.103329 0.0669921 0.0125
25 0.046223 -0.090096 0.0709826 0.0125
24 0.0111114 -0.0689528 0.0768618 0.0125
1 -0.0171553 -0.0539579 0.0830868 0.0125
23 -0.0325459 -0.0619422 0.0729288 0.0125
22 -0.0468865 -0.0745938 0.0655951 0.0125
21 -0.0630387 -0.085309 0.0603101 0.0125
6 -0.225818 -0.00970139 0.0255361 0.0125
11 -0.232026 -0.0330918 0.0207843 0.0125
10 -0.242662 -0.0581863 0.0197331 0.0125
9 -0.250916 -0.0818845 0.0210852 0.0125
2 -0.286846 -0.144371 0.0125002 0.0125
19 -0.0981562 -0.105075 0.0463353 0.0125
8 -0.273443 -0.117397 0.0131104 0.0125
12 -0.302601 -0.148215 0.0242054 0.0125
13 -0.317627 -0.156031 0.0348422 0.0125
14 -0.332668 -0.162756 0.0461793 0.0125
15 -0.344834 -0.174009 0.0573761 0.0125
5 -0.356502 -0.181941 0.0715513 0.0125
16 -0.18064 -0.121783 0.0282843 0.0125
17 -0.153877 -0.115102 0.0295372 0.0125
18 -0.119478 -0.109937 0.0394221 0.0125
20 -0.0790446 -0.0966949 0.0545816 0.0125
e_2_8 2 8 1 0.0125 -0.280144 -0.130884 0.012806 0.673789 -0.487971 0.501748 0.236941 0.030127
e_8_9 8 9 2 0.0125 -0.262179 -0.0996407 0.0170978 0.734194 -0.410277 0.488388 0.232613 0.042804
e_9_10 9 10 3 0.0125 -0.246789 -0.0700354 0.0204091 0.660331 -0.591273 0.421065 0.192518 0.025131
e_10_11 10 11 4 0.0125 -0.237343 -0.0456391 0.0202587 0.691096 -0.535591 0.440314 0.20409 0.027276
e_11_6 11 6 5 0.0125 -0.228921 -0.0213966 0.0231602 0.765521 -0.587295 0.242358 0.10161 0.024662
e_2_12 2 12 1 0.0125 -0.294724 -0.146293 0.0183532 0.86716 0.205332 -0.406446 -0.201677 0.02
e_12_13 12 13 2 0.0125 -0.310114 -0.152123 0.0295238 0.85613 0.307445 -0.373583 -0.181532 0.02
e_13_14 13 14 3 0.0125 -0.325147 -0.159393 0.0405115 0.865798 0.274096 -0.376075 -0.183939 0.02
e_14_15 14 15 4 0.0125 -0.338751 -0.168383 0.0517776 0.872363 0.368278 -0.290647 -0.137396 0.02
e_15_5 15 5 5 0.0125 -0.350668 -0.177976 0.0644633 0.91426 0.258641 -0.280577 -0.136056 0.02
e_2_16 2 16 1 0.0125 -0.233744 -0.133077 0.0203923 0.682085 0.153637 0.635982 0.326624 0.109723
e_16_17 16 17 2 0.0125 -0.167258 -0.118443 0.0289104 0.635787 0.171957 0.669132 0.344193 0.027613
e_17_18 17 18 3 0.0125 -0.136677 -0.112519 0.0344801 0.739119 0.14168 0.585875 0.300633 0.036162
e_18_19 18 19 4 0.0125 -0.108817 -0.107506 0.0428787 0.749627 0.0907444 0.583997 0.297947 0.022936
e_19_20 19 20 5 0.0125 -0.0886004 -0.100884 0.0504589 0.777325 -0.0366626 0.561156 0.282005 0.022438
e_20_21 20 21 6 0.0125 -0.0710417 -0.0910021 0.0574466 0.746076 -0.147908 0.581508 0.28869 0.020461
e_21_22 21 22 7 0.0125 -0.0549626 -0.0799518 0.0629529 0.737465 -0.122924 0.594433 0.296116 0.020091
e_22_23 22 23 8 0.0125 -0.0397157 -0.068268 0.069262 0.783673 -0.225132 0.519897 0.254712 0.020481
e_23_1 23 1 9 0.0125 -0.0248506 -0.0579507 0.0780077 0.833005 -0.0964301 0.4878 0.242601 0.020095
e_1_24 1 24 1 0.0125 -0.00302148 -0.0614556 0.0799739 0.580448 0.608701 0.474307 0.259992 0.032597
e_24_25 24 25 2 0.0125 0.0286667 -0.0795247 0.0739218 0.606152 0.60602 0.451361 0.24818 0.041405
e_25_4 25 4 3 0.0125 0.057232 -0.0967124 0.0689878 0.601181 0.610304 0.451978 0.248648 0.025997
e_1_26 1 26 1 0.0125 -0.018118 -0.0456845 0.114772 0.991636 -0.127072 -0.0167609 -0.0151429 0.065524
e_26_3 26 3 2 0.0125 -0.0221728 -0.038299 0.163393 0.994513 0.0300502 -0.0887794 -0.0464701 0.034476
5 24 23
3 0.0379937 -0.149843 0.149576 0.0125
25 0.00645793 -0.100366 0.131684 0.0125
4 -0.0191863 -0.158632 0.0797741 0.0125
24 -0.016209 -0.118353 0.0971753 0.0125
23 -0.0140107 -0.0902089 0.105759 0.0125
1 -0.0042111 -0.0672784 0.114775 0.0125
22 0.00820883 -0.0522467 0.11006 0.0125
21 0.0160792 -0.0360199 0.101306 0.0125
11 0.15943 0.174434 0.0301234 0.0125
6 0.0265663 0.0844722 0.0855835 0.0125
10 0.0513863 0.110722 0.0762402 0.0125
9 0.0723886 0.134585 0.0693558 0.0125
2 0.121372 0.184473 0.0310715 0.0125
19 0.0288529 -0.00195573 0.0830157 0.0125
8 0.107542 0.164818 0.0452132 0.0125
12 0.179084 0.175358 0.026357 0.0125
13 0.198985 0.17721 0.0230157 0.0125
5 0.218853 0.179848 0.0195992 0.0125
14 0.105097 0.16203 0.0337503 0.0125
15 0.0914145 0.139486 0.0354546 0.0125
16 0.0647264 0.0955318 0.0388832 0.0125
17 0.0501918 0.0677752 0.051128 0.0125
18 0.0367761 0.0199175 0.0709346 0.0125
20 0.0222723 -0.019156 0.0922427 0.0125
e_2_8 2 8 1 0.0125 0.114457 0.174645 0.0381427 0.768886 0.226974 -0.441491 0.402968 0.027886
e_8_9 8 9 2 0.0125 0.089965 0.149702 0.0572846 0.761177 0.122075 -0.504163 0.389264 0.052274
e_9_10 9 10 3 0.0125 0.0618868 0.122654 0.0727978 0.626453 0.133149 -0.613537 0.461952 0.032526
e_10_6 10 6 4 0.0125 0.0389761 0.0975973 0.0809126 0.650294 0.126581 -0.59899 0.449785 0.037314
e_2_11 2 11 1 0.0125 0.140401 0.179454 0.0305974 0.400297 -0.462437 0.54607 -0.57247 0.039371
e_11_12 11 12 2 0.0125 0.169257 0.174896 0.0282406 0.305771 -0.692816 0.337647 -0.559021 0.020032
e_12_13 12 13 3 0.0125 0.189034 0.176284 0.024687 0.334774 -0.686576 0.333244 -0.55271 0.020265
e_13_5 13 5 4 0.0125 0.208919 0.178529 0.0213077 0.342203 -0.69552 0.316662 -0.546694 0.020331
e_2_14 2 14 1 0.0125 0.113235 0.173252 0.0324113 0.552122 0.142936 -0.656872 0.493204 0.027852
e_14_15 14 15 2 0.0125 0.098256 0.150758 0.0346028 0.521666 0.170012 -0.662455 0.510014 0.026427
e_15_16 15 16 3 0.0125 0.0780705 0.117509 0.0371689 0.522884 0.170622 -0.661533 0.509759 0.051536
e_16_17 16 17 4 0.0125 0.0574593 0.0816543 0.0450056 0.687491 0.270948 -0.49456 0.457552 0.03364
e_17_18 17 18 5 0.0125 0.0434838 0.043847 0.061031 0.686673 0.363696 -0.427354 0.462141 0.053503
e_18_19 18 19 6 0.0125 0.0328143 0.00898096 0.0769745 0.739164 0.333431 -0.397984 0.429033 0.026214
e_19_20 19 20 7 0.0125 0.0255627 -0.0105562 0.0876284 0.73185 0.326306 -0.411769 0.434012 0.020599
e_20_21 20 21 8 0.0125 0.0191759 -0.0275871 0.0967744 0.733275 0.331791 -0.405814 0.433056 0.020122
e_21_22 21 22 9 0.0125 0.0121442 -0.0441333 0.105684 0.726671 0.290235 -0.44434 0.436205 0.020047
e_22_1 22 1 10 0.0125 0.00199852 -0.0597627 0.112417 0.63485 0.152998 -0.599244 0.463103 0.020061
e_1_23 1 23 1 0.0125 -0.00911088 -0.0787437 0.110267 0.233756 0.0124703 -0.818448 0.524733 0.026516
e_23_24 23 24 2 0.0125 -0.0151102 -0.104281 0.101467 0.155944 0.149381 -0.789385 0.574664 0.029507
e_24_4 24 4 3 0.0125 -0.0176977 -0.138492 0.0884747 0.0657076 0.0384524 -0.83448 0.545754 0.043977
e_1_25 1 25 1 0.0125 0.00112329 -0.0838218 0.123229 0.795963 0.529973 -0.0209072 0.291778 0.03866
e_25_3 25 3 2 0.0125 0.0222258 -0.125105 0.14063 0.789004 0.553475 0.21866 0.152731 0.06134
6 18 17
3 0.0835687 0.13079 0.0125047 0.0125
19 0.0903222 0.112042 0.0142108 0.0125
5 -0.0318553 0.10414 0.121804 0.0125
10 -0.0504207 0.101284 0.138535 0.0125
6 -0.119258 0.219466 0.0553629 0.0125
9 -0.0703507 0.105253 0.153142 0.0125
2 -0.112327 0.125277 0.171001 0.0125
8 -0.122803 0.181807 0.096302 0.0125
11 -0.0343901 0.0839533 0.133461 0.0125
12 0.0571639 0.0542048 0.0791226 0.0125
13 0.0991038 0.0442635 0.0482927 0.0125
14 0.116647 0.0441775 0.0383859 0.0125
1 0.134863 0.0504077 0.0314982 0.0125
18 0.098328 0.0937777 0.015725 0.0125
15 0.168093 0.0279229 0.0350865 0.0125
4 0.216193 -0.00601042 0.0451408 0.0125
16 0.12087 0.0621552 0.0233631 0.0125
17 0.107478 0.0762286 0.0186082 0.0125
e_2_8 2 8 1 0.0125 -0.117565 0.153542 0.133651 0.275817 -0.707885 -0.628593 -0.166418 0.094262
e_8_6 8 6 2 0.0125 -0.121031 0.200636 0.0758324 0.274133 -0.755082 -0.545066 -0.24001 0.055738
e_2_9 2 9 1 0.0125 -0.0913388 0.115265 0.162071 -0.360233 -0.799695 -0.19931 -0.437031 0.049819
e_9_10 9 10 2 0.0125 -0.0603851 0.103268 0.145839 -0.256751 -0.819223 -0.347418 -0.377164 0.025026
e_10_5 10 5 3 0.0125 -0.0411378 0.102712 0.13017 -0.0947106 -0.845232 -0.343737 -0.398067 0.025155
e_2_11 2 11 1 0.0125 -0.0733579 0.104615 0.15223 -0.435925 -0.760325 -0.343054 -0.337919 0.09587
e_11_12 11 12 2 0.0125 0.0113877 0.0690793 0.106292 -0.310632 -0.81135 -0.295791 -0.397148 0.110542
e_12_13 12 13 3 0.0125 0.0781337 0.0492346 0.0637081 -0.278916 -0.810843 -0.365267 -0.362381 0.052993
e_13_14 13 14 4 0.0125 0.107875 0.0442206 0.043339 -0.0927862 -0.849657 -0.154773 -0.495498 0.020147
e_14_1 14 1 5 0.0125 0.125755 0.0472928 0.0349414 0.178226 -0.817478 -0.0121393 -0.547556 0.020447
e_1_15 1 15 1 0.0125 0.151478 0.0391653 0.0332924 0.726337 0.273559 0.616944 -0.130308 0.040282
e_15_4 15 4 2 0.0125 0.192143 0.0109564 0.0401141 0.761438 0.324624 0.557169 -0.0662796 0.059718
e_1_16 1 16 1 0.0125 0.127866 0.0562817 0.0274307 0.544231 -0.514077 -0.662642 -0.0210293 0.02
e_16_17 16 17 2 0.0125 0.114175 0.0691924 0.0209858 0.614625 -0.516503 -0.593384 -0.0579272 0.02
e_17_18 17 18 3 0.0125 0.102903 0.0850031 0.0171666 0.637245 -0.574333 -0.492163 -0.147765 0.02
e_18_19 18 19 4 0.0125 0.0943247 0.10291 0.0149673 0.658332 -0.577044 -0.452629 -0.169546 0.02
e_19_3 19 3 5 0.0125 0.0869459 0.121417 0.0133579 0.648933 -0.594734 -0.434665 -0.19038 0.02
7 21 20
3 0.038148 -0.213592 0.179519 0.0125
22 0.0261133 -0.195749 0.157418 0.0125
21 0.0173742 -0.181907 0.141833 0.0125
4 0.028409 -0.0581059 0.0954922 0.0125
20 0.00849957 -0.111204 0.108936 0.0125
11 -0.0936836 0.0357205 0.0332094 0.0125
10 -0.125105 0.0601032 0.021345 0.0125
6 -0.0609355 -0.0111654 0.0899388 0.0125
9 -0.113386 0.0335906 0.0290015 0.0125
2 -0.149114 0.0750924 0.0126044 0.0125
19 -0.0161103 -0.136864 0.117186 0.0125
8 -0.127025 0.0468445 0.0187705 0.0125
5 -0.0699321 0.0211655 0.0408057 0.0125
12 -0.116955 0.00914637 0.0407294 0.0125
13 -0.103745 -0.0272592 0.0706454 0.0125
14 -0.0829831 -0.0554385 0.0890535 0.0125
15 -0.0641316 -0.0751516 0.105708 0.0125
16 -0.0536755 -0.0915118 0.113194 0.0125
17 -0.0412665 -0.106006 0.119602 0.0125
18 -0.0288455 -0.121711 0.120124 0.0125
1 -0.00269883 -0.151165 0.113217 0.0125
e_2_8 2 8 1 0.0125 -0.13807 0.0609685 0.0156879 -0.561023 -0.642169 0.0537167 -0.519602 0.036385
e_8_9 8 9 2 0.0125 -0.120206 0.0402176 0.0238856 0.590059 -0.0214673 0.512494 -0.623474 0.021595
e_9_6 9 6 3 0.0125 -0.0871611 0.011213 0.05947 0.829096 0.1126 0.395236 -0.37909 0.09202
e_2_10 2 10 1 0.0125 -0.13711 0.0675975 0.0169749 0.163847 -0.429025 0.410365 -0.787841 0.029622
e_10_11 10 11 2 0.0125 -0.109394 0.0479122 0.0272778 0.0859234 -0.430124 0.414805 -0.797212 0.041504
e_11_5 11 5 3 0.0125 -0.0818081 0.0284434 0.0370074 0.111645 -0.46786 0.386738 -0.786814 0.028874
e_2_12 2 12 1 0.0125 -0.133034 0.0421197 0.0266671 0.318393 0.425848 -0.373745 0.759996 0.078576
e_12_13 12 13 2 0.0125 -0.11035 -0.00905644 0.0556874 0.818281 0.439582 -0.0332391 0.368888 0.048937
e_13_14 13 14 3 0.0125 -0.0933638 -0.0413493 0.0798492 0.77261 0.243655 0.455968 -0.368511 0.039548
e_14_15 14 15 4 0.0125 -0.0735569 -0.0652955 0.0973804 0.715614 0.0968937 0.479638 -0.498453 0.031958
e_15_16 15 16 5 0.0125 -0.0589036 -0.0833317 0.109451 0.662472 0.2016 0.528652 -0.490932 0.020809
e_16_17 16 17 6 0.0125 -0.047471 -0.0987588 0.116398 0.0561342 -0.348094 0.468678 -0.809951 0.020128
e_17_18 17 18 7 0.0125 -0.0350563 -0.113858 0.119863 -0.626338 -0.688612 -0.112998 -0.347484 0.020029
e_18_19 18 19 8 0.0125 -0.0224782 -0.129287 0.118656 -0.589024 -0.733299 -0.188879 -0.282221 0.020012
e_19_1 19 1 9 0.0125 -0.00940396 -0.144015 0.115202 -0.543853 -0.756099 -0.165903 -0.324058 0.020003
e_1_20 1 20 1 0.0125 0.00290072 -0.131184 0.111077 0.600734 -0.729829 -0.136605 -0.296322 0.04172
e_20_4 20 4 2 0.0125 0.0184546 -0.084655 0.102214 0.531499 -0.771373 -0.142537 -0.319651 0.05828
e_1_21 1 21 1 0.0125 0.00733794 -0.166536 0.127525 0.897508 0.355585 0.257273 -0.0430191 0.046549
e_21_22 21 22 2 0.0125 0.0217438 -0.188827 0.149625 0.91911 0.333623 0.209592 0.00201914 0.022602
e_22_3 22 3 3 0.0125 0.0321306 -0.20467 0.168468 0.925886 0.305028 0.220795 -0.0307153 0.030848
8 28 27
3 0.173363 -0.239432 0.221803 0.0125
29 0.155601 -0.235085 0.213701 0.0125
28 0.137248 -0.235385 0.205759 0.0125
27 0.118285 -0.236288 0.199466 0.0125
26 0.0993456 -0.237683 0.193193 0.0125
4 0.120457 -0.319625 0.220789 0.0125
25 0.116789 -0.300567 0.215959 0.0125
24 0.108257 -0.282764 0.212755 0.0125
23 0.099209 -0.265328 0.208997 0.0125
22 0.0887082 -0.25078 0.200161 0.0125
1 0.0796136 -0.235794 0.190532 0.0125
21 0.0760355 -0.216124 0.191197 0.0125
12 0.0965003 0.100463 0.109519 0.0125
11 0.0791214 0.0906672 0.115158 0.0125
10 0.0628244 0.0801629 0.120092 0.0125
9 0.0440185 0.0671207 0.119065 0.0125
2 -0.0141536 0.0365831 0.127783 0.0125
19 0.0711046 -0.177421 0.185317 0.0125
8 0.0259954 0.0572664 0.122797 0.0125
6 0.115422 0.105878 0.105755 0.0125
13 0.0132756 0.0490287 0.131041 0.0125
14 0.0476243 0.0724241 0.134901 0.0125
5 0.0703923 0.0880006 0.139488 0.0125
15 0.0298443 -0.110731 0.160968 0.0125
16 0.0405498 -0.129634 0.167323 0.0125
17 0.0496988 -0.146316 0.173525 0.0125
18 0.0625187 -0.16121 0.177331 0.0125
20 0.0737013 -0.196226 0.191618 0.0125
e_2_8 2 8 1 0.0125 0.00592061 0.0469241 0.12529 0.657892 -0.226239 0.709704 0.110969 0.045438
e_8_9 8 9 2 0.0125 0.0350067 0.0621934 0.120931 0.630411 -0.241514 0.728727 0.114932 0.020878
e_9_10 9 10 3 0.0125 0.053421 0.0736417 0.119579 0.706425 -0.264788 0.638337 0.152895 0.022909
e_10_11 10 11 4 0.0125 0.070973 0.0854146 0.117625 0.599428 -0.275235 0.739968 0.131828 0.020007
e_11_12 11 12 5 0.0125 0.0878107 0.0955654 0.112338 0.592444 -0.2532 0.756238 0.114034 0.02073
e_12_6 12 6 6 0.0125 0.105961 0.10317 0.107638 0.635134 -0.151045 0.755712 0.0518569 0.020038
e_2_13 2 13 1 0.0125 -0.000438833 0.0428054 0.129412 0.736712 -0.187382 0.641178 0.105043 0.030296
e_13_14 13 14 2 0.0125 0.03045 0.0607264 0.132971 0.723295 -0.256688 0.6228 0.151905 0.041738
e_14_5 14 5 3 0.0125 0.0590083 0.0802123 0.137194 0.747164 -0.249696 0.596356 0.154137 0.027966
e_2_15 2 15 1 0.0125 0.00784611 -0.0370745 0.144375 0.71768 0.485607 0.398363 -0.300712 0.157285
e_15_16 15 16 2 0.0125 0.0351972 -0.120183 0.164145 0.76043 0.403792 0.44335 -0.249277 0.022634
e_16_17 16 17 3 0.0125 0.0451244 -0.137975 0.170424 0.771027 0.404802 0.425619 -0.245972 0.020011
e_17_18 17 18 4 0.0125 0.0561088 -0.153763 0.175428 0.737889 0.340286 0.537715 -0.224916 0.020017
e_18_19 18 19 5 0.0125 0.066812 -0.169315 0.181324 0.80446 0.395637 0.379335 -0.228956 0.020007
e_19_20 19 20 6 0.0125 0.0724023 -0.186823 0.188468 0.755171 0.510753 0.285686 -0.295351 0.020002
e_20_21 20 21 7 0.0125 0.074868 -0.206175 0.191407 0.593913 0.558403 0.445767 -0.36979 0.020039
e_21_1 21 1 8 0.0125 0.0778247 -0.225959 0.190865 0.594192 0.53757 0.47711 -0.360999 0.020004
e_1_22 1 22 1 0.0125 0.084161 -0.243288 0.195346 0.837117 0.362041 0.358046 -0.199909 0.02
e_22_23 22 23 2 0.0125 0.0939585 -0.258054 0.20458 0.825982 0.345104 0.399998 -0.196617 0.02
e_23_24 23 24 3 0.0125 0.103733 -0.274046 0.210876 0.720838 0.425172 0.474639 -0.272651 0.02
e_24_25 24 25 4 0.0125 0.112523 -0.291665 0.214357 0.707002 0.438331 0.477267 -0.28325 0.02
e_25_4 25 4 5 0.0125 0.118623 -0.310096 0.218374 0.725185 0.511095 0.343543 -0.308006 0.02
e_1_26 1 26 1 0.0125 0.0894794 -0.236738 0.191863 0.751711 0.0294048 0.657732 -0.0381485 0.02
e_26_27 26 27 2 0.0125 0.108815 -0.236985 0.19633 0.810248 -0.029617 0.585045 0.0185423 0.02
e_27_28 27 28 3 0.0125 0.127766 -0.235837 0.202613 0.810664 -0.0193242 0.585073 0.0118298 0.02
e_28_29 28 29 4 0.0125 0.146425 -0.235235 0.20973 0.835726 -0.00277992 0.549059 0.00942576 0.02
e_29_3 29 3 5 0.0125 0.164482 -0.237258 0.217752 0.836491 0.0957254 0.536922 -0.0532352 0.02
9 26 25
3 0.280549 -0.0236994 0.0862451 0.0125
27 0.24466 -0.0344083 0.0842982 0.0125
4 0.112922 -0.0512999 0.124719 0.0125
26 0.128228 -0.0476908 0.112362 0.0125
25 0.144771 -0.0442582 0.10166 0.0125
24 0.159993 -0.0455093 0.0887466 0.0125
23 0.177115 -0.0508911 0.0799224 0.0125
1 0.190142 -0.0602258 0.0679569 0.0125
22 0.177714 -0.0550612 0.0827544 0.0125
21 0.161919 -0.0494396 0.0936803 0.0125
12 0.0768617 0.131861 0.172116 0.0125
11 0.0588873 0.121842 0.175067 0.0125
10 0.0393729 0.116575 0.17898 0.0125
9 0.0156245 0.113498 0.176441 0.0125
2 -0.0398815 0.0821337 0.171657 0.0125
19 0.129844 -0.0374781 0.114581 0.0125
8 -0.0133941 0.098874 0.17353 0.0125
6 0.0962323 0.137354 0.168122 0.0125
13 -0.00853566 0.126437 0.195125 0.0125
14 0.00192741 0.141945 0.202611 0.0125
5 0.013469 0.159129 0.203569 0.0125
15 0.0192238 0.0355143 0.151245 0.0125
16 0.0672023 -0.0106168 0.143043 0.0125
17 0.0899737 -0.021681 0.137511 0.0125
18 0.112783 -0.0332927 0.124359 0.0125
20 0.146089 -0.043926 0.1046 0.0125
e_2_8 2 8 1 0.0125 -0.0266379 0.0905044 0.172593 0.583418 -0.640222 0.245515 -0.435272 0.03139
e_8_9 8 9 2 0.0125 0.0011149 0.106186 0.174985 0.595674 -0.600876 0.307151 -0.435636 0.032625
e_9_10 9 10 3 0.0125 0.0274994 0.115036 0.177711 0.614051 -0.444883 0.499347 -0.419133 0.024082
e_10_11 10 11 4 0.0125 0.0491306 0.119209 0.177023 0.447462 -0.67089 0.380741 -0.45246 0.020588
e_11_12 11 12 5 0.0125 0.0678742 0.126852 0.173592 0.480767 -0.718281 0.234584 -0.444866 0.020787
e_12_6 12 6 6 0.0125 0.0865464 0.134607 0.170119 0.444791 -0.678115 0.370754 -0.452618 0.020528
e_2_13 2 13 1 0.0125 -0.0242086 0.104285 0.183391 0.740813 -0.544174 0.0736473 -0.386843 0.059127
e_13_14 13 14 2 0.0125 -0.00330423 0.134192 0.198868 0.731938 -0.557371 0.0597346 -0.387345 0.020151
e_14_5 14 5 3 0.0125 0.00769779 0.150538 0.20309 0.600632 -0.690569 0.000402523 -0.402933 0.020722
e_2_15 2 15 1 0.0125 -0.0103285 0.0588239 0.161451 0.589115 0.324375 0.725004 -0.148638 0.077997
e_15_16 15 16 2 0.0125 0.0432132 0.0124483 0.147145 0.657353 0.448301 0.600149 -0.0820656 0.067061
e_16_17 16 17 3 0.0125 0.0785875 -0.0161492 0.140277 0.548411 -0.0420844 0.777799 -0.304143 0.025914
e_17_18 17 18 4 0.0125 0.101378 -0.0274873 0.130935 0.368674 -0.263503 0.811841 -0.368185 0.028776
e_18_19 18 19 5 0.0125 0.121314 -0.0353856 0.11947 0.243608 -0.635445 0.582558 -0.444399 0.020106
e_19_20 19 20 6 0.0125 0.137967 -0.0407028 0.109591 0.269327 -0.507198 0.70051 -0.423673 0.020126
e_20_21 20 21 7 0.0125 0.154004 -0.0466832 0.0991401 0.179174 -0.660598 0.580094 -0.441587 0.020006
e_21_22 21 22 8 0.0125 0.169817 -0.0522502 0.0882181 0.18036 -0.655078 0.586401 -0.440995 0.020012
e_22_1 22 1 9 0.0125 0.183928 -0.0576429 0.0753562 -0.1939 -0.918646 -0.161207 -0.304144 0.020002
e_1_23 1 23 1 0.0125 0.183629 -0.055558 0.0739395 0.879771 -0.192321 -0.404835 -0.158503 0.02
e_23_24 23 24 2 0.0125 0.168554 -0.0482 0.0843341 0.844196 -0.104619 -0.518102 -0.0892103 0.02
e_24_25 24 25 3 0.0125 0.152383 -0.0448835 0.095203 0.903641 0.00224551 -0.420908 -0.0791411 0.02
e_25_26 25 26 4 0.0125 0.1365 -0.0459741 0.107011 0.875897 0.108035 -0.469875 -0.0187367 0.02
e_26_4 26 4 5 0.0125 0.120575 -0.0494949 0.118541 0.898858 0.11511 -0.421682 -0.0314241 0.02
e_1_27 1 27 1 0.0125 0.217401 -0.0473165 0.076127 0.674671 -0.510684 0.32934 -0.418994 0.062496
e_27_3 27 3 2 0.0125 0.262604 -0.0290533 0.0852711 0.579152 -0.554314 0.408386 -0.436509 0.037504
10 28 27
3 -0.0337645 0.151498 0.152471 0.0125
29 -0.0229885 0.129767 0.161565 0.0125
28 -0.0124419 0.11182 0.167547 0.0125
27 0.00196903 0.0881985 0.174684 0.0125
4 -0.0569812 0.122628 0.222678 0.0125
26 -0.045421 0.113718 0.209005 0.0125
25 -0.0309414 0.103523 0.199709 0.0125
24 -0.0166556 0.0909923 0.193474 0.0125
23 -0.00223466 0.0785625 0.187345 0.0125
1 0.015259 0.0700672 0.182679 0.0125
22 0.0210875 0.0456545 0.179743 0.0125
21 0.0266395 0.0234327 0.176352 0.0125
6 0.156153 -0.24749 0.186387 0.0125
11 0.147554 -0.232967 0.17002 0.0125
10 0.140749 -0.219546 0.155049 0.0125
9 0.131548 -0.205961 0.137236 0.0125
2 0.108731 -0.181806 0.0633163 0.0125
19 0.0359797 -0.0303357 0.15295 0.0125
8 0.117286 -0.190827 0.0910743 0.0125
12 0.0915275 -0.180495 0.0734303 0.0125
13 0.0740412 -0.180336 0.0831361 0.0125
14 0.0548778 -0.18392 0.0876037 0.0125
15 0.0349732 -0.183754 0.089543 0.0125
5 0.0153348 -0.182719 0.085902 0.0125
16 0.10374 -0.159965 0.0797959 0.0125
17 0.0620413 -0.0926385 0.1258 0.0125
18 0.0465705 -0.0548589 0.142714 0.0125
20 0.0315868 -0.00603042 0.163481 0.0125
e_2_8 2 8 1 0.0125 0.113009 -0.186316 0.0771956 0.955469 0.117524 0.172815 -0.208334 0.030415
e_8_9 8 9 2 0.0125 0.124418 -0.198394 0.114156 0.955431 0.118828 0.173218 -0.20743 0.05063
e_9_10 9 10 3 0.0125 0.136149 -0.212753 0.146142 0.927546 0.280929 0.230902 -0.0861542 0.024218
e_10_11 10 11 4 0.0125 0.144152 -0.226256 0.162535 0.921362 0.33007 0.195919 -0.0613253 0.021227
e_11_6 11 6 5 0.0125 0.151853 -0.240229 0.178204 0.918912 0.321643 0.220191 -0.0605243 0.023511
e_2_12 2 12 1 0.0125 0.100129 -0.18115 0.0683735 0.816849 0.131589 -0.479403 -0.2926 0.02
e_12_13 12 13 2 0.0125 0.0827842 -0.180416 0.0782829 0.816219 0.158375 -0.481951 -0.276456 0.02
e_13_14 13 14 3 0.0125 0.0644593 -0.182127 0.0853695 0.754996 0.270433 -0.561413 -0.204112 0.02
e_14_15 14 15 4 0.0125 0.0449258 -0.183836 0.0885727 0.701032 0.211366 -0.637848 -0.238806 0.02
e_15_5 15 5 5 0.0125 0.025154 -0.183236 0.0877224 0.60106 0.22422 -0.735343 -0.218457 0.02
e_2_16 2 16 1 0.0125 0.106236 -0.170886 0.0715558 0.736501 -0.306411 -0.331429 -0.503818 0.027812
e_16_17 16 17 2 0.0125 0.0828903 -0.126302 0.102798 0.728379 -0.214061 -0.450583 -0.469699 0.091587
e_17_18 17 18 3 0.0125 0.0543064 -0.0737483 0.134257 0.665643 -0.285408 -0.476619 -0.498294 0.044189
e_18_19 18 19 4 0.0125 0.0412755 -0.0425973 0.147832 0.657996 -0.280192 -0.492529 -0.495933 0.028607
e_19_20 19 20 5 0.0125 0.0337826 -0.0181828 0.158215 0.647997 -0.359579 -0.417868 -0.525538 0.02685
e_20_21 20 21 6 0.0125 0.029113 0.00870073 0.169916 0.648332 -0.363314 -0.412491 -0.526802 0.032531
e_21_22 21 22 7 0.0125 0.0238635 0.0345436 0.178048 0.552066 -0.353791 -0.549212 -0.518094 0.023154
e_22_1 22 1 8 0.0125 0.0181728 0.0578609 0.181211 0.537841 -0.35839 -0.559886 -0.51847 0.02527
e_1_23 1 23 1 0.0125 0.00651173 0.0743148 0.185012 0.699529 0.012152 -0.619011 -0.356843 0.02
e_23_24 23 24 2 0.0125 -0.00944569 0.084777 0.190409 0.693136 -0.100328 -0.580279 -0.41566 0.02
e_24_25 24 25 3 0.0125 -0.0237991 0.0972572 0.196591 0.693923 -0.104044 -0.577303 -0.417573 0.02
e_25_26 25 26 4 0.0125 -0.0381812 0.10862 0.204357 0.756208 -0.065123 -0.513202 -0.400666 0.02
e_26_4 26 4 5 0.0125 -0.0512016 0.118173 0.215842 0.823271 -0.078789 -0.3898 -0.405059 0.02
e_1_27 1 27 1 0.0125 0.00861345 0.0791324 0.178681 0.417129 -0.143222 -0.804371 -0.398094 0.02386
e_27_28 27 28 2 0.0125 -0.00523704 0.100009 0.171115 0.437787 -0.194438 -0.766204 -0.428332 0.028576
e_28_29 28 29 3 0.0125 -0.0177155 0.120794 0.164557 0.423583 -0.197542 -0.773996 -0.427182 0.021659
e_29_3 29 3 4 0.0125 -0.0283765 0.140633 0.157018 0.377541 -0.214636 -0.793386 -0.426536 0.025906
11 26 25
3 0.330713 -0.28559 0.0197321 0.0125
27 0.312026 -0.278476 0.0193031 0.0125
26 0.295916 -0.267445 0.0236349 0.0125
25 0.279218 -0.257545 0.0284518 0.0125
24 0.260093 -0.25249 0.0313931 0.0125
4 0.251292 -0.154804 0.0525732 0.0125
23 0.252823 -0.175846 0.049234 0.0125
22 0.250771 -0.195574 0.0403312 0.0125
21 0.247243 -0.222319 0.0380647 0.0125
1 0.240542 -0.249678 0.0282535 0.0125
12 0.262096 -0.0991995 0.125432 0.0125
11 0.275612 -0.0875806 0.134643 0.0125
10 0.292929 -0.0780741 0.14494 0.0125
9 0.306414 -0.0705016 0.159221 0.0125
2 0.345255 -0.0312128 0.196239 0.0125
19 0.269749 -0.201412 0.0452816 0.0125
8 0.321716 -0.0559009 0.174577 0.0125
6 0.252839 -0.112805 0.113953 0.0125
13 0.370574 -0.0368965 0.20276 0.0125
14 0.398533 -0.0434465 0.211748 0.0125
15 0.418922 -0.0473813 0.219226 0.0125
5 0.436717 -0.0474443 0.230534 0.0125
16 0.321005 -0.0814661 0.147584 0.0125
17 0.299662 -0.129505 0.104015 0.0125
18 0.292702 -0.147341 0.0826132 0.0125
20 0.258286 -0.216831 0.0364114 0.0125
e_2_8 2 8 1 0.0125 0.333485 -0.043557 0.185408 -0.153314 0.371404 0.793785 -0.456573 0.040409
e_8_9 8 9 2 0.0125 0.314065 -0.0632007 0.166899 -0.170863 0.365802 0.812375 -0.420763 0.026136
e_9_10 9 10 3 0.0125 0.299672 -0.0742876 0.152081 -0.241935 0.36637 0.839629 -0.319787 0.021051
e_10_11 10 11 4 0.0125 0.284271 -0.0828269 0.139792 -0.256924 0.447156 0.728815 -0.45041 0.022277
e_11_12 11 12 5 0.0125 0.268854 -0.0933894 0.130037 -0.183156 0.410175 0.749193 -0.486745 0.020063
e_12_6 12 6 6 0.0125 0.257467 -0.106002 0.119693 -0.100191 0.328123 0.82365 -0.45155 0.020064
e_2_13 2 13 1 0.0125 0.357914 -0.0340553 0.199499 0.640889 -0.240135 0.56609 -0.459498 0.026756
e_13_14 13 14 2 0.0125 0.384553 -0.0401721 0.207255 0.647535 -0.234625 0.543696 -0.479629 0.03009
e_14_15 14 15 3 0.0125 0.408727 -0.0454137 0.215487 0.66133 -0.244339 0.520477 -0.481711 0.02207
e_15_5 15 5 4 0.0125 0.427819 -0.0474122 0.22488 0.716643 -0.275798 0.394689 -0.504558 0.021084
e_2_16 2 16 1 0.0125 0.33313 -0.0563395 0.171911 -0.0591297 0.27446 0.867917 -0.409751 0.074032
e_16_17 16 17 2 0.0125 0.310334 -0.105486 0.125799 -0.0476269 0.272529 0.863015 -0.422688 0.068276
e_17_18 17 18 3 0.0125 0.296182 -0.138423 0.0933137 -0.042908 0.232462 0.904775 -0.354264 0.028715
e_18_19 18 19 4 0.0125 0.281226 -0.174376 0.0639473 -0.0307289 0.290307 0.826985 -0.480492 0.0696
e_19_20 19 20 5 0.0125 0.264017 -0.209121 0.0408468 -0.0995526 0.369026 0.757238 -0.529622 0.021162
e_20_1 20 1 6 0.0125 0.249414 -0.233254 0.0323327 -0.0138966 0.354929 0.693365 -0.626959 0.038215
e_1_21 1 21 1 0.0125 0.243892 -0.236 0.0331592 0.810217 -0.574358 0.0752453 -0.0894365 0.029827
e_21_22 21 22 2 0.0125 0.249007 -0.208947 0.0391981 0.718797 -0.636162 0.231143 0.158751 0.027072
e_22_23 22 23 3 0.0125 0.251797 -0.18571 0.0447831 0.821854 -0.540575 -0.0551625 -0.171146 0.021741
e_23_4 23 4 4 0.0125 0.252057 -0.165325 0.0509029 0.748956 -0.646175 0.0654483 0.131297 0.02136
e_1_24 1 24 1 0.0125 0.250318 -0.251085 0.0298233 0.641349 -0.267518 0.591571 -0.408841 0.02
e_24_25 24 25 2 0.0125 0.269656 -0.255017 0.0299228 0.551429 -0.228852 0.72191 -0.349855 0.02
e_25_26 25 26 3 0.0125 0.287567 -0.262495 0.0260434 0.4676 -0.136237 0.775807 -0.40114 0.02
e_26_27 26 27 4 0.0125 0.30397 -0.27296 0.0214688 0.458296 -0.115613 0.771313 -0.426233 0.02
e_27_3 27 3 5 0.0125 0.321369 -0.282033 0.0195176 0.568665 -0.197923 0.670892 -0.432839 0.02
12 22 21
3 0.185254 -0.287747 0.171042 0.0125
23 0.203853 -0.277184 0.183819 0.0125
22 0.223544 -0.269677 0.192382 0.0125
21 0.242902 -0.26586 0.198301 0.0125
4 0.362478 -0.281066 0.249987 0.0125
20 0.297948 -0.272979 0.220991 0.0125
11 0.278397 -0.0445451 0.0359972 0.0125
6 0.3085 -0.14409 0.115631 0.0125
10 0.301439 -0.127054 0.100407 0.0125
9 0.29234 -0.0954496 0.0747459 0.0125
2 0.270807 -0.0264333 0.0322075 0.0125
19 0.270835 -0.2472 0.198566 0.0125
8 0.288907 -0.0769633 0.0674179 0.0125
12 0.285001 -0.0630346 0.0398089 0.0125
13 0.291522 -0.0805105 0.0470249 0.0125
14 0.297362 -0.0986187 0.0531873 0.0125
5 0.305088 -0.116297 0.0584569 0.0125
15 0.264023 -0.161996 0.12699 0.0125
16 0.263867 -0.183117 0.1409 0.0125
17 0.272306 -0.212331 0.171558 0.0125
18 0.271928 -0.23081 0.186432 0.0125
1 0.272238 -0.265485 0.210411 0.0125
e_2_8 2 8 1 0.0125 0.279857 -0.0516986 0.0498129 0.292941 -0.00217067 0.475123 -0.829723 0.064193
e_8_9 8 9 2 0.0125 0.290624 -0.0862065 0.0710819 0.288786 0.0975552 0.555802 -0.773414 0.02018
e_9_10 9 10 3 0.0125 0.29689 -0.111252 0.0875758 0.2691 0.0104249 0.438533 -0.857418 0.041715
e_10_6 10 6 4 0.0125 0.30497 -0.135572 0.108019 0.281245 -0.0326853 0.424992 -0.859776 0.023913
e_2_11 2 11 1 0.0125 0.274602 -0.0354893 0.0341019 0.349587 0.0468345 0.634881 -0.687402 0.02
e_11_12 11 12 2 0.0125 0.281699 -0.0537898 0.0379031 0.338067 0.0701606 0.632274 -0.693554 0.02
e_12_13 12 13 3 0.0125 0.288261 -0.0717722 0.0434172 0.324496 0.0266517 0.564701 -0.758356 0.02
e_13_14 13 14 4 0.0125 0.294441 -0.0895644 0.0501062 0.321348 0.0567489 0.58543 -0.74215 0.02
e_14_5 14 5 5 0.0125 0.301225 -0.107458 0.0558213 0.346163 0.0234284 0.606392 -0.71548 0.02
e_2_15 2 15 1 0.0125 0.267415 -0.0942149 0.0795989 0.21569 0.134726 0.44225 -0.860083 0.165551
e_15_16 15 16 2 0.0125 0.263945 -0.172557 0.133945 0.227249 0.125842 0.457326 -0.850514 0.02529
e_16_17 16 17 3 0.0125 0.268086 -0.197724 0.156229 0.246481 -0.00434174 0.380781 -0.891198 0.043181
e_17_18 17 18 4 0.0125 0.272118 -0.221571 0.178995 0.213812 0.110934 0.417386 -0.876223 0.023724
e_18_19 18 19 5 0.0125 0.271382 -0.239005 0.192499 0.209499 0.134647 0.429892 -0.867855 0.020422
e_19_1 19 1 6 0.0125 0.271536 -0.256342 0.204489 0.245116 0.0979401 0.468094 -0.843335 0.021831
e_1_20 1 20 1 0.0125 0.285092 -0.269232 0.2157 0.423708 -0.38301 0.411821 -0.710055 0.028793
e_20_4 20 4 2 0.0125 0.330213 -0.277023 0.235488 0.401192 -0.442021 0.317822 -0.736649 0.071207
e_1_21 1 21 1 0.0125 0.25757 -0.265672 0.204356 -0.178195 0.78383 0.276356 -0.526768 0.031739
e_21_22 21 22 2 0.0125 0.233223 -0.267768 0.195342 -0.129319 0.734813 0.322078 -0.582745 0.020599
e_22_23 22 23 3 0.0125 0.213699 -0.273431 0.1881 -0.0814006 0.723807 0.405397 -0.552386 0.022747
e_23_3 23 3 4 0.0125 0.194554 -0.282466 0.17743 -0.0387807 0.72018 0.487582 -0.492037 0.024914
13 23 22
3 0.292931 -0.366385 0.304797 0.0125
24 0.301403 -0.349248 0.298921 0.0125
23 0.309865 -0.332116 0.293013 0.0125
22 0.318847 -0.315611 0.286162 0.0125
21 0.325303 -0.296982 0.282808 0.0125
4 0.269299 -0.292186 0.358203 0.0125
20 0.299105 -0.287665 0.326241 0.0125
12 0.255131 -0.204887 0.0133024 0.0125
11 0.271876 -0.191791 0.0192035 0.0125
10 0.287458 -0.178995 0.0234493 0.0125
9 0.302396 -0.160948 0.0236731 0.0125
2 0.332877 -0.109388 0.0406763 0.0125
19 0.324187 -0.263282 0.262134 0.0125
8 0.313423 -0.134913 0.0287323 0.0125
6 0.240404 -0.219768 0.0130362 0.0125
13 0.365526 -0.0790453 0.0752521 0.0125
5 0.387053 -0.0456161 0.0931152 0.0125
14 0.316863 -0.172855 0.099354 0.0125
15 0.311317 -0.207228 0.156005 0.0125
16 0.315104 -0.229489 0.200521 0.0125
17 0.317522 -0.237868 0.22078 0.0125
18 0.32134 -0.250189 0.241143 0.0125
1 0.330634 -0.277796 0.280945 0.0125
e_2_8 2 8 1 0.0125 0.32315 -0.122151 0.0347046 0.167644 0.667713 0.478071 -0.545438 0.034244
e_8_9 8 9 2 0.0125 0.307909 -0.14793 0.0262026 0.291831 0.587445 0.492929 -0.571633 0.028723
e_9_10 9 10 3 0.0125 0.294928 -0.169971 0.023561 0.276331 0.631544 0.325465 -0.647198 0.023428
e_10_11 10 11 4 0.0125 0.279668 -0.185393 0.0213267 0.155426 0.70315 0.329556 -0.610586 0.020606
e_11_12 11 12 5 0.0125 0.263503 -0.198339 0.0162529 0.126108 0.715501 0.348994 -0.591911 0.022062
e_12_6 12 6 6 0.0125 0.247767 -0.212327 0.0131697 0.253901 0.649505 0.290691 -0.655116 0.020938
e_2_13 2 13 1 0.0125 0.349201 -0.0942168 0.0579643 0.851874 -0.386078 0.2109 -0.284212 0.05641
e_13_5 13 5 2 0.0125 0.37629 -0.0623301 0.0841833 0.823153 -0.505682 0.198446 -0.165299 0.04359
e_2_14 2 14 1 0.0125 0.32487 -0.141122 0.0700147 0.602811 0.335927 0.231092 -0.685834 0.087907
e_14_15 14 15 2 0.0125 0.31409 -0.190041 0.127679 0.684322 0.221475 0.158014 -0.676523 0.066495
e_15_16 15 16 3 0.0125 0.313211 -0.218358 0.178262 0.729973 0.146306 0.180777 -0.642693 0.049916
e_16_17 16 17 4 0.0125 0.316313 -0.233678 0.210651 0.748067 0.112024 0.167936 -0.632174 0.022056
e_17_18 17 18 5 0.0125 0.319431 -0.244028 0.230962 0.728318 0.148032 0.235998 -0.626054 0.024106
e_18_19 18 19 6 0.0125 0.322763 -0.256736 0.251638 0.718781 0.165603 0.22611 -0.636242 0.024902
e_19_1 19 1 7 0.0125 0.327411 -0.270539 0.271539 0.721203 0.151702 0.308088 -0.60161 0.024619
e_1_20 1 20 1 0.0125 0.314869 -0.28273 0.303594 0.593077 0.288904 -0.11212 -0.743117 0.056064
e_20_4 20 4 2 0.0125 0.284203 -0.289925 0.342222 0.543245 0.328479 -0.168427 -0.754068 0.043936
e_1_21 1 21 1 0.0125 0.327968 -0.287389 0.281877 0.409685 0.509588 0.440193 -0.615393 0.02
e_21_22 21 22 2 0.0125 0.322075 -0.306297 0.284485 0.419487 0.511194 0.393491 -0.638652 0.02
e_22_23 22 23 3 0.0125 0.314356 -0.323864 0.289587 0.444597 0.50347 0.274282 -0.688201 0.02
e_23_24 23 24 4 0.0125 0.305634 -0.340682 0.295967 0.435752 0.509146 0.305088 -0.676618 0.02
e_24_3 24 3 5 0.0125 0.297167 -0.357816 0.301859 0.435136 0.509662 0.305504 -0.676438 0.02
14 27 26
3 -0.0691238 0.367402 0.314311 0.0125
28 -0.101447 0.337462 0.275271 0.0125
4 -0.156491 0.228303 0.275786 0.0125
27 -0.154522 0.248199 0.275285 0.0125
26 -0.151634 0.266641 0.268104 0.0125
25 -0.146643 0.282899 0.25758 0.0125
24 -0.137659 0.299905 0.252096 0.0125
1 -0.123697 0.314042 0.249809 0.0125
23 -0.130294 0.306068 0.232695 0.0125
22 -0.133338 0.293396 0.217523 0.0125
21 -0.136301 0.286254 0.199078 0.0125
12 -0.081208 0.031265 0.0809443 0.0125
11 -0.101255 0.0419013 0.0749953 0.0125
10 -0.120156 0.0562933 0.0697771 0.0125
9 -0.13409 0.0717512 0.0609156 0.0125
2 -0.158206 0.117226 0.0342304 0.0125
19 -0.137422 0.263424 0.166546 0.0125
8 -0.142127 0.0874323 0.0514119 0.0125
6 -0.0665963 0.0186168 0.0906172 0.0125
13 -0.154155 0.100278 0.0498895 0.0125
14 -0.145167 0.0712794 0.0624473 0.0125
5 -0.136556 0.031345 0.0780163 0.0125
15 -0.15155 0.142878 0.0578965 0.0125
16 -0.144008 0.221782 0.120805 0.0125
17 -0.14576 0.239261 0.136035 0.0125
18 -0.141667 0.252993 0.149991 0.0125
20 -0.138704 0.275841 0.182173 0.0125
e_2_8 2 8 1 0.0125 -0.150166 0.102329 0.0428205 0.805831 0.354487 0.384791 -0.277328 0.037966
e_8_9 8 9 2 0.0125 -0.138108 0.0795918 0.0561639 0.817008 0.362009 0.362759 -0.264299 0.02002
e_9_10 9 10 3 0.0125 -0.127124 0.0640216 0.0653464 0.746403 0.201627 0.513292 -0.372505 0.022619
e_10_11 10 11 4 0.0125 -0.110705 0.0490966 0.0723865 0.631333 0.015276 0.626494 -0.456826 0.024323
e_11_12 11 12 5 0.0125 -0.0912311 0.0365829 0.0779691 0.642804 -0.0825423 0.605315 -0.46215 0.02346
e_12_6 12 6 6 0.0125 -0.0739021 0.0249405 0.0857805 0.758795 0.127089 0.50996 -0.384733 0.021611
e_2_13 2 13 1 0.0125 -0.156181 0.108751 0.0420604 0.900854 0.374999 0.158645 -0.150566 0.023428
e_13_14 13 14 2 0.0125 -0.149661 0.0857787 0.0561691 0.807501 0.476541 0.286015 -0.197601 0.032854
e_14_5 14 5 3 0.0125 -0.140862 0.0513127 0.070232 0.809835 0.523826 0.218045 -0.149096 0.043718
e_2_15 2 15 1 0.0125 -0.154878 0.130053 0.0460636 0.891476 -0.408325 0.0154311 -0.19571 0.035531
e_15_16 15 16 2 0.0125 -0.147779 0.182331 0.0893504 0.884989 -0.433159 -0.0392435 -0.166217 0.101193
e_16_17 16 17 3 0.0125 -0.144884 0.230521 0.12842 0.900725 -0.403332 -0.0989053 -0.127419 0.02325
e_17_18 17 18 4 0.0125 -0.143713 0.246127 0.143014 0.899264 -0.387821 0.0273516 -0.200429 0.020002
e_18_19 18 19 5 0.0125 -0.139544 0.258208 0.158268 0.934032 -0.289869 0.0506768 -0.202463 0.020022
e_19_20 19 20 6 0.0125 -0.138062 0.269632 0.174359 0.934761 -0.321081 -0.0789462 -0.129988 0.020001
e_20_21 20 21 7 0.0125 -0.137502 0.281047 0.190626 0.943893 -0.277923 0.0112153 -0.178044 0.02
e_21_22 21 22 8 0.0125 -0.134819 0.289825 0.208302 0.96303 -0.193042 0.0401091 -0.183572 0.02
e_22_23 22 23 9 0.0125 -0.131816 0.299731 0.22511 0.918857 -0.347242 0.0121485 -0.187021 0.02
e_23_1 23 1 10 0.0125 -0.126995 0.310054 0.241252 0.934482 -0.242307 0.115906 -0.233657 0.02
e_1_24 1 24 1 0.0125 -0.130677 0.306974 0.250952 0.671568 0.221872 -0.627388 0.325813 0.02
e_24_25 24 25 2 0.0125 -0.142151 0.291402 0.254838 0.766068 0.43218 -0.41966 0.224156 0.02
e_25_26 25 26 3 0.0125 -0.149139 0.27477 0.262842 0.870793 0.452442 -0.179404 0.0694981 0.02
e_26_27 26 27 4 0.0125 -0.153078 0.25742 0.271695 0.821926 0.550975 -0.130017 0.0629278 0.02
e_27_4 27 4 5 0.0125 -0.155507 0.238251 0.275536 0.700979 0.666321 -0.20851 0.145494 0.02
e_1_28 1 28 1 0.0125 -0.112572 0.325752 0.26254 0.852016 -0.396239 0.182992 -0.289098 0.041133
e_28_3 28 3 2 0.0125 -0.0852851 0.352432 0.294792 0.863799 -0.360651 0.195786 -0.292319 0.058867
15 24 23
3 0.0953366 -0.00950443 0.170362 0.0125
25 0.0949638 0.00270138 0.189569 0.0125
24 0.0932907 0.0180583 0.213866 0.0125
23 0.093368 0.029897 0.230223 0.0125
4 0.178984 0.0891594 0.247782 0.0125
22 0.15954 0.0866028 0.251707 0.0125
21 0.140271 0.0812499 0.25196 0.0125
20 0.123419 0.0706313 0.25016 0.0125
6 0.00560801 0.199758 0.197615 0.0125
11 -0.00953819 0.211161 0.190225 0.0125
10 -0.0262294 0.222567 0.189535 0.0125
9 -0.0437678 0.230857 0.183597 0.0125
2 -0.123337 0.220437 0.146816 0.0125
19 0.107598 0.0584317 0.251077 0.0125
8 -0.0633359 0.233384 0.176338 0.0125
12 -0.106716 0.210235 0.136617 0.0125
5 -0.0552044 0.17871 0.0872665 0.0125
13 -0.000180348 0.107539 0.195403 0.0125
14 0.0144912 0.094187 0.209139 0.0125
15 0.0290978 0.083987 0.22013 0.0125
16 0.0446348 0.0755859 0.231118 0.0125
17 0.0598122 0.0664085 0.240574 0.0125
18 0.0755546 0.0562343 0.24757 0.0125
1 0.0919305 0.0461937 0.253261 0.0125
e_2_8 2 8 1 0.0125 -0.0933366 0.226911 0.161577 0.782243 -0.302689 0.437792 -0.323751 0.068112
e_8_9 8 9 2 0.0125 -0.0535517 0.23212 0.179968 0.728604 -0.195416 0.537739 -0.376545 0.021024
e_9_10 9 10 3 0.0125 -0.0349991 0.226713 0.186566 0.68344 -0.0671174 0.590886 -0.423389 0.020287
e_10_11 10 11 4 0.0125 -0.0178836 0.216863 0.189881 0.574295 -0.0321052 0.694203 -0.432709 0.020229
e_11_6 11 6 5 0.0125 -0.0019646 0.205459 0.193921 0.690665 0.0369381 0.563058 -0.452309 0.020348
e_2_12 2 12 1 0.0125 -0.115027 0.215336 0.141717 0.373569 -0.182239 0.835758 -0.35881 0.022007
e_12_5 12 5 2 0.0125 -0.0809603 0.194472 0.111942 0.28903 -0.250843 0.868021 -0.316352 0.077993
e_2_13 2 13 1 0.0125 -0.0617584 0.163988 0.171109 0.652114 0.0745835 0.595664 -0.463001 0.173995
e_13_14 13 14 2 0.0125 0.00715528 0.100863 0.202271 0.758573 0.0902589 0.455202 -0.457396 0.024129
e_14_15 14 15 3 0.0125 0.0217945 0.0890875 0.214635 0.750552 0.0355874 0.48601 -0.446318 0.020932
e_15_16 15 16 4 0.0125 0.0368668 0.0797869 0.225624 0.759298 -0.0110253 0.485543 -0.43312 0.020802
e_16_17 16 17 5 0.0125 0.0522238 0.0709974 0.235846 0.736093 0.00276558 0.51457 -0.439746 0.0201
e_17_18 17 18 6 0.0125 0.0676832 0.0613216 0.244073 0.691713 0.00226426 0.570209 -0.443159 0.020007
e_18_1 18 1 7 0.0125 0.0837427 0.0512138 0.250416 0.670603 -0.0174099 0.598059 -0.438536 0.020035
e_1_19 1 19 1 0.0125 0.0997636 0.0523122 0.252169 0.643843 -0.596771 0.445494 -0.175688 0.02
e_19_20 19 20 2 0.0125 0.115508 0.064532 0.250618 0.665394 -0.57898 0.433269 -0.185231 0.02
e_20_21 20 21 3 0.0125 0.131845 0.0759406 0.25106 0.704031 -0.514643 0.436052 -0.222129 0.02
e_21_22 21 22 4 0.0125 0.149906 0.0839262 0.251834 0.648311 -0.440046 0.559161 -0.270908 0.02
e_22_4 22 4 5 0.0125 0.169262 0.0878808 0.249745 0.56988 -0.426519 0.645157 -0.277653 0.02
e_1_23 1 23 1 0.0125 0.0926492 0.0380453 0.241742 0.002513 -0.0758687 0.949692 -0.303848 0.028256
e_23_24 23 24 2 0.0125 0.0933293 0.0239777 0.222044 -0.0167792 -0.0455933 0.950245 -0.307691 0.020192
e_24_25 24 25 3 0.0125 0.0941275 0.0103795 0.201717 -0.00930755 -0.135745 0.950534 -0.279236 0.028792
e_25_3 25 3 4 0.0125 0.0951507 -0.00340104 0.179965 -0.0271946 -0.12263 0.952314 -0.278065 0.02276
