15
1 20 19
3 -0.28956 0.145745 0.0234984 0.0125
21 -0.270609 0.130117 0.0270094 0.0125
20 -0.25293 0.115215 0.0298511 0.0125
19 -0.240481 0.0972843 0.0350069 0.0125
11 0.0879412 0.000670895 0.0163745 0.0125
6 0.0510591 -0.132575 0.0293327 0.0125
10 0.0493904 -0.0793446 0.0165874 0.0125
9 0.0551239 -0.0570025 0.0129683 0.0125
2 0.0597026 0.0146029 0.011558 0.0125
8 0.0588221 -0.0289269 0.0132559 0.0125
12 0.106508 -0.0103576 0.0249013 0.0125
5 0.136359 -0.0390791 0.0422945 0.0125
13 -0.0384111 0.0577263 0.031785 0.0125
14 -0.149052 0.0677449 0.0377574 0.0125
15 -0.176625 0.0722588 0.0388154 0.0125
16 -0.202653 0.0748532 0.0418109 0.0125
1 -0.227811 0.0723008 0.0441331 0.0125
18 -0.28524 0.0766434 0.0243833 0.0125
17 -0.253059 0.0743709 0.0355607 0.0125
4 -0.322171 0.0796097 0.0118471 0.0125
e_2_8 2 8 1 0.0125 0.0592619 -0.00716205 0.0124075 0.443198 0.415103 -0.555156 0.568389 0.043572
e_8_9 8 9 2 0.0125 0.0569729 -0.042965 0.0131125 0.422789 0.349275 -0.618941 0.562289 0.02832
e_9_10 9 10 3 0.0125 0.0522575 -0.0681733 0.0147781 0.533922 0.327375 -0.561537 0.540767 0.023348
e_10_6 10 6 4 0.0125 0.0502254 -0.10596 0.0229606 0.567379 0.460811 -0.41386 0.542637 0.054761
e_2_11 2 11 1 0.0125 0.0738215 0.00763716 0.0139664 0.757965 0.262488 0.596235 -0.0330691 0.031855
e_11_12 11 12 2 0.0125 0.097225 -0.00484363 0.0206377 0.821803 0.338687 0.449073 0.0909047 0.023218
e_12_5 12 5 3 0.0125 0.121434 -0.0247189 0.0335974 0.791562 0.48878 0.259864 0.258832 0.044927
e_2_13 2 13 1 0.0125 0.0106465 0.0361646 0.0216716 0.749124 -0.384635 -0.509239 0.177606 0.109064
e_13_14 13 14 2 0.0125 -0.0937318 0.0627352 0.0347716 0.677193 -0.304446 -0.616826 0.261242 0.111255
e_14_15 14 15 3 0.0125 -0.162839 0.0700013 0.0382865 0.678836 -0.334638 -0.607526 0.241062 0.02796
e_15_16 15 16 4 0.0125 -0.189639 0.0735561 0.0403126 0.699118 -0.293523 -0.597468 0.260978 0.026327
e_16_1 16 1 5 0.0125 -0.215232 0.0735764 0.0429716 0.669281 -0.222206 -0.63631 0.312725 0.025394
e_1_17 1 17 1 0.0125 -0.240435 0.0733358 0.0398469 0.531855 -0.391937 -0.711795 0.238462 0.026744
e_17_18 17 18 2 0.0125 -0.269149 0.0755074 0.0299723 0.527567 -0.389624 -0.715463 0.240786 0.034142
e_18_4 18 4 3 0.0125 -0.303706 0.0781262 0.0181156 0.531669 -0.391318 -0.712121 0.238918 0.039114
e_1_19 1 19 1 0.0125 -0.234145 0.0847922 0.0395705 0.585327 -0.687922 -0.426201 -0.0500837 0.029462
e_19_20 19 20 2 0.0125 -0.246705 0.10625 0.0324285 0.620517 -0.640016 -0.453106 -0.00568644 0.022429
e_20_21 20 21 3 0.0125 -0.261769 0.122667 0.0284302 0.657922 -0.547096 -0.511545 0.0783907 0.023297
e_21_3 21 3 4 0.0125 -0.280085 0.137932 0.0252537 0.650231 -0.548494 -0.519518 0.0803472 0.024812
2 27 26
3 -0.249916 -0.120203 0.0526095 0.0125
28 -0.269703 -0.123085 0.0530757 0.0125
27 -0.289399 -0.125497 0.0555711 0.0125
26 -0.308567 -0.129636 0.0595023 0.0125
25 -0.32562 -0.139006 0.0641287 0.0125
4 -0.304532 -0.0850987 0.0114507 0.0125
24 -0.304845 -0.0965659 0.027834 0.0125
23 -0.308656 -0.109291 0.042785 0.0125
22 -0.318022 -0.123122 0.0537857 0.0125
21 -0.329178 -0.138574 0.0598488 0.0125
1 -0.338794 -0.152842 0.0700445 0.0125
11 -0.193776 0.0346674 0.0325058 0.0125
10 -0.175824 0.0428072 0.0291174 0.0125
6 -0.0968801 -0.0865633 0.0124735 0.0125
9 -0.159359 0.0507911 0.0210449 0.0125
2 -0.142069 0.0557322 0.0122903 0.0125
19 -0.303828 -0.131025 0.0715186 0.0125
8 -0.115751 -0.0484957 0.0132974 0.0125
12 -0.211925 0.031588 0.040325 0.0125
5 -0.229302 0.0309711 0.0502085 0.0125
13 -0.186498 -0.00380475 0.0416866 0.0125
14 -0.221685 -0.0507928 0.0647522 0.0125
15 -0.241167 -0.0707564 0.0662205 0.0125
16 -0.25527 -0.08724 0.0659856 0.0125
17 -0.271554 -0.103112 0.0676946 0.0125
18 -0.28697 -0.119009 0.0709679 0.0125
20 -0.321346 -0.143018 0.0729464 0.0125
e_2_8 2 8 1 0.0125 -0.12891 0.00361823 0.0127939 0.647002 0.692619 -0.124874 0.293382 0.107504
e_8_6 8 6 2 0.0125 -0.106315 -0.0675296 0.0128858 0.609653 0.712886 -0.0385548 0.344427 0.042496
e_2_9 2 9 1 0.0125 -0.150715 0.0532619 0.016668 0.842119 0.20393 -0.489433 -0.0985019 0.02
e_9_10 9 10 2 0.0125 -0.167592 0.0467988 0.0250813 0.835592 0.272785 -0.473063 -0.0598742 0.02
e_10_11 10 11 3 0.0125 -0.1848 0.0387369 0.0308118 0.760124 0.328488 -0.554401 -0.0833483 0.02
e_11_12 11 12 4 0.0125 -0.20285 0.0331279 0.0364161 0.823768 0.175934 -0.523051 -0.129886 0.02
e_12_5 12 5 5 0.0125 -0.220613 0.0312796 0.0452667 0.852128 0.101753 -0.492514 -0.144754 0.02
e_2_13 2 13 1 0.0125 -0.164284 0.0259637 0.0269885 0.824768 0.42446 -0.368587 0.0611185 0.079891
e_13_14 13 14 2 0.0125 -0.204091 -0.0272989 0.0532198 0.824122 0.424797 -0.369723 0.0606263 0.063072
e_14_15 14 15 3 0.0125 -0.231426 -0.0607742 0.0654862 0.725286 0.482318 -0.491014 0.015334 0.027933
e_15_16 15 16 4 0.0125 -0.248218 -0.0789986 0.0661031 0.702535 0.518544 -0.48634 0.032099 0.021694
e_16_17 16 17 5 0.0125 -0.263412 -0.0951763 0.0668406 0.733076 0.46869 -0.492798 0.00895289 0.022805
e_17_18 17 18 6 0.0125 -0.279262 -0.111061 0.0693316 0.75679 0.457296 -0.466664 0.0193453 0.022384
e_18_19 18 19 7 0.0125 -0.295398 -0.125017 0.0712434 0.715523 0.433206 -0.546845 -0.0363352 0.020709
e_19_20 19 20 8 0.0125 -0.312587 -0.137021 0.072232 0.729353 0.416143 -0.541538 -0.0400796 0.021278
e_20_1 20 1 9 0.0125 -0.33007 -0.147929 0.0714954 0.650407 0.441664 -0.613719 -0.072476 0.020233
e_1_21 1 21 1 0.0125 -0.333986 -0.145708 0.0649471 -0.474073 0.550031 -0.672584 -0.142657 0.02
e_21_22 21 22 2 0.0125 -0.3236 -0.130848 0.0568169 0.590042 -0.640731 0.49095 0.0167977 0.02
e_22_23 22 23 3 0.0125 -0.313339 -0.116206 0.048285 -0.461116 0.593015 -0.65066 -0.11112 0.02
e_23_24 23 24 4 0.0125 -0.306751 -0.102929 0.0353095 -0.250955 0.44263 -0.823317 -0.251496 0.02
e_24_4 24 4 5 0.0125 -0.304688 -0.0908326 0.019642 -0.142031 0.427334 -0.852619 -0.265054 0.02
e_1_25 1 25 1 0.0125 -0.332207 -0.145923 0.0670866 0.292152 0.196087 0.780672 0.516477 0.02
e_25_26 25 26 2 0.0125 -0.317094 -0.134321 0.0618149 0.273947 0.449933 0.642824 0.556138 0.02
e_26_27 26 27 3 0.0125 -0.298983 -0.127567 0.0575364 0.315487 0.574484 0.517928 0.549715 0.02
e_27_28 27 28 4 0.0125 -0.27955 -0.124291 0.0543232 0.383044 0.554097 0.50532 0.539356 0.02
e_28_3 28 3 5 0.0125 -0.259809 -0.121644 0.0528433 0.460446 0.464521 0.543939 0.525681 0.02
3 18 17
3 -0.0518732 0.28511 0.0849225 0.0125
19 -0.0368041 0.27242 0.0642029 0.0125
11 0.314305 0.175567 0.0261154 0.0125
10 0.303142 0.191306 0.0208585 0.0125
6 0.225733 0.287407 0.119865 0.0125
9 0.238056 0.267691 0.0885426 0.0125
2 0.289375 0.204528 0.0148875 0.0125
8 0.248093 0.249166 0.0609717 0.0125
12 0.328713 0.161818 0.027952 0.0125
13 0.3443 0.150226 0.0327154 0.0125
5 0.360384 0.1388 0.0359939 0.0125
14 0.212818 0.219835 0.0173454 0.0125
15 0.12872 0.215529 0.0114964 0.0125
16 0.0395689 0.221893 0.0115374 0.0125
17 0.0164736 0.230437 0.0138533 0.0125
1 -0.0067081 0.233135 0.0127221 0.0125
18 -0.0113371 0.238986 0.0371403 0.0125
4 -0.0297311 0.255946 0.107279 0.0125
e_2_8 2 8 1 0.0125 0.268734 0.226846 0.0379299 0.457879 -0.426646 0.126277 0.769658 0.076292
e_8_9 8 9 2 0.0125 0.243075 0.258428 0.0747574 0.909186 -0.227637 -0.225628 -0.265808 0.0347
e_9_6 9 6 3 0.0125 0.231894 0.277549 0.104204 0.914201 -0.211369 -0.232042 -0.256351 0.039008
e_2_10 2 10 1 0.0125 0.296259 0.197918 0.017873 -0.319163 -0.55468 0.207498 -0.739871 0.02
e_10_11 10 11 2 0.0125 0.308724 0.183436 0.0234873 -0.409482 -0.556164 0.243416 -0.680995 0.02
e_11_12 11 12 3 0.0125 0.321509 0.168691 0.0270336 -0.290587 -0.631199 0.235972 -0.679312 0.02
e_12_13 12 13 4 0.0125 0.336507 0.156022 0.0303335 -0.245195 -0.585367 0.195619 -0.747635 0.02
e_13_5 13 5 5 0.0125 0.352342 0.144513 0.0343542 -0.224564 -0.613957 0.202688 -0.729072 0.02
e_2_14 2 14 1 0.0125 0.251096 0.212182 0.0161165 -0.280426 -0.574936 0.392066 0.661131 0.078112
e_14_15 14 15 2 0.0125 0.170769 0.217683 0.0144213 -0.425419 -0.594161 0.426166 0.533267 0.08441
e_15_16 15 16 3 0.0125 0.0841444 0.218711 0.0115165 -0.369496 -0.574976 0.411311 0.603074 0.089378
e_16_17 16 17 4 0.0125 0.0280209 0.226165 0.012695 -0.15371 -0.569018 0.359715 0.723323 0.024734
e_17_1 17 1 5 0.0125 0.00488244 0.231787 0.0132874 -0.318407 -0.599327 0.406214 0.611894 0.023366
e_1_18 1 18 1 0.0125 -0.00902292 0.23606 0.0249312 -0.29792 0.122285 -0.0828625 -0.943093 0.025532
e_18_4 18 4 2 0.0125 -0.0205341 0.247466 0.0722098 -0.438337 0.163662 -0.0477423 -0.882494 0.074468
e_1_19 1 19 1 0.0125 -0.0217563 0.252777 0.0384632 0.768376 -0.372894 -0.0220473 0.519675 0.071409
e_19_3 19 3 2 0.0125 -0.044339 0.278765 0.0745627 0.0641827 -0.299623 0.218801 0.926408 0.028591
4 24 23
3 -0.32206 -0.0596885 0.0611332 0.0125
25 -0.320709 -0.0508419 0.0790188 0.0125
24 -0.320345 -0.0423543 0.0971246 0.0125
23 -0.321688 -0.0345671 0.115498 0.0125
22 -0.325066 -0.0218442 0.130554 0.0125
4 -0.384352 0.064312 0.186778 0.0125
21 -0.371065 0.042812 0.169519 0.0125
20 -0.353509 0.0209862 0.153863 0.0125
6 -0.159649 -0.0643761 0.0149184 0.0125
11 -0.157305 -0.0844373 0.0151676 0.0125
10 -0.150635 -0.102789 0.0200968 0.0125
9 -0.146171 -0.123211 0.0228771 0.0125
2 -0.152117 -0.210464 0.0207932 0.0125
19 -0.303307 -0.0303872 0.123728 0.0125
8 -0.141679 -0.150283 0.0232594 0.0125
12 -0.154253 -0.190588 0.0201794 0.0125
13 -0.157593 -0.171218 0.0238752 0.0125
14 -0.163955 -0.154144 0.0321202 0.0125
15 -0.173182 -0.137637 0.0386304 0.0125
5 -0.179867 -0.120266 0.0459488 0.0125
16 -0.235186 -0.0892174 0.0845918 0.0125
17 -0.258492 -0.065921 0.10147 0.0125
18 -0.279408 -0.0478337 0.112163 0.0125
1 -0.332101 -0.00732322 0.142371 0.0125
e_2_8 2 8 1 0.0125 -0.146898 -0.180374 0.0220263 -0.415586 0.490025 0.489595 0.589457 0.061129
e_8_9 8 9 2 0.0125 -0.143925 -0.136748 0.0230682 -0.599928 0.660697 -0.265402 -0.364868 0.027445
e_9_10 9 10 3 0.0125 -0.148403 -0.113 0.0214872 -0.415448 0.588107 -0.469104 -0.511346 0.02109
e_10_11 10 11 4 0.0125 -0.153971 -0.0936124 0.0176318 -0.186917 0.482247 -0.624352 -0.585393 0.020138
e_11_6 11 6 5 0.0125 -0.158477 -0.0744072 0.0150425 -0.701491 0.710304 0.0404542 -0.0417384 0.020199
e_2_12 2 12 1 0.0125 -0.153185 -0.200526 0.0204859 -0.694184 0.71752 0.0226386 -0.0525484 0.02
e_12_13 12 13 2 0.0125 -0.155923 -0.180903 0.0220273 0.570408 -0.539104 0.342027 0.516738 0.02
e_13_14 13 14 3 0.0125 -0.160774 -0.162681 0.0279972 0.800622 -0.541453 -0.0260592 0.255253 0.02
e_14_15 14 15 4 0.0125 -0.168569 -0.14589 0.035376 0.812607 -0.488868 -0.31346 -0.0492045 0.02
e_15_5 15 5 5 0.0125 -0.176525 -0.128952 0.0422893 0.806389 -0.557016 -0.0823885 0.180783 0.02
e_2_16 2 16 1 0.0125 -0.193651 -0.149841 0.0526929 0.836115 -0.451855 -0.311023 -0.00181831 0.160224
e_16_17 16 17 2 0.0125 -0.246839 -0.0775691 0.0930312 0.853191 -0.367734 -0.369908 -0.00234565 0.037024
e_17_18 17 18 3 0.0125 -0.268949 -0.0568773 0.106817 0.816136 -0.304006 -0.476704 -0.119397 0.029648
e_18_19 18 19 4 0.0125 -0.291358 -0.0391105 0.117945 0.817448 -0.264357 -0.498104 -0.117418 0.031769
e_19_1 19 1 5 0.0125 -0.317705 -0.0188553 0.133049 0.851324 -0.314126 -0.419301 -0.0275672 0.041336
e_1_20 1 20 1 0.0125 -0.342806 0.0068319 0.148117 0.794987 -0.39612 -0.434827 -0.148357 0.037306
e_20_21 20 21 2 0.0125 -0.362288 0.031899 0.161691 0.859347 -0.420041 -0.282158 0.0739894 0.032089
e_21_4 21 4 3 0.0125 -0.377709 0.0535624 0.178149 0.853185 -0.447781 -0.132429 0.232443 0.030604
e_1_22 1 22 1 0.0125 -0.328584 -0.0145838 0.136462 0.290623 0.813686 -0.365149 0.346583 0.02
e_22_23 22 23 2 0.0125 -0.323377 -0.0282057 0.123026 0.257817 0.826937 -0.438862 0.238968 0.02
e_23_24 23 24 3 0.0125 -0.321016 -0.0384607 0.106311 0.156701 0.854692 -0.478351 0.126993 0.02
e_24_25 24 25 4 0.0125 -0.320527 -0.046598 0.0880715 0.190571 0.833755 -0.507446 0.105038 0.02
e_25_3 25 3 5 0.0125 -0.321384 -0.0552657 0.0700759 0.210252 0.820589 -0.523248 0.0929449 0.02
5 23 22
3 0.209804 -0.326632 0.23807 0.0125
24 0.197472 -0.314743 0.227338 0.0125
23 0.182265 -0.295991 0.210911 0.0125
4 0.194488 -0.163971 0.159878 0.0125
22 0.191167 -0.181918 0.168054 0.0125
21 0.186407 -0.197784 0.179263 0.0125
20 0.182714 -0.216745 0.184443 0.0125
11 0.0652204 0.0219388 0.181557 0.0125
10 0.072031 0.0186379 0.163045 0.0125
6 0.0359674 0.110473 0.0114803 0.0125
9 0.0741198 0.0185801 0.143154 0.0125
2 0.0707744 0.0173808 0.123473 0.0125
19 0.175768 -0.235463 0.185615 0.0125
8 0.0491823 0.0673329 0.0569772 0.0125
12 0.0533404 0.0214834 0.19764 0.0125
5 0.0461679 0.02096 0.216303 0.0125
13 0.0793281 -0.0146706 0.123329 0.0125
14 0.0974338 -0.0722347 0.132733 0.0125
15 0.111205 -0.118716 0.141748 0.0125
16 0.12383 -0.165838 0.164024 0.0125
17 0.148681 -0.200366 0.180908 0.0125
18 0.158973 -0.227528 0.186296 0.0125
1 0.167592 -0.253618 0.187501 0.0125
e_2_8 2 8 1 0.0125 0.0599785 0.0423577 0.090225 -0.123128 0.664275 -0.66759 -0.312892 0.085925
e_8_6 8 6 2 0.0125 0.0425751 0.0889026 0.034229 -0.245313 0.776762 -0.50167 -0.291188 0.064075
e_2_9 2 9 1 0.0125 0.0724471 0.0179805 0.133313 -0.181722 0.0880496 0.0142923 0.979296 0.02
e_9_10 9 10 2 0.0125 0.0730752 0.0186096 0.1531 -0.100394 -0.0518806 0.00667198 0.993572 0.02
e_10_11 10 11 3 0.0125 0.0686253 0.0202881 0.172301 -0.0605378 -0.168013 0.0946516 0.979361 0.02
e_11_12 11 12 4 0.0125 0.0592804 0.0217114 0.189599 0.068488 -0.311014 -0.0345082 0.947306 0.02
e_12_5 12 5 5 0.0125 0.0497541 0.0212214 0.206972 -0.018219 -0.182596 -0.00992366 0.982969 0.02
e_2_13 2 13 1 0.0125 0.0750511 0.00135577 0.123401 0.0174818 0.19964 -0.679935 0.705356 0.033173
e_13_14 13 14 2 0.0125 0.0883814 -0.0434521 0.128031 -0.00416203 0.191731 -0.621494 0.759584 0.061073
e_14_15 14 15 3 0.0125 0.104319 -0.0954753 0.13724 -0.00154254 0.180363 -0.613233 0.769033 0.049309
e_15_16 15 16 4 0.0125 0.117517 -0.142277 0.152886 -0.0123487 0.13223 -0.52424 0.841151 0.05363
e_16_17 16 17 5 0.0125 0.136255 -0.183102 0.172466 -0.100056 0.270601 -0.492268 0.82124 0.045769
e_17_18 17 18 6 0.0125 0.153827 -0.213947 0.183602 -0.0214746 0.20977 -0.603993 0.768588 0.029542
e_18_1 18 1 7 0.0125 0.163283 -0.240573 0.186899 -0.00145225 0.21557 -0.656972 0.722437 0.027503
e_1_19 1 19 1 0.0125 0.17168 -0.244541 0.186559 -0.526997 0.717065 0.181559 0.418484 0.02
e_19_20 19 20 2 0.0125 0.179241 -0.226104 0.185029 -0.530494 0.687927 0.236806 0.435035 0.02
e_20_21 20 21 3 0.0125 0.18456 -0.207265 0.181853 -0.54512 0.764924 0.210674 0.270835 0.02
e_21_22 21 22 4 0.0125 0.188786 -0.189851 0.173659 -0.464718 0.872136 -0.139961 0.0618626 0.02
e_22_4 22 4 5 0.0125 0.192828 -0.172945 0.163967 -0.524195 0.836239 0.0716274 0.144202 0.02
e_1_23 1 23 1 0.0125 0.174929 -0.274804 0.199205 -0.0336874 0.150168 -0.496039 0.854553 0.050584
e_23_24 23 24 2 0.0125 0.189869 -0.305366 0.219125 -0.120928 0.242116 -0.400139 0.875582 0.029201
e_24_3 24 3 3 0.0125 0.203638 -0.320687 0.232705 -0.148134 0.286687 -0.390316 0.862276 0.020215
6 26 25
3 0.128103 -0.214088 0.0208784 0.0125
27 0.130641 -0.204447 0.0385434 0.0125
26 0.133253 -0.192888 0.0598584 0.0125
4 0.153134 -0.152259 0.0114953 0.0125
25 0.148152 -0.159408 0.0299634 0.0125
24 0.144241 -0.164635 0.0540767 0.0125
23 0.143132 -0.16537 0.0770818 0.0125
1 0.13999 -0.16725 0.108423 0.0125
22 0.142177 -0.149753 0.0986139 0.0125
21 0.141151 -0.131579 0.089524 0.0125
12 0.0294986 0.17387 0.0168965 0.0125
11 0.0279693 0.154332 0.0221337 0.0125
10 0.0226433 0.134126 0.028679 0.0125
9 0.0208965 0.11229 0.0382639 0.0125
2 -0.000687972 0.0630686 0.0605906 0.0125
19 0.138458 -0.0934315 0.0725469 0.0125
8 0.0128547 0.0943917 0.0481255 0.0125
6 0.0320187 0.198781 0.011491 0.0125
13 0.00643597 0.0749855 0.0866591 0.0125
14 0.00977023 0.0776987 0.111746 0.0125
5 0.0145303 0.0850914 0.155891 0.0125
15 0.0774291 0.00777585 0.0631557 0.0125
16 0.110236 -0.0259841 0.0625309 0.0125
17 0.127085 -0.0532552 0.0675643 0.0125
18 0.133241 -0.0731267 0.0685703 0.0125
20 0.141876 -0.112766 0.0811295 0.0125
e_2_8 2 8 1 0.0125 0.00608285 0.0787295 0.0543579 0.559397 -0.804899 0.153919 -0.124586 0.036331
e_8_9 8 9 2 0.0125 0.0168761 0.103341 0.0431944 0.509984 -0.836877 0.155428 -0.124077 0.021961
e_9_10 9 10 3 0.0125 0.0217698 0.123207 0.0334714 0.544112 -0.836571 -0.0240271 -0.0592712 0.023911
e_10_11 10 11 4 0.0125 0.0253069 0.144229 0.0254057 0.584127 -0.802346 0.0754668 -0.0966532 0.021898
e_11_12 11 12 5 0.0125 0.0287345 0.164102 0.0195152 0.60584 -0.792917 -0.0192184 -0.0622139 0.020286
e_12_6 12 6 6 0.0125 0.0307582 0.186326 0.014193 0.62443 -0.778132 -0.00546368 -0.0675884 0.025614
e_2_13 2 13 1 0.0125 0.0028735 0.0690271 0.0736248 0.965155 -0.219524 0.102446 -0.0989426 0.029535
e_13_14 13 14 2 0.0125 0.00810266 0.0763425 0.0992021 0.993379 -0.0584578 0.0613854 -0.0775414 0.025453
e_14_5 14 5 3 0.0125 0.0121508 0.0813947 0.133818 0.99246 -0.0862031 0.0468981 -0.0734356 0.045013
e_2_15 2 15 1 0.0125 0.0383705 0.0354219 0.0618734 0.659382 0.148072 0.681672 -0.280383 0.09574
e_15_16 15 16 2 0.0125 0.0938318 -0.00910446 0.0628435 0.6518 0.288839 0.650546 -0.26176 0.047079
e_16_17 16 17 3 0.0125 0.11866 -0.0396196 0.0650475 0.735441 0.448972 0.469962 -0.191536 0.032449
e_17_18 17 18 4 0.0125 0.130163 -0.0631906 0.0680677 0.713114 0.613795 0.314807 -0.124985 0.020827
e_18_19 18 19 5 0.0125 0.135849 -0.0832787 0.0705589 0.763657 0.591916 0.237609 -0.100028 0.021338
e_19_20 19 20 6 0.0125 0.140167 -0.103098 0.076838 0.83383 0.529137 0.140531 -0.070664 0.021428
e_20_21 20 21 7 0.0125 0.141514 -0.122172 0.0853268 0.838701 0.544287 -0.0122127 -0.0135326 0.020614
e_21_22 21 22 8 0.0125 0.141664 -0.140665 0.0940693 0.849596 0.523145 0.0541179 -0.0397147 0.020346
e_22_1 22 1 9 0.0125 0.141083 -0.158502 0.103519 0.861998 0.502798 -0.0643911 0.00263714 0.020178
e_1_23 1 23 1 0.0125 0.141561 -0.166311 0.0927527 0.0299742 -0.998306 0.00229711 -0.0498045 0.031554
e_23_24 23 24 2 0.0125 0.143686 -0.165002 0.0655789 0.0144184 -0.997643 -0.062248 -0.025013 0.023044
e_24_25 24 25 3 0.0125 0.146196 -0.162021 0.0420197 0.109723 -0.989767 0.0546993 -0.0730144 0.024982
e_25_4 25 4 4 0.0125 0.150643 -0.155834 0.0207286 0.193673 -0.968083 0.122473 -0.101523 0.02042
e_1_26 1 26 1 0.0125 0.136621 -0.180069 0.084141 -0.144767 -0.748384 -0.615473 0.200394 0.055328
e_26_27 26 27 2 0.0125 0.131947 -0.198667 0.0492009 -0.157328 -0.758066 -0.601942 0.195575 0.024388
e_27_3 27 3 3 0.0125 0.129372 -0.209267 0.0297106 -0.140425 -0.722141 -0.643386 0.211772 0.020284
7 21 20
3 0.243029 0.0587066 0.142184 0.0125
22 0.23107 0.0182465 0.113434 0.0125
4 0.208782 -0.0317366 0.181672 0.0125
21 0.221609 -0.0209511 0.123949 0.0125
1 0.219517 -0.0192298 0.0841482 0.0125
6 0.0388109 0.0841464 0.211446 0.0125
11 0.0233486 0.0709742 0.188219 0.0125
10 0.00912768 0.0643716 0.167923 0.0125
9 -0.0204528 0.0621116 0.139238 0.0125
2 -0.0566331 0.0590651 0.101855 0.0125
19 0.168729 -0.0228005 0.0806844 0.0125
8 -0.03462 0.0597987 0.12262 0.0125
12 -0.0677922 0.0885633 0.0371493 0.0125
5 -0.0716831 0.101096 0.0123951 0.0125
13 -0.0328509 0.0350929 0.103932 0.0125
14 0.0173086 0.00530688 0.0934982 0.0125
15 0.0591649 -0.00943556 0.0912246 0.0125
16 0.0835098 -0.0135733 0.0890261 0.0125
17 0.121692 -0.0192335 0.0854091 0.0125
18 0.144459 -0.0228656 0.0832174 0.0125
20 0.193042 -0.0208962 0.0851989 0.0125
e_2_8 2 8 1 0.0125 -0.0456272 0.0594315 0.112238 0.917053 -0.032513 0.394902 -0.0448264 0.03027
e_8_9 8 9 2 0.0125 -0.0275364 0.0609552 0.130929 0.936221 -0.072017 0.341229 -0.0432122 0.02196
e_9_10 9 10 3 0.0125 -0.00566274 0.0632422 0.153581 0.919448 -0.049405 0.387304 -0.0465916 0.041266
e_10_11 10 11 4 0.0125 0.0162382 0.0676724 0.178071 0.945166 -0.150812 0.285603 -0.048442 0.025647
e_11_6 11 6 5 0.0125 0.03108 0.0775605 0.199834 0.934217 -0.24474 0.252426 -0.060182 0.030856
e_2_12 2 12 1 0.0125 -0.0622131 0.0738141 0.0695019 0.218462 -0.804093 -0.550352 -0.0531224 0.071983
e_12_5 12 5 2 0.0125 -0.0697376 0.0948301 0.024772 0.23335 -0.82286 -0.514455 -0.0615233 0.028017
e_2_13 2 13 1 0.0125 -0.0447418 0.0470783 0.102893 0.727547 0.510148 0.457235 0.0368844 0.033832
e_13_14 13 14 2 0.0125 -0.00777135 0.0202005 0.0987152 0.641454 0.367954 0.672779 -0.0227068 0.059262
e_14_15 14 15 3 0.0125 0.0382374 -0.00206444 0.0923611 0.686252 0.181508 0.701886 -0.0588899 0.044435
e_15_16 15 16 4 0.0125 0.0713374 -0.0115044 0.0901254 0.668651 0.0226348 0.73744 -0.0926122 0.024791
e_16_17 16 17 5 0.0125 0.102601 -0.0164033 0.0872181 0.666365 0.00250294 0.739351 -0.0964924 0.038768
e_17_18 17 18 6 0.0125 0.133076 -0.0210501 0.0843134 0.666096 0.0124501 0.739711 -0.094807 0.02316
e_18_19 18 19 7 0.0125 0.156594 -0.0228332 0.0819505 0.658659 -0.134546 0.730616 -0.119443 0.024402
e_19_20 19 20 8 0.0125 0.180885 -0.0218483 0.0829416 0.762124 -0.133208 0.625485 -0.100951 0.024802
e_20_1 20 1 9 0.0125 0.20628 -0.020063 0.0846735 0.6824 -0.169805 0.700683 -0.120579 0.026548
e_1_21 1 21 1 0.0125 0.220563 -0.0200903 0.104049 0.999168 0.0221737 0.0257447 0.0225523 0.039892
e_21_4 21 4 2 0.0125 0.215195 -0.0263438 0.152811 0.988549 0.0845806 -0.112583 0.0542369 0.060108
e_1_22 1 22 1 0.0125 0.225294 -0.000492243 0.098791 0.891095 -0.437446 0.097318 -0.0715526 0.048944
e_22_3 22 3 2 0.0125 0.237049 0.0384762 0.12781 0.880885 -0.457814 0.0940364 -0.0748682 0.051056
8 21 20
3 0.172541 -0.158124 0.237149 0.0125
22 0.158264 -0.163155 0.223441 0.0125
21 0.140964 -0.167059 0.20845 0.0125
20 0.114505 -0.175624 0.187407 0.0125
4 0.123864 -0.274399 0.198121 0.0125
11 -0.117922 -0.14344 0.0898388 0.0125
10 -0.128826 -0.128922 0.081418 0.0125
6 -0.249534 0.024128 0.10169 0.0125
9 -0.140131 -0.10842 0.0741673 0.0125
2 -0.148297 -0.0778338 0.0590646 0.0125
19 0.119393 -0.25416 0.195613 0.0125
8 -0.185285 -0.0420533 0.0714544 0.0125
5 -0.10678 -0.157226 0.0999371 0.0125
12 -0.0234856 -0.100694 0.120614 0.0125
13 0.0215307 -0.125027 0.137662 0.0125
14 0.0486292 -0.139574 0.148483 0.0125
15 0.0649579 -0.150594 0.157185 0.0125
16 0.0827747 -0.165794 0.168091 0.0125
1 0.101956 -0.181649 0.171046 0.0125
18 0.114849 -0.235223 0.190653 0.0125
17 0.104768 -0.198932 0.181011 0.0125
e_2_8 2 8 1 0.0125 -0.166791 -0.059944 0.0652597 0.770855 -0.336705 -0.519228 -0.151043 0.052933
e_8_6 8 6 2 0.0125 -0.21741 -0.00896284 0.0865719 0.802645 -0.363145 -0.460849 -0.107258 0.097067
e_2_9 2 9 1 0.0125 -0.144214 -0.0931274 0.0666158 0.822344 0.533414 0.0133832 0.197587 0.035075
e_9_10 9 10 2 0.0125 -0.134479 -0.118671 0.0777919 0.765977 0.582517 0.112975 0.247366 0.024509
e_10_11 10 11 3 0.0125 -0.123374 -0.136181 0.0856276 0.793909 0.513863 0.159936 0.282973 0.020015
e_11_5 11 5 4 0.0125 -0.112352 -0.150334 0.0948881 0.814095 0.474333 0.165818 0.291139 0.020401
e_2_12 2 12 1 0.0125 -0.0858918 -0.0892635 0.0898393 0.734603 0.343259 0.404915 0.422582 0.141027
e_12_13 12 13 2 0.0125 -0.000977111 -0.11286 0.129138 0.720647 0.48321 0.329341 0.37244 0.053938
e_13_14 13 14 3 0.0125 0.0350798 -0.132301 0.143073 0.725909 0.475829 0.328088 0.37283 0.032604
e_14_15 14 15 4 0.0125 0.056794 -0.145084 0.152834 0.760362 0.467176 0.282345 0.351962 0.021536
e_15_16 15 16 5 0.0125 0.0738667 -0.158193 0.162638 0.776317 0.480838 0.24026 0.329244 0.025834
e_16_1 16 1 6 0.0125 0.0923653 -0.173721 0.169569 0.672078 0.604601 0.274769 0.327522 0.025061
e_1_17 1 17 1 0.0125 0.103362 -0.190291 0.176028 0.845659 0.502109 -0.023973 0.179369 0.020146
e_17_18 17 18 2 0.0125 0.109808 -0.217078 0.185832 0.767132 0.612915 0.0184386 0.188424 0.03888
e_18_19 18 19 3 0.0125 0.117121 -0.244691 0.193132 0.768861 0.613665 0.00373199 0.179595 0.020097
e_19_4 19 4 4 0.0125 0.121628 -0.264279 0.196867 0.729761 0.663251 -0.00410426 0.165924 0.020877
e_1_20 1 20 1 0.0125 0.108231 -0.178637 0.179227 0.844641 0.00116905 0.345234 0.409139 0.021481
e_20_21 20 21 2 0.0125 0.127734 -0.171342 0.197929 0.774187 0.094268 0.435215 0.449818 0.034875
e_21_22 21 22 3 0.0125 0.149615 -0.165107 0.215946 0.795603 0.115935 0.404716 0.435637 0.023222
e_22_3 22 3 4 0.0125 0.165402 -0.16064 0.230296 0.804134 0.063343 0.400451 0.434736 0.020422
9 24 23
3 -0.0624169 0.124252 0.0124025 0.0125
25 -0.0717253 0.136501 0.0296808 0.0125
24 -0.0797702 0.149616 0.0462306 0.0125
23 -0.0886726 0.164007 0.0656792 0.0125
4 -0.077596 0.26272 0.0413512 0.0125
22 -0.0849003 0.225622 0.061401 0.0125
1 -0.0954381 0.177214 0.0899985 0.0125
21 -0.0906449 0.157837 0.0912831 0.0125
11 -0.111144 -0.0837274 0.117982 0.0125
10 -0.0944981 -0.0946847 0.119672 0.0125
6 0.075648 -0.0872015 0.17868 0.0125
9 -0.0784195 -0.105308 0.125024 0.0125
2 -0.0626479 -0.11607 0.130976 0.0125
19 -0.0787218 0.12045 0.0990635 0.0125
8 0.0394239 -0.0939636 0.1736 0.0125
12 -0.127408 -0.0730152 0.113426 0.0125
5 -0.146147 -0.0660295 0.113214 0.0125
13 -0.0774648 -0.00376588 0.11861 0.0125
14 -0.0785632 0.0170501 0.115817 0.0125
15 -0.0802921 0.0408579 0.111972 0.0125
16 -0.0810263 0.0607522 0.108288 0.0125
17 -0.0799238 0.0808628 0.10558 0.0125
18 -0.0790724 0.101006 0.103746 0.0125
20 -0.0845074 0.139321 0.0957027 0.0125
e_2_8 2 8 1 0.0125 -0.011612 -0.105017 0.152287 -0.751204 0.338685 -0.443125 0.353025 0.112802
e_8_6 8 6 2 0.0125 0.0575362 -0.0905829 0.17614 -0.695468 0.360448 -0.549361 0.290866 0.037198
e_2_9 2 9 1 0.0125 -0.0705337 -0.110689 0.128 0.415121 0.156805 -0.790072 -0.422934 0.02
e_9_10 9 10 2 0.0125 -0.0864588 -0.0999953 0.122348 0.43407 0.148024 -0.782222 -0.421665 0.02
e_10_11 10 11 3 0.0125 -0.102821 -0.0892062 0.118828 0.501133 0.11336 -0.727609 -0.454532 0.02
e_11_12 11 12 4 0.0125 -0.119276 -0.0783713 0.115704 0.449201 0.140512 -0.770817 -0.429321 0.02
e_12_5 12 5 5 0.0125 -0.136777 -0.0695223 0.11332 0.644331 0.0395927 -0.709749 -0.282006 0.02
e_2_13 2 13 1 0.0125 -0.0700566 -0.0599175 0.124793 -0.238896 0.355039 -0.654376 -0.623433 0.11395
e_13_14 13 14 2 0.0125 -0.0780138 0.00664261 0.117214 -0.292096 0.368914 -0.655981 -0.590146 0.021031
e_14_15 14 15 3 0.0125 -0.0794276 0.028954 0.113895 -0.268824 0.364953 -0.668081 -0.590094 0.024178
e_15_16 15 16 4 0.0125 -0.0806598 0.0508051 0.11013 -0.287289 0.370411 -0.673618 -0.571401 0.020245
e_16_17 16 17 5 0.0125 -0.0804748 0.0708072 0.106934 -0.367513 0.385423 -0.646603 -0.546157 0.020322
e_17_18 17 18 6 0.0125 -0.0794983 0.0909337 0.104663 -0.375332 0.384741 -0.630274 -0.560228 0.020244
e_18_19 18 19 7 0.0125 -0.0788971 0.110729 0.101405 -0.307039 0.377376 -0.688944 -0.537281 0.020004
e_19_20 19 20 8 0.0125 -0.0816148 0.129886 0.0973828 -0.0854507 0.318806 -0.694486 -0.639336 0.020022
e_20_21 20 21 9 0.0125 -0.0875764 0.148579 0.0934925 -0.0583284 0.314072 -0.715416 -0.621398 0.020001
e_21_1 21 1 10 0.0125 -0.0930415 0.167525 0.0906407 -0.155395 0.33146 -0.649816 -0.666128 0.020002
e_1_22 1 22 1 0.0125 -0.0901694 0.201418 0.0756994 -0.313726 0.387469 -0.774488 -0.389374 0.057204
e_22_4 22 4 2 0.0125 -0.081248 0.244171 0.0513757 -0.317657 0.387664 -0.764172 -0.406019 0.042796
e_1_23 1 23 1 0.0125 -0.0920552 0.17061 0.0778392 -0.0518223 0.266687 -0.925038 0.265512 0.028488
e_23_24 23 24 2 0.0125 -0.0842212 0.156811 0.0559552 -0.0931162 0.263347 -0.898808 0.33782 0.025779
e_24_25 24 25 3 0.0125 -0.0757483 0.143058 0.0379561 -0.0961995 0.260849 -0.893394 0.352918 0.022598
e_25_3 25 3 4 0.0125 -0.0670719 0.130377 0.0210417 -0.123371 0.272338 -0.894017 0.333684 0.023134
10 23 22
3 0.0486953 0.246605 0.0286924 0.0125
24 0.0474089 0.230096 0.0399078 0.0125
23 0.0441456 0.211289 0.0458801 0.0125
22 0.0427882 0.191815 0.0502266 0.0125
21 0.0385687 0.172271 0.0497294 0.0125
4 0.0267636 0.136148 0.144462 0.0125
20 0.0295385 0.138457 0.124507 0.0125
6 0.388443 0.0552222 0.202055 0.0125
11 0.376985 0.061954 0.186913 0.0125
10 0.36734 0.0634446 0.168897 0.0125
9 0.356097 0.0585672 0.152886 0.0125
2 0.315448 0.0720759 0.0756513 0.0125
19 0.0289946 0.140342 0.104293 0.0125
8 0.348447 0.0567324 0.134352 0.0125
12 0.358775 0.114959 0.0259473 0.0125
5 0.374495 0.121537 0.0130951 0.0125
13 0.224011 0.112415 0.0789345 0.0125
14 0.165355 0.126328 0.0724445 0.0125
15 0.118531 0.137448 0.0658711 0.0125
16 0.0784805 0.145171 0.0599541 0.0125
17 0.0594433 0.148142 0.0539898 0.0125
1 0.0314636 0.153794 0.0468834 0.0125
18 0.0312454 0.148706 0.082198 0.0125
e_2_8 2 8 1 0.0125 0.331948 0.0644042 0.105002 0.960986 0.125301 0.243595 0.0383059 0.069066
e_8_9 8 9 2 0.0125 0.352272 0.0576497 0.143619 0.977263 -0.0321152 0.196788 0.0721149 0.020135
e_9_10 9 10 3 0.0125 0.361719 0.0610064 0.160891 0.941258 -0.0942182 0.306733 0.105217 0.020162
e_10_11 10 11 4 0.0125 0.372162 0.0626998 0.177905 0.96767 0.0517548 0.240157 0.0571041 0.02049
e_11_6 11 6 5 0.0125 0.382714 0.0585886 0.194484 0.935355 0.188197 0.297975 0.0300532 0.020147
e_2_12 2 12 1 0.0125 0.337111 0.0935182 0.0507993 0.371191 -0.22796 0.874067 0.215076 0.078655
e_12_5 12 5 2 0.0125 0.366635 0.118248 0.0195213 0.414488 -0.0160549 0.894881 0.164714 0.021345
e_2_13 2 13 1 0.0125 0.269729 0.0922454 0.0772931 0.718521 -0.269954 -0.640864 -0.0120755 0.099994
e_13_14 13 14 2 0.0125 0.194684 0.119371 0.0756897 0.663643 -0.0862257 -0.738977 -0.0778191 0.060631
e_14_15 14 15 3 0.0125 0.141943 0.131887 0.0691576 0.652547 -0.0828179 -0.748874 -0.0806891 0.048573
e_15_16 15 16 4 0.0125 0.0985059 0.141309 0.062912 0.647525 -0.0344443 -0.755376 -0.0945139 0.041215
e_16_17 16 17 5 0.0125 0.0689623 0.146656 0.0569717 0.579901 0.0475126 -0.803489 -0.125944 0.02017
e_17_1 17 1 6 0.0125 0.0454535 0.150968 0.0504366 0.606954 -0.023305 -0.787556 -0.104013 0.029416
e_1_18 1 18 1 0.0125 0.0313543 0.151249 0.0645412 0.997355 0.0714372 -0.00397483 0.012768 0.03568
e_18_19 18 19 2 0.0125 0.03012 0.144524 0.0932454 0.98234 0.180406 -0.044114 -0.0226903 0.023731
e_19_20 19 20 3 0.0125 0.029267 0.1394 0.1144 0.99859 0.0467327 0.0123891 0.021932 0.02031
e_20_4 20 4 4 0.0125 0.0281508 0.137303 0.134485 0.995982 0.0567498 -0.0690319 0.00584471 0.020279
e_1_21 1 21 1 0.0125 0.0350157 0.163032 0.0483065 0.721855 -0.514231 0.405481 0.223779 0.02
e_21_22 21 22 2 0.0125 0.0406778 0.182042 0.0499776 0.675561 -0.595399 0.364794 0.236733 0.02
e_22_23 22 23 3 0.0125 0.0434669 0.201552 0.0480535 0.569896 -0.686619 0.370408 0.258014 0.02
e_23_24 23 24 4 0.0125 0.0457773 0.220692 0.0428939 0.529809 -0.648749 0.47795 0.26456 0.02
e_24_3 24 3 5 0.0125 0.0480519 0.238351 0.0342999 0.375186 -0.663985 0.582679 0.280793 0.02
11 22 21
3 -0.168506 0.207245 0.0418042 0.0125
23 -0.182621 0.192331 0.0303341 0.0125
22 -0.191696 0.175947 0.02267 0.0125
21 -0.197216 0.157007 0.0190855 0.0125
4 -0.279127 0.164295 0.0679663 0.0125
20 -0.267596 0.150547 0.0591337 0.0125
11 -0.0400625 0.0151459 0.249319 0.0125
6 0.0288554 -0.0285123 0.0823194 0.0125
10 0.0269689 -0.0216602 0.111483 0.0125
9 0.0197623 -0.0150313 0.137282 0.0125
2 -0.0244395 0.00927321 0.214663 0.0125
19 -0.255532 0.140624 0.0466452 0.0125
8 0.00989501 -0.0102111 0.155085 0.0125
12 -0.0552539 0.0228675 0.271123 0.0125
5 -0.0732469 0.0322762 0.298221 0.0125
13 -0.112379 0.0752386 0.111822 0.0125
14 -0.176978 0.10512 0.0587591 0.0125
15 -0.19055 0.111281 0.0451959 0.0125
16 -0.201796 0.118999 0.0299116 0.0125
1 -0.209552 0.123721 0.0120382 0.0125
18 -0.239814 0.134938 0.0356626 0.0125
17 -0.224607 0.129112 0.0240511 0.0125
e_2_8 2 8 1 0.0125 -0.00727263 -0.000468264 0.184874 -0.0554748 -0.908096 0.303589 -0.28305 0.071471
e_8_9 8 9 2 0.0125 0.014828 -0.0126209 0.146183 -0.0354527 -0.911968 0.306363 -0.270554 0.020917
e_9_10 9 10 3 0.0125 0.0233655 -0.0183454 0.124382 -0.114354 -0.981997 0.056091 -0.139495 0.027595
e_10_6 10 6 4 0.0125 0.0279116 -0.0250866 0.0969011 -0.117685 -0.987207 -0.105839 -0.0192309 0.030017
e_2_11 2 11 1 0.0125 -0.0322508 0.0122099 0.231991 0.746768 -0.193891 -0.109216 0.626751 0.038465
e_11_12 11 12 2 0.0125 -0.0476587 0.0190067 0.260221 0.717716 -0.300991 -0.124323 0.615494 0.027673
e_12_5 12 5 3 0.0125 -0.0642504 0.0275719 0.284672 0.722662 -0.292981 -0.118407 0.614737 0.033862
e_2_13 2 13 1 0.0125 -0.0684092 0.0422555 0.163242 0.278898 -0.909297 -0.121501 0.283958 0.150536
e_13_14 13 14 2 0.0125 -0.144678 0.0901787 0.085291 0.278659 -0.868766 -0.209993 0.351423 0.088778
e_14_15 14 15 3 0.0125 -0.183764 0.1082 0.0519775 0.244953 -0.891625 -0.203739 0.321704 0.020153
e_15_16 15 16 4 0.0125 -0.196173 0.115139 0.0375538 0.240703 -0.925201 -0.130606 0.262692 0.020486
e_16_1 16 1 5 0.0125 -0.205675 0.12136 0.0209748 0.144467 -0.965239 -0.118658 0.182655 0.020047
e_1_17 1 17 1 0.0125 -0.21708 0.126417 0.0180449 0.646065 -0.399809 -0.199608 0.618797 0.02
e_17_18 17 18 2 0.0125 -0.23221 0.132026 0.0298562 0.643049 -0.413783 -0.196205 0.61382 0.02
e_18_19 18 19 3 0.0125 -0.247672 0.137781 0.0411536 0.631041 -0.427029 -0.207573 0.613471 0.02
e_19_20 19 20 4 0.0125 -0.261564 0.145585 0.0528897 0.69819 -0.424858 -0.0852192 0.569881 0.02
e_20_4 20 4 5 0.0125 -0.273362 0.157421 0.0635505 0.678382 -0.527638 -0.0278659 0.510509 0.02
e_1_21 1 21 1 0.0125 -0.203385 0.140364 0.0155617 0.736169 -0.49955 0.391268 0.235405 0.036191
e_21_22 21 22 2 0.0125 -0.194457 0.166477 0.0208777 0.727047 -0.525063 0.367334 0.24653 0.020051
e_22_23 22 23 3 0.0125 -0.187159 0.18414 0.026502 0.788148 -0.377879 0.409686 0.261129 0.020238
e_23_3 23 3 4 0.0125 -0.175563 0.199788 0.0360691 0.82167 -0.244478 0.443176 0.262076 0.02352
12 30 29
3 0.0224968 0.18256 0.188993 0.0125
31 0.0158315 0.201414 0.189291 0.0125
30 0.0106176 0.220698 0.190269 0.0125
29 0.00273609 0.238982 0.192154 0.0125
28 -0.0010617 0.257945 0.197252 0.0125
4 0.0128592 0.324514 0.289322 0.0125
27 0.0102173 0.31371 0.272701 0.0125
26 0.00768983 0.302814 0.25612 0.0125
25 0.00564241 0.293555 0.238511 0.0125
24 -0.000103333 0.28476 0.221493 0.0125
1 -0.00376822 0.276736 0.203543 0.0125
23 -0.00187274 0.256831 0.203974 0.0125
22 -0.00123815 0.237204 0.200178 0.0125
21 -0.00182831 0.217518 0.196686 0.0125
12 0.0264867 0.0865896 0.234127 0.0125
11 0.014804 0.0703255 0.230588 0.0125
10 0.00429505 0.0529459 0.226372 0.0125
9 -0.00984202 0.0295618 0.220854 0.0125
2 -0.0514513 -0.0132136 0.211352 0.0125
19 -0.0140716 0.178016 0.193769 0.0125
8 -0.0292641 0.0101845 0.216001 0.0125
6 0.0388343 0.102799 0.237183 0.0125
13 -0.0477925 -0.032527 0.19831 0.0125
14 -0.0490906 -0.0749739 0.1649 0.0125
5 -0.0497542 -0.092749 0.151324 0.0125
15 -0.0336388 0.0584592 0.220094 0.0125
16 -0.0227668 0.114889 0.20898 0.0125
17 -0.0199262 0.137549 0.203664 0.0125
18 -0.0184353 0.156878 0.198518 0.0125
20 -0.00791603 0.19826 0.19607 0.0125
e_2_8 2 8 1 0.0125 -0.0403581 -0.00151484 0.213677 0.593735 -0.651965 0.0598344 -0.467804 0.032578
e_8_9 8 9 2 0.0125 -0.0195531 0.0198735 0.218428 0.601987 -0.63801 0.0766269 -0.474008 0.027861
e_9_10 9 10 3 0.0125 -0.00277379 0.0412541 0.223613 0.635439 -0.631975 -0.0403567 -0.441811 0.027877
e_10_11 10 11 4 0.0125 0.00954959 0.0616353 0.22848 0.637189 -0.62993 -0.03967 -0.442272 0.020743
e_11_12 11 12 5 0.0125 0.0206452 0.0784574 0.232358 0.619074 -0.642612 -0.00460841 -0.451416 0.020336
e_12_6 12 6 6 0.0125 0.0326606 0.0946949 0.235654 0.607217 -0.65255 0.00638449 -0.453239 0.020605
e_2_13 2 13 1 0.0125 -0.0496218 -0.0228707 0.204831 0.451888 0.779159 0.411522 -0.139133 0.02359
e_13_14 13 14 2 0.0125 -0.048441 -0.0537505 0.181604 0.352532 0.709316 -0.553198 0.258 0.054034
e_14_5 14 5 3 0.0125 -0.0494224 -0.0838614 0.158112 0.371634 0.732358 -0.516717 0.241959 0.022376
e_2_15 2 15 1 0.0125 -0.0425454 0.0226234 0.215723 0.640622 -0.635015 -0.194886 -0.385199 0.074369
e_15_16 15 16 2 0.0125 -0.0282029 0.0866747 0.214537 0.541243 -0.720876 -0.274375 -0.334832 0.058533
e_16_17 16 17 3 0.0125 -0.0213465 0.126219 0.206322 0.535064 -0.718292 -0.312086 -0.316804 0.023447
e_17_18 17 18 4 0.0125 -0.0191809 0.147213 0.201092 0.529128 -0.716144 -0.339722 -0.302902 0.020057
e_18_19 18 19 5 0.0125 -0.0162537 0.167447 0.196143 0.530478 -0.730141 -0.27271 -0.33334 0.0221
e_19_20 19 20 6 0.0125 -0.0109941 0.188138 0.194919 0.632141 -0.645154 -0.172339 -0.393031 0.021285
e_20_21 20 21 7 0.0125 -0.00487225 0.207888 0.196378 0.605221 -0.672584 -0.18001 -0.38592 0.020206
e_21_22 21 22 8 0.0125 -0.001534 0.227361 0.198432 0.679774 -0.578461 -0.279411 -0.353864 0.020003
e_22_23 22 23 9 0.0125 -0.00155575 0.247017 0.202076 0.690149 -0.560046 -0.302424 -0.344359 0.02
e_23_1 23 1 10 0.0125 -0.00282017 0.266783 0.203759 0.629373 -0.610625 -0.371356 -0.305158 0.02
e_1_24 1 24 1 0.0125 -0.00193578 0.280747 0.212518 0.867955 -0.226195 -0.00964293 -0.442036 0.02
e_24_25 24 25 2 0.0125 0.00276992 0.289158 0.230002 0.846104 -0.272108 0.0225725 -0.457773 0.02
e_25_26 25 26 3 0.0125 0.00666651 0.298185 0.247316 0.87029 -0.237513 -0.0579019 -0.427586 0.02
e_26_27 26 27 4 0.0125 0.00895367 0.308263 0.26441 0.854423 -0.284201 -0.0688873 -0.429472 0.02
e_27_4 27 4 5 0.0125 0.0115379 0.319112 0.281011 0.854504 -0.283129 -0.0653693 -0.430566 0.02
e_1_28 1 28 1 0.0125 -0.00241527 0.26734 0.200398 0.55803 0.729972 0.352741 -0.176967 0.02
e_28_29 28 29 2 0.0125 0.000836965 0.248464 0.194703 0.563655 0.657595 0.441626 -0.234155 0.02
e_29_30 29 30 3 0.0125 0.00667622 0.22984 0.191211 0.560002 0.402839 0.620333 -0.373235 0.02
e_30_31 30 31 4 0.0125 0.0132246 0.211056 0.18978 0.618676 0.543729 0.47836 -0.304583 0.02
e_31_3 31 3 5 0.0125 0.0191638 0.191986 0.189142 0.611036 0.467944 0.537103 -0.345231 0.02
13 18 17
3 0.18597 0.10597 0.0137656 0.0125
19 0.170443 0.0991761 0.0286055 0.0125
11 0.170587 -0.144531 0.267456 0.0125
6 0.0570361 -0.292062 0.209715 0.0125
10 0.0679709 -0.272097 0.212631 0.0125
9 0.0786326 -0.255618 0.216617 0.0125
2 0.113423 -0.159943 0.246687 0.0125
8 0.088035 -0.230029 0.218494 0.0125
5 0.201164 -0.129033 0.282053 0.0125
12 0.114876 -0.0594015 0.144562 0.0125
13 0.118227 -0.0371214 0.126529 0.0125
14 0.116574 0.036061 0.085582 0.0125
15 0.116778 0.0564415 0.0784368 0.0125
1 0.11361 0.0784199 0.0759047 0.0125
18 0.155232 0.0921907 0.042511 0.0125
16 0.0825122 0.119898 0.116832 0.0125
4 0.0680004 0.142608 0.13748 0.0125
17 0.140697 0.0839028 0.057863 0.0125
e_2_8 2 8 1 0.0125 0.100729 -0.194986 0.232591 0.461987 0.465418 -0.678429 0.331191 0.079696
e_8_9 8 9 2 0.0125 0.0833333 -0.242823 0.217555 0.574191 0.441135 -0.582878 0.368725 0.027325
e_9_10 9 10 3 0.0125 0.0733017 -0.263857 0.214624 0.55152 0.360272 -0.685357 0.310346 0.020029
e_10_6 10 6 4 0.0125 0.0625032 -0.28208 0.211173 0.570104 0.385942 -0.643879 0.33384 0.02295
e_2_11 2 11 1 0.0125 0.142005 -0.152237 0.257071 0.723539 0.124409 0.564812 0.37683 0.062742
e_11_5 11 5 2 0.0125 0.185875 -0.136782 0.274754 0.775727 -0.0509178 0.549115 0.306801 0.037258
e_2_12 2 12 1 0.0125 0.114149 -0.109673 0.195625 0.249395 -0.618769 -0.688049 -0.285509 0.143319
e_12_13 12 13 2 0.0125 0.116551 -0.0482615 0.135546 0.30868 -0.729319 -0.52966 -0.303761 0.028858
e_13_14 13 14 3 0.0125 0.1174 -0.000530201 0.106055 0.437961 -0.736869 -0.448462 -0.253172 0.083876
e_14_15 14 15 4 0.0125 0.116676 0.0462512 0.0820094 0.537271 -0.760654 -0.294632 -0.214328 0.021598
e_15_1 15 1 5 0.0125 0.115194 0.0674315 0.0771708 0.651028 -0.699701 -0.25898 -0.139676 0.02235
e_1_16 1 16 1 0.0125 0.0980613 0.099159 0.0963679 0.893013 -0.378553 -0.216506 0.111138 0.066048
e_16_4 16 4 2 0.0125 0.0752564 0.131253 0.127155 0.890782 -0.397869 -0.19394 0.102931 0.033952
e_1_17 1 17 1 0.0125 0.127153 0.0811615 0.0668834 0.0841512 0.817511 0.324042 0.468604 0.033004
e_17_18 17 18 2 0.0125 0.147965 0.0880468 0.0501871 -0.400761 0.378474 -0.833535 -0.0369761 0.022708
e_18_19 18 19 3 0.0125 0.162838 0.0956836 0.0355579 -0.18277 0.905186 -0.0128661 0.383494 0.021761
e_19_3 19 3 4 0.0125 0.178206 0.102573 0.0211852 -0.254666 0.881974 -0.226923 0.325227 0.022527
14 26 25
3 -0.0973611 -0.288497 0.0659058 0.0125
27 -0.0989215 -0.268527 0.0661219 0.0125
26 -0.102829 -0.248536 0.0662031 0.0125
25 -0.105566 -0.227618 0.0634747 0.0125
4 -0.0907097 -0.169498 0.164572 0.0125
24 -0.095712 -0.177155 0.124805 0.0125
1 -0.106758 -0.189578 0.067993 0.0125
23 -0.0945373 -0.18411 0.0828688 0.0125
22 -0.0829435 -0.176905 0.0979598 0.0125
21 -0.0692327 -0.16599 0.115899 0.0125
12 0.0838628 -0.0253265 0.351396 0.0125
11 0.0763906 -0.0203864 0.332515 0.0125
10 0.0677824 -0.0159074 0.309163 0.0125
9 0.057974 -0.013473 0.290043 0.0125
2 0.0392985 -0.00402654 0.232805 0.0125
19 -0.0269858 -0.13624 0.164423 0.0125
8 0.0480289 -0.00889583 0.257899 0.0125
6 0.0951912 -0.0302952 0.368636 0.0125
13 0.0343358 -0.000822408 0.213697 0.0125
14 0.0289531 0.00543599 0.195481 0.0125
15 0.0272211 0.0122967 0.176774 0.0125
16 0.0301264 0.0169772 0.157548 0.0125
5 0.0326762 0.0204968 0.138026 0.0125
17 0.0289531 -0.0257885 0.221598 0.0125
18 -0.0148443 -0.117343 0.174498 0.0125
20 -0.0433671 -0.152472 0.146361 0.0125
e_2_8 2 8 1 0.0125 0.0436638 -0.0064608 0.245353 0.981407 0.0978418 0.161022 0.0365878 0.027012
e_8_9 8 9 2 0.0125 0.0530013 -0.0111838 0.273971 0.985835 0.0739621 0.145692 0.0378615 0.033956
e_9_10 9 10 3 0.0125 0.0628776 -0.0146901 0.299603 0.969433 0.0693204 0.23054 0.0473869 0.021626
e_10_11 10 11 4 0.0125 0.0720865 -0.0181469 0.320839 0.979951 0.0969082 0.16996 0.0376524 0.025288
e_11_12 11 12 5 0.0125 0.0801267 -0.0228565 0.341956 0.97495 0.127619 0.178813 0.0348221 0.020899
e_12_6 12 6 6 0.0125 0.0895269 -0.0278108 0.360016 0.950961 0.135764 0.274452 0.0437928 0.021218
e_2_13 2 13 1 0.0125 0.0368167 -0.002425 0.223251 -0.0554604 0.970456 -0.189489 -0.138683 0.02
e_13_14 13 14 2 0.0125 0.0316441 0.00230664 0.20459 0.192226 -0.93834 -0.273755 0.087327 0.02
e_14_15 14 15 3 0.0125 0.0280871 0.00886633 0.186128 0.078076 -0.63093 0.75471 0.161997 0.02
e_15_16 15 16 4 0.0125 0.0286737 0.0146369 0.167161 0.076497 -0.0267325 0.989924 0.116121 0.02
e_16_5 16 5 5 0.0125 0.0314013 0.0187365 0.147787 0.0520018 0.13005 0.985462 0.0961589 0.02
e_2_17 2 17 1 0.0125 0.0341254 -0.014908 0.227202 0.527485 0.817255 -0.207254 -0.104401 0.026575
e_17_18 17 18 2 0.0125 0.0070544 -0.0715655 0.198048 0.527819 0.816549 -0.209122 -0.104515 0.111887
e_18_19 18 19 3 0.0125 -0.0209146 -0.126791 0.169461 0.532089 0.78382 -0.300429 -0.110677 0.024618
e_19_20 19 20 4 0.0125 -0.035176 -0.144356 0.155391 0.418386 0.792942 -0.423726 -0.129045 0.029293
e_20_21 20 21 5 0.0125 -0.0563002 -0.159232 0.13113 0.345154 0.708615 -0.599083 -0.140827 0.042187
e_21_22 21 22 6 0.0125 -0.0760881 -0.171448 0.106929 0.351632 0.800149 -0.466287 -0.13672 0.025079
e_22_23 22 23 7 0.0125 -0.0887409 -0.180508 0.0904144 0.330695 0.763724 -0.536222 -0.140829 0.020348
e_23_1 23 1 8 0.0125 -0.100648 -0.186844 0.0754307 0.328724 0.688721 -0.630327 -0.142449 0.020014
e_1_24 1 24 1 0.0125 -0.101235 -0.183366 0.0963991 0.988431 -0.100739 0.0998725 0.0536711 0.059195
e_24_4 24 4 2 0.0125 -0.0932107 -0.173326 0.144689 0.992414 -0.0912711 0.0662633 0.0489104 0.040805
e_1_25 1 25 1 0.0125 -0.106163 -0.208598 0.0657341 0.661567 0.742321 0.0888594 -0.0582476 0.038326
e_25_26 25 26 2 0.0125 -0.104198 -0.238077 0.0648391 0.749963 0.649018 0.12111 -0.0407839 0.021272
e_26_27 26 27 3 0.0125 -0.100875 -0.258532 0.066162 0.704534 0.686394 0.175646 -0.0405544 0.020369
e_27_3 27 3 4 0.0125 -0.0981413 -0.278512 0.0660139 0.701476 0.702957 0.106036 -0.0504006 0.020033
15 24 23
3 -0.000532679 -0.14746 0.180998 0.0125
25 -0.020615 -0.153189 0.181705 0.0125
24 -0.0409302 -0.153618 0.187322 0.0125
23 -0.0704457 -0.162496 0.200247 0.0125
4 -0.0402474 -0.246899 0.19077 0.0125
22 -0.0470833 -0.228375 0.193953 0.0125
21 -0.054497 -0.211057 0.200671 0.0125
20 -0.066415 -0.196468 0.207388 0.0125
5 0.12957 -0.119036 0.230899 0.0125
10 0.148527 -0.0981687 0.206444 0.0125
6 0.28913 -0.0699431 0.0838585 0.0125
9 0.161905 -0.0794229 0.196641 0.0125
2 0.18038 -0.0498878 0.182365 0.0125
19 -0.0768676 -0.179702 0.210491 0.0125
8 0.249617 -0.0593018 0.135397 0.0125
11 0.0673209 -0.0983764 0.20936 0.0125
12 0.0383834 -0.110963 0.209126 0.0125
13 0.0198405 -0.119717 0.209343 0.0125
14 0.00110893 -0.128282 0.209344 0.0125
15 -0.0180425 -0.136672 0.209436 0.0125
16 -0.0360242 -0.145658 0.208347 0.0125
17 -0.0544279 -0.153606 0.208662 0.0125
18 -0.0725553 -0.162419 0.209855 0.0125
1 -0.0921496 -0.16681 0.210994 0.0125
e_2_8 2 8 1 0.0125 0.214999 -0.0545951 0.158882 -0.0829583 0.839823 -0.271345 0.462804 0.084191
e_8_6 8 6 2 0.0125 0.269373 -0.0646225 0.109628 -0.147966 0.704171 -0.629067 0.294151 0.065809
e_2_9 2 9 1 0.0125 0.171143 -0.0646551 0.189502 0.822562 0.427323 -0.357492 0.113957 0.037649
e_9_10 9 10 2 0.0125 0.155216 -0.0887952 0.201543 0.828368 0.4081 -0.370981 0.0981568 0.02503
e_10_5 10 5 3 0.0125 0.139048 -0.108602 0.218671 0.908839 0.294535 -0.292597 0.0405947 0.037321
e_2_11 2 11 1 0.0125 0.123851 -0.0741326 0.195862 0.778547 0.270602 -0.565337 -0.0321528 0.125945
e_11_12 11 12 2 0.0125 0.0528526 -0.104669 0.209242 0.704086 0.304893 -0.640887 -0.0238073 0.031557
e_12_13 12 13 3 0.0125 0.0291122 -0.11534 0.209235 0.710656 0.314212 -0.629282 -0.0156124 0.020507
e_13_14 13 14 4 0.0125 0.0104745 -0.124 0.209343 0.706888 0.310962 -0.635027 -0.0187794 0.020597
e_14_15 14 15 5 0.0125 -0.00846635 -0.132477 0.20939 0.708263 0.304337 -0.636549 -0.0233969 0.020909
e_15_16 15 16 6 0.0125 -0.0270329 -0.141165 0.208891 0.687682 0.331366 -0.645939 -0.00728 0.020132
e_16_17 16 17 7 0.0125 -0.045226 -0.149632 0.208504 0.712191 0.300771 -0.633785 -0.0252379 0.020049
e_17_18 17 18 8 0.0125 -0.063492 -0.158013 0.209259 0.727573 0.311662 -0.610991 -0.0139586 0.020191
e_18_1 18 1 9 0.0125 -0.0823531 -0.164615 0.210424 0.722528 0.222195 -0.649871 -0.079063 0.020113
e_1_19 1 19 1 0.0125 -0.0845088 -0.173256 0.210742 0.549219 0.700998 0.145458 0.431047 0.02
e_19_20 19 20 2 0.0125 -0.0716414 -0.188085 0.20894 0.505557 0.754332 -0.0925258 0.408454 0.02
e_20_21 20 21 3 0.0125 -0.0604554 -0.203762 0.20403 0.375398 0.804587 -0.143379 0.437217 0.02
e_21_22 21 22 4 0.0125 -0.0507902 -0.219716 0.197312 0.429119 0.774178 -0.261927 0.384577 0.02
e_22_4 22 4 5 0.0125 -0.0436654 -0.237637 0.192362 0.532021 0.736691 -0.19202 0.370632 0.02
e_1_23 1 23 1 0.0125 -0.0812977 -0.164653 0.205621 -0.223229 0.823705 -0.199806 0.481411 0.0246
e_23_24 23 24 2 0.0125 -0.0556882 -0.158057 0.193784 -0.273767 0.811707 -0.185734 0.481338 0.033422
e_24_25 24 25 3 0.0125 -0.0307721 -0.153403 0.184514 0.362437 0.627356 0.489526 0.485209 0.021082
e_25_3 25 3 4 0.0125 -0.0105736 -0.150325 0.181352 0.694865 -0.21241 0.686886 -0.0152785 0.020895
