15
1 23 22
3 -0.0948826 0.10257 0.0109605 0.0125
24 -0.0978602 0.0863119 0.0275039 0.0125
23 -0.100526 0.0722616 0.0423134 0.0125
22 -0.10545 0.0465858 0.0587789 0.0125
4 -0.173322 -0.0151528 0.129311 0.0125
21 -0.158115 -0.00352469 0.121096 0.0125
20 -0.14103 0.00490452 0.112806 0.0125
11 0.124191 0.189906 0.0414695 0.0125
6 -0.0300643 0.280322 0.0113713 0.0125
10 -0.0146421 0.268755 0.0169373 0.0125
9 0.00260895 0.257886 0.02423 0.0125
2 0.0966974 0.217767 0.0596711 0.0125
19 -0.097633 0.0428072 0.0629202 0.0125
8 0.0553502 0.2359 0.0427871 0.0125
12 0.135388 0.165987 0.0275058 0.0125
5 0.144706 0.146555 0.0113099 0.0125
13 0.0590833 0.198417 0.054307 0.0125
14 -0.00196323 0.171295 0.0469713 0.0125
15 -0.0574027 0.130089 0.0423737 0.0125
16 -0.0788033 0.0999581 0.0437153 0.0125
17 -0.08823 0.0795906 0.0500059 0.0125
18 -0.0921264 0.0597553 0.0537838 0.0125
1 -0.102647 0.0277842 0.0752171 0.0125
e_2_8 2 8 1 0.0125 0.0760238 0.226833 0.0512291 0.179922 -0.818182 0.0755961 0.540825 0.048202
e_8_9 8 9 2 0.0125 0.0289795 0.246893 0.0335081 0.20155 -0.808159 0.0363845 0.552207 0.060079
e_9_10 9 10 3 0.0125 -0.00601687 0.26332 0.0205834 0.259997 -0.813949 0.0765665 0.513835 0.021654
e_10_6 10 6 4 0.0125 -0.0223535 0.274538 0.0141547 0.332783 -0.797894 0.0453717 0.500561 0.020065
e_2_11 2 11 1 0.0125 0.110444 0.203836 0.05057 0.278838 -0.195195 0.820201 -0.459802 0.043168
e_11_12 11 12 2 0.0125 0.12979 0.177947 0.0344876 0.147925 -0.125529 0.847317 -0.494383 0.029874
e_12_5 12 5 3 0.0125 0.140047 0.156271 0.0194082 0.0974406 -0.201562 0.871642 -0.436026 0.026958
e_2_13 2 13 1 0.0125 0.0778902 0.208092 0.0569886 -0.631999 -0.132222 0.738528 -0.194093 0.042639
e_13_14 13 14 2 0.0125 0.0285601 0.184856 0.0506395 -0.653863 -0.432604 0.606159 0.133745 0.067201
e_14_15 14 15 3 0.0125 -0.0296834 0.150692 0.0446725 -0.240642 0.395079 0.614106 -0.639436 0.06923
e_15_16 15 16 4 0.0125 -0.0681037 0.115024 0.0430444 0.0680795 0.453684 0.525375 -0.716601 0.036981
e_16_17 16 17 5 0.0125 -0.0835166 0.0897743 0.0468606 0.349925 0.468794 0.38117 -0.715887 0.023309
e_17_18 17 18 6 0.0125 -0.0901783 0.0696731 0.0518955 0.29768 0.356105 0.530407 -0.709397 0.020564
e_18_19 18 19 7 0.0125 -0.0948803 0.0512814 0.0583523 0.518117 0.429143 0.296185 -0.677986 0.020025
e_19_1 19 1 8 0.0125 -0.10014 0.0352955 0.0690686 0.649287 0.397722 0.187559 -0.620536 0.020051
e_1_20 1 20 1 0.0125 -0.121838 0.0163442 0.0940106 0.840448 0.336261 -0.255082 -0.339867 0.058392
e_20_21 20 21 2 0.0125 -0.149573 0.000690556 0.116951 0.781735 0.401442 -0.37325 -0.297354 0.020776
e_21_4 21 4 3 0.0125 -0.165719 -0.00933812 0.125203 0.653779 0.533646 -0.134359 -0.519367 0.020832
e_1_22 1 22 1 0.0125 -0.104049 0.0371852 0.0669982 0.332386 -0.79951 0.433389 0.249953 0.025131
e_22_23 22 23 2 0.0125 -0.102989 0.0594235 0.0505461 0.453862 -0.750874 0.450173 0.165959 0.030897
e_23_24 23 24 3 0.0125 -0.0991929 0.0792868 0.0349086 0.341769 -0.760326 0.530639 0.153365 0.020588
e_24_3 24 3 4 0.0125 -0.0963708 0.0944407 0.0192326 0.349001 -0.761213 0.523704 0.156484 0.023384
2 26 25
3 -0.0250384 -0.342013 0.208837 0.0125
27 -0.014745 -0.301738 0.210132 0.0125
4 0.0387471 -0.201595 0.293448 0.0125
26 0.0330521 -0.208026 0.275387 0.0125
25 0.0239192 -0.217938 0.26061 0.0125
24 0.015355 -0.228071 0.245644 0.0125
23 0.00717175 -0.23561 0.229025 0.0125
1 -0.000966975 -0.245069 0.213396 0.0125
22 -0.00274844 -0.226984 0.203942 0.0125
21 0.000513534 -0.208338 0.19731 0.0125
11 0.00267483 0.0646948 0.133986 0.0125
10 0.0170892 0.0508684 0.13296 0.0125
6 0.119999 0.0310261 0.012551 0.0125
9 0.0811037 0.0290594 0.0699767 0.0125
2 0.0316398 0.0371716 0.132125 0.0125
19 0.00480807 -0.172387 0.17994 0.0125
8 0.0504346 0.0388267 0.113194 0.0125
12 -0.01345 0.0763207 0.131795 0.0125
13 -0.0314772 0.0834623 0.126895 0.0125
5 -0.0476124 0.0949709 0.124207 0.0125
14 0.0189915 -0.00667575 0.138615 0.0125
15 0.0161454 -0.0394638 0.143469 0.0125
16 0.0128755 -0.0806173 0.148724 0.0125
17 0.00758441 -0.119461 0.156644 0.0125
18 0.00531839 -0.152627 0.172983 0.0125
20 0.00124932 -0.189453 0.190595 0.0125
e_2_8 2 8 1 0.0125 0.041037 0.0379988 0.122659 0.348184 0.304286 0.872677 0.156882 0.026728
e_8_9 8 9 2 0.0125 0.0657686 0.0339426 0.0915852 0.314293 0.329965 0.890015 0.0146954 0.053886
e_9_6 9 6 3 0.0125 0.100551 0.0300427 0.0412642 0.266767 0.354723 0.887684 0.122568 0.069387
e_2_10 2 10 1 0.0125 0.0243643 0.0440197 0.132542 -0.702629 0.577046 0.382281 -0.164898 0.02
e_10_11 10 11 2 0.0125 0.00988201 0.0577816 0.133473 -0.706478 0.576254 0.377202 -0.162908 0.02
e_11_12 11 12 3 0.0125 -0.00538758 0.0705077 0.132891 -0.640759 0.586873 0.458639 -0.186167 0.02
e_12_13 12 13 4 0.0125 -0.0224636 0.0798915 0.129345 -0.552864 0.581469 0.533291 -0.268022 0.02
e_13_5 13 5 5 0.0125 -0.0395448 0.0892166 0.125551 -0.632639 0.588776 0.469599 -0.18052 0.02
e_2_14 2 14 1 0.0125 0.0253163 0.0152477 0.13537 0.105782 0.268072 0.598109 -0.747806 0.046094
e_14_15 14 15 2 0.0125 0.0175687 -0.0230701 0.141042 0.200526 0.226976 0.612812 -0.729885 0.033268
e_15_16 15 16 3 0.0125 0.0145106 -0.0600412 0.146097 0.203774 0.2293 0.619898 -0.722235 0.041616
e_16_17 16 17 4 0.0125 0.0102298 -0.100039 0.152684 0.177232 0.226878 0.591208 -0.753384 0.039994
e_17_18 17 18 5 0.0125 0.00645086 -0.136044 0.164813 0.205264 0.162507 0.503034 -0.823659 0.037041
e_18_19 18 19 6 0.0125 0.00506269 -0.162507 0.176461 0.229302 0.176634 0.550268 -0.783216 0.020955
e_19_20 19 20 7 0.0125 0.00302889 -0.180919 0.185268 0.135687 0.173104 0.45746 -0.8616 0.020432
e_20_21 20 21 8 0.0125 0.000881965 -0.198895 0.193953 0.222909 0.178846 0.548296 -0.785937 0.020057
e_21_22 21 22 9 0.0125 -0.0011171 -0.217661 0.200626 0.157726 0.208004 0.539816 -0.800285 0.020058
e_22_1 22 1 10 0.0125 -0.0018574 -0.236027 0.208669 0.282798 0.122842 0.50415 -0.806702 0.020485
e_1_23 1 23 1 0.0125 0.00310258 -0.240339 0.221211 0.446089 -0.308439 -0.11893 -0.831701 0.02
e_23_24 23 24 2 0.0125 0.0112636 -0.231839 0.237334 0.433681 -0.279868 -0.078673 -0.852881 0.02
e_24_25 24 25 3 0.0125 0.0196371 -0.223004 0.253127 0.562826 -0.345965 -0.0784946 -0.746575 0.02
e_25_26 25 26 4 0.0125 0.0284855 -0.212982 0.267998 0.665112 -0.361168 -0.0115854 -0.653491 0.02
e_26_4 26 4 5 0.0125 0.0358992 -0.20481 0.284418 0.158118 -0.170745 -0.138999 -0.962561 0.02
e_1_27 1 27 1 0.0125 -0.00785617 -0.273404 0.211764 0.123645 0.295919 0.663606 -0.675848 0.05841
e_27_3 27 3 2 0.0125 -0.0198911 -0.321875 0.209484 0.118626 0.293755 0.655192 -0.685828 0.04159
3 20 19
3 0.319868 0.272894 0.192331 0.0125
21 0.301775 0.276892 0.177915 0.0125
20 0.28154 0.279564 0.169185 0.0125
19 0.262236 0.280939 0.1586 0.0125
5 0.0281597 0.212778 0.137031 0.0125
10 0.0224699 0.194989 0.125299 0.0125
6 -0.155755 0.112136 0.0580983 0.0125
9 0.0123139 0.174881 0.11793 0.0125
2 -0.0133879 0.130119 0.101257 0.0125
8 -0.109876 0.121097 0.0718082 0.0125
11 0.158884 0.238457 0.16136 0.0125
12 0.184641 0.248511 0.162321 0.0125
13 0.202926 0.25451 0.156546 0.0125
14 0.219302 0.265258 0.152374 0.0125
1 0.234357 0.275003 0.14348 0.0125
18 0.245084 0.209901 0.101885 0.0125
15 0.240363 0.25773 0.13538 0.0125
16 0.246135 0.24044 0.12715 0.0125
17 0.24691 0.223678 0.116269 0.0125
4 0.238728 0.193636 0.0921357 0.0125
e_2_8 2 8 1 0.0125 -0.0616323 0.125608 0.0865322 0.288444 -0.663544 -0.452858 0.520989 0.101284
e_8_6 8 6 2 0.0125 -0.132815 0.116616 0.0649533 0.500728 0.56 -0.571938 -0.32948 0.048716
e_2_9 2 9 1 0.0125 -0.000536978 0.1525 0.109593 0.772233 -0.400632 0.431041 0.239487 0.054243
e_9_10 9 10 2 0.0125 0.0173922 0.184935 0.121615 0.769401 -0.415616 0.414526 0.251899 0.023701
e_10_5 10 5 3 0.0125 0.0253148 0.203883 0.131165 0.837173 -0.397793 0.275311 0.255158 0.022056
e_2_11 2 11 1 0.0125 0.0727479 0.184288 0.131308 0.792716 -0.242641 0.547269 0.114994 0.212195
e_11_12 11 12 2 0.0125 0.171762 0.243484 0.16184 0.716281 -0.192436 0.667528 0.0657094 0.027667
e_12_13 12 13 3 0.0125 0.193784 0.251511 0.159434 0.59492 -0.187067 0.780194 0.0487168 0.020092
e_13_14 13 14 4 0.0125 0.211114 0.259884 0.154461 0.616365 -0.287428 0.722181 0.126229 0.020027
e_14_1 14 1 5 0.0125 0.22683 0.27013 0.147927 0.513601 -0.289468 0.798977 0.118565 0.020019
e_1_15 1 15 1 0.0125 0.23736 0.266367 0.13943 0.40527 0.404017 0.734351 -0.365041 0.02
e_15_16 15 16 2 0.0125 0.243249 0.249085 0.131266 0.39942 0.406719 0.735058 -0.367061 0.02
e_16_17 16 17 3 0.0125 0.246523 0.232058 0.12171 0.261996 0.447728 0.756035 -0.399135 0.02
e_17_18 17 18 4 0.0125 0.245997 0.21679 0.109077 0.105665 0.376092 0.847427 -0.359523 0.02
e_18_4 18 4 5 0.0125 0.241906 0.201769 0.0970104 0.174779 0.571894 0.645508 -0.475089 0.02
e_1_19 1 19 1 0.0125 0.248297 0.277971 0.15104 0.856743 -0.0972482 0.506202 0.0171401 0.032265
e_19_20 19 20 2 0.0125 0.271888 0.280252 0.163893 0.858457 0.00381867 0.509944 -0.0547072 0.022059
e_20_21 20 21 3 0.0125 0.291657 0.278228 0.17355 0.831407 0.0237558 0.550278 -0.073435 0.022198
e_21_3 21 3 4 0.0125 0.310821 0.274894 0.185124 0.894555 0.0550246 0.435826 -0.0824606 0.023478
4 21 20
3 0.104582 -0.154488 0.0245519 0.0125
22 0.0422033 -0.115964 0.0120996 0.0125
4 0.0387796 -0.199048 0.0114928 0.0125
21 0.0394041 -0.173336 0.0131383 0.0125
1 0.0213138 -0.101367 0.0148603 0.0125
11 0.320462 0.00724498 0.01725 0.0125
6 0.251538 -0.143077 0.0138401 0.0125
10 0.257179 -0.12353 0.014026 0.0125
9 0.26648 -0.0911445 0.0142111 0.0125
2 0.303245 -0.00292455 0.01766 0.0125
19 0.0685916 -0.0836358 0.0121701 0.0125
8 0.292447 -0.0259632 0.0200358 0.0125
12 0.33788 0.0170703 0.0175595 0.0125
13 0.351495 0.0313877 0.0206638 0.0125
14 0.366931 0.0437026 0.017492 0.0125
5 0.382919 0.0546344 0.0125014 0.0125
15 0.18979 -0.0458848 0.0196074 0.0125
16 0.163898 -0.0555256 0.0203338 0.0125
17 0.13856 -0.0639299 0.0158906 0.0125
18 0.0874553 -0.0751577 0.0127264 0.0125
20 0.0441878 -0.0946541 0.0114978 0.0125
e_2_8 2 8 1 0.0125 0.297846 -0.0144435 0.0188477 -0.239588 0.0727503 0.669494 -0.699345 0.025554
e_8_9 8 9 2 0.0125 0.279463 -0.0585536 0.017123 -0.173523 0.088077 0.730486 -0.654616 0.070404
e_9_10 9 10 3 0.0125 0.261829 -0.107337 0.0141183 -0.146706 0.0496542 0.707302 -0.689736 0.033695
e_10_6 10 6 4 0.0125 0.254359 -0.133304 0.013933 -0.14647 0.0506431 0.708522 -0.688461 0.020346
e_2_11 2 11 1 0.0125 0.311854 0.00215982 0.0174548 0.301393 0.39863 0.592742 0.631596 0.02
e_11_12 11 12 2 0.0125 0.329171 0.0121572 0.0174049 0.32683 0.384889 0.586618 0.633184 0.02
e_12_13 12 13 3 0.0125 0.344688 0.0242286 0.0191115 -0.235955 0.57196 0.30862 0.722454 0.02
e_13_14 13 14 4 0.0125 0.359214 0.0375446 0.0190784 0.145789 0.473051 0.596262 0.632012 0.02
e_14_5 14 5 5 0.0125 0.374925 0.0491682 0.0149971 0.238231 0.427603 0.664772 0.564341 0.02
e_2_15 2 15 1 0.0125 0.246518 -0.0244049 0.0186338 -0.510026 0.280482 0.642887 -0.497895 0.121332
e_15_16 15 16 2 0.0125 0.176844 -0.0507048 0.0199708 -0.514255 0.280433 0.638923 -0.498674 0.027639
e_16_17 16 17 3 0.0125 0.151229 -0.0597274 0.0181124 -0.475481 0.313935 0.695367 -0.437981 0.027063
e_17_18 17 18 4 0.0125 0.113007 -0.069544 0.0143083 -0.533059 0.32556 0.651302 -0.430887 0.052419
e_18_19 18 19 5 0.0125 0.0780241 -0.079397 0.0124483 -0.480424 0.271548 0.663089 -0.505735 0.020689
e_19_20 19 20 6 0.0125 0.0563894 -0.0891446 0.0118341 -0.480306 0.270886 0.662704 -0.506705 0.026784
e_20_1 20 1 7 0.0125 0.0327509 -0.0980098 0.0131795 -0.56291 0.281605 0.592341 -0.502954 0.024075
e_1_21 1 21 1 0.0125 0.0303585 -0.137351 0.0139991 0.106135 -0.066994 0.712118 -0.690749 0.074229
e_21_4 21 4 2 0.0125 0.0390915 -0.186192 0.0123153 -0.0161251 0.000527967 0.729334 -0.683967 0.025771
e_1_22 1 22 1 0.0125 0.0317584 -0.108665 0.0134797 0.472813 -0.129131 0.732925 -0.471799 0.025634
e_22_3 22 3 2 0.0125 0.0733931 -0.135225 0.0183255 0.451622 -0.242379 0.597935 -0.61625 0.074366
5 25 24
3 -0.0564631 0.179488 0.167131 0.0125
26 -0.0372255 0.180162 0.108119 0.0125
4 -0.0334317 0.118748 0.151436 0.0125
25 -0.033673 0.129206 0.134389 0.0125
24 -0.0346837 0.139841 0.117482 0.0125
23 -0.0303492 0.151354 0.101712 0.0125
22 -0.0266211 0.163257 0.0860782 0.0125
1 -0.0228943 0.177985 0.0730707 0.0125
21 -0.0314824 0.15971 0.0716394 0.0125
6 -0.0646581 -0.193428 0.219995 0.0125
11 -0.0613914 -0.177819 0.20668 0.0125
10 -0.062177 -0.165675 0.190627 0.0125
9 -0.0631169 -0.151775 0.17438 0.0125
2 -0.0736408 -0.109678 0.0988389 0.0125
19 -0.040379 0.121013 0.0613404 0.0125
8 -0.0718496 -0.136322 0.142051 0.0125
12 -0.0929923 -0.113212 0.102449 0.0125
13 -0.11116 -0.120532 0.10649 0.0125
14 -0.128071 -0.131084 0.108129 0.0125
15 -0.144911 -0.141675 0.110189 0.0125
5 -0.161717 -0.152319 0.112252 0.0125
16 -0.0629447 -0.0686299 0.085403 0.0125
17 -0.0484904 0.0806508 0.0586693 0.0125
18 -0.0454049 0.101443 0.0566203 0.0125
20 -0.0353072 0.140534 0.0671102 0.0125
e_2_8 2 8 1 0.0125 -0.0727448 -0.123001 0.120445 0.685926 0.181552 0.204212 -0.67442 0.050798
e_8_9 8 9 2 0.0125 -0.0674828 -0.144049 0.158215 0.731216 0.0830978 0.234106 -0.635305 0.03688
e_9_10 9 10 3 0.0125 -0.0626468 -0.158724 0.182504 0.676349 0.233485 0.256742 -0.649709 0.021403
e_10_11 10 11 4 0.0125 -0.0617837 -0.171747 0.198653 0.680301 0.213897 0.236218 -0.66003 0.020144
e_11_6 11 6 5 0.0125 -0.0630246 -0.185623 0.213337 0.615688 0.345589 0.245199 -0.66436 0.020775
e_2_12 2 12 1 0.0125 -0.0833165 -0.111445 0.100644 0.237931 0.634353 -0.0857008 -0.730507 0.02
e_12_13 12 13 2 0.0125 -0.102077 -0.116872 0.104469 0.294369 0.631634 -0.00405583 -0.717195 0.02
e_13_14 13 14 3 0.0125 -0.119616 -0.125808 0.10731 0.304007 0.671639 0.0889863 -0.669748 0.02
e_14_15 14 15 4 0.0125 -0.136491 -0.136379 0.109159 0.310777 0.664079 0.0866067 -0.674475 0.02
e_15_5 15 5 5 0.0125 -0.153314 -0.146997 0.111221 0.311614 0.663859 0.0878412 -0.674145 0.02
e_2_16 2 16 1 0.0125 -0.0682927 -0.0891542 0.092121 0.357903 -0.311135 0.744428 0.470028 0.044496
e_16_17 16 17 2 0.0125 -0.0557175 0.00601046 0.0720362 0.0355126 -0.115979 -0.757818 -0.641093 0.152343
e_17_18 17 18 3 0.0125 -0.0469478 0.0910463 0.057645 0.302505 -0.426876 -0.605214 -0.599986 0.02112
e_18_19 18 19 4 0.0125 -0.0428919 0.111228 0.0589807 0.561487 -0.539254 -0.308977 -0.546325 0.020749
e_19_20 19 20 5 0.0125 -0.0378437 0.130774 0.0642257 0.570858 -0.522462 -0.299186 -0.558249 0.020978
e_20_21 20 21 6 0.0125 -0.0333949 0.150122 0.0693753 0.517369 -0.494624 -0.377519 -0.587499 0.020072
e_21_1 21 1 7 0.0125 -0.0271887 0.168848 0.0723549 0.677252 -0.680761 0.0349123 -0.276903 0.020242
e_1_22 1 22 1 0.0125 -0.0247577 0.170621 0.0795744 0.610398 0.348319 0.231249 -0.672764 0.02
e_22_23 22 23 2 0.0125 -0.0284857 0.157306 0.0938955 0.627362 0.283354 0.169929 -0.705161 0.02
e_23_24 23 24 3 0.0125 -0.032516 0.145597 0.109597 0.620645 0.286192 0.15442 -0.713477 0.02
e_24_25 24 25 4 0.0125 -0.0341778 0.134524 0.125936 0.688647 0.180097 0.211828 -0.669671 0.02
e_25_4 25 4 5 0.0125 -0.0335518 0.123978 0.142913 0.681014 0.187818 0.196394 -0.679981 0.02
e_1_26 1 26 1 0.0125 -0.0300599 0.179073 0.0905943 0.555066 0.142258 -0.133134 -0.808665 0.037927
e_26_3 26 3 2 0.0125 -0.0468439 0.179824 0.137625 0.586175 0.129539 -0.0887022 -0.794827 0.062073
6 27 26
3 0.129081 -0.130969 0.133751 0.0125
28 0.119649 -0.139129 0.149385 0.0125
27 0.106716 -0.145737 0.163136 0.0125
26 0.0937954 -0.15332 0.176386 0.0125
25 0.0830664 -0.162549 0.190518 0.0125
4 0.0825356 -0.250781 0.266628 0.0125
24 0.079488 -0.231852 0.252428 0.0125
23 0.0807227 -0.215102 0.238335 0.0125
22 0.0808655 -0.197659 0.225856 0.0125
1 0.0769993 -0.170593 0.207795 0.0125
21 0.0591248 -0.179777 0.208831 0.0125
12 -0.230449 -0.127726 0.134387 0.0125
11 -0.224717 -0.13911 0.149817 0.0125
10 -0.219014 -0.150492 0.165378 0.0125
9 -0.216938 -0.165852 0.178195 0.0125
2 -0.212081 -0.223742 0.21607 0.0125
19 0.0226577 -0.194511 0.216753 0.0125
8 -0.212409 -0.199563 0.204183 0.0125
6 -0.234123 -0.116193 0.118442 0.0125
13 -0.208986 -0.218453 0.191071 0.0125
5 -0.188065 -0.201916 0.121763 0.0125
14 -0.189653 -0.227844 0.217375 0.0125
15 -0.0876572 -0.22234 0.222551 0.0125
16 -0.0359359 -0.212013 0.222746 0.0125
17 -0.0158704 -0.206666 0.223256 0.0125
18 0.00432934 -0.201971 0.220114 0.0125
20 0.040403 -0.186109 0.212196 0.0125
e_2_8 2 8 1 0.0125 -0.212244 -0.211652 0.210126 0.498193 -0.80381 0.272887 0.176707 0.026945
e_8_9 8 9 2 0.0125 -0.214673 -0.182707 0.191188 0.428258 -0.889191 0.113556 0.114188 0.042806
e_9_10 9 10 3 0.0125 -0.217976 -0.158172 0.171787 0.413091 -0.899187 0.100472 0.103558 0.020111
e_10_11 10 11 4 0.0125 -0.221865 -0.144801 0.157598 0.334933 -0.875138 -0.348024 0.0288498 0.020106
e_11_12 11 12 5 0.0125 -0.227583 -0.133418 0.142102 0.337055 -0.87482 -0.346662 0.0301468 0.020014
e_12_6 12 6 6 0.0125 -0.232286 -0.121959 0.126414 0.318109 -0.921748 -0.22054 0.0234395 0.020018
e_2_13 2 13 1 0.0125 -0.210534 -0.221098 0.203571 -0.0926144 0.343553 -0.931449 -0.0761378 0.025738
e_13_5 13 5 2 0.0125 -0.198525 -0.210185 0.156417 0.0577614 0.538904 0.822332 0.173249 0.074262
e_2_14 2 14 1 0.0125 -0.200867 -0.225793 0.216722 0.589422 0.495548 0.475248 0.425621 0.022838
e_14_15 14 15 2 0.0125 -0.138655 -0.225092 0.219962 0.592365 0.366077 0.583679 0.417624 0.102275
e_15_16 15 16 3 0.0125 -0.0617965 -0.217177 0.222648 0.581295 0.282193 0.646937 0.40489 0.052742
e_16_17 16 17 4 0.0125 -0.0259028 -0.20934 0.223001 0.59086 0.232414 0.658558 0.403943 0.020772
e_17_18 17 18 5 0.0125 -0.00577039 -0.204319 0.221685 0.528287 0.293769 0.698979 0.382152 0.020975
e_18_19 18 19 6 0.0125 0.0134937 -0.198242 0.218433 0.529414 0.16808 0.745326 0.368728 0.020072
e_19_20 19 20 7 0.0125 0.0315304 -0.19031 0.214474 0.510636 0.12909 0.77225 0.35527 0.020156
e_20_21 20 21 8 0.0125 0.049764 -0.182943 0.210513 0.526191 0.219008 0.732078 0.373122 0.020047
e_21_1 21 1 9 0.0125 0.0680623 -0.175185 0.208313 0.575191 0.0778539 0.720899 0.37868 0.020123
e_1_22 1 22 1 0.0125 0.0789323 -0.184125 0.216825 0.75494 0.436491 -0.184065 0.453499 0.032768
e_22_23 22 23 2 0.0125 0.0807944 -0.20638 0.232095 0.767176 0.392558 -0.234493 0.449836 0.021448
e_23_24 23 24 3 0.0125 0.0801054 -0.223477 0.245381 0.784934 0.3495 -0.237607 0.453069 0.021925
e_24_4 24 4 4 0.0125 0.0810125 -0.241316 0.259528 0.766429 0.417889 -0.166648 0.458458 0.023859
e_1_25 1 25 1 0.0125 0.0800322 -0.166571 0.199156 0.216755 -0.316636 0.911956 0.145239 0.02
e_25_26 25 26 2 0.0125 0.0884311 -0.157935 0.183451 0.306017 -0.0602175 0.921781 0.230322 0.02
e_26_27 26 27 3 0.0125 0.100255 -0.149529 0.16976 0.315421 0.149484 0.899381 0.263206 0.02
e_27_28 27 28 4 0.0125 0.113182 -0.142434 0.156261 0.295004 0.232467 0.888664 0.263074 0.02
e_28_3 28 3 5 0.0125 0.124365 -0.135049 0.141568 0.255127 -0.0234322 0.943568 0.209857 0.02
7 23 22
3 0.0884746 0.0508828 0.0871029 0.0125
24 0.101977 0.0361292 0.087303 0.0125
23 0.117697 0.0237831 0.0866312 0.0125
22 0.132783 0.0117288 0.0918368 0.0125
21 0.148072 -0.000786768 0.0949382 0.0125
4 0.261095 0.00122122 0.0984887 0.0125
20 0.240984 -0.00250887 0.100737 0.0125
11 0.238007 0.276305 0.0285709 0.0125
10 0.268965 0.260434 0.0435121 0.0125
6 0.160842 0.216104 0.0885277 0.0125
9 0.194047 0.22189 0.0826156 0.0125
2 0.302445 0.246469 0.0508709 0.0125
19 0.216627 -0.00949019 0.101709 0.0125
8 0.226871 0.229455 0.0761081 0.0125
5 0.221274 0.286608 0.0129171 0.0125
12 0.244332 0.138306 0.0619808 0.0125
13 0.227047 0.100929 0.0740756 0.0125
14 0.208352 0.0609703 0.0869585 0.0125
15 0.195888 0.0433572 0.088897 0.0125
16 0.186716 0.0248093 0.093515 0.0125
17 0.174697 0.00507265 0.0955738 0.0125
1 0.163366 -0.0134148 0.0975094 0.0125
18 0.18531 -0.0146727 0.101401 0.0125
e_2_8 2 8 1 0.0125 0.264658 0.237962 0.06349 0.546142 0.510003 -0.291575 -0.597168 0.081473
e_8_9 8 9 2 0.0125 0.210459 0.225673 0.0793619 0.44484 0.589142 -0.240976 -0.630048 0.034308
e_9_6 9 6 3 0.0125 0.177444 0.218998 0.0855715 0.439527 0.582204 -0.273248 -0.627048 0.034219
e_2_10 2 10 1 0.0125 0.285704 0.253451 0.0471915 0.426611 0.326952 -0.70179 -0.467542 0.037015
e_10_11 10 11 2 0.0125 0.253486 0.268369 0.0360416 -0.447383 -0.122707 0.825986 0.320216 0.037861
e_11_5 11 5 3 0.0125 0.229641 0.281457 0.0207445 -0.355295 -0.0542577 0.899215 0.249467 0.025124
e_2_12 2 12 1 0.0125 0.273388 0.192387 0.0564264 0.448607 0.614573 0.277921 -0.586354 0.123288
e_12_13 12 13 2 0.0125 0.235689 0.119617 0.0680283 0.556242 0.558817 0.216399 -0.575752 0.042919
e_13_14 13 14 3 0.0125 0.217699 0.0809498 0.080517 0.554835 0.559939 0.215199 -0.576468 0.045957
e_14_15 14 15 4 0.0125 0.20212 0.0521642 0.0879277 0.424315 0.635543 0.226578 -0.603907 0.021664
e_15_16 15 16 5 0.0125 0.191303 0.0340834 0.0912056 0.519885 0.580198 0.23338 -0.581914 0.021201
e_16_17 16 17 6 0.0125 0.180707 0.0149405 0.0945444 0.437232 0.624444 0.256313 -0.594308 0.0232
e_17_1 17 1 7 0.0125 0.169032 -0.00417105 0.0965416 0.436763 0.624897 0.255045 -0.594721 0.02177
e_1_18 1 18 1 0.0125 0.174337 -0.0140439 0.0994558 0.761526 -0.0348409 0.641558 -0.0852522 0.022322
e_18_19 18 19 2 0.0125 0.200969 -0.0120815 0.101556 0.710522 -0.11463 0.694275 0.000249092 0.031745
e_19_20 19 20 3 0.0125 0.228805 -0.00599934 0.101223 0.692193 -0.157138 0.703197 0.0411105 0.025356
e_20_4 20 4 4 0.0125 0.25104 -0.000643563 0.0996129 0.667125 -0.116144 0.73562 0.0178441 0.020578
e_1_21 1 21 1 0.0125 0.155719 -0.00710066 0.0962232 0.413722 -0.751127 0.00964081 0.514344 0.02
e_21_22 21 22 2 0.0125 0.140428 0.00547136 0.093388 0.361716 -0.756462 0.0726894 0.54004 0.02
e_22_23 22 23 3 0.0125 0.12524 0.017756 0.0892345 0.117581 -0.704261 0.366271 0.596688 0.02
e_23_24 23 24 4 0.0125 0.109837 0.0299562 0.0869675 0.650574 -0.621152 -0.312061 0.305847 0.02
e_24_3 24 3 5 0.0125 0.0952257 0.043506 0.0872024 0.551883 -0.708795 -0.0511996 0.436363 0.02
8 22 21
3 -0.0233868 -0.196855 0.0654841 0.0125
23 -0.0463178 -0.190537 0.0573036 0.0125
22 -0.066884 -0.189798 0.0439296 0.0125
21 -0.0829712 -0.18496 0.0325347 0.0125
4 -0.179657 -0.226236 0.0371157 0.0125
20 -0.122574 -0.193135 0.025446 0.0125
11 -0.186158 0.128083 0.0212687 0.0125
10 -0.19761 0.111807 0.019167 0.0125
6 -0.120395 0.0970108 0.0965296 0.0125
9 -0.211923 0.0980531 0.0216196 0.0125
2 -0.246076 0.0773444 0.020154 0.0125
19 -0.117658 -0.160921 0.0161982 0.0125
8 -0.211496 0.0744711 0.0470878 0.0125
5 -0.178084 0.146123 0.0180865 0.0125
12 -0.232783 0.0342769 0.0285929 0.0125
13 -0.226221 0.01529 0.0314959 0.0125
14 -0.207806 -0.044793 0.0300771 0.0125
15 -0.189543 -0.0865394 0.0262981 0.0125
16 -0.174687 -0.103354 0.0253787 0.0125
17 -0.15392 -0.125646 0.0248757 0.0125
18 -0.131462 -0.147374 0.0229886 0.0125
1 -0.100893 -0.172089 0.0122033 0.0125
e_2_8 2 8 1 0.0125 -0.228786 0.0759078 0.0336209 0.88906 -0.0259715 0.439025 -0.1271 0.043925
e_8_6 8 6 2 0.0125 -0.165946 0.0857409 0.0718087 0.854056 -0.159128 0.491554 -0.0603402 0.106075
e_2_9 2 9 1 0.0125 -0.228999 0.0876988 0.0208868 0.718586 -0.322492 0.614536 0.0444708 0.039967
e_9_10 9 10 2 0.0125 -0.204766 0.104931 0.0203933 0.654447 -0.42992 0.613599 0.101802 0.020002
e_10_11 10 11 3 0.0125 -0.191884 0.119945 0.0202179 0.7368 -0.491395 0.453876 0.098255 0.020012
e_11_5 11 5 4 0.0125 -0.182121 0.137104 0.0196783 0.627351 -0.593479 0.476719 0.164171 0.020019
e_2_12 2 12 1 0.0125 -0.239429 0.0558107 0.0243742 0.705778 0.484812 0.41586 -0.306423 0.045856
e_12_13 12 13 2 0.0125 -0.229502 0.0247839 0.0300451 0.693533 0.482481 0.442376 -0.300878 0.020297
e_13_14 13 14 3 0.0125 -0.217013 -0.014751 0.0307865 0.630061 0.525384 0.485038 -0.302874 0.062857
e_14_15 14 15 4 0.0125 -0.198675 -0.0656666 0.0281879 0.616324 0.491179 0.547781 -0.280756 0.045724
e_15_16 15 16 5 0.0125 -0.182116 -0.094947 0.025838 0.654822 0.355875 0.627555 -0.225246 0.022456
e_16_17 16 17 6 0.0125 -0.164304 -0.114501 0.0251272 0.665361 0.34148 0.62582 -0.22144 0.030472
e_17_18 17 18 7 0.0125 -0.142691 -0.136511 0.0239318 0.652849 0.322679 0.652695 -0.208937 0.031304
e_18_19 18 19 8 0.0125 -0.12456 -0.154148 0.0195934 0.54575 0.346943 0.738428 -0.19108 0.020499
e_19_1 19 1 9 0.0125 -0.109276 -0.166505 0.0142008 0.613173 0.248186 0.731893 -0.16357 0.020535
e_1_20 1 20 1 0.0125 -0.111734 -0.182611 0.018825 0.747481 0.516966 -0.178983 -0.376807 0.03299
e_20_4 20 4 2 0.0125 -0.151115 -0.209686 0.0312812 0.660211 0.559867 -0.315398 -0.388836 0.06701
e_1_21 1 21 1 0.0125 -0.0919328 -0.178525 0.0223694 0.891854 0.153877 0.370826 -0.20834 0.030004
e_21_22 21 22 2 0.0125 -0.0749279 -0.187379 0.0382325 0.86991 0.0542648 0.465162 -0.154712 0.020299
e_22_23 22 23 3 0.0125 -0.0566015 -0.190168 0.050617 0.871591 -0.0443476 0.474953 -0.113061 0.024544
e_23_3 23 3 4 0.0125 -0.034852 -0.193696 0.0613942 0.802806 0.0596096 0.577787 -0.134575 0.025153
9 26 25
3 -0.058346 -0.110711 0.0785245 0.0125
27 -0.0459549 -0.104551 0.0610661 0.0125
26 -0.0319286 -0.0973233 0.047966 0.0125
25 -0.00832593 -0.0850188 0.026327 0.0125
4 -0.0734427 -0.0233649 0.0247459 0.0125
24 -0.0581636 -0.0323501 0.0154676 0.0125
23 -0.0363527 -0.0408246 0.0114731 0.0125
22 -0.0182157 -0.0504462 0.0129645 0.0125
1 0.00677805 -0.0758649 0.0117343 0.0125
21 0.0253362 -0.0689898 0.0147215 0.0125
11 0.281819 0.0700439 0.0524569 0.0125
10 0.26725 0.0703124 0.0661575 0.0125
6 0.231698 0.0193068 0.218615 0.0125
9 0.235334 0.0236443 0.197243 0.0125
2 0.252638 0.0706785 0.0798078 0.0125
19 0.0593123 -0.0492842 0.019252 0.0125
8 0.240438 0.0474778 0.143748 0.0125
12 0.296838 0.0681416 0.0393882 0.0125
13 0.310861 0.064598 0.0255754 0.0125
5 0.32538 0.066394 0.0119376 0.0125
14 0.191721 0.0401903 0.0514485 0.0125
15 0.132415 0.00504391 0.0254904 0.0125
16 0.113625 -0.00777971 0.0225781 0.0125
17 0.0924096 -0.0223437 0.0269625 0.0125
18 0.0748726 -0.0372516 0.0232185 0.0125
20 0.0439577 -0.0617406 0.0155872 0.0125
e_2_8 2 8 1 0.0125 0.246538 0.0590785 0.111778 0.795722 0.191389 0.0271288 -0.573987 0.069105
e_8_9 8 9 2 0.0125 0.237886 0.0355611 0.170496 0.817462 0.197867 0.0765094 -0.535492 0.058786
e_9_6 9 6 3 0.0125 0.233516 0.0214755 0.207929 0.782053 0.128979 -0.00456562 -0.609702 0.022109
e_2_10 2 10 1 0.0125 0.259944 0.0704955 0.0729826 0.135822 0.86981 0.291006 0.374565 0.02
e_10_11 10 11 2 0.0125 0.274534 0.0701785 0.0593074 0.131162 0.871757 0.287302 0.374559 0.02
e_11_12 11 12 3 0.0125 0.289328 0.0690924 0.0459223 0.199857 0.846124 0.332869 0.365143 0.02
e_12_13 12 13 4 0.0125 0.303849 0.0663698 0.0324818 0.21877 0.866053 0.308683 0.326812 0.02
e_13_5 13 5 5 0.0125 0.31812 0.0654965 0.0187563 0.0622719 0.881349 0.25327 0.393956 0.02
e_2_14 2 14 1 0.0125 0.222179 0.0554349 0.065628 0.37556 0.79968 -0.229524 -0.408393 0.073788
e_14_15 14 15 2 0.0125 0.162068 0.0226167 0.0384692 0.402481 0.796607 -0.203979 -0.402266 0.073664
e_15_16 15 16 3 0.0125 0.12302 -0.00136823 0.0240343 0.487155 0.730843 -0.171355 -0.446302 0.022934
e_16_17 16 17 4 0.0125 0.103017 -0.0150615 0.0247702 0.56899 0.626777 -0.152235 -0.510123 0.026104
e_17_18 17 18 5 0.0125 0.0836405 -0.0297978 0.0250901 0.500019 0.749835 -0.134235 -0.411959 0.02332
e_18_19 18 19 6 0.0125 0.0670922 -0.0432676 0.0212355 0.478967 0.758533 -0.153174 -0.414434 0.020066
e_19_20 19 20 7 0.0125 0.0516346 -0.0555127 0.0174197 0.488628 0.755277 -0.143836 -0.412444 0.020108
e_20_21 20 21 8 0.0125 0.0346467 -0.0653649 0.0151546 0.457724 0.677969 -0.248971 -0.518517 0.020002
e_21_1 21 1 9 0.0125 0.0160574 -0.0724277 0.0132277 0.422759 0.711978 -0.260243 -0.496624 0.020015
e_1_22 1 22 1 0.0125 -0.00571874 -0.0631557 0.0123487 0.151033 0.372244 -0.586675 -0.703161 0.03567
e_22_23 22 23 2 0.0125 -0.0272834 -0.0456356 0.0122189 0.20537 0.513267 -0.52228 -0.64931 0.020584
e_23_24 23 24 3 0.0125 -0.0472575 -0.0365874 0.01347 0.322585 0.446347 -0.465452 -0.692869 0.023739
e_24_4 24 4 4 0.0125 -0.0658038 -0.0278575 0.0201071 0.398002 0.273004 -0.439967 -0.757293 0.020007
e_1_25 1 25 1 0.0125 -0.000773939 -0.0804419 0.0190306 0.673834 0.407595 -0.124042 -0.603678 0.02291
e_25_26 25 26 2 0.0125 -0.0201275 -0.0911709 0.037146 0.660888 0.404978 -0.143492 -0.615329 0.034303
e_26_27 26 27 3 0.0125 -0.0389415 -0.100938 0.0545158 0.662075 0.400006 -0.143566 -0.617285 0.020509
e_27_3 27 3 4 0.0125 -0.052151 -0.107632 0.0697949 0.69795 0.306576 -0.119009 -0.636171 0.022278
10 23 22
3 0.0946053 0.11548 0.107498 0.0125
24 0.0829853 0.126947 0.119052 0.0125
23 0.0682443 0.136025 0.129067 0.0125
22 0.0546069 0.146331 0.139449 0.0125
21 0.0393956 0.155248 0.148889 0.0125
4 0.0671465 0.21154 0.078534 0.0125
20 0.0578199 0.204364 0.100641 0.0125
5 0.38847 0.143083 0.0439601 0.0125
10 0.3316 0.14244 0.0861612 0.0125
6 0.280355 0.00848694 0.0502064 0.0125
9 0.303743 0.0580063 0.0651098 0.0125
2 0.313313 0.139781 0.108744 0.0125
19 0.0458577 0.169806 0.155683 0.0125
8 0.309244 0.101111 0.0862515 0.0125
11 0.207985 0.170956 0.136111 0.0125
12 0.187183 0.178155 0.141968 0.0125
13 0.166044 0.179991 0.147173 0.0125
14 0.145996 0.179682 0.150919 0.0125
15 0.125385 0.179055 0.15695 0.0125
16 0.105442 0.177303 0.156342 0.0125
17 0.0854416 0.176776 0.155529 0.0125
18 0.0653793 0.174189 0.155623 0.0125
1 0.0260971 0.167383 0.157602 0.0125
e_2_8 2 8 1 0.0125 0.311279 0.120446 0.0974977 0.269467 0.540949 0.676558 -0.420751 0.04492
e_8_9 8 9 2 0.0125 0.306494 0.0795583 0.0756807 0.306081 0.573023 0.624814 -0.43309 0.048324
e_9_6 9 6 3 0.0125 0.292049 0.0332473 0.0576586 0.381966 0.715699 0.345059 -0.472029 0.056755
e_2_10 2 10 1 0.0125 0.322457 0.14111 0.0974524 0.333642 -0.249666 0.908088 -0.0415583 0.02918
e_10_5 10 5 2 0.0125 0.360035 0.142761 0.0650608 0.441467 -0.178081 0.875347 -0.0846257 0.07082
e_2_11 2 11 1 0.0125 0.260649 0.155368 0.122428 0.76857 -0.300618 -0.537355 0.173722 0.113203
e_11_12 11 12 2 0.0125 0.197584 0.174555 0.13904 0.771112 -0.327676 -0.513888 0.184212 0.022779
e_12_13 12 13 3 0.0125 0.176614 0.179072 0.14457 0.78194 -0.121594 -0.60506 0.0876759 0.021847
e_13_14 13 14 4 0.0125 0.15602 0.179837 0.149046 0.768084 -0.0261622 -0.638346 0.0433207 0.020397
e_14_15 14 15 5 0.0125 0.135691 0.179368 0.153934 0.80003 0.00507777 -0.599681 0.0175587 0.021484
e_15_16 15 16 6 0.0125 0.115413 0.178179 0.156646 0.695508 0.0283771 -0.717177 0.0334631 0.02003
e_16_17 16 17 7 0.0125 0.0954421 0.17704 0.155936 0.686897 -0.073417 -0.717584 0.0886341 0.020023
e_17_18 17 18 8 0.0125 0.0754105 0.175482 0.155576 0.708711 0.0978836 -0.698632 -0.00778582 0.020229
e_18_19 18 19 9 0.0125 0.0556182 0.171998 0.155653 0.702675 0.239008 -0.664372 -0.0879363 0.020007
e_19_1 19 1 10 0.0125 0.0359778 0.168595 0.156643 0.740111 0.0946417 -0.66564 -0.0142042 0.020001
e_1_20 1 20 1 0.0125 0.0419585 0.185874 0.129121 0.330013 -0.492204 0.798559 0.105501 0.074957
e_20_4 20 4 2 0.0125 0.0624832 0.207952 0.0895874 0.236 -0.40441 0.881938 0.0542395 0.025043
e_1_21 1 21 1 0.0125 0.0327471 0.161316 0.153245 0.458541 0.176929 0.828551 -0.268215 0.02
e_21_22 21 22 2 0.0125 0.0470019 0.15079 0.144169 0.464644 0.0764848 0.854496 -0.219301 0.02
e_22_23 22 23 3 0.0125 0.0614253 0.141179 0.134258 0.427765 0.118511 0.863434 -0.239696 0.02
e_23_24 23 24 4 0.0125 0.0756146 0.131485 0.124059 0.447987 0.0806774 0.862467 -0.221246 0.02
e_24_3 24 3 5 0.0125 0.0887953 0.121213 0.113275 0.379746 0.159578 0.873713 -0.258755 0.02
11 23 22
3 0.122274 0.0590879 0.0193017 0.0125
24 0.100763 0.0634148 0.020422 0.0125
23 0.0779671 0.0636639 0.0224195 0.0125
22 0.045605 0.0673491 0.030498 0.0125
4 -0.016543 0.112125 0.115643 0.0125
21 -0.00238156 0.092243 0.0851021 0.0125
1 0.0248255 0.067982 0.0363133 0.0125
12 -0.106175 0.135819 0.376413 0.0125
11 -0.092586 0.146187 0.363171 0.0125
10 -0.0790994 0.153117 0.349673 0.0125
9 -0.0602457 0.158986 0.340977 0.0125
2 0.000540138 0.167812 0.315674 0.0125
19 0.0211298 0.0851123 0.0716257 0.0125
8 -0.0312155 0.163407 0.330074 0.0125
6 -0.118716 0.123054 0.385416 0.0125
13 -0.00683479 0.158179 0.281984 0.0125
5 -0.0374857 0.136154 0.23006 0.0125
14 0.0203511 0.116612 0.175507 0.0125
15 0.020881 0.110489 0.147354 0.0125
16 0.0210386 0.10701 0.127358 0.0125
17 0.020257 0.100837 0.108319 0.0125
18 0.0193349 0.0951535 0.088867 0.0125
20 0.019781 0.0754122 0.0541848 0.0125
e_2_8 2 8 1 0.0125 -0.0153375 0.165609 0.322875 0.837445 0.0361918 -0.542046 0.0596827 0.035146
e_8_9 8 9 2 0.0125 -0.0457313 0.161197 0.335526 0.818622 0.0428382 -0.569328 0.0623524 0.031324
e_9_10 9 10 3 0.0125 -0.0696726 0.156052 0.345325 0.833804 0.112326 -0.534673 0.0792338 0.021576
e_10_11 10 11 4 0.0125 -0.0858424 0.149651 0.356421 0.908534 0.152841 -0.379712 0.0838146 0.020301
e_11_12 11 12 5 0.0125 -0.0993806 0.141003 0.369792 0.89205 0.225348 -0.378134 0.102375 0.021622
e_12_6 12 6 6 0.0125 -0.112446 0.129437 0.380915 0.841795 0.315306 -0.419369 0.126859 0.020032
e_2_13 2 13 1 0.0125 -0.00314734 0.162996 0.298829 0.131961 0.216302 -0.961063 0.110261 0.035808
e_13_5 13 5 2 0.0125 -0.0221603 0.147166 0.256022 0.286848 0.22709 -0.923511 0.115222 0.064192
e_2_14 2 14 1 0.0125 0.0104454 0.142212 0.24559 0.0357768 0.524625 -0.830863 0.182086 0.150534
e_14_15 14 15 2 0.0125 0.0206163 0.113551 0.16143 0.0136743 0.211394 -0.971496 0.106401 0.028816
e_15_16 15 16 3 0.0125 0.0209598 0.10875 0.137356 0.00739623 0.130398 -0.987717 0.0857673 0.020296
e_16_17 16 17 4 0.0125 0.0206476 0.103924 0.117838 0.0724061 0.340751 -0.926898 0.139663 0.020031
e_17_18 17 18 5 0.0125 0.0197959 0.0979951 0.0985931 0.0640556 0.294752 -0.944757 0.128269 0.020285
e_18_19 18 19 6 0.0125 0.020233 0.0901333 0.0802461 0.149288 0.676946 -0.687075 0.217682 0.020034
e_19_20 19 20 7 0.0125 0.0204552 0.0802621 0.0629046 0.168993 0.540767 -0.802207 0.18835 0.020002
e_20_1 20 1 8 0.0125 0.0223032 0.0716971 0.045249 0.0534997 0.71829 -0.65637 0.224445 0.020002
e_1_21 1 21 1 0.0125 0.011222 0.0801125 0.0607077 0.948823 -0.205703 -0.23904 -0.0167532 0.060903
e_21_4 21 4 2 0.0125 -0.00946203 0.102184 0.100372 0.943101 -0.262387 -0.201428 -0.0337682 0.039097
e_1_22 1 22 1 0.0125 0.0352155 0.067665 0.0334052 0.60369 -0.0142756 0.796555 -0.0292238 0.021587
e_22_23 22 23 2 0.0125 0.0617856 0.065506 0.0264586 0.616153 0.0872174 0.782781 -0.00147638 0.033558
e_23_24 23 24 3 0.0125 0.0893651 0.0635395 0.0214215 0.675054 -0.0201013 0.737044 -0.0257879 0.022884
e_24_3 24 3 4 0.0125 0.111518 0.0612514 0.0198619 0.688326 0.169939 0.704727 0.0262346 0.021971
12 25 24
3 -0.130083 -0.0137404 0.056394 0.0125
26 -0.118168 -0.028282 0.0868781 0.0125
25 -0.10512 -0.0429545 0.118953 0.0125
4 -0.0212568 -0.099429 0.0948255 0.0125
24 -0.0377727 -0.0883708 0.100762 0.0125
23 -0.0539594 -0.0760809 0.108382 0.0125
1 -0.0951099 -0.0530818 0.141394 0.0125
22 -0.076262 -0.0548637 0.13488 0.0125
21 -0.0591474 -0.0592446 0.125503 0.0125
6 0.235851 -0.189637 0.111851 0.0125
11 0.229976 -0.173793 0.0857864 0.0125
10 0.222219 -0.160325 0.0674844 0.0125
9 0.21309 -0.149804 0.0500774 0.0125
2 0.166391 -0.10956 0.0122363 0.0125
19 -0.025253 -0.0654831 0.104899 0.0125
8 0.198256 -0.133679 0.0344784 0.0125
12 0.162822 -0.107861 0.0548235 0.0125
13 0.154617 -0.112053 0.0769166 0.0125
5 0.144689 -0.10755 0.108374 0.0125
14 0.125009 -0.0977374 0.0286119 0.0125
15 0.0594233 -0.082361 0.0596398 0.0125
16 0.0381094 -0.0715107 0.0696585 0.0125
17 0.00998437 -0.0646299 0.081889 0.0125
18 -0.00855664 -0.0660047 0.0935889 0.0125
20 -0.0413547 -0.0617593 0.116253 0.0125
e_2_8 2 8 1 0.0125 0.182324 -0.12162 0.0233577 -0.134378 -0.44683 0.239136 -0.851528 0.045737
e_8_9 8 9 2 0.0125 0.205673 -0.141742 0.0422786 -0.356337 -0.419449 0.184575 -0.814259 0.026895
e_9_10 9 10 3 0.0125 0.217654 -0.155065 0.0587809 -0.362914 -0.29646 0.147394 -0.871023 0.022294
e_10_11 10 11 4 0.0125 0.226098 -0.167059 0.0766352 -0.703774 -0.337883 0.0686797 -0.621144 0.024011
e_11_6 11 6 5 0.0125 0.232913 -0.181715 0.0988181 -0.946862 -0.278207 -0.055304 -0.151643 0.031063
e_2_12 2 12 1 0.0125 0.164606 -0.10871 0.0335301 0.493307 -0.0461432 -0.00333369 0.868624 0.04277
e_12_13 12 13 2 0.0125 0.15872 -0.109957 0.06587 -0.0834768 -0.181733 -0.0740976 0.976993 0.023938
e_13_5 13 5 3 0.0125 0.149654 -0.109801 0.0926454 0.361056 -0.165815 0.00845809 0.917645 0.033292
e_2_14 2 14 1 0.0125 0.1457 -0.103648 0.0204239 0.0743164 -0.557628 0.106027 0.819931 0.046048
e_14_15 14 15 2 0.0125 0.0922159 -0.0900496 0.0441258 0.052179 -0.531662 0.0903213 0.840509 0.074166
e_15_16 15 16 3 0.0125 0.0487662 -0.0769357 0.0646487 0.201473 -0.539771 0.124369 0.80783 0.025931
e_16_17 16 17 4 0.0125 0.0240466 -0.0680707 0.0757737 0.0541326 -0.544223 0.0961916 0.831648 0.031432
e_17_18 17 18 5 0.0125 0.000713425 -0.0653176 0.0877385 -0.13064 -0.482042 0.0366023 0.86558 0.021966
e_18_19 18 19 6 0.0125 -0.0169048 -0.0657446 0.0992436 -0.0537874 -0.466706 0.043145 0.88172 0.020173
e_19_20 19 20 7 0.0125 -0.0333032 -0.0636211 0.110576 0.0771335 -0.461145 0.0649769 0.881574 0.020051
e_20_21 20 21 8 0.0125 -0.0502511 -0.0605018 0.120878 -0.000843458 -0.515521 0.0733799 0.853729 0.02021
e_21_22 21 22 9 0.0125 -0.0677052 -0.0570537 0.130191 0.0736904 -0.508385 0.0843987 0.85381 0.020001
e_22_1 22 1 10 0.0125 -0.0856859 -0.0539722 0.138138 -0.0499748 -0.573773 0.09006 0.812512 0.020021
e_1_23 1 23 1 0.0125 -0.0745351 -0.0645809 0.124888 -0.0562582 -0.821248 0.335198 -0.458289 0.057551
e_23_24 23 24 2 0.0125 -0.0458659 -0.0822267 0.104572 -0.148597 -0.761601 0.309027 -0.549895 0.021705
e_24_4 24 4 3 0.0125 -0.0295153 -0.0939002 0.0977942 -0.112993 -0.738714 0.31208 -0.586634 0.020744
e_1_25 1 25 1 0.0125 -0.100116 -0.0480181 0.130173 0.124497 -0.908931 0.309871 0.249648 0.026578
e_25_26 25 26 2 0.0125 -0.111644 -0.0356188 0.102916 0.132929 -0.91005 0.313457 0.236397 0.037607
e_26_3 26 3 3 0.0125 -0.124125 -0.0210116 0.071636 0.142693 -0.908929 0.315325 0.232503 0.035815
13 20 19
3 0.199268 0.161165 0.182625 0.0125
21 0.215825 0.148561 0.17933 0.0125
20 0.233517 0.137268 0.181219 0.0125
19 0.25188 0.126003 0.18152 0.0125
11 -0.0140331 0.0430385 0.138137 0.0125
10 -0.00254646 0.0510177 0.0985656 0.0125
6 -0.120307 0.125832 0.0962468 0.0125
9 -0.100746 0.113907 0.0972835 0.0125
2 0.0084001 0.0579352 0.0694856 0.0125
8 -0.0722028 0.0901468 0.0872894 0.0125
5 -0.0199395 0.0469995 0.16335 0.0125
12 0.191312 0.0887427 0.145422 0.0125
13 0.220264 0.0983024 0.164768 0.0125
14 0.240624 0.103446 0.16999 0.0125
15 0.260463 0.10176 0.173432 0.0125
1 0.281566 0.106343 0.174386 0.0125
18 0.288453 0.169405 0.134181 0.0125
16 0.288281 0.131084 0.153449 0.0125
17 0.290216 0.150176 0.140383 0.0125
4 0.28734 0.192079 0.12849 0.0125
e_2_8 2 8 1 0.0125 -0.0319009 0.0740409 0.0783876 0.774325 -0.256898 -0.57753 0.0297103 0.088608
e_8_9 8 9 2 0.0125 -0.0864745 0.102027 0.0922864 0.793625 -0.383903 -0.471908 -0.00895405 0.038461
e_9_6 9 6 3 0.0125 -0.110526 0.11987 0.0967648 0.69042 -0.400247 -0.601985 0.0271409 0.022932
e_2_10 2 10 1 0.0125 0.00292711 0.0544761 0.0840263 0.97743 0.117714 -0.171403 -0.0373581 0.031833
e_10_11 10 11 2 0.0125 -0.0082894 0.0470282 0.118352 0.984447 0.103063 -0.134011 -0.0477899 0.04197
e_11_5 11 5 3 0.0125 -0.0169869 0.0450193 0.150744 0.988097 -0.0681069 -0.118898 -0.0699209 0.026197
e_2_12 2 12 1 0.0125 0.0998563 0.0733387 0.107453 0.803703 -0.227621 0.508681 -0.208553 0.20043
e_12_13 12 13 2 0.0125 0.205789 0.0935218 0.155095 0.85449 -0.248721 0.412607 -0.19427 0.036109
e_13_14 13 14 3 0.0125 0.230443 0.100874 0.167379 0.756933 -0.310503 0.531918 -0.218412 0.021639
e_14_15 14 15 4 0.0125 0.250544 0.102603 0.17171 0.733072 -0.13114 0.630575 -0.218591 0.020206
e_15_1 15 1 5 0.0125 0.271015 0.104052 0.173909 0.684871 -0.35434 0.593621 -0.230238 0.021615
e_1_16 1 16 1 0.0125 0.284923 0.118714 0.163917 0.409365 -0.902891 -0.0325167 -0.127084 0.0331
e_16_17 16 17 2 0.0125 0.289248 0.140631 0.146916 0.454603 -0.875942 -0.118848 -0.109257 0.023215
e_17_18 17 18 3 0.0125 0.289334 0.159791 0.137282 0.581795 -0.782952 -0.199694 -0.0928626 0.020281
e_18_4 18 4 4 0.0125 0.287896 0.180743 0.131336 0.606816 -0.770466 -0.167264 -0.100891 0.023405
e_1_19 1 19 1 0.0125 0.266723 0.116174 0.177953 0.773426 -0.355181 -0.524977 0.00762672 0.036314
e_19_20 19 20 2 0.0125 0.242698 0.131635 0.18137 0.701698 -0.393639 -0.593335 0.0249417 0.021545
e_20_21 20 21 3 0.0125 0.22467 0.142914 0.180275 0.674123 -0.421814 -0.60572 0.0270983 0.021073
e_21_3 21 3 4 0.0125 0.207547 0.154863 0.180978 0.760388 -0.395052 -0.515498 0.00240876 0.021068
14 19 18
3 -0.00764461 0.263604 0.119853 0.0125
20 -0.0160779 0.188747 0.146679 0.0125
4 0.00215837 0.0722663 0.155733 0.0125
12 -0.308751 0.00961456 0.0516249 0.0125
11 -0.297452 -0.00469253 0.0646621 0.0125
10 -0.284761 -0.0168714 0.0789389 0.0125
9 -0.269332 -0.0237636 0.0978603 0.0125
2 -0.230447 -0.0358938 0.131421 0.0125
19 -0.00278497 0.101482 0.154168 0.0125
8 -0.249798 -0.0317151 0.112387 0.0125
6 -0.318851 0.0279863 0.0354286 0.0125
13 -0.246649 -0.0179786 0.150968 0.0125
5 -0.280142 0.0168773 0.200103 0.0125
14 -0.180719 0.0234792 0.123102 0.0125
15 -0.1532 0.0459362 0.127673 0.0125
16 -0.124475 0.0753551 0.13251 0.0125
17 -0.0955524 0.10887 0.133327 0.0125
1 -0.0182285 0.17002 0.15347 0.0125
18 -0.00704422 0.125836 0.153063 0.0125
e_2_8 2 8 1 0.0125 -0.240122 -0.0338048 0.121905 0.092985 0.827549 -0.402113 -0.380553 0.027462
e_8_9 8 9 2 0.0125 -0.259565 -0.0277395 0.105123 0.100229 0.728718 -0.502598 -0.454224 0.02561
e_9_10 9 10 3 0.0125 -0.277046 -0.0203175 0.0883996 0.00388029 0.848876 -0.390302 -0.356452 0.025368
e_10_11 10 11 4 0.0125 -0.291107 -0.0107814 0.0718005 -0.0748486 0.750254 -0.502217 -0.423432 0.022655
e_11_12 11 12 5 0.0125 -0.303101 0.00246142 0.0581432 -0.113185 0.706733 -0.539782 -0.443118 0.022412
e_12_6 12 6 6 0.0125 -0.313801 0.0187998 0.0435264 -0.208694 0.753303 -0.488077 -0.388281 0.026493
e_2_13 2 13 1 0.0125 -0.238548 -0.0269357 0.141195 0.780211 -0.130929 -0.41027 -0.453659 0.031074
e_13_5 13 5 2 0.0125 -0.263395 -0.000550251 0.175535 0.823926 -0.12371 -0.358144 -0.421396 0.068926
e_2_14 2 14 1 0.0125 -0.205583 -0.00620783 0.127261 0.442736 -0.0200229 0.743637 0.500587 0.077893
e_14_15 14 15 2 0.0125 -0.16696 0.0347079 0.125388 0.635084 -0.080191 0.655549 0.400616 0.035812
e_15_16 15 16 3 0.0125 -0.138838 0.0606461 0.130091 0.63222 -0.154748 0.646243 0.398398 0.041399
e_16_17 16 17 4 0.0125 -0.110014 0.0921119 0.132919 0.559619 -0.13192 0.688021 0.442776 0.044278
e_17_1 17 1 5 0.0125 -0.0568903 0.139445 0.143399 0.6814 -0.109097 0.622899 0.368496 0.100618
e_1_18 1 18 1 0.0125 -0.0126369 0.147928 0.153266 0.70369 0.683595 0.192766 -0.0189496 0.04558
e_18_19 18 19 2 0.0125 -0.00491459 0.113659 0.153616 0.72128 0.671939 0.161784 -0.0455935 0.024749
e_19_4 19 4 3 0.0125 -0.000312772 0.0868745 0.154951 0.723935 0.669511 0.159319 -0.0478508 0.029671
e_1_20 1 20 1 0.0125 -0.0171533 0.179383 0.150074 -0.545738 0.80098 0.16704 0.180825 0.020035
e_20_3 20 3 2 0.0125 -0.0118613 0.226175 0.133266 -0.55063 0.802753 0.152756 0.17047 0.079965
15 25 24
3 0.00887651 0.0350525 0.0307417 0.0125
26 0.000657465 0.0316448 0.0487088 0.0125
25 -0.00750523 0.0253879 0.0739181 0.0125
24 -0.00858434 0.0189643 0.104384 0.0125
4 -0.0462858 -0.0369549 0.20359 0.0125
23 -0.0214602 -0.00153656 0.148034 0.0125
1 -0.00986467 0.0131668 0.12512 0.0125
22 -0.0225426 0.00055634 0.116083 0.0125
21 -0.0359375 -0.0134254 0.110995 0.0125
6 -0.304857 -0.18678 0.0175904 0.0125
11 -0.286223 -0.187966 0.0251249 0.0125
10 -0.266451 -0.188969 0.0331442 0.0125
9 -0.245765 -0.186744 0.040014 0.0125
2 -0.173665 -0.222496 0.069466 0.0125
19 -0.0640074 -0.0422512 0.105911 0.0125
8 -0.219347 -0.193521 0.0482857 0.0125
12 -0.165855 -0.194969 0.0681368 0.0125
13 -0.156275 -0.161331 0.0659655 0.0125
5 -0.156512 -0.125167 0.062698 0.0125
14 -0.165486 -0.181462 0.0756501 0.0125
15 -0.142878 -0.137104 0.0834085 0.0125
16 -0.110212 -0.0853222 0.0926971 0.0125
17 -0.0945994 -0.0672769 0.0966959 0.0125
18 -0.0793068 -0.0545522 0.1012 0.0125
20 -0.0498647 -0.0276896 0.108479 0.0125
e_2_8 2 8 1 0.0125 -0.196506 -0.208009 0.0588763 0.516111 -0.685509 -0.46083 0.22659 0.058095
e_8_9 8 9 2 0.0125 -0.232556 -0.190133 0.0441506 0.590215 -0.303282 -0.743732 0.0808056 0.0285
e_9_10 9 10 3 0.0125 -0.256108 -0.187856 0.0365792 0.577198 0.223338 -0.779041 -0.100292 0.021911
e_10_11 10 11 4 0.0125 -0.276337 -0.188468 0.0291342 0.55794 0.00432065 -0.829283 -0.0312097 0.021359
e_11_6 11 6 5 0.0125 -0.29554 -0.187374 0.0213576 0.558868 -0.0174457 -0.828732 -0.0237685 0.020135
e_2_12 2 12 1 0.0125 -0.16976 -0.208733 0.0688014 0.638979 -0.569118 0.446443 0.261722 0.028644
e_12_13 12 13 2 0.0125 -0.161065 -0.178151 0.0670508 0.632577 -0.570845 0.4529 0.262419 0.035043
e_13_5 13 5 3 0.0125 -0.156393 -0.143249 0.0643322 0.6117 -0.671463 0.306785 0.284331 0.036313
e_2_14 2 14 1 0.0125 -0.169575 -0.201979 0.0725577 0.712873 -0.560398 0.335931 0.254789 0.042296
e_14_15 14 15 2 0.0125 -0.154182 -0.159284 0.0795292 0.723538 -0.46205 0.457738 0.231253 0.050387
e_15_16 15 16 3 0.0125 -0.126544 -0.111213 0.0880526 0.725147 -0.425582 0.493844 0.22172 0.061926
e_16_17 16 17 4 0.0125 -0.102406 -0.0762991 0.0946968 0.735831 -0.358587 0.537381 0.202954 0.024194
e_17_18 17 18 5 0.0125 -0.086953 -0.0609144 0.0989474 0.760516 -0.278705 0.558488 0.178971 0.020398
e_18_19 18 19 6 0.0125 -0.0716574 -0.0484011 0.103555 0.765271 -0.269834 0.557243 0.176156 0.020188
e_19_20 19 20 7 0.0125 -0.056936 -0.0349709 0.107195 0.723784 -0.336546 0.5692 0.197191 0.020461
e_20_21 20 21 8 0.0125 -0.0429011 -0.0205575 0.109737 0.723781 -0.335374 0.570012 0.196855 0.020094
e_21_22 21 22 9 0.0125 -0.0292405 -0.00643413 0.11354 0.768248 -0.325342 0.516781 0.192054 0.02002
e_22_1 22 1 10 0.0125 -0.016204 0.00686149 0.120602 0.833323 -0.284587 0.439886 0.176303 0.020035
e_1_23 1 23 1 0.0125 -0.0156626 0.00581548 0.136577 0.940374 0.275148 -0.19269 -0.053487 0.029592
e_23_4 23 4 2 0.0125 -0.0338723 -0.0192452 0.175812 0.944372 0.275766 -0.171528 -0.0518942 0.070408
e_1_24 1 24 1 0.0125 -0.0092242 0.0160655 0.114752 0.0513493 -0.158825 0.977476 0.129146 0.021569
e_24_25 24 25 2 0.0125 -0.00804488 0.022176 0.0891517 0.0256394 -0.0794951 0.991279 0.10193 0.031155
e_25_26 25 26 3 0.0125 -0.00342428 0.0285163 0.0613137 0.160813 -0.0707748 0.978745 0.105771 0.027226
e_26_3 26 3 4 0.0125 0.00476766 0.0333492 0.0397254 0.210984 -0.00526421 0.973671 0.08615 0.02005
