15
1 26 25
3 -0.019017 -0.0511986 0.0125602 0.0125
27 -0.0118842 -0.0332795 0.0178551 0.0125
26 -0.00762775 -0.0140753 0.0214703 0.0125
25 -0.0036347 0.0051832 0.0251001 0.0125
24 -0.00369682 0.024782 0.0290855 0.0125
4 0.0491706 0.123699 0.0121787 0.0125
23 0.0358394 0.108794 0.0125182 0.0125
22 0.0243233 0.0929938 0.0167331 0.0125
21 0.0156347 0.0768243 0.0246728 0.0125
20 0.00388347 0.0609281 0.0277077 0.0125
6 0.248108 -0.290427 0.143703 0.0125
11 0.23814 -0.273885 0.138504 0.0125
10 0.22975 -0.257195 0.131332 0.0125
9 0.221187 -0.238197 0.123812 0.0125
2 0.200525 -0.156029 0.101109 0.0125
19 0.0052823 0.0285812 0.0354475 0.0125
8 0.204739 -0.176935 0.105058 0.0125
12 0.214681 -0.152307 0.0716119 0.0125
13 0.225839 -0.150499 0.0544965 0.0125
14 0.234286 -0.147089 0.0338363 0.0125
5 0.241944 -0.145272 0.0111851 0.0125
15 0.179537 -0.13738 0.0876461 0.0125
16 0.0513676 -0.0263879 0.0457771 0.0125
17 0.0336846 -0.00413779 0.0409602 0.0125
18 0.0209186 0.0139589 0.0383598 0.0125
1 -0.0073941 0.0444234 0.0283619 0.0125
e_2_8 2 8 1 0.0125 0.202631 -0.166481 0.103084 0.760755 0.602088 0.215492 -0.11093 0.021689
e_8_9 8 9 2 0.0125 0.212963 -0.207565 0.114435 0.794704 0.553875 0.226855 -0.101015 0.066146
e_9_10 9 10 3 0.0125 0.225469 -0.247696 0.127572 0.814248 0.497705 0.287388 -0.0818386 0.022154
e_10_11 10 11 4 0.0125 0.233946 -0.26554 0.134918 0.82058 0.480144 0.300372 -0.0767244 0.02001
e_11_6 11 6 5 0.0125 0.243125 -0.282156 0.141104 0.790651 0.491572 0.358343 -0.06942 0.020001
e_2_12 2 12 1 0.0125 0.207603 -0.154168 0.0863605 0.206021 0.182144 0.956406 0.0983157 0.03293
e_12_13 12 13 2 0.0125 0.22026 -0.151403 0.0630539 0.271194 0.171436 0.942243 0.096136 0.020511
e_13_14 13 14 3 0.0125 0.230063 -0.148794 0.0441665 0.176636 0.15392 0.966343 0.106253 0.022579
e_14_5 14 5 4 0.0125 0.238115 -0.146181 0.0225106 0.145064 0.271962 0.947803 0.0816207 0.02398
e_2_15 2 15 1 0.0125 0.190031 -0.146704 0.0943782 0.532741 -0.5592 -0.635198 -0.00245961 0.031137
e_15_16 15 16 2 0.0125 0.115452 -0.0818844 0.0667119 0.616438 -0.504251 -0.604652 -0.0114626 0.17464
e_16_17 16 17 3 0.0125 0.0425261 -0.0152628 0.0433687 0.644417 -0.622551 -0.442686 0.0344393 0.028827
e_17_18 17 18 4 0.0125 0.0273018 0.0049104 0.0396604 0.663069 -0.638245 -0.388552 0.0448259 0.022298
e_18_19 18 19 5 0.0125 0.0131004 0.0212701 0.0369036 0.657721 -0.511194 -0.553234 -0.00393171 0.021605
e_19_1 19 1 6 0.0125 -0.00105544 0.0365023 0.0319045 0.577224 -0.673687 -0.459354 0.0441851 0.021491
e_1_20 1 20 1 0.0125 -0.00175485 0.0526758 0.0280346 0.679095 -0.49189 0.523809 0.149995 0.02
e_20_21 20 21 2 0.0125 0.00975862 0.0688762 0.0261905 0.631572 -0.481798 0.586315 0.158816 0.02
e_21_22 21 22 3 0.0125 0.0199789 0.0849096 0.0207027 0.517705 -0.56228 0.618333 0.182995 0.02
e_22_23 22 23 4 0.0125 0.0300814 0.100894 0.0146257 0.606488 -0.487591 0.606318 0.163725 0.02
e_23_4 23 4 5 0.0125 0.0425052 0.116246 0.0123487 0.686192 -0.422766 0.57424 0.143725 0.02
e_1_24 1 24 1 0.0125 -0.00554564 0.0346029 0.0287233 0.710381 0.652616 0.236651 -0.115962 0.02
e_24_25 24 25 2 0.0125 -0.00366536 0.0149821 0.0270925 0.616714 0.754176 0.17562 -0.14156 0.02
e_25_26 25 26 3 0.0125 -0.00563187 -0.00444591 0.023285 0.618382 0.76746 0.0419293 -0.163862 0.02
e_26_27 26 27 4 0.0125 -0.00975556 -0.0236779 0.0196624 0.618317 0.767659 0.033019 -0.165209 0.02
e_27_3 27 3 5 0.0125 -0.0154507 -0.0422395 0.0152075 0.578298 0.793059 -0.0584062 -0.182257 0.02
2 27 26
3 0.0596652 -0.00527949 0.0196702 0.0125
28 0.0516333 0.00921599 0.033258 0.0125
27 0.0440153 0.0257476 0.0469701 0.0125
26 0.0311793 0.0453348 0.058455 0.0125
4 0.028773 0.154976 0.116564 0.0125
25 0.0279455 0.133163 0.103986 0.0125
24 0.0259205 0.106645 0.0915123 0.0125
23 0.0180421 0.08514 0.0804995 0.0125
1 0.0162277 0.067045 0.0721316 0.0125
22 0.00510484 0.0515436 0.0656556 0.0125
21 -0.00233048 0.0338968 0.0589977 0.0125
12 -0.272688 -0.231039 0.0129496 0.0125
11 -0.256933 -0.21613 0.0155923 0.0125
10 -0.237338 -0.202772 0.019579 0.0125
9 -0.221131 -0.187405 0.0267127 0.0125
2 -0.180863 -0.149762 0.0509753 0.0125
19 -0.026548 0.00151451 0.0492261 0.0125
8 -0.197915 -0.164596 0.0431853 0.0125
6 -0.287956 -0.24432 0.0141338 0.0125
13 -0.160179 -0.138978 0.0440219 0.0125
14 -0.143774 -0.127518 0.0424471 0.0125
15 -0.124058 -0.10813 0.0401268 0.0125
5 -0.104177 -0.0887896 0.0377535 0.0125
16 -0.0979214 -0.0770155 0.0414286 0.0125
17 -0.0757767 -0.0514598 0.0429648 0.0125
18 -0.0413773 -0.0118645 0.045912 0.0125
20 -0.0112214 0.0160593 0.053896 0.0125
e_2_8 2 8 1 0.0125 -0.189388 -0.157179 0.0470803 0.523671 0.216811 -0.78481 0.250669 0.023907
e_8_9 8 9 2 0.0125 -0.209523 -0.176 0.0349484 0.461147 0.237832 -0.818062 0.248103 0.036477
e_9_10 9 10 3 0.0125 -0.229234 -0.195088 0.0231457 0.526636 0.232352 -0.773406 0.265536 0.023446
e_10_11 10 11 4 0.0125 -0.247135 -0.209452 0.0175857 0.60115 0.169623 -0.744381 0.236099 0.024048
e_11_12 11 12 5 0.0125 -0.26481 -0.223585 0.0142709 0.597552 0.228322 -0.712991 0.287132 0.021852
e_12_6 12 6 6 0.0125 -0.280323 -0.23768 0.0135418 0.666415 0.204892 -0.654828 0.291737 0.020271
e_2_13 2 13 1 0.0125 -0.170521 -0.144369 0.0474986 -0.217033 -0.52779 -0.603552 -0.556829 0.024341
e_13_14 13 14 2 0.0125 -0.151976 -0.133248 0.0432341 0.527189 -0.705812 0.202629 -0.4276 0.020072
e_14_15 14 15 3 0.0125 -0.133917 -0.117824 0.0412866 0.468398 -0.736011 -0.00941389 -0.488675 0.02775
e_15_5 15 5 4 0.0125 -0.114118 -0.0984597 0.0389406 0.466712 -0.7366 -0.00733587 -0.489434 0.027838
e_2_16 2 16 1 0.0125 -0.139392 -0.113389 0.0462016 0.473521 -0.735797 0.0413563 -0.482359 0.110735
e_16_17 16 17 2 0.0125 -0.0868486 -0.0642375 0.0421966 0.601507 -0.685402 0.0867427 -0.401109 0.033851
e_17_18 17 18 3 0.0125 -0.0585769 -0.0316621 0.0444389 0.611492 -0.679825 0.0989563 -0.392585 0.052534
e_18_19 18 19 4 0.0125 -0.0339629 -0.00517467 0.0475685 0.72191 -0.565021 0.31448 -0.246374 0.020245
e_19_20 19 20 5 0.0125 -0.0188847 0.00878689 0.051561 0.748127 -0.541507 0.314426 -0.219573 0.02164
e_20_21 20 21 6 0.0125 -0.0067766 0.0249783 0.0564468 0.726294 -0.612155 0.035722 -0.310625 0.020574
e_21_22 21 22 7 0.0125 0.00138724 0.0427203 0.0623271 0.768596 -0.578454 0.0345922 -0.271025 0.020273
e_22_1 22 1 8 0.0125 0.0106656 0.0592946 0.0688937 0.779814 -0.549849 0.192269 -0.229324 0.020149
e_1_23 1 23 1 0.0125 0.0171349 0.0760925 0.0763156 0.809366 -0.530756 -0.0963221 -0.232262 0.020019
e_23_24 23 24 2 0.0125 0.0219809 0.0958925 0.086006 0.818711 -0.529938 0.0499261 -0.215374 0.025413
e_24_25 24 25 3 0.0125 0.0269331 0.119904 0.0977495 0.812554 -0.525928 -0.105274 -0.228195 0.029375
e_25_4 25 4 4 0.0125 0.0283586 0.14407 0.110275 0.84478 -0.491999 -0.0910581 -0.189715 0.025193
e_1_26 1 26 1 0.0125 0.0237035 0.0561899 0.0652933 0.117357 0.631181 -0.576081 0.505934 0.029697
e_26_27 26 27 2 0.0125 0.0375972 0.0355418 0.0527129 0.135119 0.631026 -0.567418 0.511454 0.026083
e_27_28 27 28 3 0.0125 0.0478242 0.0174824 0.0401144 0.108228 0.560446 -0.69767 0.432947 0.022789
e_28_3 28 3 4 0.0125 0.0556497 0.00196843 0.026464 0.0697562 0.561159 -0.708603 0.422038 0.02143
3 28 27
3 -0.286073 -0.117775 0.180395 0.0125
29 -0.283583 -0.12088 0.160795 0.0125
28 -0.28425 -0.12871 0.142404 0.0125
27 -0.283896 -0.132739 0.122817 0.0125
26 -0.283514 -0.136756 0.103229 0.0125
4 -0.34547 -0.167993 0.0114574 0.0125
25 -0.323057 -0.150443 0.0410305 0.0125
24 -0.300492 -0.141526 0.0660976 0.0125
1 -0.284237 -0.136944 0.0832426 0.0125
23 -0.285188 -0.116806 0.0837149 0.0125
22 -0.288754 -0.0972672 0.0868891 0.0125
21 -0.290804 -0.0772741 0.0861964 0.0125
11 -0.231818 0.143443 0.0361275 0.0125
6 -0.388444 0.0886587 0.0123276 0.0125
10 -0.368833 0.0953885 0.0160723 0.0125
9 -0.350813 0.105847 0.0206024 0.0125
2 -0.251712 0.144352 0.0342747 0.0125
19 -0.298362 -0.0347715 0.0826952 0.0125
8 -0.329368 0.117026 0.0266797 0.0125
12 -0.212038 0.140577 0.0354049 0.0125
13 -0.19267 0.13719 0.0317436 0.0125
14 -0.1743 0.136808 0.0238428 0.0125
5 -0.157971 0.137697 0.0123294 0.0125
15 -0.284792 0.069981 0.0466281 0.0125
16 -0.292571 0.04192 0.0555448 0.0125
17 -0.298436 0.00853538 0.074457 0.0125
18 -0.297804 -0.0135274 0.0808185 0.0125
20 -0.294712 -0.0570779 0.0874582 0.0125
e_2_8 2 8 1 0.0125 -0.29054 0.130689 0.0304776 0.601632 -0.0949343 -0.732749 0.303489 0.082673
e_8_9 8 9 2 0.0125 -0.340089 0.111436 0.0236416 0.526451 -0.0493195 -0.787033 0.317798 0.024936
e_9_10 9 10 3 0.0125 -0.359824 0.100618 0.0183375 0.530098 -0.030235 -0.778025 0.335796 0.021323
e_10_6 10 6 4 0.0125 -0.378639 0.0920236 0.0141993 0.573266 -0.102401 -0.760518 0.287215 0.021068
e_2_11 2 11 1 0.0125 -0.241765 0.143897 0.0352007 0.280205 0.634293 0.226611 0.683963 0.02
e_11_12 11 12 2 0.0125 -0.221928 0.14201 0.0357665 0.0500281 0.717921 -0.0515852 0.692406 0.02
e_12_13 12 13 3 0.0125 -0.202354 0.138884 0.0335743 -0.153593 0.703565 -0.310666 0.620396 0.02
e_13_14 13 14 4 0.0125 -0.183485 0.136999 0.0277929 -0.450554 0.464638 -0.694004 0.315389 0.02
e_14_5 14 5 5 0.0125 -0.166136 0.137253 0.0180859 -0.456822 0.161337 -0.872815 0.0589824 0.02
e_2_15 2 15 1 0.0125 -0.268252 0.107167 0.0404506 0.527524 0.22404 -0.612195 0.54474 0.082328
e_15_16 15 16 2 0.0125 -0.288682 0.0559505 0.0510865 0.547915 0.274255 -0.527622 0.588378 0.030454
e_16_17 16 17 3 0.0125 -0.295504 0.0252277 0.0650009 0.606491 0.28846 -0.416139 0.613016 0.038816
e_17_18 17 18 4 0.0125 -0.298121 -0.00249653 0.0776381 0.479051 0.374111 -0.470714 0.639515 0.02297
e_18_19 18 19 5 0.0125 -0.298084 -0.0241495 0.0817562 0.412198 0.362579 -0.569704 0.61161 0.021334
e_19_20 19 20 6 0.0125 -0.296537 -0.045925 0.0850762 0.418876 0.421024 -0.468647 0.653951 0.0231
e_20_21 20 21 7 0.0125 -0.292758 -0.0671761 0.0868268 0.292165 0.430163 -0.587859 0.619694 0.020609
e_21_22 21 22 8 0.0125 -0.289778 -0.0872705 0.0865427 0.357453 0.405033 -0.564554 0.624063 0.02011
e_22_23 22 23 9 0.0125 -0.286971 -0.107037 0.0853016 0.253544 0.41821 -0.635617 0.597334 0.020114
e_23_1 23 1 10 0.0125 -0.284712 -0.126875 0.0834787 0.347549 0.384671 -0.603113 0.606211 0.020166
e_1_24 1 24 1 0.0125 -0.292364 -0.139235 0.0746701 0.34398 -0.14721 -0.913524 0.15963 0.024066
e_24_25 24 25 2 0.0125 -0.311774 -0.145984 0.0535641 0.328648 -0.117202 -0.91953 0.180885 0.034886
e_25_4 25 4 3 0.0125 -0.334264 -0.159218 0.0262444 0.28627 -0.0319001 -0.926933 0.240474 0.041048
e_1_26 1 26 1 0.0125 -0.283875 -0.13685 0.0932351 0.903532 0.00350017 0.01834 0.428114 0.02
e_26_27 26 27 2 0.0125 -0.283705 -0.134748 0.113023 0.932314 -0.0979572 0.0262035 0.347144 0.02
e_27_28 27 28 3 0.0125 -0.284073 -0.130725 0.13261 0.932337 -0.0979855 0.0269915 0.347013 0.02
e_28_29 28 29 4 0.0125 -0.283916 -0.124795 0.151599 0.943639 -0.187894 0.070101 0.263299 0.02
e_29_3 29 3 5 0.0125 -0.284827 -0.119327 0.170595 0.929008 -0.0952465 -0.0304687 0.356292 0.02
4 23 22
3 -0.190202 0.254884 0.0284936 0.0125
24 -0.171533 0.24871 0.0242813 0.0125
23 -0.148517 0.245572 0.0201875 0.0125
22 -0.119917 0.240903 0.0144884 0.0125
4 -0.182167 0.205339 0.0327432 0.0125
21 -0.146824 0.226996 0.0201662 0.0125
20 -0.126919 0.23565 0.0138948 0.0125
5 -0.148679 0.0393209 0.0222434 0.0125
10 -0.125553 -0.0354069 0.0183908 0.0125
6 -0.042905 0.0190676 0.118006 0.0125
9 -0.0703034 -0.0155633 0.0690826 0.0125
2 -0.117895 -0.0548802 0.0127153 0.0125
19 -0.0946123 0.221068 0.0114326 0.0125
8 -0.106157 -0.0440543 0.0328612 0.0125
11 -0.119946 -0.00442086 0.0177637 0.0125
12 -0.114876 0.0752949 0.0248238 0.0125
13 -0.109869 0.103115 0.0240268 0.0125
14 -0.106456 0.123591 0.0232818 0.0125
15 -0.104931 0.143047 0.0188629 0.0125
16 -0.103815 0.162245 0.0133692 0.0125
17 -0.0993822 0.181747 0.0133993 0.0125
18 -0.0944047 0.201087 0.0123049 0.0125
1 -0.0933861 0.241023 0.0109207 0.0125
e_2_8 2 8 1 0.0125 -0.112026 -0.049468 0.022788 0.940789 -0.243159 0.221438 -0.082192 0.025707
e_8_9 8 9 2 0.0125 -0.0882296 -0.0298087 0.0509721 0.897695 -0.295242 0.3204 -0.065721 0.058389
e_9_6 9 6 3 0.0125 -0.0566044 0.00175196 0.093545 0.932213 -0.292199 0.208447 -0.0463486 0.065904
e_2_10 2 10 1 0.0125 -0.121725 -0.0451438 0.0155535 0.754931 -0.6065 -0.0355608 0.246926 0.021681
e_10_5 10 5 2 0.0125 -0.137116 0.00195724 0.0203175 0.66507 -0.685551 0.0736768 0.286834 0.078319
e_2_11 2 11 1 0.0125 -0.118921 -0.0296507 0.0152401 0.705577 -0.646401 0.180078 0.227815 0.050753
e_11_12 11 12 2 0.0125 -0.117411 0.0354373 0.0212943 0.707824 -0.634666 0.230607 0.207378 0.080188
e_12_13 12 13 3 0.0125 -0.112372 0.0892046 0.0244257 0.668796 -0.641237 0.320787 0.196527 0.028278
e_13_14 13 14 4 0.0125 -0.108163 0.113353 0.0236545 0.664704 -0.645442 0.318345 0.200575 0.020772
e_14_15 14 15 5 0.0125 -0.105694 0.133319 0.0210727 0.576246 -0.695588 0.355748 0.239876 0.020009
e_15_16 15 16 6 0.0125 -0.104372 0.152646 0.0161166 0.548549 -0.706862 0.371071 0.248486 0.02
e_16_17 16 17 7 0.0125 -0.101598 0.171995 0.0133841 0.683853 -0.625622 0.328425 0.181875 0.02
e_17_18 17 18 8 0.0125 -0.0968932 0.191417 0.0128517 0.663179 -0.630716 0.359942 0.181198 0.02
e_18_19 18 19 9 0.0125 -0.0945083 0.211077 0.0118686 0.64747 -0.678921 0.246692 0.242883 0.02
e_19_1 19 1 10 0.0125 -0.0939988 0.231045 0.0111771 0.661056 -0.662838 0.271012 0.224059 0.02
e_1_20 1 20 1 0.0125 -0.110153 0.238336 0.012408 0.729454 0.202829 -0.644392 -0.107312 0.03409
e_20_21 20 21 2 0.0125 -0.136871 0.231323 0.0170305 0.735049 0.436803 -0.412809 -0.313839 0.022593
e_21_4 21 4 3 0.0125 -0.164495 0.216167 0.0264547 0.702919 0.518141 -0.293873 -0.388682 0.043317
e_1_22 1 22 1 0.0125 -0.106652 0.240964 0.0127047 0.751698 -0.0319256 -0.657525 0.0399003 0.02677
e_22_23 22 23 2 0.0125 -0.134216 0.243238 0.0173379 0.759975 -0.212363 -0.598681 0.137554 0.029534
e_23_24 23 24 3 0.0125 -0.160025 0.247141 0.0222344 0.754808 -0.194133 -0.612806 0.130557 0.023588
e_24_3 24 3 4 0.0125 -0.180868 0.251797 0.0263875 0.749598 -0.349141 -0.52284 0.206979 0.020109
5 22 21
3 0.148859 -0.137967 0.0698889 0.0125
23 0.134743 -0.150522 0.0596107 0.0125
22 0.117995 -0.156777 0.0500836 0.0125
21 0.0973396 -0.160398 0.034841 0.0125
4 0.144697 -0.23064 0.0513055 0.0125
20 0.103011 -0.198674 0.024546 0.0125
11 -0.143002 -0.0457622 0.127381 0.0125
10 -0.147297 -0.0357242 0.110624 0.0125
6 -0.121966 0.136376 0.0771981 0.0125
9 -0.153623 -0.0232228 0.096351 0.0125
2 -0.162202 -0.00779576 0.0869491 0.0125
19 0.0502194 -0.156646 0.0194325 0.0125
8 -0.156116 0.0133118 0.0857222 0.0125
12 -0.132511 -0.0537391 0.142424 0.0125
5 -0.120662 -0.0556298 0.158425 0.0125
13 -0.129085 -0.0317915 0.081067 0.0125
14 -0.0613733 -0.0838073 0.058938 0.0125
15 -0.0403607 -0.100229 0.0523152 0.0125
16 -0.0216019 -0.114103 0.0463914 0.0125
17 -0.00381794 -0.121575 0.039161 0.0125
18 0.0231706 -0.140729 0.0299109 0.0125
1 0.0770487 -0.169693 0.0114777 0.0125
e_2_8 2 8 1 0.0125 -0.159158 0.00275843 0.0863356 -0.556133 0.446834 -0.572914 -0.403516 0.022002
e_8_6 8 6 2 0.0125 -0.13904 0.0748439 0.0814597 -0.552127 0.453722 -0.572218 -0.402318 0.127998
e_2_9 2 9 1 0.0125 -0.157912 -0.0155088 0.0916505 0.315556 -0.0670371 0.51035 -0.797166 0.02
e_9_10 9 10 2 0.0125 -0.15046 -0.0294732 0.103487 0.0704619 -0.144638 0.349659 -0.922959 0.02
e_10_11 10 11 3 0.0125 -0.14515 -0.040743 0.119002 -0.0300723 -0.120168 0.258147 -0.958131 0.02
e_11_12 11 12 4 0.0125 -0.137757 -0.0497503 0.134903 -0.238467 -0.325247 0.13463 -0.905109 0.02
e_12_5 12 5 5 0.0125 -0.126587 -0.0546842 0.150424 -0.476893 -0.294976 -0.113889 -0.820117 0.02
e_2_13 2 13 1 0.0125 -0.145644 -0.0197934 0.0840075 0.15541 0.699756 -0.285532 0.63613 0.041317
e_13_14 13 14 2 0.0125 -0.0952292 -0.0577995 0.070002 0.200806 0.750511 -0.24934 0.578135 0.088206
e_14_15 14 15 3 0.0125 -0.0508673 -0.0920186 0.0556262 0.218222 0.752255 -0.233732 0.576074 0.027478
e_15_16 15 16 4 0.0125 -0.0309812 -0.107167 0.0493529 0.168363 0.738983 -0.277371 0.590443 0.024073
e_16_17 16 17 5 0.0125 -0.0127102 -0.117839 0.0427763 -0.169408 0.628789 -0.529267 0.543877 0.0206
e_17_18 17 18 6 0.0125 0.00967674 -0.131152 0.0345355 0.13116 0.734197 -0.30911 0.590087 0.034363
e_18_19 18 19 7 0.0125 0.0366954 -0.148688 0.0246713 -0.00278585 0.697322 -0.41483 0.584509 0.033088
e_19_1 19 1 8 0.0125 0.063634 -0.163169 0.0154545 -0.155618 0.600898 -0.517435 0.589038 0.030875
e_1_20 1 20 1 0.0125 0.0900296 -0.184183 0.0180123 0.342037 -0.170098 0.558453 -0.736348 0.041045
e_20_4 20 4 2 0.0125 0.123854 -0.214656 0.0379257 -0.188784 -0.474776 0.218264 -0.83145 0.058955
e_1_21 1 21 1 0.0125 0.0871937 -0.165045 0.0231593 -0.628633 -0.143945 -0.343136 -0.682904 0.032311
e_21_22 21 22 2 0.0125 0.107668 -0.158587 0.0424622 -0.687444 -0.224002 -0.394772 -0.566921 0.025925
e_22_23 22 23 3 0.0125 0.126369 -0.153649 0.0548476 -0.726573 -0.103348 -0.504152 -0.455237 0.020257
e_23_3 23 3 4 0.0125 0.141801 -0.144244 0.0647502 -0.68746 0.0423334 -0.509172 -0.516092 0.021507
6 21 20
3 0.129543 0.0928871 0.0668013 0.0125
22 0.103576 0.0677864 0.0415978 0.0125
4 0.117603 0.0830553 0.0873568 0.0125
21 0.0955584 0.0689367 0.059037 0.0125
1 0.0633238 0.0374712 0.0172617 0.0125
11 -0.140764 0.152326 0.0529444 0.0125
10 -0.161658 0.15296 0.0543782 0.0125
6 -0.336583 0.184304 0.0135056 0.0125
9 -0.30469 0.180502 0.0224665 0.0125
2 -0.195445 0.161171 0.0533152 0.0125
19 0.036559 0.0604068 0.0369538 0.0125
8 -0.267098 0.18077 0.038684 0.0125
5 -0.0978132 0.141655 0.0523446 0.0125
12 -0.140311 0.144002 0.0499974 0.0125
13 -0.110217 0.135679 0.0530847 0.0125
14 -0.0722493 0.125557 0.0571379 0.0125
15 -0.0507756 0.115406 0.0540611 0.0125
16 -0.0289322 0.106585 0.0505188 0.0125
17 0.00161325 0.0856902 0.0515285 0.0125
18 0.0196108 0.0732626 0.0477783 0.0125
20 0.0503793 0.0496419 0.0264581 0.0125
e_2_8 2 8 1 0.0125 -0.231272 0.17097 0.0459997 0.611108 -0.399004 -0.661377 0.172983 0.075712
e_8_9 8 9 2 0.0125 -0.285894 0.180636 0.0305753 0.497274 -0.350101 -0.758607 0.233801 0.040942
e_9_6 9 6 3 0.0125 -0.320637 0.182404 0.0179857 0.56618 -0.365961 -0.707413 0.212319 0.033345
e_2_10 2 10 1 0.0125 -0.178552 0.157065 0.0538467 0.67861 -0.0651059 0.693171 -0.234015 0.034786
e_10_11 10 11 2 0.0125 -0.151211 0.152643 0.0536606 0.236987 -0.677415 0.274445 -0.640021 0.020953
e_11_5 11 5 3 0.0125 -0.119289 0.14699 0.0526442 0.566566 -0.269778 0.658786 -0.414999 0.044261
e_2_12 2 12 1 0.0125 -0.167878 0.152586 0.0516563 0.602069 0.523191 0.504929 0.329896 0.05784
e_12_13 12 13 2 0.0125 -0.125264 0.13984 0.051541 0.739165 0.224895 0.63264 0.0531326 0.031377
e_13_14 13 14 3 0.0125 -0.0912324 0.130618 0.0551113 0.742241 0.189828 0.642376 0.0198933 0.039501
e_14_15 14 15 4 0.0125 -0.061512 0.120481 0.0555998 -0.403255 0.341541 -0.669025 0.522629 0.023951
e_15_16 15 16 5 0.0125 -0.039854 0.110995 0.0522896 -0.568144 0.0983069 -0.751462 0.320707 0.023822
e_16_17 16 17 6 0.0125 -0.0136601 0.0961373 0.0510234 0.120134 0.633464 -0.291686 0.706548 0.037021
e_17_18 17 18 7 0.0125 0.010612 0.0794764 0.0496534 -0.285777 0.371316 -0.668294 0.577788 0.022191
e_18_19 18 19 8 0.0125 0.0280846 0.0668355 0.042366 -0.429408 -0.0359248 -0.851748 0.298066 0.023869
e_19_20 19 20 9 0.0125 0.0434692 0.0550247 0.0317056 -0.419596 -0.0947348 -0.864865 0.258791 0.020422
e_20_1 20 1 10 0.0125 0.056852 0.0435564 0.0218599 -0.367003 0.027545 -0.853856 0.368077 0.020006
e_1_21 1 21 1 0.0125 0.0794406 0.0532038 0.0381497 0.903908 -0.322877 0.236139 -0.151456 0.061435
e_21_4 21 4 2 0.0125 0.10658 0.075996 0.0731962 0.926774 -0.225582 0.286254 -0.0908914 0.038565
e_1_22 1 22 1 0.0125 0.0834501 0.0526292 0.0294301 0.787706 -0.453493 0.277319 -0.31138 0.055959
e_22_3 22 3 2 0.0125 0.11656 0.0803364 0.0541992 0.857467 -0.395431 0.239789 -0.225578 0.044041
7 22 21
3 0.250813 -0.10623 0.107467 0.0125
23 0.223028 -0.0727421 0.0840489 0.0125
4 0.282764 0.0116274 0.0365821 0.0125
22 0.257874 -0.00124041 0.0456415 0.0125
21 0.241352 -0.0098593 0.0529595 0.0125
1 0.198671 -0.0362584 0.05886 0.0125
11 -0.100244 0.0362742 0.102248 0.0125
10 -0.0942114 -0.00297542 0.105342 0.0125
6 -0.153864 -0.176371 0.129617 0.0125
9 -0.147138 -0.154508 0.127857 0.0125
2 -0.0932505 -0.0426422 0.102399 0.0125
19 0.160362 -0.0459131 0.0598898 0.0125
8 -0.115212 -0.0795823 0.109289 0.0125
5 -0.107406 0.0549885 0.0985204 0.0125
12 -0.0347787 -0.0463762 0.0997999 0.0125
13 0.0352305 -0.0537115 0.087279 0.0125
14 0.0643336 -0.0543694 0.0835915 0.0125
15 0.0843314 -0.0530708 0.0815376 0.0125
16 0.104119 -0.0505013 0.0796587 0.0125
17 0.123055 -0.0525271 0.0730639 0.0125
18 0.141806 -0.0496103 0.0666833 0.0125
20 0.178919 -0.0389844 0.0569851 0.0125
e_2_8 2 8 1 0.0125 -0.104232 -0.0611127 0.105844 0.745889 0.612317 -0.214271 -0.151015 0.043525
e_8_9 8 9 2 0.0125 -0.131175 -0.117045 0.118573 0.773521 0.603019 -0.158845 -0.113142 0.083533
e_9_6 9 6 3 0.0125 -0.150501 -0.16544 0.128737 0.729724 0.666714 -0.130852 -0.0766389 0.022942
e_2_10 2 10 1 0.0125 -0.093731 -0.0228088 0.103871 0.531537 -0.482088 -0.480216 -0.504433 0.039788
e_10_11 10 11 2 0.0125 -0.0972271 0.0166497 0.103795 0.307695 -0.229325 -0.697317 -0.605378 0.039831
e_11_5 11 5 3 0.0125 -0.103825 0.0456314 0.100384 0.202562 0.0331231 -0.768331 -0.60625 0.020381
e_2_12 2 12 1 0.0125 -0.0640141 -0.0445095 0.101099 0.543113 0.482301 0.538092 0.427634 0.058649
e_12_13 12 13 2 0.0125 0.000225791 -0.0500443 0.0935396 0.477242 0.569487 0.513076 0.429742 0.071497
e_13_14 13 14 3 0.0125 0.0497814 -0.0540406 0.0854358 0.490032 0.516112 0.544482 0.443887 0.029343
e_14_15 14 15 4 0.0125 0.0743325 -0.0537201 0.0825645 0.488407 0.472077 0.572819 0.458781 0.020145
e_15_16 15 16 5 0.0125 0.094225 -0.0517859 0.0805981 0.482339 0.443287 0.591929 0.469539 0.020042
e_16_17 16 17 6 0.0125 0.113588 -0.0515138 0.0763607 0.390351 0.657421 0.481048 0.428972 0.020154
e_17_18 17 18 7 0.0125 0.13243 -0.0510687 0.0698736 0.328673 0.592754 0.554982 0.482298 0.02002
e_18_19 18 19 8 0.0125 0.151084 -0.0477619 0.0632866 0.303482 0.597181 0.558865 0.488818 0.020103
e_19_20 19 20 9 0.0125 0.16964 -0.0424486 0.0584379 0.40591 0.391392 0.647571 0.512545 0.02002
e_20_1 20 1 10 0.0125 0.188795 -0.0376214 0.0579226 0.59628 0.320163 0.592187 0.437334 0.020027
e_1_21 1 21 1 0.0125 0.220011 -0.0230583 0.0559101 0.398993 0.272214 0.695908 0.531428 0.050531
e_21_22 21 22 2 0.0125 0.249613 -0.00555013 0.0493 0.18725 0.5639 0.603974 0.531197 0.020021
e_22_4 22 4 3 0.0125 0.27032 0.00519322 0.0411113 0.239902 0.504451 0.631938 0.537243 0.029448
e_1_23 1 23 1 0.0125 0.210849 -0.0545001 0.071455 0.854649 0.455282 0.209154 0.136193 0.050585
e_23_3 23 3 2 0.0125 0.23692 -0.089486 0.0957575 0.842504 0.450219 0.245668 0.164734 0.049415
8 25 24
3 -0.253218 0.221173 0.0130578 0.0125
26 -0.238106 0.186448 0.0694809 0.0125
4 -0.208362 0.155439 0.190164 0.0125
25 -0.209011 0.162229 0.171351 0.0125
24 -0.214094 0.165543 0.152127 0.0125
23 -0.223409 0.169312 0.128857 0.0125
1 -0.239219 0.17268 0.0983973 0.0125
22 -0.241944 0.153619 0.0929796 0.0125
21 -0.243528 0.134443 0.0875201 0.0125
12 -0.184199 0.0159258 0.017561 0.0125
11 -0.195105 -0.0012491 0.0175513 0.0125
10 -0.199896 -0.0207355 0.0190807 0.0125
9 -0.20431 -0.0403423 0.0193157 0.0125
2 -0.226012 -0.104984 0.0151947 0.0125
19 -0.253015 0.101901 0.0665447 0.0125
8 -0.213312 -0.079885 0.0200489 0.0125
6 -0.171172 0.0313287 0.0150792 0.0125
13 -0.208509 -0.0524919 0.0148958 0.0125
5 -0.192924 -0.0106911 0.0126955 0.0125
14 -0.25353 -0.0237111 0.0269964 0.0125
15 -0.263114 0.0255564 0.0424494 0.0125
16 -0.261153 0.0444821 0.048891 0.0125
17 -0.259452 0.0636858 0.0550858 0.0125
18 -0.257552 0.083134 0.0608065 0.0125
20 -0.247249 0.117157 0.0781482 0.0125
e_2_8 2 8 1 0.0125 -0.219662 -0.0924347 0.0176212 0.718686 -0.639617 0.0765956 -0.261753 0.028545
e_8_9 8 9 2 0.0125 -0.20881 -0.0601136 0.0196821 0.459991 -0.576143 -0.42082 -0.528562 0.04056
e_9_10 9 10 3 0.0125 -0.202103 -0.0305396 0.0191976 0.46796 -0.578501 -0.413769 -0.524543 0.020099
e_10_11 10 11 4 0.0125 -0.1975 -0.0109923 0.0183155 0.383067 -0.546071 -0.489675 -0.561502 0.020125
e_11_12 11 12 5 0.0125 -0.189652 0.00733872 0.0175561 0.544581 -0.701314 -0.0890188 -0.451294 0.020344
e_12_6 12 6 6 0.0125 -0.177686 0.0236276 0.0163202 -0.282122 -0.194102 -0.723441 -0.599471 0.020326
e_2_13 2 13 1 0.0125 -0.217261 -0.0787378 0.0150453 0.468692 -0.614603 -0.353497 -0.526907 0.055334
e_13_5 13 5 2 0.0125 -0.200716 -0.0315911 0.0137956 0.398271 -0.598589 -0.407826 -0.562805 0.044666
e_2_14 2 14 1 0.0125 -0.239771 -0.0643474 0.021095 0.653645 -0.434849 -0.492726 -0.375333 0.086613
e_14_15 14 15 2 0.0125 -0.258322 0.000923042 0.0347223 0.738021 -0.489826 -0.33607 -0.320082 0.052516
e_15_16 15 16 3 0.0125 -0.262133 0.0350193 0.0456697 0.759843 -0.563335 -0.149356 -0.288071 0.020088
e_16_17 16 17 4 0.0125 -0.260303 0.054084 0.0519879 0.749446 -0.56369 -0.171188 -0.302124 0.02025
e_17_18 17 18 5 0.0125 -0.258502 0.0734099 0.0579456 0.733716 -0.570385 -0.184865 -0.319603 0.020361
e_18_19 18 19 6 0.0125 -0.255283 0.0925177 0.0636756 0.75067 -0.593595 -0.0721274 -0.280957 0.020142
e_19_20 19 20 7 0.0125 -0.250132 0.109529 0.072346 0.888369 -0.423959 0.174359 0.0256517 0.020016
e_20_21 20 21 8 0.0125 -0.245388 0.1258 0.0828342 0.846241 -0.51482 0.0281439 -0.134327 0.020012
e_21_22 21 22 9 0.0125 -0.242736 0.144031 0.0902504 0.727363 -0.568227 -0.201596 -0.32775 0.020001
e_22_1 22 1 10 0.0125 -0.240582 0.163149 0.0956885 0.730277 -0.581843 -0.161344 -0.319567 0.020002
e_1_23 1 23 1 0.0125 -0.231314 0.170996 0.113627 0.827178 0.166411 0.175058 0.507384 0.034482
e_23_24 23 24 2 0.0125 -0.218752 0.167427 0.140491 0.850313 0.159 0.125262 0.485794 0.025347
e_24_25 24 25 3 0.0125 -0.211553 0.163886 0.161739 0.879956 0.132114 0.0757068 0.449991 0.020158
e_25_4 25 4 4 0.0125 -0.208687 0.158834 0.180757 0.891851 0.162986 -0.0581683 0.417915 0.020012
e_1_26 1 26 1 0.0125 -0.238662 0.179564 0.083939 -0.0853438 0.302928 -0.927038 -0.203843 0.032047
e_26_3 26 3 2 0.0125 -0.245662 0.203811 0.0412699 0.0709471 0.156563 -0.94374 -0.282505 0.067953
9 25 24
3 -0.0256317 0.150747 0.118205 0.0125
26 -0.0145394 0.163969 0.108097 0.0125
25 -0.00641172 0.180887 0.101188 0.0125
24 0.00474406 0.194804 0.0921407 0.0125
23 0.0185162 0.208105 0.086362 0.0125
4 0.121367 0.239802 0.0507169 0.0125
22 0.102835 0.242818 0.0576079 0.0125
21 0.083896 0.239768 0.0632658 0.0125
20 0.0645801 0.237988 0.0681375 0.0125
12 0.133202 0.0810231 0.122766 0.0125
11 0.139079 0.0654111 0.133819 0.0125
10 0.143112 0.0509294 0.147147 0.0125
9 0.147682 0.0380053 0.162314 0.0125
2 0.162546 -0.00335124 0.216024 0.0125
19 0.0458012 0.231335 0.069891 0.0125
8 0.153661 0.019831 0.184339 0.0125
6 0.124609 0.0937224 0.109883 0.0125
13 0.142037 -0.0123286 0.214635 0.0125
5 0.0706498 -0.0425363 0.211726 0.0125
14 0.125929 0.0515807 0.199569 0.0125
15 0.0981818 0.118825 0.16234 0.0125
16 0.0584159 0.177912 0.113214 0.0125
17 0.047879 0.194187 0.100058 0.0125
18 0.0389765 0.207625 0.0878569 0.0125
1 0.0297474 0.221599 0.076781 0.0125
e_2_8 2 8 1 0.0125 0.158103 0.00823944 0.200182 0.0561168 -0.48509 0.811336 0.321361 0.040253
e_8_9 8 9 2 0.0125 0.150671 0.0289186 0.173326 0.0814991 -0.491865 0.797202 0.340434 0.029174
e_9_10 9 10 3 0.0125 0.145396 0.0444671 0.154731 0.0797071 -0.498602 0.788888 0.350283 0.020444
e_10_11 10 11 4 0.0125 0.141095 0.0581702 0.140483 0.130388 -0.511194 0.755231 0.38898 0.02009
e_11_12 11 12 5 0.0125 0.136141 0.0732174 0.128293 0.143 -0.545054 0.692167 0.450968 0.020012
e_12_6 12 6 6 0.0125 0.128905 0.0873725 0.116325 0.0263269 -0.553811 0.717586 0.421511 0.020027
e_2_13 2 13 1 0.0125 0.152291 -0.00784064 0.215329 -0.651051 -0.484928 0.543878 0.212542 0.022431
e_13_5 13 5 2 0.0125 0.106344 -0.0274323 0.21318 -0.631704 -0.529715 0.488014 0.286694 0.077569
e_2_14 2 14 1 0.0125 0.144237 0.0241151 0.207797 0.176524 -0.606694 0.502843 0.58984 0.068037
e_14_15 14 15 2 0.0125 0.112056 0.0852033 0.180955 0.168419 -0.562559 0.641344 0.493802 0.081717
e_15_16 15 16 3 0.0125 0.0782991 0.148368 0.137777 0.0510142 -0.571957 0.675841 0.462062 0.086521
e_16_17 16 17 4 0.0125 0.0531474 0.186049 0.106636 0.0600456 -0.571361 0.673999 0.464398 0.02343
e_17_18 17 18 5 0.0125 0.0434275 0.200906 0.0939575 0.0422619 -0.563141 0.696157 0.443229 0.020217
e_18_1 18 1 6 0.0125 0.0343613 0.214612 0.082319 0.0597781 -0.574336 0.667811 0.469673 0.020077
e_1_19 1 19 1 0.0125 0.0377743 0.226467 0.0733365 0.550957 -0.218724 0.790197 0.155546 0.02
e_19_20 19 20 2 0.0125 0.0551909 0.234662 0.0690147 0.666769 -0.132334 0.72548 0.107635 0.02
e_20_21 20 21 3 0.0125 0.0742385 0.238878 0.0657016 0.614973 -0.0692981 0.785494 0.00239063 0.02
e_21_22 21 22 4 0.0125 0.0933653 0.241293 0.0604369 0.598302 -0.0949935 0.795245 0.024413 0.02
e_22_4 22 4 5 0.0125 0.112101 0.24131 0.054163 0.564434 -0.00532611 0.819903 -0.095633 0.02
e_1_23 1 23 1 0.0125 0.0241311 0.214852 0.0815716 0.818461 0.473536 -0.190378 -0.263899 0.02
e_23_24 23 24 2 0.0125 0.0116301 0.201455 0.0892509 0.658604 0.585066 -0.115006 -0.459033 0.02
e_24_25 24 25 3 0.0125 -0.00083389 0.187845 0.0966638 0.792989 0.499785 -0.155061 -0.311991 0.02
e_25_26 25 26 4 0.0125 -0.010476 0.172427 0.104643 0.645319 0.558606 0.123369 -0.506264 0.02
e_26_3 26 3 5 0.0125 -0.0200856 0.157358 0.113151 0.837066 0.451602 -0.208243 -0.228059 0.02
10 23 22
3 0.218064 0.288502 0.0315485 0.0125
24 0.203807 0.274576 0.029874 0.0125
23 0.189356 0.260844 0.0282567 0.0125
22 0.175006 0.247027 0.0264794 0.0125
21 0.159375 0.234623 0.0251264 0.0125
4 0.180348 0.132793 0.0206225 0.0125
20 0.171984 0.150748 0.0240019 0.0125
6 0.29321 0.0133923 0.155287 0.0125
11 0.299327 0.0134765 0.132803 0.0125
10 0.302989 0.00736499 0.109093 0.0125
9 0.309149 0.00353714 0.0828721 0.0125
2 0.320387 -0.0138403 0.0115115 0.0125
19 0.159316 0.170955 0.0239088 0.0125
8 0.31301 -0.00533555 0.0371601 0.0125
12 0.343777 0.00899471 0.0419811 0.0125
5 0.375045 0.0377574 0.0774008 0.0125
13 0.228798 0.0912059 0.0191416 0.0125
14 0.215428 0.11186 0.0152208 0.0125
15 0.195562 0.135711 0.0141739 0.0125
16 0.168028 0.173578 0.0123746 0.0125
17 0.15357 0.202195 0.0199706 0.0125
1 0.142712 0.223576 0.0256714 0.0125
18 0.148487 0.196805 0.0206563 0.0125
e_2_8 2 8 1 0.0125 0.316698 -0.00958727 0.0243357 -0.871217 0.199395 0.0491089 -0.445883 0.028011
e_8_9 8 9 2 0.0125 0.311079 -0.000898566 0.060016 -0.759847 0.09973 -0.0298659 -0.641712 0.046725
e_9_10 9 10 3 0.0125 0.306069 0.00545065 0.0959822 -0.852481 0.119316 0.0621122 -0.505155 0.027205
e_10_11 10 11 4 0.0125 0.301158 0.0104211 0.120948 -0.798953 0.144835 -0.0132266 -0.583543 0.024758
e_11_6 11 6 5 0.0125 0.296269 0.0134346 0.144046 -0.868681 0.0621662 0.116931 -0.477342 0.023301
e_2_12 2 12 1 0.0125 0.332082 -0.00242261 0.0267462 0.0444107 -0.298552 -0.264471 -0.915942 0.044687
e_12_5 12 5 2 0.0125 0.359411 0.0233765 0.0596904 0.0933228 -0.340016 -0.253405 -0.900814 0.055313
e_2_13 2 13 1 0.0125 0.274592 0.038682 0.0153268 -0.15024 -0.334827 0.600466 0.710464 0.139575
e_13_14 13 14 2 0.0125 0.222114 0.101533 0.0171815 0.103648 -0.51004 0.564408 0.64075 0.024915
e_14_15 14 15 3 0.0125 0.205495 0.123785 0.0146972 -0.0726164 -0.399892 0.597439 0.691289 0.031058
e_15_16 15 16 4 0.0125 0.181795 0.154645 0.0132746 0.00200197 -0.425429 0.581563 0.693391 0.046855
e_16_17 16 17 5 0.0125 0.160799 0.187887 0.0161729 0.0496884 -0.314207 0.534788 0.78282 0.032948
e_17_1 17 1 6 0.0125 0.148142 0.212885 0.0228212 0.045193 -0.312095 0.535687 0.783322 0.024648
e_1_18 1 18 1 0.0125 0.145599 0.210191 0.0231634 -0.465579 -0.65721 0.397669 -0.439512 0.027842
e_18_19 18 19 2 0.0125 0.153902 0.18388 0.0222824 -0.481294 -0.591863 0.303403 -0.570965 0.028215
e_19_20 19 20 3 0.0125 0.165651 0.160851 0.0239552 -0.393778 -0.643961 0.288724 -0.588975 0.02385
e_20_4 20 4 4 0.0125 0.176167 0.14177 0.0223125 -0.395854 -0.680014 0.348817 -0.509123 0.020093
e_1_21 1 21 1 0.0125 0.151044 0.2291 0.0253989 0.384007 -0.716661 -0.00168989 -0.58218 0.02
e_21_22 21 22 2 0.0125 0.16719 0.240825 0.0258033 0.414893 -0.681265 -0.0456203 -0.601383 0.02
e_22_23 22 23 3 0.0125 0.182181 0.253935 0.0273678 0.462982 -0.672323 -0.0594423 -0.57454 0.02
e_23_24 23 24 4 0.0125 0.196582 0.267709 0.0290655 0.460935 -0.675632 -0.0556704 -0.57268 0.02
e_24_3 24 3 5 0.0125 0.210935 0.281539 0.030711 0.467872 -0.674415 -0.0573837 -0.568302 0.02
11 21 20
3 0.140679 0.0846165 0.0943878 0.0125
22 0.144025 0.0721639 0.0751608 0.0125
21 0.148803 0.059231 0.0545897 0.0125
20 0.15175 0.039599 0.0375758 0.0125
4 0.221869 -0.0517389 0.0119749 0.0125
12 0.041241 0.285425 0.0858109 0.0125
11 0.0580041 0.28455 0.0968738 0.0125
10 0.0724055 0.283409 0.110859 0.0125
9 0.08958 0.282398 0.121955 0.0125
2 0.150042 0.286824 0.155188 0.0125
19 0.181116 0.000826241 0.0167676 0.0125
8 0.108945 0.283774 0.132258 0.0125
6 0.0273057 0.288521 0.0715486 0.0125
13 0.194184 0.274325 0.151606 0.0125
14 0.224632 0.271366 0.156807 0.0125
5 0.246858 0.26938 0.162178 0.0125
15 0.153321 0.171386 0.0965775 0.0125
16 0.16195 0.126916 0.070897 0.0125
17 0.153364 0.0613877 0.0368571 0.0125
18 0.153705 0.0391429 0.028899 0.0125
1 0.154618 0.0207635 0.0199715 0.0125
e_2_8 2 8 1 0.0125 0.129493 0.285299 0.143723 0.444372 -0.3575 -0.784417 0.243758 0.04716
e_8_9 8 9 2 0.0125 0.0992622 0.283085 0.127106 0.45455 -0.349271 -0.782564 0.242874 0.021979
e_9_10 9 10 3 0.0125 0.0809927 0.282903 0.116407 0.423233 -0.454752 -0.751123 0.223355 0.020472
e_10_11 10 11 4 0.0125 0.0652049 0.283979 0.103866 0.3268 -0.562315 -0.729095 0.21313 0.020107
e_11_12 11 12 5 0.0125 0.049622 0.284987 0.0913426 0.417752 -0.456459 -0.752852 0.224371 0.020103
e_12_6 12 6 6 0.0125 0.0342737 0.286973 0.0786805 0.332753 -0.620285 -0.684573 0.189424 0.020179
e_2_13 2 13 1 0.0125 0.172113 0.280575 0.153397 0.580046 -0.196354 0.707372 -0.353012 0.046017
e_13_14 13 14 2 0.0125 0.209407 0.272846 0.154206 0.691704 -0.216302 0.607789 -0.324581 0.03103
e_14_5 14 5 3 0.0125 0.235745 0.270374 0.159493 0.718854 -0.198073 0.586297 -0.316657 0.022953
e_2_15 2 15 1 0.0125 0.151681 0.229106 0.125883 0.519179 0.848359 -0.0810831 0.064541 0.129507
e_15_16 15 16 2 0.0125 0.157635 0.149151 0.0837371 0.49137 0.792166 0.345042 -0.109425 0.052073
e_16_17 16 17 3 0.0125 0.157657 0.0941515 0.0538774 0.483355 0.744723 -0.417532 0.19345 0.07434
e_17_18 17 18 4 0.0125 0.153534 0.050265 0.0328783 0.574104 0.815975 -0.0509371 0.0446607 0.023628
e_18_1 18 1 5 0.0125 0.154161 0.0299532 0.024436 0.529362 0.847237 -0.0206145 0.0392424 0.020453
e_1_19 1 19 1 0.0125 0.167867 0.0107949 0.0183701 0.580829 0.0867374 0.735232 -0.33845 0.033315
e_19_4 19 4 2 0.0125 0.201492 -0.0254563 0.0143718 0.619135 0.33873 0.648995 -0.284147 0.066685
e_1_20 1 20 1 0.0125 0.153184 0.0301812 0.0287736 0.912836 -0.389727 -0.0937683 -0.0777864 0.02594
e_20_21 20 21 2 0.0125 0.150276 0.049415 0.0460828 0.9052 -0.406472 -0.0970056 -0.0773443 0.026145
e_21_22 21 22 3 0.0125 0.146414 0.0656971 0.0648749 0.954821 -0.266015 -0.117872 -0.0604863 0.024764
e_22_3 22 3 4 0.0125 0.142352 0.0783899 0.0847745 0.954126 -0.274835 -0.0959216 -0.070053 0.023151
12 20 19
3 0.191119 0.27507 0.0744619 0.0125
21 0.211445 0.25523 0.0792947 0.0125
4 0.196852 0.222077 0.0233844 0.0125
20 0.213828 0.225925 0.0332347 0.0125
11 -0.006637 0.114707 0.219682 0.0125
6 -0.11911 0.0623739 0.147791 0.0125
10 -0.100832 0.071142 0.154979 0.0125
9 -0.0832674 0.0824412 0.162497 0.0125
2 0.00830199 0.118486 0.200789 0.0125
19 0.230993 0.223701 0.0432547 0.0125
8 -0.0617208 0.0965378 0.171345 0.0125
12 -0.0270392 0.111362 0.261166 0.0125
5 -0.0388043 0.114302 0.287805 0.0125
13 0.0905596 0.155487 0.162614 0.0125
14 0.182667 0.196914 0.120442 0.0125
15 0.229774 0.203664 0.108763 0.0125
16 0.249314 0.207614 0.0992778 0.0125
1 0.267672 0.212718 0.0892447 0.0125
18 0.244411 0.219962 0.0576066 0.0125
17 0.256386 0.215332 0.0729418 0.0125
e_2_8 2 8 1 0.0125 -0.0267101 0.107512 0.186067 0.503282 0.569713 -0.601345 -0.246004 0.079069
e_8_9 8 9 2 0.0125 -0.0724949 0.0894892 0.166921 0.546753 0.649633 -0.490376 -0.196392 0.027226
e_9_10 9 10 3 0.0125 -0.0920501 0.0767911 0.158738 0.537418 0.65841 -0.485639 -0.204531 0.022197
e_10_6 10 6 4 0.0125 -0.109971 0.066758 0.151385 0.536155 0.600389 -0.553721 -0.213222 0.021508
e_2_11 2 11 1 0.0125 0.000832859 0.116597 0.210235 0.834034 -0.0783624 -0.326181 0.43801 0.02438
e_11_12 11 12 2 0.0125 -0.0168379 0.113035 0.240424 0.834598 -0.0845813 -0.212937 0.50095 0.046351
e_12_5 12 5 3 0.0125 -0.0329221 0.112832 0.274485 0.80466 -0.159032 -0.140168 0.554603 0.029268
e_2_13 2 13 1 0.0125 0.0494306 0.136987 0.181702 0.340684 0.387496 0.738056 0.434803 0.097942
e_13_14 13 14 2 0.0125 0.136614 0.176201 0.141528 0.342313 0.386256 0.737205 0.43607 0.109446
e_14_15 14 15 3 0.0125 0.206221 0.200289 0.114602 0.447612 0.455242 0.641816 0.424818 0.049
e_15_16 15 16 4 0.0125 0.239544 0.20564 0.10402 0.369423 0.482539 0.694245 0.385625 0.022077
e_16_1 16 1 5 0.0125 0.258494 0.210166 0.0942607 0.342162 0.466309 0.717994 0.387254 0.021535
e_1_17 1 17 1 0.0125 0.262029 0.214025 0.0810926 -0.250734 0.702178 0.643823 -0.171958 0.02
e_17_18 17 18 2 0.0125 0.250398 0.217647 0.0652741 -0.331741 0.537347 0.771128 -0.0810423 0.02
e_18_19 18 19 3 0.0125 0.237702 0.221832 0.0504305 -0.336742 0.619048 0.689625 -0.16674 0.02
e_19_20 19 20 4 0.0125 0.22241 0.224814 0.038244 0.215243 0.727304 -0.470668 -0.450744 0.02
e_20_4 20 4 5 0.0125 0.20534 0.224001 0.0283099 0.363488 0.721086 -0.475688 -0.348759 0.02
e_1_21 1 21 1 0.0125 0.239559 0.233974 0.0842692 0.220715 -0.720259 0.226077 0.617577 0.071188
e_21_3 21 3 2 0.0125 0.201283 0.265149 0.0768781 0.153102 -0.657866 0.388689 0.626653 0.028812
13 27 26
3 -0.0363529 -0.251086 0.0657051 0.0125
28 -0.0432796 -0.238867 0.0802194 0.0125
27 -0.0532844 -0.223638 0.100602 0.0125
4 0.00505978 -0.167366 0.180002 0.0125
26 -0.0138962 -0.171544 0.175185 0.0125
25 -0.0315786 -0.179098 0.169683 0.0125
24 -0.0477901 -0.187301 0.161323 0.0125
23 -0.0647121 -0.193343 0.15254 0.0125
1 -0.0784165 -0.197663 0.138628 0.0125
22 -0.0677684 -0.177359 0.135412 0.0125
21 -0.0579209 -0.159505 0.130959 0.0125
6 0.215775 -0.127962 0.0759365 0.0125
11 0.21168 -0.109087 0.0816232 0.0125
10 0.204771 -0.0902035 0.082493 0.0125
9 0.190527 -0.0703687 0.0876061 0.0125
2 0.1377 -0.00504411 0.0958094 0.0125
19 -0.0214481 -0.111381 0.121217 0.0125
8 0.174866 -0.0507467 0.0937576 0.0125
12 0.14339 0.0113957 0.0859424 0.0125
13 0.151835 0.027862 0.0783552 0.0125
14 0.16044 0.0449287 0.0724669 0.0125
15 0.173437 0.0598657 0.0696452 0.0125
5 0.186788 0.0744498 0.0666392 0.0125
16 0.117447 -0.0129576 0.0986563 0.0125
17 0.0319658 -0.0618128 0.113299 0.0125
18 0.0152018 -0.0768188 0.11585 0.0125
20 -0.0365858 -0.130555 0.126132 0.0125
e_2_8 2 8 1 0.0125 0.156283 -0.0278954 0.0947838 0.690901 0.507685 0.509568 -0.072469 0.058943
e_8_9 8 9 2 0.0125 0.182697 -0.0605571 0.0906821 0.615355 0.574627 0.537409 -0.0483086 0.025848
e_9_10 9 10 3 0.0125 0.197649 -0.0802866 0.0850496 0.626655 0.576647 0.519559 -0.0695721 0.02495
e_10_11 10 11 4 0.0125 0.208226 -0.0996454 0.0820581 0.667368 0.589224 0.41763 -0.181716 0.020126
e_11_6 11 6 5 0.0125 0.213728 -0.118524 0.0787794 0.567424 0.686966 0.411475 -0.191823 0.020134
e_2_12 2 12 1 0.0125 0.140545 0.00317579 0.0908759 -0.096088 0.433286 0.747626 0.494051 0.02
e_12_13 12 13 2 0.0125 0.147612 0.0196288 0.0821488 0.103004 0.235818 0.796283 0.547461 0.02
e_13_14 13 14 3 0.0125 0.156137 0.0363953 0.0754111 0.181617 0.12519 0.794687 0.565522 0.02
e_14_15 14 15 4 0.0125 0.166938 0.0523967 0.0710565 0.43594 -0.00887313 0.755297 0.489289 0.02
e_15_5 15 5 5 0.0125 0.180112 0.0671582 0.0681418 0.435779 0.00683755 0.758357 0.484711 0.02
e_2_16 2 16 1 0.0125 0.127574 -0.00900134 0.0972329 0.432508 0.64061 -0.157218 -0.614685 0.02193
e_16_17 16 17 2 0.0125 0.0747062 -0.0373857 0.105978 0.476547 0.644547 -0.104915 -0.588605 0.09954
e_17_18 17 18 3 0.0125 0.0235837 -0.0693159 0.114574 0.514489 0.665759 -0.0206838 -0.540036 0.022643
e_18_19 18 19 4 0.0125 -0.00312349 -0.0940996 0.118534 0.518155 0.668528 -0.00992208 -0.533373 0.050661
e_19_20 19 20 5 0.0125 -0.0290173 -0.120968 0.123675 0.583538 0.632821 0.0304239 -0.508031 0.024919
e_20_21 20 21 6 0.0125 -0.0472537 -0.14503 0.128546 0.568397 0.656291 0.052475 -0.493409 0.036285
e_21_22 21 22 7 0.0125 -0.0628454 -0.168432 0.133186 0.622588 0.620983 0.087866 -0.468021 0.02087
e_22_1 22 1 8 0.0125 -0.0730928 -0.187511 0.13702 0.602074 0.64734 0.107196 -0.454936 0.023151
e_1_23 1 23 1 0.0125 -0.0715646 -0.195503 0.145584 0.920751 -0.115628 0.372601 0.00412013 0.02
e_23_24 23 24 2 0.0125 -0.0562515 -0.190322 0.156932 0.83367 -0.082875 0.523033 0.156721 0.02
e_24_25 24 25 3 0.0125 -0.0396847 -0.183199 0.165502 0.821515 -0.132038 0.523043 0.184677 0.02
e_25_26 25 26 4 0.0125 -0.0227374 -0.175321 0.172433 0.760987 -0.057774 0.599255 0.241775 0.02
e_26_4 26 4 5 0.0125 -0.00441822 -0.169455 0.177594 0.758258 0.0352818 0.615059 0.213314 0.02
e_1_27 1 27 1 0.0125 -0.0658503 -0.210651 0.119615 0.369674 0.718176 0.588759 0.0304566 0.052462
e_27_28 27 28 2 0.0125 -0.0482819 -0.231253 0.0904113 0.35631 0.755921 0.548951 -0.0166854 0.027339
e_28_3 28 3 3 0.0125 -0.0398162 -0.244976 0.0729623 0.373264 0.757378 0.534493 -0.0370211 0.020199
14 20 19
3 0.270663 -0.070219 0.0650868 0.0125
21 0.300607 -0.0634458 0.0581033 0.0125
4 0.358956 -0.00726958 0.119826 0.0125
20 0.356845 -0.0129461 0.100766 0.0125
11 0.180223 0.140611 0.117436 0.0125
10 0.162523 0.131664 0.114136 0.0125
6 0.0337884 0.0674179 0.203189 0.0125
9 0.0449099 0.0805393 0.185863 0.0125
2 0.137519 0.121503 0.112692 0.0125
19 0.352313 -0.019857 0.0825523 0.0125
8 0.113734 0.113484 0.124855 0.0125
5 0.227152 0.163456 0.125838 0.0125
12 0.219919 0.035103 0.0781068 0.0125
13 0.275071 -0.00810996 0.0678861 0.0125
14 0.300885 -0.0246855 0.0545989 0.0125
15 0.323672 -0.039026 0.0434066 0.0125
16 0.343268 -0.0450439 0.0389459 0.0125
1 0.363104 -0.0503997 0.0332363 0.0125
18 0.351833 -0.0289844 0.0647633 0.0125
17 0.356625 -0.0381091 0.0476231 0.0125
e_2_8 2 8 1 0.0125 0.125626 0.117493 0.118774 0.510873 0.503733 -0.167998 -0.676046 0.027893
e_8_9 8 9 2 0.0125 0.0793214 0.0970113 0.155359 0.728908 0.381168 -0.206075 -0.530035 0.097693
e_9_6 9 6 3 0.0125 0.0393494 0.0739788 0.194526 0.84239 0.366346 -0.10465 -0.381076 0.024413
e_2_10 2 10 1 0.0125 0.150021 0.126583 0.113414 0.527136 0.249967 0.640937 0.498843 0.027028
e_10_11 10 11 2 0.0125 0.171373 0.136137 0.115786 0.542903 0.197805 0.615483 0.536013 0.020105
e_11_5 11 5 3 0.0125 0.203687 0.152034 0.121638 0.545678 0.203064 0.615867 0.530762 0.052867
e_2_12 2 12 1 0.0125 0.17872 0.0783035 0.0953994 0.60066 0.587083 0.542635 0.00939011 0.124302
e_12_13 12 13 2 0.0125 0.247495 0.0134964 0.0729961 0.649598 0.532951 0.536784 0.0764821 0.070806
e_13_14 13 14 3 0.0125 0.287978 -0.0163979 0.0612422 0.540377 0.568028 0.613243 0.0962753 0.033431
e_14_15 14 15 4 0.0125 0.312279 -0.0318561 0.049003 0.545805 0.563634 0.611745 0.100902 0.029158
e_15_16 15 16 5 0.0125 0.33347 -0.0420345 0.0411768 0.587708 0.474791 0.617164 0.219731 0.020979
e_16_1 16 1 6 0.0125 0.353186 -0.0477214 0.0360917 0.56097 0.480511 0.634809 0.226802 0.021324
e_1_17 1 17 1 0.0125 0.359864 -0.044254 0.0404303 0.638325 -0.354847 0.120077 0.672463 0.02
e_17_18 17 18 2 0.0125 0.354229 -0.033547 0.056193 0.828899 -0.267038 0.0137901 0.491352 0.02
e_18_19 18 19 3 0.0125 0.352073 -0.0244213 0.0736579 0.813501 -0.189725 0.138803 0.531935 0.02
e_19_20 19 20 4 0.0125 0.354579 -0.0164018 0.0916588 0.85016 -0.0965597 0.188033 0.482232 0.02
e_20_4 20 4 5 0.0125 0.3579 -0.0101083 0.110296 0.895036 -0.107444 0.109239 0.418847 0.02
e_1_21 1 21 1 0.0125 0.331855 -0.0569222 0.0456699 0.38189 0.54316 -0.153331 -0.731865 0.068515
e_21_3 21 3 2 0.0125 0.285635 -0.0668326 0.0615947 0.237135 0.621483 -0.0534484 -0.744761 0.031485
15 20 19
3 0.273164 0.0569436 0.069539 0.0125
21 0.287266 0.0734424 0.0641467 0.0125
4 0.309031 0.230794 0.0123829 0.0125
20 0.315474 0.211142 0.0178878 0.0125
11 0.0934514 0.0861878 0.204818 0.0125
6 0.046671 0.20832 0.137849 0.0125
10 0.0569367 0.194549 0.152953 0.0125
9 0.069434 0.180313 0.170405 0.0125
2 0.107039 0.112274 0.234483 0.0125
19 0.321608 0.192835 0.0232633 0.0125
8 0.0941682 0.138977 0.216658 0.0125
12 0.0900455 0.0623237 0.183918 0.0125
5 0.0930864 0.0426944 0.166649 0.0125
13 0.211304 0.109573 0.123066 0.0125
14 0.25056 0.110079 0.0964155 0.0125
15 0.274931 0.11243 0.077504 0.0125
16 0.288727 0.118945 0.0618097 0.0125
17 0.306394 0.128656 0.0444433 0.0125
1 0.323165 0.135858 0.0351161 0.0125
18 0.324804 0.172215 0.0260485 0.0125
e_2_8 2 8 1 0.0125 0.100604 0.125625 0.22557 0.414175 -0.86398 0.105837 0.266075 0.034589
e_8_9 8 9 2 0.0125 0.0818018 0.159645 0.193532 0.306304 -0.911597 0.123663 0.244697 0.066782
e_9_10 9 10 3 0.0125 0.0631855 0.187431 0.161679 0.278352 -0.912587 0.077191 0.289392 0.025756
e_10_6 10 6 4 0.0125 0.0518033 0.201434 0.145402 0.304319 -0.906641 0.0904308 0.277873 0.022873
e_2_11 2 11 1 0.0125 0.100245 0.099231 0.219651 -0.357907 -0.916613 0.121954 0.129806 0.041774
e_11_12 11 12 2 0.0125 0.0917483 0.0742558 0.194368 -0.408526 -0.862875 0.288093 -0.0745337 0.031905
e_12_5 12 5 3 0.0125 0.0915657 0.052509 0.175283 -0.324363 -0.79021 0.451244 -0.258331 0.026321
e_2_13 2 13 1 0.0125 0.159172 0.110924 0.178775 0.214672 -0.740451 0.562807 -0.298155 0.152617
e_13_14 13 14 2 0.0125 0.230932 0.109826 0.109741 0.318981 -0.654477 0.59371 -0.342665 0.047451
e_14_15 14 15 3 0.0125 0.262745 0.111254 0.0869593 0.31319 -0.690015 0.574034 -0.310284 0.030937
e_15_16 15 16 4 0.0125 0.281829 0.115687 0.0696569 0.318895 -0.7798 0.500426 -0.199477 0.021888
e_16_17 16 17 5 0.0125 0.29756 0.123801 0.0531263 0.368096 -0.760248 0.498348 -0.195388 0.02661
e_17_1 17 1 6 0.0125 0.31478 0.132257 0.0397792 0.459928 -0.667209 0.531373 -0.246863 0.020497
e_1_18 1 18 1 0.0125 0.323984 0.154037 0.030582 0.598882 -0.757383 0.217368 0.143047 0.037506
e_18_19 18 19 2 0.0125 0.323206 0.182525 0.0246559 0.620401 -0.739059 0.141248 0.221232 0.021051
e_19_20 19 20 3 0.0125 0.318541 0.201988 0.0205754 0.543646 -0.789528 0.103658 0.265237 0.020042
e_20_4 20 4 4 0.0125 0.312253 0.220968 0.0151354 0.549106 -0.785966 0.104243 0.264334 0.021401
e_1_21 1 21 1 0.0125 0.305216 0.10465 0.0496312 0.513777 0.0817516 -0.553486 0.650387 0.077636
e_21_3 21 3 2 0.0125 0.280215 0.0651929 0.0668426 0.275714 -0.211051 -0.578714 0.737922 0.022364
