15
1 24 23
3 -0.298855 -0.0529471 0.0222286 0.0125
25 -0.314281 -0.0483679 0.03446 0.0125
24 -0.333398 -0.0424517 0.0509219 0.0125
4 -0.387503 -0.0252631 0.181937 0.0125
23 -0.386794 -0.029848 0.162482 0.0125
22 -0.383248 -0.0312693 0.14285 0.0125
21 -0.382593 -0.0313783 0.122862 0.0125
20 -0.378915 -0.0298851 0.10326 0.0125
6 0.0253798 0.0823623 0.0122715 0.0125
11 0.00735489 0.0795772 0.0255008 0.0125
10 -0.00979578 0.080168 0.0358644 0.0125
9 -0.0332103 0.0770624 0.0505604 0.0125
2 -0.0956656 0.0660324 0.0986027 0.0125
19 -0.356001 -0.0272851 0.0892445 0.0125
8 -0.0657847 0.0724904 0.0748925 0.0125
12 -0.104479 0.0810405 0.0733397 0.0125
13 -0.113867 0.0967463 0.0474699 0.0125
5 -0.132329 0.110474 0.0176863 0.0125
14 -0.245401 7.52934e-05 0.0942075 0.0125
15 -0.266778 -0.00959098 0.0933464 0.0125
16 -0.292188 -0.0206772 0.0937596 0.0125
17 -0.315233 -0.0241166 0.0921617 0.0125
18 -0.335059 -0.0263559 0.09393 0.0125
1 -0.374842 -0.0323854 0.0838388 0.0125
e_2_8 2 8 1 0.0125 -0.0807249 0.0692615 0.086748 -0.264556 -0.587284 -0.679353 -0.35155 0.038688
e_8_9 8 9 2 0.0125 -0.0494972 0.0747765 0.0627269 -0.364638 -0.417991 -0.789076 -0.263974 0.040915
e_9_10 9 10 3 0.0125 -0.0215029 0.0786152 0.0432117 -0.0200392 -0.861084 -0.150597 -0.485235 0.027818
e_10_11 10 11 4 0.0125 -0.00122076 0.079873 0.0306821 0.0321778 0.870477 0.0270474 0.490411 0.020047
e_11_6 11 6 5 0.0125 0.0163673 0.0809692 0.0188868 -0.321928 -0.52485 -0.719801 -0.320597 0.022532
e_2_12 2 12 1 0.0125 -0.100073 0.0735364 0.085971 0.232821 -0.344914 -0.890381 -0.184526 0.030678
e_12_13 12 13 2 0.0125 -0.109173 0.0888929 0.0604055 0.239549 -0.347453 -0.887406 -0.185484 0.031686
e_13_5 13 5 3 0.0125 -0.123098 0.10361 0.0325776 0.299445 -0.239073 -0.915717 -0.120989 0.037636
e_2_14 2 14 1 0.0125 -0.170533 0.0330539 0.0964044 0.685261 0.161224 -0.698165 0.130348 0.163677
e_14_15 14 15 2 0.0125 -0.25609 -0.00475784 0.0937769 0.681227 0.165793 -0.700608 0.132627 0.023477
e_15_16 15 16 3 0.0125 -0.279483 -0.0151341 0.0935523 0.700401 0.158591 -0.683663 0.129969 0.027726
e_16_17 16 17 4 0.0125 -0.30371 -0.0223974 0.0929602 0.679629 0.0412624 -0.729724 0.0624849 0.023355
e_17_18 17 18 5 0.0125 -0.325146 -0.0252362 0.0930462 0.735476 0.0238864 -0.674743 0.0568009 0.02003
e_18_19 18 19 6 0.0125 -0.345529 -0.026821 0.091587 0.624399 -0.0056089 -0.780421 0.0322152 0.02148
e_19_1 19 1 7 0.0125 -0.365421 -0.0298353 0.086541 0.599148 0.0952956 -0.790164 0.0870688 0.020254
e_1_20 1 20 1 0.0125 -0.376879 -0.0311353 0.0935494 0.99235 -0.0657834 -0.100786 0.0274981 0.02
e_20_21 20 21 2 0.0125 -0.380754 -0.0306312 0.113061 0.991703 0.0298503 -0.0951497 0.0811212 0.02
e_21_22 21 22 3 0.0125 -0.382921 -0.0313239 0.132856 0.997859 -0.00375067 -0.0161839 0.0632512 0.02
e_22_23 22 23 4 0.0125 -0.385022 -0.0305583 0.152666 0.994479 -0.0394654 -0.0874529 0.0424911 0.02
e_23_4 23 4 5 0.0125 -0.387148 -0.0275556 0.172209 0.993159 -0.115409 -0.0177805 0.000320945 0.02
e_1_24 1 24 1 0.0125 -0.35412 -0.0374181 0.0673806 -0.127462 0.773702 -0.454839 0.422208 0.053875
e_24_25 24 25 2 0.0125 -0.323839 -0.0454093 0.0426902 -0.123077 0.750112 -0.504953 0.408909 0.025912
e_25_3 25 3 3 0.0125 -0.306568 -0.050657 0.0283443 -0.0865376 0.792723 -0.417317 0.435831 0.020213
2 28 27
3 0.13479 -0.269272 0.0106134 0.0125
29 0.114857 -0.26822 0.0118566 0.0125
28 0.0948749 -0.267579 0.0113015 0.0125
27 0.0752592 -0.271472 0.0115865 0.0125
26 0.0563835 -0.275131 0.0170902 0.0125
4 0.131043 -0.249464 0.0275675 0.0125
25 0.112348 -0.254823 0.0219512 0.0125
24 0.0921674 -0.261853 0.0188224 0.0125
23 0.062851 -0.273366 0.0198139 0.0125
1 0.0369141 -0.279391 0.0187704 0.0125
22 0.03854 -0.260043 0.0235779 0.0125
21 0.0424524 -0.240765 0.0271949 0.0125
11 0.149065 -0.00908132 0.0322224 0.0125
6 0.0584594 -0.126168 0.0316587 0.0125
10 0.0726734 -0.110934 0.0300217 0.0125
9 0.095389 -0.0841164 0.0288442 0.0125
2 0.151777 -0.0108574 0.0124871 0.0125
19 0.0464844 -0.20152 0.0213351 0.0125
8 0.118406 -0.0558351 0.0212086 0.0125
12 0.150713 -0.0066875 0.05201 0.0125
13 0.151829 -0.00484369 0.0718932 0.0125
14 0.152949 -0.00298388 0.0917757 0.0125
5 0.155801 -0.00230988 0.11156 0.0125
15 0.132172 -0.0533296 0.0167947 0.0125
16 0.0854654 -0.124509 0.0151395 0.0125
17 0.0621398 -0.160537 0.0130835 0.0125
18 0.051982 -0.182199 0.0191367 0.0125
20 0.0436628 -0.22086 0.0256183 0.0125
e_2_8 2 8 1 0.0125 0.135092 -0.033347 0.0168479 0.759011 0.507218 -0.407179 0.0289303 0.056681
e_8_9 8 9 2 0.0125 0.106897 -0.0699751 0.0250267 0.776 0.479908 -0.408909 0.0174949 0.037254
e_9_10 9 10 3 0.0125 0.0840312 -0.0975247 0.0294332 0.71883 0.527263 -0.453047 0.00509386 0.035165
e_10_6 10 6 4 0.0125 0.0655664 -0.118551 0.0308402 0.734244 0.501243 -0.457799 -0.00783215 0.0209
e_2_11 2 11 1 0.0125 0.15042 -0.00996964 0.0223546 0.996372 -0.0462395 -0.0669047 0.025079 0.02
e_11_12 11 12 2 0.0125 0.149889 -0.00788453 0.0421165 0.993051 -0.0559365 0.0467047 0.0924087 0.02
e_12_13 12 13 3 0.0125 0.151271 -0.00576505 0.0619521 0.994604 -0.0434919 0.0319407 0.0886034 0.02
e_13_14 13 14 4 0.0125 0.152389 -0.00391366 0.0818352 0.994593 -0.0438878 0.0320455 0.0884952 0.02
e_14_5 14 5 5 0.0125 0.154375 -0.002647 0.101668 0.988825 -0.00745733 0.0730899 0.129723 0.02
e_2_15 2 15 1 0.0125 0.141975 -0.032094 0.0146413 0.733444 0.573408 -0.354048 0.0889549 0.046977
e_15_16 15 16 2 0.0125 0.108819 -0.0889195 0.0159674 0.699022 0.573201 -0.425631 0.0405908 0.085151
e_16_17 16 17 3 0.0125 0.0738026 -0.142522 0.0141118 0.688725 0.58281 -0.429259 0.0415574 0.042969
e_17_18 17 18 4 0.0125 0.0570613 -0.171368 0.0161104 0.783833 0.522446 -0.323113 0.0908521 0.024679
e_18_19 18 19 5 0.0125 0.0492336 -0.191859 0.0202362 0.732094 0.59799 -0.296675 0.135757 0.020208
e_19_20 19 20 6 0.0125 0.045074 -0.211191 0.0234768 0.759093 0.583972 -0.22792 0.175518 0.020008
e_20_21 20 21 7 0.0125 0.0430574 -0.230812 0.0264059 0.707038 0.640984 -0.223003 0.198761 0.020004
e_21_22 21 22 8 0.0125 0.0404962 -0.250404 0.0253864 0.622068 0.696048 -0.325476 0.150382 0.020001
e_22_1 22 1 9 0.0125 0.0377274 -0.269717 0.0211745 0.588858 0.730342 -0.294574 0.181862 0.020003
e_1_23 1 23 1 0.0125 0.0498829 -0.276379 0.0192925 0.443257 0.435968 0.538842 0.568423 0.026648
e_23_24 23 24 2 0.0125 0.077509 -0.267609 0.0193185 0.37913 0.41751 0.584314 0.583543 0.031512
e_24_25 24 25 3 0.0125 0.102257 -0.258338 0.0203869 0.527122 0.293099 0.584513 0.542752 0.021598
e_25_4 25 4 4 0.0125 0.121696 -0.252144 0.0247594 0.618404 0.237849 0.551996 0.506265 0.020243
e_1_26 1 26 1 0.0125 0.0466482 -0.277261 0.0179301 0.34641 0.537281 0.503328 0.581369 0.02
e_26_27 26 27 2 0.0125 0.0658213 -0.273302 0.0143381 0.196161 0.69161 0.39908 0.569149 0.02
e_27_28 27 28 3 0.0125 0.0850668 -0.269526 0.0114441 0.403984 0.491474 0.515342 0.574171 0.02
e_28_29 28 29 4 0.0125 0.104866 -0.267899 0.0115794 0.459857 0.548945 0.42985 0.549927 0.02
e_29_3 29 3 5 0.0125 0.124823 -0.268746 0.0112352 0.404995 0.609518 0.399486 0.552157 0.02
3 28 27
3 -0.0951633 -0.110687 0.0178392 0.0125
29 -0.113128 -0.101902 0.0181711 0.0125
28 -0.131212 -0.0936477 0.0159765 0.0125
27 -0.148712 -0.0841174 0.0176835 0.0125
26 -0.166715 -0.0755943 0.015874 0.0125
4 -0.228767 -0.0177943 0.0849923 0.0125
25 -0.216966 -0.0300454 0.0744732 0.0125
24 -0.205879 -0.0391659 0.0605488 0.0125
23 -0.196634 -0.0489789 0.0457757 0.0125
22 -0.19047 -0.0579774 0.0290122 0.0125
1 -0.185316 -0.0688238 0.0130183 0.0125
21 -0.169403 -0.056979 0.0156168 0.0125
6 0.0560378 0.0195889 0.15333 0.0125
11 0.0601067 0.00899389 0.128016 0.0125
10 0.0627409 0.00120349 0.107552 0.0125
9 0.0652859 -0.0104496 0.0854401 0.0125
2 0.102591 -0.0390957 0.0273748 0.0125
19 -0.132596 -0.0429162 0.0179791 0.0125
8 0.0736968 -0.0185286 0.0662468 0.0125
12 0.0739968 0.00667645 0.0230892 0.0125
5 0.0524245 0.0470146 0.019829 0.0125
13 0.00425727 -0.0292753 0.0177233 0.0125
14 -0.0350982 -0.0210517 0.0159051 0.0125
15 -0.0551072 -0.0231435 0.0178112 0.0125
16 -0.0743406 -0.0289675 0.0183554 0.0125
17 -0.0936234 -0.0343386 0.018795 0.0125
18 -0.113522 -0.0368781 0.0181194 0.0125
20 -0.152022 -0.0475915 0.0189684 0.0125
e_2_8 2 8 1 0.0125 0.0881449 -0.0288123 0.0468105 0.873794 -0.0936814 -0.349088 -0.325339 0.05262
e_8_9 8 9 2 0.0125 0.069492 -0.0144889 0.0758435 0.903212 -0.107766 -0.247172 -0.333917 0.022459
e_9_10 9 10 3 0.0125 0.0640129 -0.00462261 0.0964964 0.92782 -0.213714 -0.119414 -0.281454 0.025124
e_10_11 10 11 4 0.0125 0.0614239 0.00509936 0.117785 0.927181 -0.149887 -0.116618 -0.322909 0.022054
e_11_6 11 6 5 0.0125 0.0580725 0.0142917 0.140673 0.925922 -0.160776 -0.133802 -0.31451 0.027742
e_2_12 2 12 1 0.0125 0.0882947 -0.0162101 0.0252319 0.658799 -0.698059 -0.228679 0.162493 0.054139
e_12_5 12 5 2 0.0125 0.0632108 0.0268452 0.0214588 0.660616 -0.710338 -0.175961 0.167464 0.045861
e_2_13 2 13 1 0.0125 0.0534238 -0.034185 0.0225492 0.434028 0.515033 -0.532299 -0.512854 0.099294
e_13_14 13 14 2 0.0125 -0.0154206 -0.0251632 0.0168146 0.536638 0.330905 -0.642721 -0.435237 0.040247
e_14_15 14 15 3 0.0125 -0.0451031 -0.0220977 0.0168587 0.476025 0.557307 -0.377142 -0.566193 0.020208
e_15_16 15 16 4 0.0125 -0.0647243 -0.0260556 0.0180839 0.382069 0.672521 -0.184899 -0.60626 0.020103
e_16_17 16 17 5 0.0125 -0.0839816 -0.0316532 0.0185754 0.382627 0.669461 -0.202101 -0.6038 0.020022
e_17_18 17 18 6 0.0125 -0.103573 -0.0356083 0.0184566 0.378344 0.64778 -0.311814 -0.583103 0.020072
e_18_19 18 19 7 0.0125 -0.123059 -0.0398973 0.0180487 0.355915 0.692012 -0.156876 -0.60814 0.020006
e_19_20 19 20 8 0.0125 -0.142308 -0.0452535 0.0184736 0.409212 0.644209 -0.245511 -0.597716 0.020005
e_20_21 20 21 9 0.0125 -0.160712 -0.0522858 0.017293 0.22904 0.757275 0.100789 -0.603255 0.020037
e_21_1 21 1 10 0.0125 -0.177359 -0.0629013 0.0143182 0.262686 0.731783 0.171546 -0.605031 0.020007
e_1_22 1 22 1 0.0125 -0.187893 -0.0634003 0.0210157 0.913709 -0.238845 -0.20765 -0.254894 0.02
e_22_23 22 23 2 0.0125 -0.193552 -0.0534778 0.0373938 0.911894 -0.173601 -0.225319 -0.295877 0.02
e_23_24 23 24 3 0.0125 -0.201256 -0.0440719 0.0531627 0.889391 -0.176572 -0.315427 -0.279842 0.02
e_24_25 24 25 4 0.0125 -0.211423 -0.0346059 0.0675118 0.872381 -0.138099 -0.364428 -0.29508 0.02
e_25_4 25 4 5 0.0125 -0.222867 -0.0239196 0.0797331 0.850002 -0.263435 -0.409423 -0.201173 0.02
e_1_26 1 26 1 0.0125 -0.176016 -0.0722094 0.0144464 0.688815 -0.0493104 0.652837 -0.311297 0.02
e_26_27 26 27 2 0.0125 -0.157714 -0.0798557 0.0167785 0.662634 -0.00998382 0.674279 -0.325827 0.02
e_27_28 27 28 3 0.0125 -0.139962 -0.0888824 0.0168298 0.599122 0.0120595 0.736563 -0.31366 0.02
e_28_29 28 29 4 0.0125 -0.12217 -0.0977755 0.0170734 0.670142 -0.0157555 0.667011 -0.325205 0.02
e_29_3 29 3 5 0.0125 -0.104146 -0.106294 0.0180049 0.627194 -0.00627413 0.712913 -0.313598 0.02
4 22 21
3 0.0365769 0.283695 0.239133 0.0125
23 -0.0169488 0.238907 0.203314 0.0125
4 -0.00164697 0.316491 0.219394 0.0125
22 -0.0187247 0.27266 0.204704 0.0125
1 -0.0289799 0.224434 0.19281 0.0125
21 -0.0404283 0.208188 0.195053 0.0125
11 -0.166209 -0.0459474 0.167926 0.0125
6 -0.116922 -0.101166 0.0628992 0.0125
10 -0.125241 -0.0904903 0.0797644 0.0125
9 -0.135699 -0.085021 0.0969584 0.0125
2 -0.17102 -0.0364697 0.184868 0.0125
19 -0.0650112 0.176734 0.197406 0.0125
8 -0.168441 -0.050244 0.161899 0.0125
12 -0.161322 -0.0555845 0.151096 0.0125
13 -0.158683 -0.0668733 0.134798 0.0125
14 -0.154643 -0.0802355 0.120476 0.0125
5 -0.154439 -0.0947962 0.106768 0.0125
15 -0.115687 0.0790425 0.197884 0.0125
16 -0.101474 0.11638 0.200507 0.0125
17 -0.0937865 0.135704 0.197624 0.0125
18 -0.0775661 0.159615 0.197093 0.0125
20 -0.0532469 0.192938 0.197493 0.0125
e_2_8 2 8 1 0.0125 -0.16973 -0.0433566 0.173383 -0.0605363 -0.384522 0.882594 -0.263641 0.026906
e_8_9 8 9 2 0.0125 -0.152071 -0.0676326 0.129428 0.112761 -0.35701 0.880528 -0.290689 0.080615
e_9_10 9 10 3 0.0125 -0.13047 -0.0877555 0.0883608 0.121154 -0.591407 0.749974 -0.270367 0.020855
e_10_6 10 6 4 0.0125 -0.121081 -0.0958277 0.0713317 0.145995 -0.193134 0.923397 -0.297863 0.021624
e_2_11 2 11 1 0.0125 -0.168615 -0.0412088 0.176397 0.0159009 -0.385009 0.880516 -0.276055 0.02
e_11_12 11 12 2 0.0125 -0.163766 -0.0507664 0.159511 0.0291601 -0.34304 0.896141 -0.280009 0.02
e_12_13 12 13 3 0.0125 -0.160003 -0.0612288 0.142947 0.143736 0.247161 0.919976 -0.268133 0.02
e_13_14 13 14 4 0.0125 -0.156663 -0.0735536 0.127637 0.300683 0.546095 0.74822 -0.227016 0.02
e_14_5 14 5 5 0.0125 -0.154541 -0.0875152 0.113622 0.395117 0.913437 0.0914353 -0.0339744 0.02
e_2_15 2 15 1 0.0125 -0.143353 0.0212868 0.191375 0.715272 -0.65987 0.118414 -0.19732 0.128742
e_15_16 15 16 2 0.0125 -0.10858 0.0977114 0.199196 0.706213 -0.679546 0.0738333 -0.184468 0.040037
e_16_17 16 17 3 0.0125 -0.0976304 0.126042 0.199066 0.632243 -0.749984 0.0786063 -0.177804 0.020996
e_17_18 17 18 4 0.0125 -0.0856765 0.147659 0.197359 0.667077 -0.684673 0.201021 -0.214058 0.028898
e_18_19 18 19 5 0.0125 -0.0712884 0.168174 0.19725 0.677469 -0.666514 0.219983 -0.220004 0.021232
e_19_20 19 20 6 0.0125 -0.0591284 0.184836 0.19745 0.673932 -0.671137 0.21772 -0.219063 0.020025
e_20_21 20 21 7 0.0125 -0.0468376 0.200563 0.196272 0.623598 -0.702517 0.259387 -0.224306 0.02007
e_21_1 21 1 8 0.0125 -0.0347041 0.216311 0.193931 0.631318 -0.714889 0.212078 -0.213059 0.020001
e_1_22 1 22 1 0.0125 -0.0238523 0.248547 0.198757 0.767295 -0.618655 -0.00436367 -0.168835 0.050719
e_22_4 22 4 2 0.0125 -0.0101858 0.294575 0.212049 0.78233 -0.587387 0.0770535 -0.192352 0.049281
e_1_23 1 23 1 0.0125 -0.022965 0.23167 0.198063 0.831247 -0.461442 0.208305 -0.229582 0.021553
e_23_3 23 3 2 0.0125 0.00981401 0.261301 0.221224 0.816778 -0.436004 0.285667 -0.247324 0.078447
5 21 20
3 -0.0243838 -0.0593979 0.025833 0.0125
22 -0.0413892 -0.0282903 0.0421872 0.0125
4 -0.0969294 0.0810954 0.142181 0.0125
21 -0.0853745 0.062887 0.124033 0.0125
20 -0.0726084 0.0293416 0.0936637 0.0125
11 0.227581 -0.155668 0.0655504 0.0125
10 0.217942 -0.140986 0.0559839 0.0125
6 0.334755 -0.0515823 0.0296937 0.0125
9 0.206134 -0.125718 0.0507429 0.0125
2 0.19862 -0.108663 0.0434863 0.0125
19 -0.0523721 0.00438177 0.0682852 0.0125
8 0.293064 -0.072052 0.0238115 0.0125
12 0.238456 -0.167597 0.0773596 0.0125
5 0.250032 -0.181562 0.0857849 0.0125
13 0.0987984 -0.0707508 0.0506536 0.0125
14 0.0450795 -0.046604 0.0498426 0.0125
15 0.0207896 -0.0353576 0.0524145 0.0125
16 0.000187264 -0.0256555 0.0545334 0.0125
17 -0.0174995 -0.0156614 0.0557464 0.0125
18 -0.0355555 -0.00725982 0.0638861 0.0125
1 -0.0699748 0.0158356 0.073034 0.0125
e_2_8 2 8 1 0.0125 0.245842 -0.0903573 0.0336489 0.621382 -0.118393 0.762444 0.136187 0.103185
e_8_6 8 6 2 0.0125 0.313909 -0.0618166 0.0267527 0.733732 -0.161286 0.64122 0.156398 0.046815
e_2_9 2 9 1 0.0125 0.202377 -0.11719 0.0471146 0.800271 0.44495 0.347281 -0.202437 0.02
e_9_10 9 10 2 0.0125 0.212038 -0.133352 0.0533639 0.776839 0.392218 0.463821 -0.166002 0.02
e_10_11 10 11 3 0.0125 0.222762 -0.148327 0.0607675 0.845219 0.368443 0.353695 -0.157339 0.02
e_11_12 11 12 4 0.0125 0.233019 -0.161633 0.0714546 0.884454 0.292769 0.345056 -0.113862 0.02
e_12_5 12 5 5 0.0125 0.244244 -0.17458 0.0815722 0.830664 0.349578 0.408849 -0.14365 0.02
e_2_13 2 13 1 0.0125 0.14871 -0.0897062 0.0470696 0.691572 -0.435033 -0.526556 0.234977 0.107019
e_13_14 13 14 2 0.0125 0.0719382 -0.0586774 0.0502483 0.637297 -0.537614 -0.466746 0.294909 0.058903
e_14_15 14 15 3 0.0125 0.0329338 -0.0409808 0.0511287 0.690859 -0.482665 -0.468209 0.265574 0.02689
e_15_16 15 16 4 0.0125 0.0104889 -0.0305071 0.0534741 0.688171 -0.489548 -0.462615 0.269725 0.022871
e_16_17 16 17 5 0.0125 -0.00865545 -0.0206585 0.0551397 0.656691 -0.561833 -0.393129 0.313928 0.020351
e_17_18 17 18 6 0.0125 -0.0265275 -0.0114611 0.0598162 0.806908 -0.347427 -0.436025 0.195131 0.021514
e_18_19 18 19 7 0.0125 -0.0439638 -0.00143902 0.0660857 0.717102 -0.529955 -0.337672 0.30148 0.020922
e_19_1 19 1 8 0.0125 -0.0611736 0.0101088 0.0706589 0.725784 -0.509891 -0.360176 0.289003 0.021531
e_1_20 1 20 1 0.0125 -0.0712916 0.0225886 0.0833488 0.936977 -0.289865 0.00367484 0.195034 0.024798
e_20_21 20 21 2 0.0125 -0.0789915 0.0461138 0.108848 0.867904 -0.419777 -0.0287343 0.264016 0.047016
e_21_4 21 4 3 0.0125 -0.0911515 0.0719912 0.133107 0.87149 -0.404801 -0.119116 0.249907 0.028186
e_1_22 1 22 1 0.0125 -0.0556815 -0.00622786 0.0576108 0.453181 0.47046 0.729166 -0.20399 0.060957
e_22_3 22 3 2 0.0125 -0.032886 -0.0438446 0.0340103 0.489942 0.503305 0.675374 -0.224748 0.039043
6 25 24
3 0.00178013 -0.0538016 0.130953 0.0125
26 0.0197918 -0.052833 0.122314 0.0125
25 0.0367853 -0.0529228 0.111769 0.0125
24 0.0529023 -0.0516912 0.0999893 0.0125
23 0.068437 -0.0507535 0.0874277 0.0125
4 0.173352 -0.0234706 0.0511032 0.0125
22 0.155661 -0.0319116 0.0550774 0.0125
21 0.137958 -0.0397752 0.0600496 0.0125
20 0.119407 -0.041941 0.0672074 0.0125
11 -0.168501 0.118374 0.174524 0.0125
6 -0.00793651 0.0466718 0.229225 0.0125
10 -0.0277315 0.0524562 0.217145 0.0125
9 -0.0631525 0.0694067 0.207126 0.0125
2 -0.142109 0.0995065 0.196013 0.0125
19 0.100914 -0.0483193 0.0713668 0.0125
8 -0.0887614 0.0778622 0.200163 0.0125
12 -0.180967 0.133026 0.167143 0.0125
13 -0.189008 0.148527 0.156921 0.0125
5 -0.198731 0.161734 0.145048 0.0125
14 -0.0355201 0.0204633 0.116591 0.0125
15 0.0126583 -0.00959754 0.0905358 0.0125
16 0.0315223 -0.0169534 0.0870704 0.0125
17 0.0489641 -0.0289271 0.0869544 0.0125
18 0.0649239 -0.0401624 0.0822091 0.0125
1 0.0809405 -0.0491995 0.0718961 0.0125
e_2_8 2 8 1 0.0125 -0.115436 0.0886845 0.198088 0.6877 0.0241267 0.680783 -0.251039 0.05772
e_8_9 8 9 2 0.0125 -0.0759572 0.073634 0.203645 0.748127 -0.00628096 0.612339 -0.255552 0.027853
e_9_10 9 10 3 0.0125 -0.0454418 0.0609308 0.212136 0.73428 0.0426098 0.612031 -0.290576 0.040526
e_10_6 10 6 4 0.0125 -0.0178338 0.0495634 0.223185 0.820977 -0.022363 0.496773 -0.280559 0.0239
e_2_11 2 11 1 0.0125 -0.155305 0.10894 0.185269 -0.315997 -0.191272 0.859953 0.352195 0.038914
e_11_12 11 12 2 0.0125 -0.174734 0.1257 0.170834 0.163892 -0.692758 0.446295 0.542261 0.020604
e_12_13 12 13 3 0.0125 -0.184988 0.140777 0.162032 0.127461 -0.58347 0.642005 0.480776 0.020234
e_13_5 13 5 4 0.0125 -0.19387 0.15513 0.150984 -0.0458916 -0.452946 0.76685 0.45241 0.020247
e_2_14 2 14 1 0.0125 -0.0888151 0.0599853 0.156302 0.437171 0.135919 0.859246 -0.228263 0.154651
e_14_15 14 15 2 0.0125 -0.0114309 0.00543269 0.103563 0.490197 0.105277 0.835121 -0.226265 0.06248
e_15_16 15 16 3 0.0125 0.0220908 -0.0132757 0.0888032 0.608239 0.0258457 0.763987 -0.213779 0.020542
e_16_17 16 17 4 0.0125 0.0402432 -0.0229405 0.087012 0.637153 0.112141 0.700127 -0.302129 0.021156
e_17_18 17 18 5 0.0125 0.0569438 -0.0345442 0.0845815 0.554852 0.123314 0.77647 -0.272079 0.020087
e_18_1 18 1 6 0.0125 0.0729327 -0.0446814 0.0770523 0.4637 0.0900582 0.858166 -0.201053 0.021085
e_1_19 1 19 1 0.0125 0.0909278 -0.0487597 0.0716316 0.688945 -0.144066 0.701769 -0.110088 0.02
e_19_20 19 20 2 0.0125 0.110162 -0.0451302 0.0692866 0.629283 -0.248759 0.736278 0.0039725 0.02
e_20_21 20 21 3 0.0125 0.128683 -0.0408588 0.0636288 0.565085 -0.155649 0.809139 -0.0418003 0.02
e_21_22 21 22 4 0.0125 0.14681 -0.0358435 0.0575641 0.611896 -0.278114 0.739566 0.0357496 0.02
e_22_4 22 4 5 0.0125 0.164508 -0.0276909 0.0530903 0.631873 -0.291707 0.717119 0.0372164 0.02
e_1_23 1 23 1 0.0125 0.0746884 -0.0499765 0.0796613 0.785183 0.21781 -0.253519 -0.52132 0.02
e_23_24 23 24 2 0.0125 0.060669 -0.0512225 0.0937085 0.713425 0.284058 -0.324466 -0.55232 0.02
e_24_25 24 25 3 0.0125 0.0448436 -0.0523076 0.105879 0.687708 0.314212 -0.326772 -0.567052 0.02
e_25_26 25 26 4 0.0125 0.0282888 -0.0528777 0.117041 0.670986 0.309476 -0.374945 -0.559838 0.02
e_26_3 26 3 5 0.0125 0.0107866 -0.0533171 0.126634 0.595426 0.39824 -0.354147 -0.601209 0.02
7 25 24
3 0.00942417 0.173742 0.0677465 0.0125
26 -0.012342 0.172996 0.0608525 0.0125
25 -0.0283606 0.171541 0.0488366 0.0125
24 -0.0501425 0.170787 0.0361918 0.0125
4 -0.0851242 0.266378 0.012705 0.0125
23 -0.075011 0.232561 0.0146466 0.0125
1 -0.0771547 0.168126 0.0194666 0.0125
22 -0.0632725 0.153359 0.0216683 0.0125
21 -0.0524331 0.137042 0.0303252 0.0125
12 -0.0680484 0.0128722 0.199311 0.0125
11 -0.0484836 0.0097607 0.196552 0.0125
10 -0.0287993 0.00595801 0.193429 0.0125
9 -0.0100591 -0.000956535 0.195047 0.0125
2 0.0571904 -0.00779226 0.208762 0.0125
19 -0.0229354 0.102302 0.0563804 0.0125
8 0.00971764 -0.00678279 0.196809 0.0125
6 -0.0871119 0.0185993 0.201361 0.0125
13 0.0330072 -0.00916651 0.226484 0.0125
14 0.0110762 -0.0104611 0.242142 0.0125
15 -0.00742404 -0.0116593 0.255698 0.0125
5 -0.023751 -0.0133351 0.2672 0.0125
16 0.0260537 0.0352928 0.149328 0.0125
17 0.00803691 0.0654626 0.10555 0.0125
18 -0.0127281 0.0892657 0.0686639 0.0125
20 -0.0369503 0.121574 0.0385472 0.0125
e_2_8 2 8 1 0.0125 0.033454 -0.00728753 0.202785 0.388966 -0.621244 -0.48592 0.47607 0.048965
e_8_9 8 9 2 0.0125 -0.000170263 -0.00386965 0.195928 0.358696 -0.7094 -0.198256 0.573396 0.020692
e_9_10 9 10 3 0.0125 -0.0194287 0.00250075 0.194238 0.332415 -0.72582 -0.116385 0.590881 0.02004
e_10_11 10 11 4 0.0125 -0.038642 0.00785914 0.194991 0.645497 -0.441444 -0.477688 0.400344 0.02029
e_11_12 11 12 5 0.0125 -0.0582659 0.0113167 0.197931 0.653331 -0.413386 -0.510044 0.376996 0.020002
e_12_6 12 6 6 0.0125 -0.0775802 0.0157358 0.200336 0.555744 -0.569701 -0.35243 0.492324 0.020011
e_2_13 2 13 1 0.0125 0.0450983 -0.0084794 0.217623 0.87424 -0.0639477 -0.44797 0.175894 0.030013
e_13_14 13 14 2 0.0125 0.0220412 -0.0098138 0.234313 0.87177 -0.0629364 -0.453693 0.173836 0.026978
e_14_15 14 15 3 0.0125 0.00182561 -0.0110602 0.24892 0.874994 -0.0583176 -0.448855 0.171794 0.022967
e_15_5 15 5 4 0.0125 -0.0155876 -0.0124978 0.261449 0.874305 -0.0312479 -0.460518 0.150124 0.020042
e_2_16 2 16 1 0.0125 0.0416214 0.0137501 0.179045 -0.0914583 -0.334836 0.872104 0.344898 0.079738
e_16_17 16 17 2 0.0125 0.0170447 0.0503775 0.127439 -0.0720505 -0.296236 0.895637 0.323862 0.056137
e_17_18 17 18 3 0.0125 -0.00234609 0.0773641 0.0871066 -0.127814 -0.31263 0.884328 0.32232 0.048563
e_18_19 18 19 4 0.0125 -0.017832 0.0957843 0.0625228 -0.0424527 -0.481785 0.752204 0.447517 0.020616
e_19_20 19 20 5 0.0125 -0.0299428 0.111938 0.0474636 -0.0300823 -0.476127 0.756893 0.446667 0.029763
e_20_21 20 21 6 0.0125 -0.0446921 0.129308 0.0344359 0.0744113 -0.652545 0.500024 0.564467 0.02338
e_21_22 21 22 7 0.0125 -0.0578535 0.145201 0.0259972 0.1033 -0.587375 0.597573 0.535935 0.021416
e_22_1 22 1 8 0.0125 -0.0702132 0.160742 0.0205681 0.279469 -0.689942 0.279234 0.606553 0.020387
e_1_23 1 23 1 0.0125 -0.0760824 0.200344 0.0170567 0.445813 -0.46172 0.569293 0.513782 0.06465
e_23_4 23 4 2 0.0125 -0.0800677 0.24947 0.013676 0.392183 -0.567873 0.452747 0.564565 0.03535
e_1_24 1 24 1 0.0125 -0.0636488 0.169456 0.0278297 0.849562 0.0654018 0.483138 0.201358 0.031882
e_24_25 24 25 2 0.0125 -0.0392517 0.171163 0.0425147 0.846731 0.0892126 0.491049 0.184278 0.025197
e_25_26 25 26 3 0.0125 -0.0203514 0.172268 0.054845 0.870612 0.0619136 0.443766 0.203157 0.020076
e_26_3 26 3 4 0.0125 -0.00145887 0.17337 0.0642993 0.788313 0.105811 0.581304 0.171614 0.022844
8 22 21
3 0.0127174 -0.215051 0.0713652 0.0125
23 -0.00339536 -0.198784 0.0602545 0.0125
22 -0.0201166 -0.186369 0.0510865 0.0125
21 -0.0461017 -0.170528 0.046314 0.0125
4 -0.117533 -0.167297 0.133063 0.0125
20 -0.103045 -0.169503 0.10873 0.0125
5 0.256137 -0.202038 0.0998984 0.0125
10 0.227964 -0.24409 0.0621134 0.0125
6 0.282821 -0.181098 0.136043 0.0125
9 0.261326 -0.201841 0.0941737 0.0125
2 0.212827 -0.264153 0.0351841 0.0125
19 -0.0907516 -0.172171 0.0867945 0.0125
8 0.238458 -0.230533 0.0668999 0.0125
11 0.188471 -0.253504 0.0436131 0.0125
12 0.0757776 -0.209632 0.0507849 0.0125
13 0.0511263 -0.202682 0.0456515 0.0125
14 0.0301981 -0.192316 0.0440852 0.0125
15 0.0111545 -0.186105 0.0402607 0.0125
16 -0.00792509 -0.177322 0.0405308 0.0125
17 -0.0271861 -0.172829 0.0436456 0.0125
18 -0.0464568 -0.168368 0.046674 0.0125
1 -0.065812 -0.163717 0.0487024 0.0125
e_2_8 2 8 1 0.0125 0.225643 -0.247343 0.0510416 -0.193947 0.341761 0.288352 0.873177 0.05285
e_8_9 8 9 2 0.0125 0.249892 -0.216186 0.0805371 -0.184996 0.346579 0.285648 0.874108 0.045718
e_9_6 9 6 3 0.0125 0.272074 -0.191469 0.115108 0.128335 0.188883 0.239363 0.943694 0.051432
e_2_10 2 10 1 0.0125 0.220396 -0.254122 0.0486484 -0.054484 0.237624 0.279277 0.928747 0.036835
e_10_5 10 5 2 0.0125 0.242051 -0.223064 0.0810051 -0.229642 0.336764 0.295794 0.863921 0.063165
e_2_11 2 11 1 0.0125 0.200648 -0.258829 0.0393986 0.175366 0.476821 -0.348579 -0.787643 0.027886
e_11_12 11 12 2 0.0125 0.132124 -0.231567 0.0471993 0.0791913 0.608262 -0.316889 -0.723414 0.121145
e_12_13 12 13 3 0.0125 0.0634517 -0.206156 0.0482186 0.0767977 0.713537 -0.298538 -0.62916 0.026121
e_13_14 13 14 4 0.0125 0.0406624 -0.197499 0.0448689 -0.0492634 0.676166 -0.276127 -0.681269 0.023407
e_14_15 14 15 5 0.0125 0.0206761 -0.18921 0.0421733 0.0470311 0.71297 -0.29234 -0.635609 0.020393
e_15_16 15 16 6 0.0125 0.00161409 -0.181713 0.0403959 0.0016125 0.637503 -0.295234 -0.711635 0.021006
e_16_17 16 17 7 0.0125 -0.0175562 -0.175076 0.0420882 0.26186 0.543228 -0.356538 -0.713591 0.020022
e_17_18 17 18 8 0.0125 -0.0368216 -0.170599 0.0451592 0.260832 0.545408 -0.356156 -0.712496 0.020011
e_18_1 18 1 9 0.0125 -0.0561342 -0.166042 0.0476888 0.226471 0.57288 -0.348012 -0.706687 0.020009
e_1_19 1 19 1 0.0125 -0.0782818 -0.167945 0.0677484 0.954361 0.102065 -0.279821 -0.0218894 0.046308
e_19_20 19 20 2 0.0125 -0.0968987 -0.170837 0.0977618 0.965988 -0.0609933 -0.250086 0.0245978 0.025287
e_20_4 20 4 3 0.0125 -0.110289 -0.1684 0.120896 0.963334 -0.0355206 -0.265376 -0.017362 0.028406
e_1_21 1 21 1 0.0125 -0.0559571 -0.167123 0.0475076 0.251238 0.745169 0.0405044 0.616411 0.02099
e_21_22 21 22 2 0.0125 -0.033109 -0.178449 0.0486999 0.41032 0.649858 0.0149173 0.639609 0.030805
e_22_23 22 23 3 0.0125 -0.0117563 -0.192576 0.05567 0.508688 0.546332 0.00768735 0.665356 0.022755
e_23_3 23 3 4 0.0125 0.00466022 -0.206918 0.0658102 0.576101 0.530283 -0.0226886 0.621605 0.02545
9 19 18
3 -0.0537958 -0.243278 0.0114932 0.0125
20 -0.0534703 -0.237389 0.0316338 0.0125
19 -0.0508237 -0.229155 0.0549569 0.0125
5 0.099775 0.0285364 0.046373 0.0125
10 0.140743 0.0179899 0.1137 0.0125
6 0.0782776 0.0617001 0.0114188 0.0125
9 0.10394 0.032029 0.06391 0.0125
2 0.150162 0.0141952 0.131491 0.0125
8 0.11955 0.0220795 0.083059 0.0125
11 0.0364988 -0.14017 0.127938 0.0125
12 0.00678747 -0.163767 0.126012 0.0125
13 -0.0102698 -0.184625 0.122181 0.0125
14 -0.0267218 -0.198471 0.114411 0.0125
1 -0.041607 -0.20576 0.102866 0.0125
18 -0.0472592 -0.220608 0.0745503 0.0125
15 -0.0286921 -0.218146 0.137051 0.0125
16 -0.0228653 -0.224145 0.155218 0.0125
17 -0.0217471 -0.234064 0.173674 0.0125
4 -0.0193645 -0.241062 0.192723 0.0125
e_2_8 2 8 1 0.0125 0.134856 0.0181378 0.107275 0.231238 0.349109 -0.892654 -0.166793 0.057836
e_8_9 8 9 2 0.0125 0.111745 0.0270536 0.0734843 0.360207 -0.26236 -0.889185 -0.103774 0.026634
e_9_6 9 6 3 0.0125 0.0911086 0.0468647 0.0376639 0.314925 -0.681682 -0.660164 -0.0177484 0.065531
e_2_10 2 10 1 0.0125 0.145453 0.0160929 0.122596 0.20722 0.236307 -0.937228 -0.151072 0.020485
e_10_5 10 5 2 0.0125 0.120259 0.0232626 0.0800364 0.220334 0.37269 -0.885703 -0.167587 0.079515
e_2_11 2 11 1 0.0125 0.0933307 -0.0629868 0.129715 0.66316 0.680345 -0.21539 -0.225734 0.19173
e_11_12 11 12 2 0.0125 0.0216434 -0.151968 0.126976 0.649649 0.614015 -0.385154 -0.229341 0.037991
e_12_13 12 13 3 0.0125 -0.00174072 -0.174196 0.124096 0.615566 0.713299 -0.248191 -0.225131 0.027216
e_13_14 13 14 4 0.0125 -0.0184959 -0.191548 0.118296 0.529213 0.729225 -0.371678 -0.223654 0.022864
e_14_1 14 1 5 0.0125 -0.034165 -0.202116 0.108638 0.409868 0.715033 -0.523951 -0.214969 0.020199
e_1_15 1 15 1 0.0125 -0.0351501 -0.211953 0.119958 0.957237 0.133929 0.197684 -0.163345 0.038585
e_15_16 15 16 2 0.0125 -0.0257791 -0.221146 0.146134 0.962722 0.126079 0.172969 -0.165385 0.02
e_16_17 16 17 3 0.0125 -0.0223062 -0.229105 0.164446 0.951196 0.233932 0.0740433 -0.187135 0.020982
e_17_4 17 4 4 0.0125 -0.0205555 -0.237564 0.183198 0.966635 0.160559 0.0899108 -0.178194 0.020432
e_1_18 1 18 1 0.0125 -0.0444333 -0.213184 0.0887079 0.207628 0.938883 0.23356 -0.144356 0.032468
e_18_19 18 19 2 0.0125 -0.0490415 -0.224882 0.064754 0.17184 0.939511 0.263379 -0.135725 0.021671
e_19_20 19 20 3 0.0125 -0.0521476 -0.233272 0.0432955 0.134299 0.908137 0.379599 -0.114695 0.024875
e_20_3 20 3 4 0.0125 -0.0536329 -0.240334 0.021564 0.11382 0.825058 0.54692 -0.084868 0.020987
10 24 23
3 -0.065541 -0.196842 0.0793686 0.0125
25 -0.0663262 -0.201629 0.0998193 0.0125
24 -0.0672106 -0.20635 0.119775 0.0125
23 -0.0632402 -0.20542 0.143154 0.0125
4 -0.153466 -0.211967 0.175128 0.0125
22 -0.134343 -0.206187 0.174174 0.0125
21 -0.114344 -0.206104 0.174072 0.0125
20 -0.094347 -0.205899 0.17377 0.0125
11 0.206892 -0.111004 0.0753758 0.0125
10 0.190442 -0.0910305 0.0683466 0.0125
6 0.218535 -0.202106 0.103483 0.0125
9 0.212467 -0.184761 0.0924109 0.0125
2 0.17469 -0.0663679 0.0616442 0.0125
19 -0.0743512 -0.205629 0.173491 0.0125
8 0.208268 -0.158806 0.0831598 0.0125
12 0.222473 -0.126983 0.0768419 0.0125
5 0.236537 -0.140327 0.0843752 0.0125
13 0.0992326 -0.134948 0.0963995 0.0125
14 0.0680564 -0.16314 0.110168 0.0125
15 0.0402311 -0.179223 0.120308 0.0125
16 0.0214102 -0.184913 0.131404 0.0125
17 -0.0182304 -0.199225 0.158235 0.0125
18 -0.0361377 -0.200665 0.169509 0.0125
1 -0.054629 -0.206072 0.176788 0.0125
e_2_8 2 8 1 0.0125 0.191479 -0.112587 0.0724016 0.762874 0.53378 0.328971 -0.157734 0.100674
e_8_9 8 9 2 0.0125 0.210368 -0.171783 0.0877857 0.784441 0.522987 0.246018 -0.224973 0.027873
e_9_6 9 6 3 0.0125 0.2155 -0.193434 0.0979465 0.85201 0.42094 0.254502 -0.179213 0.021454
e_2_10 2 10 1 0.0125 0.182566 -0.0786996 0.0649951 0.777424 0.485592 0.390608 -0.0850761 0.030022
e_10_11 10 11 2 0.0125 0.198667 -0.101017 0.0718608 0.792951 0.444636 0.413786 -0.0480527 0.026813
e_11_12 11 12 3 0.0125 0.214683 -0.118994 0.0761085 0.729904 0.487315 0.479327 -0.00315785 0.022367
e_12_5 12 5 4 0.0125 0.229505 -0.133655 0.0806085 0.825098 0.379771 0.417935 -0.0178015 0.020798
e_2_13 2 13 1 0.0125 0.136961 -0.100658 0.0790218 0.638553 0.574029 -0.0957981 -0.503552 0.107726
e_13_14 13 14 2 0.0125 0.0836448 -0.149044 0.103284 0.6333 0.57905 -0.0951716 -0.504553 0.044231
e_14_15 14 15 3 0.0125 0.0541441 -0.171181 0.115238 0.588527 0.56589 -0.171226 -0.55144 0.033701
e_15_16 15 16 4 0.0125 0.0308206 -0.182068 0.125856 0.647982 0.42856 -0.265725 -0.570828 0.022578
e_16_17 16 17 5 0.0125 0.00159022 -0.192069 0.144819 0.679447 0.412589 -0.247494 -0.553958 0.04996
e_17_18 17 18 6 0.0125 -0.0271839 -0.199945 0.163873 0.649473 0.352101 -0.332014 -0.586495 0.021211
e_18_1 18 1 7 0.0125 -0.045384 -0.203369 0.173148 0.570866 0.503685 -0.26386 -0.592277 0.020595
e_1_19 1 19 1 0.0125 -0.0644901 -0.20585 0.175139 0.196485 0.721637 -0.248314 -0.615609 0.02
e_19_20 19 20 2 0.0125 -0.0843488 -0.205764 0.17363 0.314753 0.633959 -0.301862 -0.638675 0.02
e_20_21 20 21 3 0.0125 -0.104345 -0.206001 0.173921 0.31452 0.632804 -0.303326 -0.639241 0.02
e_21_22 21 22 4 0.0125 -0.124344 -0.206145 0.174123 0.306665 0.637138 -0.30246 -0.639163 0.02
e_22_4 22 4 5 0.0125 -0.143905 -0.209077 0.174651 0.41151 0.6569 -0.211305 -0.595393 0.02
e_1_23 1 23 1 0.0125 -0.0589348 -0.205746 0.159971 -0.0607635 0.901555 0.414113 -0.109616 0.034725
e_23_24 23 24 2 0.0125 -0.0652254 -0.205885 0.131464 -0.0201961 0.889842 0.448045 -0.0838332 0.023731
e_24_25 24 25 3 0.0125 -0.066768 -0.203989 0.109797 -0.0808639 0.802837 0.584441 0.085689 0.020526
e_25_3 25 3 4 0.0125 -0.0659338 -0.199235 0.0895939 -0.081909 0.805127 0.581613 0.0823911 0.021018
11 21 20
3 0.00411953 0.0165025 0.13931 0.0125
22 0.0278222 0.0123374 0.138759 0.0125
21 0.0500107 0.0145927 0.139728 0.0125
4 0.132181 -0.0879893 0.161752 0.0125
20 0.121971 -0.0712316 0.157888 0.0125
6 0.237357 -0.0788016 0.153522 0.0125
11 0.262822 -0.0860603 0.162414 0.0125
10 0.284706 -0.101138 0.170097 0.0125
9 0.305456 -0.107932 0.176199 0.0125
2 0.374143 -0.110233 0.196452 0.0125
19 0.116729 -0.0520213 0.156022 0.0125
8 0.331065 -0.107339 0.18285 0.0125
12 0.392731 -0.0924815 0.211366 0.0125
5 0.450728 -0.0602499 0.234547 0.0125
13 0.200806 -0.0312495 0.165982 0.0125
14 0.17804 -0.021083 0.162425 0.0125
15 0.155409 -0.0134791 0.158601 0.0125
16 0.122737 -0.00314038 0.153238 0.0125
1 0.101471 0.0056104 0.151752 0.0125
18 0.113125 -0.0323609 0.155317 0.0125
17 0.107169 -0.0135595 0.151998 0.0125
e_2_8 2 8 1 0.0125 0.352604 -0.108785 0.189651 -0.234184 0.7602 0.268957 -0.543062 0.045268
e_8_9 8 9 2 0.0125 0.31826 -0.107636 0.179525 0.138513 0.774394 -0.161146 -0.595953 0.026465
e_9_10 9 10 3 0.0125 0.29508 -0.104535 0.173149 -0.0303281 -0.743652 0.285568 0.603749 0.022671
e_10_11 10 11 4 0.0125 0.273763 -0.093599 0.166256 0.0635971 -0.702501 0.38128 0.597557 0.027664
e_11_6 11 6 5 0.0125 0.250089 -0.0824313 0.157968 -0.253214 -0.607 0.539175 0.526046 0.027933
e_2_12 2 12 1 0.0125 0.383437 -0.101357 0.203909 0.813564 -0.199301 0.457539 0.298415 0.029715
e_12_5 12 5 2 0.0125 0.42173 -0.0763658 0.222957 0.776306 -0.112874 0.567755 0.249526 0.070285
e_2_13 2 13 1 0.0125 0.287475 -0.0707411 0.181217 0.260777 -0.760831 0.0106235 0.594153 0.192906
e_13_14 13 14 2 0.0125 0.189423 -0.026166 0.164203 0.29717 -0.754412 -0.0382745 0.584027 0.025185
e_14_15 14 15 3 0.0125 0.166725 -0.0172806 0.160513 0.330035 -0.744333 -0.1583 0.558558 0.024179
e_15_16 15 16 4 0.0125 0.139073 -0.00830988 0.15592 0.359311 -0.73041 -0.20932 0.541832 0.034686
e_16_1 16 1 5 0.0125 0.112104 0.0012344 0.152495 0.448785 -0.691272 -0.233198 0.516094 0.023045
e_1_17 1 17 1 0.0125 0.10432 -0.00397407 0.151875 0.656428 0.544318 0.444472 -0.274345 0.02
e_17_18 17 18 2 0.0125 0.110147 -0.0229596 0.153657 0.719303 0.514582 0.390195 -0.25604 0.02
e_18_19 18 19 3 0.0125 0.114927 -0.0421912 0.15567 0.653722 0.568407 0.399104 -0.300463 0.02
e_19_20 19 20 4 0.0125 0.11935 -0.0616258 0.156954 0.686849 0.537825 0.405077 -0.273672 0.02
e_20_4 20 4 5 0.0125 0.127076 -0.0796104 0.15982 0.748667 0.444447 0.453722 -0.190001 0.02
e_1_21 1 21 1 0.0125 0.0757401 0.010101 0.14574 0.451204 -0.628717 -0.465689 0.42926 0.053604
e_21_22 21 22 2 0.0125 0.0389163 0.0134649 0.139244 0.56151 0.478802 -0.540773 -0.403756 0.022323
e_22_3 22 3 3 0.0125 0.0159709 0.01442 0.139035 0.703114 -0.244697 -0.654743 0.130636 0.024072
12 21 20
3 -0.113897 -0.045136 0.20076 0.0125
22 -0.11368 -0.0630498 0.191868 0.0125
21 -0.116425 -0.0810978 0.183698 0.0125
20 -0.116856 -0.0983781 0.173639 0.0125
19 -0.116034 -0.115127 0.162739 0.0125
5 0.15443 -0.0856865 0.172784 0.0125
10 0.154998 -0.127138 0.199331 0.0125
6 0.280924 -0.0804504 0.204383 0.0125
9 0.157691 -0.15365 0.211724 0.0125
2 0.164599 -0.173395 0.216159 0.0125
8 0.205424 -0.148827 0.211042 0.0125
11 0.033106 -0.132086 0.200389 0.0125
12 0.00294318 -0.124583 0.187993 0.0125
13 -0.0391506 -0.126725 0.173351 0.0125
14 -0.0569898 -0.125127 0.159912 0.0125
15 -0.0856996 -0.124559 0.148671 0.0125
1 -0.115462 -0.127653 0.147159 0.0125
18 -0.175875 -0.115869 0.0978801 0.0125
16 -0.14508 -0.12004 0.128303 0.0125
17 -0.163386 -0.115788 0.114193 0.0125
4 -0.187406 -0.111455 0.0821109 0.0125
e_2_8 2 8 1 0.0125 0.185012 -0.161112 0.213601 0.413021 0.264031 0.695471 0.525378 0.047921
e_8_6 8 6 2 0.0125 0.243174 -0.114639 0.207712 0.384413 0.17185 0.709284 0.565341 0.102079
e_2_9 2 9 1 0.0125 0.161144 -0.163522 0.213941 -0.0175906 -0.236009 0.740272 0.629276 0.021384
e_9_10 9 10 2 0.0125 0.156344 -0.140394 0.205528 -0.114746 0.0957381 0.837654 0.525361 0.029389
e_10_5 10 5 3 0.0125 0.154714 -0.106412 0.186058 -0.138182 0.241069 0.843526 0.459625 0.049227
e_2_11 2 11 1 0.0125 0.0988526 -0.152741 0.208274 0.473115 0.341882 -0.663288 -0.468325 0.138728
e_11_12 11 12 2 0.0125 0.0180245 -0.128334 0.194191 0.129217 0.73568 -0.379485 -0.545957 0.033463
e_12_13 12 13 3 0.0125 -0.0181034 -0.125654 0.180672 0.309652 0.710102 -0.399779 -0.489946 0.044619
e_13_14 13 14 4 0.0125 -0.0480702 -0.125926 0.166632 0.00790294 0.889355 -0.0955541 -0.447052 0.022392
e_14_15 14 15 5 0.0125 -0.0713444 -0.124843 0.154292 0.249284 0.733461 -0.379872 -0.505559 0.030836
e_15_1 15 1 6 0.0125 -0.10058 -0.126106 0.147915 0.552278 0.4911 -0.532979 -0.411999 0.029961
e_1_16 1 16 1 0.0125 -0.13027 -0.123847 0.13773 -0.042896 0.861526 -0.142103 -0.48553 0.035927
e_16_17 16 17 2 0.0125 -0.154233 -0.117914 0.121247 -0.0803848 0.893529 -0.0424085 -0.439711 0.0235
e_17_18 17 18 3 0.0125 -0.16963 -0.115828 0.106037 -0.0439424 0.93733 0.13569 -0.317916 0.020546
e_18_4 18 4 4 0.0125 -0.18164 -0.113661 0.0899959 -0.198786 0.905837 0.270465 -0.258442 0.020027
e_1_19 1 19 1 0.0125 -0.115747 -0.12139 0.154949 0.795867 -0.288326 0.165359 0.506083 0.02
e_19_20 19 20 2 0.0125 -0.116445 -0.106752 0.16819 0.650065 -0.3681 0.303335 0.591529 0.02
e_20_21 20 21 3 0.0125 -0.116641 -0.0897378 0.178668 0.615062 -0.344853 0.360004 0.610878 0.02
e_21_22 21 22 4 0.0125 -0.115053 -0.0720738 0.187783 0.546423 -0.288005 0.461314 0.636918 0.02
e_22_3 22 3 5 0.0125 -0.113789 -0.0540931 0.196314 0.578772 -0.363513 0.381501 0.622365 0.02
13 23 22
3 -0.210875 -0.353999 0.151615 0.0125
24 -0.256967 -0.365918 0.212897 0.0125
4 -0.298438 -0.447433 0.275411 0.0125
23 -0.288071 -0.435789 0.262884 0.0125
22 -0.2778 -0.423031 0.251407 0.0125
21 -0.271217 -0.406546 0.242192 0.0125
20 -0.269684 -0.3885 0.233706 0.0125
12 -0.144126 -0.02414 0.0359193 0.0125
11 -0.140954 -0.0428394 0.0432167 0.0125
10 -0.13788 -0.061407 0.05015 0.0125
9 -0.142031 -0.0813275 0.0572073 0.0125
2 -0.156822 -0.13677 0.0935541 0.0125
19 -0.25876 -0.352237 0.228045 0.0125
8 -0.146113 -0.0995422 0.0679007 0.0125
6 -0.145147 -0.00419312 0.0335807 0.0125
13 -0.204205 -0.137707 0.0666074 0.0125
5 -0.238285 -0.127847 0.0381477 0.0125
14 -0.193535 -0.239166 0.161312 0.0125
15 -0.207022 -0.259299 0.186438 0.0125
16 -0.228514 -0.300849 0.215738 0.0125
17 -0.238933 -0.317859 0.223714 0.0125
18 -0.24753 -0.335862 0.225144 0.0125
1 -0.27009 -0.368712 0.230832 0.0125
e_2_8 2 8 1 0.0125 -0.151468 -0.118157 0.0807272 -0.0369917 0.308975 0.824989 0.471761 0.046462
e_8_9 8 9 2 0.0125 -0.144072 -0.0904353 0.0625541 0.474784 -0.738436 0.450827 0.161396 0.021512
e_9_10 9 10 3 0.0125 -0.139956 -0.0713677 0.0536788 0.576748 -0.776405 0.247044 0.0593784 0.021537
e_10_11 10 11 4 0.0125 -0.139417 -0.0521236 0.0466838 0.441667 -0.539753 -0.617671 -0.363428 0.020057
e_11_12 11 12 5 0.0125 -0.14254 -0.0334901 0.0395684 0.425794 -0.520498 -0.639239 -0.373035 0.020322
e_12_6 12 6 6 0.0125 -0.144636 -0.0141669 0.0347498 0.642558 -0.71144 -0.228024 -0.170226 0.02011
e_2_13 2 13 1 0.0125 -0.180513 -0.137239 0.0800804 0.428172 0.467715 -0.7269 -0.26368 0.054517
e_13_5 13 5 2 0.0125 -0.221245 -0.132777 0.0523774 0.302686 0.443441 -0.785 -0.309057 0.045483
e_2_14 2 14 1 0.0125 -0.175178 -0.187967 0.127433 0.872765 0.446524 -0.190413 0.0513903 0.128155
e_14_15 14 15 2 0.0125 -0.200278 -0.249233 0.173875 0.927052 0.306092 -0.215455 0.021462 0.034908
e_15_16 15 16 3 0.0125 -0.217768 -0.280074 0.201088 0.874521 0.423653 -0.234742 0.0250402 0.055197
e_16_17 16 17 4 0.0125 -0.233723 -0.309353 0.219726 0.828022 0.478334 -0.292535 -0.000581654 0.021483
e_17_18 17 18 5 0.0125 -0.243232 -0.32686 0.224429 0.731917 0.611757 -0.299988 0.00759999 0.020002
e_18_19 18 19 6 0.0125 -0.253144 -0.344049 0.226595 0.756044 0.551769 -0.351101 -0.0260098 0.020068
e_19_1 19 1 7 0.0125 -0.264425 -0.360475 0.229439 0.753867 0.553736 -0.352631 -0.0266939 0.020188
e_1_20 1 20 1 0.0125 -0.269887 -0.378606 0.232269 0.746302 0.647786 -0.0923059 0.122008 0.02
e_20_21 20 21 2 0.0125 -0.270451 -0.397523 0.237949 0.837679 0.525162 -0.109829 0.102158 0.02
e_21_22 21 22 3 0.0125 -0.274509 -0.414788 0.246799 0.853644 0.472494 -0.215352 0.0407921 0.02
e_22_23 22 23 4 0.0125 -0.282936 -0.429409 0.257146 0.887045 0.36267 -0.285532 -0.00962296 0.02
e_23_4 23 4 5 0.0125 -0.293254 -0.441611 0.269148 0.901674 0.326785 -0.28291 -0.0125338 0.02
e_1_24 1 24 1 0.0125 -0.263528 -0.367315 0.221865 0.0446373 0.890799 0.326866 0.31248 0.022398
e_24_3 24 3 2 0.0125 -0.233921 -0.359958 0.182256 0.0403727 0.879226 0.349019 0.321742 0.077602
14 27 26
3 -0.11847 0.188733 0.112968 0.0125
28 -0.1312 0.182561 0.0885335 0.0125
27 -0.1466 0.175203 0.0613375 0.0125
4 -0.0820933 0.193701 0.065466 0.0125
26 -0.10588 0.17861 0.0579434 0.0125
25 -0.12547 0.170673 0.0528684 0.0125
1 -0.168604 0.162875 0.0307348 0.0125
24 -0.151599 0.173383 0.0315713 0.0125
23 -0.135376 0.184882 0.0337191 0.0125
22 -0.116429 0.191292 0.0354388 0.0125
21 -0.097146 0.196412 0.0385781 0.0125
12 0.231406 0.254349 0.0594992 0.0125
11 0.214677 0.240707 0.0514722 0.0125
10 0.197821 0.234653 0.0423625 0.0125
9 0.175773 0.228789 0.0348158 0.0125
2 0.117566 0.225071 0.0114616 0.0125
19 -0.0572533 0.205896 0.0377493 0.0125
8 0.154088 0.227535 0.0257649 0.0125
6 0.24794 0.263732 0.0657552 0.0125
13 0.119778 0.205241 0.0128173 0.0125
14 0.121962 0.185415 0.0142929 0.0125
15 0.127989 0.166431 0.0124743 0.0125
16 0.136991 0.148976 0.0162482 0.0125
5 0.143256 0.129982 0.016153 0.0125
17 0.0295345 0.218827 0.0256515 0.0125
18 -0.0377648 0.21072 0.0339532 0.0125
20 -0.0770665 0.201711 0.0416298 0.0125
e_2_8 2 8 1 0.0125 0.135827 0.226303 0.018613 -0.244972 -0.526077 -0.203155 -0.788644 0.0393
e_8_9 8 9 2 0.0125 0.16493 0.228162 0.0302903 -0.269093 -0.513646 -0.209417 -0.787338 0.023532
e_9_10 9 10 3 0.0125 0.186797 0.231721 0.0385891 0.0363612 -0.572149 -0.124957 -0.809759 0.024031
e_10_11 10 11 4 0.0125 0.206249 0.237679 0.046917 0.136232 -0.513949 -0.0958308 -0.841495 0.020094
e_11_12 11 12 5 0.0125 0.223042 0.247528 0.0554855 0.595238 -0.566145 0.0721461 -0.565656 0.023031
e_12_6 12 6 6 0.0125 0.239673 0.25904 0.0626277 0.389943 -0.586205 -0.00820492 -0.710099 0.020014
e_2_13 2 13 1 0.0125 0.118672 0.215155 0.0121389 -0.711403 -0.643357 -0.228494 0.166697 0.02
e_13_14 13 14 2 0.0125 0.12087 0.195327 0.0135556 -0.71298 -0.640992 -0.228531 0.169005 0.02
e_14_15 14 15 3 0.0125 0.124976 0.175923 0.0133834 -0.674011 -0.698589 -0.239668 0.0155701 0.02
e_15_16 15 16 4 0.0125 0.13249 0.157703 0.0143608 -0.770218 -0.578131 -0.267254 -0.0332326 0.02
e_16_5 16 5 5 0.0125 0.140123 0.139478 0.0162005 -0.704983 -0.66484 -0.245689 0.0249615 0.02
e_2_17 2 17 1 0.0125 0.0735496 0.221949 0.0185565 -0.0891766 -0.647854 0.0302222 0.755923 0.089386
e_17_18 17 18 2 0.0125 -0.00411515 0.214774 0.0298023 -0.112489 -0.66242 0.0204758 0.740356 0.068292
e_18_19 18 19 3 0.0125 -0.0475098 0.208308 0.035851 -0.186063 -0.638044 0.00092 0.747181 0.020432
e_19_20 19 20 4 0.0125 -0.0671607 0.203804 0.0396893 -0.167692 -0.637062 0.00708185 0.752318 0.020619
e_20_21 20 21 5 0.0125 -0.0871067 0.199062 0.0401041 -0.15705 -0.756673 -0.011657 0.634544 0.020989
e_21_22 21 22 6 0.0125 -0.106788 0.193852 0.0370087 -0.156642 -0.759985 -0.0122203 0.630664 0.020197
e_22_23 22 23 7 0.0125 -0.125902 0.188087 0.0345785 -0.198188 -0.736465 -0.0211848 0.646446 0.020076
e_23_24 23 24 8 0.0125 -0.143487 0.179132 0.0326449 -0.333296 -0.740795 -0.0700671 0.578988 0.02
e_24_1 24 1 9 0.0125 -0.160101 0.168128 0.0311531 -0.314832 -0.719356 -0.0586025 0.61642 0.020008
e_1_25 1 25 1 0.0125 -0.147037 0.166773 0.0418017 -0.139278 -0.493498 -0.176309 -0.840224 0.049104
e_25_26 25 26 2 0.0125 -0.115675 0.174641 0.055406 0.212733 -0.615304 -0.0683432 -0.755959 0.021738
e_26_4 26 4 3 0.0125 -0.0939864 0.186155 0.0617052 0.435903 -0.609014 0.0100785 -0.662562 0.029158
e_1_27 1 27 1 0.0125 -0.157602 0.169039 0.0460355 0.716778 -0.316807 0.117448 -0.609974 0.039657
e_27_28 27 28 2 0.0125 -0.1389 0.178881 0.0749353 -0.475584 0.275853 -0.0199058 0.835062 0.032108
e_28_3 28 3 3 0.0125 -0.124835 0.185647 0.100751 -0.412928 0.259397 0.00251452 0.873039 0.028235
15 18 17
3 0.0632579 0.276613 0.297605 0.0125
19 0.0723424 0.289086 0.260628 0.0125
11 -0.106024 0.0368401 0.204651 0.0125
6 0.053197 0.143773 0.260996 0.0125
10 0.0259901 0.127229 0.252787 0.0125
9 0.00424124 0.109673 0.246933 0.0125
2 -0.0721649 0.0691262 0.230875 0.0125
8 -0.0203346 0.094322 0.245943 0.0125
5 -0.126397 -0.000680669 0.186568 0.0125
12 -0.0457673 0.102075 0.227461 0.0125
13 0.0141721 0.213479 0.235424 0.0125
14 0.0443502 0.262376 0.221058 0.0125
15 0.0605427 0.287891 0.215539 0.0125
1 0.0824852 0.322245 0.211744 0.0125
18 0.112854 0.395043 0.219559 0.0125
16 0.0908421 0.34161 0.213785 0.0125
17 0.100352 0.363121 0.215692 0.0125
4 0.126006 0.41103 0.220254 0.0125
e_2_8 2 8 1 0.0125 -0.0462494 0.0817245 0.238408 0.780392 -0.355213 0.497348 -0.132125 0.059567
e_8_9 8 9 2 0.0125 -0.00804664 0.101997 0.246437 0.711355 -0.450405 0.52919 -0.105203 0.028993
e_9_10 9 10 3 0.0125 0.0151154 0.11845 0.24986 0.773976 -0.431978 0.459251 -0.058695 0.028557
e_10_6 10 6 4 0.0125 0.0395933 0.135501 0.256891 0.783942 -0.382707 0.478235 -0.1013 0.032884
e_2_11 2 11 1 0.0125 -0.0890947 0.0529827 0.217763 -0.449081 -0.815647 0.281424 0.232048 0.053634
e_11_5 11 5 2 0.0125 -0.116211 0.0180793 0.19561 -0.518254 -0.550043 0.626457 -0.190832 0.046366
e_2_12 2 12 1 0.0125 -0.0589658 0.0856005 0.229169 0.677954 -0.567674 0.466956 0.00874992 0.042358
e_12_13 12 13 2 0.0125 -0.0157976 0.157777 0.231442 0.725175 -0.566597 0.384135 0.0743538 0.126755
e_13_14 13 14 3 0.0125 0.0292615 0.237927 0.228241 0.613587 -0.636914 0.464339 0.0473323 0.059228
e_14_15 14 15 4 0.0125 0.0524461 0.275133 0.218299 0.638884 -0.618241 0.45565 0.0445838 0.030719
e_15_1 15 1 5 0.0125 0.0715142 0.305068 0.213642 0.672002 -0.594629 0.439045 0.0454857 0.04094
e_1_16 1 16 1 0.0125 0.0866645 0.331927 0.212765 0.73298 -0.573441 0.350719 0.104417 0.02119
e_16_17 16 17 2 0.0125 0.0955975 0.352365 0.214739 0.728125 -0.576423 0.35684 0.101176 0.023597
e_17_18 17 18 3 0.0125 0.106603 0.379083 0.217625 0.736563 -0.574962 0.33672 0.116248 0.0345
e_18_4 18 4 4 0.0125 0.11943 0.403037 0.219906 0.71885 -0.532784 0.446489 0.00650739 0.020713
e_1_19 1 19 1 0.0125 0.0774135 0.305665 0.236186 0.950519 0.295773 -0.0685426 -0.0658287 0.059933
e_19_3 19 3 2 0.0125 0.0678005 0.28285 0.279117 0.97846 0.150899 -0.125673 0.0636505 0.040067
