15
1 19 18
3 -0.0496742 -0.168224 0.0943564 0.0125
20 -0.0522997 -0.191242 0.0686122 0.0125
19 -0.0538129 -0.204949 0.0533186 0.0125
5 -0.0228041 0.0684777 0.0118223 0.0125
10 -0.100906 0.0525961 0.0124404 0.0125
6 -0.0580748 0.125707 0.122523 0.0125
9 -0.0660526 0.112066 0.1082 0.0125
2 -0.120762 0.0485006 0.0114706 0.0125
8 -0.073121 0.0975813 0.0940114 0.0125
11 -0.0822057 -0.140724 0.0123666 0.0125
12 -0.075554 -0.164515 0.0114702 0.0125
13 -0.070315 -0.185514 0.0136246 0.0125
14 -0.0655245 -0.205154 0.0162726 0.0125
15 -0.0604691 -0.224178 0.0198974 0.0125
1 -0.0553746 -0.24179 0.0279201 0.0125
18 -0.0655133 -0.209894 0.099298 0.0125
16 -0.06089 -0.228171 0.0492579 0.0125
17 -0.0642638 -0.219932 0.0818925 0.0125
4 -0.0688771 -0.199819 0.116403 0.0125
e_2_8 2 8 1 0.0125 -0.0969418 0.0730408 0.0527406 0.894085 -0.304737 0.14881 -0.292581 0.107198
e_8_9 8 9 2 0.0125 -0.0695871 0.104824 0.101105 0.729918 -0.404595 -0.0769193 -0.545533 0.021474
e_9_6 9 6 3 0.0125 -0.0620637 0.118887 0.115362 0.720973 -0.40165 -0.0537381 -0.562128 0.021328
e_2_10 2 10 1 0.0125 -0.110835 0.0505486 0.0119557 -0.693063 -0.0613721 -0.687274 -0.208691 0.020296
e_10_5 10 5 2 0.0125 -0.0618555 0.0605376 0.0121312 -0.672286 -0.0725118 -0.70613 -0.210129 0.079704
e_2_11 2 11 1 0.0125 -0.101484 -0.0461115 0.0119183 -0.0691948 0.0726909 -0.701708 0.705361 0.193115
e_11_12 11 12 2 0.0125 -0.0788801 -0.152619 0.0119183 -0.116439 0.0747886 -0.715931 0.684318 0.024719
e_12_13 12 13 3 0.0125 -0.0729343 -0.175014 0.0125471 -0.0756968 0.0951227 -0.664398 0.737426 0.021751
e_13_14 13 14 4 0.0125 -0.0679199 -0.195335 0.0149483 -0.065896 0.0995077 -0.652038 0.748734 0.020388
e_14_15 14 15 5 0.0125 -0.0629968 -0.214666 0.018085 -0.0656539 0.11091 -0.630193 0.765667 0.020015
e_15_1 15 1 6 0.0125 -0.0579218 -0.232984 0.0239087 -0.00891443 0.146481 -0.527341 0.836885 0.020012
e_1_16 1 16 1 0.0125 -0.0581327 -0.23498 0.0385892 0.954423 -0.278593 -0.102868 0.0296961 0.025907
e_16_17 16 17 2 0.0125 -0.0625772 -0.224051 0.0655749 0.924031 -0.132744 -0.00245177 0.358525 0.033827
e_17_18 17 18 3 0.0125 -0.0648882 -0.214913 0.090595 0.964971 -0.259157 -0.0231201 0.0336838 0.020131
e_18_4 18 4 4 0.0125 -0.0671953 -0.204857 0.10785 0.960215 -0.264528 -0.0725564 0.052419 0.020135
e_1_19 1 19 1 0.0125 -0.054594 -0.223369 0.0406193 0.770394 -0.414162 -0.211765 -0.436025 0.044775
e_19_20 19 20 2 0.0125 -0.0530564 -0.198095 0.060966 0.894005 -0.35279 -0.0648623 -0.268492 0.020592
e_20_3 20 3 3 0.0125 -0.0509874 -0.179734 0.0814842 0.894133 -0.352546 -0.0635467 -0.268699 0.034633
2 24 23
3 -0.237123 -0.163015 0.0126437 0.0125
25 -0.176492 -0.155514 0.0194233 0.0125
4 -0.0972187 -0.197799 0.0944805 0.0125
24 -0.10876 -0.184784 0.0724138 0.0125
1 -0.138442 -0.149965 0.0169485 0.0125
23 -0.138891 -0.130987 0.0234706 0.0125
22 -0.134963 -0.111429 0.0256245 0.0125
21 -0.128334 -0.0919265 0.0255401 0.0125
6 -0.278321 0.0121587 0.0174246 0.0125
11 -0.266396 0.0319907 0.0193154 0.0125
10 -0.256648 0.0549312 0.0192701 0.0125
9 -0.247484 0.0739345 0.0180163 0.0125
2 -0.192184 0.132516 0.0154717 0.0125
19 -0.126171 -0.0501755 0.0131306 0.0125
8 -0.225568 0.0967897 0.014868 0.0125
12 -0.175807 0.136737 0.0261469 0.0125
13 -0.163418 0.140182 0.0414656 0.0125
14 -0.153912 0.141705 0.0589963 0.0125
15 -0.143115 0.14308 0.0757758 0.0125
5 -0.13074 0.138515 0.0908079 0.0125
16 -0.142653 0.0264126 0.0127517 0.0125
17 -0.137926 0.00540174 0.0127052 0.0125
18 -0.129495 -0.0287562 0.0122067 0.0125
20 -0.125745 -0.071165 0.0197077 0.0125
e_2_8 2 8 1 0.0125 -0.208876 0.114653 0.0151699 0.652323 0.301898 -0.64423 0.261343 0.0489
e_8_9 8 9 2 0.0125 -0.236526 0.0853621 0.0164421 0.692808 0.287595 -0.606479 0.263608 0.031822
e_9_10 9 10 3 0.0125 -0.252066 0.0644323 0.0186426 0.635917 0.394889 -0.560722 0.353925 0.021135
e_10_11 10 11 4 0.0125 -0.261523 0.0434612 0.0192928 0.606888 0.41537 -0.571443 0.364153 0.024926
e_11_6 11 6 5 0.0125 -0.272359 0.0220751 0.01837 0.597954 0.377683 -0.630936 0.318947 0.023218
e_2_12 2 12 1 0.0125 -0.183996 0.134627 0.0208099 0.832798 0.0299741 0.48189 0.270796 0.02
e_12_13 12 13 2 0.0125 -0.169612 0.138459 0.0338068 0.912317 -0.0100333 0.341941 0.225063 0.02
e_13_14 13 14 3 0.0125 -0.158665 0.140944 0.0502315 0.938279 0.022835 0.247448 0.240584 0.02
e_14_15 14 15 4 0.0125 -0.148514 0.142393 0.067386 0.922876 0.0419446 0.280634 0.260357 0.02
e_15_5 15 5 5 0.0125 -0.136927 0.140797 0.0832918 0.835041 0.258098 0.239936 0.42252 0.02
e_2_16 2 16 1 0.0125 -0.167418 0.0794644 0.0141116 0.419641 0.631122 -0.336594 0.55883 0.117126
e_16_17 16 17 2 0.0125 -0.14029 0.0159076 0.0127285 0.480679 0.583797 -0.40031 0.517572 0.021536
e_17_18 17 18 3 0.0125 -0.133711 -0.0116777 0.012456 0.470402 0.589903 -0.398883 0.52118 0.035187
e_18_19 18 19 4 0.0125 -0.127832 -0.0394661 0.0126686 0.515672 0.562569 -0.402757 0.505356 0.021696
e_19_20 19 20 5 0.0125 -0.125958 -0.0606709 0.0164197 0.650676 0.485002 -0.339545 0.475503 0.022
e_20_21 20 21 6 0.0125 -0.127039 -0.0815451 0.0226238 0.661818 0.457073 -0.39602 0.443001 0.021719
e_21_22 21 22 7 0.0125 -0.131649 -0.101678 0.0255823 0.595076 0.43781 -0.553408 0.384637 0.020599
e_22_23 22 23 8 0.0125 -0.136927 -0.121208 0.0245476 0.526855 0.485261 -0.564086 0.410795 0.020065
e_23_1 23 1 9 0.0125 -0.138666 -0.140477 0.0202096 0.384158 0.552482 -0.597697 0.435826 0.020072
e_1_24 1 24 1 0.0125 -0.123601 -0.167375 0.0446812 0.825667 0.33097 0.0689511 0.451639 0.071902
e_24_4 24 4 2 0.0125 -0.102989 -0.191292 0.0834471 0.834027 0.318514 0.0767051 0.44392 0.028098
e_1_25 1 25 1 0.0125 -0.157467 -0.152739 0.0181864 0.727624 0.0504229 -0.682159 0.0517705 0.038532
e_25_3 25 3 2 0.0125 -0.206807 -0.159265 0.0160335 0.666164 0.0549403 -0.743053 0.0328572 0.061468
3 19 18
3 0.097825 0.0308766 0.0130674 0.0125
20 0.083075 0.0174109 0.0141289 0.0125
19 0.0674956 0.00487222 0.014327 0.0125
10 -0.208227 0.0632053 0.0437784 0.0125
5 -0.200873 0.148012 0.123754 0.0125
6 -0.343506 0.165057 0.146471 0.0125
9 -0.221089 0.121814 0.0861416 0.0125
2 -0.248822 0.0956357 0.0539571 0.0125
8 -0.296437 0.135 0.109033 0.0125
11 -0.189228 0.0477358 0.0387734 0.0125
12 -0.0840031 0.00237105 0.0344828 0.0125
13 -0.0535617 -0.0117588 0.0318078 0.0125
14 -0.0263248 -0.0193022 0.0278308 0.0125
15 -0.00535515 -0.021856 0.0210794 0.0125
1 0.0162756 -0.0250974 0.0139831 0.0125
18 0.0511185 -0.00659584 0.0138052 0.0125
16 0.0709419 -0.0212554 0.0383056 0.0125
4 0.109526 -0.0160239 0.0476531 0.0125
17 0.0350712 -0.0184499 0.0123969 0.0125
e_2_8 2 8 1 0.0125 -0.272629 0.115318 0.0814956 0.505847 0.117894 -0.39163 -0.759504 0.082765
e_8_6 8 6 2 0.0125 -0.319971 0.150028 0.127753 0.449462 0.212331 -0.420117 -0.759211 0.067235
e_2_9 2 9 1 0.0125 -0.234956 0.108726 0.0700496 0.879973 -0.206529 0.367255 0.219357 0.049903
e_9_5 9 5 2 0.0125 -0.210981 0.134913 0.104948 0.927269 -0.30572 0.176453 -0.124786 0.050097
e_2_10 2 10 1 0.0125 -0.228525 0.0794211 0.048868 0.520226 0.740962 0.217017 0.365025 0.052947
e_10_11 10 11 2 0.0125 -0.198727 0.0554707 0.041276 0.519099 0.744584 0.213711 0.361191 0.025007
e_11_12 11 12 3 0.0125 -0.136616 0.0250536 0.0366276 0.511723 0.656886 0.295311 0.468436 0.114667
e_12_13 12 13 4 0.0125 -0.0687821 -0.00469429 0.0331446 0.50039 0.67812 0.282623 0.458135 0.033667
e_13_14 13 14 5 0.0125 -0.0399433 -0.0155307 0.0298198 0.408071 0.69483 0.29475 0.513626 0.02854
e_14_15 14 15 6 0.0125 -0.0158404 -0.0205789 0.0244552 0.256396 0.764401 0.260622 0.531063 0.022177
e_15_1 15 1 7 0.0125 0.00545976 -0.0234765 0.0175313 0.267952 0.766688 0.257858 0.523355 0.022995
e_1_16 1 16 1 0.0125 0.043609 -0.0231758 0.0261441 0.627506 0.331991 0.432369 0.555945 0.059957
e_16_4 16 4 2 0.0125 0.0902337 -0.018639 0.0429796 0.459898 0.448577 0.426691 0.636559 0.040043
e_1_17 1 17 1 0.0125 0.0256732 -0.0217738 0.0131893 0.0878811 0.654997 0.332615 0.672773 0.02
e_17_18 17 18 2 0.0125 0.0430955 -0.0125227 0.0131011 -0.0819237 0.590296 0.341081 0.726982 0.02
e_18_19 18 19 3 0.0125 0.0593073 -0.000862422 0.0140658 -0.092116 0.618336 0.323437 0.710326 0.02
e_19_20 19 20 4 0.0125 0.0752853 0.0111416 0.0142279 -0.198819 0.656924 0.270963 0.674908 0.02
e_20_3 20 3 5 0.0125 0.0904503 0.0241444 0.0135979 -0.29962 0.695442 0.207075 0.619442 0.02
4 24 23
3 -0.0703663 -0.14104 0.0352993 0.0125
25 -0.0489437 -0.12983 0.0346941 0.0125
4 0.0172866 -0.183135 0.0100603 0.0125
24 0.0113668 -0.164978 0.0160002 0.0125
23 0.0103084 -0.145441 0.0201446 0.0125
22 0.0132109 -0.126898 0.0270537 0.0125
21 0.0138474 -0.108723 0.0353776 0.0125
1 0.0152866 -0.0905538 0.0436104 0.0125
11 -0.23126 -0.176395 0.136706 0.0125
10 -0.23345 -0.194578 0.128671 0.0125
6 -0.211892 -0.113893 0.0173095 0.0125
9 -0.212624 -0.141355 0.0476934 0.0125
2 -0.239716 -0.213105 0.124488 0.0125
19 -0.0232468 -0.100189 0.0466134 0.0125
8 -0.221158 -0.178271 0.0872487 0.0125
12 -0.227079 -0.159204 0.146032 0.0125
13 -0.222893 -0.141052 0.153314 0.0125
5 -0.217431 -0.123343 0.160832 0.0125
14 -0.145533 -0.178688 0.083633 0.0125
15 -0.0962267 -0.145779 0.0714487 0.0125
16 -0.0759947 -0.135004 0.0648922 0.0125
17 -0.0591863 -0.119326 0.0538443 0.0125
18 -0.0419952 -0.107602 0.048125 0.0125
20 -0.00391912 -0.0949421 0.0472039 0.0125
e_2_8 2 8 1 0.0125 -0.230436 -0.195688 0.105868 -0.289952 0.299139 -0.868128 -0.269811 0.054264
e_8_9 8 9 2 0.0125 -0.216891 -0.159813 0.067471 -0.177859 0.247781 -0.894247 -0.327557 0.054774
e_9_6 9 6 3 0.0125 -0.212258 -0.127624 0.0325013 -0.102008 0.240954 -0.901569 -0.344542 0.040962
e_2_10 2 10 1 0.0125 -0.236583 -0.203841 0.126579 0.550512 -0.564048 -0.278016 -0.549083 0.02
e_10_11 10 11 2 0.0125 -0.232355 -0.185486 0.132688 0.665496 -0.471286 -0.277472 -0.50795 0.02
e_11_12 11 12 3 0.0125 -0.22917 -0.167799 0.141369 0.719274 -0.487871 -0.169778 -0.464545 0.02
e_12_13 12 13 4 0.0125 -0.224986 -0.150128 0.149673 0.651254 -0.511215 -0.237939 -0.507852 0.02
e_13_5 13 5 5 0.0125 -0.220162 -0.132198 0.157073 0.669957 -0.528224 -0.181731 -0.48899 0.02
e_2_14 2 14 1 0.0125 -0.192625 -0.195897 0.10406 -0.152775 0.827644 0.0605324 0.536657 0.108277
e_14_15 14 15 2 0.0125 -0.12088 -0.162234 0.0775406 0.309507 0.35129 0.690841 0.550945 0.060519
e_15_16 15 16 3 0.0125 -0.086111 -0.140391 0.0681701 -0.110555 0.761658 0.239543 0.59184 0.023842
e_16_17 16 17 4 0.0125 -0.0675908 -0.127166 0.059368 -0.494664 0.307711 -0.788613 -0.196754 0.025502
e_17_18 17 18 5 0.0125 -0.0505909 -0.113465 0.050985 -0.411406 0.786694 -0.116791 0.445216 0.021581
e_18_19 18 19 6 0.0125 -0.032621 -0.103896 0.0473692 0.469118 0.307724 0.665334 0.492509 0.020217
e_19_20 19 20 7 0.0125 -0.0135828 -0.0975657 0.0469083 0.558228 0.280298 0.637732 0.450681 0.020036
e_20_1 20 1 8 0.0125 0.00568295 -0.0927477 0.0454073 0.263356 0.612092 0.463748 0.583887 0.020026
e_1_21 1 21 1 0.0125 0.014567 -0.0996384 0.039494 0.507986 0.761175 -0.355598 0.190035 0.02
e_21_22 21 22 2 0.0125 0.0135295 -0.117811 0.031216 0.500924 0.76863 -0.342461 0.202493 0.02
e_22_23 22 23 3 0.0125 0.0117602 -0.136169 0.0235998 0.546628 0.73689 -0.360176 0.168715 0.02
e_23_24 23 24 4 0.0125 0.0108373 -0.155209 0.0180721 0.586395 0.73787 -0.243254 0.229166 0.02
e_24_4 24 4 5 0.0125 0.0143266 -0.174056 0.0130306 0.509633 0.785656 -0.176691 0.302984 0.02
e_1_25 1 25 1 0.0125 -0.0168285 -0.110192 0.0391523 0.655782 0.486391 -0.567651 -0.105573 0.075814
e_25_3 25 3 2 0.0125 -0.0596551 -0.135435 0.0349971 0.703593 0.43235 -0.548235 -0.132169 0.024186
5 22 21
3 0.0986311 -0.381234 0.16669 0.0125
23 0.0794845 -0.344017 0.198874 0.0125
4 0.104842 -0.280421 0.310997 0.0125
22 0.0668008 -0.303189 0.254918 0.0125
1 0.0607138 -0.312619 0.228707 0.0125
21 0.0526666 -0.297071 0.213125 0.0125
6 -0.173762 -0.227368 0.013366 0.0125
11 -0.168175 -0.210782 0.0241718 0.0125
10 -0.158692 -0.193884 0.0313777 0.0125
9 -0.146722 -0.169098 0.0523467 0.0125
2 -0.133784 -0.126391 0.110603 0.0125
19 0.0305628 -0.267615 0.190351 0.0125
8 -0.145934 -0.150839 0.0715935 0.0125
12 -0.167006 -0.110503 0.124281 0.0125
13 -0.184705 -0.103839 0.131743 0.0125
14 -0.201199 -0.095017 0.139783 0.0125
5 -0.216168 -0.0901866 0.152177 0.0125
15 -0.0509936 -0.204096 0.145879 0.0125
16 -0.0270222 -0.215225 0.157804 0.0125
17 -0.00671728 -0.231221 0.16616 0.0125
18 0.0122324 -0.252179 0.175101 0.0125
20 0.0438571 -0.282839 0.201473 0.0125
e_2_8 2 8 1 0.0125 -0.139859 -0.138614 0.0910981 0.233354 0.395492 -0.867888 0.189479 0.047613
e_8_9 8 9 2 0.0125 -0.146328 -0.159969 0.0619698 0.176384 0.406279 -0.835177 0.326045 0.026542
e_9_10 9 10 3 0.0125 -0.152707 -0.181491 0.0418614 0.323261 0.320647 -0.83677 0.304143 0.034602
e_10_11 10 11 4 0.0125 -0.163434 -0.202333 0.0277742 0.410537 0.235947 -0.786509 0.396475 0.020674
e_11_6 11 6 5 0.0125 -0.170968 -0.219075 0.0187687 0.310759 0.313281 -0.815197 0.37515 0.020569
e_2_12 2 12 1 0.0125 -0.150395 -0.118447 0.117442 0.800619 -0.126035 -0.556789 -0.181961 0.039284
e_12_13 12 13 2 0.0125 -0.175856 -0.107171 0.128012 0.823523 -0.150982 -0.54193 -0.0729719 0.02033
e_13_14 13 14 3 0.0125 -0.192951 -0.0994279 0.135763 0.817177 -0.153813 -0.5281 -0.172262 0.02036
e_14_5 14 5 4 0.0125 -0.208683 -0.0926022 0.14598 0.820088 -0.293036 -0.323544 0.370006 0.020026
e_2_15 2 15 1 0.0125 -0.0923887 -0.165243 0.12824 -0.13588 0.357701 -0.472973 0.793652 0.118898
e_15_16 15 16 2 0.0125 -0.039008 -0.209661 0.151842 -0.281867 0.386894 -0.380335 0.791334 0.028995
e_16_17 16 17 3 0.0125 -0.01687 -0.223223 0.161983 -0.176543 0.371543 -0.456261 0.789059 0.027165
e_17_18 17 18 4 0.0125 0.00275754 -0.2417 0.170631 -0.0971144 0.340665 -0.482797 0.800889 0.029635
e_18_19 18 19 5 0.0125 0.021398 -0.259897 0.182727 -0.157802 0.306268 -0.371166 0.862284 0.028406
e_19_20 19 20 6 0.0125 0.0372104 -0.275226 0.195912 -0.0890134 0.293293 -0.415847 0.856229 0.023068
e_20_21 20 21 7 0.0125 0.0482615 -0.289955 0.207298 -0.0144741 0.237197 -0.397573 0.886264 0.020395
e_21_1 21 1 8 0.0125 0.0566899 -0.304844 0.220916 0.0168421 0.194856 -0.360017 0.912214 0.023438
e_1_22 1 22 1 0.0125 0.0637579 -0.307904 0.241813 -0.428307 0.171799 0.104174 0.881014 0.028513
e_22_4 22 4 2 0.0125 0.085822 -0.291804 0.282958 -0.549754 0.327181 -0.0268438 0.768116 0.071487
e_1_23 1 23 1 0.0125 0.0700994 -0.328318 0.213791 0.00267141 0.468335 -0.772443 0.428937 0.047204
e_23_3 23 3 2 0.0125 0.0890577 -0.362626 0.182782 0.0251548 0.455149 -0.773062 0.441113 0.052796
6 21 20
3 0.0248164 0.232162 0.029675 0.0125
22 0.00611269 0.226927 0.0345119 0.0125
21 -0.0129013 0.223663 0.03987 0.0125
20 -0.0430478 0.219048 0.0484905 0.0125
4 -0.11511 0.28908 0.0111587 0.0125
11 0.242351 0.121774 0.0310964 0.0125
10 0.23068 0.110878 0.0443705 0.0125
6 0.23018 -0.016402 0.161768 0.0125
9 0.224474 0.0175548 0.130266 0.0125
2 0.203728 0.0962951 0.0671301 0.0125
19 -0.103462 0.271562 0.0184662 0.0125
8 0.209799 0.0602788 0.0979182 0.0125
12 0.253602 0.136079 0.0222746 0.0125
5 0.264659 0.150678 0.0123288 0.0125
13 0.117304 0.120974 0.0620917 0.0125
14 0.0018657 0.171909 0.0534859 0.0125
15 -0.0168447 0.180441 0.0530326 0.0125
16 -0.0351654 0.18947 0.0533587 0.0125
17 -0.0527158 0.199361 0.053707 0.0125
1 -0.0696087 0.213735 0.0565792 0.0125
18 -0.0913881 0.255831 0.0254399 0.0125
e_2_8 2 8 1 0.0125 0.206764 0.0782872 0.0825243 -0.554668 -0.309732 0.286019 -0.717358 0.04777
e_8_9 8 9 2 0.0125 0.217136 0.0389176 0.114092 -0.206883 0.0438637 -0.454948 0.865042 0.055561
e_9_6 9 6 3 0.0125 0.227326 0.000576756 0.146017 -0.694627 -0.34523 0.208121 -0.595815 0.046669
e_2_10 2 10 1 0.0125 0.217204 0.103587 0.05575 -0.41143 0.705058 -0.548651 0.180557 0.038172
e_10_11 10 11 2 0.0125 0.236515 0.116326 0.0377335 -0.41613 0.737533 -0.52506 0.0848098 0.020763
e_11_12 11 12 3 0.0125 0.247976 0.128926 0.0266853 -0.530713 0.681448 -0.503706 0.0159216 0.020225
e_12_5 12 5 4 0.0125 0.259131 0.143378 0.017302 -0.511123 0.696697 -0.503223 0.0115521 0.02084
e_2_13 2 13 1 0.0125 0.160516 0.108635 0.0646111 -0.102298 0.720615 -0.093258 -0.679376 0.090019
e_13_14 13 14 2 0.0125 0.0595852 0.146442 0.057789 -0.168136 0.720642 -0.121238 -0.661594 0.126469
e_14_15 14 15 3 0.0125 -0.00748979 0.176175 0.0532596 -0.185127 0.705743 -0.113786 -0.67432 0.020569
e_15_16 15 16 4 0.0125 -0.0260054 0.184955 0.053196 -0.209191 0.692479 -0.111758 -0.681339 0.020427
e_16_17 16 17 5 0.0125 -0.0439406 0.194415 0.0535332 -0.23615 0.690178 -0.122559 -0.672954 0.020148
e_17_1 17 1 6 0.0125 -0.0611625 0.206548 0.0551434 -0.353313 0.644907 -0.141023 -0.662856 0.022367
e_1_18 1 18 1 0.0125 -0.080498 0.234783 0.0410097 -0.306173 0.813134 -0.33669 -0.362919 0.056709
e_18_19 18 19 2 0.0125 -0.0974245 0.263696 0.0219532 -0.317422 0.770706 -0.268131 -0.483074 0.021022
e_19_4 19 4 3 0.0125 -0.109286 0.280321 0.0148121 -0.342932 0.765248 -0.280116 -0.467257 0.022269
e_1_20 1 20 1 0.0125 -0.0563286 0.216392 0.0525348 -0.498901 0.563955 -0.570103 0.328687 0.02827
e_20_21 20 21 2 0.0125 -0.0279741 0.221356 0.0441804 -0.491694 0.555164 -0.572528 0.34963 0.031692
e_21_22 21 22 3 0.0125 -0.00339432 0.225295 0.037191 -0.499262 0.554512 -0.571262 0.341926 0.020023
e_22_3 22 3 4 0.0125 0.0154644 0.229544 0.0320929 -0.539749 0.551388 -0.562827 0.296426 0.020015
7 18 17
3 0.343464 -0.150198 0.0733359 0.0125
19 0.364229 -0.104257 0.0958864 0.0125
11 0.0615115 -0.0146842 0.126136 0.0125
10 0.0724656 -0.0236661 0.110207 0.0125
6 0.226582 0.0016333 0.114398 0.0125
9 0.081108 -0.0352802 0.0953788 0.0125
2 0.0970468 -0.0579724 0.0698898 0.0125
8 0.146282 -0.0345364 0.0938744 0.0125
5 0.0517882 -0.000823589 0.137327 0.0125
12 0.232375 -0.0389587 0.0997727 0.0125
13 0.252949 -0.0392981 0.105864 0.0125
14 0.32566 -0.0619659 0.113245 0.0125
15 0.347397 -0.0642257 0.114425 0.0125
16 0.367261 -0.0658296 0.112395 0.0125
1 0.387087 -0.068128 0.109177 0.0125
18 0.367899 -0.0699817 0.0330509 0.0125
17 0.383561 -0.0674117 0.0827919 0.0125
4 0.360824 -0.0708479 0.0131288 0.0125
e_2_8 2 8 1 0.0125 0.121664 -0.0462542 0.0818816 0.833735 -0.280247 0.4692 -0.07873 0.05957
e_8_6 8 6 2 0.0125 0.186432 -0.0164515 0.104135 0.779133 -0.312009 0.53775 -0.0801676 0.09043
e_2_9 2 9 1 0.0125 0.0890777 -0.0466265 0.0826339 0.901202 -0.364667 -0.16928 0.161855 0.037665
e_9_10 9 10 2 0.0125 0.0767871 -0.0294726 0.102793 0.914383 -0.334496 -0.174199 0.147213 0.020724
e_10_11 10 11 3 0.0125 0.0669885 -0.0191748 0.118171 0.925448 -0.261715 -0.240589 0.131029 0.021317
e_11_5 11 5 4 0.0125 0.0566494 -0.0077537 0.131731 0.856529 -0.440388 -0.174226 0.205088 0.020294
e_2_12 2 12 1 0.0125 0.16471 -0.0484658 0.084831 0.764407 -0.205161 0.592536 -0.149975 0.139886
e_12_13 12 13 2 0.0125 0.242662 -0.039128 0.102818 0.779223 -0.129601 0.584184 -0.186398 0.02146
e_13_14 13 14 3 0.0125 0.289305 -0.0506326 0.109555 0.695001 -0.033523 0.6713 -0.255356 0.076519
e_14_15 14 15 4 0.0125 0.336529 -0.0630956 0.113836 0.695186 -0.128859 0.675603 -0.208978 0.021887
e_15_16 15 16 5 0.0125 0.357329 -0.065027 0.11341 0.639361 -0.165255 0.723433 -0.201376 0.020031
e_16_1 16 1 6 0.0125 0.377174 -0.066978 0.110786 0.613942 -0.160141 0.744288 -0.208485 0.020217
e_1_17 1 17 1 0.0125 0.385324 -0.0677701 0.0959839 -0.0448465 -0.601288 0.796157 0.0507491 0.026629
e_17_18 17 18 2 0.0125 0.37573 -0.0686969 0.0579211 -0.13385 -0.619604 0.769697 0.0757741 0.052211
e_18_4 18 4 3 0.0125 0.364362 -0.0704154 0.0230898 -0.14226 -0.641994 0.747407 0.0948112 0.02116
e_1_19 1 19 1 0.0125 0.375658 -0.0861919 0.102531 0.317015 0.727655 0.34488 -0.501076 0.044771
e_19_3 19 3 2 0.0125 0.353846 -0.127227 0.0846111 0.201139 0.603887 0.582645 -0.50536 0.055229
8 22 21
3 0.140228 0.0221568 0.130233 0.0125
23 0.169705 -0.0356163 0.13586 0.0125
4 0.215973 -0.156461 0.168503 0.0125
22 0.212643 -0.136783 0.167195 0.0125
21 0.204625 -0.119338 0.161595 0.0125
20 0.196874 -0.101968 0.155413 0.0125
11 -0.0449653 0.171118 0.0400871 0.0125
10 -0.0370995 0.154445 0.0495979 0.0125
6 -0.0580109 0.223903 0.185734 0.0125
9 -0.0500848 0.201931 0.157605 0.0125
2 -0.0194721 0.135295 0.0711233 0.0125
19 0.186561 -0.0853551 0.151214 0.0125
8 -0.031557 0.165116 0.110324 0.0125
12 -0.056099 0.188493 0.029019 0.0125
5 -0.0638275 0.201775 0.0131861 0.0125
13 0.0409601 0.0550029 0.082613 0.0125
14 0.0619519 0.028815 0.0898145 0.0125
15 0.116075 -0.0221508 0.102614 0.0125
16 0.135673 -0.0361729 0.115532 0.0125
17 0.150348 -0.0479634 0.126397 0.0125
18 0.163465 -0.0585982 0.137129 0.0125
1 0.178575 -0.0675914 0.146666 0.0125
e_2_8 2 8 1 0.0125 -0.0255148 0.150206 0.0907237 0.921382 -0.331618 -0.0595806 0.19374 0.050715
e_8_9 8 9 2 0.0125 -0.0408207 0.183524 0.133964 0.919771 -0.337443 -0.0960595 0.17586 0.062723
e_9_6 9 6 3 0.0125 -0.0540479 0.212917 0.17167 0.918487 -0.336776 -0.0437149 0.202615 0.036562
e_2_10 2 10 1 0.0125 -0.0282862 0.14487 0.0603607 -0.199604 0.853329 -0.300809 -0.376166 0.033775
e_10_11 10 11 2 0.0125 -0.0410325 0.162781 0.0448424 0.26898 -0.711136 0.472788 0.445429 0.020744
e_11_12 11 12 3 0.0125 -0.0505319 0.179805 0.0345529 0.511279 -0.762344 -0.393895 0.0476735 0.023416
e_12_5 12 5 4 0.0125 -0.0599633 0.195134 0.0211026 -0.375652 0.812389 0.445895 -0.00939864 0.022064
e_2_13 2 13 1 0.0125 0.0107444 0.0951493 0.0768681 0.732763 0.59794 0.292696 0.14091 0.101148
e_13_14 13 14 2 0.0125 0.0514559 0.0419092 0.0862142 0.762604 0.558117 0.289157 0.152741 0.034327
e_14_15 14 15 3 0.0125 0.0890133 0.0033321 0.0962143 0.742274 0.541623 0.349012 0.184019 0.075436
e_15_16 15 16 4 0.0125 0.125874 -0.0291618 0.109073 0.829543 0.395669 0.32744 0.219286 0.027342
e_16_17 16 17 5 0.0125 0.143011 -0.0420683 0.120965 0.840624 0.397685 0.303147 0.208085 0.021735
e_17_18 17 18 6 0.0125 0.156907 -0.0532812 0.131764 0.851624 0.38303 0.291712 0.207193 0.020009
e_18_1 18 1 7 0.0125 0.17102 -0.0630946 0.141898 0.826257 0.372253 0.350774 0.235976 0.020003
e_1_19 1 19 1 0.0125 0.182567 -0.0764736 0.148941 0.777764 0.593283 0.185255 0.0936937 0.02
e_19_20 19 20 2 0.0125 0.191718 -0.0936615 0.153313 0.767807 0.580097 0.241893 0.124288 0.02
e_20_21 20 21 3 0.0125 0.200749 -0.110653 0.158504 0.80306 0.561842 0.172582 0.0982035 0.02
e_21_22 21 22 4 0.0125 0.208634 -0.12806 0.164395 0.793863 0.571965 0.181236 0.0989473 0.02
e_22_4 22 4 5 0.0125 0.214308 -0.146622 0.167849 0.729558 0.67698 0.0949699 0.0206009 0.02
e_1_23 1 23 1 0.0125 0.174139 -0.0516035 0.141263 0.386151 -0.675525 0.44553 0.442783 0.034899
e_23_3 23 3 2 0.0125 0.154967 -0.00672915 0.133046 0.645019 -0.726588 -0.123632 0.201829 0.065101
9 20 19
3 0.0692067 0.026268 0.047393 0.0125
21 0.086274 -0.00263902 0.0616337 0.0125
20 0.0914405 -0.0228891 0.0719014 0.0125
4 0.130567 0.0305522 0.0560564 0.0125
11 0.120803 -0.283666 0.255881 0.0125
10 0.141714 -0.295841 0.239513 0.0125
6 0.159223 -0.190936 0.143331 0.0125
9 0.165615 -0.219037 0.159108 0.0125
2 0.158612 -0.314444 0.22494 0.0125
19 0.120637 0.013635 0.0612722 0.0125
8 0.170576 -0.24704 0.17845 0.0125
12 0.107284 -0.276472 0.27023 0.0125
5 0.0977213 -0.264423 0.284155 0.0125
13 0.137675 -0.249201 0.198618 0.0125
14 0.116215 -0.182156 0.173193 0.0125
15 0.100638 -0.106132 0.129177 0.0125
16 0.100453 -0.0809166 0.11675 0.0125
1 0.0997608 -0.0563799 0.0926179 0.0125
18 0.114216 -0.00437814 0.0701751 0.0125
17 0.106123 -0.0315141 0.0797169 0.0125
e_2_8 2 8 1 0.0125 0.164595 -0.280742 0.201695 0.447844 -0.787533 0.40086 0.136159 0.082751
e_8_9 8 9 2 0.0125 0.168096 -0.233038 0.168779 0.387163 -0.633823 -0.616009 -0.2625 0.034394
e_9_6 9 6 3 0.0125 0.162419 -0.204987 0.151219 0.463107 -0.682244 -0.524068 -0.213137 0.032855
e_2_10 2 10 1 0.0125 0.150162 -0.305143 0.232226 0.865435 -0.385655 -0.316947 0.04286 0.029052
e_10_11 10 11 2 0.0125 0.131259 -0.289753 0.247696 0.882251 -0.254998 -0.39349 0.0421284 0.029213
e_11_12 11 12 3 0.0125 0.114044 -0.280069 0.263056 0.913793 -0.217738 -0.332704 0.0829468 0.020986
e_12_5 12 5 4 0.0125 0.102503 -0.270448 0.277192 0.908071 -0.34441 -0.214109 0.10462 0.020749
e_2_13 2 13 1 0.0125 0.148143 -0.281823 0.211779 0.540248 -0.673167 -0.475549 -0.169798 0.073402
e_13_14 13 14 2 0.0125 0.126945 -0.215678 0.185906 0.551847 -0.679127 -0.456762 -0.160061 0.074847
e_14_15 14 15 3 0.0125 0.108427 -0.144144 0.151185 0.455173 -0.691527 -0.518139 -0.214804 0.089217
e_15_16 15 16 4 0.0125 0.100545 -0.0935238 0.122963 0.525806 -0.844721 -0.0864951 -0.049942 0.028112
e_16_1 16 1 5 0.0125 0.100107 -0.0686476 0.104684 0.0881321 -0.184848 -0.903531 -0.376425 0.034422
e_1_17 1 17 1 0.0125 0.102942 -0.0439478 0.0861672 0.470739 -0.646311 0.553914 0.23209 0.028727
e_17_18 17 18 2 0.0125 0.110169 -0.0179465 0.0749463 0.524967 -0.599136 0.548358 0.254459 0.029882
e_18_19 18 19 3 0.0125 0.117427 0.00462826 0.0657236 0.440415 -0.488399 0.687388 0.308217 0.021095
e_19_4 19 4 4 0.0125 0.125602 0.0220934 0.0586643 0.477138 -0.285496 0.739574 0.379291 0.020297
e_1_20 1 20 1 0.0125 0.0956003 -0.0396345 0.0822603 0.428051 -0.630066 -0.600299 -0.243783 0.04025
e_20_21 20 21 2 0.0125 0.0888577 -0.0127639 0.0667678 0.490928 -0.685846 -0.5001 -0.196229 0.023285
e_21_3 21 3 3 0.0125 0.0777407 0.0118147 0.0545136 0.503716 -0.481736 -0.680584 -0.225846 0.036465
10 20 19
3 -0.242204 0.0122228 0.0823423 0.0125
21 -0.229929 0.0257584 0.0742115 0.0125
20 -0.217148 0.0404681 0.0697098 0.0125
19 -0.20896 0.0582178 0.0654764 0.0125
11 0.0475145 -0.146102 0.0218487 0.0125
6 -0.0922854 -0.168432 0.186228 0.0125
10 -0.0767462 -0.165855 0.169656 0.0125
9 -0.0622214 -0.162975 0.156025 0.0125
2 0.00155754 -0.134144 0.0752878 0.0125
8 -0.0134391 -0.143684 0.0957043 0.0125
5 0.0640211 -0.152248 -0.000569659 0.0125
12 -0.0134155 -0.11826 0.0804934 0.0125
13 -0.13188 0.0348937 0.0631438 0.0125
14 -0.146755 0.0517782 0.0636828 0.0125
15 -0.160506 0.0670457 0.0645842 0.0125
16 -0.174478 0.0813745 0.0653049 0.0125
1 -0.190165 0.093014 0.0698656 0.0125
18 -0.199266 0.0757105 0.0656515 0.0125
17 -0.166796 0.0805945 0.0988126 0.0125
4 -0.143799 0.0698162 0.154031 0.0125
e_2_8 2 8 1 0.0125 -0.00594101 -0.138914 0.0854957 0.934141 0.208848 -0.281553 -0.0670138 0.027069
e_8_9 8 9 2 0.0125 -0.0378297 -0.15333 0.125864 0.929795 0.167179 -0.307838 -0.112995 0.07994
e_9_10 9 10 3 0.0125 -0.0694836 -0.164415 0.162841 0.900676 0.148082 -0.373408 -0.165592 0.020126
e_10_6 10 6 4 0.0125 -0.0845151 -0.167143 0.177942 0.913447 0.125645 -0.348994 -0.167423 0.022865
e_2_11 2 11 1 0.0125 0.0245352 -0.140123 0.0485683 -0.0751376 0.834387 -0.421372 0.347272 0.071489
e_11_5 11 5 2 0.0125 0.0557676 -0.149175 0.0106399 -0.0464771 0.829772 -0.452366 0.323549 0.028511
e_2_12 2 12 1 0.0125 -0.00592938 -0.126202 0.0778907 0.623178 -0.0996423 -0.611633 -0.477101 0.022441
e_12_13 12 13 2 0.0125 -0.0726478 -0.0416831 0.0718186 0.445631 -0.0464226 -0.736523 -0.506746 0.194398
e_13_14 13 14 3 0.0125 -0.139318 0.0433357 0.0634133 0.516925 -0.0593952 -0.696065 -0.494726 0.02251
e_14_15 14 15 4 0.0125 -0.15363 0.059412 0.0641338 0.529007 -0.0610802 -0.688721 -0.49202 0.020567
e_15_16 15 16 5 0.0125 -0.167492 0.0742098 0.0649449 0.534064 -0.0439355 -0.692886 -0.482446 0.020026
e_16_1 16 1 6 0.0125 -0.182321 0.087194 0.0675856 0.65173 -0.0311653 -0.620761 -0.434664 0.020059
e_1_17 1 17 1 0.0125 -0.178481 0.0868039 0.0843392 0.882705 0.263577 0.247987 0.299769 0.039221
e_17_4 17 4 2 0.0125 -0.155298 0.0752053 0.126422 0.965524 0.119131 0.17763 0.148388 0.060779
e_1_18 1 18 1 0.0125 -0.194716 0.0843623 0.0677586 0.617576 0.610598 -0.482211 0.115076 0.02
e_18_19 18 19 2 0.0125 -0.204113 0.0669641 0.0655633 0.695974 0.562246 -0.433881 0.10605 0.02
e_19_20 19 20 3 0.0125 -0.213054 0.0493432 0.0675927 0.768423 0.520935 -0.350414 0.123944 0.02
e_20_21 20 21 4 0.0125 -0.223539 0.0331136 0.071961 0.782108 0.45433 -0.425487 0.029173 0.02
e_21_3 21 3 5 0.0125 -0.236067 0.0189909 0.0782765 0.838446 0.396313 -0.373736 0.0163341 0.02
11 29 28
3 0.0042656 0.0126031 0.0249255 0.0125
30 -0.00579586 0.025712 0.0361913 0.0125
29 -0.0159809 0.038716 0.0474679 0.0125
28 -0.0312131 0.0492986 0.0549496 0.0125
27 -0.0437644 0.0632302 0.0619068 0.0125
4 0.028467 0.118015 0.0333023 0.0125
26 0.00970563 0.112843 0.0443131 0.0125
25 -0.014166 0.10336 0.0512115 0.0125
1 -0.0532282 0.0777837 0.0718369 0.0125
24 -0.0383385 0.0666595 0.0792243 0.0125
23 -0.0226879 0.0570427 0.0871342 0.0125
22 -0.00496613 0.0483642 0.0903957 0.0125
21 0.0109901 0.0393975 0.0984809 0.0125
12 0.260237 -0.132963 0.109892 0.0125
11 0.24715 -0.119696 0.121538 0.0125
10 0.239396 -0.107613 0.136803 0.0125
9 0.229883 -0.0930908 0.148043 0.0125
2 0.192647 -0.0509015 0.179504 0.0125
19 0.0457987 0.0211485 0.105981 0.0125
8 0.216641 -0.0755768 0.161112 0.0125
6 0.269106 -0.149035 0.0981118 0.0125
13 0.210625 -0.0250259 0.185135 0.0125
14 0.226371 -0.00639282 0.184626 0.0125
15 0.240094 0.00926477 0.177766 0.0125
5 0.252469 0.0260421 0.171848 0.0125
16 0.142919 -0.0237178 0.156957 0.0125
17 0.0799514 0.0046108 0.120064 0.0125
18 0.0616275 0.0113676 0.113437 0.0125
20 0.0279946 0.0296482 0.102496 0.0125
e_2_8 2 8 1 0.0125 0.204644 -0.0632388 0.170309 0.430549 0.841757 0.164612 0.281025 0.039023
e_8_9 8 9 2 0.0125 0.223262 -0.0843338 0.154578 0.423601 0.864437 0.0921128 0.25461 0.025552
e_9_10 9 10 3 0.0125 0.234639 -0.100352 0.142423 0.413914 0.877061 0.0500523 0.238608 0.020681
e_10_11 10 11 4 0.0125 0.243273 -0.113654 0.129171 0.304812 0.929314 -0.0242968 0.207064 0.020957
e_11_12 11 12 5 0.0125 0.253694 -0.126329 0.115715 0.398604 0.861566 0.150601 0.275933 0.021975
e_12_6 12 6 6 0.0125 0.264671 -0.140999 0.104002 0.423598 0.877406 0.0143811 0.224761 0.021812
e_2_13 2 13 1 0.0125 0.201636 -0.0379637 0.18232 0.741609 -0.41676 0.488207 0.194885 0.032006
e_13_14 13 14 2 0.0125 0.218498 -0.0157094 0.184881 0.648619 -0.33289 0.632143 0.262437 0.024401
e_14_15 14 15 3 0.0125 0.233232 0.00143632 0.181195 0.477604 -0.186992 0.788368 0.339713 0.021922
e_15_5 15 5 4 0.0125 0.246282 0.0176534 0.174807 0.530392 -0.339665 0.721905 0.286645 0.021671
e_2_16 2 16 1 0.0125 0.167783 -0.0373093 0.16823 0.480844 0.0347959 -0.826815 -0.28975 0.060993
e_16_17 16 17 2 0.0125 0.111435 -0.00955352 0.13851 0.429365 0.136448 -0.846768 -0.282863 0.078285
e_17_18 17 18 3 0.0125 0.070789 0.00798919 0.11675 0.518665 0.096839 -0.807012 -0.265218 0.020624
e_18_19 18 19 4 0.0125 0.0537131 0.0162581 0.109709 0.475174 0.00429497 -0.828229 -0.297031 0.020045
e_19_20 19 20 5 0.0125 0.0368965 0.025398 0.104239 0.585884 -0.0167671 -0.765965 -0.264112 0.020034
e_20_21 20 21 6 0.0125 0.0194923 0.0345229 0.100489 0.568714 -0.0531662 -0.772993 -0.276079 0.020009
e_21_22 21 22 7 0.0125 0.00301166 0.0438805 0.0944378 0.460226 0.0466955 -0.836576 -0.293516 0.020009
e_22_23 22 23 8 0.0125 -0.0138275 0.0527027 0.0887648 0.590572 -0.0266533 -0.762109 -0.264014 0.02
e_23_24 23 24 9 0.0125 -0.0305135 0.0618507 0.0831788 0.461791 0.0188369 -0.835099 -0.298334 0.02
e_24_1 24 1 10 0.0125 -0.0457832 0.072222 0.0755303 0.46973 -0.0510494 -0.825873 -0.307703 0.02
e_1_25 1 25 1 0.0125 -0.033697 0.0905724 0.0615239 0.350059 0.243511 0.801713 0.418828 0.051043
e_25_26 25 26 2 0.0125 -0.00223005 0.108102 0.047762 0.448348 0.282802 0.741429 0.41145 0.026596
e_26_4 26 4 3 0.0125 0.0190859 0.115429 0.0388075 0.284266 0.557968 0.659453 0.415917 0.02236
e_1_27 1 27 1 0.0125 -0.0484959 0.0705069 0.066872 0.438966 0.862842 0.0613568 0.242997 0.02
e_27_28 27 28 2 0.0125 -0.0374891 0.0562644 0.0584288 0.495641 0.802266 0.174032 0.283589 0.02
e_28_29 28 29 3 0.0125 -0.0235976 0.0440076 0.0512089 0.457841 0.778219 0.285369 0.321436 0.02
e_29_30 29 30 4 0.0125 -0.0108885 0.0322136 0.0418299 0.393471 0.880215 0.0844442 0.251539 0.02
e_30_3 30 3 5 0.0125 -0.00076485 0.0191575 0.0305577 0.394866 0.8805 0.0798906 0.249836 0.02
12 26 25
3 0.17621 -0.148854 0.0224321 0.0125
27 0.154076 -0.159703 0.0248124 0.0125
26 0.12943 -0.164345 0.0227511 0.0125
25 0.104718 -0.167889 0.0185265 0.0125
4 -0.00718929 -0.186744 0.0536481 0.0125
24 0.0121854 -0.176385 0.0452433 0.0125
23 0.0315378 -0.169983 0.0341431 0.0125
22 0.050864 -0.170891 0.0241143 0.0125
1 0.0806588 -0.171518 0.0139883 0.0125
21 0.0768586 -0.152788 0.0211192 0.0125
12 -0.146228 0.0354368 0.084257 0.0125
11 -0.126679 0.0359155 0.0904426 0.0125
10 -0.107714 0.0396646 0.0955959 0.0125
9 -0.0882965 0.0491835 0.106739 0.0125
2 -0.0332495 0.0756566 0.126478 0.0125
19 0.0646394 -0.120041 0.0417898 0.0125
8 -0.0669049 0.0596734 0.119562 0.0125
6 -0.162454 0.0359686 0.072229 0.0125
13 -0.057648 0.0569587 0.139369 0.0125
14 -0.0728427 0.0423953 0.152918 0.0125
15 -0.0850336 0.030612 0.163845 0.0125
5 -0.101922 0.0192796 0.17071 0.0125
16 0.0364562 -0.0493602 0.0899836 0.0125
17 0.0446022 -0.0759625 0.0762405 0.0125
18 0.0502092 -0.094436 0.0661163 0.0125
20 0.0692836 -0.138104 0.0325291 0.0125
e_2_8 2 8 1 0.0125 -0.0500772 0.067665 0.12302 0.629305 0.202172 -0.74188 0.112766 0.037894
e_8_9 8 9 2 0.0125 -0.0776003 0.0544286 0.11315 0.503243 0.222268 -0.829195 0.0988851 0.027057
e_9_10 9 10 3 0.0125 -0.0980051 0.0444247 0.101167 0.510867 0.221549 -0.824579 0.100004 0.024328
e_10_11 10 11 4 0.0125 -0.117197 0.0377904 0.0930189 0.608394 0.112003 -0.785017 0.0325592 0.020007
e_11_12 11 12 5 0.0125 -0.136454 0.0356765 0.0873505 0.590544 0.0495275 -0.805188 -0.0218268 0.02051
e_12_6 12 6 6 0.0125 -0.154341 0.0357025 0.0782436 0.447578 0.060128 -0.891088 -0.0449587 0.020205
e_2_13 2 13 1 0.0125 -0.0454489 0.0663076 0.132923 0.810168 0.226203 -0.505444 0.192316 0.033333
e_13_14 13 14 2 0.0125 -0.0652456 0.0496775 0.146143 0.850251 0.234923 -0.41732 0.218469 0.025032
e_14_15 14 15 3 0.0125 -0.0789384 0.036503 0.158382 0.850106 0.236073 -0.416426 0.219498 0.020171
e_15_5 15 5 4 0.0125 -0.0934776 0.0249453 0.167278 0.793434 0.213509 -0.542695 0.174235 0.021465
e_2_16 2 16 1 0.0125 0.00160325 0.0131482 0.108231 0.326482 0.692566 -0.379319 0.519498 0.147715
e_16_17 16 17 2 0.0125 0.0405292 -0.0626618 0.0831116 0.281269 0.64323 -0.554696 0.446604 0.031031
e_17_18 17 18 3 0.0125 0.0474057 -0.0851992 0.0711784 0.270844 0.640322 -0.56763 0.440939 0.021799
e_18_19 18 19 4 0.0125 0.057424 -0.107238 0.0539526 0.114557 0.640045 -0.639652 0.409956 0.038152
e_19_20 19 20 5 0.0125 0.0669618 -0.129072 0.0371594 0.292679 0.633227 -0.56691 0.438151 0.020823
e_20_21 20 21 6 0.0125 0.0730714 -0.145445 0.026824 0.162554 0.655626 -0.595208 0.435268 0.02008
e_21_1 21 1 7 0.0125 0.0787581 -0.162153 0.0175534 0.353854 0.627603 -0.529995 0.447222 0.020399
e_1_22 1 22 1 0.0125 0.0657617 -0.171204 0.0190507 0.812924 -0.00920599 -0.582282 -0.00426005 0.031474
e_22_23 22 23 2 0.0125 0.041201 -0.170437 0.0291292 0.854459 -0.0240741 -0.51896 -0.000469716 0.021793
e_23_24 23 24 3 0.0125 0.0218617 -0.173184 0.0396937 0.853732 0.102142 -0.500449 0.101292 0.02321
e_24_4 24 4 4 0.0125 0.0024973 -0.181564 0.0494454 0.810725 0.174322 -0.539412 0.146192 0.023523
e_1_25 1 25 1 0.0125 0.0926884 -0.169704 0.0162569 0.695443 0.183821 0.611998 0.328675 0.024751
e_25_26 25 26 2 0.0125 0.117074 -0.166117 0.0206383 0.681625 0.206571 0.611459 0.344722 0.025319
e_26_27 26 27 3 0.0125 0.141752 -0.162024 0.0237819 0.653136 0.194777 0.648928 0.338183 0.025164
e_27_3 27 3 4 0.0125 0.165144 -0.154278 0.0236226 0.56228 -0.636881 0.377412 -0.368489 0.024765
13 24 23
3 -0.144348 0.00113196 0.03634 0.0125
25 -0.134823 -0.0120048 0.048032 0.0125
24 -0.129415 -0.0281326 0.0585505 0.0125
23 -0.124662 -0.0421579 0.0719929 0.0125
22 -0.121596 -0.056993 0.0850517 0.0125
4 -0.156975 -0.145087 0.0484552 0.0125
21 -0.148332 -0.128639 0.0558553 0.0125
20 -0.141997 -0.111672 0.0643412 0.0125
11 0.115456 -0.221713 0.0568383 0.0125
10 0.106399 -0.246928 0.060263 0.0125
6 0.087777 -0.163711 0.157756 0.0125
9 0.0893363 -0.192466 0.141956 0.0125
2 0.0990617 -0.278173 0.0648474 0.0125
19 -0.133408 -0.0968313 0.0746365 0.0125
8 0.0910357 -0.241322 0.10962 0.0125
12 0.119822 -0.202041 0.055661 0.0125
5 0.118669 -0.181691 0.0558579 0.0125
13 -0.00179852 -0.180252 0.0769732 0.0125
14 -0.0175342 -0.165062 0.0787913 0.0125
15 -0.0549029 -0.127915 0.0830053 0.0125
16 -0.0756018 -0.114749 0.0836712 0.0125
17 -0.0999032 -0.0934091 0.0911425 0.0125
1 -0.112231 -0.0706698 0.0962433 0.0125
18 -0.122866 -0.083883 0.0856452 0.0125
e_2_8 2 8 1 0.0125 0.0950487 -0.259748 0.0872335 -0.408173 0.211316 -0.270072 -0.846051 0.05854
e_8_9 8 9 2 0.0125 0.0901867 -0.216894 0.125788 -0.461154 0.261746 -0.394517 -0.750454 0.058613
e_9_6 9 6 3 0.0125 0.0885563 -0.178089 0.149856 -0.457642 0.29389 -0.416086 -0.728742 0.032847
e_2_10 2 10 1 0.0125 0.10273 -0.262551 0.0625553 -0.483065 0.425539 -0.624194 -0.442658 0.032421
e_10_11 10 11 2 0.0125 0.110928 -0.234321 0.0585506 -0.511161 0.385697 -0.643925 -0.418704 0.02701
e_11_12 11 12 3 0.0125 0.117639 -0.211877 0.0562496 -0.492369 0.399783 -0.607718 -0.477938 0.020186
e_12_5 12 5 4 0.0125 0.119246 -0.191866 0.0557594 -0.430448 0.457321 -0.534826 -0.565273 0.020383
e_2_13 2 13 1 0.0125 0.0486316 -0.229212 0.0709102 -0.213639 0.600743 -0.31006 -0.705216 0.141098
e_13_14 13 14 2 0.0125 -0.00966627 -0.172657 0.0778827 -0.212374 0.602233 -0.30968 -0.704493 0.021947
e_14_15 14 15 3 0.0125 -0.036219 -0.146488 0.0808979 -0.216825 0.600786 -0.314957 -0.702029 0.052859
e_15_16 15 16 4 0.0125 -0.0652522 -0.121332 0.0833387 -0.139702 0.650163 -0.252413 -0.702894 0.024539
e_16_17 16 17 5 0.0125 -0.0877527 -0.104079 0.0874074 -0.21196 0.561476 -0.268708 -0.753401 0.033193
e_17_1 17 1 6 0.0125 -0.106067 -0.0820395 0.0936928 -0.320082 0.506777 -0.382686 -0.703048 0.026364
e_1_18 1 18 1 0.0125 -0.117549 -0.0772764 0.0909443 0.356147 0.872581 0.059453 -0.328979 0.02
e_18_19 18 19 2 0.0125 -0.128137 -0.0903571 0.0801413 0.351399 0.879248 0.0463292 -0.318269 0.02
e_19_20 19 20 3 0.0125 -0.137703 -0.104252 0.0694888 0.396363 0.864931 0.0963945 -0.292401 0.02
e_20_21 20 21 4 0.0125 -0.145164 -0.120155 0.0600982 0.45073 0.824267 0.180853 -0.291065 0.02
e_21_4 21 4 5 0.0125 -0.152654 -0.136863 0.0521553 0.424186 0.805822 0.18883 -0.367506 0.02
e_1_22 1 22 1 0.0125 -0.116913 -0.0638317 0.0906475 -0.188966 0.750073 -0.466021 -0.429543 0.02
e_22_23 22 23 2 0.0125 -0.123129 -0.0495758 0.0785219 -0.264637 0.70765 -0.570694 -0.321726 0.02
e_23_24 23 24 3 0.0125 -0.127039 -0.0351456 0.0652718 -0.231225 0.73548 -0.543259 -0.332375 0.02
e_24_25 24 25 4 0.0125 -0.132119 -0.0200687 0.0532912 -0.269704 0.68997 -0.535635 -0.405336 0.02
e_25_3 25 3 5 0.0125 -0.139586 -0.00543682 0.0421856 -0.176794 0.761119 -0.461528 -0.42004 0.02
14 29 28
3 0.182402 0.192806 0.162129 0.0125
30 0.165531 0.198443 0.17127 0.0125
29 0.148615 0.201711 0.18143 0.0125
28 0.131627 0.20473 0.191543 0.0125
27 0.114999 0.207931 0.202186 0.0125
4 0.127767 0.270877 0.286309 0.0125
26 0.118981 0.254837 0.265512 0.0125
25 0.111408 0.240507 0.247552 0.0125
24 0.104633 0.227657 0.227129 0.0125
1 0.098052 0.211332 0.212245 0.0125
23 0.0898608 0.193034 0.212558 0.0125
22 0.0817618 0.17469 0.212359 0.0125
21 0.0721514 0.156923 0.211588 0.0125
6 0.0815065 0.00718459 0.192117 0.0125
11 0.0442321 -0.00515846 0.169876 0.0125
10 0.0275061 -0.0135575 0.150255 0.0125
9 0.00199508 -0.0154197 0.129707 0.0125
2 -0.0332533 -0.0221282 0.103 0.0125
19 0.0536782 0.11989 0.207237 0.0125
8 -0.0138862 -0.0162488 0.117435 0.0125
12 -0.037489 -0.0346319 0.087976 0.0125
13 -0.0369734 -0.0449017 0.0708215 0.0125
14 -0.0321956 -0.0579022 0.0563936 0.0125
15 -0.0332952 -0.0728335 0.0431333 0.0125
5 -0.0335423 -0.087643 0.0296942 0.0125
16 -0.0224381 -0.0046616 0.116624 0.0125
17 0.026228 0.0862895 0.18867 0.0125
18 0.0392502 0.104408 0.198856 0.0125
20 0.0646604 0.138303 0.211446 0.0125
e_2_8 2 8 1 0.0125 -0.02357 -0.0191881 0.110217 0.883499 -0.0834844 0.450214 0.0988297 0.02486
e_8_9 8 9 2 0.0125 -0.00594611 -0.0158337 0.123572 0.893903 0.0163525 0.440762 0.0799911 0.020088
e_9_10 9 10 3 0.0125 0.0147513 -0.0144888 0.139981 0.897662 0.00963398 0.432171 0.0856665 0.03281
e_10_11 10 11 4 0.0125 0.0358697 -0.00935752 0.160066 0.916448 -0.111725 0.354583 0.148028 0.027116
e_11_6 11 6 5 0.0125 0.0628698 0.00101354 0.180996 0.859776 -0.110536 0.491279 0.0849291 0.045125
e_2_12 2 12 1 0.0125 -0.0353709 -0.0283804 0.095488 -0.287526 -0.548552 0.758075 -0.204306 0.02
e_12_13 12 13 2 0.0125 -0.0372314 -0.0397672 0.0793984 -0.0784461 -0.329272 0.905782 -0.254923 0.02
e_13_14 13 14 3 0.0125 -0.0345848 -0.0514017 0.0636081 0.20329 0.205851 0.904607 -0.313025 0.02
e_14_15 14 15 4 0.0125 -0.032745 -0.0653678 0.049764 0.258268 0.624297 0.664661 -0.319025 0.02
e_15_5 15 5 5 0.0125 -0.0334187 -0.0802383 0.0364137 0.235313 0.543548 0.735211 -0.329619 0.02
e_2_16 2 16 1 0.0125 -0.0278456 -0.0133946 0.109812 0.858907 -0.336427 0.332375 0.196523 0.024651
e_16_17 16 17 2 0.0125 0.00189484 0.0408136 0.152646 0.86197 -0.345024 0.307664 0.208109 0.125822
e_17_18 17 18 3 0.0125 0.0327387 0.0953486 0.193763 0.823578 -0.365586 0.398376 0.171355 0.024527
e_18_19 18 19 4 0.0125 0.0464641 0.112149 0.203047 0.814418 -0.337986 0.44906 0.144338 0.022763
e_19_20 19 20 5 0.0125 0.059169 0.129096 0.209342 0.754424 -0.463629 0.434426 0.164823 0.021849
e_20_21 20 21 6 0.0125 0.0684063 0.147613 0.211517 0.686884 -0.566768 0.418625 0.178093 0.020071
e_21_22 21 22 7 0.0125 0.0769563 0.165807 0.211973 0.702873 -0.522563 0.455889 0.158313 0.020215
e_22_23 22 23 8 0.0125 0.0858116 0.183862 0.212459 0.689554 -0.55592 0.431269 0.171684 0.020053
e_23_1 23 1 9 0.0125 0.0939561 0.202184 0.212402 0.68108 -0.561603 0.438654 0.168268 0.02005
e_1_24 1 24 1 0.0125 0.101342 0.219495 0.219687 0.877442 -0.337677 0.25126 0.230084 0.02305
e_24_25 24 25 2 0.0125 0.108021 0.234082 0.23734 0.924015 -0.226565 0.203053 0.231588 0.025064
e_25_26 25 26 3 0.0125 0.115194 0.247673 0.256532 0.905984 -0.267674 0.239078 0.224469 0.024191
e_26_4 26 4 4 0.0125 0.123374 0.262857 0.27591 0.908599 -0.260035 0.238538 0.223448 0.027695
e_1_27 1 27 1 0.0125 0.106525 0.209632 0.207216 0.475156 -0.0944528 0.861727 -0.150772 0.02
e_27_28 27 28 2 0.0125 0.123314 0.20633 0.196864 0.459036 -0.113768 0.867827 -0.152378 0.02
e_28_29 28 29 3 0.0125 0.140121 0.20322 0.186486 0.474859 -0.10794 0.860923 -0.147208 0.02
e_29_30 29 30 4 0.0125 0.157073 0.200077 0.176349 0.472753 -0.100932 0.862441 -0.150046 0.02
e_30_3 30 3 5 0.0125 0.173966 0.195625 0.166699 0.493849 -0.00167611 0.853538 -0.166083 0.02
15 21 20
3 -0.344794 0.150477 0.167862 0.0125
22 -0.358418 0.117397 0.17817 0.0125
4 -0.302418 0.0465475 0.159593 0.0125
21 -0.32122 0.0496281 0.170282 0.0125
20 -0.346383 0.0537968 0.183307 0.0125
12 -0.21589 0.0217373 0.0947564 0.0125
11 -0.220841 0.00390005 0.0864784 0.0125
10 -0.21936 -0.0139884 0.0766869 0.0125
9 -0.219023 -0.0304202 0.0650421 0.0125
2 -0.213607 -0.0764614 0.0141861 0.0125
19 -0.373863 0.0533505 0.195169 0.0125
8 -0.218881 -0.0543289 0.0408095 0.0125
6 -0.213439 0.0398971 0.102941 0.0125
13 -0.188435 -0.0648558 0.0398198 0.0125
5 -0.147124 -0.0371554 0.0772448 0.0125
14 -0.225299 -0.0635031 0.0373046 0.0125
15 -0.246932 -0.0468281 0.0636586 0.0125
16 -0.288708 -0.0128853 0.107862 0.0125
17 -0.332397 0.0255013 0.157174 0.0125
18 -0.350214 0.0349325 0.177169 0.0125
1 -0.387125 0.0694235 0.206708 0.0125
e_2_8 2 8 1 0.0125 -0.216244 -0.0653949 0.0274981 0.916887 -0.312213 -0.14973 -0.198549 0.035021
e_8_9 8 9 2 0.0125 -0.218952 -0.0423744 0.0529265 0.896519 -0.367253 -0.0959008 -0.228433 0.034042
e_9_10 9 10 3 0.0125 -0.219192 -0.0222041 0.0708646 0.854926 -0.439406 -0.13372 -0.241127 0.020142
e_10_11 10 11 4 0.0125 -0.2201 -0.00504396 0.0815821 0.825716 -0.476716 -0.182468 -0.240085 0.020446
e_11_12 11 12 5 0.0125 -0.218366 0.0128191 0.0906169 0.787243 -0.542101 -0.0449455 -0.290439 0.020278
e_12_6 12 6 6 0.0125 -0.214664 0.0308169 0.0988483 0.793042 -0.533459 -0.107229 -0.273875 0.02007
e_2_13 2 13 1 0.0125 -0.201021 -0.0706591 0.0270031 0.872883 -0.270402 0.29564 -0.278486 0.037755
e_13_5 13 5 2 0.0125 -0.167779 -0.0510058 0.058532 0.842822 -0.35877 0.26583 -0.300449 0.062245
e_2_14 2 14 1 0.0125 -0.219453 -0.0699823 0.0257453 0.937932 -0.202142 -0.245133 -0.139042 0.028967
e_14_15 14 15 2 0.0125 -0.236115 -0.055165 0.0504821 0.91336 -0.198538 -0.33676 -0.113792 0.037955
e_15_16 15 16 3 0.0125 -0.26782 -0.029857 0.0857613 0.896668 -0.22499 -0.363397 -0.115363 0.069652
e_16_17 16 17 4 0.0125 -0.310552 0.00630778 0.132518 0.899213 -0.232629 -0.350042 -0.121534 0.076248
e_17_18 17 18 5 0.0125 -0.341305 0.0302167 0.167171 0.918641 -0.145654 -0.355905 -0.0906341 0.028395
e_18_19 18 19 6 0.0125 -0.362038 0.0441413 0.18617 0.863605 -0.252256 -0.42304 -0.107657 0.034964
e_19_1 19 1 7 0.0125 -0.380494 0.0613873 0.200939 0.849379 -0.332055 -0.384105 -0.144075 0.02382
e_1_20 1 20 1 0.0125 -0.366754 0.06161 0.195007 0.381089 -0.30896 0.800528 -0.344195 0.049515
e_20_21 20 21 2 0.0125 -0.333802 0.051712 0.176795 0.343726 -0.541599 0.658826 -0.393027 0.028639
e_21_4 21 4 3 0.0125 -0.311819 0.0480884 0.164938 0.309396 -0.587872 0.631705 -0.399537 0.021846
e_1_22 1 22 1 0.0125 -0.372771 0.0934101 0.192439 0.402288 -0.842983 -0.12922 -0.332934 0.062769
e_22_3 22 3 2 0.0125 -0.351606 0.133936 0.173016 0.507138 -0.786608 -0.140305 -0.323069 0.037231
