15
1 22 21
3 0.268102 -0.168635 0.0268145 0.0125
23 0.251826 -0.17967 0.02316 0.0125
22 0.235504 -0.188889 0.0161889 0.0125
21 0.219252 -0.200514 0.0153499 0.0125
20 0.203864 -0.213204 0.0138698 0.0125
4 0.247503 -0.207247 0.0909024 0.0125
6 0.371182 0.074742 0.0540342 0.0125
11 0.353221 0.0741723 0.0427107 0.0125
10 0.326488 0.0713614 0.0312916 0.0125
9 0.281538 0.0661032 0.0131651 0.0125
2 0.231174 0.0665943 0.0148151 0.0125
19 0.225388 -0.213388 0.063993 0.0125
8 0.251841 0.064641 0.0114926 0.0125
12 0.231114 0.0750196 0.0458324 0.0125
13 0.237463 0.0809311 0.0679617 0.0125
14 0.237915 0.086391 0.0885965 0.0125
5 0.238519 0.0918595 0.110662 0.0125
15 0.202988 -0.0428633 0.0240929 0.0125
16 0.191426 -0.0764893 0.022379 0.0125
17 0.183301 -0.110043 0.0227912 0.0125
18 0.183825 -0.130213 0.0210376 0.0125
1 0.1885 -0.225926 0.0124254 0.0125
e_2_8 2 8 1 0.0125 0.241507 0.0656175 0.0131534 0.631054 -0.106482 0.753446 -0.150839 0.021023
e_8_9 8 9 2 0.0125 0.266689 0.0653721 0.0123289 0.721116 -0.118338 0.676699 -0.089815 0.02978
e_9_10 9 10 3 0.0125 0.304013 0.0687323 0.0222283 0.820924 -0.138138 0.543148 -0.109509 0.048752
e_10_11 10 11 4 0.0125 0.339855 0.0727664 0.0370013 0.824384 -0.139989 0.533762 -0.126067 0.029205
e_11_6 11 6 5 0.0125 0.362201 0.0744573 0.048373 0.839419 -0.151979 0.458616 -0.248896 0.02124
e_2_12 2 12 1 0.0125 0.231144 0.0708074 0.0303236 -0.895243 0.119827 -0.055925 -0.425505 0.032142
e_12_13 12 13 2 0.0125 0.234288 0.0779749 0.0568972 0.861449 -0.176312 0.0582799 -0.472676 0.023768
e_13_14 13 14 3 0.0125 0.237689 0.0836606 0.0782793 -0.842245 0.103903 -0.0771399 -0.523332 0.02135
e_14_5 14 5 4 0.0125 0.238217 0.0891256 0.0996284 -0.778588 0.0867415 -0.0856186 -0.615586 0.02274
e_2_15 2 15 1 0.0125 0.217081 0.0118657 0.0194545 -0.192055 -0.00824548 0.677516 -0.709943 0.113408
e_15_16 15 16 2 0.0125 0.197208 -0.0596766 0.0232365 -0.22297 0.00148351 0.723924 -0.652852 0.035599
e_16_17 16 17 3 0.0125 0.187363 -0.0932664 0.0225851 -0.176366 -0.00910565 0.70282 -0.689098 0.034526
e_17_18 17 18 4 0.0125 0.183563 -0.120128 0.0219144 -0.0144255 -0.0348782 0.73626 -0.675645 0.020253
e_18_1 18 1 5 0.0125 0.186163 -0.178069 0.0167312 -0.000963896 -0.037058 0.737146 -0.674716 0.096213
e_1_19 1 19 1 0.0125 0.206944 -0.219657 0.0382092 0.924977 -0.165912 0.271175 -0.208217 0.064631
e_19_4 19 4 2 0.0125 0.236446 -0.210317 0.0774473 0.915178 -0.16376 0.304573 -0.207043 0.035369
e_1_20 1 20 1 0.0125 0.196182 -0.219566 0.0131474 0.605507 -0.0642297 0.678037 0.411706 0.02
e_20_21 20 21 2 0.0125 0.211558 -0.20686 0.0146105 0.607046 -0.0645813 0.677381 0.410463 0.02
e_21_22 21 22 3 0.0125 0.227378 -0.194702 0.0157689 0.627314 -0.0715356 0.688417 0.356991 0.02
e_22_23 22 23 4 0.0125 0.243666 -0.18428 0.0196744 0.776854 -0.104525 0.561055 0.266064 0.02
e_23_3 23 3 5 0.0125 0.259964 -0.174152 0.0249873 0.687175 -0.0830846 0.633827 0.345181 0.02
2 25 24
3 0.331965 -0.153323 0.0180937 0.0125
26 0.327477 -0.146307 0.0362801 0.0125
25 0.32144 -0.135525 0.0522496 0.0125
24 0.316138 -0.120509 0.0718127 0.0125
4 0.281422 -0.00589109 0.110634 0.0125
23 0.288341 -0.03652 0.106753 0.0125
1 0.307353 -0.101784 0.0995252 0.0125
22 0.290761 -0.088697 0.0983612 0.0125
21 0.270532 -0.0801355 0.0931476 0.0125
12 0.0388996 0.00643855 0.0168343 0.0125
11 0.0390516 -0.0133516 0.0206608 0.0125
10 0.0391997 -0.0347595 0.0244407 0.0125
9 0.0348213 -0.0556794 0.0262391 0.0125
2 0.0337555 -0.122031 0.023507 0.0125
19 0.219763 -0.0776125 0.0806107 0.0125
8 0.0320959 -0.0828388 0.0241759 0.0125
6 0.034434 0.0259552 0.0178577 0.0125
13 0.0543139 -0.113985 0.0177916 0.0125
14 0.0724663 -0.101868 0.016611 0.0125
15 0.0913196 -0.0881754 0.0152369 0.0125
5 0.118404 -0.0715888 0.0113521 0.0125
16 0.0670556 -0.105518 0.0262855 0.0125
17 0.0904625 -0.0935747 0.0318342 0.0125
18 0.170275 -0.0807927 0.0614368 0.0125
20 0.239795 -0.0763733 0.0885107 0.0125
e_2_8 2 8 1 0.0125 0.0329253 -0.102435 0.0238409 -0.484585 0.454207 0.534015 0.523164 0.039233
e_8_9 8 9 2 0.0125 0.0334587 -0.0692591 0.025207 -0.0123012 0.0792292 0.675307 0.733166 0.027374
e_9_10 9 10 3 0.0125 0.0370105 -0.0452194 0.0253399 -0.304677 0.459039 0.5755 0.604363 0.021448
e_10_11 10 11 4 0.0125 0.0391257 -0.0240556 0.0225507 -0.621825 0.739858 0.198847 0.162493 0.02174
e_11_12 11 12 5 0.0125 0.038975 -0.00345663 0.0187479 -0.619845 0.749801 0.18087 0.144489 0.020157
e_12_6 12 6 6 0.0125 0.0366663 0.0161974 0.0173459 0.134234 0.0266333 -0.688316 -0.712386 0.020047
e_2_13 2 13 1 0.0125 0.0440346 -0.118008 0.0206494 0.15299 0.640982 0.463098 0.592686 0.022805
e_13_14 13 14 2 0.0125 0.0633906 -0.107927 0.0172014 0.172535 0.483377 0.541617 0.665754 0.021857
e_14_15 14 15 3 0.0125 0.081893 -0.0950223 0.0159239 0.153275 0.478288 0.548334 0.668639 0.023342
e_15_5 15 5 4 0.0125 0.104862 -0.0798816 0.0132947 0.147488 0.53554 0.523352 0.646179 0.031996
e_2_16 2 16 1 0.0125 0.0504052 -0.113774 0.0248957 0.300196 0.432197 0.525296 0.668694 0.037274
e_16_17 16 17 2 0.0125 0.0787587 -0.0995458 0.0290593 0.381724 0.347921 0.52503 0.676448 0.026857
e_17_18 17 18 3 0.0125 0.130369 -0.0871837 0.0466355 0.538619 0.366814 0.43988 0.617934 0.08608
e_18_19 18 19 4 0.0125 0.195019 -0.0792031 0.0710237 0.567729 0.38435 0.414684 0.598328 0.053167
e_19_20 19 20 5 0.0125 0.229779 -0.0769934 0.0845602 0.571193 0.382061 0.413382 0.597397 0.02157
e_20_21 20 21 6 0.0125 0.255164 -0.0782549 0.0908293 0.509579 0.532742 0.377034 0.560679 0.031312
e_21_22 21 22 7 0.0125 0.280646 -0.0844158 0.0957538 0.611063 0.546389 0.293234 0.492011 0.022576
e_22_1 22 1 8 0.0125 0.299057 -0.0952411 0.0989427 0.600844 0.655377 0.207294 0.408041 0.021165
e_1_23 1 23 1 0.0125 0.297847 -0.0691527 0.103139 0.384592 -0.172012 -0.646179 -0.63636 0.068361
e_23_4 23 4 2 0.0125 0.284882 -0.0212059 0.108693 0.516024 -0.339148 -0.568906 -0.54318 0.031639
e_1_24 1 24 1 0.0125 0.311745 -0.111147 0.0856688 0.283602 0.948983 -0.0116859 0.137349 0.03458
e_24_25 24 25 2 0.0125 0.31879 -0.128016 0.0620307 0.312074 0.941717 -0.0307384 0.121799 0.025225
e_25_26 25 26 3 0.0125 0.324459 -0.140915 0.0442645 0.283157 0.946259 0.00607801 0.156138 0.020192
e_26_3 26 3 4 0.0125 0.329721 -0.149815 0.0271864 0.177939 0.976942 -0.0132637 0.117243 0.020003
3 30 29
3 0.24704 -0.0192402 0.0260623 0.0125
31 0.244913 -0.00124565 0.0345275 0.0125
30 0.240128 0.0146901 0.0456249 0.0125
29 0.230948 0.0263867 0.0590009 0.0125
28 0.222058 0.0342235 0.0751118 0.0125
4 0.180495 0.103062 0.0134067 0.0125
27 0.18373 0.0905815 0.0362585 0.0125
26 0.190076 0.0799662 0.0539566 0.0125
25 0.203266 0.0590891 0.0745195 0.0125
1 0.211593 0.046118 0.0873193 0.0125
24 0.212565 0.026554 0.0913807 0.0125
23 0.208237 0.0077568 0.0966715 0.0125
22 0.199746 -0.00946262 0.102282 0.0125
21 0.18711 -0.0243208 0.106711 0.0125
12 0.205401 -0.28485 0.141456 0.0125
11 0.183615 -0.281732 0.141678 0.0125
10 0.16209 -0.278981 0.137759 0.0125
9 0.142713 -0.269944 0.132734 0.0125
2 0.100578 -0.223259 0.13821 0.0125
19 0.173105 -0.0639428 0.115542 0.0125
8 0.121321 -0.252012 0.132222 0.0125
6 0.225165 -0.287678 0.143796 0.0125
13 0.0933107 -0.205243 0.133456 0.0125
14 0.0849742 -0.18726 0.130786 0.0125
15 0.0784687 -0.168855 0.126437 0.0125
16 0.066137 -0.153831 0.121723 0.0125
5 0.0500306 -0.142346 0.118773 0.0125
17 0.159885 -0.104402 0.122129 0.0125
18 0.167478 -0.0835417 0.119856 0.0125
20 0.179261 -0.0425309 0.110477 0.0125
e_2_8 2 8 1 0.0125 0.110951 -0.237636 0.135216 0.618741 0.466181 0.604922 -0.184132 0.035956
e_8_9 8 9 2 0.0125 0.132017 -0.260977 0.132479 0.703535 0.354108 0.604522 -0.119158 0.027917
e_9_10 9 10 3 0.0125 0.152401 -0.274463 0.135247 0.782014 0.223477 0.579356 -0.0534592 0.021964
e_10_11 10 11 4 0.0125 0.172852 -0.280357 0.139719 0.764895 0.132021 0.627468 0.061556 0.022051
e_11_12 11 12 5 0.0125 0.194508 -0.28329 0.141568 0.698701 0.182289 0.686889 0.0822863 0.02201
e_12_6 12 6 6 0.0125 0.215283 -0.286263 0.142626 0.744249 0.15155 0.647166 0.0655978 0.020102
e_2_13 2 13 1 0.0125 0.0969442 -0.214251 0.135833 -0.327857 0.138025 0.77446 0.523135 0.02
e_13_14 13 14 2 0.0125 0.0891421 -0.196252 0.132121 -0.313323 0.0466933 0.751387 0.578849 0.02
e_14_15 14 15 3 0.0125 0.0817216 -0.178057 0.128611 -0.238447 0.0400281 0.77918 0.57829 0.02
e_15_16 15 16 4 0.0125 0.0723025 -0.161342 0.12408 -0.607726 0.688686 0.378871 -0.113303 0.02
e_16_5 16 5 5 0.0125 0.0580846 -0.148089 0.120248 -0.335006 0.755016 -0.0609705 -0.560361 0.02
e_2_17 2 17 1 0.0125 0.130232 -0.163831 0.130169 0.432047 -0.182689 0.725752 0.503234 0.133802
e_17_18 17 18 2 0.0125 0.163682 -0.0939719 0.120992 0.406873 -0.221762 0.708356 0.532454 0.022316
e_18_19 18 19 3 0.0125 0.170292 -0.0737426 0.117698 0.297062 -0.163235 0.759483 0.555242 0.020841
e_19_20 19 20 4 0.0125 0.176184 -0.0532369 0.11301 0.285679 -0.152002 0.766647 0.554559 0.022849
e_20_21 20 21 5 0.0125 0.183186 -0.0334259 0.108594 0.365666 -0.155781 0.75433 0.5225 0.020184
e_21_22 21 22 6 0.0125 0.193428 -0.0168917 0.104496 0.44348 -0.0670771 0.77861 0.438853 0.020001
e_22_23 22 23 7 0.0125 0.203991 -0.000853157 0.0994764 0.321043 -0.0852142 0.7956 0.506647 0.020002
e_23_24 23 24 8 0.0125 0.210401 0.0171556 0.0940259 0.225396 -0.122336 0.785686 0.562963 0.020001
e_24_1 24 1 9 0.0125 0.212079 0.036336 0.08935 0.106951 -0.169151 0.756896 0.62214 0.020005
e_1_25 1 25 1 0.0125 0.20743 0.0526035 0.0809191 -0.404911 0.577426 0.697138 0.128936 0.020036
e_25_26 25 26 2 0.0125 0.196671 0.0695279 0.0642382 -0.402555 0.573284 0.700919 0.134192 0.032135
e_26_27 26 27 3 0.0125 0.186902 0.0852735 0.0451078 -0.281242 0.595513 0.745128 0.105126 0.021591
e_27_4 27 4 4 0.0125 0.182113 0.0968213 0.024833 -0.188395 0.531537 0.808044 0.170415 0.026238
e_1_28 1 28 1 0.0125 0.216826 0.040171 0.0812157 0.431113 0.531013 0.723337 -0.094606 0.02
e_28_29 28 29 2 0.0125 0.226503 0.0303053 0.0670565 0.310057 0.548804 0.775613 -0.0332202 0.02
e_29_30 29 30 3 0.0125 0.235538 0.0205386 0.052313 0.394106 0.555448 0.725178 -0.101368 0.02
e_30_31 30 31 4 0.0125 0.242521 0.00672238 0.0400768 0.413671 0.61858 0.628331 -0.226794 0.02
e_31_3 31 3 5 0.0125 0.245977 -0.0102437 0.0302951 0.443654 0.636342 0.553807 -0.302554 0.02
4 26 25
3 0.221842 0.117356 0.15157 0.0125
27 0.233249 0.102292 0.143293 0.0125
26 0.242343 0.0867484 0.134385 0.0125
25 0.256319 0.0699678 0.12622 0.0125
4 0.188801 0.0733429 0.0979616 0.0125
24 0.208423 0.0694805 0.0982244 0.0125
23 0.227689 0.0646543 0.100582 0.0125
22 0.244173 0.0562777 0.108206 0.0125
21 0.262469 0.048938 0.111578 0.0125
1 0.279378 0.0429795 0.120443 0.0125
11 0.0705959 -0.21792 0.0720735 0.0125
10 0.0981943 -0.214898 0.0880986 0.0125
6 0.166324 -0.0836661 0.0331452 0.0125
9 0.158909 -0.101927 0.0375353 0.0125
2 0.130615 -0.202738 0.11233 0.0125
19 0.253431 0.013241 0.115149 0.0125
8 0.150508 -0.121918 0.0456267 0.0125
5 0.0477565 -0.219604 0.0604519 0.0125
12 0.144883 -0.164331 0.0974623 0.0125
13 0.171236 -0.0972819 0.0898551 0.0125
14 0.185177 -0.0654192 0.0911478 0.0125
15 0.1994 -0.0449826 0.0914284 0.0125
16 0.214905 -0.0296485 0.0935444 0.0125
17 0.231892 -0.0175724 0.101033 0.0125
18 0.243458 -0.00238692 0.107596 0.0125
20 0.266192 0.0279482 0.119721 0.0125
e_2_8 2 8 1 0.0125 0.140561 -0.162328 0.0789778 0.364168 -0.620107 0.65433 0.233882 0.106662
e_8_9 8 9 2 0.0125 0.154708 -0.111922 0.0415814 0.529072 -0.583827 0.577882 0.212794 0.023145
e_9_6 9 6 3 0.0125 0.162617 -0.0927966 0.0353399 0.58949 -0.583004 0.51847 0.209276 0.020192
e_2_10 2 10 1 0.0125 0.114405 -0.208818 0.100214 0.328515 0.805288 -0.371739 -0.324654 0.042262
e_10_11 10 11 2 0.0125 0.0843958 -0.216409 0.0800861 0.465171 0.403567 -0.766213 -0.183487 0.032056
e_11_5 11 5 3 0.0125 0.0591762 -0.218762 0.0662627 0.50311 0.29351 -0.800075 -0.143566 0.025682
e_2_12 2 12 1 0.0125 0.137749 -0.183534 0.104896 0.530618 -0.60088 0.556316 0.218858 0.043586
e_12_13 12 13 2 0.0125 0.158059 -0.130806 0.0936594 0.637079 -0.575909 0.46993 0.204023 0.072442
e_13_14 13 14 3 0.0125 0.178206 -0.08135 0.0905018 0.695137 -0.540989 0.434468 0.188025 0.034803
e_14_15 14 15 4 0.0125 0.192289 -0.0552009 0.0912882 0.692227 -0.469968 0.52298 0.162618 0.0249
e_15_16 15 16 5 0.0125 0.207152 -0.0373155 0.092486 0.729232 -0.382502 0.552631 0.128501 0.02191
e_16_17 16 17 6 0.0125 0.223398 -0.0236104 0.0972886 0.813401 -0.281971 0.501418 0.0863248 0.022146
e_17_18 17 18 7 0.0125 0.237674 -0.00998012 0.104314 0.803509 -0.399888 0.421325 0.130183 0.020186
e_18_19 18 19 8 0.0125 0.248444 0.00542757 0.111373 0.818839 -0.415408 0.37255 0.134701 0.020018
e_19_20 19 20 9 0.0125 0.259812 0.0205946 0.117434 0.772849 -0.394843 0.479383 0.130366 0.020002
e_20_1 20 1 10 0.0125 0.272785 0.0354633 0.120082 0.70527 -0.42003 0.552751 0.143652 0.020008
e_1_21 1 21 1 0.0125 0.270923 0.0459587 0.116011 0.499167 -0.526644 -0.666536 0.170906 0.02
e_21_22 21 22 2 0.0125 0.25332 0.0526084 0.109892 0.632626 -0.416207 -0.641141 0.124475 0.02
e_22_23 22 23 3 0.0125 0.23593 0.060466 0.104394 0.514266 -0.630371 -0.541514 0.211955 0.02
e_23_24 23 24 4 0.0125 0.218056 0.0670674 0.0994034 0.661743 -0.24234 -0.70726 0.0561396 0.02
e_24_4 24 4 5 0.0125 0.198612 0.0714117 0.0980934 0.702046 -0.16134 -0.693195 0.0241015 0.02
e_1_25 1 25 1 0.0125 0.267849 0.0564741 0.123332 0.737777 -0.58184 -0.284848 0.189759 0.035964
e_25_26 25 26 2 0.0125 0.249332 0.0783586 0.130303 0.806692 -0.49928 -0.275005 0.156012 0.023315
e_26_27 26 27 3 0.0125 0.237795 0.0945202 0.138839 0.835169 -0.496413 -0.178541 0.155533 0.020092
e_27_3 27 3 4 0.0125 0.227545 0.109824 0.147431 0.823116 -0.48894 -0.245598 0.151984 0.020629
5 21 20
3 -0.0105975 -0.0965242 0.120753 0.0125
22 0.000329691 -0.152178 0.106601 0.0125
4 0.0518224 -0.219662 0.0108674 0.0125
21 0.037663 -0.210696 0.0356641 0.0125
20 0.0260062 -0.203302 0.0560733 0.0125
11 -0.155327 0.0495879 0.019421 0.0125
6 -0.268068 0.0226456 0.0448805 0.0125
10 -0.247357 0.0270356 0.0395628 0.0125
9 -0.224591 0.0318488 0.0335921 0.0125
2 -0.124522 0.0467139 0.0123958 0.0125
19 -0.000747831 -0.181126 0.0826084 0.0125
8 -0.187493 0.0341365 0.0204227 0.0125
5 -0.223294 0.0460281 0.0140261 0.0125
12 -0.114532 0.0143634 0.0175822 0.0125
13 -0.0944301 -0.0325353 0.0236705 0.0125
14 -0.0649187 -0.0902137 0.0251194 0.0125
15 -0.057396 -0.109105 0.0302551 0.0125
16 -0.0333435 -0.147568 0.045635 0.0125
17 -0.0205444 -0.161304 0.0542115 0.0125
18 -0.0100499 -0.17224 0.0672763 0.0125
1 0.00912513 -0.191523 0.0965745 0.0125
e_2_8 2 8 1 0.0125 -0.156008 0.0404252 0.0164093 0.744399 0.205583 -0.629062 -0.0888044 0.064716
e_8_9 8 9 2 0.0125 -0.206043 0.0329922 0.0270073 0.802967 0.14007 -0.559819 -0.149084 0.039432
e_9_10 9 10 3 0.0125 -0.235974 0.0294424 0.036577 0.784153 0.199321 -0.579657 -0.0968115 0.024023
e_10_6 10 6 4 0.0125 -0.257713 0.0248406 0.0422217 0.782664 0.199948 -0.581555 -0.0961839 0.021829
e_2_11 2 11 1 0.0125 -0.139924 0.0481507 0.0159089 0.75877 0.092422 -0.617037 -0.187061 0.031727
e_11_5 11 5 2 0.0125 -0.189311 0.047808 0.0167236 0.668353 0.164775 -0.715796 -0.117426 0.068273
e_2_12 2 12 1 0.0125 -0.119527 0.0305391 0.0149892 0.664018 0.637666 -0.132952 0.367133 0.034252
e_12_13 12 13 2 0.0125 -0.104481 -0.00908548 0.0206265 0.635302 0.656365 -0.0997093 0.394505 0.051388
e_13_14 13 14 3 0.0125 -0.0796743 -0.0613747 0.0243954 0.568191 0.687944 -0.124723 0.433978 0.064806
e_14_15 14 15 4 0.0125 -0.0611575 -0.0996594 0.0276866 0.708507 0.612665 -0.0469778 0.347062 0.020972
e_15_16 15 16 5 0.0125 -0.0453693 -0.128336 0.0379449 0.74461 0.576395 0.0850475 0.325717 0.047901
e_16_17 16 17 6 0.0125 -0.026944 -0.154436 0.0499231 0.800687 0.489526 0.229371 0.258172 0.020641
e_17_18 17 18 7 0.0125 -0.0152976 -0.166772 0.0607442 0.903388 0.330958 0.252992 0.101743 0.020011
e_18_19 18 19 8 0.0125 -0.00539875 -0.176683 0.074943 0.939589 0.239968 0.243689 0.0142484 0.020013
e_19_1 19 1 9 0.0125 0.00418865 -0.186325 0.0895914 0.918496 0.302057 0.244725 0.0723588 0.020016
e_1_20 1 20 1 0.0125 0.0175656 -0.197413 0.0763237 -0.13364 0.334011 -0.913329 0.190807 0.045432
e_20_21 20 21 2 0.0125 0.0318347 -0.206999 0.0458691 -0.164699 0.379913 -0.877399 0.242304 0.024639
e_21_4 21 4 3 0.0125 0.0447433 -0.215178 0.0232659 -0.164881 0.379528 -0.87762 0.241983 0.029929
e_1_22 1 22 1 0.0125 0.00472692 -0.171851 0.101588 0.592319 -0.36329 -0.497327 -0.519465 0.041544
e_22_3 22 3 2 0.0125 -0.00513396 -0.124352 0.113677 0.587971 -0.371734 -0.490691 -0.524715 0.058456
6 25 24
3 -0.0079181 0.188422 0.0114204 0.0125
26 0.00982375 0.197012 0.0182943 0.0125
25 0.0277569 0.199446 0.0274121 0.0125
24 0.0483547 0.203359 0.035014 0.0125
4 -0.000917776 0.26932 0.0566254 0.0125
23 0.0165291 0.26122 0.0510712 0.0125
22 0.0334712 0.248313 0.0507786 0.0125
21 0.0511182 0.235188 0.0499877 0.0125
1 0.0816522 0.217726 0.0396218 0.0125
11 0.251439 0.0777247 0.163386 0.0125
10 0.259859 0.0551226 0.158678 0.0125
6 0.259014 -0.121464 0.136486 0.0125
9 0.256602 -0.0723382 0.144139 0.0125
2 0.27663 0.0254302 0.15282 0.0125
19 0.108644 0.191215 0.0529882 0.0125
8 0.259702 -0.0512136 0.146395 0.0125
5 0.237621 0.115377 0.171 0.0125
12 0.247871 0.0438876 0.137286 0.0125
13 0.193662 0.102595 0.114064 0.0125
14 0.174836 0.113779 0.104956 0.0125
15 0.153491 0.130758 0.0900824 0.0125
16 0.142812 0.147348 0.0834094 0.0125
17 0.132564 0.161681 0.0729573 0.0125
18 0.122193 0.175553 0.0626954 0.0125
20 0.0947462 0.204319 0.0468595 0.0125
e_2_8 2 8 1 0.0125 0.268165 -0.0128911 0.149608 0.493591 0.631702 0.376485 -0.464306 0.078753
e_8_9 8 9 2 0.0125 0.258152 -0.0617758 0.145267 0.450695 0.575271 0.470752 -0.494297 0.02147
e_9_6 9 6 3 0.0125 0.257808 -0.0969009 0.140313 0.367562 0.397923 0.646935 -0.536685 0.049777
e_2_10 2 10 1 0.0125 0.268244 0.0402764 0.155749 0.763493 -0.577563 -0.285952 0.0416016 0.034601
e_10_11 10 11 2 0.0125 0.255649 0.0664234 0.161032 0.771855 -0.597195 -0.218112 0.00496301 0.024574
e_11_5 11 5 3 0.0125 0.24453 0.0965505 0.167193 0.770217 -0.600071 -0.216004 0.00477574 0.040825
e_2_12 2 12 1 0.0125 0.26225 0.0346591 0.145053 0.488756 -0.7143 -0.443487 0.232835 0.037537
e_12_13 12 13 2 0.0125 0.220767 0.073241 0.125675 0.57804 -0.712304 -0.363543 0.162261 0.083213
e_13_14 13 14 3 0.0125 0.184249 0.108187 0.10951 0.501893 -0.689455 -0.46547 0.236838 0.023716
e_14_15 14 15 4 0.0125 0.164164 0.122269 0.0975197 0.462331 -0.770141 -0.382459 0.216468 0.031066
e_15_16 15 16 5 0.0125 0.148152 0.139053 0.0867459 0.568845 -0.7628 -0.279869 0.127379 0.020829
e_16_17 16 17 6 0.0125 0.137689 0.154515 0.0781832 0.469789 -0.829904 -0.257612 0.15554 0.020487
e_17_18 17 18 7 0.0125 0.127379 0.168617 0.0678261 0.468382 -0.8269 -0.266667 0.160447 0.020131
e_18_19 18 19 8 0.0125 0.115419 0.183384 0.0578418 0.508624 -0.780677 -0.320549 0.170567 0.022872
e_19_20 19 20 9 0.0125 0.101695 0.197767 0.0499238 0.560852 -0.707885 -0.389418 0.180824 0.020061
e_20_1 20 1 10 0.0125 0.0881999 0.211022 0.0432409 0.536817 -0.7414 -0.361189 0.178035 0.020088
e_1_21 1 21 1 0.0125 0.0663851 0.226457 0.0448051 0.794448 -0.360467 -0.478257 0.100929 0.036671
e_21_22 21 22 2 0.0125 0.0422944 0.241751 0.0503838 0.704791 -0.518559 -0.461658 0.145732 0.022006
e_22_23 22 23 3 0.0125 0.0249997 0.254767 0.0509249 0.696295 -0.532686 -0.457587 0.148436 0.021301
e_23_4 23 4 4 0.0125 0.00780529 0.265269 0.0538484 0.791518 -0.326013 -0.504981 0.110496 0.020021
e_1_24 1 24 1 0.0125 0.0650035 0.210542 0.0373179 0.619207 0.0372597 -0.749424 0.231427 0.036557
e_24_25 24 25 2 0.0125 0.038056 0.201402 0.0312128 0.462393 -0.353685 -0.738475 0.340228 0.022302
e_25_26 25 26 3 0.0125 0.0187903 0.198229 0.0228532 0.378691 -0.501004 -0.688446 0.362809 0.020264
e_26_3 26 3 4 0.0125 0.000952931 0.192717 0.0148581 0.472577 -0.134153 -0.804145 0.3347 0.020877
7 20 19
3 -0.0845275 0.307845 0.211496 0.0125
21 -0.0567696 0.305949 0.215527 0.0125
20 -0.0207627 0.304479 0.223484 0.0125
4 -0.0562032 0.365805 0.272868 0.0125
11 -0.0161637 0.129481 0.0824085 0.0125
10 -0.01557 0.108263 0.0595162 0.0125
6 -0.00613768 -0.0562089 0.0123357 0.0125
9 -0.00976382 -0.0131846 0.0205752 0.0125
2 -0.0202282 0.0906249 0.0395349 0.0125
19 -0.0346461 0.345386 0.263476 0.0125
8 -0.0121527 0.0103208 0.0249407 0.0125
12 -0.0190108 0.146937 0.0942618 0.0125
5 -0.0233039 0.163978 0.104688 0.0125
13 -0.0307832 0.200742 0.140724 0.0125
14 -0.0177187 0.242525 0.171499 0.0125
15 -0.00985442 0.268854 0.18437 0.0125
16 -0.00425752 0.286443 0.202427 0.0125
17 0.00199869 0.298102 0.217789 0.0125
1 0.0131888 0.308501 0.230893 0.0125
18 -0.00861782 0.328016 0.248676 0.0125
e_2_8 2 8 1 0.0125 -0.0161909 0.0504725 0.0322374 0.636952 0.749895 0.163179 -0.0729543 0.082018
e_8_9 8 9 2 0.0125 -0.0109587 -0.0014323 0.0227576 0.635318 0.750521 0.166037 -0.0743011 0.024026
e_9_6 9 6 3 0.0125 -0.00795064 -0.0346965 0.016455 0.635184 0.759754 0.128438 -0.0530912 0.043956
e_2_10 2 10 1 0.0125 -0.017899 0.0994444 0.0495252 0.922527 -0.359288 0.0407872 -0.13488 0.027056
e_10_11 10 11 2 0.0125 -0.0158669 0.118872 0.0709624 0.926664 -0.36239 -0.0450959 -0.0890735 0.031219
e_11_12 11 12 3 0.0125 -0.0175873 0.13821 0.0883354 0.880182 -0.458371 -0.107394 -0.0603482 0.021291
e_12_5 12 5 4 0.0125 -0.0211578 0.155457 0.0994746 0.868006 -0.473576 -0.14351 -0.0411875 0.020433
e_2_13 2 13 1 0.0125 -0.0255052 0.145684 0.0901298 0.911932 -0.396683 -0.0718855 -0.0765203 0.149922
e_13_14 13 14 2 0.0125 -0.024251 0.221634 0.156112 0.874548 -0.456893 0.0608316 -0.150714 0.053513
e_14_15 14 15 3 0.0125 -0.0137872 0.25569 0.177935 0.829942 -0.533429 0.0581055 -0.152555 0.030342
e_15_16 15 16 4 0.0125 -0.00705632 0.277648 0.193397 0.910239 -0.383411 0.0578519 -0.145307 0.025821
e_16_17 16 17 5 0.0125 -0.00112977 0.292272 0.210107 0.922288 -0.331238 0.10694 -0.16802 0.020275
e_17_1 17 1 6 0.0125 0.00759323 0.303302 0.224341 0.879093 -0.352422 0.224144 -0.22968 0.020127
e_1_18 1 18 1 0.0125 0.00228502 0.318258 0.239784 0.868432 -0.356762 -0.336272 0.073945 0.034243
e_18_19 18 19 2 0.0125 -0.021632 0.336701 0.256076 0.837368 -0.353466 -0.401592 0.112252 0.034616
e_19_4 19 4 3 0.0125 -0.0454246 0.355596 0.268172 0.801259 -0.453464 -0.378901 0.0937426 0.031142
e_1_20 1 20 1 0.0125 -0.00378699 0.30649 0.227189 0.544683 -0.304866 -0.716216 0.312107 0.034982
e_20_21 20 21 2 0.0125 -0.0387657 0.305214 0.219506 0.558126 -0.381679 -0.67979 0.28408 0.036905
e_21_3 21 3 3 0.0125 -0.0706481 0.306897 0.213512 0.594352 -0.362583 -0.663503 0.273941 0.028113
8 21 20
3 -0.206936 -0.0134106 0.0500425 0.0125
22 -0.242069 -0.00990785 0.0459995 0.0125
4 -0.238735 -0.0796831 0.0112419 0.0125
21 -0.285338 -0.0403639 0.0256767 0.0125
1 -0.305636 -0.0105395 0.0353118 0.0125
11 -0.0509953 0.0996859 0.0434812 0.0125
6 -0.0110406 -0.00209005 0.0861352 0.0125
10 -0.020097 0.0196815 0.0810652 0.0125
9 -0.0268813 0.037468 0.0696126 0.0125
2 -0.0581812 0.122036 0.0194267 0.0125
19 -0.281626 0.0185944 0.0238921 0.0125
8 -0.0379586 0.0557387 0.0588765 0.0125
12 -0.0414613 0.0750688 0.0611099 0.0125
5 -0.0266313 0.0482053 0.0771914 0.0125
13 -0.162326 0.110261 0.0121791 0.0125
14 -0.201246 0.0955426 0.0121655 0.0125
15 -0.225285 0.0754165 0.0126826 0.0125
16 -0.241651 0.0618739 0.0129412 0.0125
17 -0.257043 0.0484494 0.0132863 0.0125
18 -0.268495 0.0323566 0.0174012 0.0125
20 -0.291313 0.003024 0.0319059 0.0125
e_2_8 2 8 1 0.0125 -0.0480699 0.0888873 0.0391516 0.840779 0.433507 0.25445 -0.201042 0.079753
e_8_9 8 9 2 0.0125 -0.0324196 0.046603 0.064245 0.805895 0.337394 0.402086 -0.273907 0.023912
e_9_10 9 10 3 0.0125 -0.0234885 0.0285754 0.0753389 0.842634 0.401137 0.285197 -0.218448 0.022215
e_10_6 10 6 4 0.0125 -0.0155686 0.00879601 0.0835998 0.731681 0.463814 0.424003 -0.264084 0.024119
e_2_11 2 11 1 0.0125 -0.0545884 0.11086 0.031454 0.907404 0.328561 0.184996 -0.185585 0.033612
e_11_12 11 12 2 0.0125 -0.0462284 0.087377 0.0522959 0.855128 0.384759 0.27256 -0.215471 0.031744
e_12_5 12 5 3 0.0125 -0.0340464 0.0616367 0.069151 0.814622 0.354906 0.376758 -0.2617 0.034644
e_2_13 2 13 1 0.0125 -0.110253 0.116148 0.015803 0.640428 -0.17342 -0.710224 0.235286 0.105059
e_13_14 13 14 2 0.0125 -0.181786 0.102901 0.0121721 0.663189 0.0054417 -0.707202 0.244983 0.04161
e_14_15 14 15 3 0.0125 -0.213266 0.0854795 0.0124241 0.671564 0.243584 -0.657583 0.239276 0.031356
e_15_16 15 16 4 0.0125 -0.233468 0.0686449 0.0128123 0.669383 0.23826 -0.661172 0.240855 0.021244
e_16_17 16 17 5 0.0125 -0.249346 0.0551623 0.0131138 0.672297 0.258442 -0.651746 0.237594 0.020427
e_17_18 17 18 6 0.0125 -0.262768 0.0404025 0.0153435 0.761839 0.435488 -0.45648 0.146893 0.020177
e_18_19 18 19 7 0.0125 -0.27506 0.0254747 0.0206468 0.801204 0.345604 -0.468053 0.139841 0.020098
e_19_20 19 20 8 0.0125 -0.286469 0.0108092 0.027899 0.83317 0.436004 -0.331176 0.077787 0.020013
e_20_1 20 1 9 0.0125 -0.298474 -0.00375812 0.0336086 0.740755 0.312371 -0.563353 0.190631 0.020018
e_1_21 1 21 1 0.0125 -0.295487 -0.0254517 0.0304943 0.447537 0.179064 0.772626 -0.413154 0.03734
e_21_4 21 4 2 0.0125 -0.262036 -0.0600228 0.0184593 0.441399 -0.0613193 0.781937 -0.435868 0.06266
e_1_22 1 22 1 0.0125 -0.273852 -0.0102241 0.0406554 0.661934 -0.327371 0.556715 -0.380447 0.064462
e_22_3 22 3 2 0.0125 -0.224502 -0.0116589 0.0480214 0.634166 -0.293033 0.5977 -0.393344 0.035538
9 23 22
3 -0.0375118 0.181342 0.155167 0.0125
24 -0.0558292 0.182637 0.147243 0.0125
23 -0.0712152 0.189205 0.136282 0.0125
22 -0.0868233 0.193584 0.124568 0.0125
21 -0.101427 0.198918 0.111987 0.0125
4 -0.122892 0.288351 0.0407363 0.0125
20 -0.116086 0.271416 0.0557556 0.0125
10 -0.226417 0.109878 0.0294773 0.0125
5 -0.335729 0.120777 0.0128399 0.0125
6 -0.382837 -0.110185 0.0382553 0.0125
9 -0.324823 0.0456624 0.0183256 0.0125
2 -0.317942 0.0230184 0.0149931 0.0125
19 -0.112034 0.254883 0.0706903 0.0125
8 -0.350062 -0.0426861 0.0275084 0.0125
11 -0.200193 0.121782 0.0314883 0.0125
12 -0.182131 0.133523 0.0387397 0.0125
13 -0.169505 0.148742 0.0460707 0.0125
14 -0.159099 0.165091 0.051887 0.0125
15 -0.147456 0.177152 0.0629071 0.0125
16 -0.135467 0.188897 0.073789 0.0125
17 -0.123775 0.197175 0.0877477 0.0125
1 -0.111725 0.20919 0.0982598 0.0125
18 -0.109178 0.22836 0.0850184 0.0125
e_2_8 2 8 1 0.0125 -0.334002 -0.00983384 0.0212505 0.576188 0.250515 -0.594058 0.50234 0.074199
e_8_6 8 6 2 0.0125 -0.36645 -0.0764356 0.0328816 0.538885 0.219716 -0.617121 0.529612 0.075801
e_2_9 2 9 1 0.0125 -0.321383 0.0343404 0.0166587 0.744955 -0.588752 -0.289239 -0.121469 0.0239
e_9_5 9 5 2 0.0125 -0.330276 0.0832195 0.0155825 0.664307 -0.683397 -0.2627 -0.15051 0.0761
e_2_10 2 10 1 0.0125 -0.272179 0.0664485 0.0222351 0.576572 -0.660492 0.0820393 -0.473903 0.127009
e_10_11 10 11 2 0.0125 -0.213305 0.11583 0.0304824 0.477555 -0.654439 0.19205 -0.553866 0.028869
e_11_12 11 12 3 0.0125 -0.191162 0.127652 0.035114 0.610718 -0.561638 0.158275 -0.53529 0.022731
e_12_13 12 13 4 0.0125 -0.175818 0.141133 0.0424052 0.682016 -0.568137 0.0583881 -0.456799 0.02109
e_13_14 13 14 5 0.0125 -0.164302 0.156917 0.0489793 0.685104 -0.596777 0.0115819 -0.41756 0.020233
e_14_15 14 15 6 0.0125 -0.153277 0.171122 0.0573973 0.738448 -0.465949 0.0907833 -0.478899 0.020062
e_15_16 15 16 7 0.0125 -0.141462 0.183025 0.0683485 0.732 -0.467026 0.0993426 -0.485998 0.020001
e_16_17 16 17 8 0.0125 -0.129621 0.193035 0.080768 0.767784 -0.362515 0.140187 -0.509351 0.020002
e_17_1 17 1 9 0.0125 -0.11775 0.203183 0.093004 0.726833 -0.477416 0.0963519 -0.484257 0.020002
e_1_18 1 18 1 0.0125 -0.110452 0.218775 0.0916388 0.433105 -0.857521 -0.217128 -0.17301 0.023438
e_18_19 18 19 2 0.0125 -0.110606 0.241622 0.0778539 0.50018 -0.811001 -0.280817 -0.115059 0.03028
e_19_20 19 20 3 0.0125 -0.11406 0.263149 0.0632225 0.409418 -0.851079 -0.324706 -0.0510679 0.022645
e_20_4 20 4 4 0.0125 -0.119489 0.279883 0.0482466 0.426797 -0.82901 -0.361159 -0.0122724 0.023637
e_1_21 1 21 1 0.0125 -0.106576 0.204053 0.105123 0.666797 0.010312 0.395886 -0.631308 0.02
e_21_22 21 22 2 0.0125 -0.094125 0.196251 0.118277 0.61343 -0.196296 0.38332 -0.661994 0.02
e_22_23 22 23 3 0.0125 -0.0790193 0.191394 0.130425 0.589011 -0.247302 0.382077 -0.667776 0.02
e_23_24 23 24 4 0.0125 -0.0635219 0.185921 0.141762 0.550115 -0.224505 0.41903 -0.686575 0.02
e_24_3 24 3 5 0.0125 -0.0466701 0.18199 0.151205 0.503199 -0.4142 0.361029 -0.666999 0.02
10 21 20
3 -0.226322 0.236829 0.196214 0.0125
22 -0.234909 0.254067 0.20161 0.0125
21 -0.247484 0.269538 0.203198 0.0125
20 -0.262937 0.281273 0.208044 0.0125
19 -0.277602 0.29226 0.216059 0.0125
11 -0.14543 0.128657 0.0737412 0.0125
10 -0.153679 0.113398 0.0637845 0.0125
6 -0.0365114 0.0275145 0.011615 0.0125
9 -0.0628017 0.0390117 0.0208586 0.0125
2 -0.160681 0.0959622 0.0569323 0.0125
8 -0.0902096 0.0520741 0.0239357 0.0125
12 -0.136787 0.146242 0.0777447 0.0125
13 -0.123849 0.160451 0.0832892 0.0125
5 -0.110586 0.173847 0.0899682 0.0125
14 -0.195007 0.136796 0.0825283 0.0125
15 -0.2316 0.180604 0.117107 0.0125
16 -0.266612 0.243498 0.167659 0.0125
17 -0.28931 0.288288 0.204591 0.0125
1 -0.292864 0.303375 0.222655 0.0125
18 -0.33361 0.272597 0.21099 0.0125
4 -0.370271 0.243734 0.201467 0.0125
e_2_8 2 8 1 0.0125 -0.125445 0.0740185 0.040434 0.286181 -0.381389 0.734314 -0.483142 0.089337
e_8_9 8 9 2 0.0125 -0.0765056 0.0455428 0.0223964 0.471789 -0.2513 0.698046 -0.47644 0.030517
e_9_6 9 6 3 0.0125 -0.0496568 0.0332633 0.0162364 0.276596 -0.501619 0.633789 -0.519793 0.030145
e_2_10 2 10 1 0.0125 -0.15718 0.10468 0.0603584 0.647119 -0.551236 -0.157587 -0.502536 0.02
e_10_11 10 11 2 0.0125 -0.149555 0.121028 0.0687631 0.696963 -0.496257 -0.0693719 -0.51299 0.02
e_11_12 11 12 3 0.0125 -0.141108 0.13745 0.0757429 0.583948 -0.611102 -0.162655 -0.509021 0.02
e_12_13 12 13 4 0.0125 -0.130318 0.153347 0.0805169 0.587187 -0.601159 -0.00408291 -0.542035 0.02
e_13_5 13 5 5 0.0125 -0.117217 0.16715 0.0866283 0.608497 -0.57634 0.0289886 -0.544723 0.02
e_2_14 2 14 1 0.0125 -0.177844 0.116379 0.0697303 0.783453 -0.247768 -0.4715 -0.320158 0.059168
e_14_15 14 15 2 0.0125 -0.213304 0.1587 0.0998179 0.806884 -0.230188 -0.433528 -0.328641 0.066738
e_15_16 15 16 3 0.0125 -0.249106 0.212051 0.142383 0.807894 -0.274083 -0.370837 -0.366968 0.08796
e_16_17 16 17 4 0.0125 -0.277961 0.265894 0.186125 0.809879 -0.279771 -0.354234 -0.374623 0.062331
e_17_1 17 1 5 0.0125 -0.291087 0.295832 0.213622 0.842271 -0.268517 -0.220099 -0.412353 0.023803
e_1_18 1 18 1 0.0125 -0.313238 0.287986 0.216823 0.612786 0.348438 -0.699949 0.114697 0.05238
e_18_4 18 4 2 0.0125 -0.351941 0.258165 0.206229 0.622014 0.361098 -0.685276 0.114466 0.04762
e_1_19 1 19 1 0.0125 -0.285232 0.297817 0.219357 0.40384 -0.137357 0.803754 -0.41476 0.02
e_19_20 19 20 2 0.0125 -0.27027 0.286766 0.212052 0.329639 -0.232521 0.803935 -0.436991 0.02
e_20_21 20 21 3 0.0125 -0.255211 0.275405 0.205622 0.492058 0.00395604 0.788118 -0.369775 0.02
e_21_22 21 22 4 0.0125 -0.241197 0.261802 0.202404 0.663198 0.459525 0.573177 -0.143089 0.02
e_22_3 22 3 5 0.0125 -0.230615 0.245449 0.198913 0.584681 0.779779 0.163874 0.152442 0.02
11 20 19
3 -0.0261583 -0.0806466 0.0562397 0.0125
21 -0.049098 -0.083451 0.0614405 0.0125
20 -0.0690286 -0.0883369 0.0654818 0.0125
19 -0.0920718 -0.0942626 0.0704881 0.0125
6 0.17356 0.0955594 0.130555 0.0125
11 0.172627 0.0768321 0.122448 0.0125
10 0.173026 0.0567668 0.118282 0.0125
9 0.175903 0.0381578 0.109351 0.0125
2 0.169355 -0.0406331 0.0719107 0.0125
8 0.171609 -0.0168612 0.0892142 0.0125
12 0.151284 -0.0126551 0.0984647 0.0125
13 0.137431 0.00959623 0.120076 0.0125
5 0.127576 0.0260445 0.133543 0.0125
14 0.115002 -0.0566564 0.069974 0.0125
15 0.00679142 -0.0881485 0.0630368 0.0125
16 -0.0185805 -0.0898432 0.0683616 0.0125
17 -0.0514306 -0.0918 0.0745389 0.0125
1 -0.121665 -0.101423 0.0767421 0.0125
18 -0.0976318 -0.0908965 0.123794 0.0125
4 -0.0853183 -0.0692126 0.162599 0.0125
e_2_8 2 8 1 0.0125 0.170482 -0.0287473 0.080562 0.890373 -0.453541 0.0302084 -0.024969 0.029489
e_8_9 8 9 2 0.0125 0.173757 0.0106485 0.0992825 0.807303 -0.570704 -0.0538474 -0.140212 0.058746
e_9_10 9 10 3 0.0125 0.174465 0.0474625 0.113817 0.839554 -0.515401 -0.141765 -0.0970269 0.02084
e_10_11 10 11 4 0.0125 0.172827 0.0667994 0.120365 0.751285 -0.608113 -0.169064 -0.19284 0.020497
e_11_6 11 6 5 0.0125 0.173094 0.0861952 0.126501 0.827549 -0.546919 -0.049469 -0.116598 0.020429
e_2_12 2 12 1 0.0125 0.160319 -0.0266442 0.0851872 0.900734 -0.369481 -0.22757 0.0193305 0.042596
e_12_13 12 13 2 0.0125 0.144357 -0.00153003 0.109271 0.904194 -0.367601 -0.216319 0.0225689 0.033972
e_13_5 13 5 3 0.0125 0.132503 0.0178203 0.12681 0.887341 -0.394618 -0.23852 -0.0034498 0.023432
e_2_14 2 14 1 0.0125 0.142178 -0.0486449 0.0709419 0.670987 0.0168501 -0.718885 0.180823 0.056699
e_14_15 14 15 2 0.0125 0.0608964 -0.072402 0.0665053 0.66185 0.0162195 -0.728324 0.176733 0.112913
e_15_16 15 16 3 0.0125 -0.00589509 -0.0889962 0.0656989 0.761705 -0.0797258 -0.625432 0.149278 0.02598
e_16_17 16 17 4 0.0125 -0.0350051 -0.0908214 0.0714501 0.755838 -0.0826371 -0.633182 0.144774 0.033482
e_17_1 17 1 5 0.0125 -0.0865475 -0.0966109 0.0756407 0.702799 -0.0486767 -0.694336 0.146974 0.070925
e_1_18 1 18 1 0.0125 -0.109649 -0.0961596 0.100268 0.919744 -0.0241809 0.250438 0.301276 0.053873
e_18_4 18 4 2 0.0125 -0.0914748 -0.080055 0.143197 0.944415 -0.216553 0.180183 0.16947 0.046127
e_1_19 1 19 1 0.0125 -0.106869 -0.0978429 0.0736147 0.358992 0.51639 0.577876 0.520121 0.031082
e_19_20 19 20 2 0.0125 -0.0805497 -0.0912994 0.0679852 0.3693 0.495987 0.597456 0.51055 0.024315
e_20_21 20 21 3 0.0125 -0.0590629 -0.0858942 0.0634617 0.374906 0.497023 0.591251 0.512675 0.020915
e_21_3 21 3 4 0.0125 -0.0376283 -0.0820484 0.05884 0.225274 0.688776 0.367937 0.582634 0.023688
12 25 24
3 0.394352 -0.0279953 0.22056 0.0125
26 0.339883 -0.0366778 0.191707 0.0125
4 0.289492 -0.147449 0.184418 0.0125
25 0.292806 -0.128829 0.177914 0.0125
24 0.297777 -0.109883 0.173875 0.0125
23 0.301834 -0.090299 0.173686 0.0125
22 0.305836 -0.0707195 0.174478 0.0125
1 0.307699 -0.0511823 0.178328 0.0125
21 0.289027 -0.0447462 0.173777 0.0125
6 -0.0142215 -0.150485 0.0087903 0.0125
11 -0.00970474 -0.131416 0.0158119 0.0125
10 -0.00150261 -0.113811 0.0230853 0.0125
9 0.0084499 -0.093405 0.0315314 0.0125
2 0.0404684 -0.0227342 0.0637542 0.0125
19 0.250952 -0.0306433 0.173244 0.0125
8 0.0209698 -0.0724161 0.0418698 0.0125
12 0.0688919 -0.0122001 0.065674 0.0125
13 0.0953993 -0.00316362 0.0684649 0.0125
14 0.114545 0.00539469 0.0705756 0.0125
5 0.131631 0.0165042 0.0715798 0.0125
15 0.070297 -0.0239009 0.085262 0.0125
16 0.173803 -0.0262062 0.130601 0.0125
17 0.212969 -0.0276304 0.156713 0.0125
18 0.230781 -0.0298373 0.168137 0.0125
20 0.269987 -0.0376885 0.175054 0.0125
e_2_8 2 8 1 0.0125 0.0307189 -0.0475758 0.0528119 -0.328095 -0.210128 0.803454 -0.450179 0.057684
e_8_9 8 9 2 0.0125 0.0147099 -0.0829105 0.0367006 -0.412276 -0.24997 0.795182 -0.367735 0.026536
e_9_10 9 10 3 0.0125 0.00347359 -0.103608 0.0273079 -0.362252 -0.190368 0.798818 -0.440935 0.024224
e_10_11 10 11 4 0.0125 -0.00560418 -0.122613 0.0194482 -0.353384 -0.189761 0.799579 -0.446971 0.020739
e_11_6 11 6 5 0.0125 -0.0119634 -0.140951 0.0123011 -0.246023 -0.169728 0.799904 -0.520403 0.020817
e_2_12 2 12 1 0.0125 0.0546804 -0.0174676 0.064714 0.624147 -0.535321 0.42642 -0.376881 0.030374
e_12_13 12 13 2 0.0125 0.0821456 -0.00768186 0.0670694 0.629923 -0.518928 0.425599 -0.390866 0.028143
e_13_14 13 14 3 0.0125 0.104972 0.00111558 0.0695197 0.647099 -0.538055 0.400514 -0.362421 0.021078
e_14_5 14 5 4 0.0125 0.123087 0.0109492 0.0710777 0.657576 -0.58357 0.367212 -0.303638 0.020405
e_2_15 2 15 1 0.0125 0.0553828 -0.0233176 0.0745086 0.69891 -0.268028 0.368611 -0.551191 0.036793
e_15_16 15 16 2 0.0125 0.12205 -0.0250529 0.107931 0.64615 -0.338331 0.430073 -0.532034 0.113024
e_16_17 16 17 3 0.0125 0.193386 -0.0269183 0.143657 0.690066 -0.280121 0.379859 -0.548679 0.047094
e_17_18 17 18 4 0.0125 0.221875 -0.028734 0.162425 0.6673 -0.264636 0.401866 -0.568492 0.021275
e_18_19 18 19 5 0.0125 0.240867 -0.0302408 0.170691 0.594912 -0.384741 0.478893 -0.518378 0.020824
e_19_20 19 20 6 0.0125 0.26047 -0.0341657 0.174149 0.464241 -0.344598 0.580374 -0.573497 0.020377
e_20_21 20 21 7 0.0125 0.279507 -0.0412175 0.174416 0.413449 -0.391732 0.614769 -0.545587 0.020346
e_21_1 21 1 8 0.0125 0.298363 -0.0479647 0.176052 0.515741 -0.308974 0.540621 -0.588451 0.020267
e_1_22 1 22 1 0.0125 0.306767 -0.0609514 0.176403 -0.12274 -0.0765642 0.768353 -0.623463 0.02
e_22_23 22 23 2 0.0125 0.303834 -0.0805095 0.174082 -0.0874982 0.0540318 0.718953 -0.687409 0.02
e_23_24 23 24 3 0.0125 0.299805 -0.100092 0.173781 -0.0564277 0.0875876 0.698288 -0.708194 0.02
e_24_25 24 25 4 0.0125 0.295291 -0.119356 0.175894 0.0759182 0.219367 0.592389 -0.771485 0.02
e_25_4 25 4 5 0.0125 0.291149 -0.13814 0.181166 0.196531 0.236838 0.530374 -0.789928 0.02
e_1_26 1 26 1 0.0125 0.323791 -0.0439303 0.185018 0.718968 -0.455953 0.338981 -0.400354 0.037752
e_26_3 26 3 2 0.0125 0.367118 -0.0323361 0.206133 0.700799 -0.360093 0.372256 -0.49055 0.062248
13 29 28
3 0.0676436 0.218481 0.156239 0.0125
30 0.0739171 0.200055 0.151642 0.0125
29 0.080208 0.181725 0.1467 0.0125
28 0.0871491 0.163189 0.143824 0.0125
27 0.0947822 0.145051 0.147393 0.0125
4 0.113208 0.0319722 0.16696 0.0125
26 0.108782 0.0512742 0.164163 0.0125
25 0.104067 0.0702219 0.159831 0.0125
24 0.0994177 0.0892946 0.156007 0.0125
23 0.0983711 0.108871 0.152048 0.0125
1 0.103865 0.127259 0.14642 0.0125
22 0.115363 0.108291 0.148479 0.0125
21 0.13415 0.070553 0.151024 0.0125
12 0.230684 -0.268914 0.121699 0.0125
11 0.22093 -0.251397 0.122713 0.0125
10 0.217119 -0.23167 0.124323 0.0125
9 0.208495 -0.207739 0.125937 0.0125
2 0.187224 -0.156781 0.154741 0.0125
19 0.150207 0.0292858 0.154744 0.0125
8 0.197869 -0.18158 0.135668 0.0125
6 0.239049 -0.288514 0.123268 0.0125
13 0.190421 -0.173409 0.165383 0.0125
14 0.193198 -0.188348 0.178388 0.0125
15 0.199242 -0.20181 0.191888 0.0125
16 0.20826 -0.213597 0.205294 0.0125
5 0.221208 -0.220903 0.218673 0.0125
17 0.167221 -0.0525071 0.157165 0.0125
18 0.164863 -0.0105088 0.15293 0.0125
20 0.143542 0.0504488 0.152041 0.0125
e_2_8 2 8 1 0.0125 0.192546 -0.16918 0.145205 0.330949 0.830479 -0.314426 0.31924 0.033046
e_8_9 8 9 2 0.0125 0.203182 -0.19466 0.130803 0.450881 0.778864 -0.237269 0.36576 0.029865
e_9_10 9 10 3 0.0125 0.212807 -0.219705 0.125131 0.564482 0.705576 -0.183903 0.386914 0.025489
e_10_11 10 11 4 0.0125 0.219025 -0.241534 0.123518 0.582389 0.690938 -0.250121 0.347659 0.020156
e_11_12 11 12 5 0.0125 0.225807 -0.260155 0.122206 0.542127 0.71582 -0.113405 0.425253 0.020075
e_12_6 12 6 6 0.0125 0.234867 -0.278714 0.122484 0.607406 0.668405 -0.12849 0.409613 0.021369
e_2_13 2 13 1 0.0125 0.188822 -0.165096 0.160062 0.795451 0.46976 -0.115133 0.365139 0.02
e_13_14 13 14 2 0.0125 0.19181 -0.180878 0.171886 0.835085 0.408067 -0.091518 0.357407 0.02
e_14_15 14 15 3 0.0125 0.19622 -0.195079 0.185138 0.82466 0.402965 -0.0106863 0.396788 0.02
e_15_16 15 16 4 0.0125 0.203752 -0.207703 0.198591 0.805098 0.40079 0.0647969 0.43242 0.02
e_16_5 16 5 5 0.0125 0.214735 -0.21725 0.211984 0.779132 0.355548 0.197853 0.476857 0.02
e_2_17 2 17 1 0.0125 0.177222 -0.104644 0.155953 0.617296 -0.52607 -0.460254 -0.361057 0.106202
e_17_18 17 18 2 0.0125 0.166041 -0.0315081 0.155048 0.526982 -0.556065 -0.490795 -0.414971 0.042277
e_18_19 18 19 3 0.0125 0.157535 0.00938851 0.153837 0.627823 -0.446388 -0.528562 -0.356649 0.042446
e_19_20 19 20 4 0.0125 0.146875 0.0398671 0.153393 0.512291 -0.40901 -0.627023 -0.420844 0.022351
e_20_21 20 21 5 0.0125 0.138847 0.0605005 0.151533 0.574227 -0.374574 -0.618546 -0.383874 0.022214
e_21_22 21 22 6 0.0125 0.124757 0.0894222 0.149752 0.566649 -0.356212 -0.63501 -0.385725 0.042233
e_22_1 22 1 7 0.0125 0.109614 0.117775 0.14745 0.55368 -0.301263 -0.674876 -0.383693 0.022276
e_1_23 1 23 1 0.0125 0.101118 0.118065 0.149235 0.761884 0.494038 -0.339434 0.245446 0.02
e_23_24 23 24 2 0.0125 0.0988948 0.0990827 0.154028 0.699744 0.586212 -0.239578 0.330632 0.02
e_24_25 24 25 3 0.0125 0.101742 0.0797587 0.157919 0.673943 0.612921 -0.169527 0.376016 0.02
e_25_26 25 26 4 0.0125 0.106424 0.0607485 0.161997 0.682238 0.60449 -0.162122 0.377968 0.02
e_26_4 26 4 5 0.0125 0.110995 0.041623 0.165561 0.657643 0.628829 -0.186181 0.370697 0.02
e_1_27 1 27 1 0.0125 0.0993234 0.136155 0.146907 0.634499 -0.387138 -0.570773 -0.348932 0.02
e_27_28 27 28 2 0.0125 0.0909655 0.154121 0.145609 0.478396 -0.329985 -0.693081 -0.426481 0.02
e_28_29 28 29 3 0.0125 0.0836784 0.172458 0.145262 0.688158 -0.462456 -0.462872 -0.313565 0.02
e_29_30 29 30 4 0.0125 0.0770628 0.19089 0.149171 0.74428 -0.480396 -0.38162 -0.263883 0.02
e_30_3 30 3 5 0.0125 0.07078 0.209268 0.153941 0.735466 -0.481584 -0.391377 -0.272013 0.02
14 22 21
3 0.0016455 -0.341231 0.266513 0.0125
23 0.0628245 -0.311581 0.22835 0.0125
4 0.0842849 -0.404415 0.20429 0.0125
22 0.0856773 -0.382345 0.208325 0.0125
21 0.0805722 -0.341836 0.212352 0.0125
1 0.0793134 -0.305465 0.215073 0.0125
6 -0.140646 -0.0413827 0.0342894 0.0125
11 -0.115076 -0.0433966 0.0436975 0.0125
10 -0.0930143 -0.0408239 0.0488497 0.0125
9 -0.0688569 -0.045766 0.0515564 0.0125
2 0.00262656 -0.0572608 0.0703108 0.0125
19 0.0505245 -0.208627 0.175491 0.0125
8 -0.0314368 -0.0488093 0.0598133 0.0125
12 -0.0165163 -0.0592436 0.0757535 0.0125
13 -0.0325837 -0.0626394 0.0871691 0.0125
14 -0.0498498 -0.0601479 0.096951 0.0125
15 -0.0664931 -0.0520449 0.104522 0.0125
5 -0.08255 -0.0415415 0.110167 0.0125
16 0.00860267 -0.0800551 0.0868815 0.0125
17 0.027659 -0.134551 0.129397 0.0125
18 0.0428321 -0.178027 0.162934 0.0125
20 0.0587612 -0.2415 0.187686 0.0125
e_2_8 2 8 1 0.0125 -0.0144049 -0.0530357 0.0650623 0.591739 -0.0857745 -0.79745 -0.0810028 0.036632
e_8_9 8 9 2 0.0125 -0.0501468 -0.0472881 0.0556847 0.618474 0.0621924 -0.77687 -0.100474 0.038441
e_9_10 9 10 3 0.0125 -0.0809354 -0.0432951 0.0502035 0.664587 -0.0815438 -0.740209 -0.0613702 0.024806
e_10_11 10 11 4 0.0125 -0.104045 -0.0421098 0.0462738 0.608722 0.249212 -0.742208 -0.128369 0.022801
e_11_6 11 6 5 0.0125 -0.127861 -0.04239 0.038994 0.558927 0.114456 -0.811837 -0.124185 0.027321
e_2_12 2 12 1 0.0125 -0.0069455 -0.0582522 0.0730319 0.796052 0.0986122 -0.59516 -0.0485992 0.02
e_12_13 12 13 2 0.0125 -0.0245502 -0.0609413 0.0814609 0.886179 0.100205 -0.452294 -0.00868193 0.02
e_13_14 13 14 3 0.0125 -0.0412164 -0.0613938 0.0920593 0.862792 -0.0787238 -0.499263 0.0113211 0.02
e_14_15 14 15 4 0.0125 -0.0581716 -0.0560962 0.100736 0.829027 -0.270652 -0.487301 0.044714 0.02
e_15_5 15 5 5 0.0125 -0.0745211 -0.0467931 0.107344 0.798391 -0.365088 -0.474952 0.0608529 0.02
e_2_16 2 16 1 0.0125 0.00561489 -0.0686577 0.0785956 0.886495 0.450786 0.0958684 0.0415781 0.028808
e_16_17 16 17 2 0.0125 0.0181308 -0.107303 0.108139 0.891003 0.433657 0.124269 0.0511154 0.071697
e_17_18 17 18 3 0.0125 0.0352456 -0.156289 0.146166 0.889824 0.435957 0.124842 0.0506796 0.056966
e_18_19 18 19 4 0.0125 0.0466785 -0.193327 0.169213 0.827276 0.547924 0.12202 0.0224566 0.03396
e_19_20 19 20 5 0.0125 0.054643 -0.225064 0.181589 0.817857 0.56106 0.126208 0.0198414 0.036016
e_20_1 20 1 6 0.0125 0.0690376 -0.273483 0.201379 0.829336 0.537106 0.150923 0.0306664 0.072554
e_1_21 1 21 1 0.0125 0.0799425 -0.32365 0.213713 0.679108 0.729874 0.0675268 -0.0392077 0.036493
e_21_22 21 22 2 0.0125 0.0831241 -0.362091 0.210338 0.670892 0.730578 0.123862 -0.0285906 0.041028
e_22_4 22 4 3 0.0125 0.0849809 -0.39338 0.206307 0.637697 0.767582 0.0236594 -0.0600054 0.022478
e_1_23 1 23 1 0.0125 0.071069 -0.308524 0.221712 0.895062 0.160145 -0.416048 -0.0109982 0.022036
e_23_3 23 3 2 0.0125 0.0322348 -0.326406 0.247431 0.862271 0.238687 -0.445288 -0.0351655 0.077964
15 22 21
3 0.0847282 0.101826 0.223353 0.0125
23 0.0770102 0.0767786 0.182618 0.0125
4 0.0131758 -0.0118318 0.202527 0.0125
22 0.0352058 -6.81799e-05 0.181492 0.0125
1 0.0703593 0.0433746 0.143907 0.0125
21 0.0615877 0.0248082 0.144694 0.0125
11 0.0187195 -0.19621 0.194121 0.0125
10 0.00782725 -0.209899 0.184427 0.0125
6 -0.0871939 -0.104577 0.148811 0.0125
9 -0.00438922 -0.222605 0.174978 0.0125
2 -0.0178989 -0.235106 0.167153 0.0125
19 0.056967 -0.0205153 0.142673 0.0125
8 -0.0391466 -0.210748 0.164034 0.0125
12 0.0287074 -0.180642 0.201728 0.0125
5 0.039916 -0.164534 0.205595 0.0125
13 -0.00261282 -0.189766 0.165769 0.0125
14 0.00226637 -0.162365 0.1601 0.0125
15 0.00676483 -0.132831 0.149912 0.0125
16 0.021543 -0.106754 0.140605 0.0125
17 0.0392811 -0.0773072 0.139167 0.0125
18 0.0524518 -0.0482217 0.142902 0.0125
20 0.0591929 0.00186017 0.143847 0.0125
e_2_8 2 8 1 0.0125 -0.0285231 -0.222926 0.165593 0.172056 0.327648 -0.663826 -0.649907 0.032474
e_8_6 8 6 2 0.0125 -0.0631703 -0.157662 0.156422 0.0386802 0.26917 -0.701648 -0.65859 0.117526
e_2_9 2 9 1 0.0125 -0.0111441 -0.228855 0.171065 0.794063 -0.232885 0.500148 0.255109 0.02
e_9_10 9 10 2 0.0125 0.00171894 -0.216252 0.179702 0.843965 -0.299913 0.416902 0.154816 0.02
e_10_11 10 11 3 0.0125 0.0132735 -0.203054 0.189274 0.857684 -0.365264 0.352449 0.0820963 0.02
e_11_12 11 12 4 0.0125 0.0237137 -0.188425 0.197925 0.82807 -0.442889 0.337204 0.0666508 0.02
e_12_5 12 5 5 0.0125 0.0343117 -0.172588 0.203661 0.711804 -0.339437 0.536731 0.300063 0.02
e_2_13 2 13 1 0.0125 -0.0102559 -0.212436 0.166461 0.33415 -0.527004 -0.486536 -0.611468 0.047868
e_13_14 13 14 2 0.0125 -0.000173687 -0.176065 0.162934 -0.458928 0.459672 -0.623295 -0.435419 0.028403
e_14_15 14 15 3 0.0125 0.00451514 -0.147598 0.155006 -0.507503 0.641287 -0.500143 -0.284692 0.031565
e_15_16 15 16 4 0.0125 0.0141537 -0.119792 0.145259 -0.370816 0.747779 0.298481 0.46285 0.031385
e_16_17 16 17 5 0.0125 0.0304123 -0.0920299 0.139886 0.29728 0.0707943 0.718248 0.625086 0.034407
e_17_18 17 18 6 0.0125 0.0458666 -0.0627639 0.141034 0.745287 -0.585286 0.315199 0.0513451 0.032146
e_18_19 18 19 7 0.0125 0.0547094 -0.0343685 0.142787 0.0747555 -0.187923 -0.68466 -0.700241 0.028072
e_19_20 19 20 8 0.0125 0.0580799 -0.00932756 0.14326 0.204209 -0.2583 -0.638157 -0.695943 0.022517
e_20_21 20 21 9 0.0125 0.0603907 0.013334 0.14427 0.170241 -0.233192 -0.653659 -0.699549 0.023088
e_21_1 21 1 10 0.0125 0.0659731 0.034092 0.1443 0.368099 -0.0849798 0.715485 0.587675 0.02055
e_1_22 1 22 1 0.0125 0.0527823 0.0216538 0.1627 0.827108 0.445647 -0.149523 -0.308115 0.067348
e_22_4 22 4 2 0.0125 0.0241908 -0.00595001 0.19201 0.81081 0.344194 -0.243793 -0.405811 0.032652
e_1_23 1 23 1 0.0125 0.0736843 0.0600768 0.163263 0.882334 -0.349419 -0.0501672 -0.311249 0.051562
e_23_3 23 3 2 0.0125 0.0808688 0.0893027 0.202986 0.923712 -0.281905 0.00711768 -0.259298 0.048438
