15
1 20 19
3 -0.150159 -0.152486 0.0220759 0.0125
21 -0.155255 -0.132112 0.0212457 0.0125
20 -0.160541 -0.112843 0.0185111 0.0125
19 -0.171858 -0.0845818 0.0204665 0.0125
11 0.131569 0.0518659 0.0125643 0.0125
10 0.126329 0.0325945 0.0114826 0.0125
6 0.0134226 0.111898 0.0237196 0.0125
9 0.117685 0.0147087 0.0138047 0.0125
2 0.109374 -0.00313534 0.0173395 0.0125
8 0.0317196 0.0923143 0.0217854 0.0125
12 0.141006 0.0694961 0.0129002 0.0125
5 0.145395 0.0889515 0.0144046 0.0125
13 -0.106512 -0.0352312 0.012555 0.0125
14 -0.125915 -0.0432137 0.0124881 0.0125
15 -0.144424 -0.051231 0.0141554 0.0125
16 -0.163792 -0.0549389 0.0188672 0.0125
1 -0.183377 -0.058765 0.0219557 0.0125
18 -0.209271 -0.124273 0.0195753 0.0125
17 -0.201999 -0.100308 0.0227163 0.0125
4 -0.224519 -0.147859 0.0114835 0.0125
e_2_8 2 8 1 0.0125 0.0705465 0.0445894 0.0195627 0.701884 -0.622174 -0.30797 0.159413 0.123129
e_8_6 8 6 2 0.0125 0.0225711 0.102106 0.0227525 0.718339 -0.578177 -0.360159 0.141371 0.026871
e_2_9 2 9 1 0.0125 0.11353 0.00578667 0.0155721 0.599294 -0.533895 0.550763 0.229047 0.02
e_9_10 9 10 2 0.0125 0.122007 0.0236515 0.012644 0.625703 -0.523188 0.5332 0.224651 0.02
e_10_11 10 11 3 0.0125 0.128949 0.0422301 0.0120238 0.690737 -0.575874 0.375943 0.223426 0.02
e_11_12 11 12 4 0.0125 0.136288 0.0606809 0.0127327 0.680431 -0.491017 0.500498 0.213115 0.02
e_12_5 12 5 5 0.0125 0.1432 0.0792237 0.0136527 0.698465 -0.586396 0.344304 0.223027 0.02
e_2_13 2 13 1 0.0125 0.00143136 -0.0191838 0.0149476 0.687961 0.230294 -0.676702 -0.125495 0.218311
e_13_14 13 14 2 0.0125 -0.116213 -0.0392224 0.0125213 0.685988 0.416581 -0.572755 -0.166826 0.020981
e_14_15 14 15 3 0.0125 -0.13517 -0.0472223 0.0133214 0.718577 0.396109 -0.549472 -0.157562 0.020239
e_15_16 15 16 4 0.0125 -0.154108 -0.053085 0.0165113 0.778152 0.195613 -0.587822 -0.103353 0.020275
e_16_1 16 1 5 0.0125 -0.173584 -0.0568524 0.0204111 0.750733 0.218832 -0.612892 -0.113472 0.020194
e_1_17 1 17 1 0.0125 -0.192688 -0.0795363 0.0223354 0.686504 0.693512 -0.103392 -0.19252 0.045531
e_17_18 17 18 2 0.0125 -0.205635 -0.11229 0.0211458 0.631503 0.749783 0.00632877 -0.197458 0.02524
e_18_4 18 4 3 0.0125 -0.216895 -0.136066 0.0155291 0.556867 0.785088 -0.148538 -0.226875 0.029229
e_1_19 1 19 1 0.0125 -0.177618 -0.0716734 0.0212111 0.679258 0.606176 0.398556 -0.110962 0.028309
e_19_20 19 20 2 0.0125 -0.166199 -0.0987125 0.0194892 0.67399 0.620774 0.382996 -0.117011 0.030506
e_20_21 20 21 3 0.0125 -0.157897 -0.122477 0.0198789 0.743721 0.597786 0.273589 -0.121159 0.020167
e_21_3 21 3 4 0.0125 -0.152707 -0.142299 0.0216611 0.709118 0.630969 0.286593 -0.12998 0.021019
2 22 21
3 0.079281 -0.0222894 0.052137 0.0125
23 0.0766699 -0.0435343 0.0477035 0.0125
22 0.0733765 -0.0648842 0.041309 0.0125
4 0.125009 -0.189165 0.0649245 0.0125
21 0.111924 -0.174273 0.0582592 0.0125
1 0.0653006 -0.11819 0.0276734 0.0125
11 -0.15535 -0.187011 0.0775479 0.0125
10 -0.173844 -0.180572 0.0816078 0.0125
6 -0.158699 -0.0372295 0.135033 0.0125
9 -0.191954 -0.172095 0.081162 0.0125
2 -0.211349 -0.167569 0.0829922 0.0125
19 0.0290565 -0.1252 0.0126103 0.0125
8 -0.192647 -0.114298 0.102968 0.0125
12 -0.136751 -0.194279 0.0764249 0.0125
5 -0.119209 -0.202242 0.0710509 0.0125
13 -0.175702 -0.161545 0.0604244 0.0125
14 -0.131281 -0.162933 0.0406167 0.0125
15 -0.0782745 -0.151193 0.021527 0.0125
16 -0.0558865 -0.143628 0.0175193 0.0125
17 -0.0104909 -0.135095 0.0135524 0.0125
18 0.00971724 -0.130738 0.0124973 0.0125
20 0.0478696 -0.121753 0.0184971 0.0125
e_2_8 2 8 1 0.0125 -0.201998 -0.140934 0.0929792 0.40843 -0.106864 0.56728 0.707078 0.059888
e_8_6 8 6 2 0.0125 -0.175673 -0.075764 0.119 0.447446 -0.0901956 0.560311 0.691164 0.090112
e_2_9 2 9 1 0.0125 -0.201651 -0.169831 0.0820777 0.581029 0.50928 0.535148 0.34155 0.02
e_9_10 9 10 2 0.0125 -0.182899 -0.176333 0.0813854 0.661503 0.514498 0.473452 0.2712 0.02
e_10_11 10 11 3 0.0125 -0.164597 -0.183791 0.0795774 0.556761 0.57009 0.525826 0.297525 0.02
e_11_12 11 12 4 0.0125 -0.14605 -0.190644 0.0769863 0.621518 0.527637 0.499674 0.292644 0.02
e_12_5 12 5 5 0.0125 -0.127981 -0.19826 0.0737377 0.545608 0.609736 0.512423 0.260685 0.02
e_2_13 2 13 1 0.0125 -0.193525 -0.164557 0.0717089 0.288861 0.605877 0.630618 0.389606 0.042617
e_13_14 13 14 2 0.0125 -0.153492 -0.162239 0.0505212 0.401052 0.586321 0.599812 0.368254 0.048657
e_14_15 14 15 3 0.0125 -0.104778 -0.157063 0.0310724 0.362376 0.510097 0.636911 0.450365 0.05755
e_15_16 15 16 4 0.0125 -0.0670807 -0.147411 0.0195232 0.400095 0.416216 0.6406 0.50628 0.023969
e_16_17 16 17 5 0.0125 -0.0331883 -0.139362 0.0155351 0.480396 0.412843 0.610206 0.475846 0.046361
e_17_18 17 18 6 0.0125 -0.000386434 -0.132916 0.0130246 0.487718 0.39225 0.609593 0.486485 0.020699
e_18_19 18 19 7 0.0125 0.0193871 -0.127969 0.0125542 0.493021 0.352264 0.610821 0.509645 0.020117
e_19_20 19 20 8 0.0125 0.0384636 -0.123477 0.0155534 0.647824 0.260175 0.534078 0.476858 0.020011
e_20_1 20 1 9 0.0125 0.0565857 -0.119972 0.0230849 0.717976 0.188389 0.485101 0.462275 0.020018
e_1_21 1 21 1 0.0125 0.0886125 -0.146232 0.0429662 0.826203 0.466596 0.298188 0.103734 0.079086
e_21_4 21 4 2 0.0125 0.118466 -0.181719 0.0615913 0.803827 0.488582 0.319253 0.115011 0.020914
e_1_22 1 22 1 0.0125 0.0693387 -0.0915369 0.0344905 0.255263 -0.109428 0.604501 0.746622 0.055613
e_22_23 22 23 2 0.0125 0.0750234 -0.054209 0.0445056 0.307846 -0.14301 0.581062 0.739693 0.022528
e_23_3 23 3 3 0.0125 0.0779759 -0.0329116 0.04992 0.18795 -0.0771323 0.626613 0.752384 0.021859
3 24 23
3 0.122778 -0.271072 0.015982 0.0125
25 0.117057 -0.244725 0.0317535 0.0125
4 0.0783583 -0.281615 0.0348094 0.0125
24 0.0961133 -0.228457 0.0654887 0.0125
1 0.104773 -0.195978 0.0786733 0.0125
23 0.093842 -0.179134 0.0763337 0.0125
22 0.0841085 -0.161916 0.0720738 0.0125
21 0.0743347 -0.144892 0.0669298 0.0125
12 -0.0226709 0.197095 0.0160724 0.0125
11 -0.0162536 0.17703 0.0193873 0.0125
10 -0.0142341 0.155918 0.0222785 0.0125
9 -0.0177412 0.132556 0.0264117 0.0125
2 -0.0135736 0.0707835 0.0280283 0.0125
19 0.052629 -0.113471 0.0547877 0.0125
8 -0.0191766 0.100287 0.0243408 0.0125
6 -0.0288578 0.216457 0.0123554 0.0125
13 0.00209626 0.0584313 0.0293928 0.0125
14 0.0176097 0.0459616 0.0313576 0.0125
15 0.03297 0.0332567 0.0329813 0.0125
16 0.0474899 0.0200421 0.0367958 0.0125
5 0.0599308 0.00557606 0.0427928 0.0125
17 0.0232105 -0.0637871 0.0450752 0.0125
18 0.0418119 -0.0952352 0.0513223 0.0125
20 0.0645285 -0.12868 0.0602035 0.0125
e_2_8 2 8 1 0.0125 -0.0163751 0.0855352 0.0261841 0.123518 0.000143689 -0.748957 -0.651004 0.030256
e_8_9 8 9 2 0.0125 -0.0184589 0.116421 0.0253763 0.05359 -0.0805434 -0.679358 -0.727402 0.032368
e_9_10 9 10 3 0.0125 -0.0159881 0.144237 0.0243451 -0.34105 0.305036 -0.702228 -0.545448 0.023981
e_10_11 10 11 4 0.0125 -0.015244 0.166473 0.0208333 0.012196 0.0577815 -0.751127 -0.657511 0.021406
e_11_12 11 12 5 0.0125 -0.0194629 0.187062 0.0177303 0.203718 -0.00705279 -0.760054 -0.617063 0.021325
e_12_6 12 6 6 0.0125 -0.0257645 0.206775 0.0142143 0.184484 0.0130731 -0.767953 -0.613223 0.020664
e_2_13 2 13 1 0.0125 -0.00573869 0.0646074 0.0287106 0.225287 0.640194 -0.236737 0.695236 0.02
e_13_14 13 14 2 0.0125 0.0098531 0.0521969 0.0303754 0.239385 0.63121 -0.229032 0.701294 0.02
e_14_15 14 15 3 0.0125 0.02529 0.0396097 0.0321691 0.239019 0.634341 -0.238755 0.695325 0.02
e_15_16 15 16 4 0.0125 0.0402301 0.0266497 0.0348891 0.295597 0.598587 -0.215267 0.712724 0.02
e_16_5 16 5 5 0.0125 0.053711 0.0128095 0.0397939 0.378866 0.551359 -0.214659 0.711608 0.02
e_2_17 2 17 1 0.0125 0.00481878 0.0034976 0.0365516 0.469118 0.536805 -0.388837 0.583587 0.140545
e_17_18 17 18 2 0.0125 0.0325112 -0.079511 0.0481982 0.395378 0.567995 -0.305159 0.654168 0.037067
e_18_19 18 19 3 0.0125 0.0472198 -0.104353 0.0530549 0.392664 0.570122 -0.307084 0.653051 0.021484
e_19_20 19 20 4 0.0125 0.0585786 -0.121076 0.057496 0.384253 0.555571 -0.237321 0.698119 0.020057
e_20_21 20 21 5 0.0125 0.0694322 -0.136785 0.0635668 0.446632 0.519824 -0.250013 0.683957 0.020104
e_21_22 21 22 6 0.0125 0.0792218 -0.153403 0.069502 0.42716 0.541985 -0.281968 0.666544 0.020294
e_22_23 22 23 7 0.0125 0.0889753 -0.170525 0.0742038 0.415499 0.553503 -0.297272 0.657743 0.020232
e_23_1 23 1 8 0.0125 0.0993077 -0.187556 0.0775031 0.364074 0.587941 -0.310575 0.652164 0.020216
e_1_24 1 24 1 0.0125 0.100443 -0.212217 0.072081 0.459716 0.528316 -0.635186 0.325703 0.036107
e_24_4 24 4 2 0.0125 0.0872358 -0.255036 0.050149 0.427748 0.536328 -0.672631 0.277402 0.063893
e_1_25 1 25 1 0.0125 0.110915 -0.220351 0.0552134 0.214296 0.66715 -0.629343 0.336029 0.068765
e_25_3 25 3 2 0.0125 0.119918 -0.257898 0.0238677 0.28985 0.643471 -0.581731 0.404377 0.031235
4 25 24
3 0.0430078 -0.125021 0.112256 0.0125
26 0.0271663 -0.13182 0.102115 0.0125
25 0.0102903 -0.136889 0.0926543 0.0125
24 -0.00396363 -0.13772 0.0786498 0.0125
23 -0.0191316 -0.142132 0.0663824 0.0125
4 0.0474191 -0.199236 0.070034 0.0125
22 0.0289838 -0.185819 0.0638533 0.0125
21 0.0128764 -0.173634 0.0627249 0.0125
20 -0.00803363 -0.164071 0.0609484 0.0125
5 -0.0288327 0.195993 0.0991014 0.0125
10 0.000779921 0.173393 0.0765017 0.0125
6 0.163717 0.0707808 0.043564 0.0125
9 0.0813063 0.110284 0.0431909 0.0125
2 0.029291 0.137154 0.0439726 0.0125
19 -0.0428381 -0.127772 0.0549044 0.0125
8 0.0622594 0.120389 0.0422282 0.0125
11 0.00276343 0.0298459 0.0582214 0.0125
12 -0.00319838 0.00991004 0.0595351 0.0125
13 -0.0161222 -0.0130782 0.0599814 0.0125
14 -0.0239073 -0.0321674 0.0564989 0.0125
15 -0.0314441 -0.0509623 0.0552869 0.0125
16 -0.0400259 -0.068976 0.056741 0.0125
17 -0.0449639 -0.0883398 0.0581435 0.0125
18 -0.0468311 -0.108283 0.0570303 0.0125
1 -0.0354964 -0.146381 0.0556986 0.0125
e_2_8 2 8 1 0.0125 0.0457752 0.128772 0.0431004 0.0598455 -0.614105 0.382664 -0.687649 0.037027
e_8_9 8 9 2 0.0125 0.0717827 0.115337 0.0427094 0.560415 -0.134338 0.677972 -0.456336 0.021583
e_9_6 9 6 3 0.0125 0.122512 0.0905326 0.0433779 0.319827 -0.430134 0.559414 -0.632259 0.091389
e_2_10 2 10 1 0.0125 0.0150357 0.155274 0.0602369 0.874235 -0.306544 -0.343222 -0.154734 0.056429
e_10_5 10 5 2 0.0125 -0.0140263 0.184693 0.087802 0.867532 -0.259568 -0.416265 -0.0820713 0.043571
e_2_11 2 11 1 0.0125 0.0160274 0.0835004 0.0510968 0.547032 0.358416 -0.55463 0.51447 0.111453
e_11_12 11 12 2 0.0125 -0.000217898 0.0198782 0.0588783 0.518585 0.328606 -0.600428 0.51242 0.02085
e_12_13 12 13 3 0.0125 -0.00966018 -0.00158385 0.0597576 0.541315 0.240295 -0.658632 0.464156 0.026376
e_13_14 13 14 4 0.0125 -0.0200153 -0.0226227 0.0582397 0.412985 0.230762 -0.728036 0.496141 0.020908
e_14_15 14 15 5 0.0125 -0.027676 -0.0415644 0.0558922 0.470329 0.266322 -0.677455 0.498917 0.020285
e_15_16 15 16 6 0.0125 -0.0357349 -0.0599689 0.0560132 0.556106 0.276232 -0.622388 0.476524 0.020007
e_16_17 16 17 7 0.0125 -0.0424949 -0.0786579 0.0574422 0.513981 0.344419 -0.588524 0.520421 0.020033
e_17_18 17 18 8 0.0125 -0.0458975 -0.0983121 0.0575866 0.396396 0.361895 -0.629898 0.561365 0.020061
e_18_19 18 19 9 0.0125 -0.0448351 -0.118027 0.055968 0.264929 0.425799 -0.609777 0.613742 0.020007
e_19_1 19 1 10 0.0125 -0.0391669 -0.137076 0.0553017 0.362417 0.543852 -0.429397 0.623296 0.02002
e_1_20 1 20 1 0.0125 -0.0217647 -0.155225 0.0583237 0.760523 0.329029 0.558935 -0.0305917 0.033086
e_20_21 20 21 2 0.0125 0.00242151 -0.168852 0.0618371 0.514388 -0.242539 0.634548 -0.523382 0.023061
e_21_22 21 22 3 0.0125 0.0209296 -0.179726 0.0632898 0.630777 0.631816 0.270049 0.360559 0.020228
e_22_4 22 4 4 0.0125 0.0382013 -0.192527 0.0669432 0.790531 0.403267 0.454496 0.0766098 0.023624
e_1_23 1 23 1 0.0125 -0.027314 -0.144256 0.0610405 0.724003 -0.363103 0.317898 -0.492866 0.02
e_23_24 23 24 2 0.0125 -0.0115476 -0.139926 0.0725161 0.775786 -0.318816 0.302786 -0.452586 0.02
e_24_25 24 25 3 0.0125 0.00316292 -0.137304 0.0856521 0.851335 -0.169218 0.348231 -0.35402 0.02
e_25_26 25 26 4 0.0125 0.018729 -0.134355 0.0973843 0.67785 -0.418131 0.297717 -0.526355 0.02
e_26_3 26 3 5 0.0125 0.0350871 -0.128421 0.107185 0.698835 -0.428272 0.251132 -0.514923 0.02
5 25 24
3 -0.316284 0.268164 0.0116419 0.0125
26 -0.330013 0.270392 0.0260132 0.0125
25 -0.343632 0.272708 0.0404756 0.0125
24 -0.356735 0.275356 0.0553526 0.0125
23 -0.372142 0.273122 0.0679069 0.0125
4 -0.299027 0.241183 0.0476439 0.0125
22 -0.328596 0.252956 0.0577891 0.0125
21 -0.365162 0.266702 0.0736291 0.0125
1 -0.388215 0.272029 0.0797581 0.0125
11 -0.113783 0.136546 0.0917072 0.0125
6 -0.0298693 0.0543999 0.0114861 0.0125
10 -0.0567549 0.0692959 0.0328872 0.0125
9 -0.0795727 0.0810178 0.0475838 0.0125
2 -0.131724 0.127732 0.0910387 0.0125
19 -0.350178 0.260323 0.0807773 0.0125
8 -0.0985232 0.0962037 0.0575184 0.0125
12 -0.0978175 0.147807 0.095981 0.0125
13 -0.0804852 0.156506 0.100871 0.0125
14 -0.063259 0.165422 0.10575 0.0125
5 -0.0439735 0.170717 0.105874 0.0125
15 -0.176367 0.140701 0.0890061 0.0125
16 -0.280611 0.206077 0.0863787 0.0125
17 -0.313692 0.242358 0.081035 0.0125
18 -0.33147 0.253241 0.0793626 0.0125
20 -0.36877 0.267747 0.0816355 0.0125
e_2_8 2 8 1 0.0125 -0.115124 0.111967 0.0742785 -0.0317408 0.60201 -0.657986 0.451256 0.056744
e_8_9 8 9 2 0.0125 -0.0890484 0.0886109 0.0525512 0.0406044 0.683993 -0.470596 0.555917 0.026238
e_9_10 9 10 3 0.0125 -0.0681636 0.0751575 0.0402356 -0.24727 0.474569 -0.723428 0.436226 0.029564
e_10_6 10 6 4 0.0125 -0.0433121 0.0618479 0.0221867 -0.225267 0.468294 -0.752598 0.404416 0.037454
e_2_11 2 11 1 0.0125 -0.122754 0.132139 0.091373 -0.0782353 -0.586889 -0.372622 -0.714558 0.02
e_11_12 11 12 2 0.0125 -0.1058 0.142176 0.0938448 0.0997434 -0.554435 -0.292822 -0.772599 0.02
e_12_13 12 13 3 0.0125 -0.0891514 0.152156 0.0984268 0.115094 -0.583658 -0.192581 -0.78039 0.02
e_13_14 13 14 4 0.0125 -0.0718726 0.160964 0.103312 0.114747 -0.581355 -0.20017 -0.780251 0.02
e_14_5 14 5 5 0.0125 -0.0536164 0.168069 0.105812 -0.147022 -0.626296 -0.323495 -0.693894 0.02
e_2_15 2 15 1 0.0125 -0.154046 0.134217 0.0900228 0.573626 0.220215 -0.688 -0.386155 0.046533
e_15_16 15 16 2 0.0125 -0.228489 0.173389 0.0876928 0.521813 0.119971 -0.704472 -0.465873 0.123076
e_16_17 16 17 3 0.0125 -0.297152 0.224217 0.0837068 0.428479 0.0317236 -0.743705 -0.512154 0.049389
e_17_18 17 18 4 0.0125 -0.322582 0.247799 0.0801984 0.506627 0.130128 -0.72322 -0.450942 0.020912
e_18_19 18 19 5 0.0125 -0.340825 0.256782 0.08007 0.591259 0.180461 -0.657386 -0.430919 0.020053
e_19_20 19 20 6 0.0125 -0.359474 0.264035 0.0812068 0.579656 0.177114 -0.668744 -0.430594 0.020037
e_20_1 20 1 7 0.0125 -0.378492 0.269888 0.0806975 0.570738 0.248075 -0.6967 -0.356828 0.02
e_1_21 1 21 1 0.0125 -0.376689 0.269365 0.0766939 -0.59224 0.0222389 -0.790498 0.154496 0.024442
e_21_22 21 22 2 0.0125 -0.346879 0.259829 0.0657088 -0.375721 0.378262 -0.738113 0.413449 0.042154
e_22_4 22 4 3 0.0125 -0.313811 0.247069 0.0527161 -0.332408 0.451497 -0.669328 0.4875 0.033404
e_1_23 1 23 1 0.0125 -0.380179 0.272575 0.0738324 -0.447987 -0.0484037 -0.891032 -0.0550068 0.02
e_23_24 23 24 2 0.0125 -0.364439 0.274238 0.0616294 -0.421645 -0.0625218 -0.899978 -0.0913538 0.02
e_24_25 24 25 3 0.0125 -0.350184 0.274032 0.0479135 -0.323333 0.225356 -0.906156 0.153464 0.02
e_25_26 25 26 4 0.0125 -0.336823 0.27155 0.0332445 -0.34481 0.199512 -0.906514 0.139764 0.02
e_26_3 26 3 5 0.0125 -0.323148 0.269278 0.0188279 -0.349675 0.192923 -0.906674 0.135828 0.02
6 23 22
3 -0.193085 -0.121747 0.0421026 0.0125
24 -0.175368 -0.1325 0.0871329 0.0125
4 -0.0817767 -0.0835221 0.0913645 0.0125
23 -0.12099 -0.12443 0.105838 0.0125
1 -0.148858 -0.14589 0.127889 0.0125
22 -0.14962 -0.134429 0.111066 0.0125
21 -0.148373 -0.124719 0.0931663 0.0125
6 -0.338386 0.0758476 0.012231 0.0125
11 -0.308415 0.0757062 0.0125407 0.0125
10 -0.286464 0.0827827 0.012504 0.0125
9 -0.247754 0.095148 0.0124606 0.0125
2 -0.193457 0.109684 0.014006 0.0125
19 -0.149627 -0.0926626 0.068001 0.0125
8 -0.225856 0.102594 0.0125641 0.0125
12 -0.170715 0.116442 0.0170606 0.0125
13 -0.117497 0.132311 0.0241731 0.0125
5 -0.09957 0.137765 0.0314221 0.0125
14 -0.177019 0.045721 0.0221077 0.0125
15 -0.169654 0.0185872 0.0257108 0.0125
16 -0.155119 -0.0357995 0.035955 0.0125
17 -0.152742 -0.0585879 0.0445426 0.0125
18 -0.150627 -0.0754095 0.055206 0.0125
20 -0.148655 -0.110028 0.0782525 0.0125
e_2_8 2 8 1 0.0125 -0.209657 0.106139 0.0132847 0.53907 -0.321634 -0.646741 0.433222 0.033197
e_8_9 8 9 2 0.0125 -0.236805 0.0988706 0.0125117 0.506345 -0.303515 -0.640406 0.491299 0.02313
e_9_10 9 10 3 0.0125 -0.267109 0.0889656 0.0124819 0.513666 -0.306793 -0.636662 0.486505 0.040637
e_10_11 10 11 4 0.0125 -0.29744 0.0792438 0.0125224 0.512802 -0.306343 -0.63667 0.487688 0.023064
e_11_6 11 6 5 0.0125 -0.323401 0.0757766 0.0123862 0.610862 -0.355358 -0.615546 0.348814 0.029972
e_2_12 2 12 1 0.0125 -0.182085 0.113063 0.0155337 -0.738676 0.298801 -0.588955 0.134937 0.023921
e_12_13 12 13 2 0.0125 -0.144106 0.124376 0.0206169 -0.738632 0.298719 -0.58928 0.133934 0.055987
e_13_5 13 5 3 0.0125 -0.108533 0.135038 0.0277972 -0.7774 0.335921 -0.454711 0.275761 0.020092
e_2_14 2 14 1 0.0125 -0.185238 0.0777027 0.0180575 -0.159563 0.0244115 -0.662209 0.731726 0.066537
e_14_15 14 15 2 0.0125 -0.173337 0.0321542 0.02391 -0.165991 0.0277846 -0.660055 0.732122 0.028345
e_15_16 15 16 3 0.0125 -0.162387 -0.00860608 0.0308329 -0.163948 0.0294391 -0.640014 0.750091 0.05722
e_16_17 16 17 4 0.0125 -0.15393 -0.047194 0.0402492 -0.0848069 0.000332113 -0.56967 0.817486 0.024469
e_17_18 17 18 5 0.0125 -0.151684 -0.0669994 0.0498744 -0.0871357 0.0122567 -0.483359 0.870989 0.020028
e_18_19 18 19 6 0.0125 -0.150127 -0.0840354 0.0616034 -0.0525265 -0.000419178 -0.449983 0.891491 0.021503
e_19_20 19 20 7 0.0125 -0.149141 -0.101345 0.0731268 -0.0561009 -0.00435261 -0.496091 0.866445 0.020189
e_20_21 20 21 8 0.0125 -0.148514 -0.117374 0.0857094 -0.0275468 -0.00400097 -0.379225 0.924886 0.020936
e_21_22 21 22 9 0.0125 -0.148997 -0.129574 0.102116 0.0401164 -0.021372 -0.246699 0.968026 0.020403
e_22_1 22 1 10 0.0125 -0.14924 -0.140159 0.119478 -0.0339959 0.00909785 -0.294943 0.954866 0.02037
e_1_23 1 23 1 0.0125 -0.134925 -0.13516 0.116864 -0.415108 0.100855 -0.869142 -0.249211 0.041513
e_23_4 23 4 2 0.0125 -0.101383 -0.103976 0.0986013 -0.500908 0.15012 -0.77537 -0.354056 0.058487
e_1_24 1 24 1 0.0125 -0.162113 -0.139195 0.107512 0.303364 -0.249254 -0.917586 -0.0622731 0.050428
e_24_3 24 3 2 0.0125 -0.184227 -0.127124 0.0646177 0.202126 -0.204295 -0.95523 -0.070312 0.049572
7 22 21
3 -0.0148485 -0.123425 0.0355223 0.0125
23 -0.00156421 -0.135348 0.0464502 0.0125
22 0.0119714 -0.146049 0.0576503 0.0125
4 0.0759144 -0.109129 0.173668 0.0125
21 0.0661658 -0.126417 0.149283 0.0125
20 0.0584236 -0.14623 0.107032 0.0125
11 0.309212 -0.363274 0.255235 0.0125
6 0.361438 -0.422631 0.20553 0.0125
10 0.342735 -0.406201 0.212834 0.0125
9 0.325161 -0.389865 0.217687 0.0125
2 0.255891 -0.321018 0.236124 0.0125
19 0.0733805 -0.168619 0.100804 0.0125
8 0.270649 -0.339089 0.232685 0.0125
5 0.332008 -0.3767 0.267903 0.0125
12 0.210785 -0.268027 0.18764 0.0125
13 0.185733 -0.230233 0.16843 0.0125
14 0.164903 -0.215201 0.159671 0.0125
15 0.149496 -0.204542 0.149359 0.0125
16 0.125455 -0.192351 0.134394 0.0125
17 0.105817 -0.182324 0.122109 0.0125
18 0.0895613 -0.175675 0.110641 0.0125
1 0.0578573 -0.160231 0.0910498 0.0125
e_2_8 2 8 1 0.0125 0.263271 -0.330054 0.234405 0.290766 -0.167977 0.738036 -0.58527 0.023584
e_8_9 8 9 2 0.0125 0.297905 -0.364476 0.225187 0.298909 -0.250341 0.732126 -0.558546 0.075991
e_9_10 9 10 3 0.0125 0.333947 -0.398033 0.215261 0.298845 -0.251062 0.732196 -0.558166 0.02448
e_10_6 10 6 4 0.0125 0.352087 -0.414416 0.209181 0.282617 -0.28124 0.74943 -0.52857 0.025945
e_2_11 2 11 1 0.0125 0.282551 -0.342146 0.24568 0.415343 -0.208514 0.566841 -0.680223 0.070668
e_11_5 11 5 2 0.0125 0.32061 -0.369986 0.261568 0.465159 -0.234914 0.478408 -0.706802 0.029332
e_2_12 2 12 1 0.0125 0.233338 -0.294523 0.211882 0.440099 -0.464254 -0.755181 -0.143118 0.084813
e_12_13 12 13 2 0.0125 0.19826 -0.24913 0.178035 0.492777 -0.41219 -0.724669 -0.249249 0.049244
e_13_14 13 14 3 0.0125 0.175318 -0.222717 0.164051 0.454655 0.0397645 -0.812275 -0.363204 0.027142
e_14_15 14 15 4 0.0125 0.157199 -0.209871 0.154514 0.425233 -0.0205587 -0.860629 -0.279415 0.021384
e_15_16 15 16 5 0.0125 0.137476 -0.198446 0.141876 0.385052 0.204532 -0.837176 -0.33021 0.030831
e_16_17 16 17 6 0.0125 0.115635 -0.187337 0.128252 0.385872 0.198909 -0.838906 -0.32829 0.025241
e_17_18 17 18 7 0.0125 0.0976887 -0.179 0.116376 0.34175 0.327661 -0.816102 -0.331394 0.020976
e_18_19 18 19 8 0.0125 0.0814713 -0.172147 0.105722 0.362544 0.305312 -0.806341 -0.353781 0.020209
e_19_1 19 1 9 0.0125 0.0656193 -0.164425 0.0959267 0.394278 0.160091 -0.846322 -0.320398 0.020161
e_1_20 1 20 1 0.0125 0.0581403 -0.153231 0.0990407 0.637282 -0.250044 -0.248025 -0.685444 0.021254
e_20_21 20 21 2 0.0125 0.0622946 -0.136324 0.128157 0.628925 -0.203312 -0.109862 -0.742326 0.047304
e_21_4 21 4 3 0.0125 0.0710406 -0.117773 0.161475 0.632353 -0.317818 -0.10589 -0.698505 0.031442
e_1_22 1 22 1 0.0125 0.0349137 -0.15314 0.0743499 0.289044 0.498314 -0.732908 -0.361914 0.058499
e_22_23 22 23 2 0.0125 0.00520351 -0.140699 0.0520509 0.427293 -0.180815 -0.859957 -0.212606 0.02057
e_23_3 23 3 3 0.0125 -0.00820674 -0.129386 0.0409865 0.440827 -0.245045 -0.837273 -0.211184 0.02093
8 27 26
3 0.175715 0.0393317 0.0150458 0.0125
28 0.205365 -0.0238366 0.018858 0.0125
4 0.309683 -0.0282744 0.0180665 0.0125
27 0.290782 -0.0326874 0.013239 0.0125
26 0.270988 -0.0354422 0.0124828 0.0125
25 0.25193 -0.0414048 0.0136044 0.0125
24 0.234023 -0.0492362 0.0178531 0.0125
1 0.214921 -0.052088 0.0230418 0.0125
23 0.200694 -0.0381094 0.0206602 0.0125
22 0.185157 -0.0258849 0.0247708 0.0125
21 0.171322 -0.0111881 0.0282813 0.0125
12 0.049027 0.0295563 0.085493 0.0125
11 0.0383646 0.0460544 0.0892563 0.0125
10 0.03095 0.066871 0.0912184 0.0125
9 0.0224026 0.0963965 0.0922205 0.0125
2 0.00905337 0.151387 0.0889767 0.0125
19 0.137979 0.0191367 0.0365099 0.0125
8 0.015039 0.121068 0.0931601 0.0125
6 0.0546414 0.010791 0.0809371 0.0125
13 0.0286611 0.153171 0.0854622 0.0125
14 0.0483281 0.156172 0.0834158 0.0125
15 0.0659091 0.164889 0.0795499 0.0125
16 0.083414 0.173385 0.0749229 0.0125
5 0.0991415 0.182487 0.0665681 0.0125
17 0.0920037 0.065718 0.0475986 0.0125
18 0.111834 0.0487994 0.0385106 0.0125
20 0.153422 0.00512138 0.0327421 0.0125
e_2_8 2 8 1 0.0125 0.0120462 0.136228 0.0910684 0.546896 0.381193 0.536305 -0.517662 0.031185
e_8_9 8 9 2 0.0125 0.0187203 0.108732 0.0926898 0.49421 0.346615 0.630941 -0.487368 0.025765
e_9_10 9 10 3 0.0125 0.0266763 0.0816337 0.0917194 0.493991 0.349564 0.627774 -0.489569 0.030754
e_10_11 10 11 4 0.0125 0.0346574 0.0564632 0.0902372 0.484142 0.325859 0.661847 -0.470511 0.022185
e_11_12 11 12 5 0.0125 0.0436964 0.0378058 0.0873745 0.493921 0.237582 0.733236 -0.402445 0.020001
e_12_6 12 6 6 0.0125 0.0518337 0.0201731 0.0832147 0.412671 0.329959 0.710204 -0.465231 0.02011
e_2_13 2 13 1 0.0125 0.0188572 0.152279 0.0872196 0.637223 -0.161732 0.74947 -0.0780053 0.02
e_13_14 13 14 2 0.0125 0.0384945 0.154671 0.0844396 0.666951 -0.180973 0.720001 -0.0634372 0.02
e_14_15 14 15 3 0.0125 0.0571186 0.16053 0.0814829 0.633531 -0.293662 0.71443 0.044615 0.02
e_15_16 15 16 4 0.0125 0.0746615 0.169136 0.0772366 0.618366 -0.291503 0.728493 0.0441279 0.02
e_16_5 16 5 5 0.0125 0.0912777 0.177935 0.0707461 0.534181 -0.314841 0.780863 0.0760153 0.02
e_2_17 2 17 1 0.0125 0.0505285 0.108552 0.0682878 0.474919 0.154474 0.800028 -0.332482 0.126222
e_17_18 17 18 2 0.0125 0.101918 0.0572584 0.0430553 0.491362 0.120698 0.806252 -0.306518 0.027605
e_18_19 18 19 3 0.0125 0.124906 0.0339685 0.0375101 0.577165 0.193692 0.698392 -0.376314 0.039591
e_19_20 19 20 4 0.0125 0.145701 0.0121295 0.0346259 0.547643 0.144977 0.753583 -0.33344 0.021193
e_20_21 20 21 5 0.0125 0.162373 -0.0030334 0.0305118 0.545989 0.14546 0.754595 -0.333652 0.024623
e_21_22 21 22 6 0.0125 0.17824 -0.0185362 0.0265255 0.536261 0.174074 0.745232 -0.356022 0.020487
e_22_23 22 23 7 0.0125 0.192926 -0.0319972 0.0227155 0.549243 0.117336 0.766821 -0.310725 0.020193
e_23_1 23 1 8 0.0125 0.207807 -0.0450985 0.0218514 0.651798 0.173355 0.640833 -0.366661 0.020086
e_1_24 1 24 1 0.0125 0.224472 -0.0506621 0.0204475 0.606173 -0.185345 0.771603 -0.0532054 0.02
e_24_25 24 25 2 0.0125 0.242977 -0.0453205 0.0157288 0.626815 -0.277497 0.72746 0.0300185 0.02
e_25_26 25 26 3 0.0125 0.261459 -0.0384235 0.0130436 0.686779 -0.233728 0.688061 -0.0166448 0.02
e_26_27 26 27 4 0.0125 0.280885 -0.0340643 0.0128607 0.716117 -0.169523 0.672563 -0.0780822 0.02
e_27_4 27 4 5 0.0125 0.300233 -0.0304809 0.0156528 0.785171 -0.188831 0.586226 -0.0647194 0.02
e_1_28 1 28 1 0.0125 0.210142 -0.0379626 0.0209505 0.462208 -0.675164 0.337068 0.465728 0.030115
e_28_3 28 3 2 0.0125 0.19054 0.00774706 0.0169521 0.491453 -0.685624 0.239157 0.48083 0.069885
9 21 20
3 -0.366418 0.0918344 0.0240379 0.0125
22 -0.346983 0.0982434 0.0228742 0.0125
21 -0.291444 0.104319 0.0301321 0.0125
4 -0.361205 0.132435 0.0558056 0.0125
20 -0.33473 0.128426 0.044053 0.0125
11 -0.0198437 -0.0114136 0.0923007 0.0125
6 -0.121519 -0.0600171 0.0304548 0.0125
10 -0.10576 -0.0576012 0.0426551 0.0125
9 -0.0871628 -0.0562698 0.0538557 0.0125
2 -0.000569429 -0.00759744 0.0960363 0.0125
19 -0.292169 0.113915 0.0367928 0.0125
8 -0.067969 -0.0486864 0.0614141 0.0125
12 -0.0392891 -0.0131397 0.0879556 0.0125
13 -0.057041 -0.0213443 0.0837644 0.0125
14 -0.0732153 -0.0328211 0.0811799 0.0125
5 -0.0922435 -0.0389515 0.0817634 0.0125
15 -0.0205313 -0.00183749 0.0899451 0.0125
16 -0.169157 0.049636 0.0521977 0.0125
17 -0.190594 0.0557588 0.0495157 0.0125
18 -0.21249 0.0712617 0.0447399 0.0125
1 -0.26854 0.1059 0.0332031 0.0125
e_2_8 2 8 1 0.0125 -0.0342688 -0.0281418 0.0787247 0.534236 0.272357 -0.791617 0.117286 0.086196
e_8_9 8 9 2 0.0125 -0.0775659 -0.0524781 0.0576349 0.569455 0.217785 -0.790269 0.061368 0.021979
e_9_10 9 10 3 0.0125 -0.0964611 -0.0569358 0.0482548 0.491292 0.122107 -0.861718 -0.0341047 0.02175
e_10_6 10 6 4 0.0125 -0.11364 -0.0588092 0.0365554 0.442829 0.149052 -0.884105 -0.00660813 0.020076
e_2_11 2 11 1 0.0125 -0.0102066 -0.00950564 0.094169 0.637653 0.153063 -0.754958 -0.00290054 0.02
e_11_12 11 12 2 0.0125 -0.0295664 -0.0122773 0.0901285 0.624391 0.117091 -0.771309 -0.0388335 0.02
e_12_13 12 13 3 0.0125 -0.048165 -0.0172421 0.0858605 0.623651 0.234595 -0.741441 0.0793144 0.02
e_13_14 13 14 4 0.0125 -0.0651281 -0.0270833 0.0824726 0.644536 0.29357 -0.691694 0.141243 0.02
e_14_5 14 5 5 0.0125 -0.0827289 -0.0358861 0.0814711 0.716658 0.184389 -0.671874 0.0314212 0.02
e_2_15 2 15 1 0.0125 -0.0105503 -0.00471757 0.0929912 0.577607 -0.00815897 -0.800375 -0.160321 0.02165
e_15_16 15 16 2 0.0125 -0.0948439 0.0238991 0.0710719 0.592255 -0.029597 -0.784734 -0.180419 0.161753
e_16_17 16 17 3 0.0125 -0.179875 0.0526974 0.0508567 0.641984 -0.0169784 -0.747958 -0.16771 0.022455
e_17_18 17 18 4 0.0125 -0.201542 0.0635104 0.0471273 0.580207 -0.132079 -0.755094 -0.275225 0.027251
e_18_1 18 1 5 0.0125 -0.240515 0.0885803 0.0389714 0.590304 -0.110615 -0.757628 -0.255549 0.066891
e_1_19 1 19 1 0.0125 -0.280354 0.109907 0.0349983 0.731065 -0.046236 -0.653201 -0.191665 0.025209
e_19_20 19 20 2 0.0125 -0.31345 0.121171 0.040423 0.736669 -0.0473564 -0.646578 -0.192386 0.045549
e_20_4 20 4 3 0.0125 -0.347967 0.130431 0.0499294 0.826273 0.00639121 -0.546806 -0.135034 0.029242
e_1_21 1 21 1 0.0125 -0.279991 0.105109 0.0316675 0.656791 0.106724 -0.744917 -0.0483149 0.023163
e_21_22 21 22 2 0.0125 -0.319214 0.101282 0.0265033 0.659088 0.120662 -0.74152 -0.0345248 0.056341
e_22_3 22 3 3 0.0125 -0.356701 0.0950384 0.023456 0.726149 0.185341 -0.661267 0.0328922 0.020496
10 20 19
3 -0.0158001 0.100651 0.177804 0.0125
21 -0.021548 0.0778444 0.171833 0.0125
4 -0.0515909 -0.0382452 0.259436 0.0125
20 -0.0431915 -0.0257583 0.230303 0.0125
11 0.234135 0.020605 0.0851841 0.0125
6 0.122245 0.000890486 0.0407481 0.0125
10 0.139749 -0.00208682 0.0582364 0.0125
9 0.15799 0.00161475 0.0720404 0.0125
2 0.248669 0.0167675 0.115009 0.0125
19 -0.0432875 -0.0148463 0.21221 0.0125
8 0.18306 0.00989722 0.0830959 0.0125
12 0.215853 0.0254803 0.0474664 0.0125
5 0.200619 0.0313829 0.0293377 0.0125
13 0.0795476 0.00740336 0.125347 0.0125
14 0.0349248 0.0072434 0.134438 0.0125
15 0.0143105 0.00755731 0.140997 0.0125
16 -0.0068517 0.00487149 0.148081 0.0125
17 -0.0237886 0.00380303 0.159093 0.0125
1 -0.0404391 0.00451071 0.170896 0.0125
18 -0.0437257 -0.00380741 0.194095 0.0125
e_2_8 2 8 1 0.0125 0.215865 0.0133328 0.0990526 0.47534 0.455286 -0.714462 -0.237299 0.073281
e_8_9 8 9 2 0.0125 0.170526 0.00575633 0.0775682 0.467034 0.645323 -0.526008 -0.297914 0.028624
e_9_10 9 10 3 0.0125 0.14887 -0.000236052 0.0651377 0.319881 0.74155 -0.497936 -0.315973 0.023174
e_10_6 10 6 4 0.0125 0.130997 -0.000598672 0.0494915 0.37023 0.110349 -0.915799 -0.10984 0.024922
e_2_11 2 11 1 0.0125 0.241402 0.0186862 0.100097 -0.222587 -0.0169758 0.972731 0.0629407 0.033398
e_11_12 11 12 2 0.0125 0.224994 0.0230421 0.0663259 -0.221325 -0.0202392 0.972888 0.0639814 0.042197
e_12_5 12 5 3 0.0125 0.208236 0.0284312 0.0384024 0.199437 -0.910967 -0.203854 0.298006 0.024405
e_2_13 2 13 1 0.0125 0.164108 0.0120849 0.120177 0.709188 0.192704 -0.657575 -0.165868 0.169696
e_13_14 13 14 2 0.0125 0.0572356 0.00732402 0.129892 0.760988 0.119795 -0.621148 -0.143949 0.045539
e_14_15 14 15 3 0.0125 0.0246177 0.00740036 0.137717 0.7957 0.0904209 -0.583311 -0.135768 0.021635
e_15_16 15 16 4 0.0125 0.00372962 0.00621385 0.144539 0.792525 0.194963 -0.551722 -0.171747 0.022477
e_16_17 16 17 5 0.0125 -0.0153199 0.00433671 0.153587 0.866579 0.108543 -0.464829 -0.14558 0.020231
e_17_1 17 1 6 0.0125 -0.0321139 0.00415689 0.164995 0.87958 0.044681 -0.457176 -0.123829 0.020422
e_1_18 1 18 1 0.0125 -0.0420829 0.000351244 0.182496 0.968875 0.179079 -0.0373924 -0.166772 0.024863
e_18_19 18 19 2 0.0125 -0.0435068 -0.0093263 0.203152 0.943689 0.262747 0.0640113 -0.19057 0.021217
e_19_20 19 20 3 0.0125 -0.0432396 -0.0203028 0.221256 0.944335 0.262254 0.0553671 -0.19076 0.02113
e_20_4 20 4 4 0.0125 -0.0473908 -0.0320014 0.24487 0.954752 0.21704 -0.0930307 -0.180796 0.03279
e_1_21 1 21 1 0.0125 -0.0309935 0.0411775 0.171365 0.692882 -0.622914 0.325255 0.161562 0.075734
e_21_3 21 3 2 0.0125 -0.018674 0.0892478 0.174819 0.778815 -0.563032 0.244875 0.128368 0.024266
11 24 23
3 -0.0239605 0.0926435 0.22635 0.0125
25 -0.00732804 0.0828744 0.221066 0.0125
24 0.00540147 0.0698461 0.212807 0.0125
23 0.0197854 0.0575872 0.206263 0.0125
22 0.0340609 0.0452304 0.199664 0.0125
4 0.0585869 0.0621819 0.0928498 0.0125
21 0.050648 0.0453777 0.148501 0.0125
1 0.0451917 0.0336476 0.187751 0.0125
11 0.252485 0.195111 0.188033 0.0125
10 0.246393 0.205949 0.170402 0.0125
6 0.143877 0.134883 0.169393 0.0125
9 0.243789 0.212172 0.151329 0.0125
2 0.248944 0.229069 0.118795 0.0125
19 0.067359 0.064709 0.175832 0.0125
8 0.223454 0.207821 0.128588 0.0125
5 0.254782 0.18177 0.204316 0.0125
12 0.171953 0.193754 0.143888 0.0125
13 0.149666 0.171809 0.152402 0.0125
14 0.134417 0.156847 0.159203 0.0125
15 0.116739 0.126204 0.163384 0.0125
16 0.10725 0.108606 0.162362 0.0125
17 0.0957916 0.0921701 0.167583 0.0125
18 0.0821175 0.0776607 0.171852 0.0125
20 0.0564391 0.0486488 0.180721 0.0125
e_2_8 2 8 1 0.0125 0.236199 0.218445 0.123691 0.00273498 0.461212 0.381808 -0.800936 0.034599
e_8_6 8 6 2 0.0125 0.183666 0.171352 0.14899 0.210402 0.503402 0.264174 -0.795317 0.115401
e_2_9 2 9 1 0.0125 0.246366 0.22062 0.135063 0.855363 0.241573 0.0473364 -0.455803 0.037021
e_9_10 9 10 2 0.0125 0.245091 0.209061 0.160866 0.907498 0.118208 0.121 -0.38449 0.020231
e_10_11 10 11 3 0.0125 0.249439 0.20053 0.179217 0.807954 0.14477 0.265378 -0.505794 0.021574
e_11_5 11 5 4 0.0125 0.253634 0.18844 0.196175 0.74288 0.229215 0.250968 -0.57672 0.021175
e_2_12 2 12 1 0.0125 0.210448 0.211412 0.131342 0.687304 0.493513 -0.338266 -0.411867 0.088342
e_12_13 12 13 2 0.0125 0.16081 0.182782 0.148144 -0.021936 0.42072 0.437809 -0.794252 0.032416
e_13_14 13 14 3 0.0125 0.142041 0.164328 0.155802 0.0772943 0.458915 0.371104 -0.803557 0.02242
e_14_15 14 15 4 0.0125 0.125578 0.141525 0.161294 -0.0817204 0.267059 0.608272 -0.742971 0.035622
e_15_16 15 16 5 0.0125 0.111995 0.117405 0.162873 -0.204559 0.139057 0.711458 -0.657758 0.02002
e_16_17 16 17 6 0.0125 0.101521 0.100388 0.164973 0.0425668 0.376191 0.482095 -0.790097 0.020705
e_17_18 17 18 7 0.0125 0.0889545 0.0849158 0.169718 -0.114254 0.359319 0.515948 -0.769177 0.02039
e_18_19 18 19 8 0.0125 0.0747379 0.0711855 0.173842 -0.216438 0.340061 0.5339 -0.743279 0.020035
e_19_20 19 20 9 0.0125 0.0618984 0.056679 0.178276 0.0357941 0.36839 0.492163 -0.787898 0.020027
e_20_1 20 1 10 0.0125 0.0508153 0.0411486 0.184236 0.198871 0.441801 0.35953 -0.797496 0.020024
e_1_21 1 21 1 0.0125 0.0479203 0.0395128 0.168126 0.141929 -0.616052 0.77159 0.0706058 0.041328
e_21_4 21 4 2 0.0125 0.0546173 0.0537797 0.120675 0.144109 -0.616082 0.771165 0.0705736 0.058672
e_1_22 1 22 1 0.0125 0.0396265 0.0394395 0.193707 0.78298 -0.434116 -0.117083 0.429857 0.02
e_22_23 22 23 2 0.0125 0.0269225 0.0514089 0.202964 0.582461 -0.576857 -0.0474708 0.57072 0.02
e_23_24 23 24 3 0.0125 0.0125937 0.0637164 0.209536 0.578479 -0.577981 -0.0486022 0.573531 0.02
e_24_25 24 25 4 0.0125 -0.000963515 0.0763605 0.216936 0.659002 -0.53884 -0.056326 0.521722 0.02
e_25_3 25 3 5 0.0125 -0.0156447 0.0877588 0.223708 0.478972 -0.602499 -0.0698948 0.634583 0.02
12 20 19
3 0.351133 -0.169303 0.182988 0.0125
21 0.378693 -0.180561 0.203892 0.0125
20 0.402495 -0.187869 0.221053 0.0125
4 0.348081 -0.145876 0.281634 0.0125
10 0.321904 -0.119729 0.168165 0.0125
5 0.243683 -0.0843898 0.210182 0.0125
6 0.0752621 -0.0300717 0.0381595 0.0125
9 0.217159 -0.0757315 0.176708 0.0125
2 0.183574 -0.0694743 0.131804 0.0125
19 0.37274 -0.159816 0.270563 0.0125
8 0.123815 -0.04767 0.0937328 0.0125
11 0.342083 -0.127735 0.173867 0.0125
12 0.358164 -0.138739 0.182435 0.0125
13 0.376444 -0.148493 0.195456 0.0125
14 0.389846 -0.156623 0.208078 0.0125
15 0.403044 -0.168717 0.21709 0.0125
16 0.415548 -0.179311 0.228603 0.0125
1 0.429258 -0.186972 0.240987 0.0125
18 0.389494 -0.168272 0.263038 0.0125
17 0.409859 -0.1778 0.249259 0.0125
e_2_8 2 8 1 0.0125 0.153694 -0.0585727 0.112768 0.261059 -0.851181 -0.179598 0.418429 0.074135
e_8_6 8 6 2 0.0125 0.0995382 -0.0388704 0.0659466 -0.223024 -0.500044 0.784998 0.289818 0.075865
e_2_9 2 9 1 0.0125 0.200366 -0.0726029 0.154256 0.947521 0.0623312 0.313345 0.0115349 0.056422
e_9_5 9 5 2 0.0125 0.230422 -0.0800606 0.193445 0.940214 0.102864 0.324577 -0.00810187 0.043578
e_2_10 2 10 1 0.0125 0.252739 -0.0946014 0.149985 0.786519 0.183633 0.588519 -0.0362206 0.151601
e_10_11 10 11 2 0.0125 0.331993 -0.123732 0.171016 0.79073 0.194663 0.578856 -0.0421725 0.022445
e_11_12 11 12 3 0.0125 0.350124 -0.133236 0.178151 0.833462 0.263433 0.478897 -0.0812489 0.021286
e_12_13 12 13 4 0.0125 0.367304 -0.143615 0.188946 0.873684 0.201929 0.439534 -0.0520633 0.024471
e_13_14 13 14 5 0.0125 0.383146 -0.152558 0.201767 0.900345 0.201215 0.381997 -0.054493 0.020126
e_14_15 14 15 6 0.0125 0.396445 -0.16267 0.212585 0.844952 0.304333 0.427253 -0.104369 0.020042
e_15_16 15 16 7 0.0125 0.409296 -0.174014 0.222847 0.883221 0.262691 0.378922 -0.0856332 0.020027
e_16_1 16 1 8 0.0125 0.422403 -0.183141 0.234795 0.898428 0.191699 0.391991 -0.0492159 0.020002
e_1_17 1 17 1 0.0125 0.419559 -0.182386 0.245123 0.808815 -0.336586 -0.454866 0.160077 0.022998
e_17_18 17 18 2 0.0125 0.399676 -0.173036 0.256148 0.862452 -0.27168 -0.406095 0.132114 0.02637
e_18_19 18 19 3 0.0125 0.381117 -0.164044 0.266801 0.811349 -0.347986 -0.439107 0.166747 0.020219
e_19_4 19 4 4 0.0125 0.360411 -0.152845 0.276098 0.805146 -0.379763 -0.416861 0.183706 0.030413
e_1_20 1 20 1 0.0125 0.415877 -0.18742 0.23102 0.0553359 0.889999 -0.0804196 -0.44539 0.033384
e_20_21 20 21 2 0.0125 0.390594 -0.184215 0.212473 0.14358 -0.885186 -0.0141744 0.4423 0.030239
e_21_3 21 3 3 0.0125 0.364913 -0.174932 0.19344 0.114865 -0.879106 0.120399 0.446635 0.036377
13 18 17
3 0.0763195 0.177314 0.101351 0.0125
19 0.0621047 0.159358 0.118072 0.0125
11 0.340055 0.106797 0.194116 0.0125
6 0.438977 0.0466467 0.258699 0.0125
10 0.421907 0.054315 0.248118 0.0125
9 0.407111 0.0626721 0.237032 0.0125
2 0.318263 0.0994997 0.187571 0.0125
8 0.387574 0.0723814 0.226188 0.0125
5 0.40941 0.130069 0.215098 0.0125
12 0.176987 0.0625962 0.164566 0.0125
13 0.136375 0.0622907 0.154633 0.0125
14 0.104284 0.0718668 0.149605 0.0125
15 0.0737629 0.0823684 0.14441 0.0125
16 0.05173 0.0909362 0.141777 0.0125
1 0.0340848 0.0995258 0.145781 0.0125
18 -0.0297934 0.13535 0.12401 0.0125
17 -0.0115699 0.125287 0.131127 0.0125
4 -0.0505451 0.144169 0.11715 0.0125
e_2_8 2 8 1 0.0125 0.352919 0.0859405 0.206879 0.719643 -0.101475 0.509341 -0.460857 0.083849
e_8_9 8 9 2 0.0125 0.397343 0.0675273 0.23161 0.70092 -0.0735623 0.521551 -0.48092 0.024363
e_9_10 9 10 3 0.0125 0.414509 0.0584939 0.242576 0.720859 -0.0454398 0.474067 -0.503546 0.020289
e_10_6 10 6 4 0.0125 0.430442 0.0504808 0.253409 0.720421 -0.081385 0.497278 -0.476534 0.021498
e_2_11 2 11 1 0.0125 0.329159 0.103149 0.190843 0.761686 -0.353216 0.488143 -0.238307 0.023895
e_11_5 11 5 2 0.0125 0.374732 0.118434 0.204607 0.762215 -0.353069 0.487336 -0.238481 0.076105
e_2_12 2 12 1 0.0125 0.247625 0.0810482 0.176069 -0.217841 0.628487 0.427572 -0.612153 0.147817
e_12_13 12 13 2 0.0125 0.156681 0.0624431 0.159599 -0.497898 0.460392 0.637834 -0.365109 0.04181
e_13_14 13 14 3 0.0125 0.12033 0.0670787 0.152119 0.250159 -0.753732 -0.0782644 0.602647 0.033865
e_14_15 14 15 4 0.0125 0.0890234 0.0771172 0.147008 0.246314 -0.759931 -0.0442957 0.599893 0.032693
e_15_16 15 16 5 0.0125 0.0627464 0.0866519 0.143093 0.431891 -0.704107 -0.244059 0.508074 0.023786
e_16_1 16 1 6 0.0125 0.0429078 0.0952305 0.143779 0.773523 -0.306016 -0.55353 0.0402501 0.020029
e_1_17 1 17 1 0.0125 0.0112574 0.112407 0.138454 0.157559 -0.771851 0.197115 0.583581 0.054431
e_17_18 17 18 2 0.0125 -0.0206817 0.130319 0.127569 0.0624703 -0.750247 0.314449 0.578228 0.022
e_18_4 18 4 3 0.0125 -0.0401693 0.13976 0.120581 -0.0203778 -0.728249 0.33939 0.595024 0.023568
e_1_19 1 19 1 0.0125 0.0480946 0.129442 0.131927 0.535192 -0.638248 0.53481 0.14208 0.071644
e_19_3 19 3 2 0.0125 0.0692116 0.168336 0.109711 0.444202 -0.57734 0.679355 0.0885439 0.028356
14 19 18
3 0.256524 0.269299 0.0658244 0.0125
20 0.236144 0.27292 0.0533199 0.0125
19 0.216126 0.275711 0.0414686 0.0125
11 0.119202 0.03185 0.150663 0.0125
10 0.138707 0.0239492 0.147489 0.0125
6 0.30673 -0.0540652 0.131167 0.0125
9 0.274654 -0.0449697 0.136315 0.0125
2 0.176322 0.0155153 0.144363 0.0125
8 0.255255 -0.036788 0.14069 0.0125
12 0.101743 0.0411868 0.153625 0.0125
5 0.0842122 0.0504181 0.156518 0.0125
13 0.176204 0.0859146 0.117631 0.0125
14 0.176541 0.195397 0.0746192 0.0125
15 0.172506 0.224313 0.0576477 0.0125
16 0.172249 0.241058 0.0431903 0.0125
1 0.172967 0.281954 0.0124384 0.0125
18 0.235401 0.270814 0.0419914 0.0125
17 0.194513 0.278444 0.0238719 0.0125
4 0.260461 0.265137 0.0574534 0.0125
e_2_8 2 8 1 0.0125 0.215788 -0.0106365 0.142527 0.68166 0.281931 0.663244 -0.126337 0.094761
e_8_9 8 9 2 0.0125 0.264955 -0.0408783 0.138502 0.627554 0.224299 0.742579 -0.0666514 0.021504
e_9_6 9 6 3 0.0125 0.290692 -0.0495174 0.133741 0.65063 0.185129 0.736225 -0.0194968 0.033735
e_2_10 2 10 1 0.0125 0.157514 0.0197323 0.145926 -0.0209644 -0.656998 0.167125 0.734835 0.038675
e_10_11 10 11 2 0.0125 0.128954 0.0279 0.149076 0.143517 -0.639974 0.125999 0.744285 0.021282
e_11_12 11 12 3 0.0125 0.110473 0.0365183 0.152145 0.164016 -0.628544 0.175873 0.739662 0.020019
e_12_5 12 5 4 0.0125 0.0929772 0.0458019 0.155072 0.158012 -0.629594 0.177149 0.739772 0.020024
e_2_13 2 13 1 0.0125 0.176263 0.0507151 0.130996 0.250195 -0.363871 0.738306 0.509809 0.075304
e_13_14 13 14 2 0.0125 0.176372 0.140656 0.0961245 0.247279 -0.360536 0.74353 0.505994 0.117628
e_14_15 14 15 3 0.0125 0.174524 0.209855 0.0661334 0.137573 -0.351925 0.792102 0.479372 0.033771
e_15_16 15 16 4 0.0125 0.172378 0.232685 0.050419 0.120339 -0.276169 0.866298 0.398468 0.022124
e_16_1 16 1 5 0.0125 0.172608 0.261505 0.0278142 0.152808 -0.291284 0.845946 0.419737 0.051173
e_1_17 1 17 1 0.0125 0.18374 0.280199 0.0181552 0.85284 0.123672 0.502714 0.068178 0.024643
e_17_18 17 18 2 0.0125 0.214957 0.274629 0.0329316 0.834718 0.135247 0.53105 0.054226 0.04537
e_18_4 18 4 3 0.0125 0.24793 0.267975 0.0497218 0.86889 0.137842 0.472445 0.053155 0.029987
e_1_19 1 19 1 0.0125 0.194546 0.278832 0.0269534 0.877599 0.1113 0.458845 0.0830206 0.052387
e_19_20 19 20 2 0.0125 0.226134 0.274315 0.0473937 0.864023 0.113663 0.48391 0.079845 0.02343
e_20_3 20 3 3 0.0125 0.246333 0.271109 0.0595722 0.868226 0.123858 0.475522 0.0687149 0.024183
15 25 24
3 0.252555 -0.187189 0.0119076 0.0125
26 0.274703 -0.207066 0.0137844 0.0125
25 0.293129 -0.221479 0.0155981 0.0125
24 0.316895 -0.23332 0.016045 0.0125
4 0.266261 -0.197029 0.0723251 0.0125
23 0.282526 -0.203691 0.0586432 0.0125
22 0.298953 -0.21246 0.0460118 0.0125
21 0.314931 -0.222338 0.0379405 0.0125
1 0.335382 -0.241287 0.0171491 0.0125
11 0.085437 -0.0736685 0.0721927 0.0125
6 0.20893 -0.145394 0.121705 0.0125
10 0.192301 -0.137392 0.112066 0.0125
9 0.171176 -0.128907 0.100015 0.0125
2 0.0903319 -0.0962528 0.0450051 0.0125
19 0.296754 -0.232019 0.0166608 0.0125
8 0.134033 -0.109593 0.0725487 0.0125
12 0.0785424 -0.0569353 0.102139 0.0125
5 0.0763104 -0.035509 0.122041 0.0125
13 0.113313 -0.118891 0.0380085 0.0125
14 0.19531 -0.201847 0.0153366 0.0125
15 0.219172 -0.216382 0.0124436 0.0125
16 0.237368 -0.22396 0.0161723 0.0125
17 0.257234 -0.22629 0.0163881 0.0125
18 0.276872 -0.230063 0.0156627 0.0125
20 0.315943 -0.237057 0.0191983 0.0125
e_2_8 2 8 1 0.0125 0.112182 -0.102923 0.0587762 0.870681 0.139932 0.471474 -0.00674841 0.053351
e_8_9 8 9 2 0.0125 0.152605 -0.11925 0.0862811 0.877703 0.188697 0.436032 -0.0625093 0.050071
e_9_10 9 10 3 0.0125 0.181739 -0.13315 0.10604 0.856229 0.176206 0.484778 -0.0285323 0.02576
e_10_6 10 6 4 0.0125 0.200616 -0.141393 0.116886 0.853891 0.197912 0.478917 -0.048367 0.020819
e_2_11 2 11 1 0.0125 0.0878844 -0.0849607 0.0585989 0.923763 -0.344786 -0.0122 0.166242 0.035681
e_11_12 11 12 2 0.0125 0.0819899 -0.0653015 0.0871659 0.961716 -0.253662 -0.08794 0.0549937 0.034991
e_12_5 12 5 3 0.0125 0.0774262 -0.0462214 0.11209 0.882295 -0.395185 0.0673536 0.246675 0.029328
e_2_13 2 13 1 0.0125 0.101823 -0.107572 0.0415068 0.614861 0.423466 0.653187 -0.126371 0.033009
e_13_14 13 14 2 0.0125 0.154312 -0.16037 0.0266724 0.622266 0.42442 0.644413 -0.13185 0.118824
e_14_15 14 15 3 0.0125 0.207241 -0.209114 0.0138903 0.66745 0.333098 0.663739 -0.0548327 0.028089
e_15_16 15 16 4 0.0125 0.22827 -0.220171 0.0143074 0.769851 0.232792 0.594031 -0.0162722 0.020061
e_16_17 16 17 5 0.0125 0.247301 -0.225125 0.0162806 0.705792 0.165052 0.683635 0.0851957 0.020002
e_17_18 17 18 6 0.0125 0.267053 -0.228176 0.0160249 0.691314 0.199221 0.691701 0.062814 0.020011
e_18_19 18 19 7 0.0125 0.286814 -0.231041 0.0161613 0.718984 0.151697 0.672339 0.0894958 0.020003
e_19_20 19 20 8 0.0125 0.306348 -0.234538 0.0179295 0.749922 0.195362 0.631182 0.0325778 0.02
e_20_1 20 1 9 0.0125 0.325662 -0.239173 0.0181735 0.667457 0.219211 0.70935 0.0571786 0.02
e_1_21 1 21 1 0.0125 0.325157 -0.231812 0.0275445 0.893814 -0.303665 -0.329962 -0.00302905 0.034779
e_21_22 21 22 2 0.0125 0.306943 -0.217399 0.0419764 0.817702 -0.188271 -0.5169 -0.169506 0.020447
e_22_23 22 23 3 0.0125 0.290738 -0.208076 0.0523278 0.86054 -0.121057 -0.452381 -0.200419 0.0225
e_23_4 23 4 4 0.0125 0.274394 -0.200359 0.0654839 0.861086 -0.043678 -0.437001 -0.256229 0.022273
e_1_24 1 24 1 0.0125 0.326138 -0.237304 0.016597 0.109469 0.612639 -0.389943 -0.678701 0.020162
e_24_25 24 25 2 0.0125 0.305011 -0.227399 0.0158213 0.282747 0.455768 -0.548344 -0.641598 0.026556
e_25_26 25 26 3 0.0125 0.283916 -0.214272 0.0146912 0.26302 -0.708092 0.193017 0.626235 0.023463
e_26_3 26 3 4 0.0125 0.263628 -0.197128 0.0128458 0.269254 -0.690365 0.234257 0.629303 0.029819
