5
1 10 9
2 -0.144993 0.242716 0.0689028 0.0125
11 -0.123804 0.2273 0.058603 0.0125
10 -0.105829 0.21843 0.0535559 0.0125
9 -0.0898067 0.203659 0.0532455 0.0125
4 -0.0460252 -0.0143431 0.0179792 0.0125
1 -0.0205991 -0.208778 0.0117977 0.0125
8 -0.0683759 0.168346 0.035615 0.0125
5 -0.056001 0.0928102 0.0119487 0.0125
6 -0.061197 0.115157 0.0190579 0.0125
7 -0.0628485 0.146184 0.0301367 0.0125
e_1_4 1 4 1 0.0125 -0.0333121 -0.11156 0.0148892 0.65858 -0.668742 0.192429 0.286403 0.196188
e_4_5 4 5 2 0.0125 -0.0510131 0.0392336 0.0149647 0.622289 -0.683853 0.245605 0.291168 0.107785
e_5_6 5 6 3 0.0125 -0.0585997 0.103983 0.0155033 0.762554 -0.590473 0.057849 0.25789 0.024019
e_6_7 6 7 4 0.0125 -0.0620228 0.130671 0.0245973 0.780172 -0.55845 0.142161 0.243425 0.032988
e_7_8 7 8 5 0.0125 -0.0656122 0.157265 0.0328759 0.738126 -0.615849 0.0641346 0.26793 0.023488
e_8_9 8 9 6 0.0125 -0.0790917 0.186002 0.0444299 0.799762 -0.533129 -0.139654 0.238015 0.044913
e_9_10 9 10 7 0.0125 -0.0978175 0.211045 0.0534003 0.653369 -0.641908 -0.284303 0.283256 0.021794
e_10_11 10 11 8 0.0125 -0.114816 0.222865 0.0560795 0.7667 -0.393808 -0.47204 0.185107 0.02067
e_11_2 11 2 9 0.0125 -0.134398 0.235008 0.0637529 0.801937 -0.43142 -0.361907 0.199494 0.028156
2 11 10
2 -0.166569 -0.0866434 0.102626 0.0125
12 -0.15087 -0.0753131 0.0954425 0.0125
11 -0.135804 -0.064278 0.0879916 0.0125
10 -0.116283 -0.0505858 0.0786777 0.0125
9 -0.0991772 -0.0369398 0.0727303 0.0125
4 0.0848375 -0.0460623 0.0124792 0.0125
1 0.280195 -0.107383 0.0495626 0.0125
8 -0.0769914 -0.0294407 0.0638084 0.0125
5 0.0412318 -0.0309384 0.0152618 0.0125
6 -0.0354734 -0.0185042 0.0398068 0.0125
7 -0.0563343 -0.0201786 0.0479694 0.0125
e_1_4 1 4 1 0.0125 0.182516 -0.0767223 0.0310211 0.624853 -0.0606888 -0.765129 -0.143013 0.208087
e_4_5 4 5 2 0.0125 0.0630349 -0.0385 0.0138702 0.724359 -0.288812 -0.621689 0.0734483 0.046238
e_5_6 5 6 3 0.0125 0.00287921 -0.0247213 0.0275343 0.806598 -0.0941538 -0.583553 -0.000595269 0.08149
e_6_7 6 7 4 0.0125 -0.0459038 -0.0193414 0.0438881 0.819193 0.114949 -0.552358 -0.103009 0.022463
e_7_8 7 8 5 0.0125 -0.0666626 -0.024809 0.055889 0.882653 0.229403 -0.40092 -0.0869549 0.027629
e_8_9 8 9 6 0.0125 -0.0880838 -0.0331901 0.0682699 0.803484 0.294843 -0.484839 -0.180033 0.025061
e_9_10 9 10 7 0.0125 -0.107729 -0.0437627 0.0757039 0.754904 0.507825 -0.333121 -0.247514 0.022676
e_10_11 10 11 8 0.0125 -0.126044 -0.057432 0.0833348 0.799708 0.428742 -0.366409 -0.205892 0.025599
e_11_12 11 12 9 0.0125 -0.143337 -0.0697955 0.091717 0.802436 0.432536 -0.357256 -0.203415 0.020106
e_12_2 12 2 10 0.0125 -0.158719 -0.0809774 0.0990343 0.792812 0.442901 -0.360413 -0.213052 0.02065
3 11 10
2 0.00107121 0.0420071 0.126224 0.0125
12 -0.00499979 0.0287746 0.112421 0.0125
11 -0.00944096 0.0108099 0.10471 0.0125
10 -0.0139498 -0.00529673 0.0937009 0.0125
9 -0.0117779 -0.0177994 0.0782382 0.0125
4 -0.100413 -0.194302 0.0310273 0.0125
1 -0.281652 -0.275104 0.0127011 0.0125
8 -0.0110662 -0.0358651 0.0692697 0.0125
5 -0.0498602 -0.160595 0.0346285 0.0125
6 -0.02736 -0.121385 0.0393814 0.0125
7 -0.0139397 -0.0534153 0.0543832 0.0125
e_1_4 1 4 1 0.0125 -0.191032 -0.234703 0.021864 0.738194 -0.301086 0.6028 -0.03239 0.199281
e_4_5 4 5 2 0.0125 -0.0751362 -0.177448 0.0328277 0.720439 -0.457236 0.511225 -0.10272 0.060866
e_5_6 5 6 3 0.0125 -0.0386105 -0.140989 0.0370049 0.70109 -0.657958 0.121689 -0.246489 0.045456
e_6_7 6 7 4 0.0125 -0.0206495 -0.0874002 0.0468826 0.726456 -0.618552 -0.107607 -0.279421 0.070888
e_7_8 7 8 5 0.0125 -0.0125023 -0.0446397 0.0618266 0.8822 -0.422187 -0.0286204 -0.206546 0.023192
e_8_9 8 9 6 0.0125 -0.0114216 -0.0268324 0.0737542 0.810166 -0.495815 -0.178794 -0.256574 0.020182
e_9_10 9 10 7 0.0125 -0.0128638 -0.0115485 0.0859693 0.922093 -0.313425 -0.123591 -0.190353 0.020004
e_10_11 10 11 8 0.0125 -0.0116958 0.00275668 0.0992053 0.853752 -0.474266 0.0127041 -0.214516 0.020024
e_11_12 11 12 9 0.0125 -0.00722108 0.0197927 0.108566 0.794595 -0.553725 -0.0326305 -0.246866 0.020048
e_12_2 12 2 10 0.0125 -0.00196468 0.0353914 0.119323 0.902781 -0.383284 0.0953045 -0.170284 0.020061
4 10 9
2 -0.276438 -0.325272 0.211388 0.0125
11 -0.259267 -0.327927 0.223513 0.0125
10 -0.239001 -0.326071 0.226924 0.0125
9 -0.220376 -0.316203 0.223978 0.0125
4 -0.133966 -0.234951 0.14647 0.0125
1 -0.0187975 0.0138881 0.053101 0.0125
8 -0.204358 -0.29976 0.216881 0.0125
5 -0.150004 -0.264537 0.174189 0.0125
6 -0.160697 -0.278375 0.190306 0.0125
7 -0.178897 -0.288677 0.205342 0.0125
e_1_4 1 4 1 0.0125 -0.0763817 -0.110532 0.0997856 0.705673 0.579915 0.0502682 -0.403976 0.289659
e_4_5 4 5 2 0.0125 -0.141985 -0.249744 0.16033 0.781817 0.42656 0.0127626 -0.454582 0.043599
e_5_6 5 6 3 0.0125 -0.155351 -0.271455 0.182248 0.776223 0.399509 -0.0394382 -0.486123 0.023783
e_6_7 6 7 4 0.0125 -0.169798 -0.283526 0.197824 0.702184 0.421206 -0.175244 -0.546637 0.025758
e_7_8 7 8 5 0.0125 -0.191628 -0.294218 0.211111 0.620851 0.504086 -0.232451 -0.553541 0.03007
e_8_9 8 9 6 0.0125 -0.212367 -0.307981 0.22043 0.6511 0.587411 -0.085172 -0.473035 0.024027
e_9_10 9 10 7 0.0125 -0.229688 -0.321137 0.225451 0.550872 0.620641 -0.213527 -0.51551 0.021282
e_10_11 10 11 8 0.0125 -0.249134 -0.326999 0.225219 0.363851 0.667323 -0.37057 -0.533826 0.020635
e_11_2 11 2 9 0.0125 -0.267852 -0.3266 0.217451 0.137623 0.796224 -0.390082 -0.4415 0.021188
5 10 9
2 -0.0677154 0.205583 0.0259296 0.0125
11 -0.0562038 0.195563 0.0388698 0.0125
10 -0.0404162 0.185401 0.0458572 0.0125
9 -0.0283563 0.169017 0.0460312 0.0125
4 0.0419512 -0.0327859 0.0412479 0.0125
1 0.0211275 -0.245677 0.0121961 0.0125
8 -0.0130639 0.150958 0.0502438 0.0125
5 0.0412096 0.0110223 0.0426854 0.0125
6 0.0308949 0.0837823 0.0491715 0.0125
7 0.0113932 0.123688 0.0432703 0.0125
e_1_4 1 4 1 0.0125 0.0315387 -0.139231 0.0267222 -0.191028 0.104101 -0.649517 -0.72856 0.21587
e_4_5 4 5 2 0.0125 0.0415806 -0.0108821 0.0419663 -0.125821 0.133331 -0.682521 -0.7075 0.043838
e_5_6 5 6 3 0.0125 0.0360523 0.0474023 0.0459284 -0.0636719 0.152156 -0.657941 -0.734784 0.073773
e_6_7 6 7 4 0.0125 0.0211445 0.103736 0.0462207 0.103056 0.220505 -0.719187 -0.650789 0.044807
e_7_8 7 8 5 0.0125 -0.000834687 0.137323 0.0467565 0.248499 0.249839 -0.586576 -0.729217 0.037287
e_8_9 8 9 6 0.0125 -0.0207096 0.159987 0.048138 0.222931 0.261478 -0.720587 -0.602233 0.024036
e_9_10 9 10 7 0.0125 -0.034386 0.177209 0.0459439 0.1964 0.244714 -0.666628 -0.676128 0.020344
e_10_11 10 11 8 0.0125 -0.04831 0.190482 0.0423635 0.332365 0.302443 -0.763499 -0.463823 0.020034
e_11_2 11 2 9 0.0125 -0.0619594 0.200573 0.0323994 0.21791 0.276337 -0.864283 -0.359399 0.020009
