5
1 7 6
2 -0.209333 -0.0737584 0.0164812 0.0125
4 0.0733844 0.128643 0.0114986 0.0125
1 0.216568 0.137275 0.0211013 0.0125
8 -0.190712 -0.0656311 0.0138665 0.0125
5 -0.101095 0.0348968 0.0114986 0.0125
6 -0.132213 -0.0114242 0.0175991 0.0125
7 -0.171871 -0.0568988 0.0114995 0.0125
e_1_4 1 4 1 0.0125 0.144976 0.132959 0.0163 0.660404 -0.143806 -0.716042 0.174558 0.143765
e_4_5 4 5 2 0.0125 -0.0138558 0.0817699 0.0114984 0.665229 0.103677 -0.699466 0.239728 0.19807
e_5_6 5 6 3 0.0125 -0.116654 0.011736 0.0145482 0.68932 0.372347 -0.55409 0.28139 0.056135
e_6_7 6 7 4 0.0125 -0.152043 -0.0341621 0.0145493 0.606944 0.298654 -0.67904 0.285183 0.060645
e_7_8 7 8 5 0.0125 -0.181291 -0.0612645 0.0126828 0.710501 0.0823731 -0.660758 0.2276 0.020901
e_8_2 8 2 6 0.0125 -0.200022 -0.0696945 0.0151733 0.716698 0.0715703 -0.656539 0.224005 0.020484
2 7 6
2 0.14818 -0.0750526 0.0219867 0.0125
4 0.0355758 0.0548695 0.0212449 0.0125
1 -0.18431 0.275168 0.119447 0.0125
8 0.129301 -0.0603844 0.0234323 0.0125
5 0.0743619 -0.00515405 0.0188443 0.0125
6 0.096289 -0.0286947 0.0220169 0.0125
7 0.112776 -0.0459474 0.0231483 0.0125
e_1_4 1 4 1 0.0125 -0.0743677 0.165019 0.0703466 0.448405 0.0615752 0.804145 -0.385347 0.326382
e_4_5 4 5 2 0.0125 0.0549686 0.0248573 0.0200451 0.669596 0.686391 0.213664 0.186698 0.071505
e_5_6 5 6 3 0.0125 0.0853255 -0.0169244 0.0204306 0.740138 0.512777 0.43358 0.0355619 0.032326
e_6_7 6 7 4 0.0125 0.104533 -0.0373212 0.0225831 0.723647 0.496203 0.479687 -0.00416995 0.023891
e_7_8 7 8 5 0.0125 0.121039 -0.0531659 0.0232903 0.704009 0.379864 0.590968 -0.10408 0.021945
e_8_2 8 2 6 0.0125 0.138741 -0.0677177 0.0227092 0.655878 0.260414 0.679969 -0.199123 0.023952
3 11 10
2 0.178169 0.288502 0.0361205 0.0125
12 0.146947 0.273217 0.0430354 0.0125
11 0.129656 0.262215 0.0430744 0.0125
10 0.106376 0.253666 0.0453426 0.0125
9 0.0877652 0.242118 0.0426489 0.0125
4 -0.173831 0.241264 0.0125108 0.0125
1 -0.276551 0.288502 0.0564146 0.0125
8 0.0613681 0.223956 0.0390267 0.0125
5 -0.104102 0.224768 0.0122261 0.0125
6 0.0148086 0.210649 0.0225171 0.0125
7 0.0400881 0.213945 0.0309724 0.0125
e_1_4 1 4 1 0.0125 -0.225191 0.264883 0.0344635 -0.280772 -0.821939 -0.0735446 -0.490075 0.121285
e_4_5 4 5 2 0.0125 -0.138967 0.233016 0.0123684 -0.271577 -0.699151 -0.114785 -0.651352 0.071655
e_5_6 5 6 3 0.0125 -0.0446462 0.217708 0.017372 -0.13039 -0.67495 -0.0403637 -0.725128 0.120188
e_6_7 6 7 4 0.0125 0.0274481 0.212297 0.0267453 0.696402 -0.362232 0.45976 -0.41525 0.026859
e_7_8 7 8 5 0.0125 0.0507282 0.21895 0.0350003 0.803201 -0.160353 0.558832 0.129856 0.024858
e_8_9 8 9 6 0.0125 0.0745672 0.233036 0.0408378 0.745763 -0.376045 0.549931 0.00215774 0.032246
e_9_10 9 10 7 0.0125 0.0970713 0.247892 0.0439958 0.74823 -0.374828 0.546324 -0.0344388 0.022068
e_10_11 10 11 8 0.0125 0.118016 0.257941 0.044209 0.5532 -0.605189 0.423417 -0.385272 0.024903
e_11_12 11 12 9 0.0125 0.138302 0.267716 0.0430549 0.695817 -0.477342 0.522597 -0.121967 0.020495
e_12_2 12 2 10 0.0125 0.162558 0.280859 0.0395778 0.553747 -0.635437 0.44019 -0.309545 0.035444
4 6 5
2 -0.368963 -0.338994 0.238069 0.0125
7 -0.366292 -0.280914 0.202811 0.0125
6 -0.363744 -0.25032 0.187366 0.0125
5 -0.362219 -0.206401 0.156973 0.0125
1 -0.324831 0.103171 0.0114884 0.0125
4 -0.342942 -0.0474494 0.0773758 0.0125
e_1_4 1 4 1 0.0125 -0.333886 0.0278615 0.0444319 -0.443019 -0.232978 0.496529 -0.709165 0.165396
e_4_5 4 5 2 0.0125 -0.35258 -0.126925 0.117175 -0.4515 -0.223999 0.476704 -0.720226 0.178809
e_5_6 5 6 3 0.0125 -0.362981 -0.22836 0.17217 -0.456216 -0.225219 0.406047 -0.759124 0.053432
e_6_7 6 7 4 0.0125 -0.365018 -0.265617 0.195089 -0.444287 -0.235742 0.468732 -0.726171 0.034366
e_7_2 7 2 5 0.0125 -0.367627 -0.309954 0.22044 -0.44914 -0.23332 0.431622 -0.746685 0.067997
5 6 5
2 -0.0890015 -0.018254 0.0239003 0.0125
7 -0.108068 0.0842244 0.0492107 0.0125
6 -0.112005 0.118137 0.0581715 0.0125
5 -0.121794 0.166937 0.0943115 0.0125
1 -0.207454 0.398686 0.241116 0.0125
4 -0.158606 0.292949 0.210953 0.0125
e_1_4 1 4 1 0.0125 -0.18303 0.345818 0.226034 0.563347 0.531019 0.585973 -0.239365 0.120317
e_4_5 4 5 2 0.0125 -0.1402 0.229943 0.152632 -0.00127187 -0.258506 0.874801 -0.409751 0.175612
e_5_6 5 6 3 0.0125 -0.116899 0.142537 0.0762415 -0.0820111 -0.330104 0.827531 -0.446651 0.061508
e_6_7 6 7 4 0.0125 -0.110036 0.101181 0.0536908 -0.491658 -0.687294 0.393151 -0.362398 0.035297
e_7_2 7 2 5 0.0125 -0.0985343 0.0329853 0.0365551 -0.124773 -0.296845 0.727917 -0.605353 0.107266
