5
1 8 7
2 -0.0252104 0.235567 0.0709804 0.0125
9 -0.0456111 0.217622 0.0658427 0.0125
4 -0.215524 -0.0407243 0.0127003 0.0125
1 -0.30634 -0.160494 0.019296 0.0125
8 -0.056273 0.197329 0.0557654 0.0125
5 -0.160102 0.0454268 0.0114942 0.0125
6 -0.113509 0.131116 0.0145122 0.0125
7 -0.0671782 0.182479 0.0468515 0.0125
e_1_4 1 4 1 0.0125 -0.260932 -0.100609 0.0159985 0.592288 -0.718336 0.0768839 -0.356758 0.150453
e_4_5 4 5 2 0.0125 -0.187813 0.00235173 0.0120971 0.612827 -0.709988 0.0424899 -0.344317 0.102445
e_5_6 5 6 3 0.0125 -0.136806 0.0882714 0.0130034 0.637852 -0.695933 0.014707 -0.329555 0.097584
e_6_7 6 7 4 0.0125 -0.0903431 0.156798 0.030682 0.80944 -0.483862 0.232621 -0.237849 0.076358
e_7_8 7 8 5 0.0125 -0.0617253 0.189904 0.0513088 0.813436 -0.499034 0.182215 -0.236823 0.020467
e_8_9 8 9 6 0.0125 -0.0509421 0.207476 0.0608039 0.800936 -0.537023 0.101967 -0.244358 0.025041
e_9_2 9 2 7 0.0125 -0.0354101 0.226594 0.0684117 0.707257 -0.57649 0.273406 -0.304459 0.027652
2 10 9
2 -0.246758 0.11888 0.0426265 0.0125
11 -0.230708 0.107162 0.0450687 0.0125
10 -0.213177 0.0995616 0.051372 0.0125
9 -0.197071 0.0879815 0.0539888 0.0125
4 -0.023481 -0.246519 0.0588651 0.0125
1 -0.00393021 -0.286789 0.0799089 0.0125
8 -0.182988 0.0716082 0.049655 0.0125
5 -0.077142 -0.14798 0.0186169 0.0125
6 -0.106091 -0.0721624 0.011625 0.0125
7 -0.171494 0.0540999 0.0474346 0.0125
e_1_4 1 4 1 0.0125 -0.0137063 -0.266654 0.0693866 0.138615 0.159766 -0.828969 -0.517755 0.049465
e_4_5 4 5 2 0.0125 -0.0503112 -0.197249 0.0387409 0.196023 0.123083 -0.8085 -0.541066 0.119203
e_5_6 5 6 3 0.0125 -0.0916166 -0.110071 0.0151212 0.239498 0.00193983 -0.736828 -0.632235 0.081457
e_6_7 6 7 4 0.0125 -0.138793 -0.00903099 0.0295294 0.477572 -0.105482 -0.605617 -0.627715 0.146635
e_7_8 7 8 5 0.0125 -0.177241 0.0628543 0.0485444 0.442209 -0.0374976 -0.667742 -0.597633 0.021062
e_8_9 8 9 6 0.0125 -0.19003 0.0797949 0.0518219 0.538818 -0.0381505 -0.632594 -0.555017 0.022027
e_9_10 9 10 7 0.0125 -0.205124 0.0937718 0.0526806 0.470994 0.113604 -0.743285 -0.461288 0.020008
e_10_11 10 11 8 0.0125 -0.221943 0.103362 0.0482203 0.45758 0.212674 -0.78193 -0.366027 0.02012
e_11_2 11 2 9 0.0125 -0.238733 0.113021 0.0438478 0.472361 0.109386 -0.740962 -0.464634 0.020022
3 7 6
2 0.170791 0.211282 0.0121065 0.0125
4 0.106303 0.0385447 0.0246374 0.0125
1 0.139859 -0.273639 0.0120148 0.0125
8 0.16156 0.193041 0.0145584 0.0125
5 0.122215 0.0910752 0.0166277 0.0125
6 0.128729 0.119191 0.0155737 0.0125
7 0.152608 0.172924 0.0148135 0.0125
e_1_4 1 4 1 0.0125 0.12308 -0.117546 0.018326 0.0898385 -0.159266 0.674202 0.715552 0.314236
e_4_5 4 5 2 0.0125 0.114258 0.0648101 0.0206323 0.266255 -0.0944058 0.750522 0.597422 0.055469
e_5_6 5 6 3 0.0125 0.125472 0.105133 0.0161008 0.26078 -0.112895 0.710982 0.643237 0.028879
e_6_7 6 7 4 0.0125 0.140668 0.146057 0.0151936 0.362519 -0.0880318 0.706202 0.601754 0.058805
e_7_8 7 8 5 0.0125 0.157084 0.182982 0.0146858 0.363122 -0.0880649 0.705716 0.601956 0.022021
e_8_2 8 2 6 0.0125 0.166175 0.202162 0.0133321 0.355649 -0.0725106 0.744499 0.560336 0.02059
4 9 8
2 -0.387952 -0.133756 0.015662 0.0125
10 -0.361373 -0.12599 0.0230156 0.0125
9 -0.320169 -0.113011 0.0248263 0.0125
4 -0.150436 -0.0571049 0.0620216 0.0125
1 0.0563229 0.0361711 0.0122093 0.0125
8 -0.287843 -0.111699 0.0360419 0.0125
5 -0.212403 -0.0831743 0.0779305 0.0125
6 -0.238274 -0.0902422 0.0723352 0.0125
7 -0.265471 -0.103804 0.0522382 0.0125
e_1_4 1 4 1 0.0125 -0.047056 -0.0104667 0.0371157 0.499773 0.603584 -0.168639 -0.597892 0.23223
e_4_5 4 5 2 0.0125 -0.18142 -0.0701392 0.0699762 0.49856 0.59435 -0.177786 -0.605457 0.069084
e_5_6 5 6 3 0.0125 -0.225338 -0.0867076 0.0751329 0.229818 0.771591 -0.0822614 -0.587421 0.027397
e_6_7 6 7 4 0.0125 -0.251873 -0.0970237 0.0622866 0.178165 0.878196 0.0675596 -0.438707 0.036434
e_7_8 7 8 5 0.0125 -0.276657 -0.107751 0.0441404 0.123812 0.88204 0.0626661 -0.450277 0.028726
e_8_9 8 9 6 0.0125 -0.304006 -0.112355 0.0304341 0.0608426 0.813018 -0.0525545 -0.576661 0.034242
e_9_10 9 10 7 0.0125 -0.340772 -0.1195 0.0239217 0.322094 0.710244 -0.128421 -0.612631 0.043237
e_10_2 10 2 8 0.0125 -0.374662 -0.129873 0.019339 0.216132 0.790268 -0.0618793 -0.57003 0.02865
5 11 10
2 -0.142762 0.141629 0.0247158 0.0125
12 -0.127261 0.13435 0.0350737 0.0125
11 -0.110362 0.127094 0.0429419 0.0125
10 -0.091559 0.120237 0.0423976 0.0125
9 -0.0726016 0.114005 0.0410231 0.0125
4 0.143718 0.0765149 0.0387528 0.0125
1 0.330193 0.05367 0.0238413 0.0125
8 -0.0585686 0.100233 0.0359763 0.0125
5 0.0524171 0.0744475 0.0550769 0.0125
6 0.0209311 0.0721556 0.0522893 0.0125
7 -0.0419668 0.0890081 0.0388233 0.0125
e_1_4 1 4 1 0.0125 0.236955 0.0650931 0.0312969 -0.519157 -0.418159 0.534399 0.51965 0.188459
e_4_5 4 5 2 0.0125 0.0980674 0.0754815 0.046915 -0.573311 -0.437016 0.470149 0.509207 0.092772
e_5_6 5 6 3 0.0125 0.0366743 0.0733019 0.0536828 -0.479575 -0.555912 0.484707 0.475425 0.031692
e_6_7 6 7 4 0.0125 -0.0105182 0.0805821 0.0455564 -0.383128 -0.473616 0.61396 0.50195 0.066494
e_7_8 7 8 5 0.0125 -0.0502676 0.0946209 0.0373995 -0.368353 -0.279809 0.701435 0.542228 0.020242
e_8_9 8 9 6 0.0125 -0.0655854 0.107119 0.0384994 -0.544503 -0.0211237 0.612581 0.572551 0.0203
e_9_10 9 10 7 0.0125 -0.08208 0.117121 0.0417107 -0.492692 -0.335266 0.594327 0.540025 0.020002
e_10_11 10 11 8 0.0125 -0.10096 0.123665 0.0426701 -0.471566 -0.336137 0.611087 0.539638 0.020021
e_11_12 11 12 9 0.0125 -0.118811 0.130722 0.0390082 -0.271294 -0.505239 0.664379 0.479306 0.020004
e_12_2 12 2 10 0.0125 -0.135012 0.137989 0.0298944 -0.202397 -0.565894 0.662216 0.447515 0.020013
