5
1 6 5
2 0.072161 0.0709243 0.0284824 0.0125
7 0.0540032 0.0665019 0.0156177 0.0125
6 0.0324482 0.0671691 0.0114942 0.0125
5 -0.059551 0.0246425 0.014133 0.0125
1 -0.388503 -0.0778809 0.0840454 0.0125
4 -0.075593 0.0116323 0.0124424 0.0125
e_1_4 1 4 1 0.0125 -0.232048 -0.0331247 0.0482441 -0.143184 -0.680508 -0.379925 -0.609971 0.333245
e_4_5 4 5 2 0.0125 -0.067572 0.018137 0.0132879 0.541856 -0.670337 0.0992084 -0.49719 0.020724
e_5_6 5 6 3 0.0125 -0.0135508 0.0459052 0.0128136 0.156883 -0.701073 -0.146675 -0.679979 0.101387
e_6_7 6 7 4 0.0125 0.0432262 0.0668351 0.0135564 -0.750395 -0.164302 -0.615706 -0.175554 0.021956
e_7_2 7 2 5 0.0125 0.0630823 0.0687129 0.0220497 0.519501 0.301399 0.354464 0.716682 0.022688
2 6 5
2 0.0518254 -0.295822 0.249651 0.0125
7 0.0807003 -0.23559 0.215125 0.0125
6 0.101965 -0.19164 0.190611 0.0125
5 0.102699 -0.168408 0.182592 0.0125
1 0.178459 0.140511 0.0602058 0.0125
4 0.163993 0.091927 0.0584378 0.0125
e_1_4 1 4 1 0.0125 0.171227 0.116219 0.0593217 -0.349444 -0.524208 -0.492584 0.60038 0.050723
e_4_5 4 5 2 0.0125 0.133346 -0.038241 0.120515 -0.302432 -0.302993 -0.444599 0.786805 0.294865
e_5_6 5 6 3 0.0125 0.102332 -0.180024 0.186602 -0.337396 -0.257052 -0.520424 0.741112 0.024588
e_6_7 6 7 4 0.0125 0.0913328 -0.213614 0.202869 -0.272172 -0.367808 -0.374657 0.806394 0.054632
e_7_2 7 2 5 0.0125 0.0662631 -0.265705 0.232389 -0.2709 -0.3619 -0.373414 0.810064 0.075191
3 8 7
2 -0.31121 0.0292678 0.0124788 0.0125
9 -0.289967 0.0294064 0.025017 0.0125
4 -0.0902549 0.00864701 0.0408057 0.0125
1 0.159025 -0.0775757 0.0114983 0.0125
8 -0.270819 0.0327334 0.0324397 0.0125
5 -0.178029 0.0370285 0.0533126 0.0125
6 -0.209065 0.0379021 0.0455097 0.0125
7 -0.243272 0.0362892 0.0429152 0.0125
e_1_4 1 4 1 0.0125 0.0343842 -0.0344644 0.0261514 -0.468452 -0.353088 0.565786 0.579454 0.265394
e_4_5 4 5 2 0.0125 -0.134143 0.0228377 0.0470591 -0.483791 -0.349715 0.557246 0.577167 0.093092
e_5_6 5 6 3 0.0125 -0.193547 0.0374652 0.0494111 -0.41595 -0.565564 0.54955 0.452899 0.032013
e_6_7 6 7 4 0.0125 -0.226168 0.0370956 0.0442124 -0.498812 -0.523077 0.513969 0.461967 0.034343
e_7_8 7 8 5 0.0125 -0.257046 0.0345106 0.0376779 -0.413284 -0.636963 0.520305 0.390841 0.029686
e_8_9 8 9 6 0.0125 -0.280393 0.0310696 0.0287284 -0.422121 -0.646869 0.50987 0.378691 0.020804
e_9_2 9 2 7 0.0125 -0.300589 0.0293367 0.0187474 -0.318527 -0.669128 0.553545 0.379994 0.024668
4 10 9
2 0.312626 0.160983 0.0122378 0.0125
11 0.293346 0.156332 0.0150183 0.0125
10 0.273639 0.153053 0.0163827 0.0125
9 0.25466 0.147887 0.0205535 0.0125
4 0.0333375 0.107953 0.0148119 0.0125
1 -0.172625 0.0910329 0.0555076 0.0125
8 0.234152 0.146807 0.0286988 0.0125
5 0.156966 0.132738 0.0364739 0.0125
6 0.183245 0.13995 0.0356966 0.0125
7 0.211659 0.14273 0.0328733 0.0125
e_1_4 1 4 1 0.0125 -0.0696436 0.0994928 0.0351593 0.487149 0.445439 0.631024 0.407529 0.210625
e_4_5 4 5 2 0.0125 0.0951517 0.120345 0.0256432 0.608287 0.282091 0.579452 0.4633 0.127935
e_5_6 5 6 3 0.0125 0.170105 0.136344 0.0360851 0.518241 0.321276 0.641123 0.466015 0.027262
e_6_7 6 7 4 0.0125 0.197452 0.14134 0.0342854 0.522062 0.407685 0.618865 0.422197 0.028689
e_7_8 7 8 5 0.0125 0.222906 0.144768 0.0307862 0.473896 0.406967 0.65132 0.430792 0.023238
e_8_9 8 9 6 0.0125 0.244406 0.147347 0.024626 0.419529 0.517015 0.645771 0.373725 0.022093
e_9_10 9 10 7 0.0125 0.264149 0.15047 0.0184687 0.444919 0.386131 0.674266 0.445326 0.020107
e_10_11 10 11 8 0.0125 0.283492 0.154693 0.0157005 0.521619 0.373301 0.628253 0.440293 0.020024
e_11_2 11 2 9 0.0125 0.302985 0.158658 0.0136285 0.479329 0.371736 0.65669 0.448123 0.020028
5 6 5
2 -0.0613881 -0.0409985 0.0530829 0.0125
7 -0.0536347 -0.0194413 0.0580975 0.0125
6 -0.0517064 0.000460575 0.0616371 0.0125
5 -0.0508778 0.0185264 0.0703085 0.0125
1 -0.0651807 0.406335 0.269207 0.0125
4 -0.0503193 0.0410337 0.0797953 0.0125
e_1_4 1 4 1 0.0125 -0.0577499 0.223684 0.174501 0.476747 0.797086 -0.307665 0.206659 0.411756
e_4_5 4 5 2 0.0125 -0.050598 0.0297802 0.075052 0.552488 0.831191 -0.0573215 0.0243476 0.024431
e_5_6 5 6 3 0.0125 -0.051292 0.0094937 0.0659723 0.525518 0.827515 -0.177164 0.0875345 0.020056
e_6_7 6 7 4 0.0125 -0.0526706 -0.00949055 0.0598678 0.538117 0.679136 0.354869 -0.351101 0.020306
e_7_2 7 2 5 0.0125 -0.0575114 -0.0302201 0.0555907 0.553015 0.770823 0.112856 -0.295415 0.023451
