5
1 7 6
2 -0.047245 0.270701 0.0632259 0.0125
4 -0.00135037 0.0193367 0.0117647 0.0125
1 0.00768422 -0.205149 0.023094 0.0125
8 -0.0501998 0.25512 0.0503291 0.0125
5 -0.0487569 0.197393 0.0128746 0.0125
6 -0.0532288 0.217493 0.020179 0.0125
7 -0.0504582 0.237735 0.038715 0.0125
e_1_4 1 4 1 0.0125 0.00316625 -0.0929061 0.0174292 0.424814 -0.423468 -0.588095 -0.542542 0.224953
e_4_5 4 5 2 0.0125 -0.0250537 0.108365 0.0123201 0.49843 -0.349726 -0.612111 -0.504558 0.184263
e_5_6 5 6 3 0.0125 -0.0509931 0.207442 0.0165271 0.581215 -0.312682 -0.484828 -0.573899 0.021848
e_6_7 6 7 4 0.0125 -0.0518436 0.227614 0.0294475 0.611123 -0.309069 -0.261758 -0.680065 0.027586
e_7_8 7 8 5 0.0125 -0.0503292 0.246426 0.0445224 0.594663 -0.323039 -0.343387 -0.651235 0.020909
e_8_2 8 2 6 0.0125 -0.0487222 0.26291 0.056778 0.585832 -0.33472 -0.269275 -0.687207 0.020441
2 6 5
2 -0.277823 0.205443 0.066329 0.0125
7 -0.279355 0.187678 0.0541667 0.0125
6 -0.274973 0.166049 0.0496268 0.0125
5 -0.273486 0.130136 0.0444706 0.0125
1 -0.252344 -0.288522 0.0551402 0.0125
4 -0.272704 0.0967757 0.0415313 0.0125
e_1_4 1 4 1 0.0125 -0.262524 -0.0958733 0.0483352 0.646759 -0.655203 -0.297211 -0.253136 0.386075
e_4_5 4 5 2 0.0125 -0.273095 0.113455 0.043001 0.685164 -0.621425 -0.264483 -0.272818 0.033499
e_5_6 5 6 3 0.0125 -0.27423 0.148092 0.0470487 0.704358 -0.600202 -0.262228 -0.273631 0.036312
e_6_7 6 7 4 0.0125 -0.277164 0.176863 0.0518966 0.736595 -0.549486 -0.311952 -0.241201 0.02253
e_7_2 7 2 5 0.0125 -0.278589 0.19656 0.060248 0.819838 -0.446614 -0.137075 -0.331077 0.021584
3 11 10
2 0.0600416 -0.125403 0.0954033 0.0125
12 0.0467762 -0.112648 0.0875714 0.0125
11 0.0304606 -0.102694 0.0816703 0.0125
10 0.0125865 -0.101546 0.0727432 0.0125
9 -0.00646392 -0.0964084 0.069274 0.0125
4 -0.121079 -0.0339502 0.030375 0.0125
1 -0.379929 0.0720924 0.0121941 0.0125
8 -0.0256892 -0.0912588 0.0658302 0.0125
5 -0.077217 -0.0643985 0.0519994 0.0125
6 -0.06232 -0.0743175 0.0609922 0.0125
7 -0.0451885 -0.0868558 0.0609962 0.0125
e_1_4 1 4 1 0.0125 -0.250504 0.0190711 0.0212845 0.00121918 0.633185 -0.258161 0.729677 0.280319
e_4_5 4 5 2 0.0125 -0.0991481 -0.0491743 0.0411872 0.125043 0.501886 -0.24582 0.819785 0.057608
e_5_6 5 6 3 0.0125 -0.0697682 -0.0693581 0.0564954 0.112185 0.471433 -0.230788 0.843743 0.020029
e_6_7 6 7 4 0.0125 -0.0537545 -0.080587 0.0609941 0.13619 0.640287 -0.299889 0.693939 0.021229
e_7_8 7 8 5 0.0125 -0.0354388 -0.0890573 0.0634132 -0.0977604 0.581639 -0.210197 0.779716 0.020567
e_8_9 8 9 6 0.0125 -0.0160763 -0.0938339 0.0675523 -0.0731832 0.603273 -0.225394 0.761514 0.020198
e_9_10 9 10 7 0.0125 0.00306216 -0.0989775 0.0710085 -0.0722979 0.602221 -0.225268 0.762468 0.020034
e_10_11 10 11 8 0.0125 0.0215244 -0.10212 0.0772067 -0.194196 0.503611 -0.152757 0.827846 0.020012
e_11_12 11 12 9 0.0125 0.0386187 -0.107671 0.0846211 0.091359 0.538662 -0.249664 0.799478 0.020002
e_12_2 12 2 10 0.0125 0.0534092 -0.119026 0.0914876 0.217266 0.483421 -0.265555 0.805345 0.02
4 11 10
2 0.0135896 -0.443269 0.254353 0.0125
12 0.0187167 -0.424588 0.249208 0.0125
11 0.0234289 -0.405503 0.245505 0.0125
10 0.0209993 -0.385861 0.242578 0.0125
9 0.0226945 -0.366249 0.24627 0.0125
4 -0.0134751 -0.224291 0.107705 0.0125
1 -0.0364972 -0.0403552 0.0114963 0.0125
8 0.0234782 -0.346463 0.241038 0.0125
5 -0.000526743 -0.286453 0.205697 0.0125
6 0.0103892 -0.310937 0.22117 0.0125
7 0.0182344 -0.328512 0.232202 0.0125
e_1_4 1 4 1 0.0125 -0.0249854 -0.132323 0.0596008 0.266466 0.221945 -0.46948 0.811988 0.208851
e_4_5 4 5 2 0.0125 -0.00700052 -0.255372 0.156701 0.292597 0.139756 -0.246693 0.913235 0.116765
e_5_6 5 6 3 0.0125 0.00493118 -0.298695 0.213433 0.208641 0.307652 -0.394211 0.840486 0.030952
e_6_7 6 7 4 0.0125 0.0143111 -0.319724 0.226686 0.208181 0.308493 -0.395194 0.83983 0.022184
e_7_8 7 8 5 0.0125 0.020856 -0.337487 0.236621 0.228165 0.283226 -0.454076 0.81335 0.020684
e_8_9 8 9 6 0.0125 0.023086 -0.356356 0.243655 0.283679 0.19574 -0.577878 0.739776 0.020481
e_9_10 9 10 7 0.0125 0.0218462 -0.376055 0.244424 0.247513 0.236081 -0.732435 0.588678 0.020029
e_10_11 10 11 8 0.0125 0.0222141 -0.395682 0.244042 0.234145 0.276811 -0.591797 0.71995 0.020007
e_11_12 11 12 9 0.0125 0.0210731 -0.415045 0.247356 0.323783 0.121846 -0.626582 0.698364 0.020004
e_12_2 12 2 10 0.0125 0.0161529 -0.433929 0.25178 0.335278 0.102453 -0.600961 0.718289 0.020044
5 8 7
2 0.110744 -0.288504 0.0468482 0.0125
9 0.112867 -0.268355 0.0425584 0.0125
4 0.166472 -0.0999792 0.0124783 0.0125
1 0.388505 0.0994683 0.0124739 0.0125
8 0.117249 -0.246035 0.0365974 0.0125
5 0.148598 -0.152403 0.0130923 0.0125
6 0.131936 -0.190267 0.0202417 0.0125
7 0.122448 -0.226084 0.0306483 0.0125
e_1_4 1 4 1 0.0125 0.277489 -0.000255191 0.0124765 -0.0337835 0.50286 0.497115 -0.706305 0.298459
e_4_5 4 5 2 0.0125 0.157535 -0.126191 0.0127853 0.461835 0.60485 0.358627 -0.540603 0.055391
e_5_6 5 6 3 0.0125 0.140267 -0.171334 0.0166673 0.434297 0.548261 0.33802 -0.629713 0.041981
e_6_7 6 7 4 0.0125 0.127192 -0.208175 0.0254453 0.616262 0.549531 0.250638 -0.505389 0.038486
e_7_8 7 8 5 0.0125 0.119848 -0.236059 0.0336231 0.622639 0.548269 0.246552 -0.500932 0.021459
e_8_9 8 9 6 0.0125 0.115058 -0.257195 0.0395772 0.657334 0.563352 0.236401 -0.441205 0.023514
e_9_2 9 2 7 0.0125 0.111805 -0.27843 0.0447033 0.689506 0.586126 0.22995 -0.357994 0.02071
