5
1 7 6
2 0.0456285 -0.240658 0.0531554 0.0125
4 0.118446 -0.0919342 0.0114974 0.0125
1 0.0769281 0.228733 0.0114976 0.0125
8 0.0618129 -0.228848 0.0453602 0.0125
5 0.103859 -0.144682 0.0116353 0.0125
6 0.094406 -0.162797 0.0177377 0.0125
7 0.0767374 -0.204879 0.0379338 0.0125
e_1_4 1 4 1 0.0125 0.0976872 0.0683989 0.0114974 0.696133 0.674442 0.21244 -0.124081 0.323344
e_4_5 4 5 2 0.0125 0.111153 -0.118308 0.0115657 0.690549 0.705422 -0.0334139 -0.156223 0.054728
e_5_6 5 6 3 0.0125 0.0991316 -0.15374 0.0146861 0.788228 0.57147 -0.174207 -0.147545 0.021325
e_6_7 6 7 4 0.0125 0.085571 -0.183839 0.0278354 0.827029 0.530575 -0.127116 -0.135481 0.049909
e_7_8 7 8 5 0.0125 0.0692744 -0.216864 0.0416467 0.777281 0.570558 -0.217428 -0.151733 0.029196
e_8_2 8 2 6 0.0125 0.0537213 -0.234754 0.049258 0.813576 0.40493 -0.393363 -0.139255 0.021498
2 11 10
2 -0.131846 0.0939098 0.0311508 0.0125
12 -0.122494 0.0768915 0.0263602 0.0125
11 -0.111318 0.0637206 0.0162785 0.0125
10 -0.098205 0.0490533 0.012403 0.0125
9 -0.0818226 0.0378259 0.0148968 0.0125
4 0.272919 -0.0521062 0.0217316 0.0125
1 0.31581 -0.0665908 0.0115842 0.0125
8 -0.0648405 0.0313151 0.0234112 0.0125
5 0.191984 -0.046552 0.0327243 0.0125
6 0.0689517 -0.0281347 0.036955 0.0125
7 -0.045315 0.024504 0.0251759 0.0125
e_1_4 1 4 1 0.0125 0.294365 -0.0593483 0.0166574 0.772469 -0.112579 -0.61479 -0.112471 0.046394
e_4_5 4 5 2 0.0125 0.232452 -0.0493284 0.0272277 0.745495 0.0483683 -0.656143 -0.10665 0.081866
e_5_6 5 6 3 0.0125 0.130468 -0.0373436 0.034839 0.709194 0.0117756 -0.694887 -0.118478 0.124476
e_6_7 6 7 4 0.0125 0.0118183 -0.00181555 0.0310659 0.658477 -0.162188 -0.721321 -0.140711 0.126358
e_7_8 7 8 5 0.0125 -0.0550774 0.0279098 0.0242943 0.662474 -0.0973261 -0.730094 -0.13645 0.020755
e_8_9 8 9 6 0.0125 -0.0733317 0.0345708 0.0191546 0.512762 -0.0561408 -0.84193 -0.158354 0.020081
e_9_10 9 10 7 0.0125 -0.0900137 0.0434398 0.0136494 0.64513 -0.276279 -0.69712 -0.146635 0.020017
e_10_11 10 11 8 0.0125 -0.104762 0.0563867 0.01434 0.763895 -0.405496 -0.488804 -0.114487 0.020052
e_11_12 11 12 9 0.0125 -0.116906 0.0703063 0.0213199 0.863433 -0.348056 -0.35612 -0.080741 0.020001
e_12_2 12 2 10 0.0125 -0.12717 0.0854 0.0287558 0.781179 -0.499426 -0.361678 -0.097578 0.02
3 6 5
2 0.288685 -0.340364 0.278629 0.0125
7 0.283711 -0.330275 0.261665 0.0125
6 0.277039 -0.315763 0.24806 0.0125
5 0.263659 -0.305279 0.230817 0.0125
1 0.00592256 -0.0508013 0.0114994 0.0125
4 0.161727 -0.225426 0.0994839 0.0125
e_1_4 1 4 1 0.0125 0.0838244 -0.138113 0.0554911 0.55522 0.566354 -0.0573406 0.606371 0.25002
e_4_5 4 5 2 0.0125 0.212693 -0.265352 0.16515 0.600854 0.379073 0.0160348 0.703578 0.184432
e_5_6 5 6 3 0.0125 0.270349 -0.310521 0.239438 0.600879 0.379034 0.0160072 0.703577 0.024213
e_6_7 6 7 4 0.0125 0.280375 -0.323019 0.254863 0.654885 0.396075 -0.137509 0.628762 0.020982
e_7_2 7 2 5 0.0125 0.286197 -0.33532 0.270147 0.675387 0.273049 -0.0934475 0.678648 0.020354
4 10 9
2 -0.182995 0.19272 0.0169935 0.0125
11 -0.165165 0.188753 0.0251415 0.0125
10 -0.147862 0.183861 0.033919 0.0125
9 -0.128692 0.180302 0.0383758 0.0125
4 -0.0137037 0.143245 0.0520769 0.0125
1 0.254677 -0.0165303 0.0124005 0.0125
8 -0.109246 0.177495 0.0422885 0.0125
5 -0.0516079 0.165995 0.0509531 0.0125
6 -0.0701095 0.174368 0.0487525 0.0125
7 -0.0900613 0.177753 0.0486729 0.0125
e_1_4 1 4 1 0.0125 0.120487 0.0633574 0.0322387 -0.650394 0.00987014 0.660979 0.374161 0.31485
e_4_5 4 5 2 0.0125 -0.0326556 0.154619 0.0515154 -0.601433 0.00581594 0.716012 0.35436 0.044222
e_5_6 5 6 3 0.0125 -0.0608588 0.17018 0.0498529 -0.588193 -0.0510391 0.742471 0.316483 0.020428
e_6_7 6 7 4 0.0125 -0.0800857 0.176061 0.0487129 -0.650528 -0.161533 0.689837 0.27358 0.020237
e_7_8 7 8 5 0.0125 -0.0996539 0.177624 0.0454801 -0.556829 -0.258694 0.76873 0.179091 0.020221
e_8_9 8 9 6 0.0125 -0.118969 0.178899 0.0403322 -0.588272 -0.183753 0.750931 0.237221 0.020033
e_9_10 9 10 7 0.0125 -0.138277 0.182081 0.0361474 -0.574434 -0.167076 0.763862 0.242127 0.02
e_10_11 10 11 8 0.0125 -0.156513 0.186307 0.0295309 -0.480037 -0.136147 0.837142 0.224102 0.020009
e_11_2 11 2 9 0.0125 -0.17408 0.190736 0.021067 -0.499078 -0.159864 0.823497 0.217296 0.020001
5 8 7
2 0.1862 0.243441 0.0235924 0.0125
9 0.192791 0.224753 0.0206897 0.0125
4 0.211402 0.120781 0.0211528 0.0125
1 0.11666 -0.224037 0.117835 0.0125
8 0.19791 0.206793 0.0135247 0.0125
5 0.211226 0.148134 0.0195072 0.0125
6 0.212868 0.170148 0.0187393 0.0125
7 0.206733 0.188918 0.0155195 0.0125
e_1_4 1 4 1 0.0125 0.16403 -0.0516286 0.0694938 0.606755 -0.751544 0.25628 0.0367514 0.370437
e_4_5 4 5 2 0.0125 0.211314 0.134458 0.0203304 0.683541 -0.72623 0.0510815 0.0524659 0.027403
e_5_6 5 6 3 0.0125 0.212047 0.159141 0.0191232 0.693067 -0.711958 0.102497 0.0476229 0.022089
e_6_7 6 7 4 0.0125 0.2098 0.179533 0.0171288 0.643961 -0.74543 -0.157484 0.0696157 0.020007
e_7_8 7 8 5 0.0125 0.202321 0.197855 0.0145222 0.666843 -0.697171 -0.252474 0.0743627 0.020033
e_8_9 8 9 6 0.0125 0.195351 0.215773 0.0171067 0.822116 -0.554192 -0.117364 0.0567559 0.020002
e_9_2 9 2 7 0.0125 0.189496 0.234097 0.022141 0.753868 -0.632912 -0.164143 0.0645161 0.020029
