5
1 7 6
2 -0.0293808 -0.0179686 0.039935 0.0125
4 0.0843676 0.087385 0.026573 0.0125
1 0.377439 0.245056 0.0118697 0.0125
8 -0.00950189 -0.00667214 0.0207751 0.0125
5 0.0405026 0.0510001 0.0146257 0.0125
6 0.0230829 0.0200749 0.0114886 0.0125
7 0.00704225 0.0067833 0.0153654 0.0125
e_1_4 1 4 1 0.0125 0.230903 0.166221 0.0192217 0.541302 -0.15789 -0.673053 0.478604 0.333117
e_4_5 4 5 2 0.0125 0.0624351 0.0691931 0.020599 0.0604356 -0.547214 -0.550588 0.627501 0.058231
e_5_6 5 6 3 0.0125 0.0317927 0.0355381 0.0130567 -0.60858 -0.736025 0.0477724 0.292602 0.035632
e_6_7 6 7 4 0.0125 0.0150634 0.0134292 0.013427 0.686989 0.143054 -0.622943 0.345722 0.02119
e_7_8 7 8 5 0.0125 -0.00123008 5.51562e-05 0.0180703 0.755874 0.233933 -0.567735 0.227171 0.022001
e_8_2 8 2 6 0.0125 -0.0194413 -0.0123203 0.0303557 0.872454 0.30053 -0.297554 -0.24488 0.02983
2 10 9
2 -0.196855 0.28848 0.0616618 0.0125
11 -0.186285 0.271523 0.062542 0.0125
10 -0.176523 0.254163 0.064406 0.0125
9 -0.167596 0.237097 0.0590087 0.0125
4 0.0521236 -0.0717442 0.0482903 0.0125
1 0.0748269 -0.115705 0.0360271 0.0125
8 -0.15476 0.220384 0.051986 0.0125
5 -0.0402437 0.112087 0.0270967 0.0125
6 -0.102558 0.167169 0.0386205 0.0125
7 -0.137722 0.203213 0.0444842 0.0125
e_1_4 1 4 1 0.0125 0.0634755 -0.0937246 0.0421593 0.78698 -0.55816 -0.261091 0.0308467 0.050974
e_4_5 4 5 2 0.0125 0.0059403 0.020171 0.0376929 0.669623 -0.672692 -0.314203 0.019185 0.206821
e_5_6 5 6 3 0.0125 -0.0714005 0.139628 0.0328584 0.74119 -0.51813 -0.403628 0.138791 0.083964
e_6_7 6 7 4 0.0125 -0.12014 0.185191 0.0415525 0.737695 -0.542708 -0.38424 0.116763 0.050696
e_7_8 7 8 5 0.0125 -0.146241 0.211798 0.0482351 0.796059 -0.478654 -0.350395 0.120013 0.025326
e_8_9 8 9 6 0.0125 -0.161179 0.22874 0.0554976 0.806872 -0.49811 -0.306275 0.0839029 0.022212
e_9_10 9 10 7 0.0125 -0.17206 0.24563 0.0617078 0.796127 -0.546568 -0.257582 0.0331209 0.020003
e_10_11 10 11 8 0.0125 -0.181405 0.262843 0.0634734 0.672512 -0.661761 -0.329643 0.0336951 0.020004
e_11_2 11 2 9 0.0125 -0.19157 0.280002 0.0621014 0.689657 -0.638519 -0.338078 0.0486828 0.020001
3 10 9
2 -0.288595 0.28789 0.0221815 0.0125
11 -0.270371 0.280094 0.0177781 0.0125
10 -0.250325 0.272786 0.0149575 0.0125
9 -0.229234 0.268391 0.0174982 0.0125
4 -0.0976645 0.0059318 0.0357236 0.0125
1 -0.0643644 -0.102178 0.0114947 0.0125
8 -0.210332 0.262035 0.0124704 0.0125
5 -0.12476 0.189112 0.0169358 0.0125
6 -0.137535 0.20864 0.0124811 0.0125
7 -0.161984 0.22712 0.0140464 0.0125
e_1_4 1 4 1 0.0125 -0.0810151 -0.0481233 0.0236096 -0.567196 0.564869 -0.276054 -0.531983 0.115688
e_4_5 4 5 2 0.0125 -0.111212 0.0975219 0.0263297 -0.519787 0.637577 -0.379431 -0.423496 0.186124
e_5_6 5 6 3 0.0125 -0.131148 0.198876 0.0147078 -0.363522 0.714265 -0.289081 -0.523554 0.023757
e_6_7 6 7 4 0.0125 -0.149759 0.21788 0.0132637 -0.30774 0.67388 -0.142778 -0.656351 0.030687
e_7_8 7 8 5 0.0125 -0.186158 0.244578 0.0132582 -0.275613 0.699223 -0.155881 -0.640957 0.059658
e_8_9 8 9 6 0.0125 -0.219783 0.265213 0.0149843 -0.243276 0.614576 -0.00667485 -0.750379 0.020566
e_9_10 9 10 7 0.0125 -0.23978 0.270589 0.0162283 -0.0687056 0.743492 -0.0760022 -0.66085 0.021693
e_10_11 10 11 8 0.0125 -0.260348 0.27644 0.0163673 -0.212142 0.657822 -0.0418908 -0.721465 0.021522
e_11_2 11 2 9 0.0125 -0.279483 0.283992 0.0199801 -0.265385 0.624732 -0.0356741 -0.73349 0.020305
4 7 6
2 -0.384492 -0.0748267 0.012283 0.0125
4 -0.207438 -0.0558747 0.0172517 0.0125
1 0.0824398 -0.173797 0.0505173 0.0125
8 -0.364476 -0.0644951 0.0130608 0.0125
5 -0.302775 -0.0425398 0.0124831 0.0125
6 -0.322879 -0.0444591 0.0126148 0.0125
7 -0.345931 -0.0555892 0.0127828 0.0125
e_1_4 1 4 1 0.0125 -0.0624994 -0.114835 0.033885 0.638039 -0.061201 -0.741017 -0.200136 0.314709
e_4_5 4 5 2 0.0125 -0.255107 -0.0492066 0.0148675 0.672649 0.0592545 -0.721959 -0.151025 0.096383
e_5_6 5 6 3 0.0125 -0.312827 -0.0434993 0.0125486 0.70175 0.168995 -0.684251 -0.103865 0.020196
e_6_7 6 7 4 0.0125 -0.334405 -0.050024 0.0126985 0.708883 0.331193 -0.622105 -0.0279453 0.025599
e_7_8 7 8 5 0.0125 -0.355204 -0.0600422 0.0129222 0.71128 0.32947 -0.620239 -0.0288831 0.020575
e_8_2 8 2 6 0.0125 -0.374484 -0.069661 0.0126722 0.694528 0.347546 -0.629657 -0.0193325 0.022538
5 8 7
2 0.117548 -0.221528 0.0114967 0.0125
9 0.105009 -0.188675 0.0142316 0.0125
4 -0.0880834 0.190108 0.0373604 0.0125
1 -0.103652 0.203279 0.0410001 0.0125
8 0.10336 -0.149106 0.0155723 0.0125
5 -0.0699416 0.172098 0.0364758 0.0125
6 -0.0233089 0.118518 0.0552579 0.0125
7 0.0990874 -0.0870409 0.0124092 0.0125
e_1_4 1 4 1 0.0125 -0.0958672 0.196694 0.0391795 0.494056 0.0073214 0.766689 -0.409932 0.020715
e_4_5 4 5 2 0.0125 -0.079012 0.181103 0.0369176 0.530894 0.0579328 0.716884 -0.448188 0.025579
e_5_6 5 6 3 0.0125 -0.0466247 0.145308 0.0458675 0.628583 0.121236 0.597901 -0.48239 0.073473
e_6_7 6 7 4 0.0125 0.0378888 0.0157382 0.0338332 0.405313 0.111968 0.758692 -0.497565 0.243046
e_7_8 7 8 5 0.0125 0.101223 -0.118074 0.0139915 0.362258 0.30251 0.618946 -0.627824 0.062292
e_8_9 8 9 6 0.0125 0.104185 -0.168891 0.0149019 0.308544 0.292062 0.65698 -0.622798 0.039626
e_9_2 9 2 7 0.0125 0.111279 -0.205101 0.0128643 0.395411 0.186476 0.709927 -0.55216 0.035269
