5
1 8 7
2 -0.405138 0.050753 0.215106 0.0125
9 -0.387757 0.0564309 0.206947 0.0125
4 -0.0632458 0.120804 0.0318971 0.0125
1 0.0320669 0.138016 0.011454 0.0125
8 -0.373124 0.0595911 0.193558 0.0125
5 -0.235887 0.0816577 0.0881654 0.0125
6 -0.324798 0.0682763 0.15267 0.0125
7 -0.34923 0.0598529 0.171496 0.0125
e_1_4 1 4 1 0.0125 -0.0155896 0.12941 0.0216762 0.0835993 -0.604199 -0.177996 0.772187 0.098988
e_4_5 4 5 2 0.0125 -0.149567 0.101231 0.0600319 0.072272 -0.561753 -0.181583 0.803889 0.185752
e_5_6 5 6 3 0.0125 -0.280343 0.0749672 0.120418 0.115231 -0.438969 -0.125882 0.882146 0.110658
e_6_7 6 7 4 0.0125 -0.337014 0.0640648 0.162082 0.0543831 -0.418851 -0.173673 0.889631 0.031972
e_7_8 7 8 5 0.0125 -0.361176 0.059722 0.182527 0.163988 -0.393736 -0.0761135 0.901269 0.032523
e_8_9 8 9 6 0.0125 -0.380441 0.058011 0.200252 0.100233 -0.387205 -0.129466 0.907339 0.020085
e_9_2 9 2 7 0.0125 -0.396448 0.0535921 0.211026 0.0447453 -0.507619 -0.19638 0.837709 0.020023
2 6 5
2 -0.108142 0.192446 0.102689 0.0125
7 -0.104373 0.18457 0.0841327 0.0125
6 -0.0917251 0.17408 0.0708357 0.0125
5 -0.0760986 0.155957 0.0589751 0.0125
1 0.123316 -0.22354 0.011497 0.0125
4 -0.00377857 0.011571 0.0486051 0.0125
e_1_4 1 4 1 0.0125 0.0597688 -0.105984 0.0300508 0.752815 -0.59531 -0.277209 0.045058 0.269829
e_4_5 4 5 2 0.0125 -0.0399387 0.083764 0.0537896 0.727845 -0.630402 -0.265613 0.0478052 0.161817
e_5_6 5 6 3 0.0125 -0.0839123 0.165018 0.0649059 0.849208 -0.41109 -0.330102 0.0297319 0.026708
e_6_7 6 7 4 0.0125 -0.0980491 0.179325 0.077484 0.902169 -0.284033 -0.323707 0.0251101 0.021138
e_7_2 7 2 5 0.0125 -0.106258 0.188507 0.0934109 0.973933 -0.202363 -0.0814231 0.0622477 0.020508
3 9 8
2 0.190843 0.232558 0.23679 0.0125
10 0.170754 0.228035 0.211433 0.0125
9 0.157781 0.223363 0.195559 0.0125
4 -0.121145 0.248886 0.0631412 0.0125
1 -0.244589 0.271774 0.0114951 0.0125
8 0.0277795 0.23061 0.128939 0.0125
5 -0.075368 0.245171 0.0849567 0.0125
6 -0.0334716 0.236825 0.0992212 0.0125
7 0.00395852 0.231758 0.117422 0.0125
e_1_4 1 4 1 0.0125 -0.182867 0.26033 0.0373181 0.311716 -0.469204 0.299385 -0.770097 0.135756
e_4_5 4 5 2 0.0125 -0.0982562 0.247028 0.0740498 0.342462 -0.469362 0.25527 -0.772824 0.050845
e_5_6 5 6 3 0.0125 -0.0544201 0.240998 0.0920896 0.299239 -0.490723 0.317549 -0.754195 0.045039
e_6_7 6 7 4 0.0125 -0.0147559 0.234292 0.108321 0.330769 -0.457373 0.271587 -0.779514 0.041928
e_7_8 7 8 5 0.0125 0.0158689 0.231184 0.123181 0.350753 -0.472684 0.24318 -0.770977 0.026484
e_8_9 8 9 6 0.0125 0.0927799 0.226986 0.162249 0.351685 -0.462668 0.241225 -0.777217 0.146256
e_9_10 9 10 7 0.0125 0.164267 0.2257 0.203495 0.45568 -0.345426 0.0565961 -0.818433 0.021027
e_10_2 10 2 8 0.0125 0.180799 0.230296 0.224111 0.436564 -0.323203 0.0860464 -0.835193 0.032665
4 11 10
2 0.147876 0.221813 0.0118082 0.0125
12 0.140859 0.204442 0.0188126 0.0125
11 0.132034 0.187149 0.0236162 0.0125
10 0.123759 0.170728 0.0314906 0.0125
9 0.112909 0.154648 0.0363996 0.0125
4 0.0067106 0.0547579 0.071787 0.0125
1 -0.17867 -0.134331 0.0939694 0.0125
8 0.0976623 0.141708 0.035769 0.0125
5 0.0556183 0.0982191 0.0388528 0.0125
6 0.0683142 0.114619 0.0359727 0.0125
7 0.0830911 0.128022 0.037415 0.0125
e_1_4 1 4 1 0.0125 -0.0859791 -0.039786 0.0828777 0.181924 -0.637561 -0.367771 -0.652046 0.26573
e_4_5 4 5 2 0.0125 0.0311638 0.0764884 0.0553193 0.0701752 -0.706315 -0.475315 -0.519875 0.073249
e_5_6 5 6 3 0.0125 0.0619656 0.106419 0.0374125 0.228312 -0.640209 -0.398626 -0.615714 0.020939
e_6_7 6 7 4 0.0125 0.0757022 0.121319 0.036694 0.189847 -0.605935 -0.311125 -0.707109 0.020001
e_7_8 7 8 5 0.0125 0.0903767 0.134865 0.036592 0.160329 -0.640086 -0.362377 -0.65823 0.020059
e_8_9 8 9 6 0.0125 0.105286 0.148178 0.0360842 0.160868 -0.617915 -0.320027 -0.699918 0.020008
e_9_10 9 10 7 0.0125 0.118334 0.162688 0.0339451 0.232493 -0.656114 -0.438389 -0.568574 0.020009
e_10_11 10 11 8 0.0125 0.127896 0.178939 0.0275534 0.248723 -0.671881 -0.49538 -0.491235 0.020003
e_11_12 11 12 9 0.0125 0.136447 0.195796 0.0212139 0.288933 -0.644982 -0.45178 -0.544436 0.020001
e_12_2 12 2 10 0.0125 0.144367 0.213128 0.0153103 0.294765 -0.657355 -0.492921 -0.487881 0.020001
5 10 9
2 -0.214969 -0.0196456 0.0389366 0.0125
11 -0.194898 -0.0196745 0.038515 0.0125
10 -0.176532 -0.0127009 0.0423451 0.0125
9 -0.158558 -0.00399249 0.0440557 0.0125
4 0.102237 0.131854 0.0686401 0.0125
1 0.207244 0.204918 0.0126225 0.0125
8 -0.141457 0.00647474 0.0495431 0.0125
5 0.085595 0.120221 0.0776973 0.0125
6 -0.0423341 0.0595561 0.0763709 0.0125
7 -0.097984 0.029392 0.0610339 0.0125
e_1_4 1 4 1 0.0125 0.154741 0.168385 0.0406313 0.836814 0.30312 -0.455585 0.0174284 0.139653
e_4_5 4 5 2 0.0125 0.0939163 0.126037 0.0731688 0.838656 0.301887 -0.452962 0.0185853 0.022234
e_5_6 5 6 3 0.0125 0.0216306 0.0898888 0.077035 0.701249 0.357764 -0.613749 -0.0597219 0.14159
e_6_7 6 7 4 0.0125 -0.0701593 0.0444741 0.0687031 0.614087 0.452224 -0.642835 -0.0717832 0.06513
e_7_8 7 8 5 0.0125 -0.11972 0.0179335 0.0552881 0.617073 0.444607 -0.645111 -0.0733283 0.05047
e_8_9 8 9 6 0.0125 -0.150007 0.00124053 0.0467997 0.603272 0.484156 -0.630531 -0.0639311 0.020788
e_9_10 9 10 7 0.0125 -0.167545 -0.00834671 0.0432004 0.673016 0.384561 -0.628313 -0.0662254 0.020045
e_10_11 10 11 8 0.0125 -0.185716 -0.0161878 0.0404299 0.629024 0.376527 -0.673732 -0.0929655 0.020016
e_11_2 11 2 9 0.0125 -0.204934 -0.0196609 0.0387257 0.70341 0.121769 -0.68896 -0.125378 0.020075
