5
1 10 9
2 0.181025 -0.288502 0.129015 0.0125
11 0.177745 -0.269358 0.123621 0.0125
10 0.174508 -0.254294 0.110713 0.0125
9 0.168572 -0.240136 0.0971277 0.0125
4 0.134639 -0.132339 0.0434295 0.0125
1 0.0579929 0.165974 0.0114952 0.0125
8 0.155671 -0.223895 0.090773 0.0125
5 0.143227 -0.149604 0.048916 0.0125
6 0.145334 -0.180481 0.0645748 0.0125
7 0.146074 -0.208731 0.0793372 0.0125
e_1_4 1 4 1 0.0125 0.0963158 0.016818 0.0274622 0.630123 0.462096 0.484667 -0.393077 0.309652
e_4_5 4 5 2 0.0125 0.138932 -0.140971 0.0461725 0.711713 0.359831 0.483432 -0.360942 0.020049
e_5_6 5 6 3 0.0125 0.14428 -0.165042 0.0567461 0.718683 0.421634 0.310619 -0.457423 0.034685
e_6_7 6 7 4 0.0125 0.145704 -0.194607 0.0719566 0.717343 0.427063 0.293466 -0.46574 0.031884
e_7_8 7 8 5 0.0125 0.150873 -0.216313 0.0850547 0.799057 0.264506 0.401656 -0.360857 0.021279
e_8_9 8 9 6 0.0125 0.162121 -0.232015 0.0939503 0.740689 0.285003 0.52183 -0.312803 0.021693
e_9_10 9 10 7 0.0125 0.17154 -0.247215 0.10392 0.818699 0.270165 0.309282 -0.401358 0.020501
e_10_11 10 11 8 0.0125 0.176127 -0.261826 0.117167 0.795256 0.320344 0.276221 -0.434339 0.0201
e_11_2 11 2 9 0.0125 0.179385 -0.27893 0.126318 0.6723 0.448969 0.405759 -0.426379 0.020158
2 10 9
2 -0.38735 0.130128 0.142591 0.0125
11 -0.375468 0.12472 0.127253 0.0125
10 -0.358344 0.117665 0.118743 0.0125
9 -0.34257 0.10922 0.109221 0.0125
4 -0.16288 -0.0716743 0.0114924 0.0125
1 -0.0552086 -0.188694 0.0142772 0.0125
8 -0.326093 0.100669 0.100688 0.0125
5 -0.19619 -0.0372276 0.0169915 0.0125
6 -0.288354 0.0380209 0.0717852 0.0125
7 -0.31071 0.086307 0.0979257 0.0125
e_1_4 1 4 1 0.0125 -0.109044 -0.130185 0.0128852 0.0604503 0.435887 -0.564586 -0.698277 0.159042
e_4_5 4 5 2 0.0125 -0.179536 -0.0544514 0.0142421 0.0848347 0.405285 -0.527953 -0.741494 0.048233
e_5_6 5 6 3 0.0125 -0.242272 0.000396628 0.0443884 0.182661 0.333821 -0.423573 -0.822061 0.130991
e_6_7 6 7 4 0.0125 -0.299531 0.0621633 0.0848555 -0.0824002 0.267668 -0.455954 -0.84479 0.059285
e_7_8 7 8 5 0.0125 -0.318401 0.0934885 0.0993073 0.115293 0.407302 -0.518662 -0.742834 0.021226
e_8_9 8 9 6 0.0125 -0.334331 0.104945 0.104955 0.298551 0.35969 -0.402252 -0.787199 0.020431
e_9_10 9 10 7 0.0125 -0.350457 0.113442 0.113982 0.297164 0.341534 -0.385293 -0.804113 0.020268
e_10_11 10 11 8 0.0125 -0.366906 0.121193 0.122998 0.346242 0.370297 -0.392602 -0.767372 0.020383
e_11_2 11 2 9 0.0125 -0.381409 0.127424 0.134922 0.360617 0.235201 -0.252836 -0.866435 0.020141
3 8 7
2 -0.194165 -0.233952 0.0460099 0.0125
9 -0.186489 -0.213956 0.0507894 0.0125
4 0.0357104 0.0925515 0.0315878 0.0125
1 0.115832 0.142741 0.0554473 0.0125
8 -0.17283 -0.198973 0.0500507 0.0125
5 -0.00235853 0.0419578 0.0325207 0.0125
6 -0.123334 -0.142174 0.0371846 0.0125
7 -0.139777 -0.164288 0.0425255 0.0125
e_1_4 1 4 1 0.0125 0.075772 0.117647 0.0435179 0.613375 0.459055 -0.641573 -0.0377274 0.097508
e_4_5 4 5 2 0.0125 0.0166764 0.0672548 0.0320542 0.711765 0.57676 -0.399973 -0.027584 0.063324
e_5_6 5 6 3 0.0125 -0.0628468 -0.0501083 0.0348528 0.714031 0.598905 -0.361567 -0.0272437 0.220366
e_6_7 6 7 4 0.0125 -0.131556 -0.153231 0.0398551 0.771279 0.518388 -0.368979 -0.016021 0.02807
e_7_8 7 8 5 0.0125 -0.156304 -0.181631 0.0462877 0.759787 0.480607 -0.437539 -0.0173196 0.048499
e_8_9 8 9 6 0.0125 -0.179659 -0.206464 0.0504196 0.719417 0.52917 -0.449188 -0.0254586 0.020287
e_9_2 9 2 7 0.0125 -0.190327 -0.223954 0.0483992 0.624121 0.744794 -0.232751 -0.0397803 0.021946
4 10 9
2 -0.114577 0.119399 0.0540488 0.0125
11 -0.100115 0.105669 0.0524665 0.0125
10 -0.0841603 0.093738 0.0506929 0.0125
9 -0.065381 0.0869798 0.0493219 0.0125
4 0.318042 -0.0190219 0.0154873 0.0125
1 0.353885 -0.0286968 0.0124104 0.0125
8 -0.0471965 0.0786727 0.0484559 0.0125
5 0.0160828 0.0688987 0.0593414 0.0125
6 -0.00835863 0.0712446 0.0547075 0.0125
7 -0.0278292 0.0738254 0.0501624 0.0125
e_1_4 1 4 1 0.0125 0.335964 -0.0238602 0.0139487 0.510419 -0.593368 -0.326527 0.529874 0.037253
e_4_5 4 5 2 0.0125 0.167063 0.0249384 0.0374143 0.545097 -0.568312 -0.328589 0.521459 0.317542
e_5_6 5 6 3 0.0125 0.00386273 0.0700719 0.0570242 0.309464 -0.705895 -0.30729 0.558137 0.024987
e_6_7 6 7 4 0.0125 -0.0180934 0.0725351 0.0524354 0.291924 -0.733552 -0.273179 0.549595 0.02016
e_7_8 7 8 5 0.0125 -0.0375129 0.0762496 0.0493096 0.407281 -0.678175 -0.287539 0.539928 0.020038
e_8_9 8 9 6 0.0125 -0.0562884 0.0828261 0.0488885 0.51421 -0.646375 -0.246092 0.507175 0.020011
e_9_10 9 10 7 0.0125 -0.0747706 0.0903596 0.0500072 0.514577 -0.618732 -0.287918 0.519119 0.020006
e_10_11 10 11 8 0.0125 -0.0921378 0.0997042 0.0515802 0.572217 -0.654783 -0.164091 0.465726 0.020001
e_11_2 11 2 9 0.0125 -0.107346 0.112533 0.0532579 0.586606 -0.669287 -0.111834 0.442088 0.020003
5 6 5
2 0.0283656 -0.254902 0.0591564 0.0125
7 0.0197658 -0.23762 0.0538918 0.0125
6 0.012902 -0.219232 0.0499103 0.0125
5 0.00336368 -0.201619 0.0520141 0.0125
1 -0.387587 -0.00737876 0.0853537 0.0125
4 -0.00933419 -0.186051 0.0512274 0.0125
e_1_4 1 4 1 0.0125 -0.198461 -0.0967143 0.0682902 0.615874 0.562916 0.473051 0.282927 0.419719
e_4_5 4 5 2 0.0125 -0.00298569 -0.193834 0.0516203 0.674768 0.656884 0.221203 0.253497 0.020105
e_5_6 5 6 3 0.0125 0.00813224 -0.210425 0.0509624 0.625714 0.736454 0.0992797 0.237192 0.020141
e_6_7 6 7 4 0.0125 0.0163338 -0.228426 0.0519015 0.742858 0.631311 0.0453767 0.218057 0.020027
e_7_2 7 2 5 0.0125 0.0240657 -0.246261 0.0565241 0.761775 0.597942 0.104397 0.226418 0.020009
