5
1 6 5
2 0.106088 -0.288281 0.0339542 0.0125
7 0.0798585 -0.240817 0.0309183 0.0125
6 0.0582493 -0.194454 0.0191008 0.0125
5 -0.0245803 -0.100803 0.0114903 0.0125
1 -0.256415 0.0215418 0.0114998 0.0125
4 -0.172671 -0.033414 0.0366986 0.0125
e_1_4 1 4 1 0.0125 -0.214543 -0.00593645 0.0240993 0.177455 0.57675 -0.213012 0.768436 0.103287
e_4_5 4 5 2 0.0125 -0.0986253 -0.0671079 0.0240944 0.0471314 0.712083 -0.26361 0.649019 0.164644
e_5_6 5 6 3 0.0125 0.0168344 -0.147628 0.015296 0.320631 0.633633 -0.261016 0.653893 0.125257
e_6_7 6 7 4 0.0125 0.0690536 -0.217636 0.0250096 0.508699 0.566543 -0.257844 0.594787 0.052499
e_7_2 7 2 5 0.0125 0.0929727 -0.264549 0.0324362 0.439884 0.628556 -0.277437 0.578315 0.054314
2 6 5
2 0.0552046 -0.246805 0.0830464 0.0125
7 0.0428926 -0.232005 0.0663292 0.0125
6 0.040681 -0.211722 0.0517577 0.0125
5 0.0703607 -0.0606014 0.0128115 0.0125
1 0.117722 0.203709 0.105871 0.0125
4 0.0843092 0.0156384 0.0114939 0.0125
e_1_4 1 4 1 0.0125 0.101015 0.109674 0.0586829 0.527569 0.839915 -0.126576 -0.0138539 0.213059
e_4_5 4 5 2 0.0125 0.0773346 -0.0224814 0.0121533 0.712331 0.683061 -0.157886 0.0329338 0.077517
e_5_6 5 6 3 0.0125 0.0555205 -0.136162 0.0322852 0.787308 0.593667 -0.15804 0.0522326 0.158856
e_6_7 6 7 4 0.0125 0.0417872 -0.221863 0.0590431 0.888323 0.456643 0.0300308 0.0381883 0.025072
e_7_2 7 2 5 0.0125 0.049049 -0.239404 0.0746879 0.909846 0.320409 0.263618 0.00492321 0.025497
3 7 6
2 0.2169 -0.187038 0.0183545 0.0125
4 0.0426201 -0.0468563 0.0586625 0.0125
1 -0.106297 0.161973 0.0234929 0.0125
8 0.154024 -0.15483 0.0583083 0.0125
5 0.0562487 -0.0707319 0.0649743 0.0125
6 0.104626 -0.125718 0.064042 0.0125
7 0.132474 -0.147768 0.0597783 0.0125
e_1_4 1 4 1 0.0125 -0.0318383 0.0575581 0.0410774 -0.368613 0.0711004 -0.65347 0.657303 0.258888
e_4_5 4 5 2 0.0125 0.049434 -0.058794 0.0618187 -0.295385 0.0816482 -0.61761 0.724319 0.028207
e_5_6 5 6 3 0.0125 0.0804373 -0.098225 0.0645088 -0.386535 0.0985955 -0.70473 0.586707 0.073244
e_6_7 6 7 4 0.0125 0.11855 -0.136743 0.0619102 -0.465628 0.0920759 -0.742366 0.47287 0.035776
e_7_8 7 8 5 0.0125 0.143249 -0.151299 0.0590442 -0.642856 0.0228426 -0.729268 0.233201 0.022725
e_8_2 8 2 6 0.0125 0.185462 -0.170933 0.0383308 -0.379944 0.207952 -0.838391 0.330907 0.081161
4 10 9
2 -0.258872 0.0742672 0.0118713 0.0125
11 -0.239047 0.081472 0.0128293 0.0125
10 -0.217686 0.0810207 0.0146576 0.0125
9 -0.195901 0.085813 0.0151549 0.0125
4 0.0845505 0.0101904 0.0380623 0.0125
1 0.206101 -0.0422605 0.0631677 0.0125
8 -0.175695 0.0836703 0.0212763 0.0125
5 0.00638437 0.0374209 0.0115446 0.0125
6 -0.125038 0.0640729 0.0308844 0.0125
7 -0.15425 0.0725194 0.0317455 0.0125
e_1_4 1 4 1 0.0125 0.145326 -0.0160354 0.0506156 0.592883 -0.544412 -0.544771 0.235224 0.134744
e_4_5 4 5 2 0.0125 0.0454676 0.0238053 0.0248037 0.531059 -0.570462 -0.571942 0.255795 0.086917
e_5_6 5 6 3 0.0125 -0.0593268 0.0507472 0.0212151 0.678012 -0.400375 -0.518001 0.334176 0.135485
e_6_7 6 7 4 0.0125 -0.139644 0.0682961 0.0313153 0.652286 -0.454211 -0.528718 0.297778 0.03042
e_7_8 7 8 5 0.0125 -0.164972 0.0780952 0.0265112 0.51468 -0.619334 -0.561374 0.19076 0.026341
e_8_9 8 9 6 0.0125 -0.185797 0.0847416 0.0182158 0.486176 -0.531353 -0.601592 0.345519 0.021222
e_9_10 9 10 7 0.0125 -0.206793 0.0834172 0.0149056 0.493993 -0.385624 -0.602021 0.494808 0.022311
e_10_11 10 11 8 0.0125 -0.228366 0.081246 0.0137437 0.545421 -0.447985 -0.58475 0.399865 0.021443
e_11_2 11 2 9 0.0125 -0.248959 0.0778696 0.0123508 0.433702 -0.373922 -0.618765 0.537787 0.021116
5 10 9
2 -0.315789 -0.2885 0.0238579 0.0125
11 -0.315672 -0.269914 0.0163383 0.0125
10 -0.313346 -0.250011 0.0124885 0.0125
9 -0.304953 -0.230322 0.0170559 0.0125
4 -0.000926475 -0.0818317 0.0403162 0.0125
1 0.0858281 -0.0661358 0.0397749 0.0125
8 -0.293279 -0.214094 0.0144471 0.0125
5 -0.171131 -0.130981 0.0352548 0.0125
6 -0.250596 -0.174681 0.0274791 0.0125
7 -0.273006 -0.187967 0.0175989 0.0125
e_1_4 1 4 1 0.0125 0.0424508 -0.0739837 0.0400456 -0.708781 -0.151325 0.688497 0.026494 0.088165
e_4_5 4 5 2 0.0125 -0.0860288 -0.106406 0.0377862 -0.696922 -0.194575 0.690232 -0.00442495 0.177231
e_5_6 5 6 3 0.0125 -0.210863 -0.152831 0.0313669 -0.672455 -0.28491 0.679368 -0.0713401 0.091021
e_6_7 6 7 4 0.0125 -0.261801 -0.181324 0.0225385 -0.562132 -0.313256 0.761035 -0.0818768 0.027863
e_7_8 7 8 5 0.0125 -0.283143 -0.20103 0.0160231 -0.645288 -0.432498 0.600318 -0.190176 0.033219
e_8_9 8 9 6 0.0125 -0.299116 -0.222208 0.0157514 -0.72636 -0.418969 0.509681 -0.192593 0.020161
e_9_10 9 10 7 0.0125 -0.309149 -0.240167 0.0147721 -0.57204 -0.523571 0.574643 -0.261589 0.021884
e_10_11 10 11 8 0.0125 -0.314509 -0.259963 0.0144136 -0.703794 -0.547388 0.325665 -0.314614 0.020406
e_11_2 11 2 9 0.0125 -0.315731 -0.279207 0.0200977 -0.769255 -0.517276 0.21191 -0.309461 0.02005
