8
1 19 18
3 -0.0536655 0.0522218 0.10686 0.0125
20 -0.0682352 0.0549062 0.0932076 0.0125
19 -0.0825074 0.0560325 0.0787802 0.0125
10 -0.00886499 -0.121719 0.100604 0.0125
5 -0.0770346 -0.207444 0.0999665 0.0125
6 -0.0967127 -0.200194 0.0305441 0.0125
9 -0.0390618 -0.205396 0.108057 0.0125
2 0.0198264 -0.201717 0.124009 0.0125
8 -0.0808715 -0.203041 0.0486112 0.0125
11 -0.0510823 -0.0576524 0.0715653 0.0125
12 -0.0643493 -0.0419609 0.0660077 0.0125
13 -0.104104 0.00836852 0.0488655 0.0125
1 -0.125052 0.0436353 0.0392232 0.0125
18 -0.0979907 0.0508154 0.0665173 0.0125
14 -0.113212 0.0285516 0.0335378 0.0125
15 -0.102036 0.0132749 0.0270811 0.0125
16 -0.0879278 0.00040346 0.0211385 0.0125
17 -0.0772088 -0.015728 0.0161544 0.0125
4 -0.06382 -0.0298316 0.0114808 0.0125
e_2_8 2 8 1 0.0125 -0.0305224 -0.202379 0.0863094 0.447547 -0.000215781 -0.89424 0.00599217 0.125804
e_8_6 8 6 2 0.0125 -0.0887924 -0.201617 0.0395772 0.2828 -0.689761 -0.630528 0.216075 0.024196
e_2_9 2 9 1 0.0125 -0.00961731 -0.203556 0.116033 0.607633 0.0716576 -0.790796 -0.0170062 0.061121
e_9_5 9 5 2 0.0125 -0.0580482 -0.20642 0.104012 0.629113 0.0576977 -0.775063 -0.0128546 0.038879
e_2_10 2 10 1 0.0125 0.00548083 -0.161718 0.112306 0.555258 -0.793629 0.0538997 0.242766 0.088152
e_10_11 10 11 2 0.0125 -0.0299739 -0.0896855 0.0860843 0.509958 -0.81633 -0.102911 0.250915 0.082037
e_11_12 11 12 3 0.0125 -0.0577162 -0.0498071 0.0687868 0.561174 -0.756825 -0.240305 0.233566 0.021287
e_12_13 12 13 4 0.0125 -0.0842273 -0.0167962 0.0574369 0.561582 -0.764156 -0.212545 0.235619 0.066388
e_13_1 13 1 5 0.0125 -0.114578 0.0260019 0.0440445 0.573325 -0.775982 -0.110748 0.238507 0.042137
e_1_14 1 14 1 0.0125 -0.119132 0.0360935 0.0363812 0.578207 0.482392 0.639878 -0.153399 0.02
e_14_15 14 15 2 0.0125 -0.107624 0.0209138 0.0303094 0.559767 0.500295 0.641187 -0.158887 0.02
e_15_16 15 16 3 0.0125 -0.0949819 0.00683971 0.0241105 0.578679 0.400662 0.698594 -0.128716 0.02
e_16_17 16 17 4 0.0125 -0.0825686 -0.00766177 0.0186461 0.590378 0.517319 0.597488 -0.163835 0.02
e_17_4 17 4 5 0.0125 -0.0705148 -0.0227803 0.0138179 0.603282 0.434 0.654574 -0.138667 0.02
e_1_18 1 18 1 0.0125 -0.111521 0.0472254 0.0528702 0.921113 -0.0898804 0.378025 0.0238777 0.0391
e_18_19 18 19 2 0.0125 -0.0902494 0.0534234 0.072649 0.893842 -0.126211 0.428851 0.0347017 0.020429
e_19_20 19 20 3 0.0125 -0.0753713 0.0554689 0.0859939 0.924543 0.0252366 0.380068 -0.0114997 0.020325
e_20_3 20 3 4 0.0125 -0.0609508 0.0535635 0.100034 0.915586 0.0627547 0.396521 -0.0231316 0.020146
2 26 25
3 0.181918 0.00931971 0.0114906 0.0125
27 0.184632 0.0303089 0.0233071 0.0125
26 0.188127 0.0451364 0.0370746 0.0125
25 0.187372 0.0585233 0.0522322 0.0125
4 0.148471 0.141241 0.011491 0.0125
24 0.165908 0.121867 0.0348118 0.0125
23 0.182633 0.0992764 0.0587925 0.0125
1 0.195674 0.0820728 0.0767449 0.0125
22 0.188636 0.0634752 0.0741786 0.0125
21 0.178651 0.0475557 0.0673188 0.0125
6 -0.0430401 0.0748097 0.0733982 0.0125
11 -0.040604 0.053299 0.0631974 0.0125
10 -0.0383734 0.0212692 0.0482452 0.0125
9 -0.0365789 -0.000504514 0.0389124 0.0125
2 -0.0391467 -0.0614511 0.0114945 0.0125
19 0.156087 0.0249448 0.0440952 0.0125
8 -0.0374913 -0.0345462 0.0231443 0.0125
12 -0.0306512 -0.064318 0.0381889 0.0125
13 -0.00578841 -0.0663672 0.0721537 0.0125
5 0.0106122 -0.0715375 0.0963663 0.0125
14 0.0667634 -0.00959694 0.01514 0.0125
15 0.0855472 -0.00178613 0.0171714 0.0125
16 0.105362 0.00219164 0.022307 0.0125
17 0.124065 0.00797231 0.0269621 0.0125
18 0.141805 0.0155761 0.033333 0.0125
20 0.170032 0.0346157 0.0547129 0.0125
e_2_8 2 8 1 0.0125 -0.0383185 -0.0479988 0.0173196 0.799095 -0.534047 -0.128176 -0.244566 0.029365
e_8_9 8 9 2 0.0125 -0.0370352 -0.0175259 0.0310283 0.806818 -0.519513 -0.141509 -0.243159 0.037528
e_9_10 9 10 3 0.0125 -0.0374766 0.0103825 0.0435787 0.798912 -0.51261 -0.202009 -0.241169 0.023757
e_10_11 10 11 4 0.0125 -0.039489 0.0372847 0.0557212 0.808163 -0.503242 -0.188863 -0.240729 0.035418
e_11_6 11 6 5 0.0125 -0.0418225 0.0640545 0.0682976 0.809862 -0.493305 -0.208607 -0.239284 0.023931
e_2_12 2 12 1 0.0125 -0.0348992 -0.0628839 0.0248415 0.973916 0.0261777 0.159173 -0.159581 0.02816
e_12_13 12 13 2 0.0125 -0.0182202 -0.0653424 0.0551711 0.936336 -0.0277137 0.310248 -0.162029 0.042142
e_13_5 13 5 3 0.0125 0.00241188 -0.0689523 0.08426 0.941064 0.0450709 0.300534 -0.148481 0.029698
e_2_14 2 14 1 0.0125 0.0138082 -0.0355245 0.0133172 0.68792 -0.472209 0.51144 -0.205459 0.117979
e_14_15 14 15 2 0.0125 0.0761547 -0.00569184 0.0161555 0.714431 -0.41391 0.528188 -0.1982 0.020444
e_15_16 15 16 3 0.0125 0.0954547 0.00020214 0.0197398 0.769767 -0.251202 0.560142 -0.174923 0.020853
e_16_17 16 17 4 0.0125 0.114714 0.00508197 0.0246345 0.761917 -0.319281 0.53141 -0.187471 0.020122
e_17_18 17 18 5 0.0125 0.132936 0.0117745 0.0301482 0.785409 -0.356387 0.465027 -0.199678 0.020325
e_18_19 18 19 6 0.0125 0.148945 0.0202606 0.0387143 0.849458 -0.354981 0.327799 -0.212031 0.020187
e_19_20 19 20 7 0.0125 0.163059 0.0297799 0.0494038 0.848193 -0.365131 0.318553 -0.213945 0.020018
e_20_21 20 21 8 0.0125 0.174342 0.0410855 0.0610156 0.87327 -0.406814 0.139998 -0.228699 0.020016
e_21_22 21 22 9 0.0125 0.183643 0.0555154 0.0707487 0.782751 -0.553944 0.147311 -0.242376 0.020005
e_22_1 22 1 10 0.0125 0.192155 0.0727745 0.0754623 0.707381 -0.660172 0.0126979 -0.252237 0.02005
e_1_23 1 23 1 0.0125 0.189153 0.0906748 0.0677689 0.390814 -0.45027 -0.785471 -0.166001 0.028077
e_23_24 23 24 2 0.0125 0.174271 0.110571 0.0468023 0.384585 -0.455854 -0.785316 -0.166044 0.036947
e_24_4 24 4 3 0.0125 0.15719 0.131554 0.023151 0.378059 -0.398196 -0.821477 -0.153902 0.034975
e_1_25 1 25 1 0.0125 0.191522 0.0702982 0.0644888 0.377534 0.781323 -0.489703 0.0848109 0.034991
e_25_26 25 26 2 0.0125 0.18775 0.0518292 0.0446535 0.33397 0.897731 -0.261869 0.118189 0.020237
e_26_27 26 27 3 0.0125 0.18638 0.0377226 0.0301908 0.395666 0.820375 -0.402787 0.0905299 0.020532
e_27_3 27 3 4 0.0125 0.183276 0.0198148 0.0173989 0.500433 0.828858 -0.238205 0.0762831 0.024239
3 23 22
3 0.168097 -0.00192136 0.114979 0.0125
24 0.136209 -0.0310707 0.104531 0.0125
23 0.115557 -0.0500611 0.0974494 0.0125
4 0.0383671 -0.0657366 0.0123101 0.0125
22 0.0508061 -0.0615081 0.0273889 0.0125
21 0.0626806 -0.0588637 0.0432639 0.0125
20 0.0713048 -0.0584618 0.0613042 0.0125
11 0.198054 0.211893 0.0767123 0.0125
6 0.225382 0.29584 0.216146 0.0125
10 0.22132 0.283158 0.198393 0.0125
9 0.223581 0.268741 0.18278 0.0125
2 0.210594 0.206059 0.0982709 0.0125
19 0.0837728 -0.0627132 0.0763531 0.0125
8 0.221687 0.249327 0.163099 0.0125
12 0.181863 0.216364 0.0546407 0.0125
13 0.170814 0.228008 0.0336681 0.0125
5 0.163084 0.232342 0.0154716 0.0125
14 0.156393 0.0366606 0.0817927 0.0125
15 0.14097 0.0132352 0.0827244 0.0125
16 0.128814 -0.00618644 0.0829229 0.0125
17 0.112405 -0.0309914 0.0836719 0.0125
18 0.105263 -0.0500177 0.0859891 0.0125
1 0.0963791 -0.0674081 0.0911535 0.0125
e_2_8 2 8 1 0.0125 0.216141 0.227693 0.130685 0.951504 -0.280615 0.0975887 0.0798254 0.078726
e_8_9 8 9 2 0.0125 0.222634 0.259033 0.17294 0.919073 -0.372442 0.0785528 0.102082 0.02771
e_9_10 9 10 3 0.0125 0.22245 0.27595 0.190586 0.926086 -0.366342 -0.0225356 0.0874623 0.021371
e_10_6 10 6 4 0.0125 0.223351 0.289499 0.20727 0.944765 -0.291201 0.12339 0.0859984 0.022192
e_2_11 2 11 1 0.0125 0.204323 0.208976 0.0874919 -0.0938642 0.955248 -0.0913241 -0.265236 0.025614
e_11_12 11 12 2 0.0125 0.189959 0.214129 0.0656758 0.206138 0.535206 -0.781949 -0.244166 0.027736
e_12_13 12 13 3 0.0125 0.176339 0.222187 0.0441547 0.167584 -0.914789 0.245378 0.273618 0.02641
e_13_5 13 5 4 0.0125 0.166949 0.230175 0.0245701 -0.217427 0.246957 0.94262 0.0566217 0.02024
e_2_14 2 14 1 0.0125 0.183494 0.12136 0.0900318 0.642658 0.738995 -0.00363573 -0.202146 0.178621
e_14_15 14 15 2 0.0125 0.148682 0.0249474 0.0822584 0.687972 0.666525 -0.19785 -0.208072 0.028062
e_15_16 15 16 3 0.0125 0.134892 0.00352483 0.082824 0.678557 0.68041 -0.180849 -0.209517 0.022913
e_16_17 16 17 4 0.0125 0.12061 -0.0185885 0.0832975 0.684803 0.669329 -0.198528 -0.208879 0.02975
e_17_18 17 18 5 0.0125 0.108834 -0.0405051 0.0848306 0.721351 0.662465 -0.0670873 -0.190508 0.020455
e_18_1 18 1 6 0.0125 0.100821 -0.0587133 0.0885707 0.771116 0.592534 -0.145124 -0.18227 0.020199
e_1_19 1 19 1 0.0125 0.0900755 -0.0650607 0.0837536 0.342848 -0.0391053 -0.931924 -0.111551 0.02
e_19_20 19 20 2 0.0125 0.077539 -0.0605881 0.068829 0.319382 0.0973485 -0.930989 -0.147571 0.02
e_20_21 20 21 3 0.0125 0.0669923 -0.0586623 0.0522844 -0.0500743 0.938624 0.264577 -0.215586 0.02
e_21_22 21 22 4 0.0125 0.0567436 -0.060186 0.0353269 0.160638 0.903409 -0.284103 -0.278087 0.02
e_22_4 22 4 5 0.0125 0.0445865 -0.063622 0.0198503 0.215795 0.88441 -0.307891 -0.276503 0.02
e_1_23 1 23 1 0.0125 0.105968 -0.0587346 0.0943017 0.772413 -0.3214 0.527668 0.147128 0.026616
e_23_24 23 24 2 0.0125 0.125883 -0.0405663 0.10099 0.775058 -0.324283 0.521989 0.147147 0.028935
e_24_3 24 3 3 0.0125 0.152153 -0.0164965 0.109755 0.771825 -0.32402 0.526761 0.147713 0.044449
4 23 22
3 -0.388504 -0.288535 0.128395 0.0125
24 -0.374466 -0.270884 0.124342 0.0125
23 -0.359134 -0.244996 0.116666 0.0125
22 -0.349858 -0.227242 0.11005 0.0125
4 -0.276837 -0.287508 0.108035 0.0125
21 -0.290428 -0.267775 0.109105 0.0125
20 -0.318093 -0.233865 0.105872 0.0125
6 -0.104771 0.128732 0.0256091 0.0125
11 -0.121874 0.115073 0.0190104 0.0125
10 -0.140737 0.100608 0.013505 0.0125
9 -0.162286 0.0882236 0.0146269 0.0125
2 -0.226063 0.0440692 0.0114474 0.0125
19 -0.328813 -0.189719 0.0984745 0.0125
8 -0.184454 0.0753707 0.0116984 0.0125
12 -0.236521 0.0206294 0.0154072 0.0125
13 -0.249508 -0.00692364 0.0237051 0.0125
14 -0.256857 -0.0256073 0.0275323 0.0125
5 -0.263256 -0.0461153 0.0323692 0.0125
15 -0.227801 0.0097887 0.033072 0.0125
16 -0.270917 -0.103033 0.0839421 0.0125
17 -0.283829 -0.121732 0.0949358 0.0125
18 -0.309686 -0.160942 0.102338 0.0125
1 -0.337065 -0.208818 0.0991485 0.0125
e_2_8 2 8 1 0.0125 -0.205258 0.0597201 0.0115735 0.639645 -0.139803 0.691406 0.305395 0.052069
e_8_9 8 9 2 0.0125 -0.173369 0.0817974 0.0131626 0.678267 -0.0635025 0.662726 0.31099 0.025792
e_9_10 9 10 3 0.0125 -0.151511 0.0944155 0.0140655 0.575229 0.0474151 0.721311 0.382851 0.024879
e_10_11 10 11 4 0.0125 -0.131306 0.10784 0.0162583 0.755141 -0.235095 0.576112 0.206368 0.0244
e_11_6 11 6 5 0.0125 -0.113323 0.121902 0.0223101 0.783547 -0.262146 0.5357 0.17424 0.022861
e_2_12 2 12 1 0.0125 -0.231292 0.0323493 0.0134273 0.759092 0.595282 -0.263464 -0.00226751 0.025971
e_12_13 12 13 2 0.0125 -0.243014 0.00685299 0.0195555 0.794553 0.552571 -0.251473 -0.0106337 0.03157
e_13_14 13 14 3 0.0125 -0.253182 -0.0162654 0.0256187 0.770429 0.590571 -0.23998 0.00866139 0.020438
e_14_5 14 5 4 0.0125 -0.260057 -0.0358611 0.0299505 0.780462 0.589627 -0.206197 0.026505 0.022021
e_2_15 2 15 1 0.0125 -0.226932 0.0269291 0.0222591 0.8729 0.47925 -0.0616365 0.067573 0.040568
e_15_16 15 16 2 0.0125 -0.249358 -0.046622 0.0585066 0.833102 0.515623 -0.200137 0.00434189 0.131055
e_16_17 16 17 3 0.0125 -0.277373 -0.112382 0.0894383 0.845422 0.455813 -0.272916 -0.0548912 0.025244
e_17_18 17 18 4 0.0125 -0.296758 -0.141337 0.0986369 0.758778 0.562987 -0.324351 -0.04581 0.047549
e_18_19 18 19 5 0.0125 -0.319249 -0.175331 0.100406 0.665331 0.645579 -0.372541 -0.0421389 0.034769
e_19_1 19 1 6 0.0125 -0.33294 -0.199269 0.0988115 0.718456 0.636999 -0.279351 0.00391254 0.020816
e_1_20 1 20 1 0.0125 -0.327579 -0.221341 0.10251 0.735155 0.597581 0.195673 0.25329 0.032133
e_20_21 20 21 2 0.0125 -0.30426 -0.25082 0.107488 0.67905 0.650303 0.200663 0.275195 0.043883
e_21_4 21 4 3 0.0125 -0.283632 -0.277641 0.10857 0.637803 0.70718 0.14897 0.266292 0.023984
e_1_22 1 22 1 0.0125 -0.343461 -0.21803 0.104599 0.845854 0.454664 -0.273366 -0.0555154 0.024939
e_22_23 22 23 2 0.0125 -0.354495 -0.236119 0.113358 0.810148 0.526499 -0.256821 -0.0224205 0.021096
e_23_24 23 24 3 0.0125 -0.3668 -0.25794 0.120505 0.788912 0.541113 -0.289158 -0.0346758 0.031051
e_24_3 24 3 4 0.0125 -0.381485 -0.27971 0.126369 0.763946 0.536255 -0.352093 -0.0696223 0.022914
5 21 20
3 0.161526 0.000976998 0.180001 0.0125
22 0.152983 0.00501421 0.162373 0.0125
21 0.146274 0.0113425 0.144626 0.0125
20 0.135854 0.0147144 0.127891 0.0125
19 0.125415 0.0185526 0.111269 0.0125
11 -0.113774 -0.00119579 0.109698 0.0125
10 -0.131679 -0.00396296 0.0953552 0.0125
6 -0.2607 0.112897 0.037727 0.0125
9 -0.211863 0.037314 0.0392596 0.0125
2 -0.177718 -0.00529664 0.0635674 0.0125
8 -0.198936 0.0213628 0.0456528 0.0125
5 -0.0982637 0.00320662 0.123044 0.0125
12 -0.0614368 0.004659 0.0819005 0.0125
13 -0.0192307 0.00743503 0.0896614 0.0125
14 0.0567572 0.0182831 0.0913701 0.0125
15 0.0856679 0.0205174 0.0924801 0.0125
1 0.118716 0.0195218 0.0924492 0.0125
18 0.0642522 -0.0246148 0.0782077 0.0125
16 0.104796 0.00383332 0.0891798 0.0125
17 0.0875075 -0.00760651 0.0841189 0.0125
4 0.0461936 -0.0452766 0.0725295 0.0125
e_2_8 2 8 1 0.0125 -0.188327 0.00803277 0.0546107 0.472011 -0.828966 -0.213316 0.210992 0.038495
e_8_9 8 9 2 0.0125 -0.205399 0.0293386 0.0424566 0.556754 -0.761725 -0.261593 0.203395 0.021504
e_9_6 9 6 3 0.0125 -0.236281 0.0751057 0.0384933 0.678222 -0.677415 -0.222768 0.177477 0.090001
e_2_10 2 10 1 0.0125 -0.154699 -0.00462961 0.0794619 0.882438 -0.0516555 0.461867 -0.0728899 0.055963
e_10_11 10 11 2 0.0125 -0.122726 -0.00257875 0.102527 0.898334 -0.0940206 0.425221 -0.0578177 0.023107
e_11_5 11 5 3 0.0125 -0.106019 0.00100509 0.116371 0.903762 -0.136443 0.403201 -0.0450209 0.02093
e_2_12 2 12 1 0.0125 -0.119577 -0.000318193 0.0727342 0.755339 -0.126676 0.637465 -0.0839986 0.118138
e_12_13 12 13 2 0.0125 -0.0403337 0.00604654 0.0857811 0.763462 -0.113097 0.630054 -0.085827 0.043004
e_13_14 13 14 3 0.0125 0.0187634 0.0128592 0.0905162 0.710503 -0.175124 0.676909 -0.0794455 0.076777
e_14_15 14 15 4 0.0125 0.0712121 0.0194008 0.0919251 0.715094 -0.137602 0.679662 -0.0881209 0.029018
e_15_1 15 1 5 0.0125 0.102192 0.0200201 0.0924645 0.699133 -0.0826528 0.702587 -0.103693 0.033064
e_1_16 1 16 1 0.0125 0.111757 0.0116772 0.0908149 0.646693 0.618538 -0.440935 -0.069101 0.021227
e_16_17 16 17 2 0.0125 0.0961523 -0.00188664 0.0866491 0.617508 0.423296 -0.662876 0.0100408 0.021338
e_17_18 17 18 3 0.0125 0.0758805 -0.0161101 0.0811634 0.632035 0.462897 -0.621473 -0.00550443 0.029412
e_18_4 18 4 4 0.0125 0.0552227 -0.0349459 0.0753682 0.627083 0.639577 -0.438459 -0.0738997 0.028022
e_1_19 1 19 1 0.0125 0.122066 0.0190372 0.101859 0.984265 0.0174229 0.170898 -0.0413761 0.02
e_19_20 19 20 2 0.0125 0.130635 0.0166336 0.11958 0.954108 0.0793763 0.27954 -0.0723508 0.02
e_20_21 20 21 3 0.0125 0.141065 0.0130281 0.136259 0.955787 0.0679984 0.277507 -0.069554 0.02
e_21_22 21 22 4 0.0125 0.149629 0.00817896 0.1535 0.968741 0.149564 0.184271 -0.0722214 0.02
e_22_3 22 3 5 0.0125 0.157255 0.00299541 0.171186 0.967641 0.0888599 0.226778 -0.065925 0.02
6 22 21
3 -0.0273857 0.0438261 0.0820762 0.0125
23 -0.0366999 0.0302735 0.101737 0.0125
22 -0.0452819 0.0192326 0.116524 0.0125
21 -0.0534373 0.0136247 0.134874 0.0125
4 -0.0951951 -0.0824982 0.105013 0.0125
20 -0.0896645 -0.0425318 0.127206 0.0125
11 0.158455 0.137706 0.0802551 0.0125
10 0.153335 0.149874 0.0652302 0.0125
6 0.0247264 0.236767 0.0113622 0.0125
9 0.0414519 0.222878 0.013776 0.0125
2 0.146971 0.159982 0.049189 0.0125
19 -0.080096 -0.0223804 0.141567 0.0125
8 0.0573942 0.211052 0.0170266 0.0125
12 0.161147 0.126913 0.0968764 0.0125
13 0.159415 0.115387 0.113128 0.0125
5 0.161613 0.106142 0.130727 0.0125
14 0.047685 0.10643 0.0692333 0.0125
15 -0.0135559 0.0562026 0.105402 0.0125
16 -0.0327461 0.0412222 0.119738 0.0125
17 -0.0463985 0.0247202 0.129324 0.0125
18 -0.0576094 0.0114511 0.14435 0.0125
1 -0.0690138 -0.00379545 0.15841 0.0125
e_2_8 2 8 1 0.0125 0.102183 0.185517 0.033108 0.569704 -0.576028 -0.563094 0.162955 0.108011
e_8_9 8 9 2 0.0125 0.0494227 0.216965 0.0154009 0.634878 -0.565278 -0.511148 0.126958 0.020116
e_9_6 9 6 3 0.0125 0.0330892 0.229823 0.0125691 0.657826 -0.564015 -0.486882 0.109986 0.021873
e_2_10 2 10 1 0.0125 0.150152 0.154928 0.0572094 0.934483 0.232654 0.211734 -0.166683 0.02
e_10_11 10 11 2 0.0125 0.155895 0.14379 0.0727431 0.926594 0.302802 0.180821 -0.130532 0.02
e_11_12 11 12 3 0.0125 0.159802 0.13231 0.088566 0.952906 0.274486 0.0955658 -0.086574 0.02
e_12_13 12 13 4 0.0125 0.160281 0.12115 0.105003 0.951959 0.302218 -0.0484738 0.0094483 0.02
e_13_5 13 5 5 0.0125 0.160514 0.110765 0.121928 0.965663 0.232384 0.0776689 -0.0863765 0.02
e_2_14 2 14 1 0.0125 0.0973284 0.133206 0.0592113 0.687391 0.0233769 -0.641859 0.339063 0.114574
e_14_15 14 15 2 0.0125 0.0170652 0.0813163 0.0873174 0.79215 0.182114 -0.509052 0.283195 0.087072
e_15_16 15 16 3 0.0125 -0.0231511 0.0487122 0.11257 0.831373 0.179763 -0.462583 0.250043 0.028252
e_16_17 16 17 4 0.0125 -0.0395727 0.0329712 0.124531 0.791375 0.279794 -0.466324 0.279254 0.023464
e_17_18 17 18 5 0.0125 -0.0520038 0.0180859 0.136837 0.892038 0.259255 -0.325073 0.177154 0.022968
e_18_1 18 1 6 0.0125 -0.0633115 0.00382736 0.15138 0.870524 0.291945 -0.343159 0.197983 0.023669
e_1_19 1 19 1 0.0125 -0.0745549 -0.0130879 0.149989 0.067517 -0.335997 -0.833207 0.433951 0.027421
e_19_20 19 20 2 0.0125 -0.0848801 -0.0324565 0.134386 0.0922175 -0.216837 -0.85066 0.469951 0.026531
e_20_4 20 4 3 0.0125 -0.09243 -0.0625152 0.116109 0.0141242 -0.0942743 -0.855627 0.508739 0.046049
e_1_21 1 21 1 0.0125 -0.061226 0.00491457 0.146642 0.287924 -0.924453 0.0142742 -0.249565 0.033167
e_21_22 21 22 2 0.0125 -0.0493602 0.0164284 0.125699 0.129253 -0.968531 -0.0448437 -0.207919 0.020849
e_22_23 22 23 3 0.0125 -0.0409911 0.0247528 0.109131 0.288017 -0.928989 -0.0158522 -0.231895 0.020352
e_23_3 23 3 4 0.0125 -0.0320424 0.0370499 0.0919069 0.269811 -0.938443 -0.0534609 -0.20897 0.025632
7 21 20
3 -0.231932 0.0523164 0.0643778 0.0125
22 -0.227244 0.0333271 0.0685517 0.0125
21 -0.227356 0.0140054 0.0737148 0.0125
20 -0.227042 -0.00440501 0.0815225 0.0125
19 -0.226881 -0.0228419 0.0892718 0.0125
11 -0.0399051 0.141436 0.0535354 0.0125
6 0.0997704 0.0661461 0.104664 0.0125
10 0.086501 0.0823368 0.105543 0.0125
9 0.0735817 0.0975505 0.102329 0.0125
2 -0.00881682 0.155809 0.0619627 0.0125
8 0.0527768 0.112826 0.0945561 0.0125
12 -0.071604 0.132401 0.052629 0.0125
5 -0.101739 0.122835 0.049681 0.0125
13 -0.0372456 0.128364 0.0791947 0.0125
14 -0.124271 0.0342316 0.109073 0.0125
15 -0.164714 -0.000167753 0.104366 0.0125
16 -0.190481 -0.0166879 0.100457 0.0125
17 -0.206943 -0.0289516 0.0982279 0.0125
1 -0.224777 -0.0383191 0.101764 0.0125
18 -0.245844 -0.104933 0.0805533 0.0125
4 -0.248558 -0.130241 0.0715921 0.0125
e_2_8 2 8 1 0.0125 0.02198 0.134317 0.0782594 0.803497 0.426093 0.345548 0.231156 0.081875
e_8_9 8 9 2 0.0125 0.0631794 0.105189 0.0984424 0.765402 0.481358 0.352278 0.241568 0.026956
e_9_10 9 10 3 0.0125 0.0800416 0.0899435 0.103936 0.724021 0.599782 0.246563 0.235078 0.020216
e_10_6 10 6 4 0.0125 0.0931355 0.0742413 0.105103 0.647992 0.683403 0.232243 0.243167 0.020952
e_2_11 2 11 1 0.0125 -0.0243604 0.148622 0.057749 0.614236 0.394961 -0.680782 -0.057062 0.035271
e_11_12 11 12 2 0.0125 -0.0557547 0.136919 0.0530826 0.693448 0.267855 -0.664835 -0.0733297 0.032973
e_12_5 12 5 3 0.0125 -0.0866715 0.127618 0.0511548 0.669622 0.297685 -0.676616 -0.071972 0.031755
e_2_13 2 13 1 0.0125 -0.0230308 0.142087 0.0705791 0.836215 0.368647 -0.405251 0.0248058 0.043108
e_13_14 13 14 2 0.0125 -0.0807578 0.0812978 0.0941335 0.782776 0.441435 -0.437772 0.0274439 0.131633
e_14_15 14 15 3 0.0125 -0.144492 0.0170321 0.106719 0.675154 0.48097 -0.559305 -0.00365512 0.053302
e_15_16 15 16 4 0.0125 -0.177597 -0.00842738 0.102412 0.660172 0.432244 -0.613603 -0.0287876 0.030857
e_16_17 16 17 5 0.0125 -0.198712 -0.0228197 0.0993426 0.667663 0.458616 -0.586217 -0.0157515 0.020648
e_17_1 17 1 6 0.0125 -0.21586 -0.0336353 0.099996 0.765232 0.320784 -0.557354 -0.0295724 0.020452
e_1_18 1 18 1 0.0125 -0.235309 -0.0716258 0.0911585 0.58849 0.719386 -0.357396 0.0918251 0.073016
e_18_4 18 4 2 0.0125 -0.247201 -0.117587 0.0760725 0.563962 0.772941 -0.261946 0.126069 0.026984
e_1_19 1 19 1 0.0125 -0.225829 -0.03058 0.0955183 0.334688 -0.612804 -0.660891 -0.275097 0.02
e_19_20 19 20 2 0.0125 -0.226962 -0.0136239 0.0853967 0.514338 -0.771388 -0.314171 -0.204239 0.02
e_20_21 20 21 3 0.0125 -0.227199 0.00479953 0.077619 0.51205 -0.767825 -0.324972 -0.206503 0.02
e_21_22 21 22 4 0.0125 -0.2273 0.023666 0.0711337 0.583872 -0.761706 -0.221136 -0.173195 0.02
e_22_3 22 3 5 0.0125 -0.229588 0.042822 0.0664654 0.595454 -0.654419 -0.419619 -0.202706 0.02
8 24 23
3 0.113874 -0.0665099 0.186763 0.0125
25 0.125658 -0.0976925 0.160081 0.0125
24 0.133691 -0.116407 0.143469 0.0125
4 0.192294 -0.0693762 0.064686 0.0125
23 0.187765 -0.0867473 0.0764678 0.0125
22 0.175085 -0.10394 0.094328 0.0125
1 0.144004 -0.134352 0.120363 0.0125
21 0.133813 -0.117831 0.125208 0.0125
12 0.0448155 0.014793 0.115243 0.0125
11 0.0411068 0.0346295 0.114034 0.0125
10 0.0434512 0.0576666 0.11294 0.0125
9 0.0450405 0.0794546 0.112487 0.0125
2 0.0318664 0.141297 0.121911 0.0125
19 0.118527 -0.0801306 0.124093 0.0125
8 0.0387116 0.115736 0.121065 0.0125
6 0.0509622 -0.00406126 0.12028 0.0125
13 0.0258817 0.185349 0.120699 0.0125
14 0.0217523 0.214738 0.120535 0.0125
5 0.0211048 0.240562 0.121462 0.0125
15 0.0948154 0.00956647 0.116175 0.0125
16 0.102137 -0.0181847 0.117733 0.0125
17 0.107917 -0.0404428 0.120133 0.0125
18 0.11314 -0.0606881 0.122086 0.0125
20 0.125408 -0.0993879 0.125128 0.0125
e_2_8 2 8 1 0.0125 0.0352895 0.128516 0.121488 0.487514 0.618786 -0.364803 0.49634 0.026476
e_8_9 8 9 2 0.0125 0.041876 0.0975956 0.116776 0.455535 0.656887 -0.426523 0.42316 0.037814
e_9_10 9 10 3 0.0125 0.0442464 0.0685612 0.112714 0.578357 0.535131 -0.450859 0.419361 0.021851
e_10_11 10 11 4 0.0125 0.0422789 0.0461485 0.113487 0.591005 0.520512 -0.453294 0.417499 0.023182
e_11_12 11 12 5 0.0125 0.0429609 0.0247117 0.114638 0.53005 0.577122 -0.370176 0.498945 0.020217
e_12_6 12 6 6 0.0125 0.0478889 0.00536539 0.117761 0.542995 0.539637 -0.29276 0.572922 0.02046
e_2_13 2 13 1 0.0125 0.0288744 0.163323 0.121304 -0.678922 0.669282 0.256309 0.159477 0.044473
e_13_14 13 14 2 0.0125 0.0238168 0.200044 0.120616 -0.589385 0.532711 0.46796 0.387116 0.029679
e_14_5 14 5 3 0.0125 0.0214278 0.22765 0.120998 -0.335793 0.308481 0.622015 0.636537 0.025849
e_2_15 2 15 1 0.0125 0.0633408 0.0754323 0.119043 0.436964 0.651308 -0.308912 0.53799 0.146111
e_15_16 15 16 2 0.0125 0.0984761 -0.00430862 0.116954 0.510575 0.592321 -0.349351 0.516162 0.028743
e_16_17 16 17 3 0.0125 0.105027 -0.0293133 0.118933 0.523902 0.576227 -0.340695 0.526703 0.023122
e_17_18 17 18 4 0.0125 0.110529 -0.0505649 0.121109 0.521645 0.579324 -0.343349 0.523816 0.020999
e_18_19 18 19 5 0.0125 0.115834 -0.0704098 0.123089 0.518663 0.580594 -0.336747 0.529623 0.020275
e_19_20 19 20 6 0.0125 0.121968 -0.0897596 0.124611 0.487729 0.608148 -0.323872 0.536083 0.020475
e_20_21 20 21 7 0.0125 0.129611 -0.10861 0.125168 0.45324 0.635723 -0.306385 0.54457 0.020269
e_21_1 21 1 8 0.0125 0.138909 -0.126092 0.122785 0.351648 0.722799 -0.314135 0.505197 0.020006
e_1_22 1 22 1 0.0125 0.159544 -0.119146 0.107345 -0.335213 0.869647 0.0235177 0.361653 0.050682
e_22_23 22 23 2 0.0125 0.181425 -0.0953432 0.0853979 -0.366397 0.900408 -0.0998229 0.21226 0.027846
e_23_4 23 4 3 0.0125 0.19003 -0.0780622 0.0705772 -0.472659 0.869394 -0.136041 0.0473369 0.021472
e_1_24 1 24 1 0.0125 0.138847 -0.125379 0.131916 0.793565 -0.356947 0.012119 0.492642 0.031022
e_24_25 24 25 2 0.0125 0.129675 -0.107049 0.151776 0.766093 -0.423894 0.0653931 0.478685 0.02628
e_25_3 25 3 3 0.0125 0.119767 -0.0821017 0.173421 0.748426 -0.421694 0.0986331 0.502299 0.042698
