8
1 24 23
3 0.289623 0.0916993 0.0112812 0.0125
25 0.267127 0.0963498 0.0165623 0.0125
24 0.246186 0.100525 0.0159317 0.0125
23 0.217109 0.107387 0.0142235 0.0125
4 0.192001 0.0343573 0.0722058 0.0125
22 0.193959 0.0499079 0.0597817 0.0125
21 0.194034 0.064538 0.046145 0.0125
20 0.192846 0.0803827 0.0339986 0.0125
11 0.141225 0.327166 0.276472 0.0125
10 0.137891 0.317729 0.255673 0.0125
6 0.141577 0.425109 0.141476 0.0125
9 0.139676 0.393424 0.157125 0.0125
2 0.131859 0.304192 0.22824 0.0125
19 0.192064 0.0966462 0.0223843 0.0125
8 0.132739 0.337523 0.205515 0.0125
12 0.145148 0.335856 0.297101 0.0125
5 0.147907 0.340232 0.319523 0.0125
13 0.14581 0.248197 0.138733 0.0125
14 0.160956 0.199062 0.0811131 0.0125
15 0.170915 0.181357 0.0615877 0.0125
16 0.178366 0.159981 0.0453603 0.0125
17 0.179296 0.142894 0.0348081 0.0125
18 0.1849 0.12811 0.0223876 0.0125
1 0.192846 0.113348 0.0114097 0.0125
e_2_8 2 8 1 0.0125 0.132299 0.320857 0.216877 0.399419 -0.767457 -0.438875 -0.242618 0.040349
e_8_9 8 9 2 0.0125 0.136207 0.365474 0.181321 0.341933 -0.802998 -0.425439 -0.239326 0.07426
e_9_6 9 6 3 0.0125 0.140626 0.409266 0.149301 0.442296 -0.737693 -0.420606 -0.288572 0.03539
e_2_10 2 10 1 0.0125 0.134875 0.310961 0.241956 0.695432 -0.230126 -0.0844332 -0.67549 0.031181
e_10_11 10 11 2 0.0125 0.139557 0.322447 0.266073 0.713326 -0.203893 -0.0887402 -0.664619 0.023081
e_11_12 11 12 3 0.0125 0.143187 0.331511 0.286786 0.701914 -0.202158 -0.0726014 -0.6791 0.022727
e_12_5 12 5 4 0.0125 0.146527 0.338044 0.308313 0.70992 -0.110573 -0.0238438 -0.695139 0.023011
e_2_13 2 13 1 0.0125 0.138835 0.276194 0.183486 -0.281956 -0.915792 -0.285583 0.0164041 0.106497
e_13_14 13 14 2 0.0125 0.153384 0.223629 0.109922 -0.355526 -0.908911 -0.216671 -0.0231426 0.077224
e_14_15 14 15 3 0.0125 0.165936 0.19021 0.0713503 -0.366738 -0.909334 -0.140033 -0.137863 0.028176
e_15_16 15 16 4 0.0125 0.17464 0.170669 0.0534736 -0.446438 -0.882978 -0.10795 -0.0969001 0.027853
e_16_17 16 17 5 0.0125 0.178831 0.151437 0.0400839 -0.481696 -0.854433 -0.17994 0.0743891 0.020104
e_17_18 17 18 6 0.0125 0.182098 0.135502 0.0285983 -0.426108 -0.890973 -0.12261 -0.0978014 0.020106
e_18_1 18 1 7 0.0125 0.188873 0.120729 0.0168988 -0.430917 -0.878274 -0.0504323 -0.201002 0.02004
e_1_19 1 19 1 0.0125 0.192455 0.104997 0.0168968 0.261966 0.162497 0.446354 -0.840081 0.02
e_19_20 19 20 2 0.0125 0.192454 0.0885139 0.0281911 0.222736 0.0932884 0.448264 -0.860665 0.02
e_20_21 20 21 3 0.0125 0.19344 0.0724599 0.0400719 0.246469 0.0896138 0.433959 -0.861918 0.02
e_21_22 21 22 4 0.0125 0.193997 0.0572228 0.0529632 0.417913 0.183602 0.354084 -0.81625 0.02
e_22_4 22 4 5 0.0125 0.19298 0.0421331 0.0659936 0.461929 0.268204 0.342724 -0.772806 0.02
e_1_23 1 23 1 0.0125 0.204978 0.110367 0.0128172 -0.00535867 -0.648245 0.154323 -0.74561 0.025142
e_23_24 23 24 2 0.0125 0.231647 0.103957 0.0150775 -0.019813 -0.672327 0.139428 -0.726735 0.029924
e_24_25 24 25 3 0.0125 0.256656 0.0984378 0.0162467 -0.0131694 -0.685535 0.12366 -0.71734 0.021363
e_25_3 25 3 4 0.0125 0.278376 0.0940244 0.0139215 -0.0820784 -0.780304 0.0560535 -0.617452 0.023571
2 17 16
3 0.124543 -0.100956 0.0141711 0.0125
6 0.16533 -0.0243085 0.0494913 0.0125
11 0.185283 -0.0213945 0.0480727 0.0125
10 0.208199 -0.0212833 0.0387689 0.0125
9 0.232393 -0.0280271 0.0335568 0.0125
2 0.308257 -0.0347639 0.0114958 0.0125
8 0.279187 -0.0312141 0.0181371 0.0125
12 0.339344 -0.0167113 0.0295566 0.0125
5 0.386705 0.0111155 0.0531161 0.0125
13 0.219574 -0.0818784 0.0164692 0.0125
14 0.137102 -0.105742 0.0252756 0.0125
15 0.0807869 -0.113471 0.0207397 0.0125
16 0.0503135 -0.112225 0.01364 0.0125
1 0.0256005 -0.112762 0.0114977 0.0125
18 0.0927386 -0.10104 0.0127944 0.0125
17 0.0615584 -0.131477 0.0667786 0.0125
4 0.0842228 -0.132244 0.0885684 0.0125
e_2_8 2 8 1 0.0125 0.293723 -0.0329887 0.0148163 0.723514 -0.304013 -0.54497 0.295146 0.03003
e_8_9 8 9 2 0.0125 0.25579 -0.0296203 0.0258476 0.772928 -0.213054 -0.546308 0.24236 0.049372
e_9_10 9 10 3 0.0125 0.220296 -0.0246552 0.0361629 0.739895 -0.344061 -0.529185 0.232682 0.025651
e_10_11 10 11 4 0.0125 0.196741 -0.0213394 0.0434203 0.805114 -0.131824 -0.542713 0.199692 0.024732
e_11_6 11 6 5 0.0125 0.175307 -0.0228514 0.0487816 0.490388 -0.434577 -0.525404 0.542783 0.020214
e_2_12 2 12 1 0.0125 0.3238 -0.0257379 0.0205264 0.461208 -0.524345 0.0244123 -0.71537 0.040229
e_12_5 12 5 2 0.0125 0.363024 -0.00279789 0.0413364 0.452187 -0.54991 0.0226258 -0.701865 0.059771
e_2_13 2 13 1 0.0125 0.263915 -0.0583207 0.0139824 0.0390804 -0.590476 -0.355818 0.723329 0.100545
e_13_14 13 14 2 0.0125 0.178338 -0.09381 0.0208727 0.414234 -0.430184 -0.513734 0.615979 0.086305
e_14_15 14 15 3 0.0125 0.108945 -0.109606 0.0230071 0.360754 -0.563306 -0.471659 0.574527 0.057024
e_15_16 15 16 4 0.0125 0.0655506 -0.112847 0.0171897 0.377831 -0.640935 -0.450076 0.49384 0.031314
e_16_1 16 1 5 0.0125 0.0379568 -0.112493 0.0125685 0.437212 -0.551544 -0.488841 0.515441 0.024812
e_1_17 1 17 1 0.0125 0.043579 -0.122119 0.039138 0.282929 -0.220698 0.21928 -0.907282 0.068551
e_17_4 17 4 2 0.0125 0.0728905 -0.131861 0.077674 0.341702 -0.358713 0.157784 -0.854207 0.031449
e_1_18 1 18 1 0.0125 0.0591697 -0.106901 0.0121455 0.242647 -0.689774 0.121246 -0.671293 0.068166
e_18_3 18 3 2 0.0125 0.108641 -0.100998 0.0134822 0.179164 -0.670474 0.169809 -0.699664 0.031834
3 22 21
3 0.162239 0.123325 0.0187216 0.0125
23 0.139708 0.125437 0.012327 0.0125
22 0.119489 0.128705 0.0115057 0.0125
4 -0.0279543 0.173913 0.0144735 0.0125
21 -0.00911714 0.164828 0.0140217 0.0125
20 0.009402 0.155779 0.0149614 0.0125
11 0.0243635 -0.175939 0.0206519 0.0125
10 0.00924254 -0.161346 0.0224688 0.0125
6 -0.105167 -0.00304726 0.0484981 0.0125
9 -0.0959706 -0.020973 0.0456115 0.0125
2 -0.0386484 -0.133758 0.0182535 0.0125
19 0.0329076 0.146977 0.0118821 0.0125
8 -0.0857356 -0.046531 0.0414588 0.0125
5 0.0422553 -0.191126 0.0200167 0.0125
12 0.0180498 0.00157317 0.0114879 0.0125
13 0.0249251 0.0261847 0.0135138 0.0125
14 0.0317044 0.051008 0.0166899 0.0125
15 0.0418187 0.0692112 0.0154214 0.0125
16 0.0453916 0.0889356 0.0162088 0.0125
17 0.0511659 0.108194 0.0169574 0.0125
18 0.0580291 0.127109 0.0181922 0.0125
1 0.0659939 0.14514 0.0131257 0.0125
e_2_8 2 8 1 0.0125 -0.0621928 -0.0901446 0.0298561 0.688145 -0.621312 0.00226545 0.374731 0.101805
e_8_9 8 9 2 0.0125 -0.0908535 -0.0337517 0.0435352 0.625241 -0.636534 0.142322 0.428535 0.027843
e_9_6 9 6 3 0.0125 -0.100568 -0.0120095 0.0470549 0.600894 -0.644755 0.115565 0.458107 0.020353
e_2_10 2 10 1 0.0125 -0.0147033 -0.147552 0.0203612 0.611441 -0.0425088 0.678356 -0.405174 0.055429
e_10_11 10 11 2 0.0125 0.0168032 -0.168642 0.02156 0.508561 0.0357084 0.736074 -0.445292 0.021093
e_11_5 11 5 3 0.0125 0.03331 -0.183533 0.0203339 0.541595 0.0158645 0.716432 -0.439487 0.023478
e_2_12 2 12 1 0.0125 -0.0102997 -0.0660919 0.0148708 0.64713 -0.527407 0.494845 0.241231 0.146884
e_12_13 12 13 2 0.0125 0.0214873 0.0138786 0.0125011 0.690095 -0.55151 0.395372 0.251568 0.025634
e_13_14 13 14 3 0.0125 0.0283149 0.0385967 0.0151016 0.710305 -0.550376 0.368579 0.238125 0.025928
e_14_15 14 15 4 0.0125 0.0367613 0.0601102 0.0160554 0.654799 -0.503988 0.525727 0.202102 0.020863
e_15_16 15 16 5 0.0125 0.0436049 0.079074 0.0158149 0.655922 -0.569313 0.395294 0.298985 0.020061
e_16_17 16 17 6 0.0125 0.0482786 0.0985645 0.0165834 0.672245 -0.548951 0.424321 0.258245 0.020119
e_17_18 17 18 7 0.0125 0.0545969 0.117651 0.0175752 0.691275 -0.537482 0.424843 0.229695 0.02016
e_18_1 18 1 8 0.0125 0.0620114 0.136124 0.0156593 0.549319 -0.506435 0.606627 0.271618 0.020352
e_1_19 1 19 1 0.0125 0.0494507 0.146059 0.0125032 -0.419348 0.597017 0.4029 -0.552621 0.03316
e_19_20 19 20 2 0.0125 0.0211546 0.151378 0.0134213 -0.340026 0.658423 0.0747144 -0.667293 0.025288
e_20_21 20 21 3 0.0125 0.000142202 0.160304 0.014492 -0.69045 0.296109 0.659615 0.0224972 0.020632
e_21_4 21 4 4 0.0125 -0.0185362 0.169371 0.014247 -0.692368 0.450584 0.534967 -0.177232 0.020919
e_1_22 1 22 1 0.0125 0.0927412 0.136922 0.0123153 0.623095 -0.118557 0.707398 -0.311905 0.055986
e_22_23 22 23 2 0.0125 0.129598 0.127072 0.0119167 0.665101 -0.162354 0.673498 -0.278715 0.020498
e_23_3 23 3 3 0.0125 0.150974 0.124382 0.0155244 0.737714 -0.176066 0.577104 -0.30287 0.023516
4 20 19
3 -0.0390464 -0.0276252 0.0598489 0.0125
21 -0.0258848 -0.0126015 0.0608789 0.0125
20 -0.0128852 0.00257631 0.061701 0.0125
19 0.000116648 0.0177544 0.0624614 0.0125
10 -0.104927 0.0862629 0.0210585 0.0125
5 -0.260898 0.260061 0.0592219 0.0125
6 -0.139366 0.288412 0.0327178 0.0125
9 -0.245568 0.200199 0.0208669 0.0125
2 -0.236584 0.176236 0.0114457 0.0125
8 -0.207498 0.207555 0.0169365 0.0125
11 -0.0874773 0.0760512 0.020105 0.0125
12 -0.0701243 0.0672732 0.0247952 0.0125
13 -0.0520929 0.0642086 0.032889 0.0125
14 -0.0338055 0.0620749 0.0407019 0.0125
15 -0.016121 0.0583652 0.0492747 0.0125
16 0.00328991 0.0550393 0.0527575 0.0125
1 0.0219996 0.0509317 0.058509 0.0125
18 0.010153 0.034915 0.0602769 0.0125
17 -0.0414675 0.0600657 0.0227239 0.0125
4 -0.065551 0.0572033 0.0118742 0.0125
e_2_8 2 8 1 0.0125 -0.222041 0.191896 0.0141904 0.745205 -0.425608 0.505129 0.0915013 0.043094
e_8_6 8 6 2 0.0125 -0.173432 0.247984 0.0248269 0.749596 -0.433395 0.488219 0.109168 0.106906
e_2_9 2 9 1 0.0125 -0.241076 0.188217 0.0161566 0.693546 -0.56015 0.11617 0.437871 0.027271
e_9_5 9 5 2 0.0125 -0.253233 0.23013 0.0400447 0.776839 -0.473864 0.108479 0.400259 0.072729
e_2_10 2 10 1 0.0125 -0.170756 0.13125 0.0162525 0.625244 0.0421685 0.684204 -0.373037 0.159754
e_10_11 10 11 2 0.0125 -0.0962017 0.0811573 0.0205813 0.585926 -0.0198597 0.723311 -0.364853 0.020241
e_11_12 11 12 3 0.0125 -0.0788008 0.0716622 0.0224501 0.722888 0.0407426 0.617325 -0.307706 0.020005
e_12_13 12 13 4 0.0125 -0.0611081 0.0657412 0.0288417 0.816245 -0.032878 0.544608 -0.189912 0.02
e_13_14 13 14 5 0.0125 -0.0429496 0.063142 0.0367952 0.814555 -0.05481 0.549243 -0.178406 0.02
e_14_15 14 15 6 0.0125 -0.0249635 0.0602202 0.0449887 0.822421 -0.013759 0.534317 -0.194783 0.02
e_15_16 15 16 7 0.0125 -0.00641549 0.0567016 0.0510164 0.73043 -0.0878773 0.636542 -0.231438 0.02
e_16_1 16 1 8 0.0125 0.012645 0.0529859 0.0556333 0.769556 -0.0422095 0.595351 -0.227066 0.02
e_1_17 1 17 1 0.0125 -0.0097339 0.0554986 0.0406172 0.00441907 -0.854605 0.115383 0.506278 0.073431
e_17_4 17 4 2 0.0125 -0.0535093 0.0586345 0.0172991 -0.082536 -0.838672 0.0285791 0.537588 0.026569
e_1_18 1 18 1 0.0125 0.0160757 0.0429237 0.0593931 0.666326 0.318001 -0.59556 0.316533 0.02
e_18_19 18 19 2 0.0125 0.00513425 0.026335 0.0613693 0.734622 0.62358 -0.237746 -0.122295 0.02
e_19_20 19 20 3 0.0125 -0.00638487 0.0101652 0.0620809 0.0119254 -0.459188 -0.555117 0.693433 0.02
e_20_21 20 21 4 0.0125 -0.0193847 -0.00501219 0.06129 -0.00713433 -0.474973 -0.543115 0.69237 0.02
e_21_3 21 3 5 0.0125 -0.0324654 -0.0201135 0.0603635 -0.068718 -0.529833 -0.494996 0.685226 0.02
5 21 20
3 0.138964 -0.0241127 0.0703815 0.0125
22 0.130705 -0.02677 0.0884012 0.0125
21 0.121989 -0.0296625 0.106168 0.0125
20 0.113672 -0.0340066 0.123831 0.0125
19 0.105016 -0.0382529 0.141353 0.0125
12 -0.0566805 -0.00459995 0.0817436 0.0125
11 -0.0679824 0.00538319 0.0685975 0.0125
10 -0.0830019 0.016137 0.0609264 0.0125
9 -0.0987914 0.0257366 0.0532052 0.0125
2 -0.153044 0.0605122 0.0260601 0.0125
8 -0.113789 0.0359852 0.0445647 0.0125
6 -0.0454177 -0.0142652 0.0951521 0.0125
13 -0.15378 0.0814112 0.0330098 0.0125
5 -0.173085 0.155537 0.0475357 0.0125
14 -0.104805 0.0501857 0.0463017 0.0125
15 -0.0315828 0.035409 0.0748982 0.0125
16 0.0172809 0.0105861 0.0966926 0.0125
17 0.0582829 -0.0164532 0.129441 0.0125
1 0.0920888 -0.0385578 0.15661 0.0125
18 0.0413217 -0.0664429 0.177622 0.0125
4 0.0112714 -0.0901624 0.180425 0.0125
e_2_8 2 8 1 0.0125 -0.133416 0.048248 0.0353124 0.660851 0.523634 0.200508 0.498878 0.049849
e_8_9 8 9 2 0.0125 -0.10629 0.0308603 0.048885 0.709004 0.492877 0.205662 0.460531 0.020115
e_9_10 9 10 3 0.0125 -0.0908967 0.0209368 0.0570658 0.671489 0.512152 0.211959 0.49181 0.020027
e_10_11 10 11 4 0.0125 -0.0754918 0.0107606 0.0647616 0.675934 0.525711 0.178513 0.484639 0.020002
e_11_12 11 12 5 0.0125 -0.0623321 0.000392135 0.0751705 0.861756 0.359446 0.205511 0.293156 0.020005
e_12_6 12 6 6 0.0125 -0.0510489 -0.00943293 0.0884475 0.86924 0.346603 0.211404 0.282126 0.020002
e_2_13 2 13 1 0.0125 -0.153412 0.0709617 0.0295349 0.430163 -0.292677 -0.506602 -0.687498 0.022036
e_13_5 13 5 2 0.0125 -0.163432 0.118474 0.0402728 0.415749 -0.197892 -0.606366 -0.648314 0.077964
e_2_14 2 14 1 0.0125 -0.128924 0.0553493 0.0361805 0.671611 0.414676 0.371813 0.488608 0.053323
e_14_15 14 15 2 0.0125 -0.0681933 0.0427975 0.0606 0.648908 0.430625 0.368512 0.507622 0.079985
e_15_16 15 16 3 0.0125 -0.00715079 0.0229972 0.0857951 0.653453 0.507935 0.239274 0.507691 0.058982
e_16_17 16 17 4 0.0125 0.037782 -0.0029339 0.113067 0.798297 0.402396 0.246361 0.374307 0.059031
e_17_1 17 1 5 0.0125 0.0751857 -0.0275051 0.143026 0.800593 0.398969 0.248513 0.37164 0.048678
e_1_18 1 18 1 0.0125 0.0667052 -0.0525 0.167116 0.811536 0.340957 -0.461779 -0.109166 0.061614
e_18_4 18 4 2 0.0125 0.0262965 -0.0783026 0.179023 0.732013 0.44044 -0.519132 -0.0259084 0.038386
e_1_19 1 19 1 0.0125 0.098553 -0.0384055 0.148982 -0.275445 0.58099 -0.737476 0.206664 0.02
e_19_20 19 20 2 0.0125 0.109344 -0.0361298 0.132591 -0.248688 0.458187 -0.853309 0.00912726 0.02
e_20_21 20 21 3 0.0125 0.11783 -0.0318354 0.114999 -0.24174 0.454464 -0.857334 0.00148713 0.02
e_21_22 21 22 4 0.0125 0.126347 -0.0282163 0.0972846 -0.231004 0.493027 -0.837315 0.0496501 0.02
e_22_3 22 3 5 0.0125 0.134835 -0.0254409 0.0793911 -0.216956 0.496667 -0.838943 0.0492511 0.02
6 22 21
3 -0.00783621 0.101514 0.0383457 0.0125
23 0.00930256 0.089166 0.0516411 0.0125
22 0.0391885 0.0653399 0.0736293 0.0125
4 0.0746062 0.021304 0.179788 0.0125
21 0.0732345 0.0391271 0.139894 0.0125
1 0.0631998 0.0498954 0.0855686 0.0125
11 -0.187036 0.193822 0.0701663 0.0125
6 -0.113129 0.288504 0.0663601 0.0125
10 -0.12746 0.261955 0.0657721 0.0125
9 -0.141117 0.234405 0.063174 0.0125
2 -0.201853 0.171535 0.0751836 0.0125
19 -0.0158779 0.0740183 0.0686851 0.0125
8 -0.175683 0.199656 0.0642492 0.0125
12 -0.168978 0.217229 0.0659539 0.0125
13 -0.154804 0.231874 0.0669655 0.0125
5 -0.134775 0.241878 0.0692416 0.0125
14 -0.185166 0.157183 0.0730842 0.0125
15 -0.107228 0.103987 0.0582728 0.0125
16 -0.0835971 0.0944709 0.0571441 0.0125
17 -0.064511 0.0861618 0.0588841 0.0125
18 -0.0440799 0.0797926 0.0625374 0.0125
20 0.0311081 0.0641548 0.0791575 0.0125
e_2_8 2 8 1 0.0125 -0.188768 0.185595 0.0697163 0.602584 -0.586172 0.541563 -0.00218981 0.039941
e_8_9 8 9 2 0.0125 -0.1584 0.21703 0.0637111 0.698919 -0.523378 0.486868 -0.0234078 0.049024
e_9_10 9 10 3 0.0125 -0.134289 0.24818 0.0644732 0.736247 -0.608645 0.295733 -0.00584115 0.030859
e_10_6 10 6 4 0.0125 -0.120295 0.275229 0.0660658 0.713965 -0.617445 0.330162 -0.00281671 0.030176
e_2_11 2 11 1 0.0125 -0.194445 0.182678 0.0726751 0.638609 -0.636634 0.432246 0.00620255 0.027229
e_11_12 11 12 2 0.0125 -0.178007 0.205525 0.0680602 0.655339 -0.600357 0.458357 -0.00329768 0.029862
e_12_13 12 13 3 0.0125 -0.161891 0.224551 0.0664602 0.723901 -0.513119 0.460356 -0.0273685 0.020407
e_13_5 13 5 4 0.0125 -0.14479 0.236876 0.0681041 0.739399 -0.348735 0.572545 -0.0621691 0.022503
e_2_14 2 14 1 0.0125 -0.19351 0.164359 0.074134 0.650996 0.325581 0.664437 -0.169483 0.02211
e_14_15 14 15 2 0.0125 -0.146197 0.130585 0.0656786 0.630459 0.262907 0.713031 -0.158075 0.095517
e_15_16 15 16 3 0.0125 -0.0954128 0.0992289 0.0577085 0.676755 0.127506 0.711241 -0.141 0.025501
e_16_17 16 17 4 0.0125 -0.074054 0.0903164 0.0580141 0.721103 0.140705 0.66225 -0.147095 0.020889
e_17_18 17 18 5 0.0125 -0.0542951 0.0829771 0.0607101 0.751504 0.0765571 0.640305 -0.13925 0.02171
e_18_19 18 19 6 0.0125 -0.0299789 0.0769055 0.0656112 0.766309 0.0204265 0.628615 -0.131135 0.029436
e_19_20 19 20 7 0.0125 0.00761493 0.0690865 0.0739208 0.767601 0.0231953 0.62682 -0.131705 0.049139
e_20_1 20 1 8 0.0125 0.0471543 0.0570245 0.0823629 0.753228 0.140889 0.62478 -0.149825 0.035698
e_1_21 1 21 1 0.0125 0.0682166 0.0445109 0.112731 0.98013 0.0819739 0.103338 -0.148145 0.056283
e_21_4 21 4 2 0.0125 0.0739205 0.030216 0.159841 0.96397 0.202793 0.050876 -0.164466 0.043717
e_1_22 1 22 1 0.0125 0.0511939 0.0576178 0.0795996 0.552734 -0.499392 -0.665967 0.0397779 0.030946
e_22_23 22 23 2 0.0125 0.0242456 0.0772525 0.0626357 0.496328 -0.623873 -0.600094 0.0657798 0.044095
e_23_3 23 3 3 0.0125 0.000733581 0.0953403 0.0449927 0.478836 -0.604066 -0.633601 0.0661025 0.02496
7 23 22
3 0.2356 -0.131625 0.113092 0.0125
24 0.250332 -0.191365 0.0825815 0.0125
4 0.309402 -0.275046 0.0122056 0.0125
23 0.300274 -0.26944 0.0290943 0.0125
22 0.289216 -0.259088 0.042154 0.0125
21 0.277965 -0.244553 0.0500393 0.0125
20 0.267037 -0.229615 0.0576151 0.0125
11 0.182946 0.0529794 0.137676 0.0125
6 0.0490259 0.0933412 0.0408484 0.0125
10 0.0677479 0.0899692 0.0483787 0.0125
9 0.0858729 0.0840479 0.0561625 0.0125
2 0.169762 0.0588704 0.120774 0.0125
19 0.243276 -0.196978 0.0593229 0.0125
8 0.106419 0.0780669 0.0745637 0.0125
12 0.196359 0.0472269 0.153954 0.0125
5 0.232351 0.0325616 0.194142 0.0125
13 0.183432 0.0192471 0.104662 0.0125
14 0.208683 -0.055291 0.0689085 0.0125
15 0.218892 -0.106843 0.0603178 0.0125
16 0.222229 -0.126736 0.0593799 0.0125
17 0.226509 -0.159447 0.056924 0.0125
18 0.234668 -0.178286 0.056108 0.0125
1 0.255693 -0.213516 0.0610964 0.0125
e_2_8 2 8 1 0.0125 0.13809 0.0684689 0.0976684 -0.125549 0.88653 -0.0170826 -0.444982 0.080723
e_8_9 8 9 2 0.0125 0.0961459 0.0810577 0.0653634 -0.211613 0.880864 0.22377 -0.359479 0.028222
e_9_10 9 10 3 0.0125 0.07681 0.0870088 0.0522704 0.363238 0.430818 -0.709486 -0.423182 0.020596
e_10_6 10 6 4 0.0125 0.0583869 0.0916548 0.0446132 0.343407 0.554865 -0.61331 -0.445025 0.020459
e_2_11 2 11 1 0.0125 0.176353 0.0559252 0.129225 0.91645 0.205565 0.278555 0.200672 0.022231
e_11_12 11 12 2 0.0125 0.189652 0.0501031 0.145815 0.91165 0.20887 0.289983 0.202923 0.021862
e_12_5 12 5 3 0.0125 0.214354 0.0398942 0.174048 0.903944 0.214984 0.307183 0.205684 0.055907
e_2_13 2 13 1 0.0125 0.176597 0.0390585 0.112718 0.560918 0.73519 0.37268 -0.0773065 0.044905
e_13_14 13 14 2 0.0125 0.196057 -0.018022 0.0867851 0.535265 0.746428 0.386855 -0.0817319 0.08644
e_14_15 14 15 3 0.0125 0.213788 -0.0810669 0.0646132 0.639924 0.716007 0.260763 -0.0991664 0.05325
e_15_16 15 16 4 0.0125 0.220561 -0.116789 0.0598495 0.683775 0.689773 0.217781 -0.0961037 0.020193
e_16_17 16 17 5 0.0125 0.22437 -0.143092 0.0581522 0.671731 0.702406 0.209173 -0.107938 0.033082
e_17_18 17 18 6 0.0125 0.230589 -0.168867 0.056516 0.692131 0.647177 0.317837 -0.0331207 0.020546
e_18_19 18 19 7 0.0125 0.238972 -0.187632 0.0577155 0.75968 0.587603 0.278459 -0.00834786 0.020828
e_19_1 19 1 8 0.0125 0.249485 -0.205247 0.06021 0.735638 0.561777 0.376403 0.0395469 0.020756
e_1_20 1 20 1 0.0125 0.261364 -0.221565 0.0593558 0.642529 0.633415 0.431084 0.0104496 0.02
e_20_21 20 21 2 0.0125 0.272501 -0.237084 0.0538269 0.557325 0.670602 0.489573 0.000545655 0.02
e_21_22 21 22 3 0.0125 0.28359 -0.251821 0.0460966 0.550292 0.666414 0.503017 0.00668219 0.02
e_22_23 22 23 4 0.0125 0.294745 -0.264265 0.0356241 0.415567 0.665542 0.619302 0.0286958 0.02
e_23_4 23 4 5 0.0125 0.304838 -0.272243 0.02065 0.27424 0.642624 0.713631 0.0505757 0.02
e_1_24 1 24 1 0.0125 0.253013 -0.20244 0.0718393 0.837114 -0.389429 0.0732136 0.377127 0.03132
e_24_3 24 3 2 0.0125 0.242966 -0.161495 0.0978365 0.72494 -0.502474 0.159372 0.443375 0.06868
8 24 23
3 -0.146517 0.0865494 0.135335 0.0125
25 -0.151661 0.0950582 0.117203 0.0125
24 -0.161276 0.102053 0.0990339 0.0125
23 -0.176813 0.114293 0.0748174 0.0125
4 -0.285474 0.116293 0.0490885 0.0125
22 -0.266104 0.121941 0.0490149 0.0125
21 -0.24567 0.125756 0.0526097 0.0125
20 -0.218903 0.131327 0.0572645 0.0125
6 -0.109804 -0.0186919 0.0249028 0.0125
11 -0.117576 -0.0371488 0.0249643 0.0125
10 -0.123582 -0.0562375 0.0263612 0.0125
9 -0.124333 -0.0782826 0.0281586 0.0125
2 -0.147874 -0.160778 0.0118868 0.0125
19 -0.186697 0.109598 0.0605825 0.0125
8 -0.130692 -0.114914 0.0232738 0.0125
12 -0.166541 -0.15452 0.0154069 0.0125
13 -0.182919 -0.143276 0.0177203 0.0125
14 -0.199384 -0.132415 0.0210221 0.0125
15 -0.213544 -0.118477 0.0187309 0.0125
5 -0.228293 -0.105622 0.02288 0.0125
16 -0.165376 0.00983245 0.0489442 0.0125
17 -0.172099 0.0306545 0.0551592 0.0125
18 -0.175828 0.0715629 0.0618196 0.0125
1 -0.187954 0.12978 0.0566577 0.0125
e_2_8 2 8 1 0.0125 -0.139283 -0.137846 0.0175803 0.636397 -0.600424 -0.162054 -0.45632 0.050283
e_8_9 8 9 2 0.0125 -0.127512 -0.0965986 0.0257165 0.614715 -0.596213 -0.281774 -0.432734 0.0375
e_9_10 9 10 3 0.0125 -0.123958 -0.06726 0.0272599 0.541466 -0.602104 -0.422001 -0.407676 0.02213
e_10_11 10 11 4 0.0125 -0.12058 -0.0466935 0.0256625 0.501725 -0.661832 -0.311108 -0.46202 0.02006
e_11_6 11 6 5 0.0125 -0.11369 -0.0279208 0.0249336 0.519567 -0.66641 -0.239652 -0.478032 0.020027
e_2_12 2 12 1 0.0125 -0.157207 -0.15765 0.0136468 0.762726 -0.140154 -0.626376 -0.0791114 0.02
e_12_13 12 13 2 0.0125 -0.17473 -0.148898 0.0165636 0.730391 -0.253518 -0.614735 -0.156072 0.02
e_13_14 13 14 3 0.0125 -0.191151 -0.137845 0.0193712 0.747999 -0.241339 -0.599335 -0.151823 0.02
e_14_15 14 15 4 0.0125 -0.206464 -0.125447 0.0198765 0.634929 -0.340652 -0.664258 -0.198952 0.02
e_15_5 15 5 5 0.0125 -0.220919 -0.11205 0.0208057 0.753647 -0.285731 -0.56092 -0.18906 0.02
e_2_16 2 16 1 0.0125 -0.156625 -0.0754734 0.0304156 0.682653 -0.517263 -0.356147 -0.373608 0.175464
e_16_17 16 17 2 0.0125 -0.168737 0.0202429 0.0520521 0.729137 -0.448989 -0.402214 -0.324023 0.022746
e_17_18 17 18 3 0.0125 -0.173963 0.0511081 0.0584897 0.660942 -0.530858 -0.371709 -0.378388 0.041615
e_18_19 18 19 4 0.0125 -0.181262 0.0905804 0.0612011 0.609003 -0.508672 -0.50684 -0.336869 0.039576
e_19_1 19 1 5 0.0125 -0.187325 0.119689 0.0586201 0.508853 -0.587122 -0.500549 -0.381847 0.020599
e_1_20 1 20 1 0.0125 -0.203428 0.130554 0.0569614 0.713975 -0.0407441 -0.698959 0.00592178 0.030994
e_20_21 20 21 2 0.0125 -0.232286 0.128542 0.0549376 0.63903 0.0523468 -0.762352 0.0878604 0.027733
e_21_22 21 22 3 0.0125 -0.255887 0.123849 0.0508125 0.638812 0.0435305 -0.763742 0.0819919 0.021096
e_22_4 22 4 4 0.0125 -0.275789 0.119117 0.0490522 0.7009 0.0971819 -0.699091 0.102793 0.020177
e_1_23 1 23 1 0.0125 -0.182383 0.122037 0.0657375 0.911579 0.346618 0.187404 0.117296 0.026339
e_23_24 23 24 2 0.0125 -0.169045 0.108173 0.0869252 0.941903 0.210077 0.261953 0.00814502 0.031267
e_24_25 24 25 3 0.0125 -0.156469 0.0985555 0.108119 0.958061 0.162679 0.234867 -0.0221655 0.021715
e_25_3 25 3 4 0.0125 -0.149089 0.090804 0.126269 0.968208 0.216424 0.121419 0.0314748 0.020679
