8
1 16 15
3 -0.0484562 -0.247739 0.0311171 0.0125
17 -0.0714923 -0.239399 0.0388496 0.0125
16 -0.09852 -0.220553 0.0464446 0.0125
4 -0.155861 -0.123787 0.0114752 0.0125
15 -0.152522 -0.140252 0.0226676 0.0125
14 -0.146021 -0.165499 0.0337509 0.0125
1 -0.132277 -0.205549 0.0630369 0.0125
13 -0.118737 -0.177947 0.0620562 0.0125
12 -0.110109 -0.153402 0.0568218 0.0125
11 -0.0852298 -0.0640882 0.038939 0.0125
8 0.0606853 -0.0244636 0.0114945 0.0125
2 -0.0251453 0.0684262 0.0175428 0.0125
9 0.0266569 0.108202 0.0114819 0.0125
6 0.0765691 -0.0415781 0.0127324 0.0125
5 0.0560633 0.12599 0.01315 0.0125
10 -0.0799091 -0.0361775 0.031407 0.0125
e_2_8 2 8 1 0.0125 0.0177702 0.0219815 0.014519 0.652575 0.343161 0.637278 -0.224195 0.126618
e_8_6 8 6 2 0.0125 0.0686275 -0.0330206 0.0121138 0.693952 0.345702 0.594999 -0.211887 0.023382
e_2_9 2 9 1 0.0125 0.000755348 0.0883143 0.0145127 0.673476 -0.436738 0.596204 0.0152188 0.065592
e_9_5 9 5 2 0.0125 0.0413603 0.117096 0.0123163 0.724038 -0.359188 0.58885 -0.00269317 0.034408
e_2_10 2 10 1 0.0125 -0.0525274 0.0161241 0.0244746 0.7434 0.616842 -0.247384 -0.0752543 0.118883
e_10_11 10 11 2 0.0125 -0.0825691 -0.0501324 0.0351725 0.78183 0.609648 -0.0145071 -0.129852 0.029395
e_11_12 11 12 3 0.0125 -0.097669 -0.108745 0.0478801 0.761185 0.632744 -0.0702703 -0.123675 0.094423
e_12_13 12 13 4 0.0125 -0.114423 -0.165675 0.0594392 0.766463 0.620776 -0.126527 -0.105652 0.026538
e_13_1 13 1 5 0.0125 -0.125507 -0.191748 0.0625467 0.711729 0.66025 -0.219406 -0.0968171 0.030761
e_1_14 1 14 1 0.0125 -0.139149 -0.185524 0.0483936 0.401509 -0.868792 0.172107 0.233175 0.051483
e_14_15 14 15 2 0.0125 -0.149271 -0.152875 0.028209 0.501169 -0.820651 0.148817 0.230684 0.02833
e_15_4 15 4 3 0.0125 -0.154192 -0.13202 0.017071 0.421108 -0.850012 0.233879 0.213185 0.020187
e_1_16 1 16 1 0.0125 -0.115399 -0.213051 0.0547401 0.506889 0.0421347 0.838505 -0.195444 0.040496
e_16_17 16 17 2 0.0125 -0.0850064 -0.229976 0.0426467 0.584046 0.197333 0.75721 -0.215831 0.033813
e_17_3 17 3 3 0.0125 -0.0599746 -0.243569 0.0349828 0.562981 0.0299758 0.805968 -0.180468 0.025691
2 20 19
3 -0.0441399 0.130937 0.034051 0.0125
21 -0.085092 0.0951977 0.0694927 0.0125
4 -0.197838 0.0646167 0.0442428 0.0125
20 -0.162579 0.0651543 0.0616931 0.0125
11 0.0714452 -0.192245 0.014171 0.0125
6 0.140614 -0.109655 0.0927583 0.0125
10 0.128038 -0.12409 0.0843686 0.0125
9 0.113647 -0.139352 0.0672401 0.0125
2 0.0353635 -0.179552 0.0156757 0.0125
19 -0.138387 0.0690562 0.0702493 0.0125
8 0.098241 -0.14804 0.0563938 0.0125
12 0.103667 -0.202233 0.0138914 0.0125
5 0.129289 -0.213481 0.0143561 0.0125
13 0.0282844 -0.161647 0.0214434 0.0125
14 0.0101687 -0.116065 0.0359402 0.0125
15 -0.00570602 -0.0925324 0.0411606 0.0125
16 -0.0284579 -0.0574133 0.0434412 0.0125
17 -0.0601023 0.00028398 0.0510356 0.0125
18 -0.081355 0.0308477 0.0655338 0.0125
1 -0.106781 0.0718864 0.0842896 0.0125
e_2_8 2 8 1 0.0125 0.0668025 -0.163796 0.0360344 0.858621 -0.281213 0.412802 -0.115256 0.081269
e_8_9 8 9 2 0.0125 0.105944 -0.143696 0.0618167 0.866018 -0.290213 0.392914 -0.106805 0.020746
e_9_10 9 10 3 0.0125 0.120843 -0.131722 0.0758042 0.901348 -0.331238 0.272109 -0.0617242 0.027082
e_10_6 10 6 4 0.0125 0.134326 -0.116873 0.0885635 0.836985 -0.417753 0.353252 -0.0123134 0.020902
e_2_11 2 11 1 0.0125 0.0534045 -0.185899 0.014923 0.635472 -0.0520849 0.718989 -0.276618 0.038279
e_11_12 11 12 2 0.0125 0.0875561 -0.197239 0.0140312 0.650655 -0.0650818 0.707037 -0.269279 0.033736
e_12_5 12 5 3 0.0125 0.116479 -0.207857 0.0141236 0.647197 -0.0134377 0.70109 -0.299048 0.027985
e_2_13 2 13 1 0.0125 0.0318238 -0.170599 0.0185597 0.775021 -0.593108 -0.0688523 0.206941 0.020099
e_13_14 13 14 2 0.0125 0.0192259 -0.138856 0.0286922 0.773541 -0.594589 -0.068905 0.208206 0.051148
e_14_15 14 15 3 0.0125 0.00223129 -0.104299 0.0385506 0.7246 -0.619404 -0.160921 0.255731 0.028862
e_15_16 15 16 4 0.0125 -0.0170822 -0.0749731 0.0423015 0.663816 -0.67907 -0.107959 0.294206 0.041907
e_16_17 16 17 5 0.0125 -0.0442801 -0.0285651 0.0472386 0.69595 -0.659606 -0.0871829 0.270135 0.066242
e_17_18 17 18 6 0.0125 -0.0707282 0.0155655 0.0582851 0.803293 -0.525156 -0.206773 0.190199 0.03995
e_18_1 18 1 7 0.0125 -0.0940679 0.0513668 0.0749113 0.803011 -0.535733 -0.178683 0.190357 0.051792
e_1_19 1 19 1 0.0125 -0.122584 0.0704709 0.0772697 0.272695 -0.68562 -0.481901 0.472582 0.0347
e_19_20 19 20 2 0.0125 -0.150483 0.0671052 0.065971 0.514981 0.483293 -0.656698 -0.264518 0.025955
e_20_4 20 4 3 0.0125 -0.180209 0.0648853 0.0529684 -0.00359343 -0.849538 -0.00715911 0.527466 0.039345
e_1_21 1 21 1 0.0125 -0.0959364 0.0835414 0.076891 0.533789 -0.542056 0.645667 0.0660189 0.035111
e_21_3 21 3 2 0.0125 -0.0646161 0.113068 0.0517722 0.474176 -0.5124 0.714523 0.0453819 0.064889
3 22 21
3 -0.0814993 -0.19741 0.0599036 0.0125
23 -0.0803207 -0.178671 0.0668346 0.0125
22 -0.0842636 -0.159295 0.0707321 0.0125
21 -0.0879057 -0.137896 0.0773133 0.0125
4 -0.167366 -0.0994781 0.0124933 0.0125
20 -0.138912 -0.0959409 0.0390608 0.0125
11 0.0528837 0.19988 0.0214678 0.0125
10 0.0352797 0.192031 0.0268046 0.0125
6 -0.103276 0.273824 0.0522681 0.0125
9 0.0196084 0.180389 0.0311529 0.0125
2 0.00329391 0.169929 0.0360934 0.0125
19 -0.124424 -0.0974186 0.0530984 0.0125
8 -0.081143 0.25638 0.0470444 0.0125
12 0.0719448 0.20121 0.0155613 0.0125
5 0.0914567 0.202832 0.0114778 0.0125
13 -0.0105436 0.0510326 0.0551019 0.0125
14 -0.0254056 0.0154172 0.0675358 0.0125
15 -0.046041 -0.0278115 0.0735449 0.0125
16 -0.0582609 -0.0520264 0.0773479 0.0125
17 -0.0726432 -0.069151 0.0787012 0.0125
18 -0.0842897 -0.0854451 0.0795888 0.0125
1 -0.0957836 -0.101852 0.0816506 0.0125
e_2_8 2 8 1 0.0125 -0.0389244 0.213154 0.0415694 0.722714 -0.375891 -0.559982 -0.151031 0.121339
e_8_6 8 6 2 0.0125 -0.0922094 0.265102 0.0496562 0.689929 -0.133555 -0.625329 -0.339301 0.028661
e_2_9 2 9 1 0.0125 0.0114513 0.17516 0.0336228 0.541458 -0.0634206 0.78708 0.288628 0.02
e_9_10 9 10 2 0.0125 0.0274437 0.18621 0.0289787 0.545486 -0.0991786 0.773873 0.306152 0.02
e_10_11 10 11 3 0.0125 0.0440816 0.195956 0.0241356 0.552887 0.00029262 0.795877 0.24677 0.02
e_11_12 11 12 4 0.0125 0.0624146 0.200544 0.0185146 0.575764 0.140946 0.79233 0.144373 0.02
e_12_5 12 5 5 0.0125 0.0817007 0.202021 0.0135195 0.614225 0.113551 0.767586 0.143686 0.02
e_2_13 2 13 1 0.0125 -0.00362487 0.110481 0.0455976 0.642937 0.58531 0.28106 -0.406263 0.121198
e_13_14 13 14 2 0.0125 -0.0179744 0.0332257 0.0613185 0.657673 0.573931 0.131401 -0.469896 0.040546
e_14_15 14 15 3 0.0125 -0.0357239 -0.00619715 0.0705401 0.574231 0.640562 0.165679 -0.482172 0.048277
e_15_16 15 16 4 0.0125 -0.0521518 -0.039919 0.0754466 0.576334 0.63824 0.152352 -0.487112 0.027389
e_16_17 16 17 5 0.0125 -0.065452 -0.0605887 0.0780245 0.497635 0.680514 0.0819176 -0.531553 0.022403
e_17_18 17 18 6 0.0125 -0.0784661 -0.0772984 0.0791451 0.505863 0.68075 0.120171 -0.515986 0.020048
e_18_1 18 1 7 0.0125 -0.0900369 -0.0936492 0.0806201 0.533928 0.661668 0.104806 -0.51588 0.020138
e_1_19 1 19 1 0.0125 -0.110103 -0.0996356 0.0673751 -0.231454 0.814238 0.433512 -0.309052 0.040683
e_19_20 19 20 2 0.0125 -0.131668 -0.0966798 0.0460801 -0.209175 0.823603 0.410686 -0.330546 0.020228
e_20_4 20 4 3 0.0125 -0.153139 -0.0977099 0.0257772 -0.112427 0.841041 0.363976 -0.384099 0.039089
e_1_21 1 21 1 0.0125 -0.0918449 -0.119873 0.0794825 0.591859 0.577618 0.474067 -0.302195 0.037149
e_21_22 21 22 2 0.0125 -0.0860847 -0.148595 0.0740228 0.516308 0.618926 0.511858 -0.297249 0.022682
e_22_23 22 23 3 0.0125 -0.0822917 -0.168983 0.0687841 0.560194 0.595172 0.492409 -0.299144 0.020154
e_23_3 23 3 4 0.0125 -0.08091 -0.188041 0.0633691 0.452618 0.679733 0.459482 -0.34925 0.020014
4 21 20
3 0.0488065 0.174478 0.0430765 0.0125
22 0.0233368 0.11309 0.0759809 0.0125
4 -0.0703274 0.044436 0.0986225 0.0125
21 -0.0509278 0.0511435 0.0998938 0.0125
20 -0.0288087 0.0598535 0.0986869 0.0125
5 -0.318708 -0.0313602 0.142417 0.0125
10 -0.29384 -0.0183112 0.10803 0.0125
6 -0.347501 0.0932842 0.0310712 0.0125
9 -0.277938 -0.0125777 0.0930844 0.0125
2 -0.253656 -0.0155354 0.070878 0.0125
19 -0.0108331 0.0723883 0.0928009 0.0125
8 -0.272654 0.00390923 0.069623 0.0125
11 -0.117388 0.00780687 0.0812629 0.0125
12 -0.0969371 0.0118926 0.0832126 0.0125
13 -0.0784681 0.0197026 0.0867519 0.0125
14 -0.0591835 0.0250259 0.0867573 0.0125
15 -0.0411692 0.0337882 0.087379 0.0125
16 -0.0264557 0.0470639 0.0846788 0.0125
17 -0.0102582 0.0587454 0.0835847 0.0125
18 0.00212736 0.0744113 0.0825086 0.0125
1 0.0154279 0.0893499 0.0824198 0.0125
e_2_8 2 8 1 0.0125 -0.263155 -0.00581294 0.0702501 0.648555 -0.312142 -0.652409 -0.237289 0.027214
e_8_6 8 6 2 0.0125 -0.310077 0.048597 0.0503468 0.538245 -0.365943 -0.723237 -0.230882 0.122786
e_2_9 2 9 1 0.0125 -0.265797 -0.0140565 0.0819812 0.899887 0.0230664 -0.404219 -0.162107 0.033038
e_9_10 9 10 2 0.0125 -0.285889 -0.015444 0.100558 0.906685 0.179056 -0.369804 -0.0954242 0.022564
e_10_5 10 5 3 0.0125 -0.306274 -0.0248357 0.125224 0.936037 0.188281 -0.278003 -0.105351 0.044398
e_2_11 2 11 1 0.0125 -0.185522 -0.00386413 0.07607 0.621326 -0.453116 0.507185 -0.389106 0.138642
e_11_12 11 12 2 0.0125 -0.107163 0.0098502 0.0822377 0.626058 -0.462905 0.489061 -0.393179 0.020946
e_12_13 12 13 3 0.0125 -0.0877026 0.0157976 0.0849822 0.641915 -0.532863 0.359379 -0.418149 0.020362
e_13_14 13 14 4 0.0125 -0.0688253 0.0223646 0.0867543 0.570346 -0.554684 0.438386 -0.418149 0.020006
e_14_15 14 15 5 0.0125 -0.0501764 0.0294071 0.0870682 0.568477 -0.623395 0.309608 -0.438583 0.020041
e_15_16 15 16 6 0.0125 -0.033813 0.0404258 0.0860285 0.474938 -0.751339 0.0548795 -0.454876 0.020001
e_16_17 16 17 7 0.0125 -0.0183572 0.0529048 0.0841314 0.51687 -0.707722 0.162735 -0.453314 0.02
e_17_18 17 18 8 0.0125 -0.0040654 0.0665783 0.0830466 0.52261 -0.725331 -0.0281696 -0.447191 0.02
e_18_1 18 1 9 0.0125 0.00877756 0.0818812 0.0824638 0.544406 -0.708148 0.0269402 -0.448801 0.020001
e_1_19 1 19 1 0.0125 0.00229706 0.0808692 0.0876107 0.810904 0.317821 -0.49135 -0.000556179 0.03294
e_19_20 19 20 2 0.0125 -0.0198203 0.0661212 0.0957436 0.793405 0.339073 -0.505308 0.0142415 0.022691
e_20_21 20 21 3 0.0125 -0.0398681 0.0554979 0.09929 0.724816 0.251515 -0.641389 0.00104109 0.023803
e_21_4 21 4 4 0.0125 -0.0606275 0.0477891 0.0992585 0.684872 0.232544 -0.690539 0.00549589 0.020566
e_1_22 1 22 1 0.0125 0.0193827 0.10122 0.0792007 0.456342 -0.725148 -0.314273 -0.408833 0.025838
e_22_3 22 3 2 0.0125 0.0360718 0.143784 0.0595283 0.348057 -0.762516 -0.374718 -0.396247 0.074162
5 29 28
3 -0.214355 -0.120984 0.0351498 0.0125
30 -0.20314 -0.134903 0.0506442 0.0125
29 -0.195082 -0.149326 0.0649785 0.0125
28 -0.186835 -0.164805 0.0846143 0.0125
4 -0.12616 -0.202679 0.188454 0.0125
27 -0.135354 -0.196057 0.171704 0.0125
26 -0.146234 -0.189691 0.156153 0.0125
25 -0.161507 -0.183158 0.133485 0.0125
1 -0.171826 -0.178793 0.103878 0.0125
24 -0.155461 -0.167393 0.105391 0.0125
23 -0.138838 -0.157145 0.109715 0.0125
22 -0.122357 -0.145794 0.109839 0.0125
21 -0.103643 -0.138768 0.108451 0.0125
12 0.163323 0.0496991 0.0517286 0.0125
11 0.150696 0.0374727 0.0418989 0.0125
10 0.135406 0.0257992 0.0363022 0.0125
9 0.110464 0.0129326 0.0340833 0.0125
2 0.0525177 -0.00763353 0.03607 0.0125
19 -0.0701545 -0.121726 0.0947 0.0125
8 0.0849465 0.00184954 0.0347758 0.0125
6 0.170259 0.0639237 0.0640134 0.0125
13 0.0715957 -0.00707538 0.0420465 0.0125
14 0.0905515 -0.00824017 0.0483163 0.0125
15 0.110188 -0.0110797 0.050837 0.0125
16 0.130083 -0.0130505 0.0502926 0.0125
5 0.149969 -0.0148572 0.0491587 0.0125
17 -0.0355961 -0.104115 0.0792546 0.0125
18 -0.0525586 -0.115063 0.0870804 0.0125
20 -0.0856026 -0.131675 0.10351 0.0125
e_2_8 2 8 1 0.0125 0.0687328 -0.00289191 0.0354224 -0.519215 0.609813 -0.383755 0.459647 0.033812
e_8_9 8 9 2 0.0125 0.0977061 0.00739115 0.0344291 -0.563437 0.617933 -0.361369 0.412444 0.027829
e_9_10 9 10 3 0.0125 0.122935 0.0193659 0.0351927 -0.643489 0.563354 -0.378466 0.354001 0.028152
e_10_11 10 11 4 0.0125 0.14305 0.0316367 0.0391004 -0.770805 0.478357 -0.362617 0.213408 0.020034
e_11_12 11 12 5 0.0125 0.15701 0.0435863 0.0468137 -0.859493 0.381397 -0.332383 0.0730026 0.020139
e_12_6 12 6 6 0.0125 0.166792 0.0568111 0.0578705 -0.895184 0.378464 -0.223985 -0.0723927 0.020034
e_2_13 2 13 1 0.0125 0.0620569 -0.00735515 0.0390583 -0.749277 0.233967 -0.543912 0.296653 0.02
e_13_14 13 14 2 0.0125 0.0810737 -0.00765846 0.0451815 -0.764335 0.160447 -0.563478 0.269333 0.02
e_14_15 14 15 3 0.0125 0.10037 -0.00966017 0.0495772 -0.572722 0.350476 -0.560492 0.484773 0.02
e_15_16 15 16 4 0.0125 0.120135 -0.0120651 0.0505653 -0.376384 0.562275 -0.444354 0.587138 0.02
e_16_5 16 5 5 0.0125 0.140026 -0.0139535 0.0497256 -0.342353 0.594763 -0.417853 0.595357 0.02
e_2_17 2 17 1 0.0125 0.00846083 -0.0558741 0.0576623 -0.339715 0.177345 0.558253 -0.735864 0.137614
e_17_18 17 18 2 0.0125 -0.0440773 -0.109589 0.0831675 -0.433839 0.242698 0.510261 -0.701794 0.021652
e_18_19 18 19 3 0.0125 -0.0613563 -0.118394 0.0908902 -0.496729 0.299962 0.471542 -0.664026 0.020299
e_19_20 19 20 4 0.0125 -0.0778786 -0.1267 0.0991051 -0.463989 0.216435 0.486818 -0.707728 0.020378
e_20_21 20 21 5 0.0125 -0.0946228 -0.135221 0.105981 -0.44656 0.343967 0.508111 -0.651226 0.020004
e_21_22 21 22 6 0.0125 -0.113 -0.142281 0.109144 -0.389439 0.412818 0.543107 -0.618831 0.020037
e_22_23 22 23 7 0.0125 -0.130597 -0.151469 0.109777 -0.283431 0.373117 0.603233 -0.645415 0.020013
e_23_24 23 24 8 0.0125 -0.14715 -0.162269 0.107553 -0.228534 0.468581 0.623304 -0.582834 0.020001
e_24_1 24 1 9 0.0125 -0.163644 -0.173092 0.104635 -0.256946 0.398699 0.615508 -0.629419 0.020002
e_1_25 1 25 1 0.0125 -0.166667 -0.180975 0.118682 -0.866134 -0.14027 -0.112666 -0.466307 0.031657
e_25_26 25 26 2 0.0125 -0.153871 -0.186425 0.144819 -0.858583 -0.233101 -0.205836 -0.407592 0.028102
e_26_27 26 27 3 0.0125 -0.140794 -0.192874 0.163928 -0.824297 -0.287342 -0.170334 -0.457116 0.020018
e_27_4 27 4 4 0.0125 -0.130757 -0.199368 0.180079 -0.810336 -0.271312 -0.110621 -0.507453 0.020223
e_1_28 1 28 1 0.0125 -0.179331 -0.171799 0.0942456 -0.363272 0.843689 0.361178 -0.160541 0.028143
e_28_29 28 29 2 0.0125 -0.190958 -0.157066 0.074796 -0.351647 0.885627 0.2976 -0.0586829 0.026328
e_29_30 29 30 3 0.0125 -0.199112 -0.142115 0.0578114 -0.407032 0.865917 0.279033 -0.0815706 0.021872
e_30_3 30 3 4 0.0125 -0.208748 -0.127944 0.042897 -0.394572 0.851148 0.320999 -0.129694 0.023657
6 20 19
3 0.166164 0.117302 0.0125011 0.0125
21 0.145086 0.141945 0.0376822 0.0125
4 0.209227 0.154237 0.0889265 0.0125
20 0.184706 0.158901 0.0787486 0.0125
11 -0.0793438 0.291248 0.281161 0.0125
6 -0.107077 0.216634 0.155686 0.0125
10 -0.101104 0.234561 0.169722 0.0125
9 -0.0937049 0.25182 0.183682 0.0125
2 -0.0637607 0.325769 0.246577 0.0125
19 0.145082 0.173513 0.0659567 0.0125
8 -0.0854415 0.289894 0.206952 0.0125
12 -0.082417 0.272289 0.29647 0.0125
5 -0.0856208 0.25385 0.311732 0.0125
13 0.0375084 0.253462 0.164063 0.0125
14 0.0692202 0.237316 0.136651 0.0125
15 0.0838197 0.232636 0.120237 0.0125
16 0.0954052 0.227842 0.104138 0.0125
17 0.105556 0.217452 0.0902205 0.0125
18 0.114162 0.203346 0.0768214 0.0125
1 0.122541 0.191018 0.0613017 0.0125
e_2_8 2 8 1 0.0125 -0.0746013 0.307832 0.226764 0.228199 0.0653313 -0.916084 0.323184 0.057682
e_8_9 8 9 2 0.0125 -0.0895729 0.270857 0.195317 0.279428 0.329114 -0.805027 0.406861 0.045381
e_9_10 9 10 3 0.0125 -0.0974041 0.24319 0.176702 0.260649 0.189891 -0.873065 0.365733 0.023398
e_10_6 10 6 4 0.0125 -0.10409 0.225597 0.162704 0.243371 0.22177 -0.865436 0.377637 0.023539
e_2_11 2 11 1 0.0125 -0.0715518 0.308509 0.263869 0.886819 0.315638 -0.251442 0.225172 0.051289
e_11_12 11 12 2 0.0125 -0.08088 0.281769 0.288816 0.868883 0.39483 -0.18019 0.238081 0.024562
e_12_5 12 5 3 0.0125 -0.0840189 0.263069 0.304101 0.872037 0.388818 -0.181172 0.235688 0.024149
e_2_13 2 13 1 0.0125 -0.0131258 0.289615 0.20532 -0.463958 -0.363146 -0.802776 0.0917557 0.149306
e_13_14 13 14 2 0.0125 0.0533642 0.245388 0.150357 -0.253683 -0.888355 -0.126325 -0.361264 0.044919
e_14_15 14 15 3 0.0125 0.07652 0.234976 0.128443 -0.229697 -0.868565 -0.333141 -0.286096 0.02246
e_15_16 15 16 4 0.0125 0.0896127 0.230238 0.112187 -0.275672 -0.769161 -0.550334 -0.171839 0.020406
e_16_17 16 17 5 0.0125 0.10048 0.222646 0.0971792 -0.298476 -0.082846 -0.915999 0.254941 0.020117
e_17_18 17 18 6 0.0125 0.109859 0.210398 0.0835204 -0.0613827 0.355414 -0.829819 0.42581 0.021273
e_18_1 18 1 7 0.0125 0.118352 0.197182 0.0690619 -0.191201 0.0549939 -0.926066 0.320655 0.021518
e_1_19 1 19 1 0.0125 0.133812 0.182266 0.0636287 0.761181 0.419147 0.493783 0.033141 0.028918
e_19_20 19 20 2 0.0125 0.164894 0.166206 0.0723535 0.791347 0.107926 0.586011 -0.136795 0.044127
e_20_4 20 4 3 0.0125 0.196967 0.156569 0.0838373 0.808841 -0.0211974 0.557463 -0.185909 0.026955
e_1_21 1 21 1 0.0125 0.133813 0.166482 0.0494926 0.291265 0.700422 -0.457998 0.463478 0.058944
e_21_3 21 3 2 0.0125 0.155625 0.129623 0.0250917 -0.143435 0.329235 -0.835626 0.415644 0.041056
7 25 24
3 -0.363616 0.0520183 0.0114976 0.0125
26 -0.33913 0.0721969 0.0124577 0.0125
25 -0.306681 0.0968137 0.0155256 0.0125
4 -0.289229 0.0616056 0.0985441 0.0125
24 -0.288874 0.0742899 0.0807302 0.0125
23 -0.287729 0.084574 0.0616137 0.0125
22 -0.288798 0.104139 0.0328699 0.0125
1 -0.289686 0.118295 0.016575 0.0125
21 -0.273874 0.109258 0.0263526 0.0125
12 -0.210205 -0.0421006 0.13925 0.0125
11 -0.193927 -0.0482753 0.129267 0.0125
10 -0.169301 -0.0557616 0.122997 0.0125
9 -0.148564 -0.0574678 0.119343 0.0125
2 -0.0884051 -0.0681137 0.126872 0.0125
19 -0.244213 0.0845209 0.0517861 0.0125
8 -0.119321 -0.0615518 0.118551 0.0125
6 -0.227037 -0.0357187 0.148182 0.0125
13 -0.0612037 -0.0763746 0.131783 0.0125
14 -0.0363158 -0.0852383 0.129709 0.0125
15 -0.0159644 -0.0936468 0.12808 0.0125
5 0.00261845 -0.105664 0.123644 0.0125
16 -0.172439 0.0269004 0.0952631 0.0125
17 -0.195656 0.0446056 0.0831897 0.0125
18 -0.20945 0.0582143 0.0770139 0.0125
20 -0.257663 0.0967097 0.0387573 0.0125
e_2_8 2 8 1 0.0125 -0.103863 -0.0648327 0.122712 0.538195 0.220725 -0.760654 -0.288154 0.032681
e_8_9 8 9 2 0.0125 -0.133943 -0.0595098 0.118947 0.641544 0.221305 -0.661519 -0.31912 0.029538
e_9_10 9 10 3 0.0125 -0.158933 -0.0566147 0.121171 0.692896 0.22521 -0.602339 -0.326134 0.021126
e_10_11 10 11 4 0.0125 -0.181614 -0.0520181 0.126132 0.671282 0.154453 -0.598156 -0.409554 0.026491
e_11_12 11 12 5 0.0125 -0.202067 -0.0451881 0.134259 0.724792 0.107117 -0.489705 -0.472643 0.020069
e_12_6 12 6 6 0.0125 -0.218621 -0.038909 0.143716 0.711574 0.112952 -0.514797 -0.464638 0.020095
e_2_13 2 13 1 0.0125 -0.0748039 -0.0722439 0.129328 -0.689531 -0.435537 -0.474556 -0.331136 0.028849
e_13_14 13 14 2 0.0125 -0.0487597 -0.0808061 0.130746 -0.546745 0.21163 -0.703091 0.402425 0.0265
e_14_15 14 15 3 0.0125 -0.0261401 -0.0894426 0.128895 -0.452344 0.319948 -0.659193 0.508412 0.02208
e_15_5 15 5 4 0.0125 -0.00667345 -0.0996552 0.125862 -0.192298 0.491442 -0.597267 0.603969 0.02257
e_2_16 2 16 1 0.0125 -0.130423 -0.0206068 0.111067 0.391969 0.0268257 -0.787517 -0.474824 0.130723
e_16_17 16 17 2 0.0125 -0.184047 0.035753 0.0892271 0.397816 0.100851 -0.825159 -0.38818 0.031595
e_17_18 17 18 3 0.0125 -0.202553 0.0514099 0.0801011 0.391103 0.0545207 -0.805527 -0.441805 0.020338
e_18_19 18 19 4 0.0125 -0.226831 0.0713676 0.0643993 0.354624 0.115464 -0.858548 -0.351861 0.050367
e_19_20 19 20 5 0.0125 -0.250937 0.0906155 0.0452715 0.300559 0.102952 -0.883719 -0.343666 0.022343
e_20_21 20 21 6 0.0125 -0.265768 0.102983 0.0325546 0.34543 0.114535 -0.863555 -0.349045 0.02396
e_21_1 21 1 7 0.0125 -0.28178 0.113777 0.0214635 0.395087 0.147942 -0.845347 -0.327732 0.020673
e_1_22 1 22 1 0.0125 -0.289242 0.111218 0.0247223 0.932447 0.346257 0.0545921 -0.087573 0.021604
e_22_23 22 23 2 0.0125 -0.288264 0.0943561 0.0472414 0.94021 0.286675 0.0683875 -0.17072 0.034787
e_23_24 23 24 3 0.0125 -0.288302 0.0794323 0.0711716 0.938739 0.243078 0.0345547 -0.241841 0.021738
e_24_4 24 4 4 0.0125 -0.289052 0.0679478 0.0896371 0.939271 0.30163 0.0421674 -0.158146 0.021872
e_1_25 1 25 1 0.0125 -0.298184 0.107555 0.0160503 0.687485 0.501731 -0.517106 0.0907271 0.027411
e_25_26 25 26 2 0.0125 -0.322905 0.0845052 0.0139924 0.680022 0.446203 -0.581773 -0.00359989 0.040845
e_26_3 26 3 3 0.0125 -0.351373 0.0621076 0.0119769 0.696311 0.45311 -0.556619 0.00420952 0.031743
8 22 21
3 -0.206 0.218962 0.202027 0.0125
23 -0.188398 0.205453 0.195533 0.0125
22 -0.171461 0.192598 0.189854 0.0125
4 -0.211995 0.137077 0.230942 0.0125
21 -0.196469 0.135268 0.215581 0.0125
20 -0.177313 0.141486 0.19954 0.0125
6 0.185889 -0.0322206 0.0114817 0.0125
11 0.16387 -0.0338336 0.0174109 0.0125
10 0.12275 -0.0320129 0.0286514 0.0125
9 0.103445 -0.0356847 0.0331683 0.0125
2 0.0481124 -0.0519255 0.0599264 0.0125
19 -0.159795 0.146698 0.183804 0.0125
8 0.0699603 -0.0405268 0.0488566 0.0125
12 0.024729 -0.0935112 0.0735384 0.0125
5 2.9218e-05 -0.133827 0.0909582 0.0125
13 0.0281246 -0.0331811 0.0781781 0.0125
14 0.0105048 -0.0132245 0.0918078 0.0125
15 -0.0288494 0.0293792 0.113258 0.0125
16 -0.0782043 0.0863214 0.144886 0.0125
17 -0.102378 0.115548 0.15602 0.0125
18 -0.115709 0.131716 0.162127 0.0125
1 -0.135417 0.155111 0.172347 0.0125
e_2_8 2 8 1 0.0125 0.0590362 -0.0462264 0.0543911 -0.156826 -0.600546 -0.586711 -0.520116 0.027015
e_8_9 8 9 2 0.0125 0.086702 -0.0381054 0.0410125 0.483663 0.257499 0.802517 0.236074 0.037293
e_9_10 9 10 3 0.0125 0.113097 -0.0338491 0.0309096 0.495884 -0.581462 0.523361 -0.376954 0.020163
e_10_11 10 11 4 0.0125 0.14331 -0.0329233 0.0230312 0.594181 0.195892 0.770289 0.123413 0.042668
e_11_6 11 6 5 0.0125 0.17488 -0.0330271 0.0144463 0.601259 -0.179326 0.772997 -0.0938352 0.02286
e_2_12 2 12 1 0.0125 0.0364202 -0.0727185 0.0667326 0.776422 0.579233 -0.165246 -0.185343 0.049613
e_12_5 12 5 2 0.0125 0.0123786 -0.113669 0.0822485 0.792602 0.548214 -0.163092 -0.211294 0.050387
e_2_13 2 13 1 0.0125 0.0381185 -0.0425533 0.0690522 0.654159 -0.00878515 -0.471955 -0.59098 0.032924
e_13_14 13 14 2 0.0125 0.0193142 -0.0232035 0.0849929 0.606033 -0.034762 -0.520515 -0.600483 0.029908
e_14_15 14 15 3 0.0125 -0.00917259 0.00807683 0.102533 0.569998 -0.0126109 -0.571318 -0.590371 0.061838
e_15_16 15 16 4 0.0125 -0.0535272 0.0578505 0.129071 0.579679 -0.0308748 -0.552755 -0.597897 0.081724
e_16_17 16 17 5 0.0125 -0.0902909 0.100935 0.150453 0.537841 -0.027365 -0.598678 -0.592927 0.039529
e_17_18 17 18 6 0.0125 -0.109043 0.123632 0.159073 0.536915 -0.0277581 -0.599445 -0.592973 0.021827
e_18_1 18 1 7 0.0125 -0.125563 0.143413 0.167237 0.552065 -0.0281363 -0.58376 -0.59469 0.032251
e_1_19 1 19 1 0.0125 -0.147607 0.150905 0.178075 0.749442 0.38989 -0.380769 -0.37595 0.028219
e_19_20 19 20 2 0.0125 -0.168554 0.144092 0.191672 0.803513 0.291886 -0.297584 -0.424986 0.024119
e_20_21 20 21 3 0.0125 -0.186891 0.138376 0.207561 0.799212 0.309456 -0.304524 -0.415646 0.025746
e_21_4 21 4 4 0.0125 -0.204232 0.136172 0.223261 0.774741 0.170756 -0.346952 -0.500243 0.021916
e_1_22 1 22 1 0.0125 -0.153439 0.173855 0.181101 0.563241 -0.00037753 -0.583494 -0.585059 0.054873
e_22_23 22 23 2 0.0125 -0.179929 0.199026 0.192694 0.567693 0.075253 -0.60441 -0.55385 0.022008
e_23_3 23 3 3 0.0125 -0.197199 0.212208 0.19878 0.574433 0.0691352 -0.595633 -0.557198 0.023119
