8
1 22 21
3 0.0840099 0.0993466 0.0299682 0.0125
23 0.0575149 0.0936715 0.0250556 0.0125
22 0.0367967 0.0899229 0.0249164 0.0125
4 -0.0514385 0.181673 0.0209817 0.0125
21 -0.0405711 0.160972 0.0207295 0.0125
20 -0.0264107 0.139017 0.0227037 0.0125
11 0.252691 0.0153439 0.0136074 0.0125
10 0.263306 0.0321858 0.011688 0.0125
6 0.25114 0.0375132 0.154911 0.0125
9 0.273316 0.0494611 0.012859 0.0125
2 0.279304 0.0684966 0.0115227 0.0125
19 -0.0171669 0.112462 0.0198785 0.0125
8 0.272312 0.0521401 0.0817886 0.0125
12 0.241932 -0.00138172 0.0157283 0.0125
5 0.230352 -0.0176535 0.0146581 0.0125
13 0.196135 0.0853676 0.033342 0.0125
14 0.0904569 0.0958047 0.0262678 0.0125
15 0.0674169 0.101178 0.0234284 0.0125
16 0.0462923 0.101166 0.0229699 0.0125
17 0.0262933 0.100292 0.0201261 0.0125
18 0.00650957 0.0962914 0.0153608 0.0125
1 -0.0127635 0.0924291 0.0114913 0.0125
e_2_8 2 8 1 0.0125 0.275808 0.0603184 0.0466557 0.163281 0.0666536 0.104159 -0.978799 0.072483
e_8_6 8 6 2 0.0125 0.261726 0.0448265 0.11835 0.127233 0.149736 0.0770314 -0.977475 0.077517
e_2_9 2 9 1 0.0125 0.27631 0.0589793 0.0121906 -0.415114 -0.201672 0.652631 -0.600901 0.02
e_9_10 9 10 2 0.0125 0.268311 0.0408235 0.0122735 -0.503742 -0.214581 0.695147 -0.4658 0.02
e_10_11 10 11 3 0.0125 0.257998 0.0237646 0.0126473 -0.506596 -0.127839 0.660051 -0.539769 0.02
e_11_12 11 12 4 0.0125 0.247311 0.00698175 0.014668 -0.508566 -0.12063 0.657592 -0.54257 0.02
e_12_5 12 5 5 0.0125 0.236142 -0.00951775 0.015193 -0.535422 -0.196035 0.698803 -0.431935 0.02
e_2_13 2 13 1 0.0125 0.237719 0.0769329 0.0224326 -0.682858 -0.197003 0.580245 0.397756 0.087624
e_13_14 13 14 2 0.0125 0.143296 0.0905862 0.0298049 -0.494225 -0.449818 0.575241 0.471703 0.106427
e_14_15 14 15 3 0.0125 0.0789369 0.0984913 0.0248481 -0.269336 -0.596849 0.450946 0.606529 0.023828
e_15_16 15 16 4 0.0125 0.0568546 0.101172 0.0231992 -0.627647 -0.315683 0.641248 0.308552 0.021129
e_16_17 16 17 5 0.0125 0.0362931 0.100729 0.0215472 -0.576091 -0.388931 0.64735 0.312713 0.020219
e_17_18 17 18 6 0.0125 0.0164014 0.0982913 0.0177437 -0.593323 -0.373913 0.689242 0.181938 0.020739
e_18_1 18 1 7 0.0125 -0.00312723 0.0943602 0.0134269 -0.612651 -0.346162 0.690478 0.167543 0.020033
e_1_19 1 19 1 0.0125 -0.014965 0.102446 0.015685 0.800436 -0.493179 -0.259879 -0.220315 0.02216
e_19_20 19 20 2 0.0125 -0.0217891 0.12574 0.0212914 0.740377 -0.645225 -0.183544 0.0428733 0.028259
e_20_21 20 21 3 0.0125 -0.0334903 0.149994 0.0217169 0.614953 -0.726886 -0.0965798 0.290072 0.026199
e_21_4 21 4 4 0.0125 -0.0460043 0.171322 0.0208555 0.686088 -0.686577 -0.152362 0.186229 0.023382
e_1_22 1 22 1 0.0125 0.0120162 0.0911761 0.018204 0.342091 -0.534588 0.289202 -0.716625 0.051407
e_22_23 22 23 2 0.0125 0.047156 0.0917974 0.0249864 0.395997 -0.645455 0.28301 -0.588625 0.021055
e_23_3 23 3 3 0.0125 0.0707624 0.0965095 0.0275116 0.427337 -0.595347 0.237415 -0.637635 0.027538
2 24 23
3 -0.00723799 0.218116 0.0114583 0.0125
25 -0.0296405 0.167343 0.0496451 0.0125
4 0.0325995 0.209407 0.107614 0.0125
24 0.0182095 0.193938 0.105478 0.0125
23 -0.00284303 0.178403 0.0973384 0.0125
22 -0.0187661 0.166226 0.0882608 0.0125
1 -0.0367583 0.147503 0.0745598 0.0125
21 -0.0350979 0.129904 0.0638517 0.0125
11 0.00177444 -0.161303 0.0237903 0.0125
6 -0.0928734 -0.0508921 0.0851515 0.0125
10 -0.0856761 -0.0687808 0.0744096 0.0125
9 -0.0737466 -0.0847594 0.0692227 0.0125
2 -0.00218196 -0.138733 0.0114593 0.0125
19 -0.0199807 0.0889238 0.0458878 0.0125
8 -0.0584452 -0.100389 0.0598285 0.0125
12 0.0124422 -0.1872 0.0343859 0.0125
13 0.0191345 -0.204398 0.0424767 0.0125
5 0.0277354 -0.22561 0.0492945 0.0125
14 -0.00421931 -0.082477 0.0230119 0.0125
15 -0.00698044 -0.0487309 0.0257161 0.0125
16 -0.0134493 0.0241741 0.0320927 0.0125
17 -0.0160401 0.0478697 0.035065 0.0125
18 -0.0173259 0.069338 0.0425119 0.0125
20 -0.0262071 0.112656 0.0540352 0.0125
e_2_8 2 8 1 0.0125 -0.0303137 -0.119562 0.0356442 0.888409 -0.250864 -0.38405 -0.0173935 0.083518
e_8_9 8 9 2 0.0125 -0.0660954 -0.0925744 0.0645257 0.834637 -0.380851 -0.397043 -0.0262687 0.023805
e_9_10 9 10 3 0.0125 -0.0797112 -0.0767697 0.0718159 0.790268 -0.472579 -0.388319 -0.0367886 0.020605
e_10_6 10 6 4 0.0125 -0.0892743 -0.0598365 0.0797807 0.858184 -0.449677 -0.233363 -0.0827874 0.022072
e_2_11 2 11 1 0.0125 -0.000203787 -0.150019 0.0176247 0.857057 0.499337 0.11717 -0.0488634 0.026021
e_11_12 11 12 2 0.0125 0.00710846 -0.174251 0.0290879 0.818143 0.499709 0.270861 -0.0869939 0.029945
e_12_13 12 13 3 0.0125 0.0157888 -0.195799 0.0384314 0.832879 0.487315 0.248542 -0.0840453 0.020151
e_13_5 13 5 4 0.0125 0.0234354 -0.215005 0.0458856 0.797291 0.527319 0.281422 -0.0840403 0.023883
e_2_14 2 14 1 0.0125 -0.00320006 -0.110605 0.0172353 0.764582 -0.619471 -0.125452 -0.126224 0.057466
e_14_15 14 15 2 0.0125 -0.00560025 -0.0656042 0.0243634 0.725258 -0.658577 -0.162716 -0.117472 0.033968
e_15_16 15 16 3 0.0125 -0.0102151 -0.0122782 0.0289036 0.727884 -0.655174 -0.16538 -0.116539 0.073469
e_16_17 16 17 4 0.0125 -0.0147451 0.0360217 0.0335783 0.740846 -0.639387 -0.17123 -0.114067 0.024021
e_17_18 17 18 5 0.0125 -0.0166833 0.058604 0.0387876 0.805142 -0.56694 -0.122349 -0.123918 0.02276
e_18_19 18 19 6 0.0125 -0.0186539 0.0791305 0.0441999 0.756228 -0.619656 -0.178443 -0.110924 0.02005
e_19_20 19 20 7 0.0125 -0.0230939 0.10079 0.0499615 0.805232 -0.544546 -0.214262 -0.095723 0.025853
e_20_21 20 21 8 0.0125 -0.0306525 0.12128 0.0589434 0.849069 -0.444472 -0.277008 -0.069232 0.021747
e_21_1 21 1 9 0.0125 -0.0359281 0.138703 0.0692057 0.862936 -0.477676 -0.112969 -0.12002 0.020667
e_1_22 1 22 1 0.0125 -0.0277616 0.156864 0.08141 0.829379 -0.449711 0.253836 -0.213209 0.02936
e_22_23 22 23 2 0.0125 -0.0108044 0.172314 0.0927989 0.808757 -0.433857 0.324819 -0.228414 0.022005
e_23_24 23 24 3 0.0125 0.00768382 0.186171 0.101408 0.769406 -0.477173 0.351805 -0.23781 0.027401
e_24_4 24 4 4 0.0125 0.0254044 0.201672 0.106546 0.705197 -0.608504 0.281799 -0.230237 0.021234
e_1_25 1 25 1 0.0125 -0.0331989 0.157422 0.0621024 0.314145 -0.936379 -0.0701125 -0.139972 0.032635
e_25_3 25 3 2 0.0125 -0.0184393 0.19273 0.0305521 0.432234 -0.884545 0.0317445 -0.172471 0.067365
3 23 22
3 -0.270936 -0.248895 0.0119147 0.0125
24 -0.259922 -0.235348 0.0216697 0.0125
23 -0.253864 -0.218498 0.0305802 0.0125
22 -0.249919 -0.201322 0.0400361 0.0125
21 -0.246818 -0.18188 0.0435566 0.0125
4 -0.278231 -0.0704162 0.0480832 0.0125
20 -0.27201 -0.0995603 0.0470699 0.0125
12 0.142944 -0.0123693 0.0942465 0.0125
11 0.124432 -0.0118112 0.0865556 0.0125
10 0.1051 -0.0151064 0.0773855 0.0125
9 0.0853175 -0.0160952 0.0734328 0.0125
2 0.0235729 -0.0267866 0.0528308 0.0125
19 -0.25529 -0.133304 0.0468659 0.0125
8 0.0638158 -0.0166313 0.0696529 0.0125
6 0.162757 -0.0129042 0.102519 0.0125
13 0.0166498 -0.0796805 0.0443778 0.0125
5 0.00324879 -0.123491 0.0403689 0.0125
14 -0.129686 -0.108195 0.0413025 0.0125
15 -0.160109 -0.125001 0.0408087 0.0125
16 -0.182663 -0.137906 0.0410104 0.0125
17 -0.201841 -0.148652 0.0375851 0.0125
18 -0.221328 -0.157175 0.0379484 0.0125
1 -0.2422 -0.162551 0.0413031 0.0125
e_2_8 2 8 1 0.0125 0.0436948 -0.0217094 0.0612424 0.621015 0.256701 0.496275 0.549687 0.044784
e_8_9 8 9 2 0.0125 0.0745665 -0.0163627 0.0715433 0.550274 0.435561 0.473012 0.532677 0.021837
e_9_10 9 10 3 0.0125 0.0952089 -0.0156008 0.0754092 0.556612 0.416852 0.477906 0.536678 0.020199
e_10_11 10 11 4 0.0125 0.114766 -0.0134588 0.0819706 0.658007 0.260845 0.469209 0.528044 0.021649
e_11_12 11 12 5 0.0125 0.133689 -0.0120902 0.0904016 0.664333 0.347269 0.433183 0.500418 0.020054
e_12_6 12 6 6 0.0125 0.152851 -0.0126372 0.0983835 0.664687 0.345463 0.433657 0.500788 0.021477
e_2_13 2 13 1 0.0125 0.0201112 -0.053233 0.0486047 0.649332 0.752252 -0.111215 0.0108013 0.05401
e_13_5 13 5 2 0.0125 0.0099493 -0.101586 0.0423733 0.674148 0.717593 -0.169256 -0.0440234 0.04599
e_2_14 2 14 1 0.0125 -0.0530565 -0.0674911 0.0470666 0.612703 0.592553 -0.426642 -0.30241 0.173921
e_14_15 14 15 2 0.0125 -0.144898 -0.116598 0.0410555 0.636878 0.574654 -0.420564 -0.295441 0.03476
e_15_16 15 16 3 0.0125 -0.171386 -0.131453 0.040909 0.648015 0.568889 -0.415318 -0.289747 0.025985
e_16_17 16 17 4 0.0125 -0.192252 -0.143279 0.0392977 0.578704 0.63285 -0.42008 -0.296877 0.022249
e_17_18 17 18 5 0.0125 -0.211585 -0.152914 0.0377667 0.636245 0.540714 -0.446192 -0.322076 0.021272
e_18_1 18 1 6 0.0125 -0.231764 -0.159864 0.0396258 0.670309 0.439417 -0.479611 -0.357171 0.021813
e_1_19 1 19 1 0.0125 -0.248744 -0.147928 0.0440846 0.558559 -0.249177 -0.593618 -0.52301 0.032522
e_19_20 19 20 2 0.0125 -0.26365 -0.116433 0.0469674 0.312797 0.00220869 -0.705188 -0.636289 0.03766
e_20_4 20 4 3 0.0125 -0.27512 -0.0849888 0.0475762 0.43692 -0.297764 -0.627973 -0.57104 0.029818
e_1_21 1 21 1 0.0125 -0.244508 -0.172216 0.0424299 0.745732 0.650847 -0.141603 -0.0151759 0.02
e_21_22 21 22 2 0.0125 -0.248369 -0.191601 0.0417967 0.641857 0.757133 -0.121528 0.000615261 0.02
e_22_23 22 23 3 0.0125 -0.251891 -0.20991 0.0353077 0.512615 0.845789 -0.145072 -0.0286418 0.02
e_23_24 23 24 4 0.0125 -0.256892 -0.226923 0.0261251 0.522357 0.829845 -0.18469 -0.0662629 0.02
e_24_3 24 3 5 0.0125 -0.265429 -0.242121 0.0167918 0.476745 0.812986 -0.287984 -0.169804 0.02
4 24 23
3 0.0726721 0.0942457 0.0597648 0.0125
25 0.0997647 0.0777587 0.0476991 0.0125
4 0.23878 -0.000892498 0.0578304 0.0125
24 0.220546 0.00354612 0.0509127 0.0125
23 0.203643 0.012156 0.0445788 0.0125
22 0.187002 0.0218738 0.0392271 0.0125
21 0.169214 0.0309192 0.0378996 0.0125
1 0.154427 0.0435673 0.0332783 0.0125
11 -0.124151 0.0399319 0.138751 0.0125
10 -0.127557 0.0317526 0.11081 0.0125
6 -0.227856 0.132377 0.128006 0.0125
9 -0.21014 0.111935 0.122746 0.0125
2 -0.133966 0.0243753 0.0844838 0.0125
19 0.112053 0.0408212 0.0220037 0.0125
8 -0.193741 0.097446 0.116486 0.0125
12 -0.121167 0.0458405 0.15968 0.0125
5 -0.115525 0.0515317 0.178718 0.0125
13 -0.0708834 0.0285724 0.0690924 0.0125
14 -0.0464424 0.0304312 0.0639811 0.0125
15 -0.0071954 0.0338864 0.0574363 0.0125
16 0.0119236 0.0342217 0.049033 0.0125
17 0.0560888 0.0351579 0.0296847 0.0125
18 0.0888107 0.037394 0.0239429 0.0125
20 0.134784 0.042506 0.027162 0.0125
e_2_8 2 8 1 0.0125 -0.163854 0.0609102 0.100485 0.808167 -0.487465 -0.319145 0.0859641 0.099682
e_8_9 8 9 2 0.0125 -0.20194 0.10469 0.119616 0.792987 -0.448573 -0.401584 0.0931875 0.022761
e_9_6 9 6 3 0.0125 -0.218998 0.122156 0.125376 0.765706 -0.528546 -0.353839 0.0955583 0.027557
e_2_10 2 10 1 0.0125 -0.130761 0.0280641 0.0976475 0.984169 -0.134923 0.11423 -0.0126 0.028082
e_10_11 10 11 2 0.0125 -0.125855 0.0358424 0.124781 0.988228 -0.14144 0.0581573 -0.00433513 0.029311
e_11_12 11 12 3 0.0125 -0.122659 0.0428862 0.149215 0.988271 -0.136617 0.0679506 -0.00618062 0.021951
e_12_5 12 5 4 0.0125 -0.118346 0.0486865 0.169198 0.98011 -0.14264 0.137178 -0.0148459 0.020656
e_2_13 2 13 1 0.0125 -0.102425 0.0264739 0.0767881 0.610763 -0.170026 0.7677 -0.0932595 0.065069
e_13_14 13 14 2 0.0125 -0.0586623 0.0295019 0.0665371 0.624103 -0.170879 0.756875 -0.0918532 0.025039
e_14_15 14 15 3 0.0125 -0.0268183 0.0321585 0.0607092 0.640277 -0.172081 0.743185 -0.0900556 0.039939
e_15_16 15 16 4 0.0125 0.00236412 0.0340536 0.0532348 0.537452 -0.167379 0.820463 -0.0998531 0.020887
e_16_17 16 17 5 0.0125 0.0340062 0.0346898 0.0393589 0.538058 -0.169629 0.819645 -0.0995105 0.048227
e_17_18 17 18 6 0.0125 0.0724498 0.036276 0.0268138 0.636651 -0.160839 0.748567 -0.0919441 0.033297
e_18_19 18 19 7 0.0125 0.100432 0.0391078 0.0229738 0.672265 -0.195929 0.709043 -0.083245 0.023574
e_19_20 19 20 8 0.0125 0.123419 0.0416636 0.0245828 0.777074 -0.110241 0.614395 -0.0807595 0.023368
e_20_1 20 1 9 0.0125 0.144605 0.0430372 0.03022 0.801343 -0.0901734 0.586025 -0.0793312 0.020601
e_1_21 1 21 1 0.0125 0.16182 0.0372436 0.0355885 0.775998 0.329235 0.525426 -0.115582 0.02
e_21_22 21 22 2 0.0125 0.178108 0.0263964 0.0385629 0.720451 0.206348 0.651329 -0.118918 0.02
e_22_23 22 23 3 0.0125 0.195323 0.0170155 0.0419032 0.788507 0.230179 0.559658 -0.109804 0.02
e_23_24 23 24 4 0.0125 0.212095 0.00785118 0.0477461 0.804551 0.195598 0.550812 -0.105096 0.02
e_24_4 24 4 5 0.0125 0.229663 0.00132694 0.054372 0.81491 0.0706055 0.567516 -0.0941415 0.02
e_1_25 1 25 1 0.0125 0.127096 0.0606625 0.0404888 0.774177 -0.39607 -0.483721 0.0989589 0.066067
e_25_3 25 3 2 0.0125 0.0862185 0.0860028 0.0537323 0.818503 -0.345521 -0.45037 0.0885139 0.033933
5 19 18
3 0.0880536 -0.0734539 0.0530757 0.0125
20 0.100685 -0.0498431 0.0550944 0.0125
4 0.237181 -0.0303082 0.0626573 0.0125
5 -0.130517 -0.250546 0.083693 0.0125
10 -0.0879612 -0.213128 0.103092 0.0125
6 -0.0636209 -0.303819 0.220833 0.0125
9 -0.0581472 -0.242336 0.162478 0.0125
2 -0.0566057 -0.193966 0.119156 0.0125
19 0.218878 -0.0220244 0.0587727 0.0125
8 -0.0558007 -0.213756 0.135406 0.0125
11 -0.0329711 -0.157471 0.101927 0.0125
12 -0.00116946 -0.118902 0.0749262 0.0125
13 0.0310073 -0.0913517 0.0615268 0.0125
14 0.0749938 -0.0516767 0.0563417 0.0125
15 0.112399 -0.0188245 0.052589 0.0125
16 0.129341 -0.00537256 0.0509389 0.0125
1 0.145585 0.00777951 0.0513416 0.0125
18 0.200892 -0.0134872 0.0565765 0.0125
17 0.180093 -0.00583691 0.0539151 0.0125
e_2_8 2 8 1 0.0125 -0.0562029 -0.203861 0.127281 0.753631 0.346617 0.250431 -0.499181 0.02562
e_8_9 8 9 2 0.0125 -0.0569737 -0.228046 0.148942 0.73105 0.333745 0.213006 -0.555705 0.039436
e_9_6 9 6 3 0.0125 -0.0608843 -0.273077 0.191656 0.729603 0.334354 0.211468 -0.557824 0.084944
e_2_10 2 10 1 0.0125 -0.0722837 -0.203547 0.111125 0.246386 0.834023 0.0683314 -0.488907 0.040105
e_10_5 10 5 2 0.0125 -0.109239 -0.231836 0.0933927 0.323327 0.80657 0.106735 -0.483232 0.059895
e_2_11 2 11 1 0.0125 -0.0447887 -0.175718 0.110542 -0.461376 0.826711 0.0272484 0.320842 0.046768
e_11_12 11 12 2 0.0125 -0.0170706 -0.138187 0.0884266 -0.348737 0.851338 0.113344 0.375179 0.056816
e_12_13 12 13 3 0.0125 0.0149189 -0.105127 0.0682271 -0.246146 0.775633 0.221762 0.53724 0.044428
e_13_14 13 14 4 0.0125 0.0530008 -0.0715145 0.0589345 -0.277561 0.702032 0.225286 0.61592 0.059463
e_14_15 14 15 5 0.0125 0.0936963 -0.0352506 0.0544654 -0.255927 0.692487 0.240935 0.630011 0.049925
e_15_16 15 16 6 0.0125 0.12087 -0.0120989 0.0517633 -0.178047 0.673883 0.289684 0.655945 0.021696
e_16_1 16 1 7 0.0125 0.137463 0.00120273 0.0511399 -0.158145 0.628316 0.309154 0.696156 0.020905
e_1_17 1 17 1 0.0125 0.162839 0.000971241 0.0526284 0.697786 0.42851 0.530832 0.218383 0.037187
e_17_18 17 18 2 0.0125 0.190493 -0.00966212 0.0552458 0.717652 0.395572 0.532828 0.21117 0.022321
e_18_19 18 19 3 0.0125 0.209885 -0.0177558 0.0576742 0.725608 0.414881 0.522554 0.168242 0.020029
e_19_4 19 4 4 0.0125 0.228029 -0.026166 0.0607144 0.757898 0.365534 0.521019 0.143229 0.020463
e_1_20 1 20 1 0.0125 0.123134 -0.0210321 0.0532178 0.472574 0.675152 0.136081 -0.549841 0.073147
e_20_3 20 3 2 0.0125 0.0943691 -0.0616489 0.0540844 0.496405 0.708337 0.18937 -0.464737 0.026853
6 24 23
3 0.103818 0.146859 0.0130948 0.0125
25 0.0959774 0.15669 0.0287554 0.0125
24 0.0892847 0.162986 0.0467241 0.0125
23 0.0823861 0.169585 0.066325 0.0125
4 0.0729803 0.158713 0.200293 0.0125
22 0.0748151 0.16025 0.180436 0.0125
21 0.0723822 0.163388 0.160835 0.0125
20 0.0737575 0.168819 0.141635 0.0125
10 0.147057 0.0269157 0.0936391 0.0125
5 0.258478 -0.102515 0.0725276 0.0125
6 0.199899 0.0908342 0.0571984 0.0125
9 0.246573 -0.0568278 0.113599 0.0125
2 0.241491 -0.0282302 0.137197 0.0125
19 0.0729095 0.172336 0.121965 0.0125
8 0.210802 0.0746373 0.070331 0.0125
11 0.133889 0.0416379 0.0833688 0.0125
12 0.126431 0.0583402 0.0752241 0.0125
13 0.114859 0.0737374 0.0698339 0.0125
14 0.107797 0.0923008 0.0674715 0.0125
15 0.0999292 0.110632 0.0689047 0.0125
16 0.0914163 0.128456 0.0720448 0.0125
17 0.0858541 0.145449 0.0810058 0.0125
18 0.0803189 0.16251 0.0898521 0.0125
1 0.0720638 0.175821 0.102289 0.0125
e_2_8 2 8 1 0.0125 0.226147 0.0232036 0.103764 0.470885 -0.873409 -0.0388831 0.117953 0.12647
e_8_6 8 6 2 0.0125 0.205351 0.0827359 0.0637643 0.431396 -0.867722 -0.161586 0.18667 0.02353
e_2_9 2 9 1 0.0125 0.244032 -0.0425296 0.125398 -0.382961 -0.720444 -0.544283 0.195085 0.037424
e_9_5 9 5 2 0.0125 0.252526 -0.079671 0.093063 -0.408298 -0.827735 -0.378179 0.0716191 0.062576
e_2_10 2 10 1 0.0125 0.194274 -0.000657263 0.115418 0.459208 -0.752397 -0.344845 0.322659 0.117713
e_10_11 10 11 2 0.0125 0.140473 0.0342768 0.0885039 0.462289 -0.826504 -0.218081 0.235842 0.022262
e_11_12 11 12 3 0.0125 0.13016 0.0499888 0.0792958 0.518104 -0.833918 -0.0891098 0.167952 0.020023
e_12_13 12 13 4 0.0125 0.120645 0.0660386 0.0725295 0.553236 -0.775681 -0.181844 0.243273 0.020002
e_13_14 13 14 5 0.0125 0.111328 0.0830193 0.0686533 0.636698 -0.745569 -0.0564409 0.188566 0.02
e_14_15 14 15 6 0.0125 0.103864 0.101467 0.068188 0.69827 -0.677858 -0.0684648 0.219636 0.02
e_15_16 15 16 7 0.0125 0.0956732 0.119544 0.0704747 0.72233 -0.643994 -0.0822662 0.238207 0.02
e_16_17 16 17 8 0.0125 0.088635 0.136952 0.0765249 0.818069 -0.524971 -0.0197882 0.234043 0.02
e_17_18 17 18 9 0.0125 0.0830865 0.153979 0.085429 0.81666 -0.5277 -0.0189554 0.232894 0.02
e_18_1 18 1 10 0.0125 0.0761912 0.169165 0.0960702 0.849602 -0.424605 -0.0937522 0.298492 0.02
e_1_19 1 19 1 0.0125 0.0724865 0.174079 0.112127 0.948694 0.0897663 -0.00638662 0.303119 0.02
e_19_20 19 20 2 0.0125 0.0733335 0.170578 0.131801 0.948561 0.090593 -0.00662422 0.303285 0.02
e_20_21 20 21 3 0.0125 0.0730703 0.166104 0.151235 0.927203 0.116307 -0.0805673 0.346809 0.02
e_21_22 21 22 4 0.0125 0.0735992 0.161818 0.170635 0.955643 0.0927485 0.0367558 0.277116 0.02
e_22_4 22 4 5 0.0125 0.0738983 0.159482 0.190365 0.942224 0.0211463 -0.0560881 0.329577 0.02
e_1_23 1 23 1 0.0125 0.0772245 0.172702 0.0843065 -0.0692282 -0.982096 0.0976893 -0.145437 0.037932
e_23_24 23 24 2 0.0125 0.0858354 0.166285 0.0565245 -0.133736 -0.966743 0.122178 -0.180539 0.021802
e_24_25 24 25 3 0.0125 0.0926311 0.159838 0.0377397 -0.134305 -0.962133 0.139521 -0.191824 0.020182
e_25_3 25 3 4 0.0125 0.0998975 0.151774 0.0209251 -0.20559 -0.918609 0.214549 -0.260496 0.020084
7 25 24
3 0.0656997 -0.19848 0.118539 0.0125
26 0.0731796 -0.182379 0.109331 0.0125
25 0.0766292 -0.163623 0.103305 0.0125
24 0.0770479 -0.14484 0.0964466 0.0125
23 0.0762029 -0.126169 0.0893271 0.0125
4 0.132188 -0.0724947 0.0117772 0.0125
22 0.118322 -0.0801863 0.0239674 0.0125
21 0.107196 -0.0893622 0.0378234 0.0125
20 0.0953358 -0.098221 0.051273 0.0125
11 -0.0429323 0.179033 0.141798 0.0125
10 -0.0459966 0.169683 0.124386 0.0125
6 -0.161743 0.207757 0.025488 0.0125
9 -0.140491 0.204283 0.034379 0.0125
2 -0.0463451 0.16128 0.10624 0.0125
19 0.0841557 -0.101213 0.0675839 0.0125
8 -0.0991152 0.18928 0.0582042 0.0125
12 -0.0382998 0.186972 0.159561 0.0125
13 -0.0348913 0.198811 0.175315 0.0125
5 -0.0321002 0.211163 0.190796 0.0125
14 -0.0235504 0.0735216 0.105474 0.0125
15 0.0389003 -0.0236779 0.105951 0.0125
16 0.0487491 -0.0456317 0.0991363 0.0125
17 0.0585504 -0.0708737 0.0968595 0.0125
18 0.0668976 -0.0886839 0.0902574 0.0125
1 0.0735527 -0.107241 0.0834339 0.0125
e_2_8 2 8 1 0.0125 -0.0727301 0.17528 0.0822213 -0.141864 -0.613692 0.660834 0.408111 0.076656
e_8_9 8 9 2 0.0125 -0.119803 0.196781 0.0462912 -0.194309 -0.635996 0.577526 0.473515 0.050047
e_9_6 9 6 3 0.0125 -0.151118 0.20602 0.0299338 -0.273529 -0.648188 0.520258 0.484113 0.023297
e_2_10 2 10 1 0.0125 -0.0461704 0.165481 0.115313 0.736179 -0.156296 0.148056 0.641632 0.02
e_10_11 10 11 2 0.0125 -0.044464 0.174358 0.133091 0.765353 -0.142858 0.210459 0.591214 0.02
e_11_12 11 12 3 0.0125 -0.0406162 0.183003 0.150679 0.803204 -0.101794 0.213477 0.546745 0.02
e_12_13 12 13 4 0.0125 -0.0365953 0.192892 0.167438 0.733326 -0.185937 0.267501 0.596744 0.02
e_13_5 13 5 5 0.0125 -0.0334955 0.204986 0.183055 0.717136 -0.201603 0.268945 0.610525 0.02
e_2_14 2 14 1 0.0125 -0.0349478 0.117401 0.105857 0.358358 0.196128 0.682466 -0.606097 0.090674
e_14_15 14 15 2 0.0125 0.00767493 0.0249219 0.105712 0.526525 0.185891 0.680717 -0.474174 0.115534
e_15_16 15 16 3 0.0125 0.0438244 -0.0346542 0.102543 0.29368 0.06922 0.794652 -0.526772 0.025008
e_16_17 16 17 4 0.0125 0.0536493 -0.0582532 0.0979976 0.376537 0.160339 0.718447 -0.562446 0.027174
e_17_18 17 18 5 0.0125 0.0627239 -0.079779 0.0935591 0.278192 0.0473388 0.810476 -0.51332 0.020748
e_18_1 18 1 6 0.0125 0.0702255 -0.0979632 0.0868462 0.21983 0.0361083 0.813773 -0.536791 0.020863
e_1_19 1 19 1 0.0125 0.0788546 -0.104228 0.0755095 0.317274 -0.319173 0.891284 0.0554931 0.02
e_19_20 19 20 2 0.0125 0.0897459 -0.0997168 0.0594289 0.303339 -0.290027 0.907557 -0.0145184 0.02
e_20_21 20 21 3 0.0125 0.101266 -0.0937912 0.044548 0.387484 -0.312634 0.859355 0.116731 0.02
e_21_22 21 22 4 0.0125 0.112759 -0.0847739 0.0308959 0.371033 -0.325634 0.860446 0.126211 0.02
e_22_4 22 4 5 0.0125 0.125254 -0.0763405 0.017873 0.433327 -0.273214 0.854462 0.0864639 0.02
e_1_23 1 23 1 0.0125 0.0748785 -0.116705 0.0863802 0.568089 0.35696 0.474614 -0.569733 0.02
e_23_24 23 24 2 0.0125 0.0766251 -0.135504 0.0928874 0.604046 0.398432 0.404058 -0.559569 0.02
e_24_25 24 25 3 0.0125 0.0768386 -0.154231 0.0998759 0.560501 0.401291 0.409283 -0.597739 0.02
e_25_26 25 26 4 0.0125 0.074905 -0.173001 0.106318 0.390363 0.37488 0.456969 -0.705876 0.02
e_26_3 26 3 5 0.0125 0.0694397 -0.19043 0.113935 0.831726 0.5087 -0.104908 -0.196087 0.02
8 22 21
3 0.155637 0.189489 0.0459751 0.0125
23 0.199512 0.197289 0.0510641 0.0125
22 0.222243 0.193908 0.0567299 0.0125
4 0.195043 0.269372 0.0401835 0.0125
21 0.221765 0.233994 0.0539752 0.0125
20 0.234369 0.217983 0.0569765 0.0125
12 -0.110082 0.107573 0.0264554 0.0125
11 -0.0953018 0.0990876 0.0375511 0.0125
10 -0.0787935 0.0926307 0.048789 0.0125
9 -0.0607477 0.0855621 0.0610978 0.0125
2 -0.0122035 0.067489 0.100515 0.0125
19 0.235764 0.18743 0.0730264 0.0125
8 -0.0415364 0.0783167 0.0767863 0.0125
6 -0.124079 0.113483 0.012509 0.0125
13 -0.0598564 0.0458989 0.108615 0.0125
14 -0.0814469 0.0361584 0.113086 0.0125
5 -0.103563 0.0302094 0.111505 0.0125
15 0.0571799 0.106942 0.0987293 0.0125
16 0.153688 0.156883 0.0968908 0.0125
17 0.190894 0.169613 0.0883692 0.0125
18 0.219019 0.180806 0.0818492 0.0125
1 0.25296 0.191463 0.0631617 0.0125
e_2_8 2 8 1 0.0125 -0.0268698 0.072903 0.0886503 -0.444079 0.353185 0.82312 -0.0229735 0.039252
e_8_9 8 9 2 0.0125 -0.0511421 0.0819394 0.0689421 -0.4428 0.351782 0.824513 -0.0188839 0.02584
e_9_10 9 10 3 0.0125 -0.0697705 0.089097 0.0549431 -0.477445 0.209888 0.850887 0.0631275 0.022959
e_10_11 10 11 4 0.0125 -0.0870472 0.0958596 0.0431703 -0.477761 0.208781 0.850949 0.0635612 0.020988
e_11_12 11 12 5 0.0125 -0.102692 0.103331 0.0320034 -0.446983 0.145764 0.866931 0.1655 0.020337
e_12_6 12 6 6 0.0125 -0.117081 0.110529 0.0194819 -0.400724 0.430792 0.807786 -0.0363409 0.020624
e_2_13 2 13 1 0.0125 -0.0360296 0.0566943 0.104566 0.711214 0.0440024 -0.649273 0.265863 0.052939
e_13_14 13 14 2 0.0125 -0.0706512 0.0410291 0.110851 0.711283 0.0198468 -0.637869 0.294628 0.024105
e_14_5 14 5 3 0.0125 -0.0925052 0.0331839 0.112296 0.6713 0.0604504 -0.728545 0.122164 0.022957
e_2_15 2 15 1 0.0125 0.0224882 0.0872157 0.0996223 0.281807 0.426345 0.573945 0.639846 0.079836
e_15_16 15 16 2 0.0125 0.105434 0.131913 0.0978105 0.293764 0.437708 0.562915 0.636586 0.10868
e_16_17 16 17 3 0.0125 0.172291 0.163248 0.0926298 0.288709 0.538087 0.562454 0.557455 0.040236
e_17_18 17 18 4 0.0125 0.204956 0.17521 0.0851092 0.275855 0.523131 0.575861 0.564467 0.030965
e_18_19 18 19 5 0.0125 0.227392 0.184119 0.0774381 0.220368 0.587388 0.612347 0.481088 0.020053
e_19_1 19 1 6 0.0125 0.244362 0.189447 0.0680942 0.244974 0.639453 0.57871 0.442925 0.02023
e_1_20 1 20 1 0.0125 0.243664 0.204723 0.0600696 -0.21542 -0.203041 0.743348 0.599835 0.032973
e_20_21 20 21 2 0.0125 0.228067 0.225989 0.0554754 -0.205592 -0.257291 0.711809 0.620372 0.020597
e_21_4 21 4 3 0.0125 0.208404 0.251683 0.047079 -0.272201 -0.136159 0.793712 0.526677 0.04643
e_1_22 1 22 1 0.0125 0.237601 0.192686 0.0599458 0.0836843 -0.774875 -0.0416001 0.625169 0.031478
e_22_23 22 23 2 0.0125 0.210877 0.195598 0.0538968 -0.253367 -0.66232 0.425479 0.562233 0.02367
e_23_3 23 3 3 0.0125 0.177574 0.193389 0.0485189 0.650594 -0.0284298 -0.745599 0.141425 0.044852
