8
1 22 21
3 0.090486 0.0505421 0.0568584 0.0125
23 0.109802 0.0476106 0.0611317 0.0125
22 0.12945 0.0461056 0.0645541 0.0125
21 0.149424 0.047121 0.0645523 0.0125
20 0.169385 0.0475016 0.0633592 0.0125
4 0.12865 0.104854 0.0114921 0.0125
5 0.190958 -0.1648 0.129871 0.0125
10 0.222785 -0.192356 0.146271 0.0125
6 0.372648 -0.306273 0.218126 0.0125
9 0.248754 -0.203492 0.163922 0.0125
2 0.267872 -0.211396 0.16979 0.0125
19 0.15701 0.0822274 0.0352231 0.0125
8 0.322975 -0.262145 0.188271 0.0125
11 0.259288 -0.139458 0.126383 0.0125
12 0.251331 -0.0938116 0.0961998 0.0125
13 0.238216 -0.0581895 0.0821457 0.0125
14 0.226878 -0.035688 0.0807864 0.0125
15 0.214082 -0.0072898 0.0775802 0.0125
16 0.205057 0.0127114 0.0753433 0.0125
17 0.197078 0.03137 0.0730526 0.0125
1 0.188596 0.0497321 0.0684553 0.0125
18 0.17414 0.0697041 0.0503413 0.0125
e_2_8 2 8 1 0.0125 0.295424 -0.23677 0.17903 0.725902 0.209644 0.579903 -0.304678 0.077158
e_8_6 8 6 2 0.0125 0.347812 -0.284209 0.203198 0.775974 0.178353 0.513091 -0.320612 0.072842
e_2_9 2 9 1 0.0125 0.258313 -0.207445 0.166856 0.0615299 0.702313 -0.378403 -0.599819 0.021504
e_9_10 9 10 2 0.0125 0.23577 -0.197924 0.155097 -0.327479 0.825578 0.288658 -0.357569 0.033315
e_10_5 10 5 3 0.0125 0.206872 -0.178578 0.138071 0.115008 0.500904 -0.656201 -0.552512 0.045181
e_2_11 2 11 1 0.0125 0.26358 -0.175427 0.148087 0.248278 -0.524164 0.694426 0.42589 0.084456
e_11_12 11 12 2 0.0125 0.25531 -0.116635 0.111291 0.195204 -0.492503 0.728255 0.434719 0.055299
e_12_13 12 13 3 0.0125 0.244773 -0.0760007 0.0891723 0.371964 -0.716675 0.399971 0.43364 0.040478
e_13_14 13 14 4 0.0125 0.232546 -0.0469384 0.0814658 0.667313 -0.708075 -0.159913 0.166586 0.025233
e_14_15 14 15 5 0.0125 0.220479 -0.021489 0.0791831 0.628702 -0.740563 -0.0523932 0.231422 0.031312
e_15_16 15 16 6 0.0125 0.209569 0.00271096 0.0764622 0.629438 -0.740133 -0.0541198 0.230394 0.022058
e_16_17 16 17 7 0.0125 0.201068 0.0220408 0.0741981 0.618531 -0.745502 -0.0172863 0.247685 0.020421
e_17_1 17 1 8 0.0125 0.192837 0.0405507 0.0707541 0.524846 -0.774097 0.107752 0.337195 0.020743
e_1_18 1 18 1 0.0125 0.181368 0.0597183 0.0593978 -0.193838 -0.162304 0.877324 0.407907 0.030594
e_18_19 18 19 2 0.0125 0.165575 0.0759656 0.0427817 -0.457461 0.562026 0.688668 -0.0243464 0.026054
e_19_4 19 4 3 0.0125 0.14283 0.0935406 0.0233571 -0.47487 0.506665 0.719018 0.0283114 0.043352
e_1_20 1 20 1 0.0125 0.17899 0.0486167 0.0659068 0.110281 0.79036 -0.0523036 -0.600361 0.02
e_20_21 20 21 2 0.0125 0.159404 0.0473116 0.0639556 0.347167 0.608793 -0.315498 -0.639772 0.02
e_21_22 21 22 3 0.0125 0.139437 0.046613 0.0645534 0.300917 0.654309 -0.267993 -0.639928 0.02
e_22_23 22 23 4 0.0125 0.119626 0.0468585 0.0628429 0.159773 0.724603 -0.245986 -0.62363 0.02
e_23_3 23 3 5 0.0125 0.100144 0.0490762 0.0589957 0.117269 0.734742 -0.258843 -0.615957 0.02
2 22 21
3 -0.0633484 0.151252 0.133187 0.0125
23 -0.0518097 0.156548 0.0605259 0.0125
4 -0.0126386 0.0635636 0.034878 0.0125
22 -0.0304737 0.109291 0.0322439 0.0125
1 -0.041928 0.158663 0.0363123 0.0125
21 -0.0268751 0.145972 0.0278 0.0125
6 -0.000946466 -0.215412 0.0200769 0.0125
11 0.0131685 -0.201638 0.0159166 0.0125
10 0.0267102 -0.182665 0.0121025 0.0125
9 0.0455378 -0.160613 0.0162774 0.0125
2 0.0894514 -0.100381 0.0303976 0.0125
19 2.395e-05 0.117991 0.0169873 0.0125
8 0.065547 -0.132857 0.0163183 0.0125
12 0.0737687 -0.124905 0.0242083 0.0125
13 0.0595721 -0.14601 0.0244442 0.0125
14 0.0506604 -0.168255 0.0235676 0.0125
5 0.0470499 -0.188757 0.0230991 0.0125
15 0.0446415 0.0114444 0.0121943 0.0125
16 0.030928 0.0461062 0.0121679 0.0125
17 0.0167286 0.079135 0.0130605 0.0125
18 0.00810083 0.0999905 0.0135302 0.0125
20 -0.0116439 0.13285 0.0251895 0.0125
e_2_8 2 8 1 0.0125 0.0774989 -0.116619 0.0233577 0.578645 0.671921 -0.461889 -0.0186986 0.042712
e_8_9 8 9 2 0.0125 0.0555421 -0.146734 0.0162976 0.704602 0.603985 -0.368512 -0.0541964 0.034217
e_9_10 9 10 3 0.0125 0.0361244 -0.171639 0.0141897 0.652408 0.614507 -0.440042 -0.0557445 0.029295
e_10_11 10 11 4 0.0125 0.0199392 -0.192151 0.0140087 0.758497 0.560894 -0.323521 -0.0735887 0.02362
e_11_6 11 6 5 0.0125 0.00611053 -0.208526 0.0179968 0.768013 0.502144 -0.380313 -0.115624 0.020156
e_2_12 2 12 1 0.0125 0.0816103 -0.112643 0.0273023 0.629045 0.666155 -0.400289 -0.0175383 0.029761
e_12_13 12 13 2 0.0125 0.0666703 -0.135458 0.0243254 0.708721 0.609458 -0.352025 -0.0485133 0.025436
e_13_14 13 14 3 0.0125 0.0551163 -0.157132 0.0240053 0.694059 0.667558 -0.269526 0.00187107 0.02398
e_14_5 14 5 4 0.0125 0.048855 -0.178507 0.0233331 0.697897 0.69563 -0.165338 0.0412495 0.020823
e_2_15 2 15 1 0.0125 0.0670466 -0.0444676 0.0212957 0.472952 -0.316193 -0.689003 -0.449014 0.121838
e_15_16 15 16 2 0.0125 0.0377847 0.0287753 0.0121811 0.539915 -0.334434 -0.623301 -0.456226 0.037276
e_16_17 16 17 3 0.0125 0.0238283 0.0626206 0.0126142 0.553616 -0.321304 -0.619964 -0.453782 0.035962
e_17_18 17 18 4 0.0125 0.0124145 0.089563 0.0132959 0.550692 -0.328001 -0.618068 -0.455133 0.022574
e_18_19 18 19 5 0.0125 0.00406271 0.10899 0.015259 0.617495 -0.31752 -0.559361 -0.452765 0.02003
e_19_20 19 20 6 0.0125 -0.00580977 0.125419 0.0210883 0.722223 -0.201945 -0.510003 -0.421319 0.020595
e_20_21 20 21 7 0.0125 -0.0192593 0.13941 0.0264947 0.637451 -0.100958 -0.652243 -0.397545 0.020273
e_21_1 21 1 8 0.0125 -0.0344018 0.152318 0.0320568 0.735528 -0.11221 -0.537578 -0.396758 0.021451
e_1_22 1 22 1 0.0125 -0.0362004 0.133977 0.0342787 0.66731 0.733992 0.0354485 0.121229 0.050847
e_22_4 22 4 2 0.0125 -0.0215565 0.0864271 0.0335613 0.716798 0.672183 0.146221 0.113975 0.049153
e_1_23 1 23 1 0.0125 -0.0468685 0.157606 0.0484188 0.942754 0.0923272 -0.173348 -0.269521 0.026237
e_23_3 23 3 2 0.0125 -0.0575791 0.1539 0.0968563 0.961838 0.0552439 -0.0664051 -0.259627 0.073763
3 27 26
3 -0.288373 -0.151981 0.0408652 0.0125
28 -0.286481 -0.132155 0.0390355 0.0125
27 -0.283725 -0.112346 0.0389122 0.0125
26 -0.284111 -0.09286 0.0434004 0.0125
25 -0.286967 -0.073095 0.0423074 0.0125
4 -0.318331 0.0202343 0.100459 0.0125
24 -0.317279 0.00561619 0.0868497 0.0125
23 -0.310081 -0.00778105 0.0738614 0.0125
22 -0.307286 -0.0227574 0.0609031 0.0125
21 -0.301401 -0.03936 0.0514318 0.0125
1 -0.290839 -0.0534757 0.0419883 0.0125
12 -0.257288 0.177025 0.0943563 0.0125
11 -0.229418 0.180131 0.0828975 0.0125
10 -0.206304 0.182197 0.074375 0.0125
9 -0.182271 0.178655 0.0698026 0.0125
2 -0.133189 0.182283 0.060601 0.0125
19 -0.279962 -0.0177911 0.0275061 0.0125
8 -0.159235 0.179848 0.0664261 0.0125
6 -0.274348 0.174662 0.104821 0.0125
13 -0.113013 0.161534 0.0533826 0.0125
5 -0.0578996 0.119843 0.0411992 0.0125
14 -0.229045 0.0750262 0.0148783 0.0125
15 -0.238983 0.0565177 0.0124322 0.0125
16 -0.251436 0.0333837 0.0114982 0.0125
17 -0.258888 0.0133977 0.0142929 0.0125
18 -0.268113 -0.00317292 0.0207093 0.0125
20 -0.28614 -0.0357218 0.0339196 0.0125
e_2_8 2 8 1 0.0125 -0.146212 0.181065 0.0635133 0.767569 -0.054219 -0.623209 0.139673 0.026801
e_8_9 8 9 2 0.0125 -0.170753 0.179252 0.0681143 0.743596 -0.0872692 -0.648047 0.139586 0.023312
e_9_10 9 10 3 0.0125 -0.194288 0.180427 0.0720882 0.764508 -0.165885 -0.616441 0.0894991 0.024719
e_10_11 10 11 4 0.0125 -0.217861 0.181164 0.078636 0.811113 -0.0331997 -0.571422 0.120294 0.024721
e_11_12 11 12 5 0.0125 -0.243353 0.178578 0.0886267 0.821553 -0.0183754 -0.557257 0.119072 0.030294
e_12_6 12 6 6 0.0125 -0.265818 0.175844 0.0995885 0.866145 0.0127052 -0.490083 0.0972075 0.020153
e_2_13 2 13 1 0.0125 -0.123101 0.171908 0.0569919 0.530659 0.208488 0.759959 -0.312085 0.029828
e_13_5 13 5 2 0.0125 -0.085456 0.140688 0.0472907 0.490067 -0.0430073 0.764829 -0.415959 0.070172
e_2_14 2 14 1 0.0125 -0.181118 0.128655 0.0377396 0.477516 0.170499 -0.788918 0.347155 0.15094
e_14_15 14 15 2 0.0125 -0.234014 0.0657716 0.0136555 0.559559 0.362857 -0.652816 0.359248 0.021149
e_15_16 15 16 3 0.0125 -0.245209 0.0449511 0.0119649 0.603903 0.382605 -0.609411 0.342831 0.02629
e_16_17 16 17 4 0.0125 -0.255162 0.0233904 0.0128953 0.686777 0.471056 -0.461688 0.30543 0.021512
e_17_18 17 18 5 0.0125 -0.263501 0.00511237 0.0175007 0.774192 0.399158 -0.424763 0.246731 0.020022
e_18_19 18 19 6 0.0125 -0.274037 -0.0104827 0.0241077 0.784061 0.323838 -0.474639 0.234724 0.020008
e_19_20 19 20 7 0.0125 -0.283052 -0.0267568 0.0307128 0.775522 0.46939 -0.345653 0.242409 0.02002
e_20_1 20 1 8 0.0125 -0.288489 -0.0445987 0.0379543 0.811434 0.477658 -0.265957 0.206601 0.020059
e_1_21 1 21 1 0.0125 -0.29612 -0.0464182 0.0467103 0.84987 -0.365274 -0.361229 -0.117511 0.02
e_21_22 21 22 2 0.0125 -0.304344 -0.0310587 0.0561683 0.838273 -0.435403 -0.271365 -0.184616 0.02
e_22_23 22 23 3 0.0125 -0.308683 -0.0152685 0.0673826 0.882684 -0.383137 -0.171044 -0.211708 0.02
e_23_24 23 24 4 0.0125 -0.313679 -0.00108243 0.080355 0.895084 -0.330036 -0.257621 -0.153402 0.02
e_24_4 24 4 5 0.0125 -0.317805 0.0129256 0.0936544 0.887493 -0.37883 -0.127524 -0.229306 0.02
e_1_25 1 25 1 0.0125 -0.288902 -0.0632853 0.0421482 0.665746 0.691303 -0.118839 0.25448 0.02
e_25_26 25 26 2 0.0125 -0.285539 -0.0829775 0.0428535 0.679163 0.671206 -0.148885 0.257007 0.02
e_26_27 26 27 3 0.0125 -0.283918 -0.102603 0.0411565 0.470781 0.601514 -0.50037 0.407647 0.02
e_27_28 27 28 4 0.0125 -0.285103 -0.122251 0.0389735 0.624512 0.568722 -0.416511 0.336241 0.02
e_28_3 28 3 5 0.0125 -0.287427 -0.142068 0.0399506 0.674964 0.586992 -0.331207 0.300277 0.02
4 23 22
3 0.0978778 0.024625 0.0114799 0.0125
24 0.0872633 0.0109709 0.0215236 0.0125
23 0.0777545 -0.00200824 0.0334046 0.0125
22 0.0699854 -0.0165346 0.0447452 0.0125
21 0.065228 -0.0344207 0.0523251 0.0125
4 -0.0371956 -0.07015 0.0754005 0.0125
20 -0.00601302 -0.0652932 0.0675549 0.0125
6 0.124058 0.136235 0.0719992 0.0125
11 0.142244 0.135023 0.0815268 0.0125
10 0.160564 0.138674 0.095386 0.0125
9 0.183086 0.145756 0.111111 0.0125
2 0.243111 0.160279 0.158174 0.0125
19 0.0779815 -0.0296348 0.0635797 0.0125
8 0.19803 0.149884 0.125655 0.0125
12 0.230058 0.160589 0.143024 0.0125
13 0.220006 0.15988 0.125747 0.0125
14 0.20876 0.163836 0.109689 0.0125
15 0.195863 0.167195 0.094777 0.0125
5 0.18181 0.168188 0.0805808 0.0125
16 0.183222 0.0811259 0.113023 0.0125
17 0.146694 0.0380034 0.087195 0.0125
18 0.0926149 -0.0148755 0.0705606 0.0125
1 0.0596945 -0.0523248 0.059313 0.0125
e_2_8 2 8 1 0.0125 0.22057 0.155081 0.141914 0.281903 0.806109 -0.371099 -0.364698 0.05655
e_8_9 8 9 2 0.0125 0.190557 0.14782 0.118383 0.216996 0.874428 -0.278313 -0.332913 0.021257
e_9_10 9 10 3 0.0125 0.171825 0.142215 0.103249 0.306392 0.81141 -0.344657 -0.359094 0.028367
e_10_11 10 11 4 0.0125 0.151405 0.136848 0.0884565 0.263898 0.811684 -0.372957 -0.363909 0.023259
e_11_6 11 6 5 0.0125 0.133151 0.135629 0.076763 0.315398 0.642431 -0.564724 -0.410966 0.020567
e_2_12 2 12 1 0.0125 0.236585 0.160433 0.150599 0.107467 0.884527 -0.310438 -0.331197 0.02
e_12_13 12 13 2 0.0125 0.225033 0.160235 0.134385 0.0465219 0.95964 -0.104809 -0.256791 0.02
e_13_14 13 14 3 0.0125 0.214384 0.161858 0.117718 -0.00489713 0.900459 -0.301051 -0.313874 0.02
e_14_15 14 15 4 0.0125 0.202311 0.165516 0.102233 0.0652636 0.845715 -0.396943 -0.350631 0.02
e_15_5 15 5 5 0.0125 0.188836 0.167691 0.0876795 0.134978 0.839384 -0.387735 -0.356198 0.02
e_2_16 2 16 1 0.0125 0.213166 0.120702 0.135599 0.461022 0.836959 -0.0807982 -0.283602 0.109043
e_16_17 16 17 2 0.0125 0.164958 0.0595647 0.100109 0.454167 0.83426 -0.108838 -0.293082 0.062136
e_17_18 17 18 3 0.0125 0.119654 0.0115644 0.0788783 0.536899 0.754159 -0.196578 -0.323019 0.077443
e_18_19 18 19 4 0.0125 0.0852981 -0.0222548 0.0670698 0.491785 0.793726 -0.170863 -0.314568 0.021925
e_19_1 19 1 5 0.0125 0.0688381 -0.0409801 0.0614467 0.577904 0.742765 -0.143977 -0.305938 0.029452
e_1_20 1 20 1 0.0125 0.0268407 -0.0588097 0.063434 0.640696 0.446452 -0.4895 -0.388046 0.067481
e_20_4 20 4 2 0.0125 -0.0216042 -0.067722 0.071478 0.690304 0.376313 -0.487611 -0.379611 0.032519
e_1_21 1 21 1 0.0125 0.0624612 -0.0433734 0.0558191 0.494247 -0.559044 0.601814 0.284624 0.02
e_21_22 21 22 2 0.0125 0.0676065 -0.025478 0.0485349 0.475884 -0.57427 0.599755 0.289901 0.02
e_22_23 22 23 3 0.0125 0.0738703 -0.00927112 0.0390743 0.31761 -0.227779 0.855361 0.339998 0.02
e_23_24 23 24 4 0.0125 0.0825086 0.00448133 0.0274635 0.309022 -0.110001 0.88595 0.327868 0.02
e_24_3 24 3 5 0.0125 0.0925701 0.017798 0.016502 0.384753 -0.189042 0.845786 0.317607 0.02
5 23 22
3 -0.161966 0.194021 0.0176943 0.0125
24 -0.154309 0.175384 0.017181 0.0125
23 -0.145591 0.155677 0.0170799 0.0125
4 -0.167097 0.0676611 0.0868723 0.0125
22 -0.154057 0.0718188 0.0722897 0.0125
21 -0.14154 0.0760335 0.0572711 0.0125
20 -0.131653 0.0838374 0.041736 0.0125
11 0.14858 -0.0232132 0.116355 0.0125
10 0.132493 -0.0349706 0.114632 0.0125
6 0.256827 -0.0270692 0.160556 0.0125
9 0.238171 -0.0321689 0.153684 0.0125
2 0.11713 -0.0476942 0.113189 0.0125
19 -0.124617 0.095395 0.027008 0.0125
8 0.202433 -0.0430963 0.138102 0.0125
12 0.165709 -0.0129261 0.117229 0.0125
13 0.180422 0.000514629 0.11553 0.0125
5 0.195419 0.0120456 0.109041 0.0125
14 0.0964327 -0.0310517 0.0972156 0.0125
15 0.00597896 0.0296784 0.0631331 0.0125
16 -0.0555798 0.0748627 0.043088 0.0125
17 -0.0730206 0.0880425 0.033017 0.0125
18 -0.0928591 0.0967241 0.0215424 0.0125
1 -0.116783 0.105306 0.0115024 0.0125
e_2_8 2 8 1 0.0125 0.159782 -0.0453953 0.125645 0.768162 0.136303 0.584329 0.223401 0.088986
e_8_9 8 9 2 0.0125 0.220302 -0.0376319 0.145893 0.809828 -0.035884 0.553438 0.191301 0.040489
e_9_6 9 6 3 0.0125 0.247499 -0.0296188 0.157119 0.791784 -0.0103567 0.576598 0.201261 0.020525
e_2_10 2 10 1 0.0125 0.124812 -0.0413325 0.11391 0.712797 -0.30306 0.609978 0.167334 0.02
e_10_11 10 11 2 0.0125 0.140536 -0.0290919 0.115493 0.714819 -0.254149 0.626349 0.179249 0.02
e_11_12 11 12 3 0.0125 0.157145 -0.0180697 0.116792 0.693456 -0.175653 0.668808 0.202386 0.02
e_12_13 12 13 4 0.0125 0.173066 -0.00620643 0.11638 0.653962 -0.341445 0.652619 0.172735 0.02
e_13_5 13 5 5 0.0125 0.18792 0.00628012 0.112285 0.534043 -0.201245 0.788489 0.229312 0.02
e_2_14 2 14 1 0.0125 0.106781 -0.0393731 0.105201 0.417262 -0.102529 -0.864404 -0.261124 0.030991
e_14_15 14 15 2 0.0125 0.0512059 -0.000686352 0.080174 0.541216 -0.138868 -0.793721 -0.240433 0.114157
e_15_16 15 16 3 0.0125 -0.0248004 0.0522706 0.0531106 0.562187 -0.181748 -0.770659 -0.238742 0.078948
e_16_17 16 17 4 0.0125 -0.0643004 0.0814527 0.0380531 0.47604 -0.132542 -0.831646 -0.253343 0.024069
e_17_18 17 18 5 0.0125 -0.0829404 0.0923833 0.0272795 0.458931 0.0521308 -0.855219 -0.235085 0.024507
e_18_1 18 1 6 0.0125 -0.104821 0.101014 0.0165224 0.515983 0.0535064 -0.825127 -0.22375 0.027327
e_1_19 1 19 1 0.0125 -0.120699 0.10035 0.0192551 0.942116 0.261443 -0.2098 0.00692075 0.02
e_19_20 19 20 2 0.0125 -0.128135 0.0896158 0.0343717 0.931608 0.3065 -0.194572 0.0174971 0.02
e_20_21 20 21 3 0.0125 -0.136596 0.0799351 0.0495033 0.94242 0.21115 -0.258912 -0.0150106 0.02
e_21_22 21 22 4 0.0125 -0.147798 0.073926 0.0647797 0.934439 0.129528 -0.328274 -0.0477758 0.02
e_22_4 22 4 5 0.0125 -0.160577 0.0697398 0.0795802 0.928343 0.13138 -0.34376 -0.0524184 0.02
e_1_23 1 23 1 0.0125 -0.131187 0.130491 0.0142907 0.716892 -0.482315 -0.468549 -0.184121 0.058295
e_23_24 23 24 2 0.0125 -0.14995 0.165531 0.0171303 0.68352 -0.546633 -0.445905 -0.187515 0.02155
e_24_3 24 3 3 0.0125 -0.158138 0.184703 0.0174378 0.692843 -0.557757 -0.419734 -0.18083 0.020155
6 23 22
3 0.114718 -0.101257 0.118918 0.0125
24 0.117064 -0.0908458 0.0979657 0.0125
23 0.118941 -0.0744809 0.0786941 0.0125
22 0.122823 -0.0582379 0.0651225 0.0125
4 0.18651 -0.106142 0.0170907 0.0125
21 0.167022 -0.0785695 0.0309706 0.0125
1 0.129812 -0.0321068 0.0530666 0.0125
11 0.0299556 -0.220025 0.0672732 0.0125
10 0.0058885 -0.258895 0.0851587 0.0125
6 0.00518516 -0.157913 0.014429 0.0125
9 0.00449979 -0.175272 0.0257289 0.0125
2 0.000622924 -0.285107 0.0933423 0.0125
19 0.0988324 -0.0572265 0.050009 0.0125
8 0.00613002 -0.22262 0.0572548 0.0125
5 0.0394326 -0.203071 0.0550518 0.0125
12 0.0312186 -0.201155 0.0656964 0.0125
13 0.0357195 -0.181802 0.0593808 0.0125
14 0.0436028 -0.142674 0.0456035 0.0125
15 0.0511882 -0.123784 0.0449182 0.0125
16 0.0620547 -0.104355 0.0497492 0.0125
17 0.0731012 -0.0876173 0.0524173 0.0125
18 0.0850969 -0.0717746 0.0501055 0.0125
20 0.114305 -0.0446414 0.0515048 0.0125
e_2_8 2 8 1 0.0125 0.00337647 -0.253863 0.0752985 -0.345356 0.539776 -0.676737 -0.362489 0.072369
e_8_9 8 9 2 0.0125 0.00531471 -0.198946 0.0414914 -0.303954 0.590248 -0.654677 -0.361408 0.056907
e_9_6 9 6 3 0.0125 0.00484236 -0.166592 0.0200783 -0.378338 0.675789 -0.562085 -0.290223 0.020724
e_2_10 2 10 1 0.0125 0.00325525 -0.272001 0.0892506 0.593583 -0.796403 0.109923 -0.0363109 0.027959
e_10_11 10 11 2 0.0125 0.0179222 -0.23946 0.0762166 0.376444 -0.145236 0.813065 0.419668 0.049093
e_11_5 11 5 3 0.0125 0.0346946 -0.211547 0.0611621 0.0803192 0.29423 0.824452 0.476714 0.022948
e_2_12 2 12 1 0.0125 0.0159208 -0.243131 0.0795193 0.538231 -0.569702 0.568533 0.250033 0.093532
e_12_13 12 13 2 0.0125 0.0334698 -0.191479 0.0625386 0.588448 -0.768736 0.245936 0.0478503 0.020849
e_13_14 13 14 3 0.0125 0.0396608 -0.162238 0.052492 0.580321 -0.80071 0.148354 -0.0090516 0.042225
e_14_15 14 15 4 0.0125 0.047395 -0.133229 0.045261 0.691428 -0.636079 0.335017 0.0713822 0.020367
e_15_16 15 16 5 0.0125 0.0566215 -0.114069 0.0473335 0.777012 -0.527899 0.339523 0.0479505 0.02278
e_16_17 16 17 6 0.0125 0.0675774 -0.0959858 0.0510827 0.74262 -0.484825 0.446105 0.120213 0.020231
e_17_18 17 18 7 0.0125 0.0790994 -0.0796959 0.0512606 0.603387 -0.350732 0.659374 0.279529 0.020006
e_18_19 18 19 8 0.0125 0.0919652 -0.0645003 0.0500569 0.659441 -0.308997 0.637894 0.250496 0.020008
e_19_20 19 20 9 0.0125 0.106569 -0.050934 0.0507569 0.692976 -0.233607 0.638777 0.239114 0.020001
e_20_1 20 1 10 0.0125 0.122059 -0.0383739 0.0522861 0.694494 -0.232435 0.637914 0.238156 0.02
e_1_21 1 21 1 0.0125 0.148417 -0.055338 0.0420188 0.564808 0.709069 0.413786 0.0836346 0.063495
e_21_4 21 4 2 0.0125 0.176766 -0.0923556 0.0240308 0.552193 0.733663 0.389676 0.0705266 0.036505
e_1_22 1 22 1 0.0125 0.126317 -0.0451718 0.0590945 0.808917 0.544464 0.00341421 -0.221814 0.029614
e_22_23 22 23 2 0.0125 0.120882 -0.0663598 0.0719085 0.873619 0.429635 0.00905243 -0.2283 0.02152
e_23_24 23 24 3 0.0125 0.118003 -0.0826633 0.0883299 0.913305 0.34396 0.0401888 -0.214361 0.025352
e_24_3 24 3 4 0.0125 0.115891 -0.0960514 0.108442 0.942978 0.233298 0.00581274 -0.23734 0.023513
7 21 20
3 -0.0828908 -0.0158101 0.100001 0.0125
22 -0.0935559 -0.0268579 0.0870092 0.0125
21 -0.104178 -0.0398165 0.0742085 0.0125
20 -0.118287 -0.0543304 0.0627544 0.0125
4 -0.0704891 -0.0078801 0.0175665 0.0125
11 0.110278 0.132017 0.0514577 0.0125
10 0.0948009 0.133496 0.0643117 0.0125
6 -0.0608611 0.216603 0.0115011 0.0125
9 0.0776179 0.139061 0.074337 0.0125
2 0.0465476 0.154616 0.0918757 0.0125
19 -0.0856569 -0.0201366 0.0220065 0.0125
8 -0.00941229 0.173142 0.0487602 0.0125
5 0.122173 0.125413 0.0364631 0.0125
12 -0.0373988 0.0626282 0.0740718 0.0125
13 -0.0619974 0.0368982 0.0672001 0.0125
14 -0.0879352 0.00503015 0.0558576 0.0125
15 -0.115791 -0.0300988 0.0444925 0.0125
1 -0.142053 -0.0715075 0.0426697 0.0125
18 -0.0973735 -0.0361955 0.024207 0.0125
16 -0.126878 -0.0603778 0.0358995 0.0125
17 -0.111647 -0.0492925 0.0291794 0.0125
e_2_8 2 8 1 0.0125 0.0185673 0.163879 0.0703177 0.431405 -0.522989 -0.722265 0.13677 0.073032
e_8_6 8 6 2 0.0125 -0.0351364 0.194872 0.0301306 0.50634 -0.50271 -0.699517 -0.0397257 0.076968
e_2_9 2 9 1 0.0125 0.0620831 0.146838 0.0831066 -0.511992 -0.209572 -0.825459 0.112077 0.038922
e_9_10 9 10 2 0.0125 0.0862101 0.136279 0.0693248 -0.505786 -0.201801 -0.837817 0.0389769 0.020657
e_10_11 10 11 3 0.0125 0.102539 0.132756 0.0578849 -0.420503 -0.228177 -0.875514 -0.0677339 0.020173
e_11_5 11 5 4 0.0125 0.116226 0.128715 0.043961 -0.353499 -0.288278 -0.887231 0.0689518 0.020248
e_2_12 2 12 1 0.0125 0.00457407 0.108622 0.0829736 0.0703862 -0.446362 -0.609527 0.65137 0.125801
e_12_13 12 13 2 0.0125 -0.0496988 0.0497632 0.0706359 0.0848935 -0.453832 -0.623545 0.63089 0.036254
e_13_14 13 14 3 0.0125 -0.074967 0.0209642 0.0615287 0.0498434 -0.449779 -0.656312 0.603713 0.042626
e_14_15 14 15 4 0.0125 -0.101863 -0.0125343 0.050175 0.0424757 -0.446418 -0.650827 0.612642 0.046251
e_15_1 15 1 5 0.0125 -0.128922 -0.0508035 0.0435808 -0.0282927 -0.410153 -0.591901 0.693273 0.049068
e_1_16 1 16 1 0.0125 -0.134465 -0.0659429 0.0392849 -0.403992 -0.129638 -0.807737 -0.409324 0.02
e_16_17 16 17 2 0.0125 -0.119263 -0.054835 0.03254 -0.406724 -0.128586 -0.807131 -0.408143 0.02
e_17_18 17 18 3 0.0125 -0.104511 -0.0427439 0.0266938 -0.389707 -0.109693 -0.782489 -0.473082 0.02
e_18_19 18 19 4 0.0125 -0.0915152 -0.028166 0.0231068 -0.324558 -0.0908354 -0.739436 -0.582791 0.02
e_19_4 19 4 5 0.0125 -0.0780727 -0.0140083 0.0197872 -0.433615 -0.0954388 -0.775813 -0.448311 0.02
e_1_20 1 20 1 0.0125 -0.13017 -0.0629189 0.052712 -0.857186 0.171312 -0.433718 -0.21857 0.035542
e_20_21 20 21 2 0.0125 -0.111232 -0.0470732 0.0684812 -0.763673 0.155193 -0.479235 -0.403798 0.023258
e_21_22 21 22 3 0.0125 -0.0988678 -0.0333368 0.0806091 -0.825918 0.206609 -0.392132 -0.348432 0.021086
e_22_3 22 3 4 0.0125 -0.0882237 -0.0213342 0.0935051 -0.875403 0.215486 -0.361416 -0.237936 0.020114
8 24 23
3 0.327195 0.0518906 0.24917 0.0125
25 0.318607 0.0533455 0.231167 0.0125
24 0.316032 0.0546506 0.211376 0.0125
23 0.312104 0.0575828 0.191987 0.0125
22 0.31025 0.0616646 0.172496 0.0125
4 0.271616 0.156796 0.126066 0.0125
21 0.293044 0.108599 0.145004 0.0125
1 0.305373 0.0673668 0.153956 0.0125
11 -0.0154186 0.183444 0.0820296 0.0125
10 -0.00661279 0.169293 0.0934512 0.0125
6 0.00123792 -0.0158011 0.173493 0.0125
9 0.00499231 0.151269 0.107396 0.0125
2 0.0194639 0.122446 0.118797 0.0125
19 0.266523 0.0748346 0.149777 0.0125
8 0.00979072 0.02446 0.155514 0.0125
5 -0.0234345 0.198928 0.0722045 0.0125
12 0.0612127 0.104256 0.123363 0.0125
13 0.0959323 0.0905537 0.132739 0.0125
14 0.124928 0.0798113 0.136565 0.0125
15 0.151034 0.0744515 0.137814 0.0125
16 0.205443 0.0815872 0.140564 0.0125
17 0.22806 0.0839723 0.143606 0.0125
18 0.24727 0.0791822 0.146492 0.0125
20 0.285503 0.0691536 0.152547 0.0125
e_2_8 2 8 1 0.0125 0.0146272 0.0734526 0.137156 0.0563751 0.0948552 0.562404 -0.819467 0.105086
e_8_6 8 6 2 0.0125 0.00551432 0.00432944 0.164504 0.822034 0.547473 -0.0117999 -0.156188 0.044914
e_2_9 2 9 1 0.0125 0.0122276 0.136857 0.113097 0.574714 -0.691117 -0.434727 -0.0554422 0.034208
e_9_10 9 10 2 0.0125 -0.000810661 0.16028 0.100423 0.476718 -0.748227 -0.461312 0.00933769 0.025573
e_10_11 10 11 3 0.0125 -0.0110161 0.176368 0.0877409 0.466186 -0.756868 -0.458026 0.00578328 0.020206
e_11_5 11 5 4 0.0125 -0.0194269 0.191186 0.0771167 0.503588 -0.741409 -0.442476 -0.0304349 0.020013
e_2_12 2 12 1 0.0125 0.0403383 0.113351 0.12108 0.00527607 -0.613139 0.272346 -0.741525 0.045768
e_12_13 12 13 2 0.0125 0.0785725 0.0974055 0.128051 0.0939201 -0.541076 0.292286 -0.782933 0.038485
e_13_14 13 14 3 0.0125 0.11043 0.0851825 0.134652 0.0422788 -0.607045 0.264749 -0.748075 0.031158
e_14_15 14 15 4 0.0125 0.137981 0.0771319 0.137189 0.0799495 -0.656767 0.212732 -0.719035 0.02668
e_15_16 15 16 5 0.0125 0.178238 0.0780196 0.139188 0.226485 -0.677109 0.128454 -0.688279 0.054944
e_16_17 16 17 6 0.0125 0.216752 0.0827798 0.142085 0.246303 -0.641445 0.149111 -0.71109 0.022945
e_17_18 17 18 7 0.0125 0.237665 0.0815767 0.145049 0.102138 -0.607514 0.242522 -0.749451 0.020008
e_18_19 18 19 8 0.0125 0.256897 0.077008 0.148135 0.120987 -0.600022 0.240586 -0.753295 0.020008
e_19_20 19 20 9 0.0125 0.276012 0.0719946 0.151162 0.078718 -0.605709 0.25277 -0.750351 0.020005
e_20_1 20 1 10 0.0125 0.295437 0.0682596 0.153251 0.139909 -0.654786 0.189802 -0.718092 0.02
e_1_21 1 21 1 0.0125 0.299208 0.087983 0.14948 0.61459 -0.673545 -0.384922 -0.14301 0.043958
e_21_4 21 4 2 0.0125 0.282329 0.132698 0.135535 0.570714 -0.699195 -0.424365 -0.0729837 0.056042
e_1_22 1 22 1 0.0125 0.307811 0.064515 0.163226 0.708781 0.0189207 0.190166 -0.67905 0.02
e_22_23 22 23 2 0.0125 0.311177 0.059624 0.182241 0.80837 0.0564342 0.0976461 -0.57777 0.02
e_23_24 23 24 3 0.0125 0.314068 0.0561167 0.201681 0.769046 -0.00530886 0.123408 -0.627145 0.02
e_24_25 24 25 4 0.0125 0.31732 0.0539984 0.221271 0.812924 -0.0107178 0.0715408 -0.577859 0.02
e_25_3 25 3 5 0.0125 0.3229 0.0526182 0.240169 0.661169 -0.136526 0.176837 -0.716202 0.02
