8
1 28 27
3 -0.275451 -0.191052 0.011489 0.0125
29 -0.273438 -0.196662 0.0305803 0.0125
28 -0.276977 -0.204788 0.0485086 0.0125
27 -0.276999 -0.212091 0.0671271 0.0125
26 -0.275768 -0.216535 0.0865891 0.0125
4 -0.279944 -0.288503 0.0360689 0.0125
25 -0.27507 -0.276759 0.0515069 0.0125
24 -0.274606 -0.262094 0.0650992 0.0125
23 -0.274147 -0.247228 0.07847 0.0125
22 -0.273876 -0.232627 0.0921346 0.0125
1 -0.274203 -0.21863 0.106417 0.0125
21 -0.263723 -0.201028 0.103721 0.0125
6 -0.0152128 -0.159273 0.0978238 0.0125
11 -0.0225038 -0.132665 0.0761735 0.0125
10 -0.0292144 -0.116348 0.0614348 0.0125
9 -0.0406704 -0.094836 0.0475141 0.0125
2 -0.0598831 -0.0446385 0.0130045 0.0125
19 -0.241866 -0.166795 0.102443 0.0125
8 -0.0530744 -0.0621933 0.0251548 0.0125
12 -0.0625325 -0.0998734 0.0123569 0.0125
5 -0.0616852 -0.144556 0.0131628 0.0125
13 -0.0790431 -0.056674 0.0216617 0.0125
14 -0.154186 -0.103361 0.0555059 0.0125
15 -0.173239 -0.115335 0.0686581 0.0125
16 -0.192135 -0.127312 0.080811 0.0125
17 -0.211195 -0.139276 0.0910141 0.0125
18 -0.226168 -0.1541 0.0996551 0.0125
20 -0.253926 -0.182797 0.100801 0.0125
e_2_8 2 8 1 0.0125 -0.0564784 -0.0534156 0.0190794 0.855517 0.473583 0.0679975 0.197956 0.022409
e_8_9 8 9 2 0.0125 -0.0468723 -0.078515 0.0363342 0.854724 0.475554 0.0650232 0.197655 0.041465
e_9_10 9 10 3 0.0125 -0.0349427 -0.105592 0.0544747 0.836187 0.488658 0.114971 0.220877 0.028068
e_10_11 10 11 4 0.0125 -0.0258591 -0.124506 0.0688041 0.887833 0.415948 0.0801923 0.17975 0.022989
e_11_6 11 6 5 0.0125 -0.018858 -0.145969 0.0869992 0.8829 0.436137 0.0333787 0.170757 0.03507
e_2_12 2 12 1 0.0125 -0.0612082 -0.0722555 0.0126807 0.680047 0.678642 -0.212841 0.177985 0.055302
e_12_5 12 5 2 0.0125 -0.0621093 -0.122214 0.0127598 0.687305 0.678458 -0.17514 0.191395 0.044698
e_2_13 2 13 1 0.0125 -0.0694627 -0.0506564 0.0173334 0.822422 0.328959 -0.461634 -0.0479867 0.024226
e_13_14 13 14 2 0.0125 -0.116614 -0.0800179 0.0385844 0.822345 0.327307 -0.462831 -0.0490541 0.094719
e_14_15 14 15 3 0.0125 -0.163713 -0.109349 0.0620826 0.866162 0.286442 -0.407025 -0.0452277 0.026065
e_15_16 15 16 4 0.0125 -0.182688 -0.121324 0.0747343 0.85828 0.29591 -0.416852 -0.0450225 0.025459
e_16_17 16 17 5 0.0125 -0.201666 -0.133293 0.0859126 0.839196 0.31331 -0.441999 -0.0471454 0.024709
e_17_18 17 18 6 0.0125 -0.218682 -0.146687 0.0953346 0.830503 0.391944 -0.395784 -8.33375e-05 0.022772
e_18_19 18 19 7 0.0125 -0.234017 -0.160447 0.101049 0.753586 0.428016 -0.498413 -0.0222418 0.020382
e_19_20 19 20 8 0.0125 -0.247896 -0.174796 0.101621 0.676512 0.561293 -0.475193 0.0383783 0.020104
e_20_21 20 21 9 0.0125 -0.258824 -0.191912 0.10226 0.751485 0.545677 -0.363844 0.0715881 0.020902
e_21_1 21 1 10 0.0125 -0.268963 -0.209829 0.105069 0.749307 0.537041 -0.382541 0.0615541 0.020662
e_1_22 1 22 1 0.0125 -0.274039 -0.225628 0.099276 0.336318 0.833152 -0.40363 0.172716 0.02
e_22_23 22 23 2 0.0125 -0.274011 -0.239927 0.0853029 0.360497 0.823618 -0.404057 0.168621 0.02
e_23_24 23 24 3 0.0125 -0.274377 -0.254661 0.0717849 0.370871 0.820117 -0.402101 0.167862 0.02
e_24_25 24 25 4 0.0125 -0.274838 -0.269426 0.0583028 0.363998 0.820971 -0.407202 0.166431 0.02
e_25_4 25 4 5 0.0125 -0.277506 -0.282631 0.0437876 0.32717 0.752754 -0.565077 0.0837227 0.02
e_1_26 1 26 1 0.0125 -0.274986 -0.217582 0.0965027 0.00107147 0.584174 -0.808978 -0.065528 0.02
e_26_27 26 27 2 0.0125 -0.276383 -0.214313 0.0768578 -0.0302585 0.505594 -0.85493 -0.112043 0.02
e_27_28 27 28 3 0.0125 -0.276988 -0.20844 0.0578178 -0.0753739 0.395878 -0.899305 -0.169852 0.02
e_28_29 28 29 4 0.0125 -0.275208 -0.200725 0.0395442 -0.173355 0.428246 -0.874544 -0.147396 0.02
e_29_3 29 3 5 0.0125 -0.274445 -0.193857 0.0210344 -0.0171489 0.4376 -0.886445 -0.149758 0.02
2 24 23
3 -0.244286 -0.0884274 0.0123504 0.0125
25 -0.214222 -0.0801217 0.0705416 0.0125
4 -0.218336 -0.109924 0.196478 0.0125
24 -0.210442 -0.103162 0.179391 0.0125
23 -0.208005 -0.0947609 0.161406 0.0125
22 -0.208288 -0.0912068 0.141726 0.0125
21 -0.208613 -0.0876393 0.122049 0.0125
1 -0.205061 -0.081945 0.10321 0.0125
6 -0.0530622 0.116292 0.0404516 0.0125
11 -0.037578 0.106813 0.0318449 0.0125
10 -0.0193425 0.0989919 0.0222354 0.0125
9 0.00478015 0.0837477 0.0179614 0.0125
2 0.058654 0.0274943 0.0223297 0.0125
19 -0.169136 -0.0605762 0.0842535 0.0125
8 0.0364978 0.0446849 0.0163925 0.0125
12 0.0451007 0.041711 0.0185606 0.0125
13 0.033337 0.0574979 0.0150423 0.0125
14 0.0215916 0.0732902 0.0114847 0.0125
15 0.00826181 0.0882002 0.0115186 0.0125
5 -0.00574358 0.102321 0.0136321 0.0125
16 -0.0765877 -0.0281038 0.0711601 0.0125
17 -0.121385 -0.0393677 0.0732452 0.0125
18 -0.143705 -0.0464413 0.0790585 0.0125
20 -0.1846 -0.0704915 0.092955 0.0125
e_2_8 2 8 1 0.0125 0.047576 0.0360896 0.0193606 0.590812 -0.659069 -0.411337 0.21765 0.028664
e_8_9 8 9 2 0.0125 0.0206393 0.0642167 0.0171771 0.699409 -0.625592 -0.305042 0.162516 0.050343
e_9_10 9 10 3 0.0125 -0.0072813 0.0913698 0.0200989 0.69725 -0.536736 -0.371277 0.296498 0.028854
e_10_11 10 11 4 0.0125 -0.0284604 0.102902 0.0270406 0.758137 -0.405269 -0.343262 0.37836 0.022046
e_11_6 11 6 5 0.0125 -0.0453205 0.111553 0.0361481 0.778203 -0.434824 -0.311018 0.329538 0.020092
e_2_12 2 12 1 0.0125 0.0518775 0.0346031 0.0204457 0.615003 -0.677273 -0.368127 0.165999 0.02
e_12_13 12 13 2 0.0125 0.0392189 0.0496038 0.0168015 0.630108 -0.690973 -0.332443 0.122484 0.02
e_13_14 13 14 3 0.0125 0.0274641 0.065394 0.013264 0.629446 -0.691633 -0.33254 0.121895 0.02
e_14_15 14 15 4 0.0125 0.0149269 0.0807449 0.0115023 0.685198 -0.627754 -0.324165 0.177044 0.02
e_15_5 15 5 5 0.0125 0.00125911 0.0952604 0.0125754 0.713613 -0.587915 -0.318632 0.208774 0.02
e_2_16 2 16 1 0.0125 -0.00896712 -0.000305116 0.0467448 0.540607 -0.255057 -0.525901 0.605077 0.154162
e_16_17 16 17 2 0.0125 -0.0989862 -0.0337357 0.0722022 0.480046 -0.389142 -0.570985 0.540464 0.046239
e_17_18 17 18 3 0.0125 -0.132545 -0.0429042 0.0761518 0.534483 -0.305093 -0.535193 0.578631 0.024124
e_18_19 18 19 4 0.0125 -0.15642 -0.0535087 0.081656 0.44909 -0.272127 -0.581431 0.621453 0.029556
e_19_20 19 20 5 0.0125 -0.176869 -0.065534 0.0886045 0.539388 -0.162284 -0.509531 0.650464 0.020327
e_20_1 20 1 6 0.0125 -0.194831 -0.076219 0.0980828 0.542899 -0.190035 -0.513371 0.636866 0.025592
e_1_21 1 21 1 0.0125 -0.206837 -0.0847921 0.112629 0.833393 0.0740915 -0.153306 0.525798 0.02
e_21_22 21 22 2 0.0125 -0.20845 -0.0894233 0.131888 0.902132 0.0845653 -0.0305648 0.421986 0.02
e_22_23 22 23 3 0.0125 -0.208146 -0.0929838 0.151566 0.902026 0.0837883 -0.0313734 0.422308 0.02
e_23_24 23 24 4 0.0125 -0.209224 -0.0989609 0.170398 0.784237 0.136337 -0.178261 0.578453 0.02
e_24_4 24 4 5 0.0125 -0.214389 -0.106543 0.187935 0.762881 0.0140612 -0.269505 0.587523 0.02
e_1_25 1 25 1 0.0125 -0.209641 -0.0810334 0.0868757 0.0995247 -0.815675 -0.561611 0.0967559 0.033977
e_25_3 25 3 2 0.0125 -0.229254 -0.0842743 0.0414464 0.10205 -0.740624 -0.626228 0.221133 0.066023
3 25 24
3 -0.0990437 0.200213 0.0190763 0.0125
26 -0.115116 0.167055 0.0198007 0.0125
25 -0.126154 0.139995 0.0191491 0.0125
4 -0.0575069 0.117835 0.064567 0.0125
24 -0.0757691 0.119024 0.0565006 0.0125
23 -0.0916952 0.115576 0.0449039 0.0125
22 -0.107938 0.11124 0.0340711 0.0125
21 -0.123559 0.107775 0.0220716 0.0125
1 -0.140437 0.110174 0.0116133 0.0125
11 0.105274 -0.0145531 0.0531882 0.0125
6 -0.0299821 -0.0277498 0.0808729 0.0125
10 -0.00771328 -0.0282302 0.0782405 0.0125
9 0.0430411 -0.0268466 0.0707168 0.0125
2 0.11895 -0.0221987 0.0656179 0.0125
19 -0.102164 0.101365 0.0214565 0.0125
8 0.0813608 -0.0235948 0.0680698 0.0125
12 0.0912712 -0.0121134 0.0391177 0.0125
13 0.0768511 -0.00822561 0.0258159 0.0125
14 0.0595584 -0.00267183 0.0174411 0.0125
5 0.0407152 0.00190583 0.0125441 0.0125
15 0.00529311 0.0501205 0.0476082 0.0125
16 -0.0386403 0.0786281 0.0296674 0.0125
17 -0.0575196 0.0881437 0.0281231 0.0125
18 -0.0769875 0.0940756 0.0254925 0.0125
20 -0.121371 0.105798 0.0164134 0.0125
e_2_8 2 8 1 0.0125 0.100155 -0.0228968 0.0668438 0.729169 0.0524947 -0.681702 -0.0289879 0.037695
e_8_9 8 9 2 0.0125 0.0622007 -0.02522 0.0693933 0.730889 0.0685683 -0.678943 -0.0116959 0.038548
e_9_10 9 10 3 0.0125 0.0176643 -0.0275386 0.0744792 0.75604 0.0532572 -0.651057 -0.0411341 0.051327
e_10_6 10 6 4 0.0125 -0.0188477 -0.02799 0.0795567 0.745336 0.0355278 -0.663376 -0.0560771 0.022429
e_2_11 2 11 1 0.0125 0.112112 -0.0183754 0.0594026 0.411135 -0.158364 -0.88638 -0.142193 0.02
e_11_12 11 12 2 0.0125 0.0982727 -0.0133333 0.046153 0.383459 -0.0758332 -0.919786 -0.0346894 0.02
e_12_13 12 13 3 0.0125 0.0840605 -0.0101698 0.0324667 0.404064 -0.095197 -0.907459 -0.0647182 0.02
e_13_14 13 14 4 0.0125 0.0682041 -0.005449 0.0216289 0.52815 -0.0914787 -0.837257 -0.10812 0.02
e_14_5 14 5 5 0.0125 0.0501367 -0.000383419 0.014992 0.606119 -0.0578191 -0.786826 -0.100903 0.02
e_2_15 2 15 1 0.0125 0.0621216 0.0139609 0.0566131 0.617805 -0.158997 -0.735511 -0.228169 0.135913
e_15_16 15 16 2 0.0125 -0.0166731 0.0643741 0.0386374 0.542855 -0.16934 -0.795839 -0.208021 0.055359
e_16_17 16 17 3 0.0125 -0.0480797 0.0833864 0.0288948 0.650949 -0.123447 -0.721935 -0.19959 0.021198
e_17_18 17 18 4 0.0125 -0.0672534 0.0911101 0.0268078 0.646713 -0.0698078 -0.747813 -0.132911 0.020521
e_18_19 18 19 5 0.0125 -0.0895752 0.0977209 0.0234741 0.638868 -0.0665511 -0.756083 -0.125529 0.026519
e_19_20 19 20 6 0.0125 -0.111768 0.103581 0.0189354 0.605612 -0.0542716 -0.788019 -0.0965187 0.020347
e_20_1 20 1 7 0.0125 -0.130904 0.107986 0.0140139 0.609457 -0.0532749 -0.785058 -0.0969993 0.020142
e_1_21 1 21 1 0.0125 -0.131998 0.108974 0.0168425 0.67482 -0.253434 0.417521 -0.553232 0.02
e_21_22 21 22 2 0.0125 -0.115749 0.109508 0.0280708 0.61295 -0.384356 0.228675 -0.651361 0.02
e_22_23 22 23 3 0.0125 -0.0998165 0.113408 0.0394876 0.545731 -0.439059 0.190801 -0.68775 0.02
e_23_24 23 24 4 0.0125 -0.0837321 0.1173 0.0507017 0.593825 -0.398114 0.227134 -0.661278 0.02
e_24_4 24 4 5 0.0125 -0.0666382 0.118429 0.0605342 0.490603 -0.420969 0.348006 -0.67896 0.02
e_1_25 1 25 1 0.0125 -0.133296 0.125084 0.0153812 0.417378 -0.528056 -0.331748 -0.660981 0.033913
e_25_26 25 26 2 0.0125 -0.120636 0.153525 0.0194749 0.33763 -0.538524 -0.445924 -0.630198 0.029232
e_26_3 26 3 3 0.0125 -0.10708 0.183633 0.019439 0.295711 -0.553675 -0.450856 -0.634608 0.036855
4 22 21
3 0.0706711 -0.151665 0.011495 0.0125
23 0.0881076 -0.144965 0.0186406 0.0125
22 0.104513 -0.137473 0.0272866 0.0125
21 0.121821 -0.130563 0.0345449 0.0125
20 0.140355 -0.126232 0.0406884 0.0125
4 0.108702 -0.105408 0.125149 0.0125
11 0.306519 0.187207 0.0192264 0.0125
10 0.287943 0.179173 0.0238207 0.0125
6 0.112102 0.169649 0.113612 0.0125
9 0.257703 0.165901 0.0325058 0.0125
2 0.236349 0.158244 0.0309894 0.0125
19 0.118116 -0.11284 0.108227 0.0125
8 0.196674 0.163196 0.0520088 0.0125
5 0.325482 0.196191 0.0114942 0.0125
12 0.199648 0.0269095 0.0318339 0.0125
13 0.195429 0.00689181 0.0348275 0.0125
14 0.183354 -0.0148314 0.0411919 0.0125
15 0.169757 -0.0482524 0.0438843 0.0125
16 0.168168 -0.0811119 0.049139 0.0125
17 0.166422 -0.106115 0.0469541 0.0125
1 0.160047 -0.127628 0.04389 0.0125
18 0.129947 -0.123369 0.0879419 0.0125
e_2_8 2 8 1 0.0125 0.216511 0.16072 0.0414994 -0.323759 -0.450725 0.253351 0.792364 0.045171
e_8_6 8 6 2 0.0125 0.154387 0.166422 0.0828096 0.272179 -0.441656 -0.105414 0.848379 0.104829
e_2_9 2 9 1 0.0125 0.247026 0.162072 0.0317476 0.657468 0.072338 0.679289 0.317914 0.022737
e_9_10 9 10 2 0.0125 0.272823 0.172537 0.0281626 0.531556 0.07978 0.787909 0.300471 0.034148
e_10_11 10 11 3 0.0125 0.297231 0.18319 0.0215227 0.544963 0.078369 0.777528 0.303849 0.020753
e_11_5 11 5 4 0.0125 0.316 0.191699 0.0153609 0.490215 0.0808854 0.816287 0.294658 0.022363
e_2_12 2 12 1 0.0125 0.217999 0.0925764 0.0314121 0.350739 0.500609 0.496279 -0.616506 0.136369
e_12_13 12 13 2 0.0125 0.197539 0.0169007 0.0333307 0.461994 0.49752 0.424359 -0.599129 0.020674
e_13_14 13 14 3 0.0125 0.189392 -0.00396953 0.0380091 0.375772 0.51698 0.329695 -0.694859 0.025656
e_14_15 14 15 4 0.0125 0.176556 -0.0315423 0.0425379 0.32566 0.509637 0.450624 -0.656623 0.036182
e_15_16 15 16 5 0.0125 0.168963 -0.0646825 0.0465112 0.537344 0.479993 0.436734 -0.538638 0.033315
e_16_17 16 17 6 0.0125 0.167294 -0.0936137 0.0480468 0.403839 0.480674 0.558902 -0.541752 0.02516
e_17_1 17 1 7 0.0125 0.163234 -0.116872 0.0454221 0.269031 0.490884 0.571569 -0.59997 0.022645
e_1_18 1 18 1 0.0125 0.144997 -0.125498 0.0659158 0.78225 -0.202992 -0.217423 0.547363 0.053522
e_18_19 18 19 2 0.0125 0.124032 -0.118104 0.0980844 0.544288 -0.323308 0.0369717 0.773211 0.025737
e_19_4 19 4 3 0.0125 0.113409 -0.109124 0.116687 0.598553 -0.303428 -0.00331718 0.741387 0.020741
e_1_20 1 20 1 0.0125 0.150201 -0.12693 0.0422892 -0.646615 0.00343154 0.761602 0.0428901 0.02
e_20_21 20 21 2 0.0125 0.131087 -0.128398 0.0376171 -0.519458 0.207814 0.781273 -0.276748 0.02
e_21_22 21 22 3 0.0125 0.113167 -0.134018 0.0309156 -0.422795 0.278532 0.777113 -0.373845 0.02
e_22_23 22 23 4 0.0125 0.0963102 -0.141219 0.0229634 -0.379525 0.289868 0.795059 -0.373923 0.02
e_23_3 23 3 5 0.0125 0.0793893 -0.148315 0.0150678 -0.431709 0.273342 0.777122 -0.367413 0.02
5 23 22
3 -0.0361812 0.0164974 0.0754992 0.0125
24 -0.010452 0.0248435 0.0795818 0.0125
23 0.0256641 0.0362521 0.0803877 0.0125
4 0.111204 0.000696984 0.0115693 0.0125
22 0.105455 0.0118939 0.0271122 0.0125
21 0.0972427 0.0199082 0.0434928 0.0125
20 0.0844484 0.0287991 0.056033 0.0125
5 0.246946 0.234026 0.0114891 0.0125
10 0.263476 0.21996 0.0224861 0.0125
6 0.340357 0.09643 0.185304 0.0125
9 0.338534 0.107576 0.167936 0.0125
2 0.308092 0.173986 0.062754 0.0125
19 0.0713717 0.0377061 0.0682675 0.0125
8 0.32638 0.148689 0.0965047 0.0125
11 0.255451 0.11368 0.064306 0.0125
12 0.200183 0.0756678 0.0529882 0.0125
13 0.178933 0.0632394 0.052254 0.0125
14 0.159456 0.0575101 0.0558057 0.0125
15 0.137007 0.0478522 0.0645103 0.0125
16 0.117381 0.0435306 0.0693865 0.0125
17 0.0978227 0.0433774 0.0737074 0.0125
18 0.0781644 0.042564 0.0773419 0.0125
1 0.0589195 0.0463271 0.0813287 0.0125
e_2_8 2 8 1 0.0125 0.317236 0.161337 0.0796294 -0.863397 -0.353962 -0.0874015 -0.348738 0.045973
e_8_9 8 9 2 0.0125 0.332457 0.128133 0.13222 -0.903302 -0.26637 0.0182668 -0.335795 0.08331
e_9_6 9 6 3 0.0125 0.339446 0.102003 0.17662 -0.902807 -0.279675 0.0512064 -0.322643 0.020718
e_2_10 2 10 1 0.0125 0.285784 0.196972 0.0426197 -0.474463 0.734413 0.476154 -0.0938103 0.075668
e_10_5 10 5 2 0.0125 0.255211 0.226993 0.016988 -0.518961 0.632484 0.570906 -0.0686252 0.024332
e_2_11 2 11 1 0.0125 0.281772 0.143833 0.0635297 -0.711061 -0.484186 0.505839 -0.0639026 0.080064
e_11_12 11 12 2 0.0125 0.227817 0.0946739 0.0586467 -0.645607 -0.434136 0.628263 0.00141811 0.068026
e_12_13 12 13 3 0.0125 0.189558 0.0694536 0.0526211 -0.69599 -0.338365 0.632772 -0.0265713 0.024629
e_13_14 13 14 4 0.0125 0.169194 0.0603747 0.0540301 -0.761985 -0.12073 0.631876 -0.0743973 0.020609
e_14_15 14 15 5 0.0125 0.148232 0.0526811 0.060158 -0.808694 -0.149375 0.556712 -0.117355 0.025943
e_15_16 15 16 6 0.0125 0.127193 0.0456917 0.0669487 -0.780473 -0.0601063 0.615216 -0.0935846 0.020679
e_16_17 16 17 7 0.0125 0.107602 0.043454 0.0715469 -0.773053 0.0764786 0.621514 -0.101293 0.02003
e_17_18 17 18 8 0.0125 0.0879932 0.0429704 0.0755246 -0.763489 0.0476082 0.637906 -0.0888441 0.020007
e_18_1 18 1 9 0.0125 0.0685419 0.0444449 0.079335 -0.764866 0.216887 0.594409 -0.120903 0.020011
e_1_19 1 19 1 0.0125 0.0651457 0.0420165 0.0747974 -0.361106 -0.821102 -0.390306 -0.207498 0.02
e_19_20 19 20 2 0.0125 0.0779102 0.0332526 0.0621496 -0.382541 -0.806917 -0.393369 -0.218652 0.02
e_20_21 20 21 3 0.0125 0.090846 0.024354 0.0497622 -0.37534 -0.813669 -0.389157 -0.213586 0.02
e_21_22 21 22 4 0.0125 0.10135 0.0159009 0.0353026 -0.268978 -0.901158 -0.312134 -0.134676 0.02
e_22_4 22 4 5 0.0125 0.108329 0.00629546 0.0193407 -0.318755 -0.928594 -0.162133 -0.0991043 0.02
e_1_23 1 23 1 0.0125 0.0422914 0.0412893 0.0808582 -0.697168 -0.187543 0.69164 -0.0204767 0.034761
e_23_24 23 24 2 0.0125 0.00760657 0.0305479 0.0799852 -0.699199 -0.193652 0.687846 -0.022068 0.037883
e_24_3 24 3 3 0.0125 -0.0233163 0.0206708 0.0775412 -0.652095 -0.247522 0.716486 0.0123699 0.027356
6 26 25
3 0.129316 0.227119 0.0157484 0.0125
27 0.153418 0.236531 0.0301843 0.0125
26 0.17308 0.244254 0.0426474 0.0125
4 0.129796 0.204289 0.0749944 0.0125
25 0.18384 0.255107 0.0681422 0.0125
1 0.202177 0.272379 0.0641884 0.0125
24 0.183206 0.270118 0.0582653 0.0125
23 0.163603 0.271752 0.054373 0.0125
22 0.143756 0.267797 0.0484659 0.0125
21 0.12515 0.262402 0.0431004 0.0125
6 0.0512841 0.254631 0.0119997 0.0125
11 0.0333002 0.242021 0.0118985 0.0125
10 0.012932 0.226908 0.0155037 0.0125
9 -0.00567149 0.217667 0.0212547 0.0125
2 -0.0764036 0.181432 0.0345311 0.0125
19 0.0868541 0.248269 0.03827 0.0125
8 -0.037407 0.205203 0.0268095 0.0125
12 -0.0914393 0.168293 0.0356649 0.0125
13 -0.102897 0.151948 0.0369282 0.0125
14 -0.114217 0.136827 0.0435005 0.0125
15 -0.125481 0.121747 0.0502608 0.0125
5 -0.14006 0.108934 0.0550896 0.0125
16 0.0129622 0.220211 0.0308775 0.0125
17 0.0383827 0.226347 0.0368525 0.0125
18 0.067649 0.240544 0.0362074 0.0125
20 0.105394 0.255543 0.0404584 0.0125
e_2_8 2 8 1 0.0125 -0.0569053 0.193318 0.0306703 0.435104 -0.7497 0.145956 -0.476793 0.046318
e_8_9 8 9 2 0.0125 -0.0215394 0.211435 0.0240325 0.388413 -0.734481 0.20233 -0.518397 0.034545
e_9_10 9 10 3 0.0125 0.00363036 0.222287 0.0183799 0.381617 -0.77653 0.174368 -0.470069 0.021554
e_10_11 10 11 4 0.0125 0.0231159 0.234464 0.0137018 0.466486 -0.746337 0.115503 -0.460468 0.025617
e_11_6 11 6 5 0.0125 0.0422925 0.248326 0.0119491 0.500739 -0.694945 0.121458 -0.501557 0.021966
e_2_12 2 12 1 0.0125 -0.0839213 0.174862 0.0350987 0.388895 -0.195114 -0.658465 0.614097 0.02
e_12_13 12 13 2 0.0125 -0.097168 0.160121 0.0362965 -0.458642 -0.0471204 0.68279 -0.566768 0.02
e_13_14 13 14 3 0.0125 -0.108558 0.144388 0.0402141 0.428664 0.539261 0.211887 -0.693216 0.02
e_14_15 14 15 4 0.0125 -0.119849 0.129287 0.0468799 0.437543 0.537456 0.205262 -0.69106 0.02
e_15_5 15 5 5 0.0125 -0.13277 0.115341 0.0526752 0.769671 0.49601 -0.365017 -0.168355 0.02
e_2_16 2 16 1 0.0125 -0.0317204 0.200821 0.0327046 0.433835 -0.694869 0.189458 -0.541341 0.097486
e_16_17 16 17 2 0.0125 0.0256726 0.223279 0.0338657 0.456623 -0.577343 0.235165 -0.634719 0.026824
e_17_18 17 18 3 0.0125 0.0530162 0.233446 0.0365299 0.450761 -0.692252 0.175217 -0.535631 0.032535
e_18_19 18 19 4 0.0125 0.0772514 0.244407 0.0372391 0.464114 -0.642333 0.1945 -0.57808 0.020803
e_19_20 19 20 5 0.0125 0.0961241 0.251907 0.0393639 0.46445 -0.637662 0.196912 -0.582151 0.020035
e_20_21 20 21 6 0.0125 0.115273 0.258973 0.0417794 0.457493 -0.627375 0.209138 -0.594442 0.02108
e_21_22 21 22 7 0.0125 0.134453 0.2651 0.0457835 0.482197 -0.564749 0.21817 -0.633204 0.020102
e_22_23 22 23 8 0.0125 0.15368 0.269774 0.0514197 0.461597 -0.548195 0.243702 -0.653467 0.021081
e_23_24 23 24 9 0.0125 0.173404 0.270935 0.0563189 0.350343 -0.539931 0.333777 -0.688714 0.020052
e_24_1 24 1 10 0.0125 0.192692 0.271249 0.0612272 0.443686 -0.530233 0.26609 -0.671708 0.020003
e_1_25 1 25 1 0.0125 0.193008 0.263744 0.066165 0.758389 0.475124 -0.443534 -0.048802 0.0255
e_25_4 25 4 2 0.0125 0.156818 0.229698 0.0715686 0.621797 0.123232 -0.662439 0.399195 0.0745
e_1_26 1 26 1 0.0125 0.187628 0.258317 0.0534183 -0.361837 -0.857228 0.00934277 0.36626 0.045845
e_26_27 26 27 2 0.0125 0.163249 0.240392 0.0364161 -0.0174504 -0.818939 -0.288834 0.49559 0.024527
e_27_3 27 3 3 0.0125 0.141367 0.231825 0.0229664 -0.00592238 -0.806871 -0.304246 0.506319 0.029629
7 19 18
3 0.138172 -0.269356 0.142883 0.0125
20 0.174518 -0.275136 0.115677 0.0125
4 0.180108 -0.204148 0.0450268 0.0125
11 0.255673 -0.0359616 0.0148254 0.0125
6 0.347 0.0272876 0.0997955 0.0125
10 0.321315 0.0239334 0.0878939 0.0125
9 0.298202 0.0228345 0.0745836 0.0125
2 0.225824 0.00222023 0.0170495 0.0125
19 0.185402 -0.222533 0.0535445 0.0125
8 0.271985 0.0159259 0.051757 0.0125
12 0.275339 -0.0485557 0.0144973 0.0125
5 0.299927 -0.0619932 0.0120255 0.0125
13 0.227824 -0.0243026 0.0295656 0.0125
14 0.222316 -0.192261 0.0595687 0.0125
15 0.220197 -0.224763 0.0655003 0.0125
16 0.21734 -0.250063 0.0684252 0.0125
17 0.215876 -0.269808 0.0742293 0.0125
1 0.215449 -0.288503 0.0827041 0.0125
18 0.191854 -0.25065 0.0638914 0.0125
e_2_8 2 8 1 0.0125 0.248905 0.00907265 0.0344035 0.729685 0.143872 0.432367 0.509823 0.059357
e_8_9 8 9 2 0.0125 0.285094 0.0193805 0.0631708 0.749895 0.140363 0.397827 0.509597 0.035442
e_9_10 9 10 3 0.0125 0.309759 0.0233847 0.081239 0.742664 0.236546 0.441289 0.444703 0.026694
e_10_6 10 6 4 0.0125 0.334158 0.0256108 0.0938452 0.709908 0.228716 0.488805 0.452538 0.028506
e_2_11 2 11 1 0.0125 0.240749 -0.0168707 0.0159375 0.686863 0.613472 0.382849 0.0727898 0.048515
e_11_12 11 12 2 0.0125 0.265507 -0.0422579 0.0146616 0.678042 0.526508 0.479394 0.18229 0.023356
e_12_5 12 5 3 0.0125 0.287633 -0.055274 0.0132611 0.648437 0.520414 0.522593 0.188668 0.028129
e_2_13 2 13 1 0.0125 0.226824 -0.0110409 0.0233078 0.842075 0.535826 0.001168 0.0616397 0.029396
e_13_14 13 14 2 0.0125 0.22507 -0.108281 0.0445673 0.764378 0.641299 0.029272 -0.0600462 0.170706
e_14_15 14 15 3 0.0125 0.221256 -0.208512 0.0625342 0.765002 0.640495 0.0134243 -0.066017 0.033106
e_15_16 15 16 4 0.0125 0.218768 -0.237412 0.0669625 0.739501 0.665352 0.0155167 -0.101012 0.025628
e_16_17 16 17 5 0.0125 0.216608 -0.259934 0.0713274 0.799963 0.598954 -0.0240233 -0.0271344 0.020632
e_17_1 17 1 6 0.0125 0.215663 -0.279156 0.0784671 0.839558 0.54056 -0.037531 0.0390987 0.020531
e_1_18 1 18 1 0.0125 0.203652 -0.269576 0.0732979 -0.0942942 -0.313728 0.771936 0.544792 0.04841
e_18_19 18 19 2 0.0125 0.188628 -0.236591 0.0587177 0.04431 -0.243725 0.780642 0.573788 0.030647
e_19_4 19 4 3 0.0125 0.182755 -0.21334 0.049285 -0.00248348 -0.228402 0.806971 0.544632 0.020942
e_1_20 1 20 1 0.0125 0.194984 -0.28182 0.0991904 0.647645 -0.390331 -0.208932 0.620117 0.054233
e_20_3 20 3 2 0.0125 0.156345 -0.272247 0.12928 0.694588 -0.334465 -0.301523 0.561038 0.045767
8 29 28
3 -0.132896 0.189844 0.0125747 0.0125
30 -0.165792 0.18396 0.0152265 0.0125
29 -0.201348 0.182509 0.012342 0.0125
4 -0.32312 0.147874 0.0145168 0.0125
28 -0.30331 0.149899 0.0163852 0.0125
27 -0.284627 0.156336 0.0194634 0.0125
26 -0.267537 0.166551 0.0175677 0.0125
25 -0.250076 0.176247 0.0165187 0.0125
1 -0.231946 0.184541 0.0149281 0.0125
24 -0.213521 0.189556 0.0210938 0.0125
23 -0.195269 0.19593 0.0262259 0.0125
22 -0.177049 0.202501 0.0313144 0.0125
21 -0.156906 0.203123 0.0345681 0.0125
12 0.167389 0.189221 0.0239565 0.0125
11 0.151961 0.192837 0.037317 0.0125
10 0.135344 0.190855 0.0502765 0.0125
9 0.119067 0.186358 0.0613825 0.0125
2 0.0554027 0.171655 0.0767659 0.0125
19 -0.117474 0.198863 0.0464095 0.0125
8 0.0864234 0.182376 0.0727728 0.0125
6 0.181906 0.182946 0.0116657 0.0125
13 0.0389273 0.18236 0.0716719 0.0125
14 0.0152293 0.197681 0.0635044 0.0125
15 -0.00478783 0.211683 0.057581 0.0125
5 -0.02508 0.226554 0.0588283 0.0125
16 -0.00745931 0.184783 0.0691217 0.0125
17 -0.0401846 0.188946 0.063017 0.0125
18 -0.0980629 0.194756 0.0520454 0.0125
20 -0.137721 0.20215 0.0401425 0.0125
e_2_8 2 8 1 0.0125 0.0709125 0.177016 0.0747692 0.474017 0.319885 0.676798 0.463602 0.033063
e_8_9 8 9 2 0.0125 0.102745 0.184367 0.0670775 0.457159 0.419856 0.698119 0.356871 0.034803
e_9_10 9 10 3 0.0125 0.127206 0.188606 0.0558297 0.344934 0.412422 0.777589 0.326013 0.020211
e_10_11 10 11 4 0.0125 0.143653 0.191846 0.0437972 0.347874 0.462409 0.769628 0.269879 0.021166
e_11_12 11 12 5 0.0125 0.159675 0.191029 0.0306367 0.384428 0.550969 0.72023 0.172966 0.020727
e_12_6 12 6 6 0.0125 0.174648 0.186083 0.0178106 0.418937 0.589088 0.678082 0.132933 0.02003
e_2_13 2 13 1 0.0125 0.0471651 0.177007 0.0742184 -0.351807 -0.294948 0.733823 0.50074 0.020297
e_13_14 13 14 2 0.0125 0.0270778 0.190021 0.0675875 -0.363334 -0.272169 0.751624 0.478513 0.029378
e_14_15 14 15 3 0.0125 0.0052202 0.204683 0.0605425 -0.329562 -0.304776 0.724528 0.52303 0.025136
e_15_5 15 5 4 0.0125 -0.0149339 0.219119 0.0582046 -0.138278 -0.468009 0.506163 0.711088 0.025189
e_2_16 2 16 1 0.0125 0.0239712 0.178219 0.0729432 -0.456672 -0.426215 0.614365 0.482023 0.064672
e_16_17 16 17 2 0.0125 -0.0238225 0.186865 0.0660687 -0.562167 -0.278343 0.716591 0.304943 0.033549
e_17_18 17 18 3 0.0125 -0.0691238 0.191851 0.0575312 -0.581344 -0.246075 0.729465 0.263377 0.059195
e_18_19 18 19 4 0.0125 -0.107769 0.196809 0.0492275 -0.543804 -0.187812 0.775473 0.260086 0.020626
e_19_20 19 20 5 0.0125 -0.127598 0.200507 0.0432758 -0.566381 -0.120103 0.794771 0.182008 0.021447
e_20_21 20 21 6 0.0125 -0.147314 0.202637 0.0373551 -0.599742 -0.000735841 0.799593 0.0309865 0.020003
e_21_22 21 22 7 0.0125 -0.166978 0.202812 0.0329408 -0.647452 -0.0625227 0.758808 0.0332753 0.020413
e_22_23 22 23 8 0.0125 -0.186158 0.199216 0.0287702 -0.0337823 0.72889 0.309449 -0.609771 0.020026
e_23_24 23 24 9 0.0125 -0.204395 0.192744 0.0236601 -0.0553255 0.721529 0.32815 -0.607168 0.020002
e_24_1 24 1 10 0.0125 -0.222733 0.187048 0.0180107 -0.235334 0.630109 0.506566 -0.539418 0.020067
e_1_25 1 25 1 0.0125 -0.241012 0.180394 0.0157233 0.675367 0.502287 -0.456005 -0.289219 0.02
e_25_26 25 26 2 0.0125 -0.258807 0.1714 0.0170435 0.635269 0.583169 -0.365614 -0.350248 0.02
e_26_27 26 27 3 0.0125 -0.276081 0.161443 0.0185162 0.67952 0.545431 -0.393849 -0.292646 0.02
e_27_28 27 28 4 0.0125 -0.293968 0.153118 0.0179246 0.124822 0.752286 0.104995 -0.638327 0.02
e_28_4 28 4 5 0.0125 -0.313216 0.148887 0.0154508 -0.662868 0.0547049 0.737378 -0.117849 0.02
e_1_29 1 29 1 0.0125 -0.216647 0.183525 0.0136346 0.57076 0.435855 0.59333 0.363624 0.030774
e_29_30 29 30 2 0.0125 -0.18357 0.183235 0.0137841 0.5956 0.374622 0.565036 0.430875 0.035703
e_30_3 30 3 3 0.0125 -0.149343 0.186903 0.0139004 0.522344 0.361999 0.63915 0.433129 0.033523
