8
1 22 21
3 0.00565514 0.139761 0.0119207 0.0125
23 0.0313279 0.139239 0.0158579 0.0125
22 0.0516874 0.13848 0.0193455 0.0125
21 0.0800368 0.136034 0.0147793 0.0125
4 0.105532 0.147193 0.109857 0.0125
20 0.105202 0.14983 0.083246 0.0125
10 0.0505078 -0.114523 0.0114725 0.0125
5 -0.0326666 -0.120965 0.0584074 0.0125
6 0.107131 -0.28532 0.0318857 0.0125
9 -0.0142764 -0.125135 0.0517006 0.0125
2 0.0540482 -0.146894 0.0162605 0.0125
19 0.103131 0.149198 0.063031 0.0125
8 0.0910129 -0.230037 0.0192193 0.0125
11 0.0457594 -0.0374268 0.0209137 0.0125
12 0.0459883 0.0113178 0.0270373 0.0125
13 0.0476465 0.0310951 0.0242714 0.0125
14 0.0535279 0.0502541 0.0253732 0.0125
15 0.0612572 0.0686699 0.0267871 0.0125
16 0.0703258 0.086456 0.0255277 0.0125
17 0.0807469 0.103098 0.0217185 0.0125
18 0.0915725 0.119623 0.0185876 0.0125
1 0.104348 0.133726 0.0124312 0.0125
e_2_8 2 8 1 0.0125 0.072531 -0.188466 0.0177399 0.70065 0.557145 0.416339 -0.159189 0.091039
e_8_6 8 6 2 0.0125 0.0990719 -0.257679 0.0255529 0.770138 0.567493 0.265595 -0.119578 0.058961
e_2_9 2 9 1 0.0125 0.0198859 -0.136015 0.0339808 0.840793 -0.230042 -0.474909 0.120871 0.079986
e_9_5 9 5 2 0.0125 -0.0234715 -0.12305 0.0550536 0.805383 -0.220285 -0.532866 0.13743 0.020014
e_2_10 2 10 1 0.0125 0.052278 -0.130708 0.0138663 0.652928 -0.75535 -0.0466868 0.0308545 0.032914
e_10_11 10 11 2 0.0125 0.0481332 -0.0759745 0.0161936 0.748558 -0.66236 -0.0247843 0.0180499 0.077817
e_11_12 11 12 3 0.0125 0.0458739 -0.0130547 0.0239762 0.749836 -0.661492 0.0103542 0.00821755 0.049128
e_12_13 12 13 4 0.0125 0.0468179 0.0212067 0.0256547 0.65648 -0.751695 0.0631534 8.7808e-05 0.020039
e_13_14 13 14 5 0.0125 0.0505866 0.0406744 0.0248219 0.725407 -0.666162 0.169632 -0.0351805 0.020071
e_14_15 14 15 6 0.0125 0.0573926 0.0594624 0.0260799 0.729924 -0.645195 0.220019 -0.0502536 0.020023
e_15_16 15 16 7 0.0125 0.065791 0.0775634 0.0261572 0.681689 -0.676718 0.271176 -0.0617783 0.020004
e_16_17 16 17 8 0.0125 0.0755358 0.094777 0.0236224 0.631721 -0.697871 0.328929 -0.0755646 0.020001
e_17_18 17 18 9 0.0125 0.0861602 0.111361 0.0201527 0.644625 -0.681932 0.336494 -0.0787286 0.020003
e_18_1 18 1 10 0.0125 0.0979601 0.126675 0.0155095 0.579238 -0.684968 0.4298 -0.102826 0.02
e_1_19 1 19 1 0.0125 0.103739 0.141463 0.0377313 0.988838 -0.147611 -0.0138358 -0.0147756 0.052926
e_19_20 19 20 2 0.0125 0.104166 0.149514 0.0731381 0.997822 -0.0175197 0.0503761 -0.0388088 0.02033
e_20_4 20 4 3 0.0125 0.105367 0.148512 0.0965511 0.998311 0.0491485 0.0076478 -0.0300125 0.026743
e_1_21 1 21 1 0.0125 0.0921927 0.13488 0.0136056 0.720769 -0.214147 -0.637408 0.168358 0.024533
e_21_22 21 22 2 0.0125 0.0658621 0.137257 0.0170624 0.743663 -0.191885 -0.619646 0.161815 0.028819
e_22_23 22 23 3 0.0125 0.0415081 0.138859 0.0176019 0.614229 -0.259197 -0.719149 0.195867 0.02067
e_23_3 23 3 4 0.0125 0.0184915 0.1395 0.0138893 0.621469 -0.241763 -0.719261 0.194909 0.025978
2 24 23
3 0.104647 0.000652396 0.124778 0.0125
25 0.0924854 0.0113114 0.113011 0.0125
24 0.0803773 0.0222901 0.101483 0.0125
23 0.0691293 0.0299793 0.0868426 0.0125
22 0.0623564 0.0393186 0.0705058 0.0125
4 -0.0328276 0.0293147 0.0114796 0.0125
21 0.0157275 0.0375196 0.0335982 0.0125
1 0.0553423 0.0485892 0.0542312 0.0125
11 0.251338 0.205529 0.0236634 0.0125
10 0.251928 0.228987 0.0247765 0.0125
6 0.375697 0.284913 0.108073 0.0125
9 0.350286 0.284897 0.0948552 0.0125
2 0.252113 0.262101 0.0273771 0.0125
19 0.0849439 0.0734583 0.0426615 0.0125
8 0.318846 0.276044 0.0743935 0.0125
12 0.257547 0.18636 0.0229793 0.0125
5 0.269672 0.166908 0.0260846 0.0125
13 0.184972 0.171173 0.0120847 0.0125
14 0.161667 0.151729 0.0114949 0.0125
15 0.139168 0.13164 0.0150084 0.0125
16 0.123662 0.115395 0.0192901 0.0125
17 0.111361 0.10083 0.0280259 0.0125
18 0.0995123 0.0860297 0.036925 0.0125
20 0.070288 0.0607809 0.0486712 0.0125
e_2_8 2 8 1 0.0125 0.285479 0.269072 0.0508858 0.884254 -0.0722028 0.459261 0.0442838 0.082815
e_8_9 8 9 2 0.0125 0.334566 0.28047 0.0846249 0.873074 -0.100939 0.473676 0.0564245 0.038541
e_9_6 9 6 3 0.0125 0.362992 0.284905 0.101464 0.854807 -0.00361969 0.518904 -0.00542603 0.028643
e_2_10 2 10 1 0.0125 0.25202 0.245544 0.0260774 0.581491 0.631047 0.375392 -0.350326 0.033216
e_10_11 10 11 2 0.0125 0.251633 0.217258 0.0242206 0.596951 0.634883 0.347316 -0.346331 0.023492
e_11_12 11 12 3 0.0125 0.254443 0.195944 0.0233214 0.624375 0.517162 0.499495 -0.305294 0.020161
e_12_5 12 5 4 0.0125 0.263609 0.176634 0.0245325 0.712473 0.415521 0.510117 -0.243937 0.023132
e_2_13 2 13 1 0.0125 0.218542 0.216636 0.019731 0.561049 0.750216 -0.0648965 -0.343786 0.11406
e_13_14 13 14 2 0.0125 0.173319 0.16145 0.0117903 0.673916 0.589006 -0.403466 -0.190066 0.030356
e_14_15 14 15 3 0.0125 0.150417 0.141684 0.0132515 0.729511 0.538949 -0.389475 -0.160179 0.030367
e_15_16 15 16 4 0.0125 0.131415 0.123518 0.0171492 0.750518 0.548719 -0.324415 -0.174312 0.022861
e_16_17 16 17 5 0.0125 0.117512 0.108113 0.0236579 0.832151 0.460066 -0.28296 -0.125689 0.020971
e_17_18 17 18 6 0.0125 0.105436 0.0934302 0.0324758 0.833784 0.465665 -0.265883 -0.131399 0.020944
e_18_19 18 19 7 0.0125 0.0922281 0.079744 0.0397932 0.795337 0.444525 -0.399452 -0.101364 0.020079
e_19_20 19 20 8 0.0125 0.0776162 0.0671196 0.0456659 0.798923 0.440368 -0.39746 -0.0991139 0.020289
e_20_1 20 1 9 0.0125 0.0628152 0.0546844 0.0514506 0.793921 0.430336 -0.419908 -0.0904268 0.020073
e_1_21 1 21 1 0.0125 0.0355346 0.0430544 0.0439151 0.308549 -0.528687 -0.666836 0.424991 0.046017
e_21_4 21 4 2 0.0125 -0.00854994 0.0334173 0.0225396 0.294956 -0.619243 -0.566929 0.456213 0.053983
e_1_22 1 22 1 0.0125 0.0588498 0.0439534 0.0623682 0.949711 0.229141 0.201555 -0.0701345 0.02
e_22_23 22 23 2 0.0125 0.0657433 0.0346496 0.078674 0.950533 0.231224 0.195201 -0.0701348 0.02
e_23_24 23 24 3 0.0125 0.0747538 0.0261344 0.0941633 0.928195 0.184342 0.31623 -0.0668561 0.02
e_24_25 24 25 4 0.0125 0.0864315 0.0168003 0.107247 0.879311 0.259155 0.380333 -0.122464 0.02
e_25_3 25 3 5 0.0125 0.0985664 0.00598144 0.118895 0.883387 0.251443 0.377631 -0.117467 0.02
3 22 21
3 -0.223198 -0.0801074 0.0114952 0.0125
23 -0.239182 -0.0823116 0.0235868 0.0125
22 -0.25522 -0.0839871 0.0355169 0.0125
21 -0.270428 -0.0842405 0.0488906 0.0125
4 -0.248073 -0.171318 0.0430166 0.0125
20 -0.257345 -0.149415 0.0489533 0.0125
6 0.120436 -0.0920736 0.0873218 0.0125
11 0.104801 -0.0823912 0.0747219 0.0125
10 0.0811971 -0.0725663 0.0643862 0.0125
9 0.0618254 -0.0676506 0.0590854 0.0125
2 -0.0134407 -0.0508938 0.0399476 0.0125
19 -0.270277 -0.129476 0.0597012 0.0125
8 0.00894793 -0.0562864 0.0458237 0.0125
12 -0.0218435 -0.0223109 0.0368745 0.0125
13 -0.0310666 0.0179836 0.0394504 0.0125
5 -0.0287504 0.0465154 0.0388082 0.0125
14 -0.163203 -0.0869662 0.0351208 0.0125
15 -0.195685 -0.0954482 0.0408999 0.0125
16 -0.251026 -0.0905198 0.0548565 0.0125
17 -0.282079 -0.0906766 0.060747 0.0125
1 -0.303484 -0.0939185 0.0682763 0.0125
18 -0.288754 -0.109434 0.0645101 0.0125
e_2_8 2 8 1 0.0125 -0.00224645 -0.05359 0.0428861 0.784501 0.0744163 0.608969 -0.0904292 0.023767
e_8_9 8 9 2 0.0125 0.0353873 -0.0619681 0.0524541 0.781482 0.0586937 0.614397 -0.0914194 0.055687
e_9_10 9 10 3 0.0125 0.0715112 -0.0701085 0.0617358 0.787454 0.0818907 0.604243 -0.0900055 0.020677
e_10_11 10 11 4 0.0125 0.0929996 -0.0774784 0.0695536 0.824693 0.160599 0.535547 -0.0853205 0.027577
e_11_6 11 6 5 0.0125 0.112618 -0.0872324 0.0810219 0.880804 0.20749 0.417541 -0.0824063 0.022293
e_2_12 2 12 1 0.0125 -0.0176428 -0.0366027 0.0384115 0.663544 -0.676977 -0.304963 -0.0916976 0.029951
e_12_13 12 13 2 0.0125 -0.026455 -0.00216309 0.0381629 0.722246 -0.641151 -0.240479 -0.0972407 0.041417
e_13_5 13 5 3 0.0125 -0.029908 0.03225 0.0391298 0.690908 -0.713108 -0.051835 -0.106935 0.028633
e_2_14 2 14 1 0.0125 -0.088322 -0.06893 0.0375337 0.695616 0.189531 -0.692631 -0.0213939 0.154121
e_14_15 14 15 2 0.0125 -0.179444 -0.0912067 0.0380098 0.764122 0.187767 -0.616371 -0.0307821 0.034064
e_15_16 15 16 3 0.0125 -0.223355 -0.0929845 0.0478787 0.787181 -0.0183005 -0.614691 -0.0465353 0.057286
e_16_17 16 17 4 0.0125 -0.266552 -0.0905987 0.0578023 0.769126 0.0366484 -0.636766 -0.0403797 0.031608
e_17_1 17 1 5 0.0125 -0.292781 -0.092298 0.0645122 0.813923 0.116172 -0.56769 -0.0419776 0.022921
e_1_18 1 18 1 0.0125 -0.296119 -0.101676 0.0663932 0.641202 0.515746 0.566293 -0.0466663 0.021723
e_18_19 18 19 2 0.0125 -0.279515 -0.119455 0.0621052 0.641125 0.524863 0.558022 -0.0457161 0.027681
e_19_20 19 20 3 0.0125 -0.26381 -0.139446 0.0543268 0.541687 0.684668 0.487095 -0.0233289 0.026083
e_20_4 20 4 4 0.0125 -0.252709 -0.160367 0.0459845 0.615174 0.714522 0.332495 -0.021595 0.024514
e_1_21 1 21 1 0.0125 -0.286955 -0.0890796 0.058583 0.494246 -0.405633 0.762033 -0.102413 0.039525
e_21_22 21 22 2 0.0125 -0.262824 -0.0841138 0.0422038 0.403014 -0.205281 0.887703 -0.086158 0.020253
e_22_23 22 23 3 0.0125 -0.247201 -0.0831494 0.0295519 0.440528 -0.273269 0.850122 -0.0924699 0.020059
e_23_3 23 3 4 0.0125 -0.23119 -0.0812095 0.017541 0.437416 -0.305421 0.840573 -0.0939244 0.020164
4 24 23
3 0.0182855 -0.0796079 0.0354054 0.0125
25 0.03723 -0.0851849 0.0399982 0.0125
4 0.0767043 -0.188101 0.0565794 0.0125
24 0.0817577 -0.165348 0.0570234 0.0125
23 0.0916796 -0.144145 0.0532091 0.0125
22 0.102961 -0.12818 0.0444332 0.0125
1 0.115 -0.101318 0.0331023 0.0125
21 0.130958 -0.113592 0.0430538 0.0125
11 0.322474 -0.264862 0.189814 0.0125
10 0.331098 -0.253313 0.175949 0.0125
6 0.44749 -0.222863 0.259696 0.0125
9 0.402066 -0.235646 0.215886 0.0125
2 0.3364 -0.240706 0.161356 0.0125
19 0.159219 -0.138097 0.0588038 0.0125
8 0.37461 -0.236605 0.1954 0.0125
12 0.314994 -0.278179 0.202726 0.0125
13 0.306305 -0.290613 0.21576 0.0125
5 0.296013 -0.30618 0.222953 0.0125
14 0.265338 -0.215663 0.103653 0.0125
15 0.223381 -0.198098 0.0843499 0.0125
16 0.208216 -0.185324 0.0771851 0.0125
17 0.191617 -0.166483 0.0708826 0.0125
18 0.178174 -0.150112 0.0635984 0.0125
20 0.146541 -0.123908 0.0517634 0.0125
e_2_8 2 8 1 0.0125 0.355506 -0.238655 0.178378 0.851728 0.10486 0.396799 0.325752 0.05134
e_8_9 8 9 2 0.0125 0.388338 -0.236125 0.205644 0.832288 0.148821 0.423048 0.325852 0.03427
e_9_6 9 6 3 0.0125 0.424778 -0.229254 0.237791 0.851952 0.0413205 0.39762 0.338185 0.06439
e_2_10 2 10 1 0.0125 0.333749 -0.24701 0.168654 0.929036 0.332177 -0.157544 0.0416092 0.02
e_10_11 10 11 2 0.0125 0.326786 -0.259087 0.182882 0.920081 0.311977 -0.236791 0.00713677 0.02
e_11_12 11 12 3 0.0125 0.318734 -0.27152 0.19627 0.907052 0.365348 -0.209103 0.00734524 0.02
e_12_13 12 13 4 0.0125 0.310649 -0.284396 0.209243 0.908765 0.342461 -0.238462 -0.00155497 0.02
e_13_5 13 5 5 0.0125 0.301158 -0.298397 0.219357 0.822057 0.494684 -0.274711 -0.0635988 0.02
e_2_14 2 14 1 0.0125 0.300869 -0.228185 0.132505 0.222633 0.581097 -0.682887 -0.382657 0.094904
e_14_15 14 15 2 0.0125 0.24436 -0.206881 0.0940019 0.445243 0.194855 -0.810778 -0.326235 0.049412
e_15_16 15 16 3 0.0125 0.215798 -0.191711 0.0807672 0.537958 -0.273981 -0.77127 -0.201686 0.021083
e_16_17 16 17 4 0.0125 0.199916 -0.175903 0.0740336 0.614358 -0.566338 -0.548617 -0.0290668 0.025889
e_17_18 17 18 5 0.0125 0.184895 -0.158298 0.067241 0.580254 -0.604868 -0.544737 -0.0264934 0.0224
e_18_19 18 19 6 0.0125 0.168697 -0.144105 0.0612008 0.596464 -0.186533 -0.754758 -0.199442 0.022949
e_19_20 19 20 7 0.0125 0.15288 -0.131003 0.0552836 0.56509 -0.524219 -0.631429 -0.0846509 0.020288
e_20_21 20 21 8 0.0125 0.138749 -0.11875 0.047409 0.438644 0.0262586 -0.842921 -0.31046 0.020619
e_21_1 21 1 9 0.0125 0.122979 -0.107456 0.0380779 0.43298 -0.0400779 -0.848511 -0.30158 0.022457
e_1_22 1 22 1 0.0125 0.10898 -0.11475 0.0387677 0.823504 0.526698 -0.207287 -0.038249 0.031542
e_22_23 22 23 2 0.0125 0.0973204 -0.136163 0.0488211 0.837484 0.464442 -0.281985 -0.0582981 0.021428
e_23_24 23 24 3 0.0125 0.0867182 -0.154746 0.0551167 0.758488 0.609859 -0.218317 -0.0714584 0.023718
e_24_4 24 4 4 0.0125 0.0792312 -0.176725 0.0568021 0.698628 0.705949 -0.105607 -0.0490047 0.023312
e_1_25 1 25 1 0.0125 0.0761154 -0.0932518 0.0365505 0.714475 0.0294606 -0.67519 -0.181043 0.079725
e_25_3 25 3 2 0.0125 0.0277581 -0.0823959 0.0377021 0.557681 0.134125 -0.771535 -0.275203 0.020275
5 25 24
3 -0.0845516 -0.12678 0.0876952 0.0125
26 -0.0738342 -0.110155 0.0938853 0.0125
25 -0.0614303 -0.0950044 0.099897 0.0125
24 -0.0499734 -0.0784411 0.101412 0.0125
4 -0.0158913 0.038917 0.0588493 0.0125
23 -0.0252648 0.0220921 0.0642416 0.0125
22 -0.0283125 0.00286139 0.0688112 0.0125
21 -0.0276081 -0.015465 0.0767902 0.0125
20 -0.0289934 -0.0304584 0.0899526 0.0125
11 -0.225588 -0.286713 0.0545496 0.0125
10 -0.21039 -0.283437 0.0419697 0.0125
6 -0.174655 -0.198482 0.135513 0.0125
9 -0.196004 -0.282655 0.0280979 0.0125
2 -0.184866 -0.282106 0.0114947 0.0125
19 -0.037033 -0.0621796 0.094808 0.0125
8 -0.180207 -0.248911 0.0648525 0.0125
12 -0.243721 -0.287304 0.0629662 0.0125
5 -0.260999 -0.284278 0.0725742 0.0125
13 -0.0949603 -0.170406 0.0636797 0.0125
14 -0.0873845 -0.151927 0.0686578 0.0125
15 -0.0772098 -0.130389 0.0761479 0.0125
16 -0.0649917 -0.114258 0.0806147 0.0125
17 -0.0568471 -0.0958794 0.0840785 0.0125
18 -0.04741 -0.0791074 0.0911738 0.0125
1 -0.0302222 -0.0453347 0.103264 0.0125
e_2_8 2 8 1 0.0125 -0.182536 -0.265509 0.0381742 0.955538 -0.276635 0.00926183 -0.101661 0.063014
e_8_6 8 6 2 0.0125 -0.177431 -0.223697 0.100183 0.948664 -0.306231 0.00823198 -0.0786839 0.086986
e_2_9 2 9 1 0.0125 -0.190435 -0.282381 0.0197962 0.73687 0.196666 -0.215061 -0.609995 0.02
e_9_10 9 10 2 0.0125 -0.203197 -0.283046 0.0350335 0.617532 0.304019 -0.246542 -0.682235 0.02
e_10_11 10 11 3 0.0125 -0.217989 -0.285075 0.048259 0.587917 0.378537 -0.205392 -0.684746 0.02
e_11_12 11 12 4 0.0125 -0.234656 -0.287009 0.058758 0.405744 0.479888 -0.243526 -0.738765 0.02
e_12_5 12 5 5 0.0125 -0.252361 -0.285792 0.0677702 0.409826 0.399545 -0.31649 -0.756466 0.02
e_2_13 2 13 1 0.0125 -0.139914 -0.226256 0.0375868 0.673137 -0.162241 0.550162 0.466783 0.152588
e_13_14 13 14 2 0.0125 -0.0911726 -0.161167 0.066169 0.534601 -0.214896 0.576967 0.578904 0.020582
e_14_15 14 15 3 0.0125 -0.0822978 -0.141158 0.072403 0.602941 -0.232298 0.54411 0.535204 0.024971
e_15_16 15 16 4 0.0125 -0.0711007 -0.122323 0.0783813 0.571789 -0.109134 0.6167 0.529931 0.020722
e_16_17 16 17 5 0.0125 -0.0609201 -0.105069 0.0823467 0.46643 -0.152373 0.626004 0.606089 0.020399
e_17_18 17 18 6 0.0125 -0.0521288 -0.0874935 0.0876266 0.654275 -0.228319 0.524304 0.494874 0.020511
e_18_19 18 19 7 0.0125 -0.0422212 -0.0706441 0.0929915 0.516561 -0.119423 0.629065 0.568489 0.020185
e_19_1 19 1 8 0.0125 -0.0336274 -0.0537576 0.0990359 0.714978 -0.31583 0.435071 0.446957 0.020041
e_1_20 1 20 1 0.0125 -0.0296084 -0.0378961 0.0966081 -0.25121 0.617987 0.671472 0.322664 0.02
e_20_21 20 21 2 0.0125 -0.0283011 -0.0229611 0.0833708 -0.247949 0.610791 0.675285 0.330826 0.02
e_21_22 21 22 3 0.0125 -0.0279606 -0.00630195 0.0728011 -0.354466 0.515849 0.658296 0.418211 0.02
e_22_23 22 23 4 0.0125 -0.0267882 0.0124768 0.0665267 -0.111109 0.259194 0.739643 0.611065 0.02
e_23_4 23 4 5 0.0125 -0.020578 0.0305045 0.0615455 0.139611 0.216465 0.766774 0.58797 0.02
e_1_24 1 24 1 0.0125 -0.0400978 -0.0618879 0.102338 0.485942 0.701122 0.180072 -0.489758 0.038595
e_24_25 24 25 2 0.0125 -0.0557017 -0.0867222 0.100654 0.45686 0.714007 0.166447 -0.503754 0.020196
e_25_26 25 26 3 0.0125 -0.067632 -0.10258 0.0968908 0.350774 0.778502 0.201686 -0.479808 0.020483
e_26_3 26 3 4 0.0125 -0.0791926 -0.118467 0.0907898 0.38309 0.771086 0.233999 -0.451568 0.020726
6 21 20
3 0.0110698 0.210072 0.0926439 0.0125
22 -0.000271589 0.192769 0.089171 0.0125
21 -0.0177275 0.166236 0.0749754 0.0125
4 -0.0195599 0.221177 0.0964043 0.0125
20 -0.0236309 0.203927 0.0871387 0.0125
5 0.0255962 -0.0851634 0.137325 0.0125
10 0.0144905 -0.112835 0.11365 0.0125
6 -0.0475291 -0.286641 0.0193088 0.0125
9 0.00972708 -0.134701 0.0860616 0.0125
2 0.00258479 -0.155996 0.0721826 0.0125
19 -0.0253487 0.184435 0.0829983 0.0125
8 -0.0275698 -0.22705 0.0482432 0.0125
11 0.00816972 -0.117121 0.0805034 0.0125
12 -0.00473604 -0.0237346 0.0939543 0.0125
13 -0.0248911 0.0365906 0.0862926 0.0125
14 -0.0321159 0.0622284 0.081429 0.0125
15 -0.0359764 0.0845234 0.0769576 0.0125
16 -0.0391519 0.108857 0.0687462 0.0125
1 -0.041878 0.131953 0.0609022 0.0125
18 -0.0296479 0.165347 0.0788597 0.0125
17 -0.0345503 0.147708 0.0708079 0.0125
e_2_8 2 8 1 0.0125 -0.0124918 -0.191523 0.0602134 -0.273117 -0.062017 0.802661 -0.526589 0.080815
e_8_6 8 6 2 0.0125 -0.0375499 -0.256845 0.0337766 -0.43144 -0.478237 0.693105 -0.323658 0.069185
e_2_9 2 9 1 0.0125 0.00615634 -0.145348 0.0791215 0.871772 -0.470315 0.126402 -0.0532955 0.026403
e_9_10 9 10 2 0.0125 0.0121083 -0.123768 0.099856 0.94136 -0.329643 0.0549514 -0.0464339 0.035524
e_10_5 10 5 3 0.0125 0.0200432 -0.0989987 0.125488 0.897605 -0.415244 0.129075 -0.0722362 0.038072
e_2_11 2 11 1 0.0125 0.00537726 -0.136558 0.076343 0.77681 -0.621456 0.1008 0.014064 0.040146
e_11_12 11 12 2 0.0125 0.00171684 -0.0704276 0.0872289 0.748792 -0.65526 -0.00327994 0.0996677 0.095229
e_12_13 12 13 3 0.0125 -0.0148133 0.00642845 0.0901236 0.641965 -0.746512 -0.050151 0.16759 0.064063
e_13_14 13 14 4 0.0125 -0.0285034 0.0494094 0.0838613 0.621277 -0.76766 -0.0225154 0.155579 0.027077
e_14_15 14 15 5 0.0125 -0.0340455 0.0733763 0.0791928 0.622328 -0.772327 0.0213433 0.125547 0.023065
e_15_16 15 16 6 0.0125 -0.0375642 0.0966902 0.0728515 0.572712 -0.809626 0.0561885 0.115545 0.025877
e_16_1 16 1 7 0.0125 -0.0405144 0.120405 0.0648246 0.572422 -0.809956 0.0614084 0.111952 0.024544
e_1_17 1 17 1 0.0125 -0.0382142 0.139831 0.0658546 0.86085 -0.473362 0.168195 -0.0810912 0.02
e_17_18 17 18 2 0.0125 -0.0320993 0.156527 0.0748332 0.836786 -0.531933 0.125497 -0.0329777 0.02
e_18_19 18 19 3 0.0125 -0.027498 0.174891 0.0809296 0.776786 -0.615874 0.131235 -0.00901853 0.02
e_19_20 19 20 4 0.0125 -0.0244898 0.194181 0.085069 0.776273 -0.624638 0.0795121 0.0300739 0.02
e_20_4 20 4 5 0.0125 -0.0215953 0.212552 0.091772 0.854967 -0.507544 0.103765 -0.025761 0.02
e_1_21 1 21 1 0.0125 -0.0298022 0.149094 0.0679391 0.802017 -0.523705 0.258167 -0.125905 0.044232
e_21_22 21 22 2 0.0125 -0.00899902 0.179502 0.0820736 0.830668 -0.492141 0.231889 -0.118389 0.034789
e_22_3 22 3 3 0.0125 0.00539958 0.201421 0.0909073 0.754957 -0.586752 0.270115 -0.113136 0.020979
7 28 27
3 0.0710047 0.153878 0.035045 0.0125
29 0.0598458 0.141487 0.0460867 0.0125
28 0.0509046 0.124856 0.0526816 0.0125
27 0.0442262 0.108349 0.0617859 0.0125
26 0.0403391 0.0942545 0.0754335 0.0125
4 -0.0392459 0.0240666 0.125799 0.0125
25 -0.0228755 0.0434638 0.112427 0.0125
24 0.0113438 0.0686537 0.098729 0.0125
1 0.0321455 0.0824507 0.089345 0.0125
23 0.0246193 0.06421 0.0860838 0.0125
22 0.0158602 0.0463636 0.0838948 0.0125
21 0.0120774 0.0268326 0.0818377 0.0125
11 0.0375034 -0.212066 0.0931172 0.0125
6 0.159894 -0.192123 0.012786 0.0125
10 0.14571 -0.189567 0.0280947 0.0125
9 0.130238 -0.190252 0.0419778 0.0125
2 0.0452899 -0.200963 0.107817 0.0125
19 0.015314 -0.0181687 0.0782596 0.0125
8 0.0713321 -0.197185 0.0909742 0.0125
12 0.0295149 -0.225477 0.0806133 0.0125
13 0.0230691 -0.240602 0.0692267 0.0125
14 0.0154132 -0.255354 0.0581016 0.0125
5 0.00746697 -0.268788 0.045596 0.0125
15 0.0463756 -0.164908 0.0860415 0.0125
16 0.0439262 -0.124848 0.0764884 0.0125
17 0.0293954 -0.0753202 0.0734371 0.0125
18 0.0190666 -0.0497057 0.075631 0.0125
20 0.0123884 0.00652857 0.0797056 0.0125
e_2_8 2 8 1 0.0125 0.0583113 -0.199074 0.0993961 -0.117033 0.872656 -0.0895029 0.465579 0.031244
e_8_9 8 9 2 0.0125 0.100785 -0.193718 0.0664758 -0.179054 0.859735 -0.281596 0.386651 0.076933
e_9_10 9 10 3 0.0125 0.137974 -0.18991 0.0350362 -0.151669 0.861751 -0.30187 0.378491 0.020798
e_10_6 10 6 4 0.0125 0.152802 -0.190845 0.0204403 -0.0717473 0.865266 -0.339661 0.361659 0.021025
e_2_11 2 11 1 0.0125 0.0413972 -0.206514 0.100467 0.356021 0.634575 -0.68178 0.0757591 0.02
e_11_12 11 12 2 0.0125 0.0335094 -0.218771 0.0868656 0.421158 0.646659 -0.628029 0.100186 0.02
e_12_13 12 13 3 0.0125 0.0262922 -0.233039 0.0749204 0.443303 0.675847 -0.572627 0.137157 0.02
e_13_14 13 14 4 0.0125 0.0192412 -0.247978 0.0636639 0.455932 0.65575 -0.590009 0.118353 0.02
e_14_5 14 5 5 0.0125 0.0114396 -0.262071 0.0518493 0.420915 0.647453 -0.627251 0.100951 0.02
e_2_15 2 15 1 0.0125 0.0458326 -0.182936 0.0969287 0.128557 -0.252981 -0.833313 -0.474408 0.042134
e_15_16 15 16 2 0.0125 0.0451508 -0.144878 0.0812653 0.352719 -0.406302 -0.671333 -0.509726 0.041257
e_16_17 16 17 3 0.0125 0.0366608 -0.100084 0.0749627 0.494023 -0.360771 -0.631941 -0.475854 0.051705
e_17_18 17 18 4 0.0125 0.0242313 -0.0625131 0.0745344 0.579583 -0.340645 -0.586842 -0.451288 0.027705
e_18_19 18 19 5 0.0125 0.0171903 -0.0339372 0.0769453 0.555912 -0.455789 -0.501004 -0.481886 0.031868
e_19_20 19 20 6 0.0125 0.0138512 -0.00582008 0.0789826 0.541682 -0.453683 -0.514932 -0.485383 0.024911
e_20_21 20 21 7 0.0125 0.0122332 0.0166812 0.0807717 0.562708 -0.499951 -0.444781 -0.485364 0.020418
e_21_22 21 22 8 0.0125 0.0139685 0.0365983 0.0828659 0.559807 -0.5794 -0.335999 -0.48787 0.02
e_22_23 22 23 9 0.0125 0.02024 0.0552868 0.0849885 0.592162 -0.654579 -0.129579 -0.451752 0.02
e_23_1 23 1 10 0.0125 0.0283824 0.0733303 0.0877144 0.617999 -0.629159 -0.1504 -0.446785 0.02
e_1_24 1 24 1 0.0125 0.0217446 0.0755522 0.094037 0.821503 0.333417 -0.461388 -0.0329777 0.026667
e_24_25 24 25 2 0.0125 -0.00576569 0.056059 0.105579 0.808115 0.360024 -0.465805 -0.018935 0.044643
e_25_4 25 4 3 0.0125 -0.0310605 0.0337654 0.119113 0.855439 0.380632 -0.349391 0.035637 0.028689
e_1_26 1 26 1 0.0125 0.0362426 0.0883533 0.0823893 -0.248596 0.0772846 -0.917503 -0.30069 0.02
e_26_27 26 27 2 0.0125 0.0422827 0.101302 0.0686097 -0.0769265 -0.068577 -0.914595 -0.391019 0.02
e_27_28 27 28 3 0.0125 0.0475657 0.116602 0.0572341 0.0486242 -0.392171 -0.757504 -0.51964 0.02
e_28_29 28 29 4 0.0125 0.0553749 0.133172 0.0493837 0.156673 -0.566069 -0.586898 -0.557288 0.02
e_29_3 29 3 5 0.0125 0.0654248 0.147682 0.040566 -0.270887 -0.108718 -0.874191 -0.388061 0.02
8 22 21
3 0.166009 -0.202268 0.0597921 0.0125
23 0.147197 -0.235477 0.0680038 0.0125
22 0.131525 -0.253466 0.0749139 0.0125
4 0.172292 -0.206871 0.0835498 0.0125
21 0.156607 -0.218842 0.0802834 0.0125
20 0.143476 -0.232902 0.0748158 0.0125
10 0.236135 -0.0597776 0.0621725 0.0125
5 0.291399 -0.0262262 0.144497 0.0125
6 0.133149 0.0356825 0.050182 0.0125
9 0.277084 -0.0347264 0.117221 0.0125
2 0.260469 -0.0413112 0.0515662 0.0125
19 0.131294 -0.24824 0.0707728 0.0125
8 0.21502 -0.0220715 0.0456548 0.0125
11 0.224229 -0.073445 0.0715734 0.0125
12 0.178021 -0.114648 0.0826864 0.0125
13 0.131776 -0.181859 0.0857848 0.0125
14 0.122264 -0.199624 0.0847109 0.0125
15 0.117474 -0.221242 0.0813012 0.0125
16 0.113317 -0.240625 0.0780834 0.0125
17 0.108995 -0.259923 0.074878 0.0125
1 0.106789 -0.279737 0.0732622 0.0125
18 0.118619 -0.263649 0.0721525 0.0125
e_2_8 2 8 1 0.0125 0.237744 -0.0316914 0.0486105 0.654876 -0.175556 -0.727077 -0.108053 0.049707
e_8_6 8 6 2 0.0125 0.174084 0.00680543 0.0479179 0.69543 -0.229032 -0.651902 -0.197346 0.100293
e_2_9 2 9 1 0.0125 0.268776 -0.0380187 0.0843939 0.948335 -0.0825317 0.103651 -0.288279 0.068043
e_9_5 9 5 2 0.0125 0.284242 -0.0304758 0.130859 0.850457 -0.231074 0.140816 -0.451107 0.031957
e_2_10 2 10 1 0.0125 0.248301 -0.0505447 0.0568693 0.777693 0.196568 -0.545313 0.243287 0.032337
e_10_11 10 11 2 0.0125 0.230181 -0.0666111 0.0668729 0.80696 0.257622 -0.451034 0.281095 0.020418
e_11_12 11 12 3 0.0125 0.201125 -0.0940467 0.0771299 0.709639 0.213305 -0.60511 0.291128 0.0629
e_12_13 12 13 4 0.0125 0.154899 -0.148254 0.0842351 0.608663 0.272455 -0.637804 0.385362 0.081642
e_13_14 13 14 5 0.0125 0.127021 -0.190742 0.0852479 0.540573 0.290689 -0.664904 0.425656 0.02018
e_14_15 14 15 6 0.0125 0.119869 -0.210434 0.0830061 0.409105 0.337892 -0.679654 0.506491 0.022404
e_15_16 15 16 7 0.0125 0.115395 -0.230934 0.0796923 0.402394 0.337308 -0.682886 0.507907 0.020083
e_16_17 16 17 8 0.0125 0.111156 -0.250274 0.0764807 0.405678 0.335394 -0.683746 0.505398 0.020034
e_17_1 17 1 9 0.0125 0.107892 -0.269831 0.0740702 0.411566 0.3789 -0.629938 0.538727 0.020002
e_1_18 1 18 1 0.0125 0.112704 -0.271693 0.0727073 0.254633 -0.616583 -0.384154 -0.638288 0.02
e_18_19 18 19 2 0.0125 0.124956 -0.255945 0.0714627 0.225379 -0.62488 -0.379506 -0.643976 0.02
e_19_20 19 20 3 0.0125 0.137385 -0.240571 0.0727943 0.387692 -0.587503 -0.231875 -0.671394 0.02
e_20_21 20 21 4 0.0125 0.150041 -0.225872 0.0775495 0.410097 -0.579312 -0.166457 -0.684478 0.02
e_21_4 21 4 5 0.0125 0.16445 -0.212856 0.0819171 0.281195 -0.622605 -0.175196 -0.708942 0.02
e_1_22 1 22 1 0.0125 0.119157 -0.266602 0.0740886 0.26335 -0.624159 -0.295927 -0.673424 0.036122
e_22_23 22 23 2 0.0125 0.139361 -0.244471 0.0714584 0.108643 -0.625476 -0.497879 -0.590842 0.024838
e_23_3 23 3 3 0.0125 0.156603 -0.218873 0.0638975 0.226839 -0.601927 -0.492797 -0.585985 0.03904
