14
1 6 5
2 -0.375386 0.131775 0.0152842 0.0125
7 -0.357831 0.117835 0.0192413 0.0125
6 -0.32165 0.0870881 0.0116524 0.0125
5 -0.297409 0.0774507 0.0117262 0.0125
1 0.0126415 -0.180085 0.012004 0.0125
4 -0.178312 -0.0210537 0.0130426 0.0125
e_1_4 1 4 1 0.0125 -0.0828356 -0.100569 0.0125231 0.283209 -0.677507 0.197219 0.649524 0.248507
e_4_5 4 5 2 0.0125 -0.23786 0.0281987 0.0123845 0.279015 -0.681748 0.198691 0.646446 0.15456
e_5_6 5 6 3 0.0125 -0.30953 0.0822698 0.0116891 0.151333 -0.698791 0.114503 0.689695 0.026087
e_6_7 6 7 4 0.0125 -0.33974 0.102462 0.0154466 0.322139 -0.625886 0.171335 0.689302 0.048083
e_7_2 7 2 5 0.0125 -0.366608 0.124806 0.0172626 0.234317 -0.732348 0.224898 0.598484 0.022764
2 9 8
2 0.324802 -0.0807425 0.0431859 0.0125
10 0.310329 -0.0822934 0.0294683 0.0125
9 0.293258 -0.0829972 0.0190736 0.0125
4 0.128181 -0.100037 0.0237949 0.0125
1 -0.118764 -0.229082 0.0475337 0.0125
8 0.274254 -0.0788429 0.0142718 0.0125
5 0.183515 -0.06736 0.0115652 0.0125
6 0.208137 -0.0619885 0.0151749 0.0125
7 0.233827 -0.0622122 0.0159686 0.0125
e_1_4 1 4 1 0.0125 0.00470876 -0.16456 0.0356643 0.650821 -0.150288 0.721012 0.184358 0.279639
e_4_5 4 5 2 0.0125 0.155848 -0.0836986 0.0176801 0.607723 -0.17274 0.75076 0.192854 0.065416
e_5_6 5 6 3 0.0125 0.195826 -0.0646742 0.01337 0.745708 -0.0346941 0.654139 0.121727 0.025458
e_6_7 6 7 4 0.0125 0.220982 -0.0621005 0.015572 0.715844 0.0591504 0.693592 0.0547542 0.025704
e_7_8 7 8 5 0.0125 0.25404 -0.0705277 0.0151204 0.691036 0.219962 0.6863 -0.0554855 0.043747
e_8_9 8 9 6 0.0125 0.283755 -0.0809202 0.0166729 0.787206 0.140616 0.600329 0.0117366 0.020036
e_9_10 9 10 7 0.0125 0.301793 -0.0826453 0.0242709 0.866478 0.0334613 0.488889 0.0953051 0.02
e_10_2 10 2 8 0.0125 0.317566 -0.0815179 0.0363271 0.910399 0.00907854 0.396235 0.118696 0.020001
3 7 6
2 -0.0762753 -0.288507 0.102676 0.0125
4 -0.0197407 0.174287 0.0114923 0.0125
1 -0.0170793 0.194224 0.011927 0.0125
8 -0.0659497 -0.244477 0.0875843 0.0125
5 -0.0436973 -0.168552 0.056732 0.0125
6 -0.0505713 -0.190811 0.0708449 0.0125
7 -0.0609039 -0.222745 0.0807885 0.0125
e_1_4 1 4 1 0.0125 -0.0184108 0.184256 0.01171 0.559883 0.510385 -0.500302 0.419209 0.020118
e_4_5 4 5 2 0.0125 -0.031719 0.00286747 0.0341121 0.676413 0.571704 -0.328482 0.328205 0.34664
e_5_6 5 6 3 0.0125 -0.0471347 -0.179682 0.0637882 0.838947 0.412529 -0.265991 0.235026 0.027238
e_6_7 6 7 4 0.0125 -0.0557376 -0.206779 0.0758169 0.729326 0.441875 -0.403393 0.331819 0.035006
e_7_8 7 8 5 0.0125 -0.063427 -0.233612 0.084186 0.741289 0.482923 -0.34798 0.310139 0.023322
e_8_2 8 2 6 0.0125 -0.0711128 -0.266493 0.0951298 0.753659 0.479236 -0.334744 0.300463 0.047676
4 8 7
2 -0.380169 -0.0654657 0.0277422 0.0125
9 -0.357718 -0.0532553 0.0292123 0.0125
4 0.0225667 -0.0585145 0.0789157 0.0125
1 0.0876924 -0.0781684 0.12106 0.0125
8 -0.340023 -0.0416419 0.0219068 0.0125
5 -0.214495 -0.0290482 0.0270827 0.0125
6 -0.269757 -0.0333619 0.020584 0.0125
7 -0.320195 -0.0341099 0.0201096 0.0125
e_1_4 1 4 1 0.0125 0.0551298 -0.0683422 0.0999876 0.269366 -0.836273 -0.252928 0.405113 0.080023
e_4_5 4 5 2 0.0125 -0.0959638 -0.0437809 0.0529996 0.353183 -0.69266 -0.355304 0.518886 0.244445
e_5_6 5 6 3 0.0125 -0.242126 -0.0312046 0.0238332 0.306035 -0.634448 -0.394592 0.590012 0.05581
e_6_7 6 7 4 0.0125 -0.294976 -0.0337359 0.0203468 0.40051 -0.578105 -0.412906 0.578701 0.050446
e_7_8 7 8 5 0.0125 -0.330109 -0.0378759 0.0210082 0.272888 -0.498417 -0.457576 0.683912 0.021287
e_8_9 8 9 6 0.0125 -0.348872 -0.0474489 0.0255596 0.410015 -0.258891 -0.519441 0.703594 0.02239
e_9_2 9 2 7 0.0125 -0.368944 -0.0593605 0.0284773 0.0594881 -0.606255 -0.401462 0.683918 0.025599
5 8 7
2 -0.174118 -0.288504 0.0899981 0.0125
9 -0.17294 -0.261046 0.0936967 0.0125
4 -0.00688241 0.0257664 0.0471804 0.0125
1 0.0595183 0.125428 0.0225811 0.0125
8 -0.162961 -0.222999 0.0868444 0.0125
5 -0.0688694 -0.0337664 0.0804702 0.0125
6 -0.127517 -0.117984 0.0937129 0.0125
7 -0.154929 -0.169344 0.0801485 0.0125
e_1_4 1 4 1 0.0125 0.0263182 0.075597 0.0348802 0.0331347 0.372575 0.510474 -0.774278 0.122257
e_4_5 4 5 2 0.0125 -0.0378762 -0.00399974 0.063825 -0.0477032 0.384299 0.414388 -0.823603 0.092167
e_5_6 5 6 3 0.0125 -0.0981936 -0.0758752 0.0870912 0.0200892 0.391702 0.531583 -0.750723 0.103477
e_6_7 6 7 4 0.0125 -0.141223 -0.143664 0.0869303 0.0513936 0.424653 0.658124 -0.619597 0.059777
e_7_8 7 8 5 0.0125 -0.158945 -0.196171 0.0834973 0.213496 0.280682 0.599975 -0.7181 0.054664
e_8_9 8 9 6 0.0125 -0.16795 -0.242022 0.0902707 0.171568 0.298666 0.570085 -0.7459 0.039926
e_9_2 9 2 7 0.0125 -0.173529 -0.274775 0.0918468 0.237425 0.301361 0.689832 -0.613957 0.027732
6 11 10
2 -0.0519616 0.312681 0.221809 0.0125
12 -0.0435312 0.29716 0.212427 0.0125
11 -0.0349366 0.282266 0.202212 0.0125
10 -0.0200038 0.273333 0.192333 0.0125
9 -0.00947506 0.26694 0.176419 0.0125
4 -0.0437344 0.168738 0.0769738 0.0125
1 -0.241482 0.0119075 0.0369142 0.0125
8 0.00280034 0.258947 0.162361 0.0125
5 -0.00664672 0.207629 0.0987135 0.0125
6 0.00516252 0.222247 0.117768 0.0125
7 0.00916112 0.248268 0.144484 0.0125
e_1_4 1 4 1 0.0125 -0.142608 0.090323 0.0569447 -0.0909871 -0.456821 -0.461447 -0.755051 0.255548
e_4_5 4 5 2 0.0125 -0.0251908 0.188184 0.087844 -0.0148371 -0.378487 -0.411397 -0.829023 0.057971
e_5_6 5 6 3 0.0125 -0.00074248 0.214938 0.10824 0.053848 -0.255258 -0.280809 -0.923629 0.026762
e_6_7 6 7 4 0.0125 0.00716247 0.235257 0.131126 0.247349 -0.15573 -0.345829 -0.89161 0.037508
e_7_8 7 8 5 0.0125 0.00598129 0.253608 0.153423 0.439283 0.017579 -0.298631 -0.847078 0.021773
e_8_9 8 9 6 0.0125 -0.00333653 0.262944 0.16939 0.608133 0.105118 -0.377796 -0.690214 0.020303
e_9_10 9 10 7 0.0125 -0.0147397 0.270136 0.184376 0.568993 0.119967 -0.30036 -0.756068 0.020124
e_10_11 10 11 8 0.0125 -0.0274702 0.277799 0.197273 0.660721 0.0808352 -0.496599 -0.557048 0.020009
e_11_12 11 12 9 0.0125 -0.0392341 0.289712 0.20732 0.503556 -0.0467287 -0.492394 -0.708376 0.020001
e_12_2 12 2 10 0.0125 -0.0477464 0.30492 0.217118 0.497285 -0.0624242 -0.511422 -0.698039 0.02
7 6 5
2 0.0724461 0.0733967 0.0115555 0.0125
7 0.140158 -0.085828 0.0446805 0.0125
6 0.156459 -0.11373 0.0457669 0.0125
5 0.189777 -0.14183 0.0395294 0.0125
1 0.386811 -0.287232 0.0163557 0.0125
4 0.326834 -0.227055 0.0225891 0.0125
e_1_4 1 4 1 0.0125 0.356823 -0.257144 0.0194723 0.705243 -0.594123 -0.332315 0.198032 0.085191
e_4_5 4 5 2 0.0125 0.258305 -0.184442 0.031059 0.74281 -0.369055 -0.558215 0.0206944 0.162281
e_5_6 5 6 3 0.0125 0.173118 -0.12778 0.0426477 0.747773 -0.489619 -0.435242 0.108042 0.044029
e_6_7 6 7 4 0.0125 0.148309 -0.0997793 0.0452233 0.616661 -0.718027 -0.0352086 0.320822 0.032333
e_7_2 7 2 5 0.0125 0.106303 -0.0062154 0.0281174 0.510925 -0.748945 0.181924 0.38071 0.176167
8 11 10
2 0.333703 0.288502 0.152517 0.0125
12 0.327436 0.265835 0.152738 0.0125
11 0.316842 0.246914 0.14527 0.0125
10 0.304215 0.230774 0.143895 0.0125
9 0.290979 0.207639 0.141914 0.0125
4 0.117729 0.056576 0.0527584 0.0125
1 -0.019706 -0.00382681 0.0121706 0.0125
8 0.259976 0.185961 0.127012 0.0125
5 0.18114 0.10859 0.0700617 0.0125
6 0.195836 0.122201 0.0718343 0.0125
7 0.224329 0.153938 0.100847 0.0125
e_1_4 1 4 1 0.0125 0.0490117 0.0263742 0.0324647 0.793857 -0.232633 0.561591 0.0169643 0.155513
e_4_5 4 5 2 0.0125 0.149435 0.0825826 0.0614102 0.771837 -0.342754 0.528491 0.0865175 0.08382
e_5_6 5 6 3 0.0125 0.188488 0.115396 0.0709474 0.73064 -0.386556 0.553639 0.101115 0.02011
e_6_7 6 7 4 0.0125 0.210083 0.138069 0.0863409 0.87569 -0.302396 0.356825 0.120001 0.051583
e_7_8 7 8 5 0.0125 0.242152 0.169949 0.11393 0.854423 -0.295613 0.415933 0.0978478 0.054596
e_8_9 8 9 6 0.0125 0.275478 0.196801 0.134463 0.823738 -0.283094 0.48642 0.0686298 0.040659
e_9_10 9 10 7 0.0125 0.297597 0.219207 0.142905 0.710312 -0.489228 0.472836 0.180384 0.026727
e_10_11 10 11 8 0.0125 0.310529 0.238844 0.144584 0.716233 -0.445091 0.5181 0.143096 0.02054
e_11_12 11 12 9 0.0125 0.322139 0.256375 0.149005 0.794351 -0.432216 0.38779 0.178366 0.022934
e_12_2 12 2 10 0.0125 0.330569 0.277168 0.152627 0.660428 -0.577129 0.414277 0.243167 0.023518
9 6 5
2 -0.230995 -0.15042 0.0424895 0.0125
7 -0.228944 -0.130926 0.0468015 0.0125
6 -0.226026 -0.11148 0.0505624 0.0125
5 -0.216271 -0.0933541 0.0500665 0.0125
1 -0.00885857 0.288503 0.0123865 0.0125
4 -0.199817 -0.0554278 0.0614612 0.0125
e_1_4 1 4 1 0.0125 -0.104338 0.116538 0.0369239 -0.57827 -0.241978 0.616078 -0.476968 0.396436
e_4_5 4 5 2 0.0125 -0.208044 -0.0743906 0.0557636 -0.415144 -0.269399 0.74852 -0.441358 0.042883
e_5_6 5 6 3 0.0125 -0.221149 -0.102417 0.0503144 -0.540296 -0.247369 0.653272 -0.469173 0.020591
e_6_7 6 7 4 0.0125 -0.227485 -0.121202 0.048682 -0.406441 -0.398043 0.659916 -0.490793 0.02002
e_7_2 7 2 5 0.0125 -0.229969 -0.140673 0.0446452 -0.387987 -0.415916 0.659118 -0.491979 0.020071
10 6 5
2 -0.337454 0.0530593 0.0117256 0.0125
7 -0.30263 0.038873 0.0326986 0.0125
6 -0.213071 0.00187557 0.0784098 0.0125
5 -0.178476 0.0024379 0.0855474 0.0125
1 0.125731 0.0242503 0.0563685 0.0125
4 -0.105261 0.0378298 0.0849683 0.0125
e_1_4 1 4 1 0.0125 0.0102351 0.03104 0.0706691 0.330333 -0.610581 -0.256626 0.672468 0.233151
e_4_5 4 5 2 0.0125 -0.141869 0.0201344 0.0852582 0.135561 -0.564092 -0.422182 0.696552 0.081322
e_5_6 5 6 3 0.0125 -0.195773 0.00215704 0.081979 0.235997 -0.714308 -0.301304 0.585906 0.035329
e_6_7 6 7 4 0.0125 -0.257851 0.020374 0.0555545 0.304235 -0.825573 -0.178198 0.440586 0.107141
e_7_2 7 2 5 0.0125 -0.320042 0.0459656 0.0222117 0.286042 -0.842737 -0.182606 0.417887 0.043057
11 7 6
2 -0.276357 -0.0279825 0.0996019 0.0125
4 0.132277 0.0347758 0.0907225 0.0125
1 0.209452 0.04925 0.113293 0.0125
8 -0.249588 -0.0293975 0.0911066 0.0125
5 0.0466748 0.0252548 0.0923468 0.0125
6 -0.163085 -0.0229299 0.0798804 0.0125
7 -0.219062 -0.0327129 0.0842857 0.0125
e_1_4 1 4 1 0.0125 0.170865 0.042013 0.102008 -0.0751544 -0.797387 -0.0480155 0.596842 0.081699
e_4_5 4 5 2 0.0125 0.0894764 0.0300148 0.0915343 -0.0497222 -0.699819 -0.0287361 0.712008 0.086146
e_5_6 5 6 3 0.0125 -0.0582054 0.00116241 0.0861133 -0.101415 -0.725081 -0.0563036 0.678824 0.215583
e_6_7 6 7 4 0.0125 -0.191074 -0.0278219 0.0820831 -0.0805109 -0.677877 -0.0428325 0.729497 0.056997
e_7_8 7 8 5 0.0125 -0.234325 -0.0310547 0.0876961 0.0516566 -0.625213 0.0262256 0.778301 0.031454
e_8_2 8 2 6 0.0125 -0.262973 -0.0286901 0.0953543 0.0233419 -0.590542 0.0141028 0.806546 0.028121
12 6 5
2 -0.14343 -0.228679 0.0214064 0.0125
7 -0.132734 -0.183482 0.0426645 0.0125
6 -0.136232 -0.0451599 0.0954469 0.0125
5 -0.13698 -0.0155171 0.108098 0.0125
1 -0.113837 0.248987 0.11345 0.0125
4 -0.106946 0.0992077 0.111557 0.0125
e_1_4 1 4 1 0.0125 -0.110391 0.174098 0.112503 0.258019 0.291438 -0.649137 0.653538 0.149949
e_4_5 4 5 2 0.0125 -0.121962 0.0418457 0.109828 0.395283 0.244108 -0.674523 0.573743 0.118641
e_5_6 5 6 3 0.0125 -0.136606 -0.0303385 0.101773 0.115699 0.195652 -0.811132 0.538887 0.032238
e_6_7 6 7 4 0.0125 -0.134483 -0.11432 0.0690561 0.128071 0.206152 -0.797314 0.55262 0.148091
e_7_2 7 2 5 0.0125 -0.138081 -0.20608 0.0320357 0.226809 0.167885 -0.824563 0.490376 0.05108
13 6 5
2 0.13308 -0.135016 0.18378 0.0125
7 0.121142 -0.120368 0.176076 0.0125
6 0.102498 -0.112727 0.171272 0.0125
5 0.0859387 -0.101431 0.168334 0.0125
1 -0.337783 -0.0641686 0.0621576 0.0125
4 -0.102312 -0.0789302 0.117633 0.0125
e_1_4 1 4 1 0.0125 -0.220048 -0.071549 0.0898952 0.671661 0.352783 0.510979 0.404125 0.242367
e_4_5 4 5 2 0.0125 -0.00818691 -0.0901803 0.142983 0.687521 0.364195 0.488048 0.395583 0.196254
e_5_6 5 6 3 0.0125 0.0942186 -0.107079 0.169803 0.688005 0.559819 0.337785 0.314886 0.020258
e_6_7 6 7 4 0.0125 0.111819 -0.116548 0.173674 0.700396 0.468475 0.405658 0.354146 0.020714
e_7_2 7 2 5 0.0125 0.127111 -0.127692 0.179928 0.786717 0.522162 0.196411 0.264285 0.020407
14 9 8
2 -0.28643 -0.0175493 0.142782 0.0125
10 -0.259274 -0.0135718 0.145168 0.0125
9 -0.222464 -0.0121434 0.143336 0.0125
4 0.00193015 0.00590706 0.113989 0.0125
1 0.182838 -0.0654017 0.0401157 0.0125
8 -0.20045 -0.00934152 0.140448 0.0125
5 -0.0936908 0.00539659 0.126343 0.0125
6 -0.117882 0.00188984 0.130638 0.0125
7 -0.152757 -0.00332807 0.135912 0.0125
e_1_4 1 4 1 0.0125 0.0923841 -0.0297474 0.077053 0.0841472 -0.54679 0.153136 0.818835 0.208014
e_4_5 4 5 2 0.0125 -0.0458803 0.00565183 0.120166 -0.152569 -0.647195 0.130671 0.735382 0.096417
e_5_6 5 6 3 0.0125 -0.105786 0.00364322 0.12849 -0.235067 -0.633961 0.107541 0.728884 0.024819
e_6_7 6 7 4 0.0125 -0.13532 -0.000719017 0.133274 -0.237038 -0.643356 0.110243 0.71955 0.035655
e_7_8 7 8 5 0.0125 -0.176603 -0.00633437 0.13818 -0.221865 -0.662278 0.120009 0.705523 0.048284
e_8_9 8 9 6 0.0125 -0.211457 -0.0107422 0.141892 -0.223728 -0.649749 0.115376 0.717259 0.022378
e_9_10 9 10 7 0.0125 -0.240868 -0.0128579 0.144252 -0.170539 -0.675736 0.136171 0.704098 0.036883
e_10_2 10 2 8 0.0125 -0.272851 -0.0155604 0.143975 -0.223592 -0.72358 0.140512 0.637726 0.027549
