14
1 10 9
2 0.367877 -0.244012 0.114313 0.0125
11 0.350329 -0.234824 0.111526 0.0125
10 0.334208 -0.224997 0.104913 0.0125
9 0.317009 -0.21644 0.0993021 0.0125
4 0.220958 -0.0736664 0.100033 0.0125
1 0.149999 0.173331 0.0663183 0.0125
8 0.303518 -0.204159 0.091056 0.0125
5 0.258013 -0.155183 0.090866 0.0125
6 0.274325 -0.176412 0.0808989 0.0125
7 0.289987 -0.191575 0.082591 0.0125
e_1_4 1 4 1 0.0125 0.185479 0.0498323 0.0831756 0.711807 0.658774 -0.0312871 0.241596 0.25919
e_4_5 4 5 2 0.0125 0.239485 -0.114425 0.0954488 0.616736 0.742014 0.0183667 0.262133 0.090011
e_5_6 5 6 3 0.0125 0.266169 -0.165798 0.085882 0.48878 0.815999 0.0926728 0.294367 0.028568
e_6_7 6 7 4 0.0125 0.282156 -0.183994 0.0817456 0.621095 0.659772 0.1612 0.391095 0.021866
e_7_8 7 8 5 0.0125 0.296752 -0.197867 0.086824 0.730744 0.515612 0.160993 0.41742 0.020324
e_8_9 8 9 6 0.0125 0.310264 -0.2103 0.0951791 0.727671 0.516624 0.164813 0.420037 0.020021
e_9_10 9 10 7 0.0125 0.325609 -0.220719 0.102107 0.636352 0.538048 0.26515 0.485031 0.020012
e_10_11 10 11 8 0.0125 0.342268 -0.22991 0.108219 0.669525 0.529346 0.233514 0.465834 0.020005
e_11_2 11 2 9 0.0125 0.359103 -0.239419 0.112919 0.589057 0.600806 0.263312 0.471923 0.020003
2 6 5
2 -0.336532 -0.314948 0.238427 0.0125
7 -0.31224 -0.301 0.220061 0.0125
6 -0.304732 -0.286779 0.203381 0.0125
5 -0.263359 -0.194809 0.111802 0.0125
1 -0.188349 0.0823307 0.0122877 0.0125
4 -0.267159 -0.16557 0.0939519 0.0125
e_1_4 1 4 1 0.0125 -0.227754 -0.04162 0.0531197 -0.676625 -0.570868 -0.156033 0.438112 0.272644
e_4_5 4 5 2 0.0125 -0.26526 -0.180189 0.102877 -0.779709 -0.407551 -0.273796 0.388576 0.034466
e_5_6 5 6 3 0.0125 -0.284046 -0.240794 0.157591 -0.798536 -0.403301 -0.0348369 0.445505 0.136225
e_6_7 6 7 4 0.0125 -0.308486 -0.29389 0.211721 -0.813052 -0.374181 -0.00597419 0.445981 0.023169
e_7_2 7 2 5 0.0125 -0.324386 -0.307974 0.229245 -0.735099 -0.42417 0.214271 0.483527 0.033496
3 7 6
2 0.388223 -0.227328 0.0122513 0.0125
4 0.354839 -0.0763666 0.0178683 0.0125
1 0.256307 0.250161 0.0114964 0.0125
8 0.387402 -0.20748 0.0190842 0.0125
5 0.360495 -0.0981987 0.0171727 0.0125
6 0.377842 -0.149338 0.0292945 0.0125
7 0.384655 -0.187663 0.0245539 0.0125
e_1_4 1 4 1 0.0125 0.305573 0.0868971 0.0146822 0.523758 0.354689 0.604034 -0.484785 0.341129
e_4_5 4 5 2 0.0125 0.357668 -0.0872832 0.0175204 0.49133 0.36296 0.619405 -0.493145 0.022564
e_5_6 5 6 3 0.0125 0.369169 -0.123769 0.0232336 0.61615 0.343755 0.52184 -0.479453 0.055344
e_6_7 6 7 4 0.0125 0.381249 -0.1685 0.0269246 0.428481 0.376371 0.647143 -0.505919 0.039214
e_7_8 7 8 5 0.0125 0.386029 -0.197571 0.021819 0.354556 0.371522 0.702729 -0.492375 0.020741
e_8_2 8 2 6 0.0125 0.387813 -0.217404 0.0156676 0.293283 0.381673 0.719 -0.501348 0.021007
4 10 9
2 0.0463041 0.270135 0.0115008 0.0125
11 0.0430563 0.250417 0.0148467 0.0125
10 0.0400248 0.230978 0.0203531 0.0125
9 0.0348603 0.211744 0.0184121 0.0125
4 -0.0179176 0.0902965 0.0114958 0.0125
1 -0.236518 -0.12323 0.0154854 0.0125
8 0.0299197 0.191686 0.0168479 0.0125
5 -0.00155674 0.121827 0.0140659 0.0125
6 0.0118724 0.151205 0.0131342 0.0125
7 0.0221091 0.168833 0.012019 0.0125
e_1_4 1 4 1 0.0125 -0.127218 -0.0164677 0.0134908 0.672511 -0.623211 0.343708 -0.202983 0.305606
e_4_5 4 5 2 0.0125 -0.00973762 0.106062 0.012781 0.713097 -0.659964 0.168438 -0.166038 0.035616
e_5_6 5 6 3 0.0125 0.00515785 0.136516 0.0136 0.665828 -0.711237 0.0924699 -0.205583 0.032315
e_6_7 6 7 4 0.0125 0.0169903 0.160019 0.0125768 0.64935 -0.712918 0.138077 -0.22589 0.020414
e_7_8 7 8 5 0.0125 0.0260142 0.18026 0.0144332 0.76645 -0.621882 0.123428 -0.102867 0.024629
e_8_9 8 9 6 0.0125 0.0323903 0.201715 0.0176295 0.719332 -0.679172 0.0311972 -0.142524 0.020717
e_9_10 9 10 7 0.0125 0.0374424 0.221361 0.0193823 0.727843 -0.669968 0.0511979 -0.136993 0.02001
e_10_11 10 11 8 0.0125 0.0415401 0.240698 0.0176001 0.558325 -0.774265 -0.187865 -0.231287 0.02043
e_11_2 11 2 9 0.0125 0.04468 0.260276 0.0131731 0.612064 -0.753174 -0.123665 -0.206916 0.020262
5 8 7
2 -0.322856 -0.149184 0.134245 0.0125
9 -0.278471 -0.146466 0.128671 0.0125
4 0.00387856 -0.0581301 0.0117401 0.0125
1 0.106422 0.0138683 0.0142757 0.0125
8 -0.212942 -0.130082 0.0846106 0.0125
5 -0.0303915 -0.0737295 0.0143867 0.0125
6 -0.0933401 -0.10142 0.0173718 0.0125
7 -0.114434 -0.111579 0.0204152 0.0125
e_1_4 1 4 1 0.0125 0.0551503 -0.0221309 0.0130079 0.238196 0.689313 0.186985 -0.658139 0.125321
e_4_5 4 5 2 0.0125 -0.0132569 -0.0659296 0.0130629 0.193752 0.67326 0.10802 -0.705346 0.037746
e_5_6 5 6 3 0.0125 -0.0618655 -0.0875744 0.0158788 0.183479 0.683035 0.10853 -0.698584 0.068835
e_6_7 6 7 4 0.0125 -0.103887 -0.1065 0.018893 0.214229 0.651565 0.104949 -0.720108 0.02361
e_7_8 7 8 5 0.0125 -0.163688 -0.120831 0.0525134 0.24243 0.477793 -0.0451987 -0.843148 0.119026
e_8_9 8 9 6 0.0125 -0.245707 -0.138274 0.106641 0.261424 0.475498 -0.0270759 -0.839539 0.080646
e_9_2 9 2 7 0.0125 -0.300663 -0.147825 0.131458 0.0781715 0.661056 -0.028622 -0.745704 0.044816
6 10 9
2 0.0745998 -0.115089 0.0121448 0.0125
11 0.079067 -0.0969355 0.0193579 0.0125
10 0.0830714 -0.0790129 0.0273111 0.0125
9 0.0886809 -0.0610463 0.0343402 0.0125
4 0.0133478 0.107764 0.0371699 0.0125
1 -0.189411 0.251961 0.047908 0.0125
8 0.0881598 -0.0414462 0.0384237 0.0125
5 0.0337589 0.0874229 0.0368452 0.0125
6 0.08107 0.0045472 0.0377719 0.0125
7 0.0850085 -0.0211714 0.0381041 0.0125
e_1_4 1 4 1 0.0125 -0.0880314 0.179863 0.0425396 0.689244 0.367568 0.621653 -0.0581767 0.249037
e_4_5 4 5 2 0.0125 0.0235538 0.0975932 0.0370075 0.699236 0.446405 0.553501 -0.0736775 0.028818
e_5_6 5 6 3 0.0125 0.0574149 0.045985 0.037308 0.70379 0.557348 0.42954 -0.0976635 0.095433
e_6_7 6 7 4 0.0125 0.0830394 -0.0083118 0.0379386 0.699615 0.66334 0.231505 -0.130091 0.026021
e_7_8 7 8 5 0.0125 0.086584 -0.0313094 0.0382643 0.700606 0.661952 0.232499 -0.130057 0.020521
e_8_9 8 9 6 0.0125 0.0884206 -0.0512467 0.0363813 0.617861 0.755326 0.177225 -0.127758 0.020027
e_9_10 9 10 7 0.0125 0.0858768 -0.0700293 0.0308257 0.55055 0.820895 -0.0325374 -0.148214 0.020091
e_10_11 10 11 8 0.0125 0.0810697 -0.0879746 0.0233349 0.531474 0.835438 0.0274164 -0.137214 0.020013
e_11_2 11 2 9 0.0125 0.0768329 -0.106012 0.0157514 0.547588 0.824558 0.0101653 -0.141944 0.020038
7 8 7
2 0.286382 -0.0412835 0.0322638 0.0125
9 0.266402 -0.0387827 0.029592 0.0125
4 0.121745 0.0729373 0.0122872 0.0125
1 -0.064015 0.287581 0.0655841 0.0125
8 0.246656 -0.0349118 0.0289403 0.0125
5 0.169275 0.0213503 0.0152724 0.0125
6 0.205344 -0.0166795 0.0297004 0.0125
7 0.226029 -0.0308781 0.0282619 0.0125
e_1_4 1 4 1 0.0125 0.0288647 0.180259 0.0389354 -0.0999647 -0.588508 0.495907 -0.630668 0.288824
e_4_5 4 5 2 0.0125 0.14551 0.0471438 0.0137798 -0.0796152 -0.522101 0.454041 -0.717578 0.070209
e_5_6 5 6 3 0.0125 0.187309 0.00233537 0.0224858 -0.0668419 -0.452532 0.403135 -0.792609 0.054364
e_6_7 6 7 4 0.0125 0.215687 -0.0237783 0.0289806 0.233904 -0.423399 0.591056 -0.645504 0.02513
e_7_8 7 8 5 0.0125 0.236342 -0.0328943 0.0286012 0.636352 -0.198609 0.666638 -0.333474 0.021029
e_8_9 8 9 6 0.0125 0.256529 -0.0368477 0.0292661 0.636169 -0.198696 0.666601 -0.333844 0.020133
e_9_2 9 2 7 0.0125 0.276392 -0.0400331 0.0309279 0.717241 -0.11895 0.648125 -0.226603 0.020313
8 6 5
2 -0.316912 0.0165152 0.0606173 0.0125
7 -0.2563 0.0132904 0.0622236 0.0125
6 -0.210395 0.00320168 0.06347 0.0125
5 0.0376688 -0.0269049 0.0754972 0.0125
1 0.177 -0.0494142 0.0801718 0.0125
4 0.14342 -0.0498217 0.0756594 0.0125
e_1_4 1 4 1 0.0125 0.160209 -0.0496179 0.0779162 0.649731 0.130384 -0.741337 -0.106153 0.033885
e_4_5 4 5 2 0.0125 0.0905437 -0.0383637 0.0755786 0.654801 -0.398747 -0.584597 0.265486 0.108205
e_5_6 5 6 3 0.0125 -0.0863626 -0.0118517 0.069483 0.651319 -0.319291 -0.649685 0.227478 0.250173
e_6_7 6 7 4 0.0125 -0.233348 0.00824604 0.0628468 0.62537 -0.448039 -0.559036 0.309276 0.047018
e_7_2 7 2 5 0.0125 -0.286607 0.0149027 0.0614197 0.697681 -0.0421778 -0.715155 0.00402225 0.060719
9 11 10
2 0.0381855 0.204301 0.0733358 0.0125
12 0.0347393 0.183384 0.0723963 0.0125
11 0.028684 0.163832 0.0718338 0.0125
10 0.0211971 0.144621 0.0684753 0.0125
9 0.0168036 0.122081 0.0636317 0.0125
4 0.0934762 -0.238702 0.0124993 0.0125
1 0.102214 -0.275505 0.024442 0.0125
8 0.0226305 0.100711 0.0622978 0.0125
5 0.0631445 -0.0969834 0.0406164 0.0125
6 0.0513342 0.00974843 0.0577969 0.0125
7 0.0261077 0.0810532 0.0610204 0.0125
e_1_4 1 4 1 0.0125 0.0978446 -0.257103 0.0184702 -0.0149189 0.206063 -0.779792 -0.590965 0.039667
e_4_5 4 5 2 0.0125 0.0783106 -0.167843 0.0265575 0.766324 -0.60254 -0.204256 -0.0892882 0.14763
e_5_6 5 6 3 0.0125 0.0572393 -0.0436175 0.0492066 0.760659 -0.64655 -0.0545887 0.0197619 0.108749
e_6_7 6 7 4 0.0125 0.0387213 0.0454008 0.059409 0.627522 -0.452784 -0.52316 -0.357081 0.075704
e_7_8 7 8 5 0.0125 0.0243688 0.0908821 0.0616595 0.705708 -0.621786 -0.285396 -0.184141 0.020004
e_8_9 8 9 6 0.0125 0.0197167 0.111397 0.062965 0.667904 -0.534963 -0.428668 -0.289765 0.02219
e_9_10 9 10 7 0.0125 0.0190004 0.133351 0.0660534 0.605095 -0.406163 0.481505 0.486873 0.023469
e_10_11 10 11 8 0.0125 0.0249412 0.154226 0.0701546 0.42609 -0.142585 0.631889 0.631532 0.02089
e_11_12 11 12 9 0.0125 0.031712 0.173608 0.0721147 0.29489 -0.0860372 0.692007 0.653271 0.020477
e_12_2 12 2 10 0.0125 0.0364621 0.193843 0.0728657 0.479153 -0.368156 0.585073 0.540891 0.02122
10 6 5
2 0.0370366 0.201483 0.118703 0.0125
7 0.0214575 0.188677 0.0924866 0.0125
6 -0.0105851 0.171535 0.0759579 0.0125
5 -0.0294946 0.165568 0.0709289 0.0125
1 -0.312614 -0.119605 0.0986498 0.0125
4 -0.06203 0.154033 0.0749055 0.0125
e_1_4 1 4 1 0.0125 -0.187322 0.0172149 0.0867779 0.675993 -0.607319 0.40385 -0.105364 0.371798
e_4_5 4 5 2 0.0125 -0.0457623 0.1598 0.0729172 0.612417 -0.504728 0.54997 -0.260247 0.034748
e_5_6 5 6 3 0.0125 -0.0200395 0.168552 0.0734435 0.735925 -0.383906 0.47928 -0.285168 0.020456
e_6_7 6 7 4 0.0125 0.00543609 0.180106 0.0842218 0.808677 -0.376313 0.38907 -0.230338 0.039922
e_7_2 7 2 5 0.0125 0.029247 0.19508 0.105595 0.930666 -0.246645 0.207019 -0.173698 0.033076
11 10 9
2 -0.387498 0.0929817 0.122798 0.0125
11 -0.368246 0.093308 0.115099 0.0125
10 -0.348746 0.0918158 0.108924 0.0125
9 -0.315023 0.0829117 0.107008 0.0125
4 -0.1713 -0.0151557 0.0864466 0.0125
1 0.0319036 -0.12357 0.0133385 0.0125
8 -0.295496 0.077648 0.10574 0.0125
5 -0.193898 -0.00299062 0.0931759 0.0125
6 -0.248717 0.0464488 0.0841401 0.0125
7 -0.266912 0.0599602 0.0879405 0.0125
e_1_4 1 4 1 0.0125 -0.0696975 -0.0693625 0.0498923 0.676828 0.0506252 -0.588356 -0.439521 0.24164
e_4_5 4 5 2 0.0125 -0.182598 -0.00907304 0.0898108 0.628782 0.0968879 -0.603158 -0.481088 0.026532
e_5_6 5 6 3 0.0125 -0.221307 0.0217289 0.0886579 0.121729 0.454513 -0.595117 -0.651487 0.074371
e_6_7 6 7 4 0.0125 -0.257814 0.0532043 0.0860402 0.405942 0.234413 -0.601962 -0.646454 0.022979
e_7_8 7 8 5 0.0125 -0.281204 0.068804 0.0968409 0.814609 -0.122225 -0.501077 -0.265321 0.038037
e_8_9 8 9 6 0.0125 -0.30526 0.0802796 0.106375 0.622269 0.192109 -0.65711 -0.379581 0.020263
e_9_10 9 10 7 0.0125 -0.331884 0.0873634 0.107966 0.619964 0.19635 -0.658813 -0.378228 0.034931
e_10_11 10 11 8 0.0125 -0.358495 0.0925617 0.112012 0.799013 0.0357433 -0.590075 -0.110059 0.020509
e_11_2 11 2 9 0.0125 -0.377872 0.093145 0.118949 0.828015 0.00569188 -0.560649 0.0056248 0.020738
12 7 6
2 0.0620595 -0.16718 0.0467632 0.0125
4 -0.250461 0.099916 0.130634 0.0125
1 -0.288784 0.14814 0.146622 0.0125
8 0.0195659 -0.105213 0.0423468 0.0125
5 -0.077649 -0.0210353 0.108792 0.0125
6 -0.0059538 -0.06082 0.0693893 0.0125
7 0.00346297 -0.0774205 0.0569736 0.0125
e_1_4 1 4 1 0.0125 -0.269623 0.124028 0.138628 -0.14856 -0.62772 0.481237 -0.593556 0.063638
e_4_5 4 5 2 0.0125 -0.164056 0.0394398 0.119712 0.155268 -0.493112 0.555282 -0.651455 0.212062
e_5_6 5 6 3 0.0125 -0.0418008 -0.0409274 0.0890913 0.140291 -0.605784 0.591265 -0.513566 0.09097
e_6_7 6 7 4 0.0125 -0.00124551 -0.0691202 0.0631807 -0.219127 -0.736561 0.479731 -0.42346 0.022769
e_7_8 7 8 5 0.0125 0.0115138 -0.0913168 0.0496599 -0.243788 -0.704209 0.459661 -0.483083 0.035294
e_8_2 8 2 6 0.0125 0.0408124 -0.136197 0.0445547 -0.237763 -0.551589 0.40794 -0.687607 0.075267
13 10 9
2 0.216826 0.0387291 0.0563677 0.0125
11 0.197332 0.0372548 0.0605852 0.0125
10 0.177574 0.0403518 0.0603917 0.0125
9 0.159514 0.0489357 0.0608264 0.0125
4 0.0593961 0.0818429 0.0868915 0.0125
1 -0.264421 0.136964 0.118696 0.0125
8 0.140822 0.0563347 0.0619686 0.0125
5 0.0770104 0.0755116 0.078678 0.0125
6 0.100155 0.0670931 0.0679339 0.0125
7 0.120714 0.0627724 0.0649497 0.0125
e_1_4 1 4 1 0.0125 -0.102513 0.109404 0.102794 0.635476 -0.1204 0.730542 -0.219049 0.330012
e_4_5 4 5 2 0.0125 0.0682034 0.078677 0.0827852 0.455554 -0.200051 0.812957 -0.302573 0.02044
e_5_6 5 6 3 0.0125 0.0885829 0.0713031 0.0733057 0.456578 -0.196013 0.813333 -0.302662 0.02687
e_6_7 6 7 4 0.0125 0.110434 0.0649319 0.066442 0.612806 -0.117176 0.746047 -0.232706 0.021219
e_7_8 7 8 5 0.0125 0.130768 0.0595536 0.0634592 0.610509 -0.0483321 0.753363 -0.239554 0.021322
e_8_9 8 9 6 0.0125 0.150168 0.0526356 0.0613978 0.651032 0.0384647 0.725868 -0.218619 0.020136
e_9_10 9 10 7 0.0125 0.168544 0.0446437 0.0606091 0.667943 0.101686 0.70749 -0.207293 0.020001
e_10_11 10 11 8 0.0125 0.187453 0.0388039 0.0604884 0.684046 -0.0830946 0.698754 -0.192144 0.02
e_11_2 11 2 9 0.0125 0.207079 0.0379922 0.0584769 0.591201 -0.317399 0.710416 -0.212249 0.02
14 10 9
2 0.190628 -0.00743687 0.112851 0.0125
11 0.173999 0.00311974 0.106276 0.0125
10 0.156177 0.0141077 0.100195 0.0125
9 0.126729 0.0346346 0.0928515 0.0125
4 -0.134101 0.000980771 0.184108 0.0125
1 -0.221609 0.00649672 0.267181 0.0125
8 0.0969397 0.0420065 0.091825 0.0125
5 -0.0418552 0.0474213 0.11307 0.0125
6 0.0337485 0.0455989 0.0868574 0.0125
7 0.0771286 0.0454227 0.0928027 0.0125
e_1_4 1 4 1 0.0125 -0.177855 0.00373914 0.225644 0.130339 0.884556 0.247881 0.372998 0.120786
e_4_5 4 5 2 0.0125 -0.0879787 0.0242014 0.148589 -0.218781 0.884845 -0.0203094 0.410818 0.125349
e_5_6 5 6 3 0.0125 -0.00405369 0.0465107 0.0999638 0.344101 0.667218 0.467512 0.466741 0.080041
e_6_7 6 7 4 0.0125 0.0554387 0.0455106 0.0898296 0.746556 0.0922356 0.650845 0.102697 0.043786
e_7_8 7 8 5 0.0125 0.0870343 0.0437142 0.0923141 0.644722 0.368523 0.623276 0.245052 0.020126
e_8_9 8 9 6 0.0125 0.111834 0.0383205 0.0923386 0.704847 0.29622 0.628917 0.141095 0.030705
e_9_10 9 10 7 0.0125 0.141453 0.0243709 0.0965241 0.765848 0.279099 0.567359 -0.116979 0.03664
e_10_11 10 11 8 0.0125 0.165087 0.00861408 0.103236 0.783275 0.205684 0.564112 -0.161095 0.021802
e_11_2 11 2 9 0.0125 0.182313 -0.00215836 0.109564 0.787845 0.186285 0.554077 -0.193897 0.020765
