14
1 8 7
2 -0.146979 0.0698883 0.0279739 0.0125
9 -0.125127 0.0542988 0.0190535 0.0125
4 0.151334 -0.0769278 0.0118002 0.0125
1 0.263098 -0.193046 0.0334107 0.0125
8 -0.107433 0.0408964 0.0153113 0.0125
5 -0.0179907 -0.0022036 0.0153856 0.0125
6 -0.0520866 0.0201308 0.0180557 0.0125
7 -0.0903282 0.0295838 0.0119818 0.0125
e_1_4 1 4 1 0.0125 0.207216 -0.134986 0.0226053 -0.530673 0.746005 0.0996371 -0.38979 0.162609
e_4_5 4 5 2 0.0125 0.0666721 -0.0395653 0.0135926 -0.469133 0.668663 0.20786 -0.538143 0.185114
e_5_6 5 6 3 0.0125 -0.0350381 0.00896358 0.0167205 -0.539354 0.662068 0.170216 -0.491722 0.040847
e_6_7 6 7 4 0.0125 -0.0712073 0.0248575 0.0150192 -0.340437 0.72336 0.230097 -0.554895 0.039858
e_7_8 7 8 5 0.0125 -0.09888 0.0352401 0.0136464 -0.575194 0.624232 0.173839 -0.499266 0.020776
e_8_9 8 9 6 0.0125 -0.11628 0.0475981 0.0171822 -0.595677 0.626141 0.157546 -0.477803 0.022511
e_9_2 9 2 7 0.0125 -0.136052 0.0620935 0.0235135 -0.641703 0.560106 0.169129 -0.495877 0.028286
2 9 8
2 0.0375376 0.366439 0.276683 0.0125
10 0.0421222 0.352254 0.263258 0.0125
9 0.0430929 0.337084 0.250096 0.0125
4 0.0166631 0.107568 0.0776963 0.0125
1 0.0136101 -0.0459894 0.0308378 0.0125
8 0.0446434 0.321952 0.236402 0.0125
5 0.068865 0.23794 0.173962 0.0125
6 0.0583292 0.294183 0.210931 0.0125
7 0.0492619 0.306924 0.223659 0.0125
e_1_4 1 4 1 0.0125 0.015137 0.0307886 0.0542673 0.552154 -0.417336 -0.424173 -0.583981 0.160577
e_4_5 4 5 2 0.0125 0.0427644 0.172754 0.12583 0.610826 -0.424133 -0.193421 -0.639994 0.170261
e_5_6 5 6 3 0.0125 0.0635975 0.266061 0.192446 0.672619 -0.303353 -0.369653 -0.564727 0.068125
e_6_7 6 7 4 0.0125 0.0537962 0.300554 0.217295 0.756332 -0.156921 -0.399686 -0.493546 0.020164
e_7_8 7 8 5 0.0125 0.0469525 0.314439 0.23003 0.716871 -0.249838 -0.350363 -0.548564 0.020237
e_8_9 8 9 6 0.0125 0.0438684 0.329518 0.243249 0.707617 -0.287197 -0.288035 -0.577782 0.020467
e_9_10 9 10 7 0.0125 0.0426075 0.344669 0.256677 0.697749 -0.301159 -0.286407 -0.583455 0.020107
e_10_2 10 2 8 0.0125 0.0398296 0.359346 0.26997 0.731868 -0.235158 -0.331835 -0.546769 0.020062
3 9 8
2 -0.292612 -0.0821936 0.0115147 0.0125
10 -0.272693 -0.0808536 0.0143461 0.0125
9 -0.256269 -0.0727268 0.0237082 0.0125
4 -0.110069 -0.0959459 0.0116531 0.0125
1 0.117086 -0.288551 0.013084 0.0125
8 -0.238626 -0.0639729 0.0318892 0.0125
5 -0.147808 -0.0853653 0.0169451 0.0125
6 -0.194563 -0.0626253 0.0355553 0.0125
7 -0.218794 -0.0591279 0.036119 0.0125
e_1_4 1 4 1 0.0125 0.00350925 -0.192248 0.0123684 0.697457 -0.534163 -0.465911 0.105598 0.297823
e_4_5 4 5 2 0.0125 -0.128938 -0.0906553 0.0142994 0.707309 -0.384115 -0.534366 0.258112 0.03955
e_5_6 5 6 3 0.0125 -0.171186 -0.0739952 0.0262506 0.791465 -0.373679 -0.438016 0.205156 0.055222
e_6_7 6 7 4 0.0125 -0.206678 -0.0608769 0.0358372 0.651309 -0.376704 -0.588716 0.295473 0.024488
e_7_8 7 8 5 0.0125 -0.22871 -0.0615513 0.0340042 0.494135 -0.324828 -0.704224 0.39292 0.020849
e_8_9 8 9 6 0.0125 -0.247447 -0.0683504 0.0277991 0.362312 -0.323284 -0.766348 0.420628 0.021327
e_9_10 9 10 7 0.0125 -0.264481 -0.0767896 0.0190268 0.330383 -0.352513 -0.776671 0.404183 0.020578
e_10_2 10 2 8 0.0125 -0.282652 -0.0815233 0.0129303 0.554601 -0.35886 -0.664393 0.349597 0.020163
4 7 6
2 -0.0690776 0.030505 0.050664 0.0125
4 -0.216414 -0.130141 0.0656598 0.0125
1 -0.393026 -0.257792 0.231694 0.0125
8 -0.0859034 0.018872 0.042746 0.0125
5 -0.200059 -0.114905 0.0607636 0.0125
6 -0.13368 -0.0113439 0.0424705 0.0125
7 -0.104768 0.0077695 0.045544 0.0125
e_1_4 1 4 1 0.0125 -0.30472 -0.193966 0.148677 0.164977 0.479098 0.757292 0.412015 0.273959
e_4_5 4 5 2 0.0125 -0.208236 -0.122523 0.0632121 0.186986 0.385763 0.676888 0.598369 0.022882
e_5_6 5 6 3 0.0125 -0.16687 -0.0631251 0.0516175 -0.0236684 0.43152 0.622365 0.652605 0.124362
e_6_7 6 7 4 0.0125 -0.119224 -0.00178759 0.0440075 0.430392 0.240173 0.630993 0.599106 0.034795
e_7_8 7 8 5 0.0125 -0.0953357 0.0133201 0.0441448 0.379825 0.310484 0.683376 0.540675 0.022067
e_8_2 8 2 6 0.0125 -0.0774899 0.0246881 0.046705 0.566195 0.117496 0.552904 0.59993 0.021935
5 8 7
2 0.239609 -0.12934 0.150908 0.0125
9 0.217256 -0.125227 0.136141 0.0125
4 -0.00839996 -0.0109776 0.0668573 0.0125
1 -0.174158 0.0880067 0.09219 0.0125
8 0.186175 -0.0986753 0.110502 0.0125
5 0.103917 -0.0566647 0.0567504 0.0125
6 0.139917 -0.0694062 0.071809 0.0125
7 0.165879 -0.0832272 0.0935203 0.0125
e_1_4 1 4 1 0.0125 -0.0912795 0.0385141 0.0795233 0.496644 -0.134411 0.739584 -0.433927 0.194719
e_4_5 4 5 2 0.0125 0.0477579 -0.0338207 0.0618041 0.528837 -0.209132 0.705547 -0.422846 0.121674
e_5_6 5 6 3 0.0125 0.121918 -0.0630358 0.0642795 0.753811 -0.0465676 0.560729 -0.339386 0.041051
e_6_7 6 7 4 0.0125 0.152898 -0.0763171 0.0826644 0.851415 0.0823562 0.443011 -0.268423 0.036556
e_7_8 7 8 5 0.0125 0.176026 -0.0909513 0.102011 0.841749 0.161447 0.44366 -0.26184 0.030642
e_8_9 8 9 6 0.0125 0.201715 -0.111951 0.123321 0.835574 0.190985 0.44481 -0.259776 0.048253
e_9_2 9 2 7 0.0125 0.228432 -0.127284 0.143525 0.827589 -0.076623 0.470865 -0.295825 0.027105
6 11 10
2 0.237171 0.00717594 0.0156056 0.0125
12 0.225738 0.0200952 0.025733 0.0125
11 0.21117 0.0318577 0.0327641 0.0125
10 0.195365 0.0426325 0.0386089 0.0125
9 0.177293 0.0474381 0.0457585 0.0125
4 -0.0564266 0.0231225 0.102309 0.0125
1 -0.227486 -0.0152377 0.0761668 0.0125
8 0.157618 0.0487905 0.0493001 0.0125
5 0.0986058 0.0461697 0.0603927 0.0125
6 0.117748 0.0485281 0.0550353 0.0125
7 0.137809 0.0503549 0.052475 0.0125
e_1_4 1 4 1 0.0125 -0.141955 0.00394249 0.0892384 -0.537867 0.550004 -0.351783 0.533332 0.177247
e_4_5 4 5 2 0.0125 0.0210902 0.0346462 0.0813513 -0.146989 0.789539 -0.0761991 0.590945 0.162244
e_5_6 5 6 3 0.0125 0.108177 0.0473491 0.0577135 -0.123976 0.793341 -0.0665911 0.592288 0.020017
e_6_7 6 7 4 0.0125 0.127778 0.0494417 0.0537547 -0.231712 0.723707 -0.198209 0.619089 0.020306
e_7_8 7 8 5 0.0125 0.147713 0.049573 0.0508875 -0.0862291 0.743796 -0.160159 0.64318 0.020123
e_8_9 8 9 6 0.0125 0.167455 0.0481142 0.047529 -0.072828 0.754346 -0.139129 0.637417 0.020037
e_9_10 9 10 7 0.0125 0.186329 0.0450349 0.0421835 0.267057 0.80194 0.188223 0.500145 0.02002
e_10_11 10 11 8 0.0125 0.203268 0.037245 0.0356872 0.584557 0.568154 0.568604 0.110378 0.020001
e_11_12 11 12 9 0.0125 0.218454 0.0259769 0.0292492 0.569041 0.493572 0.657402 -0.0200359 0.02
e_12_2 12 2 10 0.0125 0.231455 0.0136357 0.0206688 0.474264 0.448834 0.74274 -0.148184 0.020005
7 6 5
2 -0.360893 -0.35382 0.244525 0.0125
7 -0.317335 -0.289652 0.207537 0.0125
6 -0.305126 -0.265654 0.180522 0.0125
5 -0.2524 -0.224017 0.132711 0.0125
1 -0.108369 -0.00113499 0.0189592 0.0125
4 -0.177319 -0.135917 0.0602949 0.0125
e_1_4 1 4 1 0.0125 -0.142844 -0.0685262 0.0396272 -0.622923 -0.251792 0.552181 -0.493623 0.156936
e_4_5 4 5 2 0.0125 -0.214859 -0.179967 0.0965035 -0.712329 -0.117907 0.470014 -0.507713 0.136539
e_5_6 5 6 3 0.0125 -0.278763 -0.244836 0.156617 -0.741587 -0.0387595 0.45672 -0.48985 0.082459
e_6_7 6 7 4 0.0125 -0.311231 -0.277654 0.19403 -0.727015 -0.160843 0.346387 -0.57061 0.038141
e_7_2 7 2 5 0.0125 -0.339114 -0.321736 0.226031 -0.678287 -0.175107 0.504089 -0.505132 0.085924
8 10 9
2 0.150416 0.131568 0.207603 0.0125
11 0.133349 0.134772 0.197227 0.0125
10 0.11662 0.139192 0.186834 0.0125
9 0.102973 0.143446 0.172371 0.0125
4 -0.103608 0.102768 0.067452 0.0125
1 -0.284254 0.0373839 0.0139809 0.0125
8 0.0839984 0.151677 0.161707 0.0125
5 0.00321809 0.139401 0.127974 0.0125
6 0.0234473 0.143108 0.135623 0.0125
7 0.0639213 0.149268 0.153434 0.0125
e_1_4 1 4 1 0.0125 -0.193931 0.0700757 0.0407162 0.761292 -0.0300671 0.604174 0.233459 0.199417
e_4_5 4 5 2 0.0125 -0.0501947 0.121084 0.0977129 0.827359 -0.0319608 0.51264 0.227278 0.128128
e_5_6 5 6 3 0.0125 0.0133333 0.141255 0.131798 0.780962 0.075623 0.565688 0.253727 0.021942
e_6_7 6 7 4 0.0125 0.0436842 0.146188 0.144527 0.796738 0.0862239 0.541385 0.254316 0.044647
e_7_8 7 8 5 0.0125 0.0739598 0.150472 0.15757 0.788752 0.109733 0.546459 0.259252 0.021848
e_8_9 8 9 6 0.0125 0.0934857 0.147561 0.167039 0.804191 0.355574 0.380044 0.287072 0.023271
e_9_10 9 10 7 0.0125 0.109797 0.141318 0.179603 0.888748 0.209201 0.317181 0.256432 0.020335
e_10_11 10 11 8 0.0125 0.124984 0.136981 0.19203 0.825016 0.270872 0.411334 0.277093 0.020184
e_11_2 11 2 9 0.0125 0.141882 0.133171 0.202414 0.825574 0.239023 0.431719 0.273704 0.020229
9 7 6
2 -0.164512 -0.122707 0.0276087 0.0125
4 0.00183132 0.00252343 0.0994825 0.0125
1 0.104445 0.219291 0.224879 0.0125
8 -0.10939 -0.0947196 0.0366156 0.0125
5 -0.0140357 -0.0284864 0.081399 0.0125
6 -0.0309885 -0.0454883 0.0659135 0.0125
7 -0.0635332 -0.0725825 0.0441826 0.0125
e_1_4 1 4 1 0.0125 0.0531376 0.110907 0.162181 0.145583 -0.133947 -0.844825 0.497126 0.270632
e_4_5 4 5 2 0.0125 -0.0061024 -0.0129818 0.090441 0.158761 -0.138026 -0.843403 0.494383 0.039248
e_5_6 5 6 3 0.0125 -0.0225121 -0.0369873 0.0736562 0.24776 -0.20848 -0.852965 0.409391 0.02857
e_6_7 6 7 4 0.0125 -0.0472609 -0.0590346 0.055048 0.307855 -0.20679 -0.827957 0.420655 0.047597
e_7_8 7 8 5 0.0125 -0.086462 -0.0836507 0.0403994 0.489925 -0.203974 -0.729308 0.431832 0.05148
e_8_2 8 2 6 0.0125 -0.136951 -0.108713 0.0321124 0.48479 -0.19903 -0.729712 0.439189 0.062473
10 11 10
2 0.38707 -0.296817 0.22588 0.0125
12 0.387983 -0.289878 0.207144 0.0125
11 0.387571 -0.278323 0.190824 0.0125
10 0.381392 -0.267835 0.174953 0.0125
9 0.374896 -0.2547 0.161314 0.0125
4 0.206859 -0.0248044 0.0361712 0.0125
1 0.157153 0.0632979 0.0114982 0.0125
8 0.363099 -0.238689 0.152538 0.0125
5 0.315261 -0.182472 0.0945818 0.0125
6 0.327704 -0.199217 0.112507 0.0125
7 0.346096 -0.218065 0.134531 0.0125
e_1_4 1 4 1 0.0125 0.182006 0.0192472 0.023835 0.315132 0.49364 -0.371263 0.720538 0.104122
e_4_5 4 5 2 0.0125 0.261059 -0.103637 0.0653769 0.298076 0.494881 -0.330312 0.746416 0.200054
e_5_6 5 6 3 0.0125 0.321482 -0.190844 0.103545 0.335668 0.355038 -0.21932 0.844496 0.027505
e_6_7 6 7 4 0.0125 0.3369 -0.208641 0.123519 0.304378 0.380294 -0.186055 0.853296 0.034331
e_7_8 7 8 5 0.0125 0.354598 -0.228378 0.143534 0.311272 0.407397 -0.233819 0.826115 0.032229
e_8_9 8 9 6 0.0125 0.368998 -0.246695 0.156927 0.303955 0.461297 -0.292111 0.780697 0.021737
e_9_10 9 10 7 0.0125 0.378144 -0.261268 0.168133 0.37778 0.308677 -0.253139 0.835417 0.020018
e_10_11 10 11 8 0.0125 0.384481 -0.27308 0.182889 0.374581 0.259306 -0.189741 0.86974 0.020003
e_11_12 11 12 9 0.0125 0.387777 -0.2841 0.198985 0.459172 0.155571 -0.26041 0.834952 0.02
e_12_2 12 2 10 0.0125 0.387527 -0.293347 0.216512 0.458533 0.0616056 -0.166788 0.870709 0.02
11 11 10
2 0.0434848 0.0522633 0.0991745 0.0125
12 0.0561463 0.0625167 0.110808 0.0125
11 0.0649006 0.0737164 0.124885 0.0125
10 0.0683373 0.0910617 0.134241 0.0125
9 0.0717533 0.110388 0.138226 0.0125
4 0.0130748 0.206627 0.159802 0.0125
1 -0.232549 0.350739 0.2444 0.0125
8 0.0709111 0.12956 0.144164 0.0125
5 0.0449962 0.180693 0.161322 0.0125
6 0.0588299 0.165694 0.155808 0.0125
7 0.064783 0.148659 0.146543 0.0125
e_1_4 1 4 1 0.0125 -0.109737 0.278683 0.202101 0.568347 0.60049 0.530843 0.186006 0.297079
e_4_5 4 5 2 0.0125 0.0290349 0.193661 0.160562 0.718221 0.474817 0.506041 0.0512806 0.041157
e_5_6 5 6 3 0.0125 0.0519126 0.173194 0.158565 0.537252 0.767714 0.202615 0.284469 0.021137
e_6_7 6 7 4 0.0125 0.0618063 0.157177 0.151175 0.402965 0.8015 -0.293234 0.330502 0.020284
e_7_8 7 8 5 0.0125 0.0678474 0.13911 0.145354 0.623905 0.746994 -0.0295111 0.227754 0.020199
e_8_9 8 9 6 0.0125 0.0713318 0.119974 0.141196 0.540438 0.74684 -0.300074 0.245181 0.020088
e_9_10 9 10 7 0.0125 0.0700445 0.100725 0.136233 0.605619 0.690562 -0.350193 0.183614 0.020027
e_10_11 10 11 8 0.0125 0.066619 0.0823888 0.129562 0.464669 0.684548 -0.515017 0.22413 0.020005
e_11_12 11 12 9 0.0125 0.0605241 0.0681169 0.117846 0.362299 0.492246 -0.780709 0.130104 0.020005
e_12_2 12 2 10 0.0125 0.0498161 0.0573906 0.104991 0.452301 0.447773 -0.768154 0.0697291 0.020019
12 10 9
2 -0.183049 -0.246205 0.0118069 0.0125
11 -0.167336 -0.233782 0.0152666 0.0125
10 -0.152133 -0.220759 0.0183087 0.0125
9 -0.137934 -0.2056 0.0210387 0.0125
4 -0.0470326 -0.0347094 0.0942965 0.0125
1 -0.0702672 0.158835 0.208121 0.0125
8 -0.120555 -0.189143 0.0240334 0.0125
5 -0.0560316 -0.0652013 0.0778144 0.0125
6 -0.0735264 -0.127415 0.0586553 0.0125
7 -0.108261 -0.169165 0.0310681 0.0125
e_1_4 1 4 1 0.0125 -0.0586503 0.0620632 0.151209 0.174459 0.204912 0.842695 -0.466305 0.225733
e_4_5 4 5 2 0.0125 -0.0515325 -0.0499548 0.0860553 -0.0215252 0.207696 0.828845 -0.519052 0.03581
e_5_6 5 6 3 0.0125 -0.0647792 -0.0963081 0.0682352 0.0109158 0.230958 0.767318 -0.598133 0.067407
e_6_7 6 7 4 0.0125 -0.0908932 -0.14829 0.0448612 -0.244436 0.175704 0.834005 -0.462401 0.060915
e_7_8 7 8 5 0.0125 -0.114408 -0.179155 0.0275507 -0.167601 0.211767 0.773809 -0.57296 0.024491
e_8_9 8 9 6 0.0125 -0.129245 -0.197372 0.022536 -0.346048 0.194438 0.724073 -0.564059 0.02412
e_9_10 9 10 7 0.0125 -0.145034 -0.213179 0.0196734 -0.303349 0.203901 0.723584 -0.585517 0.020949
e_10_11 10 11 8 0.0125 -0.159735 -0.227271 0.0167873 -0.378353 0.18263 0.736053 -0.530774 0.020249
e_11_2 11 2 9 0.0125 -0.175193 -0.239993 0.0135365 -0.401781 0.173099 0.745067 -0.503472 0.020327
13 8 7
2 -0.169887 -0.1475 0.124413 0.0125
9 -0.208947 -0.11781 0.0937929 0.0125
4 -0.362369 0.183154 0.0438202 0.0125
1 -0.388403 0.259741 0.0447494 0.0125
8 -0.222571 -0.108871 0.0794503 0.0125
5 -0.336181 0.0989739 0.0224026 0.0125
6 -0.287848 -0.0129185 0.0307668 0.0125
7 -0.267564 -0.0551908 0.0495362 0.0125
e_1_4 1 4 1 0.0125 -0.375385 0.221447 0.0442854 0.400628 0.571775 -0.422863 0.577717 0.080896
e_4_5 4 5 2 0.0125 -0.349275 0.141064 0.0331116 0.19819 0.461913 -0.636139 0.585392 0.090724
e_5_6 5 6 3 0.0125 -0.312015 0.043028 0.0265849 0.479537 0.615292 -0.295272 0.551611 0.122172
e_6_7 6 7 4 0.0125 -0.277706 -0.0340549 0.0401519 0.677694 0.552913 -0.0920085 0.475976 0.050504
e_7_8 7 8 5 0.0125 -0.245068 -0.0820299 0.0644932 0.746428 0.535997 0.127775 0.37313 0.076162
e_8_9 8 9 6 0.0125 -0.21576 -0.11334 0.086621 0.878968 0.308774 0.272603 0.240336 0.021708
e_9_2 9 2 7 0.0125 -0.189417 -0.132654 0.109102 0.835383 0.394586 0.282094 0.258573 0.057834
14 10 9
2 -0.107306 0.0730229 0.0500651 0.0125
11 -0.117292 0.0890893 0.0565586 0.0125
10 -0.126233 0.103288 0.0674416 0.0125
9 -0.136809 0.11402 0.0805953 0.0125
4 -0.247769 0.20542 0.17555 0.0125
1 -0.368798 0.426467 0.25755 0.0125
8 -0.148945 0.125097 0.0920449 0.0125
5 -0.209401 0.163602 0.14864 0.0125
6 -0.17848 0.138697 0.119092 0.0125
7 -0.164748 0.130226 0.103235 0.0125
e_1_4 1 4 1 0.0125 -0.308285 0.315943 0.21655 -0.422871 -0.78056 0.213152 -0.408011 0.265017
e_4_5 4 5 2 0.0125 -0.228585 0.18451 0.162095 -0.321695 -0.831048 0.153528 -0.426967 0.062809
e_5_6 5 6 3 0.0125 -0.19394 0.151149 0.133867 -0.221401 -0.881867 0.144338 -0.390459 0.049491
e_6_7 6 7 4 0.0125 -0.171614 0.134462 0.111164 -0.149873 -0.91119 0.142113 -0.356476 0.022623
e_7_8 7 8 5 0.0125 -0.156846 0.127661 0.0976393 -0.128831 -0.882215 0.0318163 -0.45176 0.020032
e_8_9 8 9 6 0.0125 -0.142877 0.119558 0.0863201 -0.247037 -0.872677 0.155829 -0.391312 0.020026
e_9_10 9 10 7 0.0125 -0.131521 0.108654 0.0740187 -0.227093 -0.890089 0.191244 -0.345827 0.020001
e_10_11 10 11 8 0.0125 -0.121762 0.0961892 0.0619998 -0.323487 -0.848152 0.229609 -0.351105 0.02
e_11_2 11 2 9 0.0125 -0.112299 0.0810561 0.0533118 -0.404503 -0.789601 0.197132 -0.417189 0.02
