14
1 11 10
2 0.155916 0.00675613 0.0141452 0.0125
12 0.138639 0.0168617 0.0153024 0.0125
11 0.120851 0.0232128 0.0219818 0.0125
10 0.103393 0.0218387 0.0316494 0.0125
9 0.0836496 0.0186974 0.0324101 0.0125
4 -0.0468347 0.0414894 0.0114797 0.0125
1 -0.263751 0.223493 0.0140136 0.0125
8 0.0644662 0.0145165 0.0284372 0.0125
5 -0.0183141 0.034001 0.014144 0.0125
6 0.0252485 0.017582 0.0212465 0.0125
7 0.044976 0.016148 0.0242525 0.0125
e_1_4 1 4 1 0.0125 -0.155293 0.132491 0.012746 0.670331 0.268634 0.657502 -0.214901 0.283168
e_4_5 4 5 2 0.0125 -0.0325745 0.0377449 0.0128115 0.709238 -0.0164866 0.674341 -0.204876 0.029607
e_5_6 5 6 3 0.0125 0.0034672 0.0257915 0.0176952 0.73172 0.0609201 0.64875 -0.199997 0.047092
e_6_7 6 7 4 0.0125 0.0351118 0.016865 0.0227496 0.734589 -0.115739 0.641463 -0.188436 0.020007
e_7_8 7 8 5 0.0125 0.0547205 0.0153319 0.0263445 0.755866 -0.0960127 0.621425 -0.182427 0.020001
e_8_9 8 9 6 0.0125 0.0740575 0.0166068 0.0304244 0.757428 -0.259471 0.577508 -0.15957 0.020032
e_9_10 9 10 7 0.0125 0.0935218 0.0202687 0.0320298 0.668396 -0.298894 0.655498 -0.185017 0.020006
e_10_11 10 11 8 0.0125 0.112122 0.0225261 0.0268153 0.460975 -0.422964 0.750172 -0.214118 0.020003
e_11_12 11 12 9 0.0125 0.129745 0.0200375 0.0186425 0.52017 -0.0862198 0.81195 -0.250453 0.020034
e_12_2 12 2 10 0.0125 0.147277 0.0118089 0.0147238 0.647709 0.138752 0.713874 -0.227165 0.020048
2 7 6
2 -0.433683 -0.213534 0.241742 0.0125
4 -0.0947498 -0.287902 0.0260701 0.0125
1 -0.00993074 -0.276519 0.0118573 0.0125
8 -0.420513 -0.221867 0.222322 0.0125
5 -0.128601 -0.281425 0.0481228 0.0125
6 -0.26815 -0.24758 0.125953 0.0125
7 -0.363023 -0.240767 0.195898 0.0125
e_1_4 1 4 1 0.0125 -0.0523398 -0.282211 0.0189644 0.753317 0.185849 -0.619308 -0.120128 0.086751
e_4_5 4 5 2 0.0125 -0.111675 -0.284664 0.037096 0.660202 -0.378417 -0.2955 0.577593 0.040917
e_5_6 5 6 3 0.0125 -0.198376 -0.264503 0.0870375 0.591688 -0.443557 -0.254951 0.623027 0.163332
e_6_7 6 7 4 0.0125 -0.315587 -0.244174 0.160925 0.74509 -0.274751 -0.358189 0.490971 0.118066
e_7_8 7 8 5 0.0125 -0.391768 -0.231317 0.20911 0.464844 -0.527605 -0.146826 0.695697 0.066034
e_8_2 8 2 6 0.0125 -0.427098 -0.217701 0.232032 0.651588 -0.325224 -0.0653641 0.682195 0.024901
3 11 10
2 0.117668 0.180414 0.0455867 0.0125
12 0.100703 0.168686 0.0441096 0.0125
11 0.082803 0.156155 0.0424852 0.0125
10 0.0693332 0.140529 0.0478929 0.0125
9 0.0546379 0.124506 0.0558573 0.0125
4 -0.0729893 -0.00133649 0.0251358 0.0125
1 -0.22955 -0.165625 0.0274728 0.0125
8 0.0393883 0.106717 0.0567252 0.0125
5 -0.0351499 0.0518803 0.0393324 0.0125
6 -0.00624508 0.0811682 0.049412 0.0125
7 0.0210326 0.0929331 0.0556991 0.0125
e_1_4 1 4 1 0.0125 -0.15127 -0.0834814 0.0263039 0.575095 -0.703008 0.10454 -0.405114 0.226952
e_4_5 4 5 2 0.0125 -0.0540697 0.0252724 0.0322343 0.680355 -0.623705 0.0690729 -0.378602 0.066824
e_5_6 5 6 3 0.0125 -0.0206971 0.066524 0.0443717 0.669474 -0.601612 0.138208 -0.413239 0.042366
e_6_7 6 7 4 0.0125 0.00739401 0.0870509 0.0525552 0.606304 -0.556112 0.295317 -0.485719 0.030365
e_7_8 7 8 5 0.0125 0.0302105 0.0998244 0.0562119 0.571427 -0.666505 0.182905 -0.442479 0.022977
e_8_9 8 9 6 0.0125 0.0470133 0.115612 0.0562909 0.572663 -0.715828 0.0780068 -0.39187 0.023448
e_9_10 9 10 7 0.0125 0.0619859 0.132517 0.0518746 0.437642 -0.819057 0.0337269 -0.369429 0.023154
e_10_11 10 11 8 0.0125 0.0760682 0.148342 0.0451897 0.482875 -0.790615 0.0412253 -0.374246 0.021326
e_11_12 11 12 9 0.0125 0.091753 0.16242 0.0432972 0.578513 -0.650201 0.200466 -0.449861 0.021911
e_12_2 12 2 10 0.0125 0.109185 0.17455 0.0448475 0.576488 -0.650533 0.2027 -0.450978 0.020677
4 6 5
2 -0.190862 0.18818 0.164615 0.0125
7 -0.177186 0.170025 0.155508 0.0125
6 -0.150463 0.146335 0.138579 0.0125
5 -0.133335 0.132005 0.131248 0.0125
1 0.177013 -0.111879 0.01157 0.0125
4 -0.042003 0.0571436 0.0953375 0.0125
e_1_4 1 4 1 0.0125 0.0675054 -0.0273686 0.0534533 0.389015 0.236348 -0.54703 -0.702542 0.289057
e_4_5 4 5 2 0.0125 -0.0876697 0.0945741 0.113293 0.380227 0.227026 -0.550449 -0.707737 0.123432
e_5_6 5 6 3 0.0125 -0.1419 0.13917 0.134913 0.381662 0.219428 -0.543959 -0.714349 0.023504
e_6_7 6 7 4 0.0125 -0.163825 0.15818 0.147043 0.398768 0.185373 -0.501456 -0.745092 0.039521
e_7_2 7 2 5 0.0125 -0.184024 0.179102 0.160062 0.324761 0.134663 -0.543974 -0.761898 0.024487
5 11 10
2 0.0472237 0.259169 0.112192 0.0125
12 0.0400656 0.240013 0.111594 0.0125
11 0.0289804 0.214353 0.112523 0.0125
10 0.0158326 0.198582 0.107371 0.0125
9 0.00247927 0.179811 0.0960201 0.0125
4 -0.0399899 -0.0581708 0.0399076 0.0125
1 -0.0596632 -0.20923 0.0114914 0.0125
8 -0.00266605 0.150431 0.0882152 0.0125
5 -0.0276931 0.0440093 0.0643469 0.0125
6 -0.0211227 0.0862888 0.0718236 0.0125
7 -0.0131782 0.130502 0.0795763 0.0125
e_1_4 1 4 1 0.0125 -0.0498264 -0.133701 0.0256991 0.768572 -0.629753 0.108281 0.0313518 0.154962
e_4_5 4 5 2 0.0125 -0.0338415 -0.00708075 0.0521272 0.783788 -0.611755 0.101166 0.034605 0.10578
e_5_6 5 6 3 0.0125 -0.024408 0.0651491 0.0680857 0.764963 -0.631382 0.123643 0.0300118 0.043436
e_6_7 6 7 4 0.0125 -0.0171509 0.108395 0.0756999 0.764312 -0.629196 0.138131 0.0292987 0.045585
e_7_8 7 8 5 0.0125 -0.00792255 0.140467 0.0838952 0.823174 -0.488702 0.286662 0.0371382 0.024131
e_8_9 8 9 6 0.0125 -9.29772e-05 0.165121 0.0921182 0.79081 -0.596714 0.131707 0.0347154 0.030831
e_9_10 9 10 7 0.0125 0.00915596 0.189196 0.101696 0.848042 -0.414467 0.327441 0.0426957 0.02568
e_10_11 10 11 8 0.0125 0.022407 0.206467 0.109947 0.787931 -0.45777 0.410834 0.0287415 0.021169
e_11_12 11 12 9 0.0125 0.0345231 0.227183 0.112058 0.695179 -0.654996 0.29593 0.0115167 0.027967
e_12_2 12 2 10 0.0125 0.0436448 0.24959 0.111893 0.717175 -0.646865 0.258757 0.0164514 0.020458
6 8 7
2 -0.0648021 -0.176153 0.0538022 0.0125
9 -0.0527105 -0.158106 0.0559154 0.0125
4 0.186246 0.107247 0.0414143 0.0125
1 0.266859 0.18233 0.0221944 0.0125
8 -0.0214611 -0.120706 0.0632301 0.0125
5 0.0657124 -0.0063383 0.0858112 0.0125
6 0.0288998 -0.0534114 0.0769693 0.0125
7 0.00687375 -0.0813975 0.0714978 0.0125
e_1_4 1 4 1 0.0125 0.226553 0.144789 0.0318044 0.646129 0.117724 -0.632618 0.410429 0.111826
e_4_5 4 5 2 0.0125 0.125979 0.050455 0.0636123 0.686819 0.139625 -0.59249 0.397165 0.171469
e_5_6 5 6 3 0.0125 0.0473057 -0.0298745 0.0813903 0.578845 0.744641 -0.136693 -0.302924 0.060409
e_6_7 6 7 4 0.0125 0.0178868 -0.0674043 0.0742331 0.568253 0.749624 -0.118313 -0.318048 0.036032
e_7_8 7 8 5 0.0125 -0.007294 -0.101052 0.0673638 0.463011 0.756201 0.11071 -0.448914 0.049157
e_8_9 8 9 6 0.0125 -0.0370861 -0.139406 0.0595722 0.624474 0.697431 -0.29631 -0.189267 0.049283
e_9_2 9 2 7 0.0125 -0.058756 -0.167129 0.0548589 0.603572 0.733798 -0.0997487 -0.295451 0.021825
7 10 9
2 0.0480777 -0.286345 0.0124721 0.0125
11 0.0406941 -0.270071 0.0219256 0.0125
10 0.0326595 -0.253517 0.0316037 0.0125
9 0.0205441 -0.236289 0.0378014 0.0125
4 -0.0671058 -0.144241 0.0766483 0.0125
1 -0.193674 0.11621 0.0114986 0.0125
8 0.00967939 -0.221191 0.0462929 0.0125
5 -0.0440451 -0.161791 0.0830594 0.0125
6 -0.0209883 -0.175421 0.0749971 0.0125
7 -0.00159381 -0.204002 0.0569364 0.0125
e_1_4 1 4 1 0.0125 -0.13039 -0.0140163 0.044074 0.763815 0.606348 0.150315 0.16228 0.296815
e_4_5 4 5 2 0.0125 -0.0555757 -0.153017 0.0798539 0.772033 0.445298 0.440132 0.10935 0.02968
e_5_6 5 6 3 0.0125 -0.032517 -0.168607 0.0790277 0.594695 0.46176 0.656421 0.0471802 0.027971
e_6_7 6 7 4 0.0125 -0.0112909 -0.189712 0.0659669 0.507402 0.789961 0.328096 0.1042 0.038977
e_7_8 7 8 5 0.0125 0.00404285 -0.212597 0.0516152 0.508515 0.795769 0.310872 0.107347 0.023148
e_8_9 8 9 6 0.0125 0.0151114 -0.228741 0.0420473 0.530821 0.763822 0.352446 0.102891 0.020448
e_9_10 9 10 7 0.0125 0.0266018 -0.244903 0.0347026 0.588018 0.730871 0.327075 0.114382 0.021954
e_10_11 10 11 8 0.0125 0.0366765 -0.261795 0.0267648 0.500366 0.83932 0.168207 0.129933 0.020792
e_11_2 11 2 9 0.0125 0.044386 -0.278208 0.0171984 0.498156 0.845318 0.138738 0.134274 0.020216
8 7 6
2 -0.0410636 0.0194626 0.0879227 0.0125
4 0.139529 -0.111868 0.0630642 0.0125
1 0.38805 -0.206821 0.0262929 0.0125
8 -0.0221056 0.00699936 0.0789653 0.0125
5 0.0438667 -0.0519062 0.0520216 0.0125
6 0.0172003 -0.0240242 0.0595105 0.0125
7 -0.000275369 -0.00569264 0.0674583 0.0125
e_1_4 1 4 1 0.0125 0.26379 -0.159344 0.044678 0.750831 -0.289342 -0.589766 0.0686268 0.268573
e_4_5 4 5 2 0.0125 0.0916975 -0.0818873 0.0575423 0.627877 -0.590909 -0.446649 0.238961 0.11344
e_5_6 5 6 3 0.0125 0.0305331 -0.0379652 0.0557658 0.754097 -0.542335 -0.332561 0.163138 0.039301
e_6_7 6 7 4 0.0125 0.00846204 -0.0148584 0.0634841 0.796618 -0.485652 -0.33828 0.12292 0.026545
e_7_8 7 8 5 0.0125 -0.011191 0.000652901 0.0732118 0.84072 -0.284563 -0.460096 0.0229158 0.02775
e_8_2 8 2 6 0.0125 -0.0315848 0.0132312 0.0834444 0.825007 -0.339355 -0.448577 0.0545937 0.024392
9 6 5
2 -0.279867 -0.207231 0.0447467 0.0125
7 -0.24931 -0.151845 0.0323489 0.0125
6 -0.19865 -0.0455674 0.0120615 0.0125
5 -0.190734 0.0169903 0.0274683 0.0125
1 -0.223053 0.259992 0.0697011 0.0125
4 -0.202788 0.210847 0.0565405 0.0125
e_1_4 1 4 1 0.0125 -0.212921 0.23542 0.0631208 -0.335358 -0.144264 -0.774171 0.517091 0.054764
e_4_5 4 5 2 0.0125 -0.196761 0.113919 0.0420044 -0.129678 -0.104162 -0.750443 0.639664 0.196395
e_5_6 5 6 3 0.0125 -0.194692 -0.0142881 0.0197651 0.00693686 -0.0899712 -0.781398 0.617474 0.064911
e_6_7 6 7 4 0.0125 -0.22398 -0.0987063 0.0222047 0.307296 -0.020184 -0.643965 0.700337 0.11947
e_7_2 7 2 5 0.0125 -0.264589 -0.179539 0.0385481 0.360244 -0.0119123 -0.635361 0.682934 0.064459
10 9 8
2 0.176164 0.156519 0.0129258 0.0125
10 0.164187 0.143639 0.0225139 0.0125
9 0.152114 0.130424 0.0316578 0.0125
4 -0.0647008 0.0685118 0.129095 0.0125
1 -0.254026 -0.00879045 0.162753 0.0125
8 0.139758 0.117436 0.0405591 0.0125
5 0.0776662 0.105412 0.0841316 0.0125
6 0.0975225 0.110808 0.0756245 0.0125
7 0.120375 0.108847 0.0602444 0.0125
e_1_4 1 4 1 0.0125 -0.159364 0.02986 0.145924 -0.27324 -0.518125 -0.559237 -0.586634 0.20725
e_4_5 4 5 2 0.0125 0.00648303 0.086962 0.106614 -0.287546 -0.583679 -0.552723 -0.520704 0.153792
e_5_6 5 6 3 0.0125 0.087594 0.10811 0.0798777 -0.247464 -0.621264 -0.552318 -0.497732 0.022265
e_6_7 6 7 4 0.0125 0.108948 0.109827 0.067935 -0.30891 -0.712768 -0.520024 -0.355122 0.027617
e_7_8 7 8 5 0.0125 0.130067 0.113142 0.0504021 -0.0801562 -0.746556 -0.531855 -0.391612 0.02893
e_8_9 8 9 6 0.0125 0.145936 0.12393 0.036109 0.0570394 -0.649048 -0.548747 -0.523795 0.020015
e_9_10 9 10 7 0.0125 0.158151 0.137031 0.0270867 0.0703536 -0.654867 -0.546429 -0.517314 0.0201
e_10_2 10 2 8 0.0125 0.170175 0.150079 0.0177201 0.0690024 -0.665243 -0.544772 -0.505879 0.020032
11 8 7
2 0.0790708 0.144221 0.161833 0.0125
9 0.0509223 0.143791 0.164857 0.0125
4 -0.154745 0.0522572 0.115825 0.0125
1 -0.272994 -0.112329 0.0116853 0.0125
8 0.0184834 0.134546 0.174896 0.0125
5 -0.13823 0.0713492 0.126521 0.0125
6 -0.0882028 0.105705 0.146151 0.0125
7 -0.0292791 0.11959 0.175746 0.0125
e_1_4 1 4 1 0.0125 -0.213869 -0.030036 0.0637549 0.321944 0.121953 0.50656 0.790491 0.227853
e_4_5 4 5 2 0.0125 -0.146487 0.0618035 0.121173 0.322403 0.171658 0.524851 0.768844 0.027415
e_5_6 5 6 3 0.0125 -0.113217 0.0885268 0.136336 0.369749 0.279012 0.517951 0.719142 0.063785
e_6_7 6 7 4 0.0125 -0.058741 0.112647 0.160949 0.505144 0.341742 0.404486 0.681493 0.067384
e_7_8 7 8 5 0.0125 -0.00539791 0.127068 0.175321 0.373143 0.462694 0.5426 0.593518 0.050057
e_8_9 8 9 6 0.0125 0.0347034 0.139169 0.169876 0.311038 0.544056 0.588749 0.510523 0.035193
e_9_2 9 2 7 0.0125 0.0649966 0.144006 0.163345 0.43115 0.560995 0.488558 0.510593 0.028313
12 6 5
2 -0.0619398 0.247947 0.192865 0.0125
7 -0.0365194 0.245341 0.181233 0.0125
6 -0.0123216 0.235507 0.172184 0.0125
5 0.0604165 0.148137 0.138185 0.0125
1 0.187256 -0.130929 0.0295185 0.0125
4 0.0968149 0.055159 0.108335 0.0125
e_1_4 1 4 1 0.0125 0.142035 -0.0378856 0.0689268 0.820771 -0.528556 -0.206489 0.0657708 0.221405
e_4_5 4 5 2 0.0125 0.0786152 0.101648 0.12326 0.80002 -0.570153 -0.178076 0.0564187 0.104215
e_5_6 5 6 3 0.0125 0.0240474 0.191822 0.155185 0.796076 -0.502116 -0.323444 0.0976083 0.118661
e_6_7 6 7 4 0.0125 -0.0244206 0.240424 0.176709 0.801189 -0.312055 -0.488823 0.147545 0.027643
e_7_2 7 2 5 0.0125 -0.0492301 0.246644 0.187049 0.825556 -0.15663 -0.517987 0.160043 0.028076
13 6 5
2 0.241115 0.0243916 0.111509 0.0125
7 0.218119 0.023792 0.115761 0.0125
6 0.192739 0.0210644 0.11437 0.0125
5 -0.0166402 -0.0348013 0.106611 0.0125
1 -0.207031 -0.162245 0.0621816 0.0125
4 -0.052506 -0.0502132 0.0973189 0.0125
e_1_4 1 4 1 0.0125 -0.129769 -0.10623 0.0797501 0.76187 -0.44007 0.464557 -0.100397 0.194072
e_4_5 4 5 2 0.0125 -0.0345731 -0.0425072 0.101965 0.783633 -0.274302 0.555858 -0.0412233 0.040128
e_5_6 5 6 3 0.0125 0.0880493 -0.00686902 0.110491 0.71936 -0.160001 0.675654 0.0203018 0.216842
e_6_7 6 7 4 0.0125 0.205429 0.0224281 0.115066 0.723706 -0.0180071 0.687374 0.0586683 0.025564
e_7_2 7 2 5 0.0125 0.229617 0.0240918 0.113635 0.628096 0.125667 0.75833 0.120987 0.023394
14 11 10
2 0.172609 -0.240347 0.0277595 0.0125
12 0.163508 -0.224111 0.0190637 0.0125
11 0.149874 -0.204369 0.0114878 0.0125
10 0.135266 -0.188556 0.0155823 0.0125
9 0.117432 -0.169665 0.0249498 0.0125
4 -0.0280277 0.00147145 0.149313 0.0125
1 -0.105093 0.104768 0.211393 0.0125
8 0.103261 -0.145954 0.0381236 0.0125
5 -0.0043196 -0.0367359 0.134911 0.0125
6 0.0465159 -0.0769378 0.0888823 0.0125
7 0.0753909 -0.0993027 0.0638308 0.0125
e_1_4 1 4 1 0.0125 -0.06656 0.0531195 0.180354 0.407977 0.195519 0.823868 -0.341422 0.14305
e_4_5 4 5 2 0.0125 -0.0161734 -0.0176326 0.142112 0.461697 0.272814 0.76033 -0.36648 0.047216
e_5_6 5 6 3 0.0125 0.0210989 -0.056837 0.111896 0.376453 0.0538764 0.88691 -0.262244 0.079492
e_6_7 6 7 4 0.0125 0.0609535 -0.0881207 0.0763571 0.386034 0.0569303 0.882938 -0.26107 0.044289
e_7_8 7 8 5 0.0125 0.0893263 -0.122629 0.0509768 0.388615 0.229097 0.813223 -0.367643 0.060116
e_8_9 8 9 6 0.0125 0.110346 -0.157809 0.0315362 0.387007 0.227756 0.81447 -0.367411 0.030603
e_9_10 9 10 7 0.0125 0.126349 -0.17911 0.0202659 0.482033 0.192977 0.795202 -0.31314 0.027618
e_10_11 10 11 8 0.0125 0.14257 -0.196463 0.0135352 0.556975 0.23981 0.732062 -0.310411 0.021912
e_11_12 11 12 9 0.0125 0.156691 -0.214239 0.0152758 0.76309 0.351395 0.475367 -0.261231 0.02516
e_12_2 12 2 10 0.0125 0.168059 -0.232229 0.0234122 0.80938 0.375405 0.383973 -0.237781 0.020544
