14
1 7 6
2 0.0552547 -0.133637 0.0118295 0.0125
4 0.121311 0.140253 0.106799 0.0125
1 0.156693 0.29882 0.213049 0.0125
8 0.0642459 -0.112353 0.0127175 0.0125
5 0.0934225 0.0643398 0.0758165 0.0125
6 0.0819728 -0.0500127 0.013991 0.0125
7 0.0740312 -0.0948997 0.0120163 0.0125
e_1_4 1 4 1 0.0125 0.139003 0.219536 0.159924 0.445609 0.871178 0.121286 -0.166645 0.194125
e_4_5 4 5 2 0.0125 0.107367 0.102296 0.0913079 0.533416 0.823914 -0.00637879 -0.191291 0.086605
e_5_6 5 6 3 0.0125 0.0876979 0.00716358 0.0449044 0.493947 0.845561 0.148006 -0.138339 0.130499
e_6_7 6 7 4 0.0125 0.078002 -0.0724559 0.013004 0.679911 0.722218 0.0066975 -0.1268 0.045627
e_7_8 7 8 5 0.0125 0.0691386 -0.103626 0.0123669 0.695152 0.672889 -0.172345 -0.185152 0.020022
e_8_2 8 2 6 0.0125 0.0597496 -0.122995 0.0122734 0.671309 0.712829 -0.105306 -0.173581 0.023122
2 10 9
2 -0.0572335 0.122044 0.0114724 0.0125
11 -0.0526033 0.103017 0.0155712 0.0125
10 -0.044427 0.0847424 0.0205266 0.0125
9 -0.0417859 0.064866 0.0212092 0.0125
4 0.138763 -0.250632 0.149713 0.0125
1 0.15529 -0.280542 0.174541 0.0125
8 -0.0352674 0.0433447 0.0189185 0.0125
5 0.0169987 -0.0592849 0.0319684 0.0125
6 -4.87086e-06 -0.0372741 0.0215579 0.0125
7 -0.0244871 0.0125851 0.0133378 0.0125
e_1_4 1 4 1 0.0125 0.147027 -0.265587 0.162127 0.340095 -0.298799 -0.839419 -0.300717 0.04224
e_4_5 4 5 2 0.0125 0.0778808 -0.154959 0.0908403 0.456782 -0.416078 -0.746496 -0.246928 0.255546
e_5_6 5 6 3 0.0125 0.00849717 -0.0482798 0.0267629 0.529592 -0.418898 -0.706961 -0.210387 0.029699
e_6_7 6 7 4 0.0125 -0.0122455 -0.012344 0.0174477 0.646897 -0.626313 -0.425356 -0.0912593 0.056151
e_7_8 7 8 5 0.0125 -0.0298772 0.0279652 0.0161278 0.763027 -0.620265 -0.175757 0.0465874 0.033068
e_8_9 8 9 6 0.0125 -0.0385266 0.0541053 0.0200638 0.740783 -0.651879 -0.156145 0.0437356 0.022603
e_9_10 9 10 7 0.0125 -0.0431067 0.0748041 0.0208685 0.690439 -0.718912 -0.0127259 0.0793562 0.020063
e_10_11 10 11 8 0.0125 -0.048515 0.0938808 0.0180491 0.605113 -0.644715 -0.452205 -0.11701 0.020625
e_11_2 11 2 9 0.0125 -0.0549181 0.11253 0.0135215 0.629984 -0.745902 -0.214635 -0.026106 0.020006
3 10 9
2 -0.145433 -0.180393 0.0181239 0.0125
11 -0.148817 -0.161871 0.0113717 0.0125
10 -0.153037 -0.142322 0.0116286 0.0125
9 -0.152409 -0.122374 0.0130309 0.0125
4 -0.155506 0.157586 0.0640282 0.0125
1 -0.173306 0.287921 0.140897 0.0125
8 -0.150074 -0.102324 0.0118511 0.0125
5 -0.146163 -0.0347798 0.0150561 0.0125
6 -0.143834 -0.0571667 0.0100868 0.0125
7 -0.146727 -0.0824715 0.0113926 0.0125
e_1_4 1 4 1 0.0125 -0.164406 0.222753 0.102463 0.116951 0.315997 -0.807718 0.483797 0.152358
e_4_5 4 5 2 0.0125 -0.150834 0.061403 0.0395418 0.24901 0.354884 -0.705179 0.561048 0.19872
e_5_6 5 6 3 0.0125 -0.144998 -0.0459732 0.0125714 0.230004 0.359779 -0.691625 0.582505 0.02305
e_6_7 6 7 4 0.0125 -0.145281 -0.0698192 0.01074 0.456206 0.369826 -0.581076 0.563432 0.025503
e_7_8 7 8 5 0.0125 -0.148401 -0.0923972 0.011622 0.468356 0.363603 -0.596979 0.540419 0.020137
e_8_9 8 9 6 0.0125 -0.151242 -0.112349 0.012441 0.460421 0.369928 -0.577918 0.563184 0.02022
e_9_10 9 10 7 0.0125 -0.152724 -0.132348 0.0123299 0.362226 0.368888 -0.631639 0.577708 0.020007
e_10_11 10 11 8 0.0125 -0.150927 -0.152096 0.0115006 0.244923 0.383253 -0.599606 0.658485 0.02
e_11_2 11 2 9 0.0125 -0.147125 -0.171132 0.0147474 0.452839 0.399615 -0.41418 0.680955 0.020003
4 8 7
2 -0.0917001 0.236244 0.0158642 0.0125
9 -0.0877945 0.197645 0.0115401 0.0125
4 0.013728 -0.192054 0.0120152 0.0125
1 0.0364494 -0.23856 0.0275082 0.0125
8 -0.0935064 0.173252 0.0163997 0.0125
5 -0.080121 0.102081 0.0195219 0.0125
6 -0.0847323 0.123535 0.0185385 0.0125
7 -0.0886971 0.145582 0.0190287 0.0125
e_1_4 1 4 1 0.0125 0.0250891 -0.215307 0.019762 -0.0391039 -0.304164 0.742199 0.5959 0.054029
e_4_5 4 5 2 0.0125 -0.033197 -0.0449867 0.0157691 0.265971 -0.444402 0.538846 0.664388 0.308836
e_5_6 5 6 3 0.0125 -0.0824268 0.112807 0.0190299 0.296391 -0.44027 0.573186 0.624318 0.021965
e_6_7 6 7 4 0.0125 -0.0867151 0.134558 0.0187836 0.368149 -0.460588 0.526236 0.612699 0.022406
e_7_8 7 8 5 0.0125 -0.0911015 0.159416 0.0177143 0.294664 -0.432574 0.599559 0.605459 0.028209
e_8_9 8 9 6 0.0125 -0.0906505 0.185448 0.0139702 0.462199 -0.424855 0.643987 0.437209 0.025519
e_9_2 9 2 7 0.0125 -0.089747 0.216945 0.0137025 0.48359 -0.481551 0.461218 0.567033 0.039037
5 6 5
2 0.30739 0.183748 0.238564 0.0125
7 0.286592 0.185119 0.238007 0.0125
6 0.265398 0.186095 0.237345 0.0125
5 0.234155 0.192041 0.229448 0.0125
1 -0.114847 0.279846 0.0122815 0.0125
4 0.118688 0.190613 0.163198 0.0125
e_1_4 1 4 1 0.0125 0.00192046 0.235229 0.0877396 0.856446 0.255732 0.419766 0.157789 0.292022
e_4_5 4 5 2 0.0125 0.176422 0.191327 0.196322 0.843492 0.10586 0.489875 0.193229 0.133131
e_5_6 5 6 3 0.0125 0.249777 0.189068 0.233397 0.706999 0.370227 0.492364 0.347364 0.032769
e_6_7 6 7 4 0.0125 0.275995 0.185607 0.237677 0.540113 0.482235 0.501866 0.473136 0.021228
e_7_2 7 2 5 0.0125 0.296992 0.184433 0.238285 0.541827 0.490145 0.496401 0.468794 0.02085
6 6 5
2 0.300909 -0.19384 0.0114739 0.0125
7 0.0772725 -0.0385956 0.050723 0.0125
6 0.00644509 -0.00541483 0.0420824 0.0125
5 -0.027658 -0.00233163 0.0391998 0.0125
1 -0.13715 -0.00503378 0.0605236 0.0125
4 -0.108915 -0.0047714 0.0513053 0.0125
e_1_4 1 4 1 0.0125 -0.123033 -0.00490246 0.0559141 -0.249734 0.735753 -0.337405 0.531468 0.029703
e_4_5 4 5 2 0.0125 -0.0682868 -0.00355073 0.0452524 -0.314445 0.674431 -0.344653 0.57226 0.08219
e_5_6 5 6 3 0.0125 -0.0106059 -0.00387359 0.0406412 -0.283152 0.598757 -0.315506 0.679537 0.034363
e_6_7 6 7 4 0.0125 0.0418582 -0.0220054 0.046403 0.117925 0.641334 -0.183824 0.735523 0.07869
e_7_2 7 2 5 0.0125 0.18909 -0.116218 0.0310988 0.253132 0.739294 -0.157446 0.603804 0.275054
7 7 6
2 -0.334998 -0.00150409 0.0285597 0.0125
4 0.000190088 -0.0404958 0.0484047 0.0125
1 0.146545 -0.0415801 0.111064 0.0125
8 -0.317037 -0.00791924 0.0383987 0.0125
5 -0.254148 -0.013211 0.0429553 0.0125
6 -0.275776 -0.0127232 0.0432375 0.0125
7 -0.29702 -0.0107373 0.0412019 0.0125
e_1_4 1 4 1 0.0125 0.0733668 -0.041038 0.0797342 0.104808 0.818277 -0.16495 -0.540582 0.159207
e_4_5 4 5 2 0.0125 -0.126978 -0.0268532 0.0456794 0.133857 0.682805 -0.210774 -0.68661 0.255855
e_5_6 5 6 3 0.0125 -0.264962 -0.0129667 0.0430961 0.207716 0.667113 -0.220097 -0.680714 0.021636
e_6_7 6 7 4 0.0125 -0.286398 -0.0117307 0.0422199 0.122526 0.71184 -0.201921 -0.661437 0.021433
e_7_8 7 8 5 0.0125 -0.307028 -0.00932824 0.0398004 0.0775651 0.729101 -0.1926 -0.652151 0.020408
e_8_2 8 2 6 0.0125 -0.326017 -0.0047115 0.0334786 -0.10081 0.844609 -0.125963 -0.510496 0.021461
8 10 9
2 0.044569 -0.280487 0.0305341 0.0125
11 0.0284548 -0.267849 0.0279351 0.0125
10 0.0174238 -0.252138 0.0211759 0.0125
9 -0.0114102 -0.227718 0.0160811 0.0125
4 -0.0958686 -0.0333997 0.071583 0.0125
1 -0.16405 0.151523 0.0983249 0.0125
8 -0.0422706 -0.190075 0.0267348 0.0125
5 -0.0750988 -0.112622 0.051433 0.0125
6 -0.0629613 -0.139241 0.0431179 0.0125
7 -0.0488074 -0.170104 0.0340628 0.0125
e_1_4 1 4 1 0.0125 -0.129959 0.0590625 0.0849533 0.363626 0.173475 0.732893 -0.548225 0.198898
e_4_5 4 5 2 0.0125 -0.0854832 -0.073011 0.0615084 0.260794 0.140968 0.774326 -0.559047 0.084342
e_5_6 5 6 3 0.0125 -0.06903 -0.125931 0.0472755 0.332424 0.124265 0.788198 -0.502788 0.030414
e_6_7 6 7 4 0.0125 -0.0558835 -0.154672 0.0385905 0.340865 0.129323 0.782375 -0.504951 0.035142
e_7_8 7 8 5 0.0125 -0.0455393 -0.18009 0.030399 0.251538 0.108121 0.808058 -0.521613 0.022254
e_8_9 8 9 6 0.0125 -0.0268408 -0.208896 0.0214087 0.466298 0.117906 0.770067 -0.419119 0.049828
e_9_10 9 10 7 0.0125 0.00300647 -0.239928 0.0186288 0.676614 0.162001 0.63792 -0.330163 0.038128
e_10_11 10 11 8 0.0125 0.0229399 -0.259993 0.0245552 0.708203 0.245391 0.523192 -0.405588 0.020353
e_11_2 11 2 9 0.0125 0.0365118 -0.274168 0.0292351 0.681435 0.15283 0.643186 -0.314008 0.020643
9 10 9
2 -0.28507 0.00162497 0.0148288 0.0125
11 -0.265469 -0.0019662 0.0166156 0.0125
10 -0.24619 -0.00534178 0.01249 0.0125
9 -0.226197 -0.00589765 0.0131484 0.0125
4 -0.0762913 -0.143815 0.0757913 0.0125
1 0.0931334 -0.287269 0.105175 0.0125
8 -0.208426 -0.0156024 0.0134026 0.0125
5 -0.131545 -0.0759056 0.0445286 0.0125
6 -0.174875 -0.0404394 0.0247011 0.0125
7 -0.191376 -0.0268874 0.017181 0.0125
e_1_4 1 4 1 0.0125 0.00842105 -0.215542 0.0904829 0.542419 -0.726 -0.196297 0.374397 0.223936
e_4_5 4 5 2 0.0125 -0.103918 -0.10986 0.06016 0.470306 -0.815545 -0.0550207 0.332673 0.092962
e_5_6 5 6 3 0.0125 -0.15321 -0.0581721 0.034615 0.424446 -0.80861 -0.114242 0.391081 0.059401
e_6_7 6 7 4 0.0125 -0.183125 -0.0336638 0.0209409 0.425834 -0.808047 -0.114612 0.390628 0.022638
e_7_8 7 8 5 0.0125 -0.199901 -0.0212449 0.0152918 0.488165 -0.737977 -0.215079 0.41331 0.020793
e_8_9 8 9 6 0.0125 -0.217311 -0.0107496 0.013275 0.571021 -0.641057 -0.308729 0.409473 0.020251
e_9_10 9 10 7 0.0125 -0.236194 -0.00561904 0.0128194 0.463302 -0.548992 -0.463737 0.518562 0.020012
e_10_11 10 11 8 0.0125 -0.255829 -0.00365368 0.0145528 0.672156 -0.404883 -0.482654 0.389001 0.020002
e_11_2 11 2 9 0.0125 -0.275269 -0.000170983 0.0157221 0.449657 -0.629895 -0.384565 0.503141 0.020007
10 11 10
2 0.388505 0.15729 0.0668531 0.0125
12 0.37749 0.145395 0.0551239 0.0125
11 0.36568 0.131847 0.0463242 0.0125
10 0.350561 0.119402 0.0419307 0.0125
9 0.336883 0.103584 0.0454454 0.0125
4 0.262264 -0.0472938 0.0642646 0.0125
1 0.0432016 -0.156316 0.055327 0.0125
8 0.328097 0.0850169 0.0538511 0.0125
5 0.280735 -0.0264471 0.0665361 0.0125
6 0.29542 -0.00212574 0.0564875 0.0125
7 0.318993 0.0558387 0.0506678 0.0125
e_1_4 1 4 1 0.0125 0.152732 -0.101804 0.0597959 0.065114 0.590863 0.364183 0.716946 0.244854
e_4_5 4 5 2 0.0125 0.271499 -0.0368702 0.0654001 -0.0840628 0.504537 0.452553 0.73046 0.027945
e_5_6 5 6 3 0.0125 0.288077 -0.0142868 0.0615119 -0.13908 0.578007 0.576739 0.560301 0.030135
e_6_7 6 7 4 0.0125 0.307206 0.0268561 0.0535778 -0.208035 0.476297 0.565198 0.640636 0.062845
e_7_8 7 8 5 0.0125 0.323545 0.0704275 0.0522591 -0.243827 0.398132 0.538231 0.701674 0.030731
e_8_9 8 9 6 0.0125 0.33249 0.0943013 0.0496479 -0.171415 0.568719 0.604912 0.530336 0.022195
e_9_10 9 10 7 0.0125 0.343722 0.111493 0.0436876 -0.0835603 0.569927 0.508006 0.640415 0.021205
e_10_11 10 11 8 0.0125 0.35812 0.125625 0.0441267 -0.0255748 0.495225 0.381163 0.780264 0.020069
e_11_12 11 12 9 0.0125 0.371585 0.138621 0.0507236 -0.0891278 0.387786 0.360203 0.843761 0.020011
e_12_2 12 2 10 0.0125 0.382997 0.151342 0.0609882 -0.0774536 0.336912 0.305614 0.887182 0.02001
11 9 8
2 -0.0857184 0.168568 0.0660453 0.0125
10 -0.0723692 0.15427 0.0602589 0.0125
9 -0.0580749 0.136757 0.052634 0.0125
4 0.0331126 -0.0379451 0.0890978 0.0125
1 0.146361 -0.233452 0.172667 0.0125
8 -0.0338286 0.107053 0.0398024 0.0125
5 0.00230317 0.0348518 0.0473936 0.0125
6 -0.00942086 0.0644139 0.0326646 0.0125
7 -0.0189779 0.0846836 0.0335822 0.0125
e_1_4 1 4 1 0.0125 0.0897366 -0.135699 0.130883 0.567429 -0.656479 -0.492434 -0.067587 0.240898
e_4_5 4 5 2 0.0125 0.0177079 -0.00154666 0.0682457 0.514821 -0.759919 -0.394756 -0.0406224 0.089374
e_5_6 5 6 3 0.0125 -0.00355829 0.0496327 0.0400295 0.53751 -0.764241 -0.355057 -0.0308582 0.035048
e_6_7 6 7 4 0.0125 -0.0141989 0.074549 0.033124 0.720927 -0.614837 -0.318602 -0.0270558 0.022429
e_7_8 7 8 5 0.0125 -0.0264038 0.095868 0.0366923 0.781564 -0.497875 -0.373202 -0.0447009 0.027561
e_8_9 8 9 6 0.0125 -0.0459523 0.121905 0.0462185 0.809807 -0.42712 -0.398609 -0.0537805 0.040434
e_9_10 9 10 7 0.0125 -0.0652225 0.145514 0.0564467 0.810504 -0.426539 -0.397835 -0.0536225 0.023857
e_10_2 10 2 8 0.0125 -0.0790438 0.161419 0.0631518 0.798458 -0.402637 -0.442794 -0.065441 0.020399
12 10 9
2 -0.0294875 0.15217 0.17507 0.0125
11 -0.0252568 0.138794 0.159565 0.0125
10 -0.0227136 0.125088 0.144544 0.0125
9 -0.0151525 0.109357 0.12443 0.0125
4 0.0214837 -0.119293 0.0781494 0.0125
1 0.0842963 -0.288514 0.0779434 0.0125
8 -0.0128902 0.0946124 0.106282 0.0125
5 -0.0125662 -0.0182394 0.0765683 0.0125
6 -0.0100857 0.0135256 0.0749762 0.0125
7 -0.00262564 0.0485882 0.0825768 0.0125
e_1_4 1 4 1 0.0125 0.0528906 -0.203904 0.0780463 0.581227 -0.404056 -0.579799 -0.403418 0.180502
e_4_5 4 5 2 0.0125 0.0044588 -0.0687662 0.0773594 0.567553 -0.412069 -0.581044 -0.412881 0.106648
e_5_6 5 6 3 0.0125 -0.0113264 -0.00235708 0.0757723 0.458255 -0.5224 -0.502049 -0.514828 0.031902
e_6_7 6 7 4 0.0125 -0.00635536 0.0310575 0.0787765 0.602433 -0.560146 -0.28728 -0.490695 0.036644
e_7_8 7 8 5 0.0125 -0.00775794 0.0716003 0.0944294 0.778499 -0.422272 -0.311633 -0.344253 0.052778
e_8_9 8 9 6 0.0125 -0.0140214 0.101985 0.115357 0.921842 -0.316033 -0.117715 -0.190982 0.023492
e_9_10 9 10 7 0.0125 -0.0189331 0.117222 0.134487 0.920183 -0.281252 -0.207995 -0.175778 0.026631
e_10_11 10 11 8 0.0125 -0.0239854 0.131941 0.152054 0.905592 -0.334055 -0.147996 -0.215422 0.020493
e_11_2 11 2 9 0.0125 -0.0273721 0.145482 0.167318 0.911524 -0.311635 -0.179247 -0.199695 0.02091
13 9 8
2 -0.162998 -0.175201 0.0506735 0.0125
10 -0.170712 -0.154197 0.0553587 0.0125
9 -0.167494 -0.134346 0.057294 0.0125
4 -0.042402 0.143571 0.0950009 0.0125
1 -0.0607848 0.283948 0.074472 0.0125
8 -0.157674 -0.117133 0.0606238 0.0125
5 -0.0525076 0.0946067 0.0917194 0.0125
6 -0.103473 -0.0192849 0.0990287 0.0125
7 -0.141284 -0.0877031 0.0673776 0.0125
e_1_4 1 4 1 0.0125 -0.0515934 0.21376 0.0847364 0.2279 0.276588 -0.593084 0.72098 0.143056
e_4_5 4 5 2 0.0125 -0.0474548 0.119089 0.0933609 0.248055 0.121931 -0.719636 0.636966 0.050104
e_5_6 5 6 3 0.0125 -0.0779901 0.037661 0.0953748 0.363859 0.0705556 -0.682483 0.629956 0.124989
e_6_7 6 7 4 0.0125 -0.122378 -0.0534933 0.083203 0.238474 -0.0530616 -0.827548 0.50545 0.084336
e_7_8 7 8 5 0.0125 -0.149479 -0.102418 0.0640004 0.301183 -0.010049 -0.773424 0.557676 0.034357
e_8_9 8 9 6 0.0125 -0.162584 -0.12574 0.058959 0.315061 -0.0067395 -0.763422 0.563806 0.020095
e_9_10 9 10 7 0.0125 -0.169103 -0.144272 0.0563268 0.221979 0.129402 -0.72879 0.634701 0.020203
e_10_2 10 2 8 0.0125 -0.166855 -0.164699 0.0530168 -0.0143143 0.250993 -0.734501 0.630322 0.022861
14 7 6
2 -0.205049 -0.174572 0.0988739 0.0125
4 0.0360546 0.0278782 0.104236 0.0125
1 0.151978 0.159649 0.140338 0.0125
8 -0.185506 -0.163503 0.0911752 0.0125
5 -0.0033163 -0.0179431 0.103714 0.0125
6 -0.0711288 -0.0793858 0.0823815 0.0125
7 -0.171105 -0.149246 0.0872711 0.0125
e_1_4 1 4 1 0.0125 0.0940164 0.0937637 0.122287 0.629453 0.534988 -0.56083 0.0552021 0.179179
e_4_5 4 5 2 0.0125 0.0163692 0.00496757 0.103975 0.702724 0.509326 -0.494887 0.0430488 0.060414
e_5_6 5 6 3 0.0125 -0.037223 -0.0486644 0.0930477 0.615729 0.44074 -0.647501 0.085837 0.093962
e_6_7 6 7 4 0.0125 -0.121117 -0.114315 0.0848267 0.71525 0.321232 -0.613827 0.0918844 0.122063
e_7_8 7 8 5 0.0125 -0.178305 -0.156374 0.0892236 0.769445 0.417466 -0.480768 0.0503866 0.020637
e_8_2 8 2 6 0.0125 -0.195277 -0.169038 0.0950245 0.809389 0.232932 -0.53257 0.0836728 0.023744
