10
1 9 8
2 -0.402746 -0.220063 0.220998 0.0125
10 -0.389199 -0.220408 0.20627 0.0125
9 -0.373726 -0.214445 0.194922 0.0125
4 -0.219551 -0.136368 0.0878138 0.0125
1 0.00017944 -0.0285242 0.0170773 0.0125
8 -0.357481 -0.206798 0.186013 0.0125
5 -0.248547 -0.158157 0.113966 0.0125
6 -0.307023 -0.186672 0.150693 0.0125
7 -0.340047 -0.204936 0.176169 0.0125
e_1_4 1 4 1 0.0125 -0.109686 -0.0824467 0.0524457 -0.333225 0.379987 0.465612 -0.726482 0.254785
e_4_5 4 5 2 0.0125 -0.234049 -0.147263 0.100889 -0.335734 0.234108 0.39085 -0.824447 0.044715
e_5_6 5 6 3 0.0125 -0.277784 -0.172414 0.13233 -0.373455 0.313044 0.39522 -0.778676 0.074709
e_6_7 6 7 4 0.0125 -0.323535 -0.195804 0.163431 -0.37125 0.277136 0.378744 -0.8012 0.045533
e_7_8 7 8 5 0.0125 -0.348764 -0.205867 0.18109 -0.475852 0.389479 0.321718 -0.719978 0.020108
e_8_9 8 9 6 0.0125 -0.365603 -0.210621 0.190468 -0.368924 0.332131 0.409209 -0.765593 0.020044
e_9_10 9 10 7 0.0125 -0.381463 -0.217426 0.200597 -0.412428 0.306859 0.351363 -0.782486 0.020093
e_10_2 10 2 8 0.0125 -0.395972 -0.220235 0.213634 -0.53795 0.301929 0.202215 -0.76063 0.020014
2 7 6
2 -0.097258 -0.0704737 0.0149907 0.0125
4 0.0557391 -0.0460696 0.011485 0.0125
1 0.376282 0.0636181 0.0158883 0.0125
8 -0.0784294 -0.0773367 0.0206108 0.0125
5 -0.0142281 -0.07307 0.0164174 0.0125
6 -0.037778 -0.0753374 0.0218914 0.0125
7 -0.0582299 -0.0779774 0.0200146 0.0125
e_1_4 1 4 1 0.0125 0.21601 0.00877383 0.0136869 0.690181 0.100843 -0.704505 0.13097 0.338819
e_4_5 4 5 2 0.0125 0.0207562 -0.0595697 0.0139513 0.722666 0.153822 -0.665977 0.102801 0.075159
e_5_6 5 6 3 0.0125 -0.0260034 -0.074204 0.0191549 0.765339 -0.0716444 -0.618189 0.164214 0.024284
e_6_7 6 7 4 0.0125 -0.0480043 -0.0766576 0.0209527 0.637451 -0.149397 -0.723194 0.219835 0.020707
e_7_8 7 8 5 0.0125 -0.0683296 -0.0776575 0.0203129 0.678665 -0.246735 -0.651441 0.232723 0.020218
e_8_2 8 2 6 0.0125 -0.0878433 -0.0739053 0.0178005 0.511396 -0.629611 -0.488475 0.321646 0.020814
3 7 6
2 -0.0646585 0.102743 0.0198242 0.0125
4 0.091849 -0.0818649 0.0836238 0.0125
1 0.220818 -0.288015 0.0351796 0.0125
8 -0.0494088 0.0874602 0.0208708 0.0125
5 0.0108904 0.0120247 0.0556327 0.0125
6 -0.0117587 0.0392085 0.0431472 0.0125
7 -0.0297467 0.0654843 0.0269971 0.0125
e_1_4 1 4 1 0.0125 0.156334 -0.18494 0.0594021 -0.720567 0.379281 0.508384 0.280134 0.247947
e_4_5 4 5 2 0.0125 0.05137 -0.03492 0.0696279 -0.416038 0.0137907 0.78098 0.46561 0.127094
e_5_6 5 6 3 0.0125 -0.0004337 0.0256161 0.0493902 -0.327192 -0.0753628 0.812834 0.47599 0.037521
e_6_7 6 7 4 0.0125 -0.0207531 0.0523467 0.0350726 -0.187016 -0.198288 0.828761 0.488736 0.035706
e_7_8 7 8 5 0.0125 -0.0395779 0.0764727 0.0239341 -0.442209 0.0360385 0.774852 0.450285 0.030117
e_8_2 8 2 6 0.0125 -0.0570337 0.0951014 0.0203482 -0.595888 0.185165 0.69995 0.34742 0.021615
4 11 10
2 -0.0628762 0.184829 0.0122596 0.0125
12 -0.0483647 0.165753 0.0222983 0.0125
11 -0.0346127 0.14299 0.0332776 0.0125
10 -0.0221615 0.125806 0.0390014 0.0125
9 -0.00333964 0.101241 0.0420374 0.0125
4 0.203364 -0.0214024 0.0514001 0.0125
1 0.325683 -0.033023 0.115474 0.0125
8 0.00821801 0.0822088 0.0382583 0.0125
5 0.123266 0.00814299 0.0252123 0.0125
6 0.107086 0.0185267 0.0168454 0.0125
7 0.0505787 0.0501246 0.0210138 0.0125
e_1_4 1 4 1 0.0125 0.264523 -0.0272125 0.0834364 0.173253 -0.829354 -0.208237 0.488663 0.138572
e_4_5 4 5 2 0.0125 0.163315 -0.00662908 0.0383065 0.35547 -0.771104 -0.228083 0.476464 0.089299
e_5_6 5 6 3 0.0125 0.115176 0.0133348 0.0210289 0.358655 -0.827873 -0.118965 0.414536 0.020967
e_6_7 6 7 4 0.0125 0.0788324 0.0343257 0.0189296 0.577386 -0.629105 -0.268524 0.44581 0.064876
e_7_8 7 8 5 0.0125 0.0293979 0.0661664 0.0296356 0.711208 -0.535388 -0.242944 0.385385 0.055867
e_8_9 8 9 6 0.0125 0.00243936 0.0917245 0.0401476 0.70012 -0.639457 -0.0861676 0.305779 0.022586
e_9_10 9 10 7 0.0125 -0.0127506 0.113524 0.0405194 0.576006 -0.736058 -0.0838836 0.345541 0.031095
e_10_11 10 11 8 0.0125 -0.0283865 0.134398 0.0361397 0.508484 -0.793004 -0.0369165 0.333505 0.021979
e_11_12 11 12 9 0.0125 -0.0414891 0.154371 0.0277874 0.467117 -0.830766 0.0249068 0.301677 0.028772
e_12_2 12 2 10 0.0125 -0.0556212 0.175291 0.0172787 0.444887 -0.832509 -0.0100861 0.330006 0.025986
5 10 9
2 0.0459316 0.265131 0.019015 0.0125
11 0.0403094 0.2471 0.0124345 0.0125
10 0.0360602 0.227554 0.0123599 0.0125
9 0.0337192 0.2077 0.0130565 0.0125
4 0.116248 0.0587653 0.0497095 0.0125
1 0.206773 -0.188455 0.0728354 0.0125
8 0.038809 0.188394 0.0164072 0.0125
5 0.0758679 0.118039 0.0377995 0.0125
6 0.0672228 0.137305 0.0303805 0.0125
7 0.0522647 0.169466 0.0230933 0.0125
e_1_4 1 4 1 0.0125 0.16151 -0.0648448 0.0612719 0.406029 -0.618858 0.400956 0.539805 0.264286
e_4_5 4 5 2 0.0125 0.096057 0.0884024 0.0437545 0.257091 -0.64474 0.407701 0.593292 0.072703
e_5_6 5 6 3 0.0125 0.0715453 0.127672 0.0340897 0.273949 -0.646855 0.497289 0.50915 0.022382
e_6_7 6 7 4 0.0125 0.0597438 0.153386 0.0267369 0.320729 -0.63826 0.439604 0.544523 0.03621
e_7_8 7 8 5 0.0125 0.0455372 0.17893 0.0197496 0.201254 -0.654149 0.458736 0.566699 0.024166
e_8_9 8 9 6 0.0125 0.0362645 0.198047 0.0147316 0.411087 -0.619858 0.445534 0.49828 0.020245
e_9_10 9 10 7 0.0125 0.0348897 0.217627 0.0127082 0.58691 -0.55849 0.45334 0.37163 0.020003
e_10_11 10 11 8 0.0125 0.0381851 0.237327 0.0123975 0.625494 -0.538558 0.456167 0.332603 0.020003
e_11_2 11 2 9 0.0125 0.0431203 0.256115 0.015725 0.763874 -0.457958 0.354629 0.284621 0.02
6 9 8
2 -0.0681641 -0.411246 0.261504 0.0125
10 -0.08368 -0.398759 0.255275 0.0125
9 -0.091372 -0.384084 0.243396 0.0125
4 -0.103023 -0.265554 0.197077 0.0125
1 -0.144144 0.0111843 0.0217708 0.0125
8 -0.0924033 -0.364734 0.235021 0.0125
5 -0.098554 -0.299368 0.212326 0.0125
6 -0.0942264 -0.3176 0.221991 0.0125
7 -0.0918699 -0.345299 0.228918 0.0125
e_1_4 1 4 1 0.0125 -0.123584 -0.127185 0.109425 0.73965 0.366931 0.316032 -0.467337 0.330163
e_4_5 4 5 2 0.0125 -0.100789 -0.282461 0.204703 0.705121 0.414554 0.352236 -0.454839 0.037361
e_5_6 5 6 3 0.0125 -0.0963905 -0.308484 0.217159 0.729876 0.370393 0.365539 -0.443251 0.021084
e_6_7 6 7 4 0.0125 -0.0930487 -0.33145 0.225455 0.653056 0.479253 0.386556 -0.440919 0.028649
e_7_8 7 8 5 0.0125 -0.0921374 -0.355017 0.23197 0.65515 0.49032 0.331449 -0.46958 0.020378
e_8_9 8 9 6 0.0125 -0.0918883 -0.374409 0.239208 0.692781 0.438298 0.330951 -0.467355 0.021109
e_9_10 9 10 7 0.0125 -0.0875258 -0.391422 0.249335 0.785222 0.257466 0.37732 -0.418052 0.020387
e_10_2 10 2 8 0.0125 -0.0759226 -0.405002 0.258389 0.752366 0.181535 0.563724 -0.288454 0.020868
7 7 6
2 0.110383 -0.0702189 0.0696436 0.0125
4 -0.00663431 0.00795434 0.0326967 0.0125
1 -0.292697 0.202187 0.0114956 0.0125
8 0.0917317 -0.0638622 0.0589372 0.0125
5 0.00812008 -0.00553363 0.0264824 0.0125
6 0.0358417 -0.0354877 0.0314983 0.0125
7 0.0751061 -0.058094 0.0472202 0.0125
e_1_4 1 4 1 0.0125 -0.149666 0.105071 0.0220966 -0.72769 -0.409906 -0.548976 -0.0326869 0.346422
e_4_5 4 5 2 0.0125 0.000743332 0.00121058 0.0295895 -0.592838 -0.532556 -0.603998 0.0106358 0.020934
e_5_6 5 6 3 0.0125 0.0219809 -0.0205107 0.0289904 -0.74351 -0.537079 -0.38802 -0.0904425 0.04112
e_6_7 6 7 4 0.0125 0.0554737 -0.0467905 0.039359 -0.811678 -0.332154 -0.47514 -0.0713779 0.047957
e_7_8 7 8 5 0.0125 0.0834182 -0.060978 0.0530784 -0.876363 -0.202107 -0.42667 -0.0953618 0.021142
e_8_2 8 2 6 0.0125 0.101057 -0.0670404 0.0642897 -0.855857 -0.208566 -0.466694 -0.0787764 0.022425
8 7 6
2 0.103579 -0.173927 0.0114412 0.0125
4 0.020264 0.184891 0.126424 0.0125
1 0.0114934 0.288517 0.120399 0.0125
8 0.112456 -0.155118 0.0127356 0.0125
5 0.106405 -0.0927494 0.0142698 0.0125
6 0.110525 -0.115137 0.0132617 0.0125
7 0.11492 -0.13526 0.0125009 0.0125
e_1_4 1 4 1 0.0125 0.0158792 0.236704 0.123411 0.270621 0.200755 0.656336 -0.675044 0.10417
e_4_5 4 5 2 0.0125 0.0633342 0.0460713 0.0703477 0.163505 -0.00629141 0.824582 -0.541563 0.311582
e_5_6 5 6 3 0.0125 0.108465 -0.103942 0.0137663 0.274142 0.16176 0.704239 -0.634608 0.022786
e_6_7 6 7 4 0.0125 0.112723 -0.125198 0.0128814 0.315428 0.1829 0.696432 -0.61809 0.020611
e_7_8 7 8 5 0.0125 0.113688 -0.145189 0.0126177 -0.174681 -0.087411 0.697485 -0.689464 0.020013
e_8_2 8 2 6 0.0125 0.108017 -0.164523 0.0120884 -0.648179 -0.523451 0.507005 -0.220926 0.020838
9 7 6
2 -0.158557 0.0249134 0.0658561 0.0125
4 0.215436 0.0109795 0.0876932 0.0125
1 0.328353 0.0212211 0.0479316 0.0125
8 -0.130751 0.0348235 0.0641266 0.0125
5 0.133927 0.011181 0.0868295 0.0125
6 0.0605509 0.0189353 0.0848827 0.0125
7 -0.102715 0.0419841 0.0660614 0.0125
e_1_4 1 4 1 0.0125 0.271894 0.0160999 0.0678129 -0.258721 -0.562857 0.133138 0.773647 0.120151
e_4_5 4 5 2 0.0125 0.174681 0.0110798 0.0872619 -0.185651 -0.685168 0.189332 0.678404 0.081514
e_5_6 5 6 3 0.0125 0.0972383 0.0150578 0.0858557 -0.124695 -0.687481 0.20139 0.686487 0.07381
e_6_7 6 7 4 0.0125 -0.021082 0.0304595 0.0754714 -0.101081 -0.714404 0.215253 0.658085 0.165955
e_7_8 7 8 5 0.0125 -0.116733 0.0384038 0.0650942 -0.32117 -0.709473 0.173184 0.602914 0.029
e_8_2 8 2 6 0.0125 -0.144654 0.0298688 0.0649918 -0.385932 -0.670057 0.147586 0.616684 0.029569
10 11 10
2 0.164788 0.0933301 0.0677289 0.0125
12 0.146487 0.0898303 0.0750028 0.0125
11 0.127381 0.08921 0.0808843 0.0125
10 0.109543 0.084706 0.0887291 0.0125
9 0.0916407 0.0805982 0.0966461 0.0125
4 -0.0509413 0.0375736 0.0993527 0.0125
1 -0.273861 -0.0758213 0.0158198 0.0125
8 0.0726446 0.0785263 0.102596 0.0125
5 -0.0167558 0.0555434 0.113906 0.0125
6 0.0351967 0.0710916 0.116545 0.0125
7 0.0538913 0.0760995 0.109122 0.0125
e_1_4 1 4 1 0.0125 -0.162402 -0.0191242 0.0575862 0.811398 -0.261555 0.522679 0.00534772 0.263684
e_4_5 4 5 2 0.0125 -0.033849 0.0465586 0.106629 0.822381 -0.263105 0.504439 0.00264315 0.041272
e_5_6 5 6 3 0.0125 0.00922001 0.063318 0.115225 0.723555 -0.17237 0.667827 0.0276455 0.054293
e_6_7 6 7 4 0.0125 0.044544 0.0735959 0.112834 0.563961 -0.136715 0.812628 0.0537899 0.020729
e_7_8 7 8 5 0.0125 0.0632685 0.0773128 0.105859 0.577893 -0.0287035 0.813809 0.0541249 0.020004
e_8_9 8 9 6 0.0125 0.0821431 0.0795616 0.0996214 0.590423 -0.0160273 0.805223 0.052533 0.020014
e_9_10 9 10 7 0.0125 0.100592 0.0826517 0.092687 0.546636 -0.101358 0.829254 0.0570388 0.020001
e_10_11 10 11 8 0.0125 0.118462 0.0869585 0.0848068 0.548391 -0.120512 0.825573 0.0563346 0.020001
e_11_12 11 12 9 0.0125 0.136935 0.0895205 0.0779437 0.591758 0.0455048 0.803095 0.0528205 0.02
e_12_2 12 2 10 0.0125 0.155638 0.09158 0.0713664 0.561316 -0.0743422 0.822376 0.0556421 0.020002
