10
1 9 8
2 0.0257679 -0.310063 0.242788 0.0125
10 0.0323746 -0.304365 0.224784 0.0125
9 0.0351115 -0.291816 0.209407 0.0125
4 0.0247526 -0.0906936 0.0583233 0.0125
1 0.00410072 0.100392 0.0123036 0.0125
8 0.0411676 -0.283335 0.192146 0.0125
5 0.0330165 -0.15105 0.0776922 0.0125
6 0.0374253 -0.255776 0.154721 0.0125
7 0.0377896 -0.274054 0.169684 0.0125
e_1_4 1 4 1 0.0125 0.0144264 0.0048496 0.035314 0.135441 0.0406705 0.617994 -0.77336 0.197631
e_4_5 4 5 2 0.0125 0.028885 -0.120872 0.0680079 0.152316 0.0317346 0.589487 -0.792653 0.063925
e_5_6 5 6 3 0.0125 0.0352209 -0.203413 0.116206 0.147627 0.0559159 0.448093 -0.879939 0.130078
e_6_7 6 7 4 0.0125 0.0376078 -0.264914 0.162202 0.145491 0.0605039 0.423873 -0.89191 0.023624
e_7_8 7 8 5 0.0125 0.039479 -0.278694 0.180914 0.260421 -0.0163774 0.205005 -0.943337 0.024539
e_8_9 8 9 6 0.0125 0.0381399 -0.287576 0.200777 0.0378125 0.164342 0.212023 -0.962605 0.020163
e_9_10 9 10 7 0.0125 0.0337434 -0.29809 0.217096 0.0996151 0.107548 0.323533 -0.934792 0.020035
e_10_2 10 2 8 0.0125 0.0290717 -0.307213 0.233786 0.0303859 0.173881 0.140776 -0.974179 0.020006
2 8 7
2 -0.245508 0.156868 0.0343832 0.0125
9 -0.216076 0.143162 0.0330994 0.0125
4 0.11807 -0.0529229 0.107781 0.0125
1 0.167825 -0.0723555 0.111537 0.0125
8 -0.192361 0.130498 0.0254326 0.0125
5 -0.0820141 0.0805084 0.0131788 0.0125
6 -0.144418 0.0934222 0.0115216 0.0125
7 -0.164282 0.10175 0.0205051 0.0125
e_1_4 1 4 1 0.0125 0.142947 -0.0626392 0.109659 0.676307 -0.350726 -0.641917 0.0868459 0.053548
e_4_5 4 5 2 0.0125 0.0180284 0.0137928 0.0604804 0.562997 -0.460434 -0.686319 0.00155351 0.258431
e_5_6 5 6 3 0.0125 -0.113216 0.0869656 0.0123506 0.682024 -0.290393 -0.654729 0.147802 0.063749
e_6_7 6 7 4 0.0125 -0.15435 0.0975862 0.0160126 0.827085 -0.269404 -0.484733 0.0915717 0.023337
e_7_8 7 8 5 0.0125 -0.178321 0.116125 0.022969 0.74666 -0.436779 -0.498354 -0.0580117 0.040486
e_8_9 8 9 6 0.0125 -0.204218 0.13683 0.029266 0.796202 -0.320535 -0.510047 0.0563134 0.027957
e_9_2 9 2 7 0.0125 -0.230792 0.150015 0.0337417 0.717734 -0.350485 -0.597825 0.0679894 0.032493
3 7 6
2 -0.0176653 0.0347222 0.0114761 0.0125
4 -0.0142926 0.182783 0.0912553 0.0125
1 0.0304404 0.406805 0.331287 0.0125
8 -0.0156587 0.0540546 0.0202529 0.0125
5 -0.0173345 0.149638 0.0702251 0.0125
6 -0.0172196 0.116291 0.0509459 0.0125
7 -0.015713 0.0781453 0.032153 0.0125
e_1_4 1 4 1 0.0125 0.0080736 0.294795 0.211271 -0.167622 -0.57338 -0.730358 0.331233 0.331363
e_4_5 4 5 2 0.0125 -0.015814 0.166211 0.0807407 0.375002 0.627296 -0.611206 0.30381 0.039371
e_5_6 5 6 3 0.0125 -0.0172769 0.132965 0.0605853 0.465456 0.807834 -0.312511 0.181911 0.03852
e_6_7 6 7 4 0.0125 -0.0164663 0.0972181 0.0415495 0.507901 0.824719 -0.201649 0.145644 0.04255
e_7_8 7 8 5 0.0125 -0.0156859 0.0661003 0.0262033 0.493926 0.795575 -0.297506 0.185979 0.02687
e_8_2 8 2 6 0.0125 -0.0166623 0.044389 0.0158645 0.462604 0.667358 -0.510301 0.283239 0.021326
4 9 8
2 -0.0560027 0.274848 0.0622859 0.0125
10 -0.0679259 0.256985 0.0548898 0.0125
9 -0.072437 0.223724 0.0518167 0.0125
4 -0.143002 -0.168456 0.0223435 0.0125
1 -0.164673 -0.201954 0.0215017 0.0125
8 -0.0790501 0.202945 0.0481576 0.0125
5 -0.123443 0.0842213 0.0358959 0.0125
6 -0.098121 0.161121 0.0398936 0.0125
7 -0.0885818 0.181321 0.0439355 0.0125
e_1_4 1 4 1 0.0125 -0.153838 -0.185205 0.0219221 0.523896 -0.689098 -0.120811 -0.485882 0.039905
e_4_5 4 5 2 0.0125 -0.133223 -0.0421168 0.0291199 0.63216 -0.623552 -0.290661 -0.356474 0.253796
e_5_6 5 6 3 0.0125 -0.110782 0.122671 0.0378945 0.589223 -0.658133 -0.205448 -0.42127 0.08106
e_6_7 6 7 4 0.0125 -0.093351 0.171221 0.0419141 0.636023 -0.633603 -0.0975674 -0.429538 0.022702
e_7_8 7 8 5 0.0125 -0.0838153 0.192134 0.0460467 0.638703 -0.632532 -0.109341 -0.424271 0.024006
e_8_9 8 9 6 0.0125 -0.0757431 0.213335 0.0499871 0.649261 -0.626542 -0.157145 -0.40151 0.022111
e_9_10 9 10 7 0.0125 -0.0701815 0.240355 0.0533532 0.640358 -0.62427 -0.25438 -0.36813 0.033705
e_10_2 10 2 8 0.0125 -0.0619643 0.265917 0.0585878 0.699456 -0.579921 0.0298174 -0.41661 0.022715
5 10 9
2 -0.387662 -0.234853 0.0453775 0.0125
11 -0.372999 -0.221238 0.0460019 0.0125
10 -0.358763 -0.208321 0.0404769 0.0125
9 -0.348402 -0.193699 0.0315632 0.0125
4 -0.309859 -0.0241758 0.0126548 0.0125
1 -0.286571 0.228829 0.0118941 0.0125
8 -0.334553 -0.180474 0.0256168 0.0125
5 -0.30946 -0.124803 0.0121587 0.0125
6 -0.313017 -0.149427 0.0118588 0.0125
7 -0.322765 -0.165977 0.0182689 0.0125
e_1_4 1 4 1 0.0125 -0.298215 0.102326 0.012274 0.512503 0.553482 0.438362 -0.48871 0.254076
e_4_5 4 5 2 0.0125 -0.30966 -0.0744897 0.0124061 0.519596 0.520261 0.481451 -0.477026 0.10063
e_5_6 5 6 3 0.0125 -0.311239 -0.137116 0.0120083 0.500091 0.572406 0.422341 -0.49385 0.024881
e_6_7 6 7 4 0.0125 -0.31789 -0.157702 0.0150638 0.637373 0.579246 0.0786345 -0.502042 0.020248
e_7_8 7 8 5 0.0125 -0.328658 -0.173225 0.021943 0.665289 0.562407 -0.0268153 -0.490275 0.020079
e_8_9 8 9 6 0.0125 -0.341478 -0.187087 0.02859 0.639493 0.585908 -0.0918233 -0.489212 0.020052
e_9_10 9 10 7 0.0125 -0.353583 -0.20101 0.0360204 0.699812 0.52657 -0.00665817 -0.482642 0.020015
e_10_11 10 11 8 0.0125 -0.36588 -0.214779 0.0432393 0.631521 0.592389 -0.104669 -0.489184 0.020001
e_11_2 11 2 9 0.0125 -0.380331 -0.228045 0.0456897 0.461276 0.717853 0.0171361 -0.521169 0.02002
6 7 6
2 0.118737 -0.0524769 0.0114918 0.0125
4 0.109155 -0.136387 0.0959428 0.0125
1 0.0181048 -0.432183 0.311392 0.0125
8 0.124006 -0.0673915 0.024547 0.0125
5 0.115213 -0.106867 0.0775446 0.0125
6 0.120088 -0.0933111 0.0593759 0.0125
7 0.123104 -0.0823067 0.0406447 0.0125
e_1_4 1 4 1 0.0125 0.0636302 -0.284286 0.203667 -0.419243 0.656535 -0.595506 -0.196389 0.377099
e_4_5 4 5 2 0.0125 0.112184 -0.121628 0.0867436 -0.479484 0.802077 -0.34237 -0.0977278 0.035307
e_5_6 5 6 3 0.0125 0.11765 -0.100089 0.0684603 -0.0938222 -0.0528763 -0.942856 -0.315314 0.023187
e_6_7 6 7 4 0.0125 0.121596 -0.0878081 0.0500104 0.0295377 -0.3545 -0.895176 -0.268548 0.021933
e_7_8 7 8 5 0.0125 0.123555 -0.0748484 0.0325959 0.0542258 -0.193394 -0.910531 -0.361376 0.021964
e_8_2 8 2 6 0.0125 0.121371 -0.0599338 0.0180191 0.216037 -0.692002 0.582587 0.367497 0.02051
7 11 10
2 0.347776 -0.125936 0.0166284 0.0125
12 0.331762 -0.118017 0.0257162 0.0125
11 0.315375 -0.109929 0.0344153 0.0125
10 0.296319 -0.105053 0.0385606 0.0125
9 0.276984 -0.10043 0.0429001 0.0125
4 -0.0569711 0.000811529 0.0396833 0.0125
1 -0.0928004 0.0243797 0.0177392 0.0125
8 0.255656 -0.102454 0.0459739 0.0125
5 -0.0330007 -0.0177219 0.0566538 0.0125
6 0.00575836 -0.0388204 0.0821449 0.0125
7 0.0479079 -0.0578135 0.0896192 0.0125
e_1_4 1 4 1 0.0125 -0.0748859 0.0125959 0.0287119 0.853024 0.281225 0.439486 -0.0107395 0.048174
e_4_5 4 5 2 0.0125 -0.0449866 -0.00845504 0.0481687 0.862279 0.296022 0.409937 -0.0282541 0.034729
e_5_6 5 6 3 0.0125 -0.0136215 -0.0282712 0.0693997 0.866047 0.243023 0.436851 0.00794569 0.050963
e_6_7 6 7 4 0.0125 0.0268328 -0.0483167 0.0858818 0.760784 0.290712 0.579385 0.0317356 0.046832
e_7_8 7 8 5 0.0125 0.151782 -0.0801335 0.0677968 0.625265 0.271259 0.72596 0.0918984 0.216927
e_8_9 8 9 6 0.0125 0.266321 -0.101442 0.0444371 0.63204 0.128367 0.744679 0.171756 0.021643
e_9_10 9 10 7 0.0125 0.286651 -0.102741 0.0407306 0.621294 0.283021 0.725628 0.0857676 0.020347
e_10_11 10 11 8 0.0125 0.305847 -0.107491 0.0364886 0.624709 0.288257 0.72111 0.0815293 0.020103
e_11_12 11 12 9 0.0125 0.323569 -0.113974 0.0300661 0.533307 0.410292 0.739313 0.0256997 0.020239
e_12_2 12 2 10 0.0125 0.339769 -0.121976 0.0211723 0.522171 0.41459 0.744852 0.0254508 0.020044
8 7 6
2 0.0935594 0.26875 0.0183755 0.0125
4 0.169974 -0.116515 0.162609 0.0125
1 0.173853 -0.171665 0.183481 0.0125
8 0.0858653 0.245524 0.0120738 0.0125
5 0.065058 0.155066 0.0299128 0.0125
6 0.0677236 0.17533 0.024699 0.0125
7 0.072449 0.209757 0.0140752 0.0125
e_1_4 1 4 1 0.0125 0.171914 -0.14409 0.173045 0.424142 -0.650418 0.503543 0.37882 0.059095
e_4_5 4 5 2 0.0125 0.117516 0.0192751 0.0962609 -0.418906 0.799299 -0.261698 -0.342277 0.319955
e_5_6 5 6 3 0.0125 0.0663908 0.165198 0.0273059 0.559829 -0.672298 0.414266 0.25098 0.021093
e_6_7 6 7 4 0.0125 0.0700859 0.192543 0.0193877 0.510675 -0.627671 0.502206 0.305008 0.036337
e_7_8 7 8 5 0.0125 0.0791567 0.22764 0.0130751 0.678637 -0.626905 0.364901 0.115278 0.038254
e_8_2 8 2 6 0.0125 0.0897128 0.257137 0.015224 0.782919 -0.602457 0.11108 -0.108376 0.025266
9 10 9
2 0.233423 -0.0402348 0.0550462 0.0125
11 0.219879 -0.0273306 0.0642797 0.0125
10 0.20707 -0.0136626 0.0725095 0.0125
9 0.189489 0.000714619 0.0811452 0.0125
4 0.0387446 0.114466 0.105353 0.0125
1 -0.194864 0.177696 0.096167 0.0125
8 0.171221 0.01318 0.0883715 0.0125
5 0.112262 0.0622034 0.101738 0.0125
6 0.138314 0.0436048 0.100707 0.0125
7 0.154995 0.0290292 0.0963927 0.0125
e_1_4 1 4 1 0.0125 -0.0780599 0.14608 0.10076 -0.546299 0.298992 -0.62581 0.469599 0.242188
e_4_5 4 5 2 0.0125 0.0755038 0.0883344 0.103545 0.301644 0.711033 -0.120228 0.62369 0.090274
e_5_6 5 6 3 0.0125 0.125289 0.0529044 0.101223 0.314265 0.710203 -0.108232 0.620593 0.032026
e_6_7 6 7 4 0.0125 0.146655 0.0363173 0.0985502 0.278387 0.744778 -0.202177 0.571779 0.022567
e_7_8 7 8 5 0.0125 0.163108 0.0211045 0.0923826 0.231275 0.763748 -0.288764 0.528976 0.024059
e_8_9 8 9 6 0.0125 0.180355 0.00694764 0.084759 0.0642373 0.714575 -0.380375 0.583584 0.023266
e_9_10 9 10 7 0.0125 0.198279 -0.00647444 0.0768272 0.136105 0.743626 -0.353165 0.551154 0.024298
e_10_11 10 11 8 0.0125 0.213474 -0.0204964 0.0683945 0.226342 0.77416 -0.319072 0.497634 0.020459
e_11_2 11 2 9 0.0125 0.226651 -0.0337826 0.0596625 0.159895 0.763427 -0.372126 0.503125 0.020862
10 7 6
2 -0.0914079 0.271926 0.0473424 0.0125
4 -0.107119 -0.0624067 0.0531803 0.0125
1 -0.0403154 -0.204784 0.0243781 0.0125
8 -0.101777 0.250895 0.0514606 0.0125
5 -0.112667 0.00187574 0.0499769 0.0125
6 -0.119543 0.111 0.0631274 0.0125
7 -0.106057 0.227654 0.0545612 0.0125
e_1_4 1 4 1 0.0125 -0.073717 -0.133595 0.0387797 0.66597 -0.366982 -0.524645 -0.382826 0.159885
e_4_5 4 5 2 0.0125 -0.109892 -0.0302655 0.0515785 0.524076 -0.508236 -0.516232 -0.447823 0.064601
e_5_6 5 6 3 0.0125 -0.116105 0.0564378 0.0565517 0.575913 -0.483148 -0.45482 -0.477526 0.110128
e_6_7 6 7 4 0.0125 -0.1128 0.169326 0.0588448 0.469448 -0.562522 -0.468983 -0.493196 0.117742
e_7_8 7 8 5 0.0125 -0.103918 0.239274 0.0530114 0.432178 -0.587261 -0.469231 -0.498166 0.023836
e_8_2 8 2 6 0.0125 -0.0965931 0.26141 0.0494015 0.341233 -0.651544 -0.402453 -0.545052 0.023807
