10
1 10 9
2 0.244139 0.280727 0.0551311 0.0125
11 0.237611 0.264454 0.0435384 0.0125
10 0.223947 0.252253 0.0352069 0.0125
9 0.210122 0.23921 0.0266393 0.0125
4 0.0231806 0.0622331 0.0132374 0.0125
1 -0.149363 0.0295094 0.0117745 0.0125
8 0.194331 0.223029 0.0152902 0.0125
5 0.063835 0.0914939 0.0148266 0.0125
6 0.0973374 0.117075 0.0114911 0.0125
7 0.116533 0.129035 0.0116149 0.0125
e_1_4 1 4 1 0.0125 -0.0630911 0.0458713 0.012506 -0.33409 -0.548723 -0.441292 -0.626537 0.175625
e_4_5 4 5 2 0.0125 0.0435076 0.0768641 0.0140318 -0.128426 -0.482954 -0.500901 -0.706654 0.050116
e_5_6 5 6 3 0.0125 0.080586 0.104285 0.0131586 -0.0953794 -0.515311 -0.523342 -0.671916 0.042284
e_6_7 6 7 4 0.0125 0.106936 0.123055 0.011553 -0.157652 -0.500631 -0.496635 -0.69128 0.022617
e_7_8 7 8 5 0.0125 0.155433 0.176032 0.0134522 0.00646951 -0.448839 -0.532436 -0.717644 0.12207
e_8_9 8 9 6 0.0125 0.202226 0.23112 0.0209652 -0.129202 -0.305409 -0.427104 -0.841198 0.025297
e_9_10 9 10 7 0.0125 0.217034 0.245732 0.0309229 -0.140168 -0.327085 -0.43307 -0.828142 0.020848
e_10_11 10 11 8 0.0125 0.230779 0.258354 0.0393726 -0.155302 -0.33022 -0.428898 -0.826367 0.020125
e_11_2 11 2 9 0.0125 0.240875 0.27259 0.0493344 0.0402673 -0.19618 -0.430967 -0.879863 0.021019
2 11 10
2 0.0976567 0.132784 0.115318 0.0125
12 0.103563 0.115147 0.107879 0.0125
11 0.110346 0.09701 0.102774 0.0125
10 0.119254 0.0792499 0.0993734 0.0125
9 0.127281 0.0645575 0.0880069 0.0125
4 0.340259 -0.240989 0.0650593 0.0125
1 0.357165 -0.276734 0.0621997 0.0125
8 0.140317 0.0503365 0.0815297 0.0125
5 0.196506 -0.0198431 0.0661083 0.0125
6 0.165182 0.0239338 0.0612883 0.0125
7 0.152649 0.0389803 0.0702267 0.0125
e_1_4 1 4 1 0.0125 0.348712 -0.258861 0.0636292 0.566751 -0.660988 0.164405 0.463529 0.039644
e_4_5 4 5 2 0.0125 0.268383 -0.130416 0.0655842 0.707201 -0.613978 -0.347909 0.0431023 0.263764
e_5_6 5 6 3 0.0125 0.180844 0.00204554 0.063698 -0.464052 0.72448 -0.140434 -0.489961 0.054046
e_6_7 6 7 4 0.0125 0.158916 0.0314575 0.0657576 0.817409 -0.321983 -0.434391 -0.198683 0.021526
e_7_8 7 8 5 0.0125 0.146483 0.0446586 0.0758785 0.842634 -0.200429 -0.424623 -0.263611 0.020219
e_8_9 8 9 6 0.0125 0.133799 0.0574468 0.0847679 0.752831 -0.251385 -0.526948 -0.303937 0.02035
e_9_10 9 10 7 0.0125 0.123268 0.0719039 0.0936898 0.883613 -0.413161 -0.220087 0.0093343 0.020236
e_10_11 10 11 8 0.0125 0.1148 0.0881301 0.101073 0.717698 -0.64057 -0.0729796 0.263159 0.020158
e_11_12 11 12 9 0.0125 0.106955 0.106078 0.105327 0.717838 -0.60846 0.0479634 0.334939 0.020025
e_12_2 12 2 10 0.0125 0.100609 0.123965 0.111598 0.782474 -0.560646 0.00567465 0.270882 0.020032
3 11 10
2 0.0369473 -0.116087 0.06457 0.0125
12 0.0472939 -0.101156 0.056101 0.0125
11 0.0566846 -0.088578 0.0436888 0.0125
10 0.0679671 -0.0755435 0.0334043 0.0125
9 0.0813539 -0.0647575 0.0231348 0.0125
4 0.157613 0.18623 0.0467073 0.0125
1 0.122764 0.286833 0.146912 0.0125
8 0.0921375 -0.0496121 0.0148558 0.0125
5 0.156524 0.134051 0.0222323 0.0125
6 0.108622 -0.00664659 0.018095 0.0125
7 0.10122 -0.0312099 0.0123695 0.0125
e_1_4 1 4 1 0.0125 0.140188 0.236532 0.09681 0.3595 0.659271 0.638784 -0.167559 0.146206
e_4_5 4 5 2 0.0125 0.157068 0.160141 0.0344695 0.487552 0.774311 0.33576 -0.223608 0.057645
e_5_6 5 6 3 0.0125 0.132573 0.0637031 0.0201631 0.667067 0.716484 -0.0237017 -0.202755 0.148685
e_6_7 6 7 4 0.0125 0.104922 -0.0189281 0.0152319 0.579967 0.777114 0.0707077 -0.23395 0.026286
e_7_8 7 8 5 0.0125 0.0966792 -0.0404109 0.0136123 0.727812 0.64676 -0.14687 -0.174415 0.020672
e_8_9 8 9 6 0.0125 0.0867457 -0.0571848 0.0189953 0.833222 0.47676 -0.263255 -0.0955871 0.020352
e_9_10 9 10 7 0.0125 0.0746605 -0.0701505 0.0282695 0.869033 0.324742 -0.371645 -0.034714 0.020025
e_10_11 10 11 8 0.0125 0.0623257 -0.0820603 0.0385467 0.867645 0.394033 -0.297621 -0.0578928 0.020074
e_11_12 11 12 9 0.0125 0.0519892 -0.0948669 0.0498949 0.899466 0.358543 -0.247596 -0.0332292 0.020012
e_12_2 12 2 10 0.0125 0.0421206 -0.108621 0.0603355 0.8383 0.472495 -0.255894 -0.0923004 0.020043
4 10 9
2 -0.141766 0.127929 0.0304225 0.0125
11 -0.123144 0.121397 0.0392924 0.0125
10 -0.103924 0.115789 0.0449865 0.0125
9 -0.0861473 0.104357 0.0476511 0.0125
4 0.230806 -0.0782326 0.0125288 0.0125
1 0.283792 -0.0902182 0.0117503 0.0125
8 -0.0559732 0.0553999 0.0393889 0.0125
5 0.0754629 -0.026742 0.0420579 0.0125
6 0.00878951 0.00931438 0.0330335 0.0125
7 -0.0287207 0.0286537 0.0316546 0.0125
e_1_4 1 4 1 0.0125 0.257298 -0.0842258 0.0121395 0.619961 0.202119 -0.672297 -0.350447 0.054331
e_4_5 4 5 2 0.0125 0.153134 -0.0524877 0.0272933 0.661217 0.134979 -0.626895 -0.389326 0.166297
e_5_6 5 6 3 0.0125 0.0421263 -0.00871453 0.0375457 0.537023 0.0991461 -0.741134 -0.390507 0.076333
e_6_7 6 7 4 0.0125 -0.00996516 0.0189841 0.0323438 0.570439 0.0952569 -0.712219 -0.397831 0.042225
e_7_8 7 8 5 0.0125 -0.0423475 0.0420264 0.0355217 0.609866 -0.0710544 -0.629037 -0.476789 0.03896
e_8_9 8 9 6 0.0125 -0.07106 0.0798781 0.0435203 0.556552 -0.178146 -0.630208 -0.511226 0.0581
e_9_10 9 10 7 0.0125 -0.0950351 0.110074 0.0463186 0.523246 0.0649057 -0.747213 -0.404566 0.021303
e_10_11 10 11 8 0.0125 -0.113534 0.118593 0.0421394 0.509137 0.221151 -0.766722 -0.322504 0.020815
e_11_2 11 2 9 0.0125 -0.132455 0.124662 0.0348579 0.446758 0.222031 -0.809735 -0.30893 0.021636
5 9 8
2 0.172594 -0.202676 0.0366995 0.0125
10 0.158976 -0.186805 0.0387578 0.0125
9 0.137749 -0.172433 0.0513284 0.0125
4 0.103455 0.113799 0.0796518 0.0125
1 0.127253 0.262619 0.0486893 0.0125
8 0.120335 -0.139429 0.0605561 0.0125
5 0.113751 0.041763 0.0648222 0.0125
6 0.116574 0.0168782 0.061388 0.0125
7 0.106159 -0.0244969 0.0639227 0.0125
e_1_4 1 4 1 0.0125 0.115354 0.188209 0.0641708 -0.725104 -0.619089 -0.126919 0.273577 0.153858
e_4_5 4 5 2 0.0125 0.108603 0.0777815 0.0722366 -0.605609 -0.702361 -0.326396 0.182737 0.074264
e_5_6 5 6 3 0.0125 0.115162 0.0293206 0.0631051 -0.627717 -0.689862 -0.303333 0.195066 0.025279
e_6_7 6 7 4 0.0125 0.111366 -0.00380933 0.0626553 -0.672149 -0.678435 -0.100387 0.279043 0.042741
e_7_8 7 8 5 0.0125 0.113247 -0.0819624 0.0622396 -0.666313 -0.655134 -0.292112 0.203709 0.115852
e_8_9 8 9 6 0.0125 0.129042 -0.155931 0.0559423 -0.606511 -0.619625 -0.485895 0.110068 0.038441
e_9_10 9 10 7 0.0125 0.148362 -0.179619 0.0450434 -0.528907 -0.489895 -0.692925 -0.0107192 0.028551
e_10_2 10 2 8 0.0125 0.165785 -0.194741 0.0377295 -0.66651 -0.498788 -0.547879 0.0824801 0.021015
6 10 9
2 0.242827 -0.159118 0.0647742 0.0125
11 0.235107 -0.140607 0.0572439 0.0125
10 0.232576 -0.121463 0.0507864 0.0125
9 0.231742 -0.101363 0.0453852 0.0125
4 0.173459 0.229322 0.161524 0.0125
1 0.152517 0.288508 0.181761 0.0125
8 0.21095 -0.0424984 0.0335207 0.0125
5 0.183886 0.0758643 0.0735715 0.0125
6 0.18709 0.026987 0.0461264 0.0125
7 0.198779 -0.00668001 0.0396324 0.0125
e_1_4 1 4 1 0.0125 0.162988 0.258914 0.171643 0.253069 0.0841106 0.803935 -0.531573 0.065963
e_4_5 4 5 2 0.0125 0.178672 0.152593 0.117548 -0.416601 -0.749165 0.432382 -0.279717 0.177183
e_5_6 5 6 3 0.0125 0.185488 0.0514255 0.0598493 -0.421312 -0.748664 0.428838 -0.279456 0.056147
e_6_7 6 7 4 0.0125 0.192935 0.0101534 0.0428797 0.493896 0.398891 0.656145 -0.407955 0.036225
e_7_8 7 8 5 0.0125 0.204865 -0.0245893 0.0365768 0.525703 0.441301 0.620483 -0.37933 0.038321
e_8_9 8 9 6 0.0125 0.221346 -0.0719308 0.0394526 0.770257 0.603304 0.206576 0.00744006 0.063546
e_9_10 9 10 7 0.0125 0.232159 -0.111413 0.0480861 0.714308 0.558308 -0.242112 0.345597 0.02083
e_10_11 10 11 8 0.0125 0.233841 -0.131035 0.0540153 0.764474 0.571403 -0.122231 0.272281 0.020361
e_11_2 11 2 9 0.0125 0.238967 -0.149863 0.0610086 0.817689 0.545287 0.164053 0.0844627 0.021424
7 11 10
2 0.380885 -0.0982227 0.0155655 0.0125
12 0.379469 -0.0783618 0.0181738 0.0125
11 0.381779 -0.0584905 0.0186884 0.0125
10 0.388204 -0.0393443 0.0155763 0.0125
9 0.387466 -0.0192384 0.0128027 0.0125
4 0.290953 0.147471 0.0855462 0.0125
1 0.109176 0.23288 0.119054 0.0125
8 0.383419 0.00241496 0.012368 0.0125
5 0.334543 0.110732 0.0693674 0.0125
6 0.375338 0.0418472 0.022751 0.0125
7 0.380334 0.0221671 0.0174382 0.0125
e_1_4 1 4 1 0.0125 0.200065 0.190175 0.1023 0.628536 0.154725 0.747224 -0.150529 0.203619
e_4_5 4 5 2 0.0125 0.312748 0.129101 0.0774565 0.574266 0.303966 0.737642 -0.183595 0.059258
e_5_6 5 6 3 0.0125 0.354941 0.0762894 0.0460593 0.451821 0.489752 0.715358 -0.210387 0.092642
e_6_7 6 7 4 0.0125 0.377836 0.0320071 0.0200946 0.540557 0.587826 0.530125 -0.285003 0.020987
e_7_8 7 8 5 0.0125 0.381877 0.0122913 0.0149028 0.536347 0.621796 0.486096 -0.299018 0.020625
e_8_9 8 9 6 0.0125 0.385443 -0.00841177 0.0125847 0.640552 0.560534 0.419447 -0.315529 0.022032
e_9_10 9 10 7 0.0125 0.387834 -0.0292911 0.0141898 0.673024 0.575353 0.317299 -0.339602 0.02031
e_10_11 10 11 8 0.0125 0.384991 -0.048917 0.0171322 0.659751 0.638903 0.125171 -0.375319 0.020434
e_11_12 11 12 9 0.0125 0.380624 -0.0684266 0.0184311 0.604166 0.657137 0.284621 -0.349492 0.020011
e_12_2 12 2 10 0.0125 0.380176 -0.0882919 0.0168695 0.576584 0.629448 0.410798 -0.320299 0.020082
8 9 8
2 0.101163 0.0265977 0.0506304 0.0125
10 0.118864 0.0249912 0.059844 0.0125
9 0.129724 0.0219018 0.076575 0.0125
4 0.390419 0.126632 0.210766 0.0125
1 0.53234 0.139136 0.23165 0.0125
8 0.152886 0.0259135 0.092838 0.0125
5 0.34578 0.113717 0.206438 0.0125
6 0.192245 0.0429858 0.114174 0.0125
7 0.170501 0.0324695 0.101694 0.0125
e_1_4 1 4 1 0.0125 0.46138 0.132884 0.221208 0.638514 -0.097284 -0.750369 0.140648 0.143993
e_4_5 4 5 2 0.0125 0.368099 0.120174 0.208601 0.671174 0.1455 -0.724707 0.0561704 0.046671
e_5_6 5 6 3 0.0125 0.269012 0.0783508 0.160306 0.490744 0.560422 -0.652279 -0.140105 0.192583
e_6_7 6 7 4 0.0125 0.181373 0.037727 0.107934 0.50145 0.562498 -0.642738 -0.137955 0.027188
e_7_8 7 8 5 0.0125 0.161694 0.0291915 0.0972659 0.530207 0.403701 -0.741721 -0.075873 0.020777
e_8_9 8 9 6 0.0125 0.141305 0.0239074 0.084706 0.464233 0.157382 -0.871612 -0.00331392 0.028584
e_9_10 9 10 7 0.0125 0.124293 0.0234469 0.0682093 -0.159064 -0.629612 0.719742 0.245477 0.020184
e_10_2 10 2 8 0.0125 0.110013 0.0257944 0.0552372 0.458332 -0.46871 -0.714453 0.244539 0.020019
9 11 10
2 0.426021 0.163843 0.248419 0.0125
12 0.412784 0.171757 0.235591 0.0125
11 0.399615 0.170374 0.220598 0.0125
10 0.386214 0.168771 0.205786 0.0125
9 0.374505 0.15918 0.192672 0.0125
4 0.0459638 -0.0112056 0.082102 0.0125
1 0.0318028 -0.0263592 0.0725571 0.0125
8 0.362847 0.1593 0.176371 0.0125
5 0.219199 0.0892152 0.124528 0.0125
6 0.326951 0.151838 0.151771 0.0125
7 0.346051 0.159436 0.164489 0.0125
e_1_4 1 4 1 0.0125 0.0388827 -0.0187828 0.0773295 0.841617 -0.405574 0.355641 -0.0266543 0.022831
e_4_5 4 5 2 0.0125 0.132581 0.0390044 0.103315 0.776937 -0.317795 0.543477 -0.00294136 0.204682
e_5_6 5 6 3 0.0125 0.273075 0.120526 0.138149 0.778951 -0.317498 0.540757 -0.00346102 0.127571
e_6_7 6 7 4 0.0125 0.336501 0.155637 0.15813 0.873074 -0.19471 0.446095 -0.0287933 0.024172
e_7_8 7 8 5 0.0125 0.354449 0.159368 0.17043 0.887356 -0.0151888 0.459385 -0.0365082 0.020574
e_8_9 8 9 6 0.0125 0.368677 0.159241 0.184521 0.950309 -0.0161405 0.305034 -0.0600566 0.020041
e_9_10 9 10 7 0.0125 0.38036 0.163976 0.199228 0.908563 -0.278513 0.30821 -0.0441628 0.020026
e_10_11 10 11 8 0.0125 0.392914 0.169573 0.213193 0.931146 -0.0622491 0.355732 -0.0504621 0.02004
e_11_12 11 12 9 0.0125 0.406199 0.171066 0.228095 0.933862 -0.0563377 0.349362 -0.0517035 0.020002
e_12_2 12 2 10 0.0125 0.419402 0.1678 0.242005 0.903629 0.194724 0.377296 -0.0564288 0.02006
10 7 6
2 0.374534 -0.0391388 0.087052 0.0125
4 0.0282404 -0.0185937 0.101737 0.0125
1 -0.112366 -0.0333797 0.0544469 0.0125
8 0.350129 -0.0436584 0.0789655 0.0125
5 0.0487517 -0.0248595 0.105084 0.0125
6 0.236653 -0.0353869 0.0879014 0.0125
7 0.322451 -0.0414372 0.0808737 0.0125
e_1_4 1 4 1 0.0125 -0.0420621 -0.0259868 0.0780921 0.811279 -0.0759485 0.579333 -0.0207567 0.149081
e_4_5 4 5 2 0.0125 0.0384956 -0.0217261 0.103411 0.75944 0.205721 0.616894 0.0192819 0.021706
e_5_6 5 6 3 0.0125 0.142702 -0.0301227 0.0964929 0.674176 0.0465172 0.737089 0.00475912 0.188979
e_6_7 6 7 4 0.0125 0.279551 -0.0384125 0.0843874 0.677676 0.0582992 0.73302 0.00607429 0.086298
e_7_8 7 8 5 0.0125 0.336289 -0.0425477 0.0799195 0.6824 0.0656308 0.727995 0.00672924 0.027832
e_8_2 8 2 6 0.0125 0.362331 -0.0413986 0.0830083 0.808777 -0.126545 0.573681 -0.0275121 0.026104
