10
1 6 5
2 0.0653127 0.235386 0.071847 0.0125
7 0.0715723 0.217968 0.05651 0.0125
6 0.0818994 0.18488 0.0276447 0.0125
5 0.0806516 0.147151 0.0147637 0.0125
1 -0.078918 -0.209574 0.0119464 0.0125
4 0.0714797 0.127748 0.0120088 0.0125
e_1_4 1 4 1 0.0125 -0.00371956 -0.0409129 0.0119781 0.70698 -0.65223 0.272965 -0.0162949 0.369331
e_4_5 4 5 2 0.0125 0.0760657 0.137449 0.0133867 0.750562 -0.603597 0.268373 -0.0174174 0.021638
e_5_6 5 6 3 0.0125 0.0812756 0.166015 0.0212048 0.812415 -0.579964 0.0465265 0.0382001 0.039886
e_6_7 6 7 4 0.0125 0.0767359 0.201423 0.0420776 0.903137 -0.413135 -0.0967676 0.0655593 0.045107
e_7_2 7 2 5 0.0125 0.0684425 0.226677 0.0641785 0.902333 -0.410205 -0.112742 0.0693975 0.024038
2 9 8
2 -0.138321 -0.106297 0.0114932 0.0125
10 -0.145524 -0.0894842 0.0201487 0.0125
9 -0.146646 -0.0707231 0.027231 0.0125
4 -0.171031 0.290996 0.208916 0.0125
1 -0.185042 0.331869 0.224131 0.0125
8 -0.143781 -0.0566766 0.041236 0.0125
5 -0.139506 0.0206723 0.0523948 0.0125
6 -0.138563 -0.0139834 0.0492841 0.0125
7 -0.137522 -0.0351191 0.0494565 0.0125
e_1_4 1 4 1 0.0125 -0.178037 0.311433 0.216523 0.573439 0.798803 0.167308 0.0713353 0.045808
e_4_5 4 5 2 0.0125 -0.155269 0.155835 0.130656 0.48355 0.856322 -0.126431 0.130025 0.313954
e_5_6 5 6 3 0.0125 -0.139034 0.00334445 0.0508394 0.670708 0.735529 -0.0607964 0.0738392 0.034808
e_6_7 6 7 4 0.0125 -0.138043 -0.0245512 0.0493701 0.707604 0.703834 -0.0230835 0.0581434 0.021162
e_7_8 7 8 5 0.0125 -0.140652 -0.045898 0.0453458 0.55899 0.718457 -0.394665 0.12486 0.023906
e_8_9 8 9 6 0.0125 -0.145214 -0.0636994 0.0342328 0.346883 0.724655 -0.569463 0.173951 0.020041
e_9_10 9 10 7 0.0125 -0.146086 -0.0801036 0.0236897 0.558162 0.814849 -0.110961 0.110292 0.020085
e_10_2 10 2 8 0.0125 -0.141922 -0.0978911 0.0158217 0.529862 0.814908 0.223146 0.0733293 0.020236
3 10 9
2 0.187798 -0.0227803 0.020438 0.0125
11 0.168826 -0.0168758 0.0156383 0.0125
10 0.148404 -0.0190342 0.0133039 0.0125
9 0.127134 -0.0196082 0.0114945 0.0125
4 -0.133489 0.0693391 0.1163 0.0125
1 -0.227195 0.158285 0.129873 0.0125
8 0.106541 -0.0238549 0.0130647 0.0125
5 0.00495879 -0.0163841 0.0401275 0.0125
6 0.0387766 -0.0254539 0.0297946 0.0125
7 0.059544 -0.0285587 0.0252368 0.0125
e_1_4 1 4 1 0.0125 -0.180342 0.113812 0.123087 0.597934 0.699112 0.251954 0.300394 0.12991
e_4_5 4 5 2 0.0125 -0.0642652 0.0264775 0.0782139 0.382952 0.819543 0.200514 0.376154 0.179773
e_5_6 5 6 3 0.0125 0.0218677 -0.0209191 0.0349615 0.352327 0.747576 0.28748 0.484098 0.036506
e_6_7 6 7 4 0.0125 0.0491599 -0.0270062 0.0275163 0.343453 0.707428 0.324966 0.525341 0.021487
e_7_8 7 8 5 0.0125 0.0830424 -0.026207 0.0191512 0.1795 0.728907 0.305737 0.585662 0.048775
e_8_9 8 9 6 0.0125 0.116837 -0.021732 0.01228 0.241218 0.618729 0.392958 0.63606 0.021085
e_9_10 9 10 7 0.0125 0.137769 -0.0193217 0.0123996 0.476093 0.504132 0.451086 0.561879 0.021354
e_10_11 10 11 8 0.0125 0.158615 -0.0179543 0.0144713 0.468589 0.471332 0.470501 0.58043 0.020669
e_11_2 11 2 9 0.0125 0.178312 -0.0198272 0.0180378 0.676253 0.458937 0.414724 0.40008 0.020441
4 6 5
2 -0.388122 0.121951 0.083188 0.0125
7 -0.364381 0.0759109 0.0489621 0.0125
6 -0.350345 0.0486642 0.0287824 0.0125
5 -0.336419 0.0304677 0.0244026 0.0125
1 -0.135562 -0.287977 0.0114889 0.0125
4 -0.268932 -0.0577304 0.0114991 0.0125
e_1_4 1 4 1 0.0125 -0.202248 -0.172854 0.0114936 0.563549 -0.701706 0.0871218 0.427119 0.266085
e_4_5 4 5 2 0.0125 -0.302675 -0.0136314 0.0179506 0.565466 -0.663908 0.03899 0.487806 0.111803
e_5_6 5 6 3 0.0125 -0.343382 0.0395664 0.0265923 0.588782 -0.636551 0.0305831 0.497196 0.023329
e_6_7 6 7 4 0.0125 -0.357363 0.0622875 0.0388722 0.747174 -0.472812 0.0386177 0.465499 0.036696
e_7_2 7 2 5 0.0125 -0.376252 0.0989315 0.0660747 0.747495 -0.472121 0.03836 0.465705 0.062087
5 7 6
2 -0.0891673 0.190138 0.158724 0.0125
4 -0.13273 0.0581222 0.138131 0.0125
1 -0.230707 -0.259853 0.0114954 0.0125
8 -0.094491 0.172261 0.150858 0.0125
5 -0.111054 0.105279 0.148849 0.0125
6 -0.103249 0.133919 0.142101 0.0125
7 -0.0987283 0.153002 0.147016 0.0125
e_1_4 1 4 1 0.0125 -0.181719 -0.100865 0.0748139 0.823161 -0.545585 0.156468 -0.0161362 0.356012
e_4_5 4 5 2 0.0125 -0.121892 0.0817011 0.14349 0.76146 -0.513937 0.367084 0.145935 0.052995
e_5_6 5 6 3 0.0125 -0.107152 0.119599 0.145475 0.592542 -0.651966 0.431011 0.195099 0.030442
e_6_7 6 7 4 0.0125 -0.100989 0.143461 0.144559 0.785586 -0.608428 0.0909833 -0.0662712 0.020218
e_7_8 7 8 5 0.0125 -0.0966095 0.162632 0.148937 0.767351 -0.632093 0.0695732 -0.0824017 0.020089
e_8_2 8 2 6 0.0125 -0.0918287 0.181199 0.154791 0.83277 -0.534941 0.139783 -0.0281576 0.020243
6 11 10
2 -0.317904 -0.0850108 0.110903 0.0125
12 -0.298229 -0.0864691 0.106302 0.0125
11 -0.277979 -0.0869173 0.105212 0.0125
10 -0.258061 -0.0869482 0.107341 0.0125
9 -0.238367 -0.0858222 0.11069 0.0125
4 -0.0670067 -0.0681745 0.0685972 0.0125
1 0.161756 -0.0451427 0.011546 0.0125
8 -0.217817 -0.0909067 0.1106 0.0125
5 -0.111302 -0.0785736 0.0769139 0.0125
6 -0.170436 -0.0886437 0.106445 0.0125
7 -0.195193 -0.0935488 0.109693 0.0125
e_1_4 1 4 1 0.0125 0.0473747 -0.0566585 0.0400722 -0.757005 -0.22868 0.572092 0.217622 0.236892
e_4_5 4 5 2 0.0125 -0.0891544 -0.073374 0.0727564 -0.746955 -0.287467 0.572239 0.178785 0.046253
e_5_6 5 6 3 0.0125 -0.140868 -0.0836093 0.0916794 -0.821749 -0.216807 0.481826 0.213466 0.06686
e_6_7 6 7 4 0.0125 -0.182814 -0.0910965 0.108069 -0.727959 -0.283276 0.596601 0.184114 0.025447
e_7_8 7 8 5 0.0125 -0.206504 -0.0922276 0.110146 -0.672252 -0.17391 0.670725 0.260693 0.022796
e_8_9 8 9 6 0.0125 -0.228091 -0.0883647 0.110644 -0.646221 -0.126506 0.694148 0.290781 0.02117
e_9_10 9 10 7 0.0125 -0.248214 -0.0863852 0.109016 -0.614392 -0.274458 0.713001 0.197042 0.020008
e_10_11 10 11 8 0.0125 -0.26802 -0.0869327 0.106276 -0.631759 -0.24198 0.703276 0.21847 0.020032
e_11_12 11 12 9 0.0125 -0.288104 -0.0866936 0.105757 -0.686116 -0.210066 0.654972 0.236915 0.020284
e_12_2 12 2 10 0.0125 -0.308067 -0.0857401 0.108602 -0.738293 -0.163767 0.599713 0.261626 0.020259
7 7 6
2 0.154458 0.0420997 0.113894 0.0125
4 0.00864966 -0.101022 0.056831 0.0125
1 -0.204659 -0.286923 0.0298429 0.0125
8 0.144081 0.0333305 0.0992129 0.0125
5 0.0866157 -0.0266689 0.0761769 0.0125
6 0.116447 0.00460733 0.0869919 0.0125
7 0.130158 0.0187584 0.0918498 0.0125
e_1_4 1 4 1 0.0125 -0.0980045 -0.193973 0.0433371 -0.516951 0.671619 -0.0381055 0.529374 0.284233
e_4_5 4 5 2 0.0125 0.0476323 -0.0638457 0.0665041 -0.554891 0.640877 -0.0301673 0.529588 0.10946
e_5_6 5 6 3 0.0125 0.101531 -0.0110304 0.0815846 -0.586127 0.615063 -0.0180449 0.527094 0.044554
e_6_7 6 7 4 0.0125 0.123302 0.0116826 0.0894202 -0.583848 0.616332 -0.0212154 0.528021 0.020294
e_7_8 7 8 5 0.0125 0.137119 0.0260442 0.0955307 -0.623579 0.572157 -0.0323867 0.53173 0.021457
e_8_2 8 2 6 0.0125 0.149269 0.0377144 0.106553 -0.766205 0.352008 -0.0954847 0.529058 0.020003
8 8 7
2 0.0833788 -0.28051 0.0676514 0.0125
9 0.0889503 -0.250692 0.0694082 0.0125
4 0.149858 -0.00126421 0.0798952 0.0125
1 0.113818 0.191014 0.0115147 0.0125
8 0.095283 -0.226998 0.0707945 0.0125
5 0.134046 -0.164194 0.07455 0.0125
6 0.118215 -0.191653 0.0730663 0.0125
7 0.108477 -0.209181 0.0726659 0.0125
e_1_4 1 4 1 0.0125 0.131838 0.0948743 0.0457051 0.774084 0.50649 0.280149 -0.256473 0.207233
e_4_5 4 5 2 0.0125 0.141952 -0.0827286 0.0772221 -0.135471 -0.0712316 0.715014 -0.68215 0.163781
e_5_6 5 6 3 0.0125 0.12613 -0.177923 0.0738083 -0.578309 -0.327646 0.645 -0.377071 0.031732
e_6_7 6 7 4 0.0125 0.113345 -0.200418 0.0728659 -0.588204 -0.336529 0.629858 -0.37953 0.020055
e_7_8 7 8 5 0.0125 0.10188 -0.21809 0.0717304 -0.605617 -0.334014 0.656114 -0.301955 0.022249
e_8_9 8 9 6 0.0125 0.0921166 -0.238845 0.0701013 -0.356475 -0.203996 0.697573 -0.587114 0.024564
e_9_2 9 2 7 0.0125 0.086165 -0.265601 0.0685295 -0.257361 -0.144219 0.712817 -0.636285 0.030385
9 8 7
2 0.108846 -0.276191 0.0621581 0.0125
9 0.110501 -0.260156 0.0476051 0.0125
4 0.0976978 0.165335 0.0748371 0.0125
1 0.114389 0.200727 0.0789891 0.0125
8 0.117407 -0.243993 0.0374894 0.0125
5 0.0911633 0.137027 0.0659793 0.0125
6 0.132384 -0.203191 0.0338327 0.0125
7 0.124674 -0.221748 0.0324925 0.0125
e_1_4 1 4 1 0.0125 0.106043 0.183031 0.0769128 0.654899 0.722743 -0.174362 -0.135455 0.039351
e_4_5 4 5 2 0.0125 0.0944302 0.151181 0.0704076 0.557728 0.796889 0.103849 -0.20766 0.030372
e_5_6 5 6 3 0.0125 0.111774 -0.0330819 0.0499058 0.640876 0.671435 0.309628 -0.206357 0.344211
e_6_7 6 7 4 0.0125 0.128529 -0.21247 0.033163 0.668639 0.717505 -0.135879 -0.140161 0.020139
e_7_8 7 8 5 0.0125 0.12104 -0.23287 0.034991 0.768816 0.620245 -0.10438 -0.115422 0.02393
e_8_9 8 9 6 0.0125 0.113954 -0.252074 0.0425473 0.863467 0.473217 -0.163268 -0.0619183 0.02028
e_9_2 9 2 7 0.0125 0.109673 -0.268173 0.0548819 0.911255 0.405979 -0.0113658 -0.06831 0.021717
10 11 10
2 0.221479 -0.165443 0.100917 0.0125
12 0.209599 -0.150339 0.0953714 0.0125
11 0.196377 -0.13678 0.0889399 0.0125
10 0.187207 -0.1224 0.0784811 0.0125
9 0.17719 -0.109493 0.0668936 0.0125
4 0.134178 0.0301186 0.0263961 0.0125
1 0.194521 0.285614 0.0125156 0.0125
8 0.166288 -0.0973262 0.0553495 0.0125
5 0.130807 0.00667583 0.0310484 0.0125
6 0.148749 -0.0589139 0.0460382 0.0125
7 0.157224 -0.0797148 0.0516164 0.0125
e_1_4 1 4 1 0.0125 0.16435 0.157866 0.0194561 0.717021 0.637744 -0.25862 0.110813 0.262891
e_4_5 4 5 2 0.0125 0.132492 0.0183971 0.0287226 0.76602 0.612298 -0.169449 0.0979342 0.024137
e_5_6 5 6 3 0.0125 0.139778 -0.0261192 0.0385442 0.778993 0.597776 0.187163 -0.0283678 0.069632
e_6_7 6 7 4 0.0125 0.152987 -0.0693139 0.0488273 0.786538 0.556863 0.263415 -0.0432863 0.023143
e_7_8 7 8 5 0.0125 0.161757 -0.0885207 0.0534829 0.766252 0.53689 0.345187 -0.0738449 0.020156
e_8_9 8 9 6 0.0125 0.171739 -0.10341 0.0611218 0.887483 0.352852 0.29484 0.030647 0.020003
e_9_10 9 10 7 0.0125 0.182199 -0.115947 0.0726876 0.887694 0.373565 0.266836 0.0353165 0.020031
e_10_11 10 11 8 0.0125 0.191792 -0.129591 0.0837104 0.87224 0.418957 0.251186 0.0240306 0.020006
e_11_12 11 12 9 0.0125 0.202987 -0.14356 0.0921554 0.811184 0.389831 0.432728 -0.0525227 0.02
e_12_2 12 2 10 0.0125 0.215539 -0.157891 0.0981445 0.796755 0.442345 0.407055 -0.0617951 0.020001
