10
1 11 10
2 -0.26584 -0.0968274 0.0785242 0.0125
12 -0.258329 -0.0877809 0.0617143 0.0125
11 -0.244337 -0.081791 0.0482987 0.0125
10 -0.226216 -0.0737497 0.0380682 0.0125
9 -0.20986 -0.0664439 0.0289007 0.0125
4 -0.00883153 -0.102248 0.0139313 0.0125
1 0.172231 -0.208647 0.0114963 0.0125
8 -0.188613 -0.0678366 0.0221839 0.0125
5 -0.0740227 -0.08131 0.0114848 0.0125
6 -0.137334 -0.0744065 0.0163995 0.0125
7 -0.157741 -0.0717819 0.018444 0.0125
e_1_4 1 4 1 0.0125 0.0816997 -0.155447 0.0127142 -0.107546 0.652985 -0.26041 -0.703016 0.210024
e_4_5 4 5 2 0.0125 -0.0414267 -0.0917788 0.0127087 0.108726 0.642244 -0.324615 -0.685804 0.068515
e_5_6 5 6 3 0.0125 -0.105678 -0.0778585 0.0139424 0.327102 0.571719 -0.366966 -0.656869 0.063876
e_6_7 6 7 4 0.0125 -0.147537 -0.0730942 0.0174217 0.317478 0.564929 -0.362529 -0.669803 0.020676
e_7_8 7 8 5 0.0125 -0.173177 -0.0698093 0.0203146 0.325621 0.555986 -0.362242 -0.673522 0.031347
e_8_9 8 9 6 0.0125 -0.199237 -0.0671406 0.0255423 0.464044 0.460297 -0.371094 -0.659605 0.022327
e_9_10 9 10 7 0.0125 -0.218038 -0.0700971 0.0334847 0.822663 0.331302 -0.403051 -0.225864 0.020123
e_10_11 10 11 8 0.0125 -0.235276 -0.0777698 0.0431839 0.82349 0.329466 -0.402684 -0.226189 0.022309
e_11_12 11 12 9 0.0125 -0.251333 -0.0847856 0.0550065 0.909039 0.188658 -0.365785 -0.065257 0.020288
e_12_2 12 2 10 0.0125 -0.262085 -0.0923043 0.0701199 0.846546 0.116735 -0.276868 0.439405 0.020515
2 9 8
2 -0.267899 -0.066611 0.0125806 0.0125
10 -0.247988 -0.060556 0.0114067 0.0125
9 -0.228322 -0.0526585 0.0138196 0.0125
4 0.105578 -0.104926 0.0122009 0.0125
1 0.19857 -0.148674 0.018595 0.0125
8 -0.209679 -0.0422509 0.0169352 0.0125
5 -0.00169169 -0.0453855 0.0136585 0.0125
6 -0.133539 -0.0282839 0.011407 0.0125
7 -0.184836 -0.0377432 0.0156518 0.0125
e_1_4 1 4 1 0.0125 0.152074 -0.1268 0.015398 0.600625 -0.588824 -0.429343 0.328938 0.102967
e_4_5 4 5 2 0.0125 0.0519431 -0.0751559 0.0129297 0.637432 -0.578404 -0.399383 0.31563 0.122694
e_5_6 5 6 3 0.0125 -0.0676151 -0.0368345 0.0125334 0.588202 -0.461763 -0.543362 0.381511 0.132971
e_6_7 6 7 4 0.0125 -0.159187 -0.0330139 0.013529 0.608075 -0.27302 -0.620406 0.413281 0.052334
e_7_8 7 8 5 0.0125 -0.197257 -0.0399977 0.0162935 0.593744 -0.288074 -0.625801 0.415758 0.025282
e_8_9 8 9 6 0.0125 -0.219 -0.0474549 0.0153777 0.470054 -0.194254 -0.731071 0.454807 0.021577
e_9_10 9 10 7 0.0125 -0.238156 -0.0566073 0.0126133 0.495555 -0.255581 -0.700886 0.444816 0.021331
e_10_2 10 2 8 0.0125 -0.257944 -0.0635834 0.0119943 0.589969 -0.221533 -0.650188 0.4244 0.020844
3 6 5
2 0.177241 0.0039312 0.0125219 0.0125
7 0.162062 -0.0100187 0.0146593 0.0125
6 0.140209 -0.0288404 0.0174258 0.0125
5 0.114555 -0.0691277 0.0374992 0.0125
1 -0.216283 -0.288501 0.013354 0.0125
4 0.0740772 -0.101855 0.0412714 0.0125
e_1_4 1 4 1 0.0125 -0.0711032 -0.195178 0.027313 0.676914 -0.559934 0.382319 -0.28652 0.346302
e_4_5 4 5 2 0.0125 0.0943162 -0.0854918 0.0393856 0.608613 -0.666952 0.302175 -0.305703 0.05219
e_5_6 5 6 3 0.0125 0.127382 -0.0489838 0.0274628 0.476131 -0.832475 0.0267974 -0.282075 0.051809
e_6_7 6 7 4 0.0125 0.151135 -0.0194293 0.0160428 0.59908 -0.685039 0.280099 -0.305563 0.028974
e_7_2 7 2 5 0.0125 0.169652 -0.00304383 0.0135906 0.597394 -0.695391 0.260753 -0.302588 0.020725
4 8 7
2 0.0843673 -0.219021 0.115028 0.0125
9 0.0791643 -0.180662 0.103776 0.0125
4 -0.011986 0.00959657 0.032424 0.0125
1 -0.147749 0.19283 0.012427 0.0125
8 0.0757133 -0.155386 0.0963264 0.0125
5 0.0447285 -0.0477344 0.0682631 0.0125
6 0.0603725 -0.100789 0.0816913 0.0125
7 0.0688668 -0.120105 0.0890855 0.0125
e_1_4 1 4 1 0.0125 -0.0798676 0.101213 0.0224251 -0.138859 0.292743 -0.608791 0.72415 0.228923
e_4_5 4 5 2 0.0125 0.0163716 -0.0190691 0.0503433 -0.415067 0.141211 -0.526311 0.728544 0.088249
e_5_6 5 6 3 0.0125 0.0525503 -0.0742625 0.0749775 0.309469 0.394089 -0.476169 0.722625 0.05692
e_6_7 6 7 4 0.0125 0.06462 -0.110448 0.0853881 0.169978 0.338101 -0.469397 0.797785 0.022359
e_7_8 7 8 5 0.0125 0.0722903 -0.137746 0.0927061 0.399477 0.424383 -0.470255 0.662705 0.036661
e_8_9 8 9 6 0.0125 0.0774391 -0.168024 0.100051 0.495116 0.431529 -0.416678 0.628508 0.026576
e_9_2 9 2 7 0.0125 0.0817653 -0.199842 0.109403 0.495316 0.431823 -0.417098 0.62787 0.040312
5 8 7
2 0.295807 0.0186918 0.0123152 0.0125
9 0.198473 0.0799124 0.0150223 0.0125
4 -0.0649794 0.102623 0.0440929 0.0125
1 -0.159537 0.144253 0.0878723 0.0125
8 0.177838 0.089006 0.0114951 0.0125
5 -0.0420475 0.0949923 0.0327625 0.0125
6 -0.00619294 0.0863284 0.0212403 0.0125
7 0.0307938 0.0828986 0.0177605 0.0125
e_1_4 1 4 1 0.0125 -0.112258 0.123438 0.0659826 -0.546318 -0.443401 -0.706028 -0.0803599 0.112209
e_4_5 4 5 2 0.0125 -0.0535139 0.0988076 0.0384279 -0.524385 -0.429218 -0.726647 -0.113035 0.026692
e_5_6 5 6 3 0.0125 -0.0241205 0.0906604 0.0270008 -0.570509 -0.393075 -0.703261 -0.159483 0.038644
e_6_7 6 7 4 0.0125 0.0123001 0.0846135 0.0194998 -0.628947 -0.326617 -0.663288 -0.240408 0.037308
e_7_8 7 8 5 0.0125 0.104316 0.0859523 0.0146278 -0.623547 -0.285637 -0.663083 -0.299869 0.147304
e_8_9 8 9 6 0.0125 0.188155 0.084459 0.0132586 -0.749291 -0.357133 -0.543305 -0.12585 0.022824
e_9_2 9 2 7 0.0125 0.24714 0.0493018 0.0136685 -0.697156 -0.42071 -0.578595 -0.0469512 0.115018
6 10 9
2 0.38827 0.278827 0.0114972 0.0125
11 0.37789 0.271269 0.0270723 0.0125
10 0.365043 0.259707 0.0381192 0.0125
9 0.351319 0.248078 0.0476278 0.0125
4 0.284132 0.161149 0.0975427 0.0125
1 0.0466321 -0.0244838 0.0114962 0.0125
8 0.34514 0.234956 0.0630196 0.0125
5 0.312044 0.185383 0.0913255 0.0125
6 0.328676 0.203888 0.0836251 0.0125
7 0.337601 0.219535 0.0739528 0.0125
e_1_4 1 4 1 0.0125 0.165382 0.0683328 0.0545189 0.797367 -0.393116 0.456307 -0.0380747 0.31348
e_4_5 4 5 2 0.0125 0.298088 0.173266 0.0944338 0.64569 -0.51139 0.566936 -0.0122408 0.037484
e_5_6 5 6 3 0.0125 0.320361 0.194636 0.087475 0.59303 -0.57801 0.560111 0.022265 0.026045
e_6_7 6 7 4 0.0125 0.333138 0.211711 0.0787887 0.507376 -0.672569 0.533096 0.0776423 0.020445
e_7_8 7 8 5 0.0125 0.341371 0.227246 0.0684861 0.472041 -0.698773 0.529452 0.092596 0.020352
e_8_9 8 9 6 0.0125 0.34823 0.241516 0.0553236 0.357732 -0.718723 0.58936 0.0901148 0.021148
e_9_10 9 10 7 0.0125 0.358181 0.253892 0.0428734 0.516051 -0.562171 0.646227 -0.0067037 0.020348
e_10_11 10 11 8 0.0125 0.371466 0.265488 0.0325957 0.480321 -0.583607 0.654743 0.00231127 0.020511
e_11_2 11 2 9 0.0125 0.38308 0.275048 0.019285 0.337688 -0.584419 0.737721 -0.0137272 0.020186
7 11 10
2 0.0214618 0.288497 0.0198039 0.0125
12 0.018635 0.269221 0.024323 0.0125
11 0.013278 0.250104 0.0219089 0.0125
10 0.00618247 0.231411 0.0213733 0.0125
9 -0.000117144 0.212425 0.0239139 0.0125
4 0.0155286 0.0696196 0.0468666 0.0125
1 0.175957 -0.147346 0.071877 0.0125
8 -0.00249136 0.19198 0.0228761 0.0125
5 0.000543049 0.111307 0.039963 0.0125
6 -0.000837488 0.136586 0.0345914 0.0125
7 0.000585934 0.168036 0.0235258 0.0125
e_1_4 1 4 1 0.0125 0.0957422 -0.0388634 0.0593722 0.631201 -0.710306 -0.203986 0.235456 0.270992
e_4_5 4 5 2 0.0125 0.00803552 0.090463 0.0434147 0.526699 -0.729627 0.211288 0.381563 0.044834
e_5_6 5 6 3 0.0125 -0.000147429 0.123947 0.0372766 0.497037 -0.638631 0.442627 0.386246 0.025879
e_6_7 6 7 4 0.0125 -0.000125486 0.152311 0.0290586 0.420361 -0.5674 0.58639 0.396863 0.033371
e_7_8 7 8 5 0.0125 -0.000952502 0.180008 0.0232016 0.617237 -0.671446 0.250237 0.324901 0.024149
e_8_9 8 9 6 0.0125 -0.00130425 0.202203 0.023395 0.666916 -0.598822 0.340937 0.283545 0.02061
e_9_10 9 10 7 0.0125 0.00303312 0.221919 0.0226431 0.586418 -0.522654 0.538359 0.305151 0.020164
e_10_11 10 11 8 0.0125 0.00973012 0.240757 0.0216406 0.667644 -0.51783 0.467396 0.260087 0.020001
e_11_12 11 12 9 0.0125 0.0159567 0.259662 0.0231155 0.707582 -0.545107 0.377495 0.244302 0.02
e_12_2 12 2 10 0.0125 0.0200477 0.278859 0.0220632 0.508162 -0.567249 0.539637 0.358876 0.02
8 6 5
2 -0.17843 0.150108 0.0146137 0.0125
7 -0.172707 0.130915 0.0144612 0.0125
6 -0.170676 0.110946 0.0143314 0.0125
5 -0.161721 0.0927937 0.0124899 0.0125
1 0.138392 -0.218541 0.0888026 0.0125
4 -0.133395 0.0621956 0.0139323 0.0125
e_1_4 1 4 1 0.0125 0.00249784 -0.078173 0.0513677 0.60462 -0.694551 -0.334206 0.200848 0.397852
e_4_5 4 5 2 0.0125 -0.147558 0.0774947 0.0132111 0.670573 -0.63724 -0.333477 0.181796 0.041722
e_5_6 5 6 3 0.0125 -0.166199 0.10187 0.0134104 0.730421 -0.642018 -0.206193 0.108551 0.020325
e_6_7 6 7 4 0.0125 -0.171692 0.120931 0.0143966 0.708538 -0.703851 -0.0370466 0.0345854 0.020073
e_7_2 7 2 5 0.0125 -0.175569 0.140512 0.0145374 0.705422 -0.693195 -0.125169 0.0786957 0.020028
9 6 5
2 -0.387827 -0.282941 0.183388 0.0125
7 -0.377094 -0.273263 0.16956 0.0125
6 -0.359691 -0.255179 0.150298 0.0125
5 -0.336664 -0.208421 0.139176 0.0125
1 -0.143128 0.115659 0.0281044 0.0125
4 -0.173641 0.08506 0.0448871 0.0125
e_1_4 1 4 1 0.0125 -0.158385 0.10036 0.0364954 -0.80925 -0.314072 0.469409 -0.161643 0.046358
e_4_5 4 5 2 0.0125 -0.255153 -0.0616808 0.0920315 -0.771165 -0.436827 0.417115 -0.20125 0.348709
e_5_6 5 6 3 0.0125 -0.348178 -0.2318 0.144737 -0.74886 -0.468964 0.419191 -0.208711 0.053294
e_6_7 6 7 4 0.0125 -0.368393 -0.264221 0.159929 -0.882117 -0.257984 0.359206 -0.162127 0.031636
e_7_2 7 2 5 0.0125 -0.38246 -0.278102 0.176475 -0.906886 -0.211063 0.331325 -0.152427 0.020003
10 9 8
2 -0.0706737 0.276455 0.0178885 0.0125
10 -0.0677469 0.260728 0.0319633 0.0125
9 -0.0662128 0.245017 0.0443613 0.0125
4 0.00260276 0.135933 0.0604761 0.0125
1 0.191009 -0.122051 0.0456143 0.0125
8 -0.0657177 0.224549 0.0499422 0.0125
5 -0.0363516 0.169714 0.0452027 0.0125
6 -0.0503566 0.184848 0.044546 0.0125
7 -0.0607241 0.205048 0.0468122 0.0125
e_1_4 1 4 1 0.0125 0.0968054 0.00694136 0.0530457 -0.690871 0.653231 0.223724 -0.214321 0.319803
e_4_5 4 5 2 0.0125 -0.0168747 0.152824 0.0528399 -0.544368 0.728823 0.332909 -0.248299 0.053776
e_5_6 5 6 3 0.0125 -0.0433544 0.177281 0.0448739 -0.651639 0.664702 0.272204 -0.24381 0.02063
e_6_7 6 7 4 0.0125 -0.0555403 0.194948 0.0456791 -0.722052 0.650988 0.162915 -0.168269 0.022817
e_7_8 7 8 5 0.0125 -0.0632209 0.214798 0.0483777 -0.752882 0.645946 0.0770801 -0.0998995 0.020373
e_8_9 8 9 6 0.0125 -0.0659648 0.234783 0.0471518 -0.606754 0.793446 0.0439717 0.0189381 0.021221
e_9_10 9 10 7 0.0125 -0.0669797 0.252873 0.0381623 -0.436748 0.890028 0.129166 0.020446 0.020072
e_10_2 10 2 8 0.0125 -0.0692104 0.268591 0.0249263 -0.41196 0.89646 0.163235 -0.00160208 0.021308
