10
1 8 7
2 -0.17854 -0.176491 0.0383833 0.0125
9 -0.161047 -0.162372 0.0373771 0.0125
4 -0.0105244 -0.0790962 0.0115 0.0125
1 0.283133 -0.0733338 0.0115115 0.0125
8 -0.151192 -0.143255 0.0377391 0.0125
5 -0.064823 -0.0890986 0.0282032 0.0125
6 -0.0912467 -0.0954746 0.0333369 0.0125
7 -0.132667 -0.126424 0.0347946 0.0125
e_1_4 1 4 1 0.0125 0.136304 -0.0762154 0.011506 0.608218 0.372506 -0.601049 -0.360625 0.293713
e_4_5 4 5 2 0.0125 -0.037674 -0.0840978 0.0198518 0.769908 0.270015 -0.531331 -0.228081 0.057684
e_5_6 5 6 3 0.0125 -0.0780352 -0.0922864 0.0307699 0.715516 0.368171 -0.521198 -0.284324 0.027662
e_6_7 6 7 4 0.0125 -0.111957 -0.11095 0.0340664 0.646313 0.61788 -0.322708 -0.310424 0.051726
e_7_8 7 8 5 0.0125 -0.14193 -0.13484 0.0362663 0.696453 0.594742 -0.296437 -0.270851 0.025202
e_8_9 8 9 6 0.0125 -0.15612 -0.152814 0.0375575 0.664225 0.705011 -0.106564 -0.224519 0.021511
e_9_2 9 2 7 0.0125 -0.169794 -0.169431 0.03788 0.65761 0.618068 -0.309262 -0.299829 0.022501
2 11 10
2 -0.0116407 -0.0430745 0.0977118 0.0125
12 -0.00544749 -0.0259314 0.0878308 0.0125
11 -0.00258039 -0.00901684 0.0770351 0.0125
10 0.00519499 0.00919199 0.0717884 0.0125
9 0.0177424 0.0239183 0.0634865 0.0125
4 0.319837 0.0325753 0.0248038 0.0125
1 0.3885 0.00882777 0.0391392 0.0125
8 0.036993 0.0390843 0.0521308 0.0125
5 0.182031 0.0961465 0.0121585 0.0125
6 0.157585 0.0981243 0.0159447 0.0125
7 0.0667406 0.0564474 0.0453697 0.0125
e_1_4 1 4 1 0.0125 0.354169 0.0207014 0.0319722 -0.552597 0.579397 0.510967 -0.312807 0.074054
e_4_5 4 5 2 0.0125 0.250934 0.0643609 0.0184811 -0.650173 0.48259 0.555543 -0.189086 0.152289
e_5_6 5 6 3 0.0125 0.169808 0.0971361 0.0140513 -0.393183 0.582187 0.291159 -0.649378 0.024816
e_6_7 6 7 4 0.0125 0.112163 0.0772852 0.0306574 0.54863 0.567697 -0.191078 -0.583279 0.10419
e_7_8 7 8 5 0.0125 0.0518674 0.0477656 0.0487504 0.527789 0.619467 -0.141266 -0.563687 0.035101
e_8_9 8 9 6 0.0125 0.0273675 0.0315015 0.0578082 0.7803 0.468192 -0.265684 -0.318339 0.02701
e_9_10 9 10 7 0.0125 0.0114686 0.0165558 0.0676372 0.800395 0.503159 -0.222844 -0.237779 0.021053
e_10_11 10 11 8 0.0125 0.00130687 8.76235e-05 0.074412 0.77639 0.597509 -0.122031 -0.15909 0.020483
e_11_12 11 12 9 0.0125 -0.00401416 -0.0174743 0.0824336 0.868201 0.462409 -0.141038 0.11186 0.02027
e_12_2 12 2 10 0.0125 -0.00854451 -0.0345029 0.0927715 0.859222 0.481925 -0.171673 -0.00382973 0.020734
3 6 5
2 0.197854 -0.287689 0.119483 0.0125
7 0.176221 -0.265422 0.11222 0.0125
6 0.1572 -0.248357 0.0990334 0.0125
5 0.137105 -0.231923 0.0855369 0.0125
1 -0.122508 0.0768799 0.0122916 0.0125
4 0.121763 -0.216005 0.0805513 0.0125
e_1_4 1 4 1 0.0125 -0.00037241 -0.069562 0.0464209 0.347335 0.589727 -0.253242 0.683702 0.387439
e_4_5 4 5 2 0.0125 0.129434 -0.223963 0.0830441 0.335005 0.584361 -0.220286 0.705527 0.022664
e_5_6 5 6 3 0.0125 0.147153 -0.24014 0.0922851 0.360429 0.502826 -0.128522 0.775073 0.029259
e_6_7 6 7 4 0.0125 0.16671 -0.25689 0.105627 0.372752 0.500102 -0.143567 0.768337 0.028755
e_7_2 7 2 5 0.0125 0.187038 -0.276556 0.115851 0.335605 0.582154 -0.217256 0.708001 0.031884
4 6 5
2 0.371185 -0.203515 0.0280214 0.0125
7 0.360029 -0.184264 0.0357458 0.0125
6 0.346707 -0.165309 0.0349905 0.0125
5 0.336312 -0.147362 0.0346146 0.0125
1 0.104651 0.216395 0.0564148 0.0125
4 0.186471 0.0883054 0.0368547 0.0125
e_1_4 1 4 1 0.0125 0.145561 0.15235 0.0466345 0.259544 -0.123012 0.740735 -0.607303 0.153246
e_4_5 4 5 2 0.0125 0.261392 -0.0295282 0.0357347 0.299602 -0.0898648 0.704226 -0.63736 0.279277
e_5_6 5 6 3 0.0125 0.341509 -0.156336 0.0348029 0.276102 -0.0891831 0.694985 -0.657883 0.020744
e_6_7 6 7 4 0.0125 0.353368 -0.174787 0.0353681 0.3509 -0.0711083 0.691842 -0.62703 0.023181
e_7_2 7 2 5 0.0125 0.365606 -0.19389 0.0318837 0.171078 -0.18228 0.794204 -0.553847 0.023551
5 10 9
2 0.199937 0.0334797 0.0732919 0.0125
11 0.18228 0.0402394 0.0815804 0.0125
10 0.164525 0.0481937 0.0882905 0.0125
9 0.145348 0.0543204 0.0854121 0.0125
4 0.0358137 0.0937205 0.0224051 0.0125
1 -0.264649 0.122049 0.0124422 0.0125
8 0.12583 0.0590408 0.0794801 0.0125
5 0.0680495 0.0917526 0.0418504 0.0125
6 0.0882651 0.0763766 0.0638083 0.0125
7 0.108376 0.0664457 0.0728427 0.0125
e_1_4 1 4 1 0.0125 -0.114417 0.107885 0.0174237 0.718429 0.0834743 0.690315 0.0189239 0.30196
e_4_5 4 5 2 0.0125 0.0519316 0.092737 0.0321274 0.744694 -0.228738 0.435637 -0.450921 0.037698
e_5_6 5 6 3 0.0125 0.0781578 0.0840643 0.0528289 0.902426 0.208961 0.359625 -0.112393 0.033575
e_6_7 6 7 4 0.0125 0.0983204 0.0714105 0.0683254 0.825061 0.293931 0.476223 0.0780482 0.02418
e_7_8 7 8 5 0.0125 0.117103 0.062743 0.076161 0.810927 0.281627 0.505455 0.0871675 0.020088
e_8_9 8 9 6 0.0125 0.135589 0.0566799 0.082446 0.79861 0.095076 0.591024 -0.0622321 0.020939
e_9_10 9 10 7 0.0125 0.154937 0.051257 0.086852 0.684607 0.444613 0.481175 0.319536 0.020337
e_10_11 10 11 8 0.0125 0.173403 0.0442168 0.0849359 -0.0687699 0.698428 -0.418613 0.576396 0.020579
e_11_2 11 2 9 0.0125 0.191108 0.0368599 0.0774366 -0.181739 0.637948 -0.542014 0.51596 0.020644
6 7 6
2 0.0835241 0.172176 0.0584553 0.0125
4 0.306125 -0.0302966 0.0651789 0.0125
1 0.386362 -0.188514 0.0146042 0.0125
8 0.10525 0.169896 0.0598214 0.0125
5 0.229809 0.0474825 0.0919821 0.0125
6 0.147967 0.147112 0.0733706 0.0125
7 0.12468 0.160705 0.0706209 0.0125
e_1_4 1 4 1 0.0125 0.346243 -0.109405 0.0398916 -0.797912 0.530099 0.2862 0.0205205 0.184469
e_4_5 4 5 2 0.0125 0.267967 0.00859295 0.0785805 0.632817 -0.0971752 -0.609205 -0.467941 0.112214
e_5_6 5 6 3 0.0125 0.188889 0.0972974 0.0826763 -0.0252035 0.501965 -0.565212 -0.654165 0.130272
e_6_7 6 7 4 0.0125 0.136323 0.153908 0.0719953 0.521471 0.111614 -0.733675 -0.421108 0.027104
e_7_8 7 8 5 0.0125 0.114965 0.1653 0.0652211 0.357577 0.315346 -0.790592 -0.384265 0.024054
e_8_2 8 2 6 0.0125 0.0943869 0.171036 0.059138 0.684466 -0.0580187 -0.726533 -0.0170395 0.021888
7 7 6
2 0.28281 0.287627 0.0139184 0.0125
4 -0.0346731 0.271467 0.0123671 0.0125
1 -0.202043 0.285983 0.0747641 0.0125
8 0.260681 0.284006 0.0169766 0.0125
5 0.136625 0.268147 0.0287902 0.0125
6 0.192109 0.272405 0.0277861 0.0125
7 0.240591 0.280813 0.0198349 0.0125
e_1_4 1 4 1 0.0125 -0.118358 0.278725 0.0435657 0.318113 -0.639669 0.514696 -0.474042 0.179211
e_4_5 4 5 2 0.0125 0.0509758 0.269807 0.0205786 0.543799 -0.446512 0.502908 -0.501989 0.172115
e_5_6 5 6 3 0.0125 0.164367 0.270276 0.0282886 0.518072 -0.519325 0.489212 -0.471779 0.055657
e_6_7 6 7 4 0.0125 0.21635 0.27661 0.023811 0.481576 -0.598885 0.470206 -0.433967 0.049843
e_7_8 7 8 5 0.0125 0.250636 0.28241 0.0184058 0.486672 -0.587713 0.473473 -0.439963 0.020542
e_8_2 8 2 6 0.0125 0.271745 0.285817 0.0154475 0.489658 -0.586857 0.472396 -0.438949 0.022631
8 9 8
2 -0.00437115 -0.11205 0.0550349 0.0125
10 -0.0228862 -0.104583 0.0562504 0.0125
9 -0.0404142 -0.0952123 0.0540012 0.0125
4 -0.253906 -0.0104256 0.0989008 0.0125
1 -0.407004 0.0932328 0.221244 0.0125
8 -0.0580269 -0.0857287 0.0535657 0.0125
5 -0.114669 -0.0532657 0.0584786 0.0125
6 -0.0952621 -0.0711919 0.0549068 0.0125
7 -0.0758467 -0.0761948 0.052431 0.0125
e_1_4 1 4 1 0.0125 -0.330455 0.0414032 0.160073 0.360203 -0.0974644 0.875455 -0.307138 0.221702
e_4_5 4 5 2 0.0125 -0.184287 -0.031846 0.0786894 0.542715 -0.126884 0.785866 -0.267911 0.151183
e_5_6 5 6 3 0.0125 -0.104966 -0.0622282 0.0566927 0.657553 0.531604 0.533286 0.0250354 0.026659
e_6_7 6 7 4 0.0125 -0.0855547 -0.0736927 0.0536689 0.62011 -0.0799627 0.744902 -0.232788 0.020202
e_7_8 7 8 5 0.0125 -0.0669368 -0.0809617 0.0529983 0.720796 0.244691 0.641946 -0.0921159 0.020242
e_8_9 8 9 6 0.0125 -0.0492208 -0.0904702 0.0537837 0.707964 0.243681 0.65554 -0.0983605 0.020009
e_9_10 9 10 7 0.0125 -0.0316504 -0.0998968 0.0551258 0.741426 0.248692 0.618011 -0.0806345 0.020001
e_10_2 10 2 8 0.0125 -0.0136294 -0.108316 0.0556428 0.664275 0.0981481 0.721636 -0.168364 0.020002
9 6 5
2 0.157348 -0.129572 0.0555176 0.0125
7 0.142899 -0.125672 0.0414119 0.0125
6 0.125209 -0.113047 0.0330505 0.0125
5 0.109484 -0.098846 0.0337083 0.0125
1 -0.227603 0.173881 0.0677208 0.0125
4 0.0936669 -0.0850423 0.0349697 0.0125
e_1_4 1 4 1 0.0125 -0.0669678 0.0444202 0.0513454 -0.553702 -0.706727 -0.200249 -0.392239 0.413918
e_4_5 4 5 2 0.0125 0.101575 -0.0919438 0.0343383 -0.568207 -0.703645 -0.186754 -0.383598 0.021031
e_5_6 5 6 3 0.0125 0.117346 -0.105946 0.0333787 -0.581584 -0.694842 -0.180823 -0.382437 0.021199
e_6_7 6 7 4 0.0125 0.134054 -0.11936 0.0372307 -0.690391 -0.527204 -0.206216 -0.450434 0.023287
e_7_2 7 2 5 0.0125 0.150123 -0.127623 0.0484646 -0.75245 -0.30387 -0.254387 -0.526089 0.020565
10 10 9
2 0.258445 -0.13407 0.124772 0.0125
11 0.247456 -0.152218 0.119633 0.0125
10 0.232539 -0.164966 0.112614 0.0125
9 0.215151 -0.174121 0.103318 0.0125
4 0.0223518 -0.220161 0.0994264 0.0125
1 -0.193515 -0.20628 0.0122583 0.0125
8 0.198124 -0.184977 0.104486 0.0125
5 0.101883 -0.207345 0.112229 0.0125
6 0.142208 -0.205629 0.107767 0.0125
7 0.167328 -0.199152 0.105245 0.0125
e_1_4 1 4 1 0.0125 -0.0855815 -0.213221 0.0558418 -0.825782 -0.0832657 -0.55334 -0.0704754 0.233215
e_4_5 4 5 2 0.0125 0.0621171 -0.213753 0.105828 -0.603517 0.472042 -0.445752 0.462869 0.081568
e_5_6 5 6 3 0.0125 0.122045 -0.206487 0.109998 -0.191774 0.721967 -0.183625 0.638958 0.040607
e_6_7 6 7 4 0.0125 0.154768 -0.20239 0.106506 -0.460762 0.648772 -0.357013 0.48922 0.026064
e_7_8 7 8 5 0.0125 0.182726 -0.192064 0.104866 -0.633683 0.545334 -0.462384 0.295394 0.033911
e_8_9 8 9 6 0.0125 0.206638 -0.179549 0.103902 -0.657338 0.550931 -0.474728 0.197521 0.020227
e_9_10 9 10 7 0.0125 0.223845 -0.169543 0.107966 -0.794737 0.0737871 -0.529842 -0.286735 0.021739
e_10_11 10 11 8 0.0125 0.239998 -0.158591 0.116124 -0.781246 0.228462 -0.528579 -0.240967 0.020839
e_11_2 11 2 9 0.0125 0.252951 -0.143144 0.122202 -0.728064 0.369352 -0.495874 -0.295991 0.021829
