10
1 8 7
2 0.199527 -0.136046 0.058951 0.0125
9 0.189045 -0.128641 0.0426174 0.0125
4 0.0581322 -0.110202 0.0115997 0.0125
1 -0.276237 -0.0624371 0.0133067 0.0125
8 0.173765 -0.125653 0.0295514 0.0125
5 0.0822265 -0.115966 0.0130269 0.0125
6 0.124922 -0.123891 0.0116029 0.0125
7 0.151675 -0.128709 0.0188357 0.0125
e_1_4 1 4 1 0.0125 -0.109052 -0.08632 0.0124528 0.630358 0.404422 0.582213 0.316417 0.337768
e_4_5 4 5 2 0.0125 0.07018 -0.113084 0.0123129 0.665189 0.415791 0.546211 0.29376 0.024815
e_5_6 5 6 3 0.0125 0.103574 -0.119928 0.0123153 0.611148 0.452378 0.55834 0.331827 0.043447
e_6_7 6 7 4 0.0125 0.138299 -0.1263 0.0152189 0.768945 0.250857 0.555443 0.193075 0.02813
e_7_8 7 8 5 0.0125 0.16272 -0.127181 0.024193 0.846447 -0.0672803 0.528127 0.00911685 0.024741
e_8_9 8 9 6 0.0125 0.181405 -0.127147 0.0360838 0.906311 0.083269 0.414299 0.00476627 0.020326
e_9_2 9 2 7 0.0125 0.194286 -0.132344 0.0507842 0.944487 0.179133 0.273416 -0.0331481 0.020773
2 11 10
2 0.0579646 -0.244311 0.156356 0.0125
12 0.0650566 -0.233597 0.140899 0.0125
11 0.071911 -0.222472 0.125736 0.0125
10 0.0778303 -0.209366 0.11161 0.0125
9 0.0894308 -0.200182 0.0974592 0.0125
4 0.120752 -0.102159 0.0309809 0.0125
1 0.187479 0.183368 0.0126819 0.0125
8 0.096097 -0.185563 0.0853082 0.0125
5 0.118555 -0.121563 0.0363778 0.0125
6 0.112798 -0.149373 0.062362 0.0125
7 0.102515 -0.171362 0.0721725 0.0125
e_1_4 1 4 1 0.0125 0.154115 0.0406039 0.021832 0.480977 0.55711 0.398102 -0.547544 0.29379
e_4_5 4 5 2 0.0125 0.119654 -0.111861 0.0336796 0.655121 0.534147 0.285494 -0.451659 0.02026
e_5_6 5 6 3 0.0125 0.115677 -0.135468 0.0493694 0.897393 0.403087 -0.00272763 -0.179439 0.038493
e_6_7 6 7 4 0.0125 0.107657 -0.160368 0.0672668 0.777268 0.557254 -0.0458591 -0.288477 0.026182
e_7_8 7 8 5 0.0125 0.099306 -0.178463 0.0787399 0.898578 0.404037 -0.120478 -0.121641 0.020382
e_8_9 8 9 6 0.0125 0.0927639 -0.192873 0.0913837 0.883592 0.429775 -0.116993 -0.144469 0.020145
e_9_10 9 10 7 0.0125 0.0836306 -0.204774 0.104535 0.907533 0.191033 -0.343388 0.14824 0.020473
e_10_11 10 11 8 0.0125 0.074871 -0.215918 0.118673 0.917837 0.366278 -0.124403 -0.0890978 0.020158
e_11_12 11 12 9 0.0125 0.0684834 -0.228034 0.133317 0.937392 0.29802 -0.180033 -0.00823629 0.020017
e_12_2 12 2 10 0.0125 0.0615104 -0.238954 0.148628 0.940432 0.28145 -0.190472 0.00964811 0.0201
3 9 8
2 0.157915 -0.152129 0.0539126 0.0125
10 0.145361 -0.137621 0.0598066 0.0125
9 0.132528 -0.122609 0.0636428 0.0125
4 -0.0173482 0.0881974 0.0115122 0.0125
1 -0.170993 0.203096 0.0165972 0.0125
8 0.120187 -0.107287 0.0587559 0.0125
5 0.0491393 -0.00307458 0.0218628 0.0125
6 0.063499 -0.026155 0.0191192 0.0125
7 0.107307 -0.0929637 0.0531689 0.0125
e_1_4 1 4 1 0.0125 -0.0941707 0.145646 0.0140546 0.683161 0.536549 0.474722 0.141584 0.191923
e_4_5 4 5 2 0.0125 0.0158961 0.0425614 0.0166876 0.727636 0.605042 0.297134 0.127206 0.113394
e_5_6 5 6 3 0.0125 0.0563197 -0.0146148 0.0204911 0.658791 0.692079 0.266887 0.125671 0.027321
e_6_7 6 7 4 0.0125 0.0854029 -0.0595588 0.0361437 0.825972 0.499033 0.234371 0.117499 0.086844
e_7_8 7 8 5 0.0125 0.113748 -0.100126 0.0559619 0.789387 0.504737 0.325515 0.127078 0.020057
e_8_9 8 9 6 0.0125 0.126358 -0.114947 0.0611991 0.777593 0.535385 0.304677 0.12603 0.020272
e_9_10 9 10 7 0.0125 0.138945 -0.130115 0.0617242 0.621685 0.679425 0.365673 0.134806 0.020119
e_10_2 10 2 8 0.0125 0.151639 -0.144875 0.0568602 0.578613 0.712192 0.373636 0.135594 0.02007
4 7 6
2 -0.0599635 0.17565 0.0124935 0.0125
4 0.181885 -0.150783 0.0677776 0.0125
1 0.204373 -0.233102 0.0885548 0.0125
8 -0.0443368 0.161249 0.0135446 0.0125
5 0.0297048 0.0825574 0.0260731 0.0125
6 -0.0138249 0.135089 0.0174908 0.0125
7 -0.0285837 0.149111 0.015997 0.0125
e_1_4 1 4 1 0.0125 0.193128 -0.191942 0.0781662 0.0903883 0.0940056 -0.780669 -0.611186 0.087829
e_4_5 4 5 2 0.0125 0.105795 -0.0341124 0.0469253 0.357618 -0.00150407 -0.757643 -0.545971 0.281683
e_5_6 5 6 3 0.0125 0.00794004 0.108823 0.0217826 0.429928 -0.0116349 -0.749845 -0.502751 0.06876
e_6_7 6 7 4 0.0125 -0.0212043 0.1421 0.0167439 0.510126 -0.0264719 -0.732059 -0.450733 0.020413
e_7_8 7 8 5 0.0125 -0.0364609 0.15518 0.0147706 0.520696 0.00746023 -0.749082 -0.409507 0.020038
e_8_2 8 2 6 0.0125 -0.0521506 0.16845 0.013019 0.529108 -0.0352978 -0.723507 -0.441969 0.021277
5 10 9
2 0.238224 -0.0174719 0.0686426 0.0125
11 0.219197 -0.0231566 0.066135 0.0125
10 0.199874 -0.0251381 0.0612219 0.0125
9 0.180138 -0.0267387 0.064162 0.0125
4 0.00706067 0.0229662 0.0439784 0.0125
1 -0.247011 0.0193782 0.0461485 0.0125
8 0.158322 -0.02992 0.0652803 0.0125
5 0.0685138 0.000205659 0.0653043 0.0125
6 0.0990194 -0.00996863 0.0673536 0.0125
7 0.129247 -0.0205093 0.0666365 0.0125
e_1_4 1 4 1 0.0125 -0.119975 0.0211719 0.0450639 0.684412 0.15691 0.692567 0.165258 0.254106
e_4_5 4 5 2 0.0125 0.0377873 0.0115856 0.0546417 0.78129 0.340408 0.478954 0.210503 0.068916
e_5_6 5 6 3 0.0125 0.0837671 -0.00488101 0.0663292 0.625691 0.519159 0.445734 0.374575 0.032223
e_6_7 6 7 4 0.0125 0.114132 -0.0152388 0.0669948 0.54284 0.608244 0.375815 0.440599 0.032019
e_7_8 7 8 5 0.0125 0.143784 -0.025214 0.0659583 0.522162 0.618592 0.373518 0.452963 0.030591
e_8_9 8 9 6 0.0125 0.16923 -0.0283297 0.0647215 0.672581 -0.257593 0.67747 -0.149386 0.022075
e_9_10 9 10 7 0.0125 0.190006 -0.0259381 0.0626924 0.596198 0.252299 0.713986 0.266677 0.020018
e_10_11 10 11 8 0.0125 0.209535 -0.0241472 0.0636791 0.777457 -0.166097 0.591457 -0.134727 0.020036
e_11_2 11 2 9 0.0125 0.228711 -0.0203138 0.067389 0.636481 -0.495927 0.437492 -0.396923 0.020016
6 10 9
2 -0.229849 0.0814371 0.0123104 0.0125
11 -0.212751 0.0711329 0.0135577 0.0125
10 -0.196361 0.0597738 0.0150958 0.0125
9 -0.17943 0.0491702 0.0171037 0.0125
4 0.113592 -0.134226 0.0813523 0.0125
1 0.193132 -0.161964 0.0998561 0.0125
8 -0.164763 0.0355911 0.0187967 0.0125
5 -0.0816964 -0.012229 0.0254131 0.0125
6 -0.131469 0.0128319 0.0212097 0.0125
7 -0.149983 0.0221829 0.0201721 0.0125
e_1_4 1 4 1 0.0125 0.153362 -0.148094 0.0906044 0.595754 -0.015629 -0.779119 -0.194441 0.086246
e_4_5 4 5 2 0.0125 0.0159478 -0.0732282 0.0533831 0.574012 -0.139723 -0.773636 -0.229074 0.23696
e_5_6 5 6 3 0.0125 -0.106582 0.000301207 0.0233111 0.647778 -0.114939 -0.724152 -0.206826 0.055884
e_6_7 6 7 4 0.0125 -0.140726 0.0175067 0.0206913 0.657944 -0.119205 -0.714682 -0.205252 0.020768
e_7_8 7 8 5 0.0125 -0.157374 0.0288875 0.0194844 0.638958 -0.269904 -0.679354 -0.239503 0.020003
e_8_9 8 9 6 0.0125 -0.172097 0.0423808 0.017951 0.631871 -0.273961 -0.683479 -0.241951 0.020059
e_9_10 9 10 7 0.0125 -0.187896 0.054472 0.0160997 0.633318 -0.164454 -0.723165 -0.221122 0.020078
e_10_11 10 11 8 0.0125 -0.204557 0.0654536 0.0143271 0.640922 -0.194312 -0.707596 -0.225319 0.020001
e_11_2 11 2 9 0.0125 -0.2213 0.0762857 0.0129339 0.649687 -0.159885 -0.71107 -0.216156 0.020001
7 10 9
2 0.360641 -0.0461133 0.0195133 0.0125
11 0.342508 -0.0387288 0.0152512 0.0125
10 0.327164 -0.0261976 0.0119131 0.0125
9 0.310743 -0.0133914 0.0178769 0.0125
4 0.14004 0.0376313 0.0579081 0.0125
1 -0.0808754 -0.0120956 0.160424 0.0125
8 0.29352 0.000383347 0.015979 0.0125
5 0.202576 0.0250509 0.0332774 0.0125
6 0.247682 0.0248216 0.0217046 0.0125
7 0.274355 0.0135831 0.0175942 0.0125
e_1_4 1 4 1 0.0125 0.0295824 0.0127682 0.109166 0.235077 0.658693 0.52186 0.488391 0.248567
e_4_5 4 5 2 0.0125 0.171308 0.0313418 0.0455929 0.390092 0.697597 0.439842 0.409543 0.068379
e_5_6 5 6 3 0.0125 0.225129 0.0249366 0.0274912 0.370546 0.631813 0.474408 0.488309 0.046568
e_6_7 6 7 4 0.0125 0.261018 0.0192025 0.01965 0.522457 0.654029 0.377564 0.395893 0.029235
e_7_8 7 8 5 0.0125 0.283937 0.00698337 0.0167863 0.593252 0.657952 0.318949 0.336782 0.023326
e_8_9 8 9 6 0.0125 0.302132 -0.00650403 0.016928 0.657908 0.614797 0.281323 0.331722 0.022135
e_9_10 9 10 7 0.0125 0.318953 -0.019795 0.0148955 0.531548 0.729142 0.325583 0.282498 0.021662
e_10_11 10 11 8 0.0125 0.334837 -0.0324632 0.013582 0.684776 0.587555 0.26781 0.337845 0.02009
e_11_2 11 2 9 0.0125 0.351575 -0.042421 0.0173823 0.635043 0.52927 0.336926 0.450638 0.020037
8 10 9
2 0.0601681 0.238963 0.0126459 0.0125
11 0.0723884 0.224096 0.0183967 0.0125
10 0.0848506 0.20833 0.0183054 0.0125
9 0.100113 0.19168 0.0230944 0.0125
4 0.114654 -0.163007 0.106124 0.0125
1 0.114648 -0.217178 0.107692 0.0125
8 0.12324 0.164813 0.043896 0.0125
5 0.110326 0.00259599 0.107486 0.0125
6 0.119384 0.063577 0.0861903 0.0125
7 0.126865 0.133574 0.0608299 0.0125
e_1_4 1 4 1 0.0125 0.114651 -0.190093 0.106908 0.128096 -0.131937 -0.705021 -0.68493 0.054194
e_4_5 4 5 2 0.0125 0.11249 -0.0802055 0.106805 0.148436 -0.129179 -0.692241 -0.694321 0.165665
e_5_6 5 6 3 0.0125 0.114855 0.0330869 0.0968383 0.0156348 -0.14132 -0.802051 -0.580085 0.065224
e_6_7 6 7 4 0.0125 0.123124 0.0985756 0.0735096 0.0358707 -0.13753 -0.806567 -0.573801 0.074825
e_7_8 7 8 5 0.0125 0.125052 0.149194 0.0523634 0.126825 -0.115067 -0.850766 -0.496863 0.035718
e_8_9 8 9 6 0.0125 0.111677 0.178247 0.0334958 0.349432 -0.0598943 -0.865713 -0.353343 0.041103
e_9_10 9 10 7 0.0125 0.0924817 0.200005 0.0207002 0.453821 -0.0490524 -0.775438 -0.436275 0.023088
e_10_11 10 11 8 0.0125 0.0786201 0.216213 0.0183513 0.479508 -0.0523618 -0.703559 -0.521857 0.020097
e_11_2 11 2 9 0.0125 0.0662781 0.23153 0.0155209 0.411242 -0.0571134 -0.799938 -0.433264 0.020085
9 10 9
2 0.0165556 -0.151311 0.0484426 0.0125
11 0.0267435 -0.138502 0.0605742 0.0125
10 0.0368972 -0.125857 0.0732927 0.0125
9 0.0464478 -0.107124 0.0862783 0.0125
4 -0.00791428 0.0509472 0.0750172 0.0125
1 -0.11078 0.278915 0.0115076 0.0125
8 0.0514577 -0.0828852 0.0923755 0.0125
5 0.0141558 0.0186615 0.0861502 0.0125
6 0.0223484 -0.00264317 0.089701 0.0125
7 0.043953 -0.0587966 0.0991137 0.0125
e_1_4 1 4 1 0.0125 -0.0593466 0.164932 0.0432624 0.712333 0.61381 -0.0132149 0.340064 0.258038
e_4_5 4 5 2 0.0125 0.00312079 0.0348044 0.080583 0.706622 0.59852 0.0698988 0.370907 0.040663
e_5_6 5 6 3 0.0125 0.0182526 0.00800962 0.0879253 0.673274 0.646267 -0.0740407 0.351511 0.0231
e_6_7 6 7 4 0.0125 0.0331507 -0.0307199 0.0944073 0.673682 0.645983 -0.0735973 0.351343 0.060898
e_7_8 7 8 5 0.0125 0.0477049 -0.0708414 0.0957449 0.47188 0.735789 -0.296018 0.38512 0.026115
e_8_9 8 9 6 0.0125 0.0489522 -0.0950045 0.0893269 0.576827 0.664533 -0.421887 0.218352 0.02549
e_9_10 9 10 7 0.0125 0.0416725 -0.11649 0.0797862 0.46783 0.63674 -0.59773 0.135705 0.024715
e_10_11 10 11 8 0.0125 0.0318209 -0.13218 0.0669331 0.431476 0.598057 -0.671483 0.0725717 0.020609
e_11_2 11 2 9 0.0125 0.0216495 -0.144907 0.0545084 0.443669 0.598588 -0.662897 0.0736044 0.020372
10 11 10
2 0.215624 -0.0937899 0.13428 0.0125
12 0.214514 -0.0795811 0.148313 0.0125
11 0.205882 -0.0640433 0.157492 0.0125
10 0.202847 -0.0443301 0.159229 0.0125
9 0.194605 -0.0263634 0.155968 0.0125
4 -0.037948 -0.0123154 0.104471 0.0125
1 -0.205104 0.0422695 0.0903321 0.0125
8 0.179975 -0.0145753 0.148999 0.0125
5 0.0157978 -0.0160293 0.114032 0.0125
6 0.128836 -0.0126528 0.138403 0.0125
7 0.156465 -0.00904358 0.143716 0.0125
e_1_4 1 4 1 0.0125 -0.121526 0.014977 0.0974015 -0.0159455 -0.649093 0.196483 -0.734724 0.176411
e_4_5 4 5 2 0.0125 -0.0110748 -0.0141719 0.109252 0.159919 -0.617485 0.177022 -0.749534 0.054715
e_5_6 5 6 3 0.0125 0.0723167 -0.0143407 0.126218 0.232727 -0.604805 0.169935 -0.742409 0.115685
e_6_7 6 7 4 0.0125 0.142651 -0.0108482 0.14106 0.302943 -0.613646 0.172614 -0.708427 0.028366
e_7_8 7 8 5 0.0125 0.16822 -0.0118098 0.146358 0.039356 -0.602306 0.174274 -0.778015 0.024723
e_8_9 8 9 6 0.0125 0.18729 -0.0204694 0.152484 -0.304759 -0.545939 0.167585 -0.762226 0.020039
e_9_10 9 10 7 0.0125 0.198726 -0.0353471 0.157598 -0.54784 -0.610165 0.215203 -0.530338 0.020034
e_10_11 10 11 8 0.0125 0.204365 -0.0541863 0.158361 -0.58922 -0.69018 0.258897 -0.330821 0.020021
e_11_12 11 12 9 0.0125 0.210198 -0.0718118 0.152902 -0.342885 -0.804049 0.287983 -0.391154 0.020005
e_12_2 12 2 10 0.0125 0.215069 -0.0866856 0.141296 -0.349901 -0.863453 0.324421 -0.163611 0.020002
