15
1 6 5
2 -0.118101 0.141164 0.0114954 0.0125
7 -0.124824 0.118065 0.0157796 0.0125
6 -0.124134 0.0855899 0.0293767 0.0125
5 -0.118809 -0.113393 0.109152 0.0125
1 -0.134274 -0.307726 0.217851 0.0125
4 -0.139587 -0.175267 0.140262 0.0125
e_1_4 1 4 1 0.0125 -0.13693 -0.241497 0.179056 0.496598 -0.86737 0.0153508 0.0287258 0.153601
e_4_5 4 5 2 0.0125 -0.129198 -0.14433 0.124707 0.533656 -0.797074 0.282498 0.00888043 0.072305
e_5_6 5 6 3 0.0125 -0.121471 -0.0139014 0.0692642 0.559692 -0.828059 0.0180177 0.0271722 0.214445
e_6_7 6 7 4 0.0125 -0.124479 0.101827 0.0225777 0.553356 -0.832192 0.0229055 0.0269989 0.035213
e_7_2 7 2 5 0.0125 -0.121462 0.129614 0.013637 0.642051 -0.732523 0.225997 0.0102938 0.024435
2 11 10
2 0.153663 -0.130997 0.103759 0.0125
12 0.142712 -0.115596 0.0972073 0.0125
11 0.139579 -0.100271 0.084732 0.0125
10 0.13686 -0.0841353 0.0732049 0.0125
9 0.135341 -0.067426 0.06217 0.0125
4 0.200537 0.0565743 0.0129892 0.0125
1 0.32009 0.288168 0.0124856 0.0125
8 0.132617 -0.051017 0.0509891 0.0125
5 0.184655 0.0251587 0.011491 0.0125
6 0.145482 -0.0203191 0.0245062 0.0125
7 0.138753 -0.0369606 0.0377322 0.0125
e_1_4 1 4 1 0.0125 0.260314 0.172372 0.0127374 -0.707761 -0.630618 0.318363 0.00638584 0.260631
e_4_5 4 5 2 0.0125 0.192597 0.0408662 0.0122399 -0.661839 -0.521335 0.499467 -0.201768 0.035234
e_5_6 5 6 3 0.0125 0.165069 0.00241968 0.0179993 0.358016 -0.145032 -0.610742 0.69122 0.061418
e_6_7 6 7 4 0.0125 0.142118 -0.0286405 0.0311195 0.874074 0.375293 -0.250142 0.180495 0.022296
e_7_8 7 8 5 0.0125 0.135685 -0.0439891 0.0443605 0.882506 0.329828 -0.253488 0.219409 0.020273
e_8_9 8 9 6 0.0125 0.133979 -0.0592215 0.0565796 0.858797 0.433564 0.18187 -0.203503 0.020042
e_9_10 9 10 7 0.0125 0.136101 -0.0757805 0.0676872 0.860227 0.452833 0.1421 -0.186439 0.020082
e_10_11 10 11 8 0.0125 0.13822 -0.0922032 0.0789687 0.867556 0.427595 0.170903 -0.187886 0.020016
e_11_12 11 12 9 0.0125 0.141146 -0.107933 0.0909696 0.887614 0.403861 0.158559 -0.154586 0.020008
e_12_2 12 2 10 0.0125 0.148188 -0.123297 0.100483 0.721352 0.262199 0.517182 -0.378715 0.02
3 11 10
2 0.204724 0.391845 0.29173 0.0125
12 0.191368 0.380757 0.28139 0.0125
11 0.179217 0.37131 0.268372 0.0125
10 0.166263 0.354932 0.262366 0.0125
9 0.153942 0.343154 0.250457 0.0125
4 0.0879936 0.240949 0.154849 0.0125
1 -0.0645768 0.0875578 0.0114979 0.0125
8 0.135299 0.321795 0.232866 0.0125
5 0.104704 0.252504 0.171241 0.0125
6 0.120972 0.281349 0.198457 0.0125
7 0.128499 0.295156 0.211522 0.0125
e_1_4 1 4 1 0.0125 0.0117086 0.164254 0.0831737 0.508126 -0.466014 -0.0815944 -0.71971 0.259531
e_4_5 4 5 2 0.0125 0.0963487 0.246727 0.163045 0.501072 -0.431267 -0.00695455 -0.750259 0.026105
e_5_6 5 6 3 0.0125 0.112838 0.266926 0.184849 0.559132 -0.395076 -0.16265 -0.710514 0.042865
e_6_7 6 7 4 0.0125 0.124735 0.288252 0.20499 0.561639 -0.390848 -0.166401 -0.710007 0.020445
e_7_8 7 8 5 0.0125 0.131899 0.308476 0.222194 0.587901 -0.36116 -0.250916 -0.678953 0.034804
e_8_9 8 9 6 0.0125 0.144621 0.332475 0.241662 0.511925 -0.473677 -0.10956 -0.708208 0.033366
e_9_10 9 10 7 0.0125 0.160102 0.349043 0.256411 0.509036 -0.456919 -0.0697374 -0.726116 0.020792
e_10_11 10 11 8 0.0125 0.17274 0.363121 0.265369 0.468284 -0.578839 -0.163494 -0.647244 0.021729
e_11_12 11 12 9 0.0125 0.185292 0.376034 0.274881 0.512139 -0.420072 -0.0256345 -0.74873 0.020158
e_12_2 12 2 10 0.0125 0.198046 0.386302 0.28656 0.486192 -0.491642 -0.0490389 -0.720764 0.020205
4 9 8
2 -0.189459 0.402638 0.239395 0.0125
10 -0.177294 0.382559 0.240011 0.0125
9 -0.174041 0.360382 0.242349 0.0125
4 -0.0971025 0.142294 0.070347 0.0125
1 -0.0638867 0.00563249 0.0114158 0.0125
8 -0.175946 0.33676 0.233264 0.0125
5 -0.116472 0.267582 0.17767 0.0125
6 -0.139193 0.291762 0.208204 0.0125
7 -0.160021 0.305954 0.218751 0.0125
e_1_4 1 4 1 0.0125 -0.0804946 0.0739631 0.0408814 0.692593 -0.520296 0.189895 0.462111 0.152488
e_4_5 4 5 2 0.0125 -0.106787 0.204938 0.124009 0.763588 -0.384587 0.170387 0.489893 0.166104
e_5_6 5 6 3 0.0125 -0.127832 0.279673 0.192937 0.707129 -0.400911 -0.0264089 0.581843 0.045092
e_6_7 6 7 4 0.0125 -0.149607 0.298858 0.213477 0.589955 -0.544128 -0.104384 0.587351 0.027321
e_7_8 7 8 5 0.0125 -0.167983 0.321357 0.226008 0.660944 -0.545452 0.0972359 0.506143 0.037593
e_8_9 8 9 6 0.0125 -0.174993 0.348571 0.237807 0.723337 -0.473954 0.310486 0.394652 0.025382
e_9_10 9 10 7 0.0125 -0.175667 0.37147 0.24118 0.569624 -0.682094 0.294332 0.351632 0.022535
e_10_2 10 2 8 0.0125 -0.183376 0.392599 0.239703 0.533202 -0.707568 0.111578 0.450104 0.023486
5 8 7
2 -0.0687716 -0.258017 0.0141279 0.0125
9 -0.0717577 -0.23175 0.0147415 0.0125
4 -0.0185162 0.0204691 0.0122731 0.0125
1 0.0742018 0.208448 0.0124999 0.0125
8 -0.0733091 -0.211931 0.0117202 0.0125
5 -0.0348837 -0.0264174 0.0204857 0.0125
6 -0.0382996 -0.0911242 0.0320518 0.0125
7 -0.0645064 -0.189998 0.0132007 0.0125
e_1_4 1 4 1 0.0125 0.0278427 0.114459 0.0123865 0.679368 0.523709 -0.475677 0.194731 0.209601
e_4_5 4 5 2 0.0125 -0.0266999 -0.00297412 0.0163794 0.734233 0.530368 -0.370314 0.206104 0.050336
e_5_6 5 6 3 0.0125 -0.036591 -0.0587706 0.0262686 0.731189 0.6012 -0.22517 0.230695 0.065822
e_6_7 6 7 4 0.0125 -0.051403 -0.140561 0.0226263 0.601613 0.631468 -0.438028 0.217809 0.10401
e_7_8 7 8 5 0.0125 -0.068908 -0.200964 0.0124598 0.653562 0.564849 -0.460654 0.20396 0.02368
e_8_9 8 9 6 0.0125 -0.0725333 -0.221841 0.0132308 0.719206 0.632402 -0.157907 0.240573 0.020108
e_9_2 9 2 7 0.0125 -0.0702647 -0.244883 0.0144347 0.652772 0.69267 -0.178339 0.249584 0.026443
6 6 5
2 0.109445 -0.180238 0.0114917 0.0125
7 0.0947752 -0.170359 0.0211934 0.0125
6 0.0706111 -0.154842 0.0355429 0.0125
5 -0.0473719 -0.0262584 0.12384 0.0125
1 -0.167703 0.19162 0.121654 0.0125
4 -0.0751667 0.0145802 0.138891 0.0125
e_1_4 1 4 1 0.0125 -0.121435 0.1031 0.130272 0.404877 0.0675417 0.672648 -0.615676 0.200507
e_4_5 4 5 2 0.0125 -0.0612693 -0.00583912 0.131366 0.3056 -0.0469162 0.802197 -0.510771 0.051643
e_5_6 5 6 3 0.0125 0.0116202 -0.0905505 0.0796918 0.293191 -0.125819 0.842559 -0.433938 0.195576
e_6_7 6 7 4 0.0125 0.0826935 -0.162601 0.0283674 0.366853 -0.19214 0.828599 -0.376728 0.032103
e_7_2 7 2 5 0.0125 0.10211 -0.175298 0.0163422 0.347606 -0.193802 0.838401 -0.372417 0.020172
7 9 8
2 -0.147007 0.0536079 0.0805763 0.0125
10 -0.127808 0.0559557 0.0732333 0.0125
9 -0.111712 0.0662031 0.0660592 0.0125
4 -0.0267838 0.221871 0.158814 0.0125
1 0.0436762 0.416095 0.296739 0.0125
8 -0.0925156 0.0757403 0.0681076 0.0125
5 -0.0504798 0.146939 0.0975792 0.0125
6 -0.0649731 0.109384 0.079526 0.0125
7 -0.078258 0.0892444 0.0732841 0.0125
e_1_4 1 4 1 0.0125 0.00844632 0.318983 0.227777 -0.207112 -0.0938896 0.876809 -0.423669 0.248416
e_4_5 4 5 2 0.0125 -0.0386317 0.184405 0.128197 -0.285166 -0.350585 0.827288 -0.333715 0.099629
e_5_6 5 6 3 0.0125 -0.0577261 0.128162 0.0885523 0.52968 0.695456 -0.470044 0.121814 0.044118
e_6_7 6 7 4 0.0125 -0.0716161 0.0993135 0.0764051 0.457977 0.204845 -0.763719 0.406236 0.024921
e_7_8 7 8 5 0.0125 -0.0853868 0.0824923 0.0706959 0.335936 -0.180346 -0.771306 0.509617 0.020309
e_8_9 8 9 6 0.0125 -0.102114 0.0709714 0.0670837 0.409484 -0.325319 -0.664646 0.533607 0.021533
e_9_10 9 10 7 0.0125 -0.11976 0.0610794 0.0696454 0.681258 -0.0155215 -0.569026 0.460279 0.020385
e_10_2 10 2 8 0.0125 -0.137407 0.0547818 0.0769048 0.645779 -0.295426 -0.485026 0.510335 0.020689
8 7 6
2 -0.0700203 0.288033 0.188821 0.0125
4 0.00232114 0.224331 0.232238 0.0125
1 0.204482 -0.0502951 0.053863 0.0125
8 -0.0579001 0.285316 0.205094 0.0125
5 -0.0216021 0.244845 0.23269 0.0125
6 -0.0335625 0.262403 0.226783 0.0125
7 -0.0451721 0.278007 0.218831 0.0125
e_1_4 1 4 1 0.0125 0.103402 0.0870177 0.143051 0.397472 0.0780778 -0.512011 -0.757473 0.384845
e_4_5 4 5 2 0.0125 -0.00963985 0.234588 0.232464 0.370504 0.217384 -0.667505 -0.608201 0.031518
e_5_6 5 6 3 0.0125 -0.0275827 0.253624 0.229737 0.24984 0.136526 -0.784422 -0.55102 0.022051
e_6_7 6 7 4 0.0125 -0.0393678 0.270204 0.222807 0.236421 0.166322 -0.813358 -0.504867 0.021011
e_7_8 7 8 5 0.0125 -0.051537 0.281661 0.211963 0.243813 0.348786 -0.84854 -0.314458 0.020103
e_8_2 8 2 6 0.0125 -0.0639601 0.286674 0.196958 0.244648 0.438173 -0.839914 -0.206629 0.020472
9 9 8
2 -0.341199 0.09976 0.0386386 0.0125
10 -0.321974 0.0928605 0.042871 0.0125
9 -0.304428 0.0846407 0.0521331 0.0125
4 -0.149583 0.0333861 0.0932302 0.0125
1 0.0975049 -0.0816284 0.011495 0.0125
8 -0.282787 0.0785306 0.0568638 0.0125
5 -0.189199 0.0403915 0.0959442 0.0125
6 -0.20876 0.049254 0.0882331 0.0125
7 -0.264179 0.070623 0.0577288 0.0125
e_1_4 1 4 1 0.0125 -0.0260396 -0.024121 0.0523623 0.13856 0.489567 -0.341605 -0.79021 0.284537
e_4_5 4 5 2 0.0125 -0.169392 0.0368886 0.0945875 0.343238 0.537742 -0.420928 -0.644857 0.040322
e_5_6 5 6 3 0.0125 -0.198979 0.0448231 0.0920892 0.083827 0.68787 -0.442507 -0.569206 0.022817
e_6_7 6 7 4 0.0125 -0.23647 0.0599389 0.0729807 0.107315 0.716032 -0.464456 -0.509963 0.066772
e_7_8 7 8 5 0.0125 -0.273483 0.0745772 0.0572961 0.13121 0.598915 -0.403321 -0.679277 0.020236
e_8_9 8 9 6 0.0125 -0.293607 0.081586 0.054499 0.206414 0.636939 -0.444126 -0.59536 0.022979
e_9_10 9 10 7 0.0125 -0.313201 0.0887507 0.0475025 0.0678522 0.714157 -0.45345 -0.528923 0.021476
e_10_2 10 2 8 0.0125 -0.331586 0.096311 0.0407552 0.156428 0.642277 -0.434675 -0.611611 0.02086
10 7 6
2 0.00838588 0.323823 0.270281 0.0125
4 -0.0051661 0.142397 0.150806 0.0125
1 -0.0551388 -0.116783 0.0603123 0.0125
8 0.00288732 0.310131 0.250897 0.0125
5 -0.00679235 0.186112 0.171942 0.0125
6 -0.00709708 0.203756 0.182039 0.0125
7 -0.00208735 0.291327 0.242314 0.0125
e_1_4 1 4 1 0.0125 -0.0301525 0.0128069 0.105558 0.81351 -0.573126 0.0968146 -0.0188195 0.279036
e_4_5 4 5 2 0.0125 -0.00597876 0.164255 0.161373 0.846351 -0.531475 0.0021545 0.0349207 0.048583
e_5_6 5 6 3 0.0125 -0.00694479 0.194933 0.17699 0.864582 -0.50162 0.00786171 0.0285222 0.020332
e_6_7 6 7 4 0.0125 -0.00459215 0.247542 0.212177 0.884913 -0.464547 0.0319551 0.0102067 0.106428
e_7_8 7 8 5 0.0125 0.00039956 0.30073 0.246606 0.837024 -0.533275 0.117333 -0.0352384 0.021261
e_8_2 8 2 6 0.0125 0.0056367 0.316977 0.26059 0.946289 -0.302335 0.103623 -0.0489238 0.024361
11 7 6
2 -0.0919701 -0.156933 0.162028 0.0125
4 0.168557 -0.00734618 0.0554411 0.0125
1 0.338615 0.0294319 0.0373765 0.0125
8 -0.0597302 -0.1316 0.138366 0.0125
5 0.104794 -0.042301 0.0664745 0.0125
6 0.0594294 -0.0531139 0.093887 0.0125
7 -0.0310855 -0.112706 0.12138 0.0125
e_1_4 1 4 1 0.0125 0.253586 0.0110428 0.0464087 0.577556 -0.301421 -0.597919 0.466976 0.174925
e_4_5 4 5 2 0.0125 0.136676 -0.0248236 0.0609578 0.558216 -0.156216 -0.632919 0.51323 0.073548
e_5_6 5 6 3 0.0125 0.0821117 -0.0477071 0.0801813 0.764884 -0.126879 -0.480138 0.410269 0.054095
e_6_7 6 7 4 0.0125 0.014172 -0.08291 0.107633 0.602998 -0.0729481 -0.609696 0.509258 0.111804
e_7_8 7 8 5 0.0125 -0.0454073 -0.122153 0.129873 0.712906 0.00419004 -0.527418 0.462144 0.038288
e_8_2 8 2 6 0.0125 -0.0758503 -0.144266 0.150197 0.741503 0.061438 -0.496282 0.447328 0.04734
12 11 10
2 -0.286156 0.208005 0.0766569 0.0125
12 -0.272586 0.194713 0.083274 0.0125
11 -0.253276 0.187858 0.0867123 0.0125
10 -0.239082 0.176243 0.0947545 0.0125
9 -0.229069 0.159301 0.0986342 0.0125
4 -0.00121661 -0.0355308 0.0712988 0.0125
1 0.0482462 -0.124134 0.0273984 0.0125
8 -0.221348 0.139659 0.103452 0.0125
5 -0.0327073 0.00531558 0.0765203 0.0125
6 -0.174149 0.100369 0.106205 0.0125
7 -0.19132 0.110749 0.107536 0.0125
e_1_4 1 4 1 0.0125 0.0235148 -0.0798324 0.0493479 -0.794115 0.538967 0.104808 -0.260598 0.110563
e_4_5 4 5 2 0.0125 -0.0169618 -0.0151078 0.0739099 -0.691677 0.64315 0.189714 -0.268235 0.051839
e_5_6 5 6 3 0.0125 -0.103428 0.0528422 0.0913628 -0.684167 0.560341 0.316568 -0.3431 0.172981
e_6_7 6 7 4 0.0125 -0.182735 0.105559 0.10687 -0.643144 0.5882 0.347719 -0.345655 0.020109
e_7_8 7 8 5 0.0125 -0.206334 0.125204 0.105494 -0.609351 0.690668 0.267841 -0.28272 0.041882
e_8_9 8 9 6 0.0125 -0.225208 0.14948 0.101044 -0.600399 0.777806 0.0793035 -0.168074 0.021648
e_9_10 9 10 7 0.0125 -0.234075 0.167772 0.0966943 -0.599452 0.757483 0.151479 -0.209597 0.020059
e_10_11 10 11 8 0.0125 -0.246178 0.182051 0.0907333 -0.480051 0.775825 0.31445 -0.262238 0.020026
e_11_12 11 12 9 0.0125 -0.262931 0.191286 0.0849934 -0.532572 0.617661 0.4486 -0.365541 0.020778
e_12_2 12 2 10 0.0125 -0.279372 0.201359 0.0799654 -0.520975 0.76757 0.274444 -0.253183 0.020115
13 9 8
2 0.263661 -0.144182 0.107596 0.0125
10 0.247565 -0.132647 0.103055 0.0125
9 0.235672 -0.11705 0.0974894 0.0125
4 -0.105947 0.118828 0.103051 0.0125
1 -0.124107 0.148618 0.111615 0.0125
8 0.220725 -0.0996873 0.0943969 0.0125
5 -0.0897163 0.0923452 0.0977894 0.0125
6 0.193246 -0.0693174 0.0837938 0.0125
7 0.208274 -0.0838766 0.0911316 0.0125
e_1_4 1 4 1 0.0125 -0.115027 0.133723 0.107332 0.563042 0.780674 0.098696 0.252569 0.035925
e_4_5 4 5 2 0.0125 -0.0978314 0.105586 0.10042 0.596536 0.754317 0.120445 0.24626 0.031503
e_5_6 5 6 3 0.0125 0.0517649 0.0115139 0.0907916 0.645781 0.559204 0.456882 0.248026 0.326187
e_6_7 6 7 4 0.0125 0.20076 -0.0765968 0.0874636 0.794643 0.485935 0.313696 0.184402 0.022174
e_7_8 7 8 5 0.0125 0.214499 -0.0917821 0.0927646 0.73148 0.600643 0.243229 0.212141 0.020388
e_8_9 8 9 6 0.0125 0.228198 -0.108369 0.0959427 0.720651 0.601725 0.266547 0.21804 0.023117
e_9_10 9 10 7 0.0125 0.241618 -0.124849 0.100272 0.774167 0.553572 0.23887 0.192781 0.020389
e_10_2 10 2 8 0.0125 0.255613 -0.138415 0.105325 0.755501 0.481644 0.395315 0.202393 0.020317
14 10 9
2 -0.313362 0.0358565 0.0116195 0.0125
11 -0.3019 0.0200955 0.0175285 0.0125
10 -0.287595 0.00606411 0.0235418 0.0125
9 -0.273101 -0.00875959 0.0282237 0.0125
4 -0.093469 -0.117292 0.161385 0.0125
1 0.0687225 -0.197548 0.207864 0.0125
8 -0.25512 -0.0253691 0.0349646 0.0125
5 -0.178095 -0.0697662 0.0917021 0.0125
6 -0.214277 -0.050586 0.0613265 0.0125
7 -0.239287 -0.0355172 0.0452659 0.0125
e_1_4 1 4 1 0.0125 -0.0123739 -0.15742 0.184624 0.590969 -0.150257 -0.775762 -0.162392 0.186835
e_4_5 4 5 2 0.0125 -0.135782 -0.0935293 0.126544 0.431099 -0.156259 -0.875893 -0.150158 0.119482
e_5_6 5 6 3 0.0125 -0.196186 -0.0601762 0.0765142 0.426472 -0.147047 -0.881049 -0.142305 0.050988
e_6_7 6 7 4 0.0125 -0.226782 -0.0430511 0.0532958 0.479974 -0.173725 -0.843084 -0.169276 0.033324
e_7_8 7 8 5 0.0125 -0.247203 -0.0304431 0.0401148 0.477932 -0.18371 -0.840524 -0.177063 0.021442
e_8_9 8 9 6 0.0125 -0.26411 -0.0170648 0.0315935 0.554388 -0.257777 -0.752527 -0.24476 0.02539
e_9_10 9 10 7 0.0125 -0.280348 -0.00134824 0.0258821 0.566711 -0.277638 -0.730106 -0.262111 0.021255
e_10_11 10 11 8 0.0125 -0.294748 0.0130798 0.0205347 0.541273 -0.268047 -0.75622 -0.251605 0.020921
e_11_2 11 2 9 0.0125 -0.307631 0.027976 0.0145735 0.516449 -0.32763 -0.733305 -0.29699 0.020364
15 6 5
2 -0.282089 -0.213133 0.0114929 0.0125
7 -0.259109 -0.195789 0.0279018 0.0125
6 -0.243492 -0.183571 0.0409377 0.0125
5 -0.232724 -0.163264 0.0516122 0.0125
1 -0.0728475 0.195922 0.17774 0.0125
4 -0.186018 -0.0363487 0.125785 0.0125
e_1_4 1 4 1 0.0125 -0.129433 0.0797867 0.151764 0.626646 0.637872 -0.437822 0.0935172 0.263546
e_4_5 4 5 2 0.0125 -0.209371 -0.0998062 0.0886994 0.497461 0.724383 -0.464451 0.109945 0.154242
e_5_6 5 6 3 0.0125 -0.238109 -0.173418 0.046275 0.531618 0.675546 -0.504223 0.0823308 0.025343
e_6_7 6 7 4 0.0125 -0.2513 -0.18968 0.0344194 0.474516 0.560198 -0.678867 -0.0123539 0.02373
e_7_2 7 2 5 0.0125 -0.2706 -0.204461 0.0196971 0.50217 0.54226 -0.673447 -0.015767 0.033139
