15
1 7 6
2 0.171589 0.133255 0.0604271 0.0125
4 0.0590528 -0.00613948 0.0203579 0.0125
1 -0.0566623 -0.288505 0.0319732 0.0125
8 0.155736 0.119367 0.0468338 0.0125
5 0.07479 0.0384985 0.0114702 0.0125
6 0.0896584 0.057067 0.0129157 0.0125
7 0.103074 0.073532 0.0169854 0.0125
e_1_4 1 4 1 0.0125 0.00119585 -0.147322 0.0261654 0.691849 -0.646003 0.3189 0.0482456 0.305378
e_4_5 4 5 2 0.0125 0.0669215 0.0161799 0.0159138 0.638246 -0.717804 0.277546 0.0191622 0.048158
e_5_6 5 6 3 0.0125 0.0822242 0.047783 0.0121934 0.688586 -0.366453 0.579135 0.23699 0.023832
e_6_7 6 7 4 0.0125 0.096366 0.0652998 0.0149509 0.746554 -0.378265 0.51265 0.191736 0.021625
e_7_8 7 8 5 0.0125 0.129405 0.0964501 0.0319098 0.81375 -0.260319 0.485468 0.185383 0.075927
e_8_2 8 2 6 0.0125 0.163663 0.126311 0.0536309 0.867881 -0.256996 0.403666 0.133381 0.02508
2 11 10
2 -0.184695 0.244774 0.0218304 0.0125
12 -0.168472 0.232815 0.0207718 0.0125
11 -0.158407 0.215328 0.0214126 0.0125
10 -0.149195 0.19822 0.0163979 0.0125
9 -0.14708 0.172972 0.01235 0.0125
4 -0.112306 0.0538209 0.013955 0.0125
1 -0.0484646 -0.227289 0.0114927 0.0125
8 -0.142491 0.151626 0.0114942 0.0125
5 -0.120361 0.0848593 0.0174003 0.0125
6 -0.129082 0.103224 0.0185007 0.0125
7 -0.136845 0.129971 0.0180162 0.0125
e_1_4 1 4 1 0.0125 -0.0803857 -0.0867338 0.0127233 0.492226 -0.588313 0.386804 0.511844 0.288279
e_4_5 4 5 2 0.0125 -0.116334 0.0693403 0.0156776 0.519039 -0.571561 0.34627 0.532929 0.032251
e_5_6 5 6 3 0.0125 -0.124721 0.0940419 0.0179505 0.448401 -0.615731 0.306341 0.570936 0.02036
e_6_7 6 7 4 0.0125 -0.132964 0.116597 0.0182591 0.467173 -0.604741 0.378138 0.522541 0.027856
e_7_8 7 8 5 0.0125 -0.139668 0.140799 0.0147553 0.379343 -0.645677 0.472217 0.464985 0.02331
e_8_9 8 9 6 0.0125 -0.144785 0.162299 0.0119222 0.506022 -0.579478 0.380305 0.513337 0.02185
e_9_10 9 10 7 0.0125 -0.148138 0.185596 0.0143734 0.578398 -0.526784 0.378971 0.494302 0.025658
e_10_11 10 11 8 0.0125 -0.153801 0.206774 0.0189046 0.509569 -0.569559 0.225066 0.60439 0.020068
e_11_12 11 12 9 0.0125 -0.16344 0.224072 0.0210921 0.392778 -0.647153 0.311571 0.574318 0.020186
e_12_2 12 2 10 0.0125 -0.176584 0.238795 0.021301 0.295403 -0.672329 0.147403 0.662558 0.020183
3 10 9
2 0.367669 -0.0507975 0.184512 0.0125
11 0.321694 -0.0521826 0.168419 0.0125
10 0.301885 -0.0473877 0.158795 0.0125
9 0.28608 -0.0336359 0.144783 0.0125
4 0.0158818 0.0795038 0.02074 0.0125
1 -0.0622958 0.100604 0.0319443 0.0125
8 0.18343 -0.00361283 0.0960888 0.0125
5 0.073444 0.0476791 0.0350489 0.0125
6 0.134207 0.016079 0.0623482 0.0125
7 0.161767 0.00332945 0.0852085 0.0125
e_1_4 1 4 1 0.0125 -0.0232069 0.0900547 0.0263417 0.65482 0.253231 0.710215 0.0517636 0.081747
e_4_5 4 5 2 0.0125 0.0446622 0.063592 0.0278946 0.77864 0.305771 0.547919 0.00307525 0.067313
e_5_6 5 6 3 0.0125 0.103825 0.0318786 0.0486984 0.827673 0.264516 0.494875 0.00936691 0.073729
e_6_7 6 7 4 0.0125 0.147987 0.00970445 0.0737777 0.894635 0.195798 0.401182 0.0185665 0.03801
e_7_8 7 8 5 0.0125 0.172598 -0.00014169 0.0906486 0.845079 0.186517 0.499453 0.03999 0.025216
e_8_9 8 9 6 0.0125 0.234755 -0.0186245 0.120436 0.839751 0.179319 0.51055 0.0447352 0.117515
e_9_10 9 10 7 0.0125 0.293983 -0.0405125 0.15179 0.881609 0.298166 0.364857 -0.0272486 0.025204
e_10_11 10 11 8 0.0125 0.31179 -0.0497851 0.163607 0.843019 0.158262 0.511346 0.0528928 0.022539
e_11_2 11 2 9 0.0125 0.344681 -0.05149 0.176466 0.808989 0.0559503 0.57597 0.10327 0.048729
4 7 6
2 -0.379017 0.368935 0.253433 0.0125
4 -0.130609 0.0735785 0.0494503 0.0125
1 -0.118511 0.0177397 0.033125 0.0125
8 -0.355941 0.337668 0.234816 0.0125
5 -0.171511 0.145942 0.105154 0.0125
6 -0.225051 0.186883 0.144477 0.0125
7 -0.267873 0.229192 0.17271 0.0125
e_1_4 1 4 1 0.0125 -0.12456 0.0456587 0.0412875 0.612874 -0.370083 -0.475044 -0.511622 0.059421
e_4_5 4 5 2 0.0125 -0.15106 0.109761 0.0773023 0.752536 -0.228692 -0.411528 -0.460472 0.100062
e_5_6 5 6 3 0.0125 -0.198281 0.166412 0.124816 0.786986 -0.108407 -0.486086 -0.364172 0.078032
e_6_7 6 7 4 0.0125 -0.246463 0.208038 0.158594 0.749595 -0.159487 -0.512113 -0.38783 0.066489
e_7_8 7 8 5 0.0125 -0.311907 0.28343 0.203763 0.72966 -0.198904 -0.507296 -0.413139 0.152907
e_8_2 8 2 6 0.0125 -0.367479 0.353302 0.244125 0.730994 -0.210995 -0.489343 -0.426231 0.043089
5 8 7
2 -0.0905715 -0.0744472 0.040017 0.0125
9 -0.0806593 -0.0366166 0.034962 0.0125
4 0.0301679 0.0893227 0.0502064 0.0125
1 0.307553 0.12468 0.0865122 0.0125
8 -0.0702047 -0.0140427 0.0357191 0.0125
5 0.00644377 0.0854891 0.0475674 0.0125
6 -0.0318606 0.0585935 0.0444654 0.0125
7 -0.0425805 0.0389831 0.0427929 0.0125
e_1_4 1 4 1 0.0125 0.16886 0.107001 0.0683598 0.659872 0.0792595 -0.747057 0.0139115 0.281977
e_4_5 4 5 2 0.0125 0.0183053 0.0874058 0.0488874 0.667211 0.101641 -0.737738 0.0155343 0.024176
e_5_6 5 6 3 0.0125 -0.0127084 0.0720413 0.0460169 0.68256 0.390719 -0.616765 0.0324423 0.046907
e_6_7 6 7 4 0.0125 -0.0372206 0.0487883 0.0436297 0.678444 0.616323 -0.396836 0.0487852 0.022412
e_7_8 7 8 5 0.0125 -0.056393 0.0124697 0.0392559 0.662468 0.635716 -0.393206 0.0488941 0.060207
e_8_9 8 9 6 0.0125 -0.0754325 -0.0253297 0.0353405 0.694365 0.627159 -0.349094 0.0515873 0.024889
e_9_2 9 2 7 0.0125 -0.0856149 -0.0555319 0.0374896 0.748784 0.623708 -0.216546 0.0584771 0.039433
6 10 9
2 0.080158 0.151625 0.126987 0.0125
11 0.0665942 0.134186 0.124206 0.0125
10 0.0485477 0.112272 0.11914 0.0125
9 0.0320264 0.102269 0.109036 0.0125
4 -0.10596 0.0210473 0.0596488 0.0125
1 -0.275079 -0.16623 0.0364438 0.0125
8 0.0104005 0.0974046 0.0908972 0.0125
5 -0.0877421 0.035225 0.0590377 0.0125
6 -0.0500724 0.0586462 0.0618394 0.0125
7 -0.014444 0.0827929 0.0795039 0.0125
e_1_4 1 4 1 0.0125 -0.190519 -0.072591 0.0480463 0.727293 -0.413093 0.53251 0.12974 0.253402
e_4_5 4 5 2 0.0125 -0.0968509 0.0281364 0.0593439 0.682957 -0.315104 0.64338 0.142623 0.023093
e_5_6 5 6 3 0.0125 -0.068907 0.0469358 0.0604392 0.717885 -0.254527 0.635375 0.127104 0.044445
e_6_7 6 7 4 0.0125 -0.0322577 0.0707195 0.0706715 0.826195 -0.263556 0.490606 0.0851232 0.046524
e_7_8 7 8 5 0.0125 -0.00202176 0.0900988 0.0852006 0.822529 -0.233659 0.511469 0.0851392 0.030993
e_8_9 8 9 6 0.0125 0.0212133 0.0998368 0.0999661 0.903181 -0.0800052 0.420666 0.0300681 0.028642
e_9_10 9 10 7 0.0125 0.0402875 0.107271 0.114087 0.852519 -0.230657 0.463681 0.0707666 0.021797
e_10_11 10 11 8 0.0125 0.0575709 0.123229 0.121673 0.757717 -0.427501 0.478976 0.117004 0.028837
e_11_2 11 2 9 0.0125 0.0733757 0.142905 0.125597 0.739655 -0.44782 0.486821 0.123987 0.022267
7 8 7
2 -0.363256 -0.128634 0.0114601 0.0125
9 -0.334466 -0.119428 0.02362 0.0125
4 -0.0423945 -0.0943091 0.0419755 0.0125
1 0.125251 -0.0835535 0.0569742 0.0125
8 -0.310767 -0.116244 0.0214852 0.0125
5 -0.114639 -0.100982 0.0354544 0.0125
6 -0.265649 -0.121807 0.0130906 0.0125
7 -0.291192 -0.115597 0.0125082 0.0125
e_1_4 1 4 1 0.0125 0.0414282 -0.0889317 0.0494754 -0.0669231 -0.73742 0.0260032 0.671608 0.168658
e_4_5 4 5 2 0.0125 -0.0785165 -0.0976463 0.0387146 -0.0787219 -0.737853 0.0183273 0.670104 0.072845
e_5_6 5 6 3 0.0125 -0.190145 -0.111394 0.0242717 -0.0924379 -0.756679 0.00365547 0.647208 0.154071
e_6_7 6 7 4 0.0125 -0.278421 -0.118703 0.0127993 0.0575293 -0.706203 0.111134 0.696862 0.026293
e_7_8 7 8 5 0.0125 -0.30098 -0.115921 0.0169961 -0.106674 -0.537673 0.0507194 0.834839 0.021545
e_8_9 8 9 6 0.0125 -0.322617 -0.117836 0.0225523 -0.113277 -0.674786 0.0139079 0.729136 0.024006
e_9_2 9 2 7 0.0125 -0.348861 -0.124031 0.0175397 -0.137383 -0.827055 -0.0509722 0.542685 0.032581
8 7 6
2 0.172661 -0.363166 0.207182 0.0125
4 0.0897156 -0.0773804 0.0763333 0.0125
1 0.0889527 0.0731028 0.0657296 0.0125
8 0.148773 -0.331728 0.215098 0.0125
5 0.106074 -0.276978 0.199962 0.0125
6 0.118152 -0.29736 0.213114 0.0125
7 0.134126 -0.318163 0.216308 0.0125
e_1_4 1 4 1 0.0125 0.0893346 -0.00213881 0.0710314 0.0666972 0.0656062 -0.67864 0.728488 0.150858
e_4_5 4 5 2 0.0125 0.097895 -0.177179 0.138148 0.0567256 0.0712511 -0.481952 0.871451 0.235353
e_5_6 5 6 3 0.0125 0.112113 -0.287169 0.206538 -0.0806199 0.216649 -0.458677 0.858009 0.027098
e_6_7 6 7 4 0.0125 0.126139 -0.307762 0.214711 -0.148501 0.291447 -0.595493 0.733754 0.026421
e_7_8 7 8 5 0.0125 0.14145 -0.324946 0.215703 -0.21141 0.355558 -0.635464 0.651973 0.020002
e_8_2 8 2 6 0.0125 0.160718 -0.347448 0.21114 -0.157213 0.300581 -0.712706 0.613991 0.040268
9 6 5
2 -0.21926 -0.103632 0.0806682 0.0125
7 -0.200216 -0.0947741 0.0705437 0.0125
6 -0.179723 -0.0856648 0.0652113 0.0125
5 -0.119055 -0.0588754 0.0497003 0.0125
1 0.222701 0.105471 0.0979624 0.0125
4 0.00241947 0.00801249 0.0904205 0.0125
e_1_4 1 4 1 0.0125 0.11256 0.0567424 0.0941913 0.375979 -0.395652 -0.599258 0.585653 0.240995
e_4_5 4 5 2 0.0125 -0.0583178 -0.025431 0.0700599 0.152925 -0.579507 -0.552307 0.579433 0.144527
e_5_6 5 6 3 0.0125 -0.149389 -0.0722701 0.0574555 0.585511 -0.19015 -0.591586 0.520621 0.068109
e_6_7 6 7 4 0.0125 -0.189969 -0.090219 0.067877 0.587722 -0.186716 -0.591164 0.519851 0.023052
e_7_2 7 2 5 0.0125 -0.209738 -0.0992031 0.0756059 0.754791 -0.0187117 -0.53154 0.383933 0.023316
10 11 10
2 0.043876 -0.247105 0.0899236 0.0125
12 0.0271622 -0.237823 0.0840301 0.0125
11 0.0104323 -0.228913 0.0776197 0.0125
10 -0.00534843 -0.221329 0.067946 0.0125
9 -0.0144511 -0.207213 0.0570793 0.0125
4 -0.153485 -0.0291873 0.0882629 0.0125
1 -0.267013 0.113016 0.13594 0.0125
8 -0.0247776 -0.190293 0.0542252 0.0125
5 -0.0643728 -0.13375 0.0507813 0.0125
6 -0.0483263 -0.154441 0.0511506 0.0125
7 -0.0338886 -0.172499 0.0519658 0.0125
e_1_4 1 4 1 0.0125 -0.210249 0.0419144 0.112102 0.458084 0.137055 0.779709 -0.404264 0.188105
e_4_5 4 5 2 0.0125 -0.108929 -0.0814687 0.0695218 0.457243 0.116662 0.786125 -0.399157 0.142405
e_5_6 5 6 3 0.0125 -0.0563489 -0.144096 0.0509661 0.572422 0.190076 0.675878 -0.423549 0.026188
e_6_7 6 7 4 0.0125 -0.0411068 -0.16347 0.0515584 0.582276 0.184285 0.669646 -0.422574 0.023134
e_7_8 7 8 5 0.0125 -0.0293331 -0.181395 0.0530961 0.599776 0.296464 0.596616 -0.4432 0.020118
e_8_9 8 9 6 0.0125 -0.019614 -0.198752 0.0556526 0.616717 0.258861 0.601445 -0.436938 0.020027
e_9_10 9 10 7 0.0125 -0.0098996 -0.214271 0.0625133 0.772731 0.230184 0.418832 -0.417711 0.020005
e_10_11 10 11 8 0.0125 0.00254209 -0.225121 0.0727826 0.777821 0.00210154 0.508145 -0.369836 0.020003
e_11_12 11 12 9 0.0125 0.0187974 -0.233368 0.0808241 0.720107 0.00454283 0.582903 -0.376363 0.020009
e_12_2 12 2 10 0.0125 0.0355191 -0.242464 0.0869768 0.70993 0.0101188 0.593801 -0.378546 0.020006
11 8 7
2 -0.258354 -0.0504665 0.0411807 0.0125
9 -0.232376 -0.0480122 0.053529 0.0125
4 0.138901 -0.0166085 0.0897443 0.0125
1 0.210079 -0.0340092 0.0786515 0.0125
8 -0.139714 -0.0721942 0.0984658 0.0125
5 0.0576189 -0.0300516 0.101486 0.0125
6 -0.025624 -0.0707299 0.103051 0.0125
7 -0.0736475 -0.078224 0.0968762 0.0125
e_1_4 1 4 1 0.0125 0.174491 -0.0253084 0.0841979 0.426752 0.436372 -0.484497 -0.626678 0.074109
e_4_5 4 5 2 0.0125 0.0982599 -0.0233294 0.0956151 0.524968 0.539186 -0.372471 -0.543096 0.08322
e_5_6 5 6 3 0.0125 0.0159975 -0.0503902 0.102268 0.54689 0.640303 -0.2856 -0.457554 0.092663
e_6_7 6 7 4 0.0125 -0.0496358 -0.074477 0.0999634 0.420533 0.645607 -0.382368 -0.510037 0.048995
e_7_8 7 8 5 0.0125 -0.10668 -0.0752093 0.0976708 0.412499 0.531843 -0.452954 -0.584654 0.06636
e_8_9 8 9 6 0.0125 -0.186045 -0.0601025 0.075997 0.175724 0.701764 -0.468959 -0.506681 0.105785
e_9_2 9 2 7 0.0125 -0.245365 -0.0492391 0.0473545 0.284491 0.754598 -0.380078 -0.452976 0.028868
12 6 5
2 0.210842 0.335662 0.222469 0.0125
7 0.190128 0.313285 0.21981 0.0125
6 0.177872 0.295388 0.211624 0.0125
5 0.110749 0.216993 0.177903 0.0125
1 -0.101267 -0.0189086 0.0622448 0.0125
4 0.0404705 0.135896 0.139448 0.0125
e_1_4 1 4 1 0.0125 -0.0303983 0.0584943 0.100846 0.815443 -0.460836 0.33915 -0.0875162 0.223639
e_4_5 4 5 2 0.0125 0.0756099 0.176445 0.158676 0.813481 -0.471085 0.330768 -0.0831822 0.113994
e_5_6 5 6 3 0.0125 0.14431 0.25619 0.194763 0.805344 -0.482337 0.334755 -0.0819267 0.108573
e_6_7 6 7 4 0.0125 0.184 0.304336 0.215717 0.819897 -0.493396 0.282872 -0.0656654 0.023185
e_7_2 7 2 5 0.0125 0.200485 0.324474 0.221141 0.732242 -0.545609 0.398584 -0.0852196 0.030608
13 8 7
2 0.191725 -0.00748882 0.149225 0.0125
9 0.17231 -0.0098558 0.153424 0.0125
4 -0.0396759 -0.102239 0.100786 0.0125
1 -0.278571 -0.124462 0.0986556 0.0125
8 0.155111 -0.0198972 0.151584 0.0125
5 0.104801 -0.0529163 0.139872 0.0125
6 0.123535 -0.0441315 0.147274 0.0125
7 0.137648 -0.0294686 0.149627 0.0125
e_1_4 1 4 1 0.0125 -0.159124 -0.11335 0.0997209 0.561309 0.377936 0.593905 0.435171 0.239935
e_4_5 4 5 2 0.0125 0.0325625 -0.0775775 0.12033 0.787518 -0.242959 0.562988 -0.0618907 0.157589
e_5_6 5 6 3 0.0125 0.114168 -0.0485239 0.143574 0.813947 -0.292289 0.496171 -0.0766293 0.021975
e_6_7 6 7 4 0.0125 0.130592 -0.0368004 0.148451 0.633455 -0.65083 0.137699 -0.395213 0.020488
e_7_8 7 8 5 0.0125 0.146379 -0.0246826 0.150606 0.624532 -0.588977 0.322825 -0.39856 0.020009
e_8_9 8 9 6 0.0125 0.163711 -0.0148768 0.152504 0.6142 -0.605876 0.294811 -0.410803 0.020001
e_9_2 9 2 7 0.0125 0.182017 -0.00867231 0.151325 -0.548204 -0.295563 -0.719433 -0.307459 0.020004
14 8 7
2 -0.208287 -0.0307519 0.0797202 0.0125
9 -0.193789 -0.0380196 0.0923306 0.0125
4 -0.014774 -0.0225383 0.101272 0.0125
1 0.262792 0.0731188 0.0819299 0.0125
8 -0.176776 -0.0392079 0.102895 0.0125
5 -0.0949454 -0.0357453 0.105946 0.0125
6 -0.118022 -0.0389378 0.107672 0.0125
7 -0.157707 -0.0423624 0.109829 0.0125
e_1_4 1 4 1 0.0125 0.124009 0.0252903 0.0916007 -0.726012 -0.15421 0.665846 -0.0759951 0.294223
e_4_5 4 5 2 0.0125 -0.0548597 -0.0291418 0.103609 -0.724073 -0.0490655 0.684744 -0.0666065 0.081387
e_5_6 5 6 3 0.0125 -0.106484 -0.0373411 0.106809 -0.729726 -0.0315183 0.679748 -0.0666959 0.023359
e_6_7 6 7 4 0.0125 -0.137865 -0.0406507 0.10875 -0.72326 0.000265585 0.687723 -0.0627028 0.039892
e_7_8 7 8 5 0.0125 -0.167242 -0.0407847 0.106362 -0.575188 0.1581 0.802405 -0.017573 0.020534
e_8_9 8 9 6 0.0125 -0.185282 -0.0386133 0.0976127 -0.486508 0.0675713 0.871051 -0.00376949 0.020061
e_9_2 9 2 7 0.0125 -0.201038 -0.0343862 0.0860253 -0.438898 0.363426 0.821488 0.0211485 0.020545
15 8 7
2 -0.198025 -0.226096 0.0389712 0.0125
9 -0.181202 -0.211664 0.0393429 0.0125
4 -0.078306 -0.152672 0.0712648 0.0125
1 0.224114 0.0158638 0.132101 0.0125
8 -0.166909 -0.197218 0.0401364 0.0125
5 -0.101833 -0.162484 0.0631409 0.0125
6 -0.130426 -0.176387 0.0464937 0.0125
7 -0.148458 -0.190015 0.0462634 0.0125
e_1_4 1 4 1 0.0125 0.0729038 -0.068404 0.101683 -0.197809 0.521854 0.560536 -0.611833 0.351516
e_4_5 4 5 2 0.0125 -0.0900701 -0.157577 0.0672034 -0.235917 0.558765 0.582751 -0.540857 0.026755
e_5_6 5 6 3 0.0125 -0.11613 -0.169435 0.0548168 -0.181476 0.589452 0.620066 -0.484903 0.035888
e_6_7 6 7 4 0.0125 -0.139443 -0.183201 0.0463782 -0.137357 0.472401 0.530973 -0.689955 0.022603
e_7_8 7 8 5 0.0125 -0.157684 -0.193617 0.0432001 -0.248356 0.558445 0.579555 -0.53905 0.020733
e_8_9 8 9 6 0.0125 -0.174055 -0.204441 0.0397392 -0.0490949 0.469383 0.546997 -0.691421 0.020337
e_9_2 9 2 7 0.0125 -0.189613 -0.21888 0.0391571 -0.0998168 0.469557 0.536549 -0.694023 0.022168
