7
1 6 5
2 -0.222102 0.281616 0.0124979 0.0125
7 -0.219909 0.263155 0.021998 0.0125
6 -0.20422 0.250655 0.0272001 0.0125
5 -0.1509 0.214925 0.0348269 0.0125
1 0.136359 -0.0476858 0.0114832 0.0125
4 -0.0821239 0.170673 0.0121507 0.0125
e_1_4 1 4 1 0.0125 0.0271171 0.0614936 0.0118166 -0.486944 -0.0191319 0.706084 0.513776 0.308895
e_4_5 4 5 2 0.0125 -0.116512 0.1928 0.0234885 -0.615634 -0.069362 0.601325 0.50457 0.084868
e_5_6 5 6 3 0.0125 -0.177561 0.23279 0.0310135 -0.497144 -0.100226 0.740912 0.440286 0.064636
e_6_7 6 7 4 0.0125 -0.212065 0.256905 0.0245994 -0.434255 -0.0860913 0.786197 0.431167 0.020723
e_7_2 7 2 5 0.0125 -0.221006 0.272385 0.0172475 -0.138396 0.12755 0.843354 0.503321 0.020878
2 10 9
2 -0.270083 0.0537427 0.0407875 0.0125
11 -0.254341 0.0485639 0.0294001 0.0125
10 -0.23953 0.0426651 0.0171628 0.0125
9 -0.224628 0.0304486 0.0114922 0.0125
4 0.0780353 0.0426767 0.0364841 0.0125
1 0.209856 0.0657192 0.045869 0.0125
8 -0.205183 0.0277687 0.0155762 0.0125
5 -0.0447907 0.0277627 0.0333515 0.0125
6 -0.138574 0.0297985 0.0218773 0.0125
7 -0.176287 0.0290538 0.0214532 0.0125
e_1_4 1 4 1 0.0125 0.143946 0.0541981 0.0411761 0.402346 0.656034 -0.323417 -0.550581 0.134149
e_4_5 4 5 2 0.0125 0.016622 0.0352201 0.0349179 0.409012 0.626574 -0.346502 -0.56573 0.123768
e_5_6 5 6 3 0.0125 -0.0916819 0.0287802 0.0276143 0.269044 0.677581 -0.318738 -0.605727 0.094504
e_6_7 6 7 4 0.0125 -0.15743 0.0294258 0.0216651 0.371935 0.610743 -0.36417 -0.596688 0.037723
e_7_8 7 8 5 0.0125 -0.190735 0.0284107 0.0185141 0.254785 0.721934 -0.279945 -0.579247 0.029516
e_8_9 8 9 6 0.0125 -0.214906 0.029109 0.0135343 0.13802 0.726731 -0.271459 -0.615729 0.02005
e_9_10 9 10 7 0.0125 -0.232079 0.0365566 0.0143269 0.482591 0.14075 -0.582273 -0.638947 0.020085
e_10_11 10 11 8 0.0125 -0.246935 0.0456145 0.0232813 0.872361 -0.0637048 -0.437614 -0.208378 0.020098
e_11_2 11 2 9 0.0125 -0.262212 0.0511537 0.0350934 0.836141 0.00743161 -0.465579 -0.289912 0.020108
3 7 6
2 0.214593 -0.214546 0.0613886 0.0125
4 -0.136104 -0.101684 0.0114968 0.0125
1 -0.214287 -0.144157 0.0155404 0.0125
8 0.216424 -0.200053 0.0438296 0.0125
5 0.178293 -0.177475 0.0132264 0.0125
6 0.199792 -0.184294 0.0114969 0.0125
7 0.21465 -0.192959 0.0250095 0.0125
e_1_4 1 4 1 0.0125 -0.175196 -0.122921 0.0135185 -0.6416 0.55612 -0.461985 0.256223 0.089067
e_4_5 4 5 2 0.0125 0.0210946 -0.13958 0.0123613 0.103627 0.702367 -0.0632882 0.701382 0.323408
e_5_6 5 6 3 0.0125 0.189042 -0.180884 0.0123617 0.159559 0.731845 -0.0513904 0.660533 0.02262
e_6_7 6 7 4 0.0125 0.207221 -0.188627 0.0182532 0.899328 0.216378 0.379877 -0.00916329 0.021874
e_7_8 7 8 5 0.0125 0.215537 -0.196505 0.0344193 0.626071 0.0793893 0.166264 -0.757687 0.020191
e_8_2 8 2 6 0.0125 0.215509 -0.207299 0.0526091 0.732421 0.289485 0.178406 -0.589855 0.022841
4 6 5
2 0.00404008 -0.280634 0.0124016 0.0125
7 -0.0248593 -0.210906 0.0231506 0.0125
6 -0.0313638 -0.178961 0.0391764 0.0125
5 -0.0622835 -0.11453 0.0365056 0.0125
1 -0.210376 0.152727 0.0512355 0.0125
4 -0.0561243 -0.075174 0.0445497 0.0125
e_1_4 1 4 1 0.0125 -0.13325 0.0387769 0.047893 -0.0563715 0.351989 -0.623094 0.696189 0.275277
e_4_5 4 5 2 0.0125 -0.0592039 -0.094852 0.0405277 0.301274 0.258509 -0.729485 0.557008 0.040639
e_5_6 5 6 3 0.0125 -0.0468233 -0.146746 0.0378417 0.0249247 0.321627 -0.61472 0.71976 0.071516
e_6_7 6 7 4 0.0125 -0.0281116 -0.194934 0.0311644 0.11239 0.342367 -0.776773 0.516505 0.036326
e_7_2 7 2 5 0.0125 -0.0104099 -0.24577 0.0177759 0.044234 0.335622 -0.676645 0.653875 0.076242
5 11 10
2 -0.0797887 -0.253497 0.0388418 0.0125
12 -0.0739167 -0.240754 0.0245476 0.0125
11 -0.0619503 -0.224863 0.0222777 0.0125
10 -0.0628794 -0.204878 0.0221027 0.0125
9 -0.0656102 -0.18452 0.023775 0.0125
4 -0.333331 -0.0445245 0.0130015 0.0125
1 -0.377954 0.0288502 0.0122886 0.0125
8 -0.0684547 -0.163353 0.0255071 0.0125
5 -0.105411 -0.104823 0.0454942 0.0125
6 -0.0866146 -0.12139 0.0345504 0.0125
7 -0.0752659 -0.144531 0.0301254 0.0125
e_1_4 1 4 1 0.0125 -0.355643 -0.00783737 0.0126444 0.615675 0.703949 0.0175687 0.353683 0.085881
e_4_5 4 5 2 0.0125 -0.219371 -0.0746741 0.0292475 0.645583 0.471889 0.457228 0.389213 0.23799
e_5_6 5 6 3 0.0125 -0.0960126 -0.113107 0.0400227 0.310696 0.830809 -0.0994338 0.45093 0.027341
e_6_7 6 7 4 0.0125 -0.0809402 -0.132961 0.0323379 0.5379 0.758395 -0.0971938 0.355041 0.026151
e_7_8 7 8 5 0.0125 -0.0718603 -0.153942 0.0278162 0.527393 0.764888 -0.165415 0.330819 0.020542
e_8_9 8 9 6 0.0125 -0.067032 -0.173936 0.0246409 0.625444 0.70995 -0.190758 0.261539 0.021427
e_9_10 9 10 7 0.0125 -0.0642447 -0.194699 0.0229385 0.625337 0.710001 -0.190961 0.261505 0.020609
e_10_11 10 11 8 0.0125 -0.0624146 -0.214871 0.0221906 0.672778 0.676671 -0.194279 0.227467 0.020008
e_11_12 11 12 9 0.0125 -0.0679339 -0.232809 0.0234128 0.746015 0.525134 -0.409318 0.012427 0.020022
e_12_2 12 2 10 0.0125 -0.0768529 -0.247126 0.0316952 0.925256 0.348129 -0.148242 -0.0270591 0.020029
6 6 5
2 -0.224732 -0.288504 0.0118866 0.0125
7 -0.233389 -0.269572 0.0182198 0.0125
6 -0.239157 -0.250146 0.0330166 0.0125
5 -0.241764 -0.232011 0.0482624 0.0125
1 -0.218202 0.189772 0.0124161 0.0125
4 -0.244128 0.0165301 0.0564713 0.0125
e_1_4 1 4 1 0.0125 -0.231165 0.103152 0.0344441 0.766657 0.5698 -0.231033 0.184903 0.180626
e_4_5 4 5 2 0.0125 -0.242946 -0.107741 0.0523671 0.663525 0.687813 -0.20837 0.207919 0.248688
e_5_6 5 6 3 0.0125 -0.24046 -0.241079 0.0406392 0.386761 0.86969 -0.251897 0.174938 0.023835
e_6_7 6 7 4 0.0125 -0.236272 -0.259859 0.0256187 0.398177 0.872309 -0.184226 0.215853 0.02509
e_7_2 7 2 5 0.0125 -0.22906 -0.279037 0.0150536 0.520209 0.800944 -0.0634422 0.289563 0.02176
7 7 6
2 -0.0120922 0.0762867 0.0902829 0.0125
4 -0.095892 -0.0674888 0.0705404 0.0125
1 -0.385058 -0.202397 0.0802523 0.0125
8 -0.0167568 0.05433 0.0843847 0.0125
5 -0.0443206 -0.0379745 0.0692247 0.0125
6 -0.0296199 0.00355806 0.0711977 0.0125
7 -0.0221975 0.0308576 0.0784106 0.0125
e_1_4 1 4 1 0.0125 -0.240475 -0.134942 0.075396 0.675791 -0.451138 0.558289 -0.167614 0.319236
e_4_5 4 5 2 0.0125 -0.0701063 -0.052731 0.0698826 0.682232 -0.482463 0.527535 -0.153283 0.059434
e_5_6 5 6 3 0.0125 -0.0369707 -0.0172086 0.0702116 0.722518 -0.657135 0.214027 -0.0183044 0.044102
e_6_7 6 7 4 0.0125 -0.0259087 0.0172075 0.0748045 0.789632 -0.592236 0.160428 -0.000746248 0.029195
e_7_8 7 8 5 0.0125 -0.0194772 0.0425942 0.0813973 0.787589 -0.599154 0.143805 0.00614354 0.024825
e_8_2 8 2 6 0.0125 -0.0144244 0.0653083 0.0873345 0.79182 -0.595743 0.134227 0.00969846 0.023208
