7
1 8 7
2 -0.20225 -0.305318 0.305477 0.0125
9 -0.205724 -0.302075 0.283496 0.0125
4 -0.199961 -0.242726 0.0864181 0.0125
1 -0.176759 0.0108569 0.0119662 0.0125
8 -0.202647 -0.307627 0.261501 0.0125
5 -0.207473 -0.261145 0.111334 0.0125
6 -0.208837 -0.279171 0.173183 0.0125
7 -0.205361 -0.294893 0.221452 0.0125
e_1_4 1 4 1 0.0125 -0.18836 -0.115934 0.0491918 0.347059 0.209797 -0.561846 0.721016 0.265303
e_4_5 4 5 2 0.0125 -0.203717 -0.251936 0.098876 0.466524 0.0427793 -0.327756 0.820428 0.031883
e_5_6 5 6 3 0.0125 -0.208155 -0.270158 0.142259 0.448196 0.0544351 -0.13083 0.882633 0.064437
e_6_7 6 7 4 0.0125 -0.207099 -0.287033 0.197318 0.421527 0.0981406 -0.126747 0.892535 0.050884
e_7_8 7 8 5 0.0125 -0.204004 -0.30126 0.241477 0.423146 0.0950516 -0.124341 0.892441 0.042112
e_8_9 8 9 6 0.0125 -0.204186 -0.304851 0.272498 0.511373 -0.121372 0.0698192 0.847875 0.022892
e_9_2 9 2 7 0.0125 -0.203987 -0.303697 0.294486 0.407434 0.100575 -0.0343118 0.907031 0.02249
2 7 6
2 0.0507388 0.229834 0.17389 0.0125
4 0.0126758 -0.0229251 0.0114862 0.0125
1 0.0110602 -0.194379 0.0338387 0.0125
8 0.0565563 0.217099 0.158779 0.0125
5 0.0561967 0.142603 0.0559543 0.0125
6 0.0637933 0.182417 0.1138 0.0125
7 0.0615448 0.210069 0.139155 0.0125
e_1_4 1 4 1 0.0125 0.0118677 -0.108652 0.0226621 0.10815 -0.116175 0.742387 0.650898 0.172913
e_4_5 4 5 2 0.0125 0.0344368 0.0598392 0.0337198 0.473681 -0.229709 0.567012 0.633528 0.176836
e_5_6 5 6 3 0.0125 0.0599953 0.16251 0.0848769 0.918465 -0.269437 0.133863 0.256721 0.070633
e_6_7 6 7 4 0.0125 0.0626693 0.196243 0.126478 0.724328 -0.338204 0.219787 0.559161 0.037584
e_7_8 7 8 5 0.0125 0.0590508 0.213584 0.148966 0.948076 -0.132845 -0.156771 -0.242749 0.021433
e_8_2 8 2 6 0.0125 0.0536472 0.223467 0.166334 0.802554 -0.363064 0.0375492 0.471892 0.020601
3 6 5
2 0.0653359 -0.186795 0.0493833 0.0125
7 0.0515972 -0.171224 0.0522499 0.0125
6 0.0399567 -0.154836 0.0551493 0.0125
5 0.0198818 -0.134564 0.0509014 0.0125
1 -0.308841 0.128097 0.0115554 0.0125
4 -0.160848 0.0554652 0.0126505 0.0125
e_1_4 1 4 1 0.0125 -0.234844 0.0917815 0.0121028 0.701641 0.400697 0.57976 0.104976 0.16486
e_4_5 4 5 2 0.0125 -0.0704826 -0.0395489 0.0317765 0.735815 0.56554 0.328633 0.17533 0.265023
e_5_6 5 6 3 0.0125 0.0299194 -0.1447 0.0530254 0.738017 0.555356 0.343432 0.170192 0.028845
e_6_7 6 7 4 0.0125 0.0457771 -0.163031 0.0536999 0.58809 0.745922 0.122419 0.287686 0.020309
e_7_2 7 2 5 0.0125 0.0584666 -0.179009 0.0508166 0.595286 0.723264 0.212749 0.277959 0.020963
4 11 10
2 -0.138017 0.112582 0.017844 0.0125
12 -0.144283 0.0946407 0.0116085 0.0125
11 -0.139717 0.0751693 0.0115043 0.0125
10 -0.128794 0.0630465 0.0230685 0.0125
9 -0.115076 0.0494696 0.0283496 0.0125
4 0.0279219 -0.0901846 0.0499739 0.0125
1 0.204087 -0.155468 0.0124594 0.0125
8 -0.106541 0.0392338 0.0432786 0.0125
5 -0.0376785 -0.0654037 0.0635174 0.0125
6 -0.0750052 0.00949983 0.0677056 0.0125
7 -0.0953338 0.0272615 0.0632155 0.0125
e_1_4 1 4 1 0.0125 0.116005 -0.122827 0.031217 0.734266 -0.0228395 -0.633696 -0.242406 0.191582
e_4_5 4 5 2 0.0125 -0.00487793 -0.077794 0.0567453 0.731758 -0.0253394 -0.636038 -0.243604 0.071421
e_5_6 5 6 3 0.0125 -0.0563418 -0.0279515 0.0656117 0.622896 -0.373273 -0.579374 -0.370125 0.083794
e_6_7 6 7 4 0.0125 -0.0851701 0.0183812 0.0654608 0.569817 -0.171036 -0.743492 -0.305409 0.027366
e_7_8 7 8 5 0.0125 -0.100938 0.0332483 0.0532469 0.240175 -0.0373253 -0.940617 -0.236985 0.025816
e_8_9 8 9 6 0.0125 -0.110809 0.0443519 0.0358138 0.249975 -0.0768475 -0.931175 -0.25401 0.020012
e_9_10 9 10 7 0.0125 -0.121935 0.0562579 0.0257082 0.520372 -0.189264 -0.772098 -0.31186 0.020009
e_10_11 10 11 8 0.0125 -0.134254 0.0691074 0.0172862 0.3579 -0.1417 -0.876943 -0.287749 0.02
e_11_12 11 12 9 0.0125 -0.141999 0.0849048 0.0115567 0.586173 -0.47713 -0.519351 -0.398776 0.02
e_12_2 12 2 10 0.0125 -0.14115 0.103611 0.014726 0.716142 -0.580069 -0.0875372 -0.37815 0.02
5 10 9
2 0.321351 0.236742 0.0152549 0.0125
11 0.312508 0.218572 0.0122887 0.0125
10 0.304931 0.199919 0.0158701 0.0125
9 0.298127 0.180755 0.0201848 0.0125
4 0.281351 -0.0298586 0.0279311 0.0125
1 0.295366 -0.24842 0.0198801 0.0125
8 0.291395 0.165 0.0310873 0.0125
5 0.276073 0.0930248 0.0287524 0.0125
6 0.283605 0.123861 0.0344779 0.0125
7 0.293559 0.144984 0.032478 0.0125
e_1_4 1 4 1 0.0125 0.288358 -0.139139 0.0239056 -0.555578 0.506188 0.474771 0.45793 0.219158
e_4_5 4 5 2 0.0125 0.278712 0.0315825 0.0283421 -0.52661 0.502359 0.494264 0.475416 0.123
e_5_6 5 6 3 0.0125 0.279838 0.108443 0.0316155 -0.404493 0.457716 0.44915 0.652032 0.032256
e_6_7 6 7 4 0.0125 0.288582 0.134423 0.0334779 -0.0507001 0.363086 0.640966 0.674359 0.023435
e_7_8 7 8 5 0.0125 0.292477 0.154992 0.031783 -0.522669 0.506271 0.527395 0.43859 0.020182
e_8_9 8 9 6 0.0125 0.294761 0.172878 0.025636 -0.0150074 0.369445 0.794956 0.480968 0.020308
e_9_10 9 10 7 0.0125 0.301529 0.190338 0.018027 -0.122019 0.396988 0.667963 0.617525 0.02079
e_10_11 10 11 8 0.0125 0.308719 0.209246 0.0140794 -0.0874038 0.382445 0.664301 0.63624 0.020448
e_11_2 11 2 9 0.0125 0.316929 0.227657 0.0137715 -0.107186 0.366456 0.541394 0.749075 0.020424
6 8 7
2 -0.229064 -0.240023 0.0114997 0.0125
9 -0.225639 -0.223475 0.0232077 0.0125
4 -0.146404 -0.0770199 0.0283931 0.0125
1 -0.131514 0.223978 0.0657696 0.0125
8 -0.212211 -0.206962 0.0237483 0.0125
5 -0.145569 -0.102341 0.0267849 0.0125
6 -0.165008 -0.16396 0.0265237 0.0125
7 -0.195218 -0.193056 0.020835 0.0125
e_1_4 1 4 1 0.0125 -0.138959 0.0734785 0.0470813 0.571417 0.627168 -0.410124 0.334577 0.303675
e_4_5 4 5 2 0.0125 -0.145986 -0.0896805 0.0275891 0.586771 0.637242 -0.354399 0.35217 0.025385
e_5_6 5 6 3 0.0125 -0.155288 -0.133151 0.0266546 0.645395 0.53178 -0.468224 0.285381 0.064613
e_6_7 6 7 4 0.0125 -0.180113 -0.178507 0.0236792 0.63671 0.369125 -0.656459 0.165554 0.042327
e_7_8 7 8 5 0.0125 -0.203714 -0.200009 0.0222917 0.735481 0.30122 -0.586094 0.15757 0.022151
e_8_9 8 9 6 0.0125 -0.218926 -0.215219 0.0234783 0.668907 0.403123 -0.591772 0.199651 0.02129
e_9_2 9 2 7 0.0125 -0.227352 -0.231749 0.0173542 0.383811 0.616718 -0.635919 0.260682 0.020558
7 7 6
2 0.129784 -0.288502 0.127665 0.0125
4 0.187374 0.0172241 0.0238808 0.0125
1 0.19955 0.160748 0.011497 0.0125
8 0.105905 -0.254315 0.124022 0.0125
5 0.118983 -0.133555 0.0697531 0.0125
6 0.105183 -0.163666 0.0785863 0.0125
7 0.0879215 -0.213546 0.101187 0.0125
e_1_4 1 4 1 0.0125 0.193462 0.0889864 0.0176885 0.714559 0.667344 0.108742 -0.179535 0.144571
e_4_5 4 5 2 0.0125 0.153178 -0.0581655 0.0468165 0.784048 0.586143 -0.151423 -0.137028 0.171803
e_5_6 5 6 3 0.0125 0.112082 -0.148611 0.07417 0.780778 0.589683 -0.153088 -0.13865 0.03428
e_6_7 6 7 4 0.0125 0.0965524 -0.188606 0.0898868 0.82658 0.540394 -0.105676 -0.116503 0.057417
e_7_8 7 8 5 0.0125 0.0969139 -0.233931 0.112605 0.848633 0.452712 0.258887 -0.0886042 0.05007
e_8_2 8 2 6 0.0125 0.117846 -0.271409 0.125843 0.727868 0.485362 0.470003 -0.117173 0.041859
