5
1 7 6
2 0.318143 -0.202229 0.0187375 0.0125
4 0.028764 0.12574 0.0139223 0.0125
1 -0.00183525 0.15817 0.011627 0.0125
8 0.297606 -0.206694 0.0209378 0.0125
5 0.15168 -0.069596 0.0125241 0.0125
6 0.234981 -0.154482 0.0120291 0.0125
7 0.277818 -0.200607 0.0152803 0.0125
e_1_4 1 4 1 0.0125 0.0134648 0.141955 0.0127744 0.678116 0.301196 0.619337 -0.256634 0.044647
e_4_5 4 5 2 0.0125 0.0902221 0.0280715 0.0132235 0.650681 0.408719 0.579636 -0.271266 0.230795
e_5_6 5 6 3 0.0125 0.193331 -0.112039 0.0122766 0.654901 0.284598 0.648912 -0.26272 0.118933
e_6_7 6 7 4 0.0125 0.2564 -0.177545 0.0136548 0.678038 0.305716 0.617044 -0.257018 0.063032
e_7_8 7 8 5 0.0125 0.287712 -0.20365 0.0181089 0.773168 0.039008 0.605548 -0.184393 0.021463
e_8_2 8 2 6 0.0125 0.307875 -0.204461 0.0198377 0.656681 -0.295117 0.681886 -0.129258 0.021131
2 6 5
2 -0.268158 0.0989178 0.0455415 0.0125
7 -0.26569 0.0779862 0.0402474 0.0125
6 -0.249872 0.0227446 0.0114969 0.0125
5 -0.128009 -0.172007 0.015515 0.0125
1 -0.106901 -0.288303 0.149662 0.0125
4 -0.10041 -0.276649 0.114591 0.0125
e_1_4 1 4 1 0.0125 -0.103655 -0.282476 0.132128 -0.139857 0.361746 -0.91459 -0.114479 0.037522
e_4_5 4 5 2 0.0125 -0.11421 -0.224328 0.0650531 -0.0129077 0.261644 -0.877026 -0.402742 0.146723
e_5_6 5 6 3 0.0125 -0.188941 -0.0746312 0.0135064 0.285691 0.0990293 -0.706353 -0.64003 0.229771
e_6_7 6 7 4 0.0125 -0.257782 0.0503649 0.0258719 0.253287 -0.0123106 -0.525471 -0.812142 0.064253
e_7_2 7 2 5 0.0125 -0.266924 0.0884516 0.0428945 0.0194805 0.0568769 -0.612337 -0.788308 0.021731
3 7 6
2 0.236164 0.0450539 0.0664213 0.0125
4 0.0608333 0.183849 0.0183242 0.0125
1 -0.182466 0.190207 0.0124527 0.0125
8 0.223065 0.0342245 0.0440583 0.0125
5 0.113177 0.141486 0.0123852 0.0125
6 0.187695 0.0569486 0.0292681 0.0125
7 0.207612 0.0405975 0.0312404 0.0125
e_1_4 1 4 1 0.0125 -0.0608166 0.187028 0.0153882 0.702003 -0.117499 0.688575 -0.13875 0.243453
e_4_5 4 5 2 0.0125 0.0870049 0.162668 0.0153549 0.675115 0.478356 0.561339 0.017122 0.0676
e_5_6 5 6 3 0.0125 0.150436 0.0992176 0.0208266 0.757579 0.496598 0.423451 0.012444 0.113949
e_6_7 6 7 4 0.0125 0.197653 0.0487726 0.0302547 0.733584 0.429166 0.526937 -0.00287104 0.025845
e_7_8 7 8 5 0.0125 0.215338 0.037411 0.0376498 0.891142 0.121695 0.425356 -0.10064 0.021064
e_8_2 8 2 6 0.0125 0.229615 0.0396391 0.0552405 0.927275 -0.249803 0.198786 -0.195558 0.028088
4 7 6
2 0.0351133 0.361105 0.276064 0.0125
4 0.00851599 0.0987777 0.0309752 0.0125
1 0.00741147 -0.0363876 0.0117985 0.0125
8 0.0314648 0.344746 0.262502 0.0125
5 0.0233247 0.289043 0.206113 0.0125
6 0.0229545 0.308856 0.221411 0.0125
7 0.0199813 0.332182 0.248005 0.0125
e_1_4 1 4 1 0.0125 0.00796359 0.0311947 0.0213865 0.710476 -0.61496 0.22714 0.255844 0.136523
e_4_5 4 5 2 0.0125 0.0159198 0.19391 0.118544 0.876851 -0.375293 0.145195 0.263069 0.259024
e_5_6 5 6 3 0.0125 0.0231392 0.298949 0.213763 0.853659 -0.421904 0.128294 0.277136 0.025034
e_6_7 6 7 4 0.0125 0.0214676 0.320519 0.234709 0.889044 -0.347881 0.0664249 0.290115 0.0355
e_7_8 7 8 5 0.0125 0.0257228 0.338464 0.255254 0.893924 -0.255335 0.332553 0.15847 0.022358
e_8_2 8 2 6 0.0125 0.0332889 0.352925 0.269283 0.870033 -0.380318 0.202121 0.23989 0.021561
5 7 6
2 -0.322135 0.156746 0.0118193 0.0125
4 -0.107451 0.186246 0.118407 0.0125
1 0.115908 0.175964 0.207295 0.0125
8 -0.309055 0.168651 0.0212655 0.0125
5 -0.274683 0.188887 0.0557692 0.0125
6 -0.29344 0.189181 0.0486785 0.0125
7 -0.304806 0.185095 0.0320118 0.0125
e_1_4 1 4 1 0.0125 0.00422779 0.181105 0.16285 0.534497 -0.289506 -0.775175 0.172057 0.240616
e_4_5 4 5 2 0.0125 -0.191067 0.187566 0.087088 0.538626 -0.280219 -0.772554 0.185797 0.178597
e_5_6 5 6 3 0.0125 -0.284061 0.189035 0.0522235 0.537443 -0.280404 -0.773412 0.185371 0.020054
e_6_7 6 7 4 0.0125 -0.299123 0.187138 0.0403451 0.254272 -0.24153 -0.920062 0.174628 0.020582
e_7_8 7 8 5 0.0125 -0.30693 0.176874 0.0266391 0.130811 0.019082 -0.87578 0.464257 0.020099
e_8_2 8 2 6 0.0125 -0.315594 0.162698 0.0165422 0.338935 -0.09648 -0.852194 0.386756 0.020051
