5
1 8 7
2 -0.266171 0.149969 0.0120917 0.0125
9 -0.247669 0.16072 0.0128019 0.0125
4 -0.0645547 0.148873 0.0299775 0.0125
1 0.197516 0.27701 0.0166043 0.0125
8 -0.227741 0.164532 0.0156158 0.0125
5 -0.158312 0.161083 0.0135178 0.0125
6 -0.185332 0.163852 0.014634 0.0125
7 -0.207709 0.16701 0.013484 0.0125
e_1_4 1 4 1 0.0125 0.0664807 0.212941 0.0232911 0.251019 -0.476616 -0.499939 0.67815 0.292026
e_4_5 4 5 2 0.0125 -0.111433 0.154978 0.0217479 0.517113 -0.53127 -0.550912 0.3832 0.09597
e_5_6 5 6 3 0.0125 -0.171821 0.162468 0.014076 0.623326 -0.40786 -0.55957 0.363313 0.027185
e_6_7 6 7 4 0.0125 -0.196521 0.165432 0.0140591 0.586163 -0.46327 -0.557494 0.361932 0.022628
e_7_8 7 8 5 0.0125 -0.217724 0.165771 0.0145499 0.565623 -0.368225 -0.558472 0.482276 0.020296
e_8_9 8 9 6 0.0125 -0.237704 0.162626 0.0142085 0.366751 -0.53534 -0.531133 0.544796 0.020484
e_9_2 9 2 7 0.0125 -0.25692 0.155345 0.0124462 0.113059 -0.554443 -0.457351 0.686033 0.021411
2 10 9
2 0.223726 0.0823157 0.117854 0.0125
11 0.196425 0.0826665 0.120073 0.0125
10 0.154718 0.0940607 0.0860169 0.0125
9 0.134018 0.0952327 0.0796111 0.0125
4 -0.14104 0.212941 0.0262726 0.0125
1 -0.212079 0.239916 0.0572918 0.0125
8 0.0953023 0.102544 0.07416 0.0125
5 -0.0967187 0.181027 0.0411392 0.0125
6 -0.0696774 0.153951 0.0535607 0.0125
7 0.0083578 0.131605 0.079881 0.0125
e_1_4 1 4 1 0.0125 -0.17656 0.226429 0.041782 0.366018 -0.392106 0.731586 -0.420791 0.082076
e_4_5 4 5 2 0.0125 -0.118879 0.196984 0.0337058 0.65576 0.0145932 0.60701 -0.448671 0.056603
e_5_6 5 6 3 0.0125 -0.0831985 0.167489 0.0473504 0.673033 0.115615 0.576427 -0.448768 0.040232
e_6_7 6 7 4 0.0125 -0.0306598 0.142778 0.0667204 0.699076 -0.14443 0.570016 -0.406835 0.085333
e_7_8 7 8 5 0.0125 0.0518299 0.117074 0.0770198 0.530188 -0.258519 0.681403 -0.43331 0.091851
e_8_9 8 9 6 0.0125 0.11466 0.0988883 0.0768851 0.635288 -0.244954 0.609483 -0.406125 0.039776
e_9_10 9 10 7 0.0125 0.144368 0.0946465 0.0828139 0.712261 -0.246158 0.540198 -0.374535 0.0217
e_10_11 10 11 8 0.0125 0.175571 0.088364 0.103045 0.826807 -0.0602786 0.432409 -0.354655 0.055037
e_11_2 11 2 9 0.0125 0.210075 0.0824919 0.118963 0.563761 -0.400353 0.616619 -0.376393 0.027393
3 6 5
2 -0.351289 -0.239135 0.0124946 0.0125
7 -0.197496 -0.200668 0.0173693 0.0125
6 -0.154584 -0.189968 0.0124225 0.0125
5 -0.119109 -0.159538 0.0164381 0.0125
1 -0.00461007 0.0611396 0.0136474 0.0125
4 -0.00868965 0.0377246 0.0114988 0.0125
e_1_4 1 4 1 0.0125 -0.00664945 0.0494322 0.0125734 -0.554213 -0.66979 -0.310464 0.384502 0.023864
e_4_5 4 5 2 0.0125 -0.0639 -0.0609065 0.0139687 -0.513711 -0.676093 -0.178823 0.497013 0.226119
e_5_6 5 6 3 0.0125 -0.136847 -0.174754 0.01443 -0.37332 -0.731087 -0.0911982 0.563761 0.04691
e_6_7 6 7 4 0.0125 -0.17604 -0.195318 0.0148955 -0.303986 -0.656382 0.116543 0.680568 0.044501
e_7_2 7 2 5 0.0125 -0.274392 -0.219902 0.014932 -0.237105 -0.714126 0.073419 0.654534 0.158605
4 10 9
2 -0.0272793 -0.288057 0.0375611 0.0125
11 -0.028638 -0.268552 0.0453929 0.0125
10 -0.0264219 -0.245181 0.0411478 0.0125
9 -0.0172108 -0.223247 0.0451575 0.0125
4 0.226301 -0.241695 0.0125022 0.0125
1 0.369553 -0.288035 0.0184616 0.0125
8 0.00488026 -0.205856 0.0437421 0.0125
5 0.103418 -0.187893 0.0124017 0.0125
6 0.077341 -0.177243 0.0127802 0.0125
7 0.031916 -0.179235 0.0231348 0.0125
e_1_4 1 4 1 0.0125 0.297926 -0.264865 0.0154819 -0.471863 0.653462 0.304571 -0.507513 0.150679
e_4_5 4 5 2 0.0125 0.164859 -0.214794 0.0124513 -0.545386 0.631108 0.319493 -0.449645 0.134145
e_5_6 5 6 3 0.0125 0.0903793 -0.182567 0.0125908 -0.546251 0.620684 0.328672 -0.456437 0.02817
e_6_7 6 7 4 0.0125 0.054629 -0.178239 0.0179574 -0.589237 0.388812 0.487654 -0.513632 0.046633
e_7_8 7 8 5 0.0125 0.0183981 -0.192546 0.0334385 -0.0706836 -0.392543 -0.32752 0.856531 0.043177
e_8_9 8 9 6 0.0125 -0.00616459 -0.214552 0.0444498 0.704151 0.286247 -0.626834 0.17121 0.028151
e_9_10 9 10 7 0.0125 -0.0218159 -0.234214 0.043152 0.488189 0.338859 -0.684316 0.42256 0.024126
e_10_11 10 11 8 0.0125 -0.02753 -0.256867 0.0432699 0.211159 0.117418 -0.630252 0.73784 0.023856
e_11_2 11 2 9 0.0125 -0.0279591 -0.278305 0.0414767 0.295795 0.484941 -0.671389 0.475998 0.021063
5 11 10
2 -0.175832 -0.0147637 0.0121004 0.0125
12 -0.156922 -0.0102336 0.017144 0.0125
11 -0.138051 -0.00501985 0.0212896 0.0125
10 -0.122717 0.00705436 0.0259315 0.0125
9 -0.107212 0.0113164 0.0382723 0.0125
4 0.0142631 0.021002 0.0331246 0.0125
1 0.238742 -0.169331 0.0123476 0.0125
8 -0.0890824 0.0191596 0.0417608 0.0125
5 -0.0212698 0.0211293 0.0365391 0.0125
6 -0.0468052 0.0165444 0.0399628 0.0125
7 -0.0673165 0.0157216 0.0406588 0.0125
e_1_4 1 4 1 0.0125 0.126503 -0.0741641 0.0227365 0.1743 0.399977 -0.552094 -0.710514 0.295041
e_4_5 4 5 2 0.0125 -0.00350311 0.0210662 0.0348315 0.494186 0.498987 -0.450765 -0.551002 0.035697
e_5_6 5 6 3 0.0125 -0.0340376 0.0188373 0.038251 0.567141 0.513909 -0.412895 -0.493728 0.026169
e_6_7 6 7 4 0.0125 -0.0570609 0.016133 0.0403108 0.495045 0.522812 -0.457933 -0.521436 0.02054
e_7_8 7 8 5 0.0125 -0.0781998 0.0174406 0.0412101 0.422951 0.489981 -0.48472 -0.588283 0.022063
e_8_9 8 9 6 0.0125 -0.0981469 0.0152386 0.0400162 0.549854 0.624274 -0.444129 -0.332704 0.020059
e_9_10 9 10 7 0.0125 -0.114965 0.00918581 0.0321015 0.355503 0.705538 -0.553743 -0.263063 0.02027
e_10_11 10 11 8 0.0125 -0.130384 0.0010172 0.0236102 0.583297 0.665504 -0.415688 -0.209936 0.020061
e_11_12 11 12 9 0.0125 -0.147486 -0.00762616 0.0192164 0.502776 0.615976 -0.473448 -0.378994 0.020013
e_12_2 12 2 10 0.0125 -0.166377 -0.0124986 0.0146222 0.479353 0.622445 -0.487925 -0.38041 0.020088
