5
1 10 9
2 -0.243293 0.165579 0.0156748 0.0125
11 -0.242841 0.146021 0.0114983 0.0125
10 -0.231708 0.129552 0.0138111 0.0125
9 -0.213126 0.125291 0.0200186 0.0125
4 -0.0342484 -0.136825 0.0114958 0.0125
1 0.0691203 -0.19946 0.0117791 0.0125
8 -0.202252 0.108781 0.0231162 0.0125
5 -0.0511076 -0.120312 0.0152337 0.0125
6 -0.182644 0.0729301 0.0254978 0.0125
7 -0.191604 0.0913535 0.0263351 0.0125
e_1_4 1 4 1 0.0125 0.017436 -0.168142 0.0116369 0.706038 -0.351051 -0.614766 -0.0183169 0.120865
e_4_5 4 5 2 0.0125 -0.042678 -0.128568 0.0133642 0.76009 -0.440642 -0.477076 -0.0222696 0.023894
e_5_6 5 6 3 0.0125 -0.116876 -0.0236903 0.0203662 0.721944 -0.556632 -0.410157 -0.0270092 0.233985
e_6_7 6 7 4 0.0125 -0.187123 0.0821418 0.025916 0.720805 -0.60999 -0.327869 -0.0292249 0.020504
e_7_8 7 8 5 0.0125 -0.196928 0.100067 0.0247257 0.649049 -0.62977 -0.425718 -0.0298322 0.020675
e_8_9 8 9 6 0.0125 -0.207689 0.117036 0.0215679 0.649431 -0.615164 -0.446047 -0.029225 0.020011
e_9_10 9 10 7 0.0125 -0.222417 0.127422 0.0169148 0.587435 -0.167283 -0.791729 -0.0101085 0.020049
e_10_11 10 11 8 0.0125 -0.237275 0.137786 0.0126541 0.664371 -0.600137 -0.444552 -0.028646 0.020013
e_11_2 11 2 9 0.0125 -0.243067 0.155799 0.013586 0.77685 -0.627772 -0.0387833 -0.0300255 0.020004
2 10 9
2 -0.222992 -0.0106647 0.0861097 0.0125
11 -0.209383 0.00225625 0.0789949 0.0125
10 -0.191294 0.0123329 0.0736923 0.0125
9 -0.171859 0.0148157 0.0628991 0.0125
4 0.0348505 -0.170554 0.0355732 0.0125
1 0.101048 -0.284206 0.0741962 0.0125
8 -0.147633 0.0159022 0.0510666 0.0125
5 -0.00612172 -0.100731 0.0116288 0.0125
6 -0.0878812 -0.0293667 0.0362853 0.0125
7 -0.111325 -0.0117241 0.0425069 0.0125
e_1_4 1 4 1 0.0125 0.0679488 -0.22738 0.054885 -0.334801 0.720652 -0.348623 -0.497022 0.137079
e_4_5 4 5 2 0.0125 0.0143639 -0.135643 0.0236009 -0.333127 0.721438 -0.348343 -0.497203 0.084423
e_5_6 5 6 3 0.0125 -0.047002 -0.0650488 0.0239566 -0.311252 0.594519 -0.189128 -0.716868 0.11129
e_6_7 6 7 4 0.0125 -0.0996035 -0.0205459 0.0393956 -0.274359 0.604256 -0.17652 -0.726941 0.029993
e_7_8 7 8 5 0.0125 -0.129479 0.00208848 0.046787 -0.271727 0.612004 -0.182344 -0.719976 0.046419
e_8_9 8 9 6 0.0125 -0.159746 0.0153587 0.0569825 0.00782257 0.529517 0.0188575 -0.848054 0.026983
e_9_10 9 10 7 0.0125 -0.181577 0.0135743 0.0682957 0.0322315 0.506638 0.0455355 -0.860352 0.022369
e_10_11 10 11 8 0.0125 -0.200339 0.00729399 0.0763438 0.326439 0.611063 0.050364 -0.719377 0.021374
e_11_2 11 2 9 0.0125 -0.216187 -0.00420376 0.0825528 0.433889 0.556319 0.115162 -0.699277 0.020069
3 6 5
2 0.263206 0.181028 0.0212909 0.0125
7 0.245514 0.152375 0.0118188 0.0125
6 0.210104 0.123889 0.0298421 0.0125
5 0.189084 0.110111 0.0351536 0.0125
1 -0.0559503 -0.170801 0.0633435 0.0125
4 0.0683745 -0.106769 0.0374614 0.0125
e_1_4 1 4 1 0.0125 0.00621213 -0.138785 0.0504024 0.593839 -0.0731419 0.765273 0.237409 0.142221
e_4_5 4 5 2 0.0125 0.12873 0.00167182 0.0363079 0.58766 -0.328168 0.630044 0.387307 0.24822
e_5_6 5 6 3 0.0125 0.199595 0.117 0.0324976 0.572095 -0.11523 0.76819 0.263276 0.025687
e_6_7 6 7 4 0.0125 0.227809 0.138131 0.0208309 0.490124 -0.137193 0.815781 0.274696 0.048889
e_7_2 7 2 5 0.0125 0.25436 0.166702 0.0165555 0.705248 -0.306735 0.520128 0.371491 0.034983
4 7 6
2 0.052882 -0.00355157 0.207963 0.0125
4 -0.133075 0.024009 0.187084 0.0125
1 -0.436258 0.0765973 0.215196 0.0125
8 0.0276537 -0.00628485 0.205314 0.0125
5 -0.0741088 0.00807806 0.19495 0.0125
6 -0.0177881 -0.00375501 0.202474 0.0125
7 0.00361563 -0.00698219 0.205245 0.0125
e_1_4 1 4 1 0.0125 -0.284667 0.0503028 0.20114 0.45171 -0.455636 0.581277 -0.500471 0.308991
e_4_5 4 5 2 0.0125 -0.103592 0.0160437 0.191017 0.748232 0.117892 0.649803 -0.0632983 0.061584
e_5_6 5 6 3 0.0125 -0.045949 0.00216123 0.198712 0.733158 -0.00961093 0.65961 -0.165228 0.05804
e_6_7 6 7 4 0.0125 -0.00708636 -0.00536905 0.20386 0.70565 -0.130218 0.647733 -0.256014 0.021823
e_7_8 7 8 5 0.0125 0.0156347 -0.00663352 0.205279 0.475158 -0.537046 0.45843 -0.525023 0.024048
e_8_2 8 2 6 0.0125 0.0402673 -0.00491823 0.206638 0.565781 -0.486219 0.460095 -0.481452 0.025513
5 9 8
2 -0.142709 0.237655 0.0413586 0.0125
10 -0.128431 0.231042 0.0285479 0.0125
9 -0.11204 0.218235 0.0272141 0.0125
4 0.183814 0.00947563 0.0664758 0.0125
1 0.244766 -0.00891199 0.0258476 0.0125
8 -0.10252 0.205824 0.0138078 0.0125
5 -0.00602001 0.091225 0.0376975 0.0125
6 -0.0605185 0.154847 0.0124551 0.0125
7 -0.0837723 0.18917 0.0125805 0.0125
e_1_4 1 4 1 0.0125 0.21429 0.000281929 0.0461621 0.869258 -0.198284 -0.437841 0.115626 0.075524
e_4_5 4 5 2 0.0125 0.0888975 0.0503507 0.0520861 0.653194 -0.366683 -0.659164 0.0662114 0.208682
e_5_6 5 6 3 0.0125 -0.0332694 0.123036 0.0250754 0.595378 -0.577275 -0.55768 -0.0356602 0.087493
e_6_7 6 7 4 0.0125 -0.0721461 0.172009 0.0125177 0.707106 -0.561859 -0.42755 -0.0389407 0.041458
e_7_8 7 8 5 0.0125 -0.0931457 0.197496 0.0131938 0.724076 -0.466533 -0.507853 0.0120923 0.025107
e_8_9 8 9 6 0.0125 -0.107281 0.21203 0.0205109 0.90787 -0.340843 -0.241754 0.0339582 0.020602
e_9_10 9 10 7 0.0125 -0.120236 0.224638 0.0278813 0.728937 -0.439675 -0.524112 0.0253532 0.020844
e_10_2 10 2 8 0.0125 -0.13557 0.234349 0.034953 0.897788 -0.221767 -0.367614 0.0982666 0.020291
