5
1 8 7
2 -0.00477176 0.0842509 0.0232583 0.0125
9 0.0130164 0.0754415 0.0258075 0.0125
4 0.237202 0.0938497 0.0501751 0.0125
1 0.402296 0.12955 0.218787 0.0125
8 0.0289027 0.0653485 0.0190367 0.0125
5 0.185639 0.0672615 0.0471831 0.0125
6 0.104032 0.0685984 0.021235 0.0125
7 0.0475525 0.0637476 0.0117046 0.0125
e_1_4 1 4 1 0.0125 0.319749 0.1117 0.134482 0.0796701 -0.842504 -0.378719 0.374715 0.238664
e_4_5 4 5 2 0.0125 0.211421 0.080556 0.0486788 0.655118 0.514794 -0.510626 -0.212292 0.058092
e_5_6 5 6 3 0.0125 0.144836 0.0679305 0.0342091 0.579409 -0.167593 -0.789559 0.11311 0.085643
e_6_7 6 7 4 0.0125 0.0757927 0.0661723 0.0164697 0.645671 0.0481243 -0.761958 0.0145939 0.057484
e_7_8 7 8 5 0.0125 0.0382273 0.064548 0.0153703 0.825254 -0.0235004 -0.563105 -0.0362829 0.020103
e_8_9 8 9 6 0.0125 0.0209592 0.0703952 0.0224224 0.815686 -0.344604 -0.460429 0.0625297 0.020002
e_9_2 9 2 7 0.0125 0.00412303 0.0798461 0.024533 0.636553 -0.500759 -0.559399 0.17639 0.020012
2 8 7
2 -0.00825856 -0.34861 0.288618 0.0125
9 0.00584537 -0.328465 0.263214 0.0125
4 -0.0122883 -0.0727006 0.062656 0.0125
1 -0.0207113 0.0437944 0.011498 0.0125
8 0.0161809 -0.315192 0.24123 0.0125
5 0.0137894 -0.2667 0.170587 0.0125
6 0.0135822 -0.285118 0.198759 0.0125
7 0.0130545 -0.30075 0.221932 0.0125
e_1_4 1 4 1 0.0125 -0.0165001 -0.0144535 0.0370771 0.52516 0.373138 -0.400209 0.651773 0.127511
e_4_5 4 5 2 0.0125 0.000750791 -0.1697 0.116621 0.538685 0.368136 -0.350783 0.671748 0.223528
e_5_6 5 6 3 0.0125 0.013686 -0.275908 0.184673 0.68138 0.200717 -0.203047 0.673948 0.03366
e_6_7 6 7 4 0.0125 0.0133183 -0.292934 0.210346 0.680874 0.201232 -0.212305 0.671448 0.027957
e_7_8 7 8 5 0.0125 0.0146178 -0.307972 0.231581 0.638235 0.26156 -0.185996 0.699748 0.024305
e_8_9 8 9 6 0.0125 0.0110135 -0.321828 0.252221 0.746059 0.0779562 -0.311196 0.583503 0.027682
e_9_2 9 2 7 0.0125 -0.0012064 -0.338537 0.275916 0.724455 0.105948 -0.359885 0.578293 0.035357
3 11 10
2 -0.172032 -0.335082 0.250347 0.0125
12 -0.181665 -0.317092 0.243567 0.0125
11 -0.181495 -0.303318 0.224477 0.0125
10 -0.18114 -0.288989 0.204365 0.0125
9 -0.179474 -0.272757 0.191265 0.0125
4 -0.127393 -0.0460744 0.0662646 0.0125
1 -0.113922 0.0771906 0.0114982 0.0125
8 -0.173304 -0.250274 0.185739 0.0125
5 -0.139037 -0.0949288 0.0757293 0.0125
6 -0.160616 -0.13932 0.115126 0.0125
7 -0.173572 -0.225218 0.154139 0.0125
e_1_4 1 4 1 0.0125 -0.120658 0.0155579 0.0388817 -0.768036 -0.473731 0.27124 -0.334856 0.135555
e_4_5 4 5 2 0.0125 -0.133215 -0.0705021 0.0709965 -0.70558 -0.509923 0.383907 -0.307818 0.051106
e_5_6 5 6 3 0.0125 -0.149827 -0.117124 0.0954278 -0.854701 -0.30993 0.303352 -0.285319 0.063153
e_6_7 6 7 4 0.0125 -0.167094 -0.182268 0.134633 -0.772559 -0.462632 0.284841 -0.328618 0.095228
e_7_8 7 8 5 0.0125 -0.173438 -0.237746 0.169939 -0.883136 -0.308878 0.113202 -0.33444 0.040329
e_8_9 8 9 6 0.0125 -0.176389 -0.261515 0.188502 -0.723167 -0.487837 0.383031 -0.303862 0.023961
e_9_10 9 10 7 0.0125 -0.180307 -0.280874 0.197815 -0.837894 -0.383431 0.199931 -0.33308 0.020925
e_10_11 10 11 8 0.0125 -0.181317 -0.296154 0.214421 -0.894373 -0.283391 0.111819 -0.32754 0.024698
e_11_12 11 12 9 0.0125 -0.18158 -0.310205 0.234022 -0.892843 -0.287172 0.109887 -0.329072 0.023541
e_12_2 12 2 10 0.0125 -0.176848 -0.326087 0.246957 -0.697111 -0.584516 0.026132 -0.414359 0.021504
4 8 7
2 0.0393148 -0.041017 0.02047 0.0125
9 0.0575679 -0.0383168 0.0293066 0.0125
4 0.369724 -0.00298141 0.182944 0.0125
1 0.438799 0.02745 0.263547 0.0125
8 0.0772861 -0.0357253 0.0378516 0.0125
5 0.30484 -0.0441529 0.130901 0.0125
6 0.19646 -0.0687363 0.0697087 0.0125
7 0.0963038 -0.0418615 0.0413573 0.0125
e_1_4 1 4 1 0.0125 0.404262 0.0122343 0.223245 -0.347271 -0.632697 0.681653 0.120189 0.110428
e_4_5 4 5 2 0.0125 0.337281 -0.0235671 0.156922 -0.46706 -0.410494 0.782222 -0.038454 0.092809
e_5_6 5 6 3 0.0125 0.25065 -0.0564446 0.100305 -0.475054 -0.478314 0.715811 0.182083 0.126866
e_6_7 6 7 4 0.0125 0.146382 -0.0552985 0.0555326 0.308694 -0.765758 -0.213256 0.522345 0.107506
e_7_8 7 8 5 0.0125 0.0867955 -0.0387934 0.0396045 0.543972 -0.587648 -0.490972 0.34309 0.020287
e_8_9 8 9 6 0.0125 0.0674275 -0.0370211 0.0335791 -0.496339 -0.455203 0.700118 0.23722 0.021646
e_9_2 9 2 7 0.0125 0.0484418 -0.039667 0.0248884 -0.476301 -0.486204 0.692506 0.23912 0.020459
5 9 8
2 -0.0426034 0.189284 0.0630677 0.0125
10 -0.0619738 0.187682 0.0577149 0.0125
9 -0.0806034 0.18405 0.0513773 0.0125
4 -0.182259 -0.017999 0.0114977 0.0125
1 -0.314695 -0.18473 0.0427554 0.0125
8 -0.0962128 0.174319 0.0428608 0.0125
5 -0.124582 0.112377 0.0124486 0.0125
6 -0.107832 0.137652 0.0147347 0.0125
7 -0.108337 0.164548 0.0286253 0.0125
e_1_4 1 4 1 0.0125 -0.248477 -0.101365 0.0271264 0.45461 -0.0738231 0.753107 0.469798 0.21521
e_4_5 4 5 2 0.0125 -0.15342 0.047189 0.0119726 0.459971 -0.200774 0.675541 0.540149 0.142567
e_5_6 5 6 3 0.0125 -0.116207 0.125014 0.013591 0.580643 -0.219514 0.643601 0.447711 0.030407
e_6_7 6 7 4 0.0125 -0.108085 0.1511 0.02168 0.853941 -0.51988 -0.0180317 -0.0135861 0.030276
e_7_8 7 8 5 0.0125 -0.102274 0.169434 0.0357436 0.913833 -0.2691 0.300347 -0.0478107 0.021098
e_8_9 8 9 6 0.0125 -0.0884081 0.179185 0.0471186 0.833286 -0.213739 0.494209 0.125332 0.02027
e_9_10 9 10 7 0.0125 -0.0712886 0.185866 0.0545456 0.809351 -0.0709189 0.580187 0.0574881 0.020011
e_10_2 10 2 8 0.0125 -0.0522881 0.188483 0.0603913 0.794657 -0.0227003 0.605577 0.0358104 0.020161
