5
1 8 7
2 -0.0164274 0.178999 0.0542521 0.0125
9 -0.00494554 0.163305 0.0608826 0.0125
4 0.000707938 0.0351705 0.012326 0.0125
1 -0.113354 -0.278818 0.0114988 0.0125
8 0.00313358 0.144856 0.0622514 0.0125
5 -0.00109705 0.0808904 0.0330634 0.0125
6 0.00423615 0.100931 0.0468262 0.0125
7 0.0102705 0.124442 0.0616551 0.0125
e_1_4 1 4 1 0.0125 -0.0563228 -0.121824 0.0119124 0.606239 -0.692941 -0.136364 -0.365668 0.334065
e_4_5 4 5 2 0.0125 -0.000194864 0.0580302 0.0226944 0.805698 -0.512935 -0.174626 -0.239278 0.050235
e_5_6 5 6 3 0.0125 0.00156952 0.0909107 0.0399441 0.823188 -0.470206 -0.0494151 -0.314366 0.024889
e_6_7 6 7 4 0.0125 0.00725387 0.112686 0.0542403 0.812902 -0.485714 -0.0583317 -0.316021 0.028445
e_7_8 7 8 5 0.0125 0.00670175 0.134649 0.0619536 0.702793 -0.60014 -0.355039 -0.140928 0.021634
e_8_9 8 9 6 0.0125 -0.000906226 0.154081 0.0615677 0.673549 -0.612445 -0.398508 -0.111511 0.020187
e_9_2 9 2 7 0.0125 -0.0106865 0.171151 0.057567 0.581268 -0.632974 -0.510607 -0.0274315 0.020545
2 6 5
2 -0.403563 -0.00316598 0.218667 0.0125
7 -0.333526 0.0120036 0.155665 0.0125
6 -0.250622 0.00570145 0.110505 0.0125
5 -0.118378 0.0849735 0.024362 0.0125
1 0.00012403 0.142548 0.0164406 0.0125
4 -0.0513506 0.111741 0.0121179 0.0125
e_1_4 1 4 1 0.0125 -0.0256138 0.127145 0.0142788 -0.112018 -0.681442 -0.267533 0.671949 0.060145
e_4_5 4 5 2 0.0125 -0.0848643 0.0983572 0.0182399 -0.0508524 -0.61385 -0.198897 0.762261 0.073205
e_5_6 5 6 3 0.0125 -0.1845 0.0453375 0.0674334 -0.101448 -0.461673 -0.207335 0.856492 0.176617
e_6_7 6 7 4 0.0125 -0.292075 0.00885242 0.133085 0.115438 -0.510338 -0.0300708 0.85166 0.094615
e_7_2 7 2 5 0.0125 -0.368544 0.00441893 0.187166 0.0135639 -0.401458 -0.0932305 0.911019 0.095419
3 6 5
2 0.153523 0.205257 0.0641717 0.0125
7 0.139314 0.202378 0.0472643 0.0125
6 0.11751 0.19678 0.041345 0.0125
5 0.0966969 0.19095 0.0350188 0.0125
1 -0.245775 -0.0712184 0.0116742 0.0125
4 -0.150181 0.00195028 0.018252 0.0125
e_1_4 1 4 1 0.0125 -0.197978 -0.034634 0.0149637 0.112002 0.474978 0.497108 0.717451 0.120561
e_4_5 4 5 2 0.0125 -0.0267426 0.09645 0.026636 0.111736 0.47527 0.49719 0.717241 0.311369
e_5_6 5 6 3 0.0125 0.107103 0.193865 0.0381821 0.505042 0.345832 0.489834 0.620803 0.022521
e_6_7 6 7 4 0.0125 0.128412 0.199579 0.0443047 0.506842 0.357248 0.495198 0.608494 0.023277
e_7_2 7 2 5 0.0125 0.146419 0.203818 0.0557184 0.865526 0.0673872 0.340431 0.361151 0.022272
4 8 7
2 0.168632 0.195552 0.0895333 0.0125
9 0.17555 0.194001 0.0708294 0.0125
4 0.0721523 0.033299 0.0121007 0.0125
1 -0.00589163 -0.180792 0.0114993 0.0125
8 0.171332 0.190311 0.0516294 0.0125
5 0.128099 0.18823 0.0114969 0.0125
6 0.149303 0.202112 0.0215688 0.0125
7 0.162736 0.20003 0.0363603 0.0125
e_1_4 1 4 1 0.0125 0.0331306 -0.0737466 0.0117992 0.630171 -0.700765 -0.0872273 -0.322807 0.227873
e_4_5 4 5 2 0.0125 0.100126 0.110764 0.0117986 0.627818 -0.702605 -0.0904337 -0.32251 0.164725
e_5_6 5 6 3 0.0125 0.138701 0.195171 0.0165331 0.743562 -0.482528 0.287251 -0.363 0.027271
e_6_7 6 7 4 0.0125 0.156019 0.201072 0.0289647 0.924981 0.0120428 0.362915 -0.11206 0.020089
e_7_8 7 8 5 0.0125 0.167034 0.195171 0.0439954 0.931477 0.284572 0.194979 0.11555 0.020039
e_8_9 8 9 6 0.0125 0.173441 0.192156 0.0612298 0.988458 -0.0988716 0.101259 -0.0540458 0.020002
e_9_2 9 2 7 0.0125 0.172091 0.194776 0.0801814 0.979361 -0.0556196 -0.171384 0.0915779 0.020002
5 7 6
2 -0.285155 0.249908 0.153161 0.0125
4 -0.133162 0.0877778 0.0749038 0.0125
1 -0.0940101 -0.149161 0.0120738 0.0125
8 -0.269819 0.239892 0.137708 0.0125
5 -0.19734 0.180034 0.0729731 0.0125
6 -0.240078 0.206464 0.107596 0.0125
7 -0.257843 0.229599 0.123992 0.0125
e_1_4 1 4 1 0.0125 -0.113585 -0.0306915 0.0434889 0.554425 -0.351201 -0.500104 -0.564948 0.248235
e_4_5 4 5 2 0.0125 -0.165251 0.133906 0.0739385 0.569652 -0.238383 -0.672133 -0.408543 0.1124
e_5_6 5 6 3 0.0125 -0.218709 0.193249 0.0902847 0.785994 -0.0351961 -0.463759 -0.40731 0.061023
e_6_7 6 7 4 0.0125 -0.248961 0.218031 0.115794 0.715442 -0.159918 -0.478982 -0.482851 0.033461
e_7_8 7 8 5 0.0125 -0.263831 0.234745 0.13085 0.784094 -0.0734429 -0.408348 -0.461578 0.020916
e_8_2 8 2 6 0.0125 -0.277487 0.2449 0.145434 0.798686 -0.0358307 -0.419895 -0.429541 0.023965
