11
1 21 20
3 -0.243785 -0.00154178 0.145889 0.0125
22 -0.256748 -0.0322165 0.116988 0.0125
21 -0.267908 -0.047892 0.0940076 0.0125
4 -0.254815 0.0168076 0.0114805 0.0125
20 -0.264373 0.00156641 0.026068 0.0125
5 -0.117911 -0.150296 0.0407769 0.0125
10 -0.100096 -0.165247 0.0335034 0.0125
6 -0.0219855 -0.0669284 0.0635457 0.0125
9 -0.0640151 -0.194 0.0196488 0.0125
2 -0.0403648 -0.205832 0.0122506 0.0125
19 -0.272518 -0.0314311 0.0514522 0.0125
8 -0.0268725 -0.121248 0.0511386 0.0125
11 -0.132284 -0.172816 0.0145669 0.0125
12 -0.175543 -0.141119 0.0124941 0.0125
13 -0.194675 -0.130275 0.0166296 0.0125
14 -0.21107 -0.114454 0.0244164 0.0125
15 -0.222244 -0.10139 0.0353969 0.0125
16 -0.23642 -0.0887678 0.0447704 0.0125
17 -0.250261 -0.0768425 0.053883 0.0125
18 -0.264961 -0.0676953 0.0641147 0.0125
1 -0.279728 -0.0573311 0.0729426 0.0125
e_2_8 2 8 1 0.0125 -0.0336183 -0.16354 0.0316945 -0.834413 0.541215 -0.0196261 0.102251 0.094067
e_8_6 8 6 2 0.0125 -0.024429 -0.0940884 0.0573421 -0.778768 0.623761 -0.00275876 0.0665917 0.055933
e_2_9 2 9 1 0.0125 -0.0521902 -0.199916 0.0159493 -0.796681 0.271006 0.540236 -0.000863377 0.02746
e_9_10 9 10 2 0.0125 -0.0820551 -0.179623 0.0265757 -0.802373 0.372394 0.466391 -0.000760435 0.048172
e_10_5 10 5 3 0.0125 -0.109003 -0.157772 0.03714 -0.805763 0.379726 0.454478 0.00175601 0.024368
e_2_11 2 11 1 0.0125 -0.0863244 -0.189324 0.0134088 -0.713657 0.282004 0.639232 -0.050501 0.097696
e_11_12 11 12 2 0.0125 -0.153913 -0.156968 0.0135301 -0.689733 0.482731 0.535057 -0.0703728 0.053668
e_12_13 12 13 3 0.0125 -0.185109 -0.135698 0.0145613 -0.76938 0.330354 0.546306 -0.0216906 0.022377
e_13_14 13 14 4 0.0125 -0.202872 -0.122365 0.0205226 -0.813403 0.399715 0.422537 0.00806589 0.024077
e_14_15 14 15 5 0.0125 -0.216657 -0.107922 0.0299061 -0.875061 0.343527 0.335923 0.0584191 0.020399
e_15_16 15 16 6 0.0125 -0.229332 -0.0950785 0.040083 -0.848659 0.33477 0.408081 0.0342971 0.021169
e_16_17 16 17 7 0.0125 -0.24334 -0.082805 0.049326 -0.849673 0.326721 0.412406 0.0350687 0.020415
e_17_18 17 18 8 0.0125 -0.25761 -0.0722688 0.0589985 -0.86699 0.236159 0.435719 0.0520154 0.020112
e_18_1 18 1 9 0.0125 -0.272345 -0.0625132 0.0685287 -0.8477 0.286416 0.4452 0.0341793 0.020085
e_1_19 1 19 1 0.0125 -0.276123 -0.0443811 0.0621966 -0.433341 0.86578 -0.250244 -0.00426596 0.034418
e_19_20 19 20 2 0.0125 -0.268445 -0.0149325 0.0387597 -0.448072 0.864687 -0.226946 -0.00657438 0.042421
e_20_4 20 4 3 0.0125 -0.259593 0.00918673 0.0187742 -0.427857 0.810787 -0.396905 0.0450476 0.023161
e_1_21 1 21 1 0.0125 -0.273818 -0.052611 0.0834752 -0.923455 0.243557 -0.185858 0.231016 0.025934
e_21_22 21 22 2 0.0125 -0.262327 -0.0400543 0.105498 -0.918099 0.314175 -0.133972 0.201096 0.029972
e_22_3 22 3 3 0.0125 -0.250266 -0.0168788 0.131438 -0.894807 0.405223 -0.0897825 0.164482 0.044094
2 27 26
3 -0.403109 -0.166202 0.212268 0.0125
28 -0.408935 -0.141751 0.221641 0.0125
27 -0.415965 -0.122783 0.226598 0.0125
26 -0.422579 -0.097431 0.227468 0.0125
4 -0.353818 -0.0657435 0.166436 0.0125
25 -0.371115 -0.0682074 0.186496 0.0125
24 -0.392782 -0.065941 0.209025 0.0125
1 -0.426355 -0.0722989 0.233548 0.0125
23 -0.412704 -0.0642583 0.22134 0.0125
22 -0.396091 -0.0579465 0.212162 0.0125
21 -0.379215 -0.057638 0.201434 0.0125
6 -0.0655958 0.0540568 0.0811824 0.0125
11 -0.0848144 0.0549471 0.0729482 0.0125
10 -0.105306 0.0534711 0.0664538 0.0125
9 -0.130058 0.0488449 0.0634819 0.0125
2 -0.208114 0.0239402 0.0616626 0.0125
19 -0.349629 -0.0511093 0.175306 0.0125
8 -0.164809 0.0408426 0.0629882 0.0125
12 -0.17298 0.0412895 0.0555532 0.0125
13 -0.156005 0.0517334 0.0534016 0.0125
14 -0.137707 0.0600471 0.0550076 0.0125
5 -0.119091 0.0673619 0.0573159 0.0125
15 -0.285049 -0.0204599 0.104394 0.0125
16 -0.298974 -0.0289464 0.120861 0.0125
17 -0.322879 -0.0412763 0.146097 0.0125
18 -0.336873 -0.0460265 0.160394 0.0125
20 -0.362435 -0.0537486 0.190881 0.0125
e_2_8 2 8 1 0.0125 -0.186462 0.0323914 0.0623252 -0.687954 0.426366 -0.551326 0.202413 0.046506
e_8_9 8 9 2 0.0125 -0.147434 0.0448437 0.0632346 -0.705642 0.247327 -0.657193 0.0948518 0.035664
e_9_10 9 10 3 0.0125 -0.117683 0.051158 0.0649677 -0.746194 0.158785 -0.645133 0.0422498 0.025356
e_10_11 10 11 4 0.0125 -0.0950596 0.0542092 0.0697007 -0.805402 0.00940515 -0.590934 -0.0451287 0.021546
e_11_6 11 6 5 0.0125 -0.0752048 0.054502 0.0770657 -0.828115 -0.0942753 -0.542563 -0.104701 0.020928
e_2_12 2 12 1 0.0125 -0.190547 0.0326154 0.0586076 -0.557246 0.639364 -0.410171 0.335335 0.039658
e_12_13 12 13 2 0.0125 -0.164492 0.0465114 0.0544778 -0.567655 0.665469 -0.33287 0.352301 0.020046
e_13_14 13 14 3 0.0125 -0.146856 0.0558902 0.0542049 -0.701869 0.450691 -0.507018 0.217234 0.020163
e_14_5 14 5 4 0.0125 -0.1284 0.0637049 0.0561615 -0.725662 0.381953 -0.544782 0.175323 0.020133
e_2_15 2 15 1 0.0125 -0.246582 0.00174065 0.0830279 -0.836442 -0.191585 0.496528 -0.130843 0.098571
e_15_16 15 16 2 0.0125 -0.292011 -0.0247036 0.112628 -0.917324 -0.155135 0.347353 -0.117451 0.023175
e_16_17 16 17 3 0.0125 -0.310926 -0.0351113 0.133479 -0.911349 -0.139542 0.372057 -0.107446 0.036882
e_17_18 17 18 4 0.0125 -0.329876 -0.0436509 0.153245 -0.917177 -0.0927189 0.379121 -0.0803545 0.020562
e_18_19 18 19 5 0.0125 -0.343251 -0.0485684 0.16785 -0.927467 -0.102369 0.34887 -0.0872585 0.020271
e_19_20 19 20 6 0.0125 -0.356032 -0.0524294 0.183094 -0.937927 -0.0486483 0.338663 -0.0568708 0.020336
e_20_21 20 21 7 0.0125 -0.370825 -0.0556933 0.196157 -0.870052 -0.0746328 0.48294 -0.064881 0.0202
e_21_22 21 22 8 0.0125 -0.387654 -0.0577918 0.206798 -0.876233 0.00247659 0.481445 -0.0205123 0.02
e_22_23 22 23 9 0.0125 -0.404397 -0.0611018 0.216751 -0.848762 -0.129443 0.503782 -0.0951406 0.020001
e_23_1 23 1 10 0.0125 -0.419529 -0.0682786 0.227444 -0.888846 -0.169766 0.407439 -0.122985 0.020001
e_1_24 1 24 1 0.0125 -0.409567 -0.0691194 0.221286 0.332701 0.478042 0.750334 0.312706 0.042059
e_24_25 24 25 2 0.0125 -0.381948 -0.0670737 0.197761 0.317257 -0.409662 0.831637 -0.199764 0.031338
e_25_4 25 4 3 0.0125 -0.362466 -0.0669754 0.176467 0.344955 0.0367427 0.935779 0.0630346 0.026602
e_1_26 1 26 1 0.0125 -0.424466 -0.0848644 0.230508 -0.475927 -0.671177 0.407259 -0.396428 0.026131
e_26_27 26 27 2 0.0125 -0.419272 -0.110107 0.227032 -0.565476 -0.671185 0.257087 -0.404542 0.026216
e_27_28 27 28 3 0.0125 -0.41245 -0.132267 0.22412 -0.445525 -0.721714 0.313245 -0.427216 0.020827
e_28_3 28 3 4 0.0125 -0.406021 -0.153977 0.216955 -0.399804 -0.695893 0.436399 -0.406751 0.026827
3 22 21
3 -0.254536 0.10123 0.073809 0.0125
23 -0.27881 0.0977835 0.0623863 0.0125
22 -0.294435 0.0950741 0.0500048 0.0125
4 -0.249921 0.0684633 0.0672865 0.0125
21 -0.267235 0.0724472 0.0581026 0.0125
20 -0.281464 0.0731042 0.0440631 0.0125
11 0.0221915 0.0605088 0.0220757 0.0125
10 0.00507147 0.0497041 0.0298639 0.0125
6 0.0278293 -0.101841 0.0130611 0.0125
9 -0.0148789 0.0405907 0.0327169 0.0125
2 -0.0403332 0.0289035 0.0290296 0.0125
19 -0.295268 0.0788204 0.0307668 0.0125
8 -0.0122824 -0.0233741 0.0115067 0.0125
5 0.0398168 0.0794088 0.0114544 0.0125
12 -0.196581 0.0788108 0.0160457 0.0125
13 -0.227213 0.0867633 0.0165358 0.0125
14 -0.249476 0.0877713 0.0148632 0.0125
15 -0.269208 0.0867769 0.0185379 0.0125
16 -0.28962 0.0847365 0.0176275 0.0125
17 -0.309611 0.0833558 0.0158204 0.0125
1 -0.330006 0.0845067 0.012398 0.0125
18 -0.311495 0.0817508 0.019448 0.0125
e_2_8 2 8 1 0.0125 -0.0263079 0.00276473 0.0202689 -0.571747 -0.786361 -0.152527 -0.177417 0.061861
e_8_6 8 6 2 0.0125 0.00777345 -0.0626071 0.0122845 -0.703765 -0.667703 -0.212967 -0.116329 0.088139
e_2_9 2 9 1 0.0125 -0.0276057 0.0347475 0.0308736 0.559565 -0.604964 0.262221 -0.502141 0.028251
e_9_10 9 10 2 0.0125 -0.00490337 0.0451473 0.03129 0.443021 -0.716094 0.227397 -0.489113 0.022118
e_10_11 10 11 3 0.0125 0.0136318 0.0551064 0.0259694 0.42257 -0.792291 0.227618 -0.376695 0.02169
e_11_5 11 5 4 0.0125 0.0310044 0.0699582 0.0167648 0.505842 -0.78862 0.261037 -0.232512 0.02794
e_2_12 2 12 1 0.0125 -0.118456 0.053857 0.0225377 0.105062 -0.725814 0.112468 0.670453 0.164537
e_12_13 12 13 2 0.0125 -0.211897 0.0827876 0.0162907 0.0788372 -0.694444 0.100085 0.708178 0.031652
e_13_14 13 14 3 0.0125 -0.238345 0.0872678 0.015699 -0.0270375 -0.730445 0.0622318 0.679593 0.022349
e_14_15 14 15 4 0.0125 -0.259342 0.0872741 0.0167005 -0.0803061 -0.638236 0.0346724 0.764856 0.020096
e_15_16 15 16 5 0.0125 -0.279415 0.0857563 0.0180827 -0.100418 -0.721849 0.0333325 0.683915 0.020535
e_16_17 16 17 6 0.0125 -0.299616 0.0840462 0.0167239 -0.083706 -0.737045 0.0409161 0.669391 0.020119
e_17_1 17 1 7 0.0125 -0.319809 0.0839317 0.0141084 -0.0203698 -0.760353 0.0670184 0.645723 0.020713
e_1_18 1 18 1 0.0125 -0.320751 0.0831292 0.0159226 -0.140762 -0.568808 -0.0137838 -0.810218 0.02
e_18_19 18 19 2 0.0125 -0.303381 0.0802861 0.0251081 -0.344345 -0.454523 -0.102136 -0.81511 0.02
e_19_20 19 20 3 0.0125 -0.288366 0.0759623 0.0374149 -0.871717 -0.261285 -0.315172 -0.269269 0.02
e_20_21 20 21 4 0.0125 -0.27435 0.0727758 0.0510832 0.138476 -0.378575 0.075507 -0.912033 0.02
e_21_4 21 4 5 0.0125 -0.258578 0.0704547 0.0626939 -0.341255 -0.511135 -0.0955672 -0.783041 0.02
e_1_22 1 22 1 0.0125 -0.31222 0.0897904 0.0312014 0.925118 -0.104961 0.364798 0.00796754 0.052833
e_22_23 22 23 2 0.0125 -0.286623 0.0964288 0.0561955 0.706942 -0.325699 0.293594 -0.554938 0.020118
e_23_3 23 3 3 0.0125 -0.266673 0.0995062 0.0680977 0.410385 -0.501617 0.192949 -0.736706 0.027048
4 27 26
3 0.356059 -0.151341 0.140616 0.0125
28 0.361191 -0.160738 0.157509 0.0125
27 0.368304 -0.17175 0.172613 0.0125
26 0.378262 -0.180428 0.18763 0.0125
25 0.38686 -0.189614 0.203178 0.0125
4 0.458088 -0.144958 0.274694 0.0125
24 0.443922 -0.154597 0.264377 0.0125
23 0.429994 -0.164982 0.25447 0.0125
22 0.419341 -0.176436 0.242007 0.0125
21 0.408727 -0.188006 0.229618 0.0125
1 0.39765 -0.19903 0.217138 0.0125
11 0.178362 -0.0698854 0.0437658 0.0125
6 0.213143 0.0343364 0.0376779 0.0125
10 0.213259 0.0103175 0.0361006 0.0125
9 0.214931 -0.0162988 0.030999 0.0125
2 0.197503 -0.111642 0.0174742 0.0125
19 0.366778 -0.188568 0.190798 0.0125
8 0.216478 -0.0392836 0.0282318 0.0125
5 0.169942 -0.037787 0.0771531 0.0125
12 0.215036 -0.129389 0.0431475 0.0125
13 0.233271 -0.14671 0.0647341 0.0125
14 0.268275 -0.160819 0.103385 0.0125
15 0.286042 -0.16496 0.117961 0.0125
16 0.308977 -0.167839 0.138538 0.0125
17 0.328803 -0.17625 0.157516 0.0125
18 0.350592 -0.185154 0.178144 0.0125
20 0.382607 -0.194011 0.204391 0.0125
e_2_8 2 8 1 0.0125 0.206991 -0.0754634 0.0228532 0.737229 -0.581336 0.301452 0.166338 0.075574
e_8_9 8 9 2 0.0125 0.215704 -0.0277912 0.0296154 0.736519 -0.659699 0.0720151 0.13096 0.023203
e_9_10 9 10 3 0.0125 0.214095 -0.00299057 0.0335501 0.762076 -0.634807 0.0553141 0.114893 0.027152
e_10_6 10 6 4 0.0125 0.2132 0.0223266 0.0368893 0.713071 -0.668487 0.142716 0.155844 0.024071
e_2_11 2 11 1 0.0125 0.187932 -0.090764 0.0306198 0.864364 -0.447065 -0.227499 -0.0353705 0.052927
e_11_5 11 5 2 0.0125 0.174151 -0.0538366 0.0604596 0.923598 -0.364267 -0.112596 -0.0399764 0.047073
e_2_12 2 12 1 0.0125 0.20627 -0.120516 0.0303106 0.918357 0.229982 0.297536 -0.123292 0.035798
e_12_13 12 13 2 0.0125 0.224154 -0.13805 0.0539412 0.901235 0.246621 0.336944 -0.115852 0.033144
e_13_14 13 14 3 0.0125 0.250774 -0.153764 0.0840601 0.923502 0.114164 0.359466 -0.0699598 0.054021
e_14_15 14 15 4 0.0125 0.277158 -0.162889 0.110674 0.900361 0.0804442 0.425939 -0.0381461 0.023351
e_15_16 15 16 5 0.0125 0.29751 -0.1664 0.128249 0.91187 0.0373272 0.40763 -0.0306077 0.030946
e_16_17 16 17 6 0.0125 0.31889 -0.172045 0.148027 0.908965 0.132898 0.389565 -0.0660304 0.028706
e_17_18 17 18 7 0.0125 0.339697 -0.180702 0.167831 0.908542 0.128933 0.392218 -0.0639797 0.031299
e_18_19 18 19 8 0.0125 0.358685 -0.186861 0.184471 0.895933 0.0753568 0.436498 -0.0330752 0.020827
e_19_20 19 20 9 0.0125 0.374692 -0.191289 0.197595 0.90133 0.115727 0.414021 -0.0529008 0.021562
e_20_1 20 1 10 0.0125 0.390129 -0.19652 0.210764 0.900342 0.113305 0.417045 -0.0511744 0.020347
e_1_21 1 21 1 0.0125 0.403189 -0.193518 0.223377 0.89946 -0.286749 0.325239 0.0544623 0.02
e_21_22 21 22 2 0.0125 0.414034 -0.182221 0.235813 0.898062 -0.302153 0.314576 0.0568269 0.02
e_22_23 22 23 3 0.0125 0.424668 -0.170709 0.248239 0.899147 -0.29897 0.314725 0.0556819 0.02
e_23_24 23 24 4 0.0125 0.436958 -0.15979 0.259423 0.861051 -0.262116 0.428498 0.0792187 0.02
e_24_4 24 4 5 0.0125 0.451006 -0.149777 0.269536 0.867621 -0.242289 0.428223 0.0717953 0.02
e_1_25 1 25 1 0.0125 0.392255 -0.194322 0.210157 0.0216306 0.659454 -0.643523 -0.387984 0.02
e_25_26 25 26 2 0.0125 0.382561 -0.185021 0.195404 -0.331861 0.617965 0.711897 0.0344976 0.02
e_26_27 26 27 3 0.0125 0.373283 -0.176089 0.180122 -0.257798 0.930772 0.0953551 -0.24106 0.02
e_27_28 27 28 4 0.0125 0.364747 -0.166244 0.165061 -0.111298 -0.231547 0.907742 0.331666 0.02
e_28_3 28 3 5 0.0125 0.358625 -0.15604 0.149063 -0.179133 0.189049 0.941585 0.213518 0.02
5 26 25
3 0.182024 -0.0744204 0.0114834 0.0125
27 0.13875 -0.0787803 0.032205 0.0125
26 0.120236 -0.0780692 0.046055 0.0125
4 0.143664 -0.16743 0.0814177 0.0125
25 0.113538 -0.104651 0.0767554 0.0125
1 0.10111 -0.0787414 0.06743 0.0125
24 0.0983148 -0.0595201 0.0626445 0.0125
23 0.0940282 -0.0400369 0.0610963 0.0125
22 0.085358 -0.0219686 0.0610883 0.0125
21 0.0761368 -0.00421857 0.0600165 0.0125
6 -0.14382 0.232921 0.108005 0.0125
11 -0.127774 0.223037 0.099468 0.0125
10 -0.106379 0.212796 0.0938393 0.0125
9 -0.0587425 0.205481 0.0766746 0.0125
2 -0.0093111 0.194469 0.0587995 0.0125
19 0.0621243 0.0325547 0.0564893 0.0125
8 -0.0340085 0.201034 0.0687096 0.0125
12 0.0058855 0.184628 0.0503019 0.0125
13 0.0219983 0.176787 0.04142 0.0125
14 0.0368971 0.169227 0.0304254 0.0125
15 0.0524038 0.160849 0.0209717 0.0125
5 0.0688148 0.153386 0.0123135 0.0125
16 0.0450016 0.104568 0.0629213 0.0125
17 0.0521089 0.0708572 0.0611825 0.0125
18 0.0576766 0.0521145 0.0563673 0.0125
20 0.0675429 0.0139002 0.0613058 0.0125
e_2_8 2 8 1 0.0125 -0.0216594 0.197751 0.0637544 0.820443 -0.0864371 -0.558344 -0.0874941 0.027409
e_8_9 8 9 2 0.0125 -0.0463752 0.203258 0.072692 0.804913 -0.0636467 -0.587271 -0.0563606 0.026363
e_9_10 9 10 3 0.0125 -0.0825605 0.209138 0.0852569 0.815377 -0.0496686 -0.574265 -0.0539854 0.05116
e_10_11 10 11 4 0.0125 -0.117076 0.217917 0.0966537 0.774485 -0.175187 -0.594863 -0.124985 0.024378
e_11_6 11 6 5 0.0125 -0.135797 0.227978 0.103737 0.822191 -0.182436 -0.510288 -0.174142 0.02069
e_2_12 2 12 1 0.0125 -0.00171249 0.189549 0.0545506 -0.466509 -0.748499 -0.390117 -0.264438 0.02
e_12_13 12 13 2 0.0125 0.0139424 0.180707 0.0458603 -0.369076 -0.805914 -0.269363 -0.37647 0.02
e_13_14 13 14 3 0.0125 0.0294474 0.173007 0.0359228 -0.412583 -0.734038 -0.485845 -0.234345 0.02
e_14_15 14 15 4 0.0125 0.0446499 0.165038 0.0256982 -0.418011 -0.770513 -0.377695 -0.298199 0.02
e_15_5 15 5 5 0.0125 0.0606085 0.157117 0.0166423 -0.33921 -0.817145 -0.220737 -0.41047 0.02
e_2_16 2 16 1 0.0125 0.0178447 0.149519 0.06086 0.674323 0.681625 0.125627 0.254741 0.105113
e_16_17 16 17 2 0.0125 0.0485552 0.0877128 0.0620519 0.536509 0.645946 -0.328566 0.432385 0.034497
e_17_18 17 18 3 0.0125 0.054893 0.0614863 0.0587748 0.33084 0.59387 -0.516596 0.520569 0.020136
e_18_19 18 19 4 0.0125 0.0598998 0.0423346 0.0564285 0.585344 0.655582 -0.25918 0.400513 0.020059
e_19_20 19 20 5 0.0125 0.0648334 0.0232275 0.0588971 0.751038 0.616011 -0.0142905 0.237209 0.020014
e_20_21 20 21 6 0.0125 0.0718393 0.00484117 0.0606608 0.544584 0.713856 -0.149981 0.413937 0.020095
e_21_22 21 22 7 0.0125 0.0807473 -0.0130936 0.0605519 0.666075 0.686209 0.0486026 0.288271 0.020031
e_22_23 22 23 8 0.0125 0.0896932 -0.0310024 0.0610917 0.612343 0.70489 -0.0541426 0.353884 0.020041
e_23_24 23 24 9 0.0125 0.0961706 -0.0497785 0.0618702 0.64038 0.650082 -0.196749 0.358605 0.020009
e_24_1 24 1 10 0.0125 0.099712 -0.0691311 0.0650374 0.738282 0.603225 -0.128476 0.273046 0.020005
e_1_25 1 25 1 0.0125 0.107324 -0.0916966 0.0720933 0.800767 0.560752 0.176685 0.114505 0.030212
e_25_4 25 4 2 0.0125 0.128601 -0.13604 0.0790871 0.668098 0.682738 0.0215482 0.295043 0.069788
e_1_26 1 26 1 0.0125 0.110673 -0.0784053 0.0567425 -0.194229 -0.76544 -0.535363 -0.299605 0.028691
e_26_27 26 27 2 0.0125 0.129493 -0.0784247 0.0391297 -0.194158 -0.820001 -0.356305 -0.403667 0.023133
e_27_3 27 3 3 0.0125 0.160388 -0.0766003 0.0218439 -0.039013 -0.832901 -0.146038 -0.532378 0.048176
6 19 18
3 0.0838155 0.0126625 0.0165733 0.0125
20 0.110195 0.0164471 0.0444215 0.0125
4 0.148808 0.118019 0.0910403 0.0125
11 -0.118148 0.137089 0.0772714 0.0125
6 -0.0435186 0.262842 0.0114871 0.0125
10 -0.0554305 0.246866 0.0222551 0.0125
9 -0.067357 0.23422 0.0385046 0.0125
2 -0.105135 0.155461 0.0924463 0.0125
19 0.154672 0.0888431 0.0930421 0.0125
8 -0.0838465 0.214072 0.0545845 0.0125
12 -0.138791 0.107266 0.0551675 0.0125
5 -0.150325 0.0838627 0.039615 0.0125
13 -0.054502 0.135799 0.0799042 0.0125
14 0.0329306 0.101336 0.0846866 0.0125
15 0.0788249 0.0811689 0.0924361 0.0125
16 0.110818 0.0627013 0.0882482 0.0125
17 0.124979 0.0468107 0.0875219 0.0125
18 0.138241 0.0316512 0.086952 0.0125
1 0.154719 0.018956 0.0867062 0.0125
e_2_8 2 8 1 0.0125 -0.094491 0.184767 0.0735149 0.413846 -0.531623 0.690564 0.263117 0.072952
e_8_9 8 9 2 0.0125 -0.0756024 0.224146 0.0465443 0.449861 -0.41203 0.770036 0.186816 0.030601
e_9_10 9 10 3 0.0125 -0.0613937 0.240543 0.03038 0.371835 -0.398113 0.826417 0.142408 0.023795
e_10_6 10 6 4 0.0125 -0.0494743 0.254854 0.0168706 0.469172 -0.424836 0.746454 0.205422 0.022652
e_2_11 2 11 1 0.0125 -0.111641 0.146275 0.0848591 0.0260933 0.549535 0.690992 -0.468893 0.02715
e_11_12 11 12 2 0.0125 -0.128469 0.122177 0.0662197 0.120965 0.657945 0.572108 -0.474518 0.042474
e_12_5 12 5 3 0.0125 -0.144558 0.0955641 0.0473917 0.197465 0.664103 0.561236 -0.452758 0.030376
e_2_13 2 13 1 0.0125 -0.0798184 0.14563 0.086175 0.615304 0.169405 0.764064 -0.0943845 0.055746
e_13_14 13 14 2 0.0125 -0.0107856 0.118567 0.0822959 0.722665 0.202104 0.658591 -0.0562735 0.094101
e_14_15 14 15 3 0.0125 0.0558772 0.091253 0.0885617 0.75773 0.224235 0.611007 -0.0472581 0.050725
e_15_16 15 16 4 0.0125 0.0948213 0.0719355 0.0903421 0.655899 0.254616 0.701066 -0.116077 0.037178
e_16_17 16 17 5 0.0125 0.117899 0.0547555 0.0878856 0.673693 0.403005 0.595518 -0.170537 0.021297
e_17_18 17 18 6 0.0125 0.131611 0.0392307 0.0872366 0.675699 0.407283 0.590146 -0.171114 0.020149
e_18_1 18 1 7 0.0125 0.14648 0.0253033 0.0868288 0.690987 0.323357 0.633524 -0.128935 0.020803
e_1_19 1 19 1 0.0125 0.154696 0.0538993 0.0898737 0.612488 -0.559729 0.376244 0.412314 0.070173
e_19_4 19 4 2 0.0125 0.15174 0.103431 0.092041 0.523454 -0.6413 0.349681 0.438695 0.029827
e_1_20 1 20 1 0.0125 0.132457 0.0177013 0.0655636 -0.165645 -0.854355 0.337798 0.358512 0.061455
e_20_3 20 3 2 0.0125 0.0970054 0.0145548 0.0304974 -0.218514 -0.821283 0.432126 0.301684 0.038545
7 22 21
3 -0.0558029 -0.0183202 0.0880472 0.0125
23 -0.0617037 -0.032314 0.0746281 0.0125
22 -0.0752133 -0.0457993 0.0536011 0.0125
21 -0.0864585 -0.054296 0.0323413 0.0125
4 -0.0888038 0.0287102 0.0528629 0.0125
20 -0.0879902 0.00999859 0.0458489 0.0125
11 0.0482465 0.183342 0.150113 0.0125
10 0.0286017 0.183007 0.153849 0.0125
6 -0.0369344 0.0372674 0.155425 0.0125
9 0.0087165 0.185144 0.153981 0.0125
2 -0.011253 0.18449 0.154871 0.0125
19 -0.0905538 -0.00567093 0.0336885 0.0125
8 -0.0132628 0.155312 0.15909 0.0125
12 0.0668791 0.18973 0.146642 0.0125
5 0.0852802 0.19636 0.142468 0.0125
13 -0.030246 0.112195 0.106127 0.0125
14 -0.0386881 0.0631186 0.0761913 0.0125
15 -0.0542332 0.0328512 0.0556691 0.0125
16 -0.0850542 -0.019279 0.0279533 0.0125
1 -0.102301 -0.0594388 0.0126017 0.0125
18 -0.0928499 -0.0227192 0.0234854 0.0125
17 -0.0957913 -0.0407172 0.0152756 0.0125
e_2_8 2 8 1 0.0125 -0.0122584 0.169902 0.15698 0.635644 0.524885 -0.3913 0.409067 0.029549
e_8_6 8 6 2 0.0125 -0.0250986 0.0962899 0.157257 0.573249 0.499327 -0.515641 0.395187 0.120451
e_2_9 2 9 1 0.0125 -0.00126822 0.184816 0.154426 0.69116 -0.0178954 0.72246 0.00547993 0.02
e_9_10 9 10 2 0.0125 0.0186591 0.184076 0.153915 0.682575 0.249008 0.664297 0.175485 0.02
e_10_11 10 11 3 0.0125 0.0384241 0.183174 0.151981 0.637662 -0.00908324 0.770256 0.00333036 0.02
e_11_12 11 12 4 0.0125 0.0575623 0.186536 0.148378 0.526159 -0.619637 0.450361 -0.369298 0.02
e_12_5 12 5 5 0.0125 0.0760792 0.193045 0.144556 0.485132 -0.668753 0.396381 -0.400373 0.02
e_2_13 2 13 1 0.0125 -0.0207502 0.148342 0.130499 0.329551 0.427052 -0.768597 0.34392 0.089238
e_13_14 13 14 2 0.0125 -0.0344676 0.0876572 0.0911593 0.329711 0.464888 -0.73586 0.365622 0.058102
e_14_15 14 15 3 0.0125 -0.0464613 0.0479848 0.06593 0.384339 0.357345 -0.794067 0.306669 0.039736
e_15_16 15 16 4 0.0125 -0.0696437 0.00678659 0.0418111 0.444529 0.352515 -0.76407 0.307122 0.066601
e_16_1 16 1 5 0.0125 -0.093677 -0.0393584 0.0202772 0.465507 0.412638 -0.703867 0.342936 0.046324
e_1_17 1 17 1 0.0125 -0.0990455 -0.050078 0.0139384 0.669996 -0.651807 -0.0912059 -0.343416 0.02
e_17_18 17 18 2 0.0125 -0.0943206 -0.0317182 0.0193805 0.798411 -0.536541 -0.0828851 -0.26037 0.02
e_18_19 18 19 3 0.0125 -0.0917023 -0.0141951 0.0285871 0.838206 -0.490533 -0.0655889 -0.229097 0.02
e_19_20 19 20 4 0.0125 -0.0892713 0.00216342 0.039769 0.87458 -0.441896 -0.0266451 -0.197809 0.02
e_20_4 20 4 5 0.0125 -0.0883972 0.0193545 0.0493566 0.781862 -0.533945 -0.198866 -0.253073 0.02
e_1_21 1 21 1 0.0125 -0.0943796 -0.0568674 0.0224715 0.939215 -0.107508 0.326035 -0.00432598 0.025828
e_21_22 21 22 2 0.0125 -0.0808362 -0.0500476 0.0429718 0.956428 -0.184476 0.221865 -0.0446123 0.025507
e_22_23 22 23 3 0.0125 -0.0684592 -0.0390567 0.0641144 0.926482 -0.282528 0.223553 -0.108783 0.028399
e_23_3 23 3 4 0.0125 -0.0587537 -0.0253171 0.0813379 0.894048 -0.402615 0.0826049 -0.178201 0.020266
8 24 23
3 -0.0933586 0.0088955 0.0733515 0.0125
25 -0.0782079 -0.000584312 0.0643256 0.0125
24 -0.0621586 -0.00920295 0.0553803 0.0125
23 -0.0407941 -0.0222088 0.048088 0.0125
4 -0.0720684 0.0400654 0.0516011 0.0125
22 -0.0594824 0.0202248 0.0552581 0.0125
21 -0.0357249 -0.0101875 0.0492388 0.0125
1 -0.0110774 -0.0377891 0.0458092 0.0125
12 -0.27299 -0.0194178 0.205662 0.0125
11 -0.275566 -0.00572962 0.191304 0.0125
10 -0.275884 0.00356979 0.172748 0.0125
9 -0.276191 0.0120405 0.154429 0.0125
2 -0.287588 0.0496161 0.0985291 0.0125
19 -0.0647717 -0.0248513 0.0503951 0.0125
8 -0.284999 0.0322489 0.116232 0.0125
6 -0.267025 -0.0352756 0.216321 0.0125
13 -0.297098 0.0766842 0.0959065 0.0125
14 -0.304669 0.0990221 0.0955438 0.0125
15 -0.312104 0.118905 0.0948192 0.0125
5 -0.32264 0.142 0.101929 0.0125
16 -0.233536 0.0328994 0.101168 0.0125
17 -0.160755 0.0189567 0.0806061 0.0125
18 -0.103387 -0.0105315 0.055576 0.0125
20 -0.0448067 -0.0327112 0.0483314 0.0125
e_2_8 2 8 1 0.0125 -0.286293 0.0409325 0.107381 0.831255 0.363188 -0.114485 0.404972 0.024934
e_8_9 8 9 2 0.0125 -0.280594 0.0221445 0.135331 0.931811 0.25604 0.0372298 0.254529 0.044103
e_9_10 9 10 3 0.0125 -0.276037 0.00780454 0.163589 0.948407 0.210499 -0.0437151 0.233029 0.020185
e_10_11 10 11 4 0.0125 -0.275724 -0.00107974 0.182026 0.940675 0.224519 -0.051324 0.249174 0.020758
e_11_12 11 12 5 0.0125 -0.274278 -0.0125737 0.198483 0.836179 0.363048 -0.0965233 0.399606 0.020004
e_12_6 12 6 6 0.0125 -0.270009 -0.027347 0.210992 0.711121 0.466875 -0.1256 0.510451 0.020017
e_2_13 2 13 1 0.0125 -0.292343 0.0631503 0.0972183 0.591001 -0.49309 -0.549888 -0.32435 0.02881
e_13_14 13 14 2 0.0125 -0.300884 0.0878531 0.0957251 0.619741 -0.488783 -0.518443 -0.328982 0.023589
e_14_15 14 15 3 0.0125 -0.308386 0.108964 0.0951815 0.617459 -0.482879 -0.532802 -0.318896 0.02124
e_15_5 15 5 4 0.0125 -0.317371 0.130452 0.0983749 0.743316 -0.422537 -0.431979 -0.286946 0.026362
e_2_16 2 16 1 0.0125 -0.260562 0.0412579 0.0998484 0.201721 0.690334 -0.0119799 0.694698 0.056639
e_16_17 16 17 2 0.0125 -0.197146 0.0259277 0.0908871 -0.573629 -0.391308 -0.693227 -0.193038 0.076904
e_17_18 17 18 3 0.0125 -0.132072 0.00421304 0.0680904 -0.484476 0.0538997 -0.823394 0.290517 0.069189
e_18_19 18 19 4 0.0125 -0.0840795 -0.0176911 0.0529849 -0.587001 0.0928177 -0.744171 0.304998 0.041511
e_19_20 19 20 5 0.0125 -0.0547891 -0.028781 0.0493626 -0.52574 0.217364 -0.707544 0.419204 0.021555
e_20_1 20 1 6 0.0125 -0.027942 -0.0352498 0.0470697 -0.415922 -0.640144 -0.356495 -0.538642 0.034202
e_1_21 1 21 1 0.0125 -0.023401 -0.0239878 0.0475239 0.713259 -0.36754 -0.564593 -0.193418 0.037163
e_21_22 21 22 2 0.0125 -0.0476037 0.00501836 0.0522491 0.728682 -0.378477 -0.528862 -0.214666 0.039059
e_22_4 22 4 3 0.0125 -0.0657758 0.0301454 0.0534301 0.601272 -0.437684 -0.620758 -0.248121 0.023778
e_1_23 1 23 1 0.0125 -0.0259362 -0.0299988 0.0469486 0.727615 -0.260413 -0.63111 -0.0668002 0.03363
e_23_24 23 24 2 0.0125 -0.0514763 -0.0157059 0.0517341 0.795289 -0.254866 -0.543233 -0.0863576 0.026053
e_24_25 24 25 3 0.0125 -0.0701828 -0.00489362 0.0598535 0.846403 -0.21469 -0.483216 -0.0633442 0.020295
e_25_3 25 3 4 0.0125 -0.0857833 0.00415559 0.0688386 0.84745 -0.232316 -0.469737 -0.0848847 0.020022
9 22 21
3 -0.0229071 -0.201196 0.0704035 0.0125
23 -0.0438484 -0.189011 0.0735278 0.0125
22 -0.083956 -0.172912 0.0708817 0.0125
4 -0.103332 -0.177525 0.168296 0.0125
21 -0.11172 -0.170323 0.0990218 0.0125
1 -0.11388 -0.160825 0.0708063 0.0125
11 -0.118123 0.135036 0.137374 0.0125
6 -0.0469035 0.0565376 0.0296664 0.0125
10 -0.0600072 0.0656595 0.0424172 0.0125
9 -0.0722138 0.0732834 0.0583277 0.0125
2 -0.118786 0.116625 0.14516 0.0125
19 -0.118704 -0.122417 0.0619325 0.0125
8 -0.0980707 0.103957 0.111491 0.0125
12 -0.121207 0.154158 0.132392 0.0125
13 -0.12394 0.17338 0.127589 0.0125
14 -0.12479 0.192539 0.121916 0.0125
5 -0.125882 0.212507 0.122142 0.0125
15 -0.134874 0.0524376 0.11935 0.0125
16 -0.131509 -0.0498224 0.0713034 0.0125
17 -0.122675 -0.0768983 0.0634989 0.0125
18 -0.11711 -0.101426 0.0643248 0.0125
20 -0.11775 -0.142278 0.0643202 0.0125
e_2_8 2 8 1 0.0125 -0.108428 0.110291 0.128325 0.294222 0.240621 0.920676 -0.0888311 0.041511
e_8_9 8 9 2 0.0125 -0.0851423 0.0886211 0.0849097 0.297004 0.461299 0.828443 -0.11258 0.066602
e_9_10 9 10 3 0.0125 -0.0661102 0.0694719 0.050372 0.343015 0.235226 0.903033 -0.107427 0.021454
e_10_6 10 6 4 0.0125 -0.0534554 0.0610987 0.0360413 0.4115 0.255733 0.864077 -0.136527 0.020433
e_2_11 2 11 1 0.0125 -0.118454 0.125831 0.141268 0.534605 -0.813404 -0.181733 -0.139801 0.02
e_11_12 11 12 2 0.0125 -0.119665 0.144597 0.134883 0.587129 -0.711596 -0.343769 -0.175309 0.02
e_12_13 12 13 3 0.0125 -0.122573 0.163769 0.129991 0.590812 -0.715695 -0.328433 -0.175651 0.02
e_13_14 13 14 4 0.0125 -0.124365 0.182959 0.124753 0.575886 -0.760494 -0.251958 -0.162855 0.02
e_14_5 14 5 5 0.0125 -0.125336 0.202523 0.122029 0.679471 -0.659478 -0.243764 -0.209732 0.02
e_2_15 2 15 1 0.0125 -0.126831 0.0845315 0.132255 0.506089 0.807123 0.173907 -0.249366 0.071029
e_15_16 15 16 2 0.0125 -0.133191 0.0013073 0.0953268 0.485461 0.752093 0.383259 -0.22759 0.113035
e_16_17 16 17 3 0.0125 -0.127092 -0.0633606 0.0674011 0.558705 0.600322 0.521308 -0.236011 0.029531
e_17_18 17 18 4 0.0125 -0.119892 -0.0891623 0.0639118 0.662909 0.566194 0.403748 -0.277423 0.025165
e_18_19 18 19 5 0.0125 -0.117907 -0.111922 0.0631286 0.606809 0.701001 0.255044 -0.274467 0.021187
e_19_20 19 20 6 0.0125 -0.118227 -0.132348 0.0631263 0.687712 0.59684 0.29011 -0.294398 0.020026
e_20_1 20 1 7 0.0125 -0.115815 -0.151552 0.0675632 0.753188 0.481976 0.3252 -0.307655 0.020027
e_1_21 1 21 1 0.0125 -0.1128 -0.165574 0.084914 0.921238 0.13757 0.0918474 -0.352079 0.029849
e_21_4 21 4 2 0.0125 -0.107526 -0.173924 0.133659 0.934013 0.0273009 0.0741885 -0.348383 0.070151
e_1_22 1 22 1 0.0125 -0.0989177 -0.166869 0.0708444 0.671781 0.0444212 0.704891 -0.223306 0.032272
e_22_23 22 23 2 0.0125 -0.0639019 -0.180961 0.0722043 0.690791 0.0403854 0.683963 -0.231022 0.043299
e_23_3 23 3 3 0.0125 -0.0333778 -0.195103 0.0719658 0.625011 0.148005 0.736235 -0.213107 0.024429
10 25 24
3 -0.0249841 -0.0231156 0.104051 0.0125
26 -0.0445104 -0.0189374 0.108906 0.0125
25 -0.0624348 -0.0123176 0.119674 0.0125
24 -0.0932866 -0.00524313 0.133794 0.0125
4 -0.0732266 -0.0298645 0.225814 0.0125
23 -0.0840054 -0.0252421 0.204433 0.0125
22 -0.090427 -0.0144256 0.185891 0.0125
21 -0.0992819 -0.00515859 0.167314 0.0125
1 -0.11254 0.00444029 0.141414 0.0125
12 0.0974844 0.10655 0.0533435 0.0125
11 0.109087 0.0989985 0.0709966 0.0125
10 0.121996 0.0907872 0.0898255 0.0125
9 0.135407 0.0839671 0.10865 0.0125
2 0.168835 0.0619238 0.150195 0.0125
19 -0.0607845 -0.00700883 0.124734 0.0125
8 0.158085 0.0705599 0.134816 0.0125
6 0.0863542 0.114287 0.0367589 0.0125
13 0.208697 0.0190505 0.201037 0.0125
5 0.222459 0.00775626 0.214735 0.0125
14 0.137602 0.0420811 0.144981 0.0125
15 0.110932 0.0347898 0.140914 0.0125
16 0.0292693 0.0134161 0.127032 0.0125
17 -0.0200143 -0.00175804 0.121785 0.0125
18 -0.0409024 -0.00455536 0.120651 0.0125
20 -0.0912672 -0.00107569 0.136692 0.0125
e_2_8 2 8 1 0.0125 0.16346 0.0662418 0.142505 0.199152 -0.930529 0.0799737 0.296746 0.020656
e_8_9 8 9 2 0.0125 0.146746 0.0772635 0.121733 0.374337 -0.278185 -0.880314 -0.0867894 0.037131
e_9_10 9 10 3 0.0125 0.128701 0.0873771 0.0992376 -0.00573253 0.848458 -0.413153 -0.330743 0.024098
e_10_11 10 11 4 0.0125 0.115541 0.0948933 0.0804113 -0.0808798 0.893816 -0.298554 -0.324681 0.024261
e_11_12 11 12 5 0.0125 0.103285 0.102774 0.0621706 -0.294192 0.80789 0.490687 -0.14139 0.022434
e_12_6 12 6 6 0.0125 0.0919189 0.110418 0.0450512 -0.107961 -0.559603 0.757612 0.31814 0.02142
e_2_13 2 13 1 0.0125 0.188767 0.0404871 0.175616 0.907672 0.322733 0.260748 0.0631352 0.077537
e_13_5 13 5 2 0.0125 0.215578 0.0134032 0.207886 0.89375 0.308897 0.315724 0.0781755 0.022463
e_2_14 2 14 1 0.0125 0.153219 0.0520026 0.147588 0.621998 0.586075 -0.475692 -0.208211 0.037369
e_14_15 14 15 2 0.0125 0.124267 0.0384362 0.142947 0.623562 0.40929 -0.636587 -0.19598 0.027947
e_15_16 15 16 3 0.0125 0.0701001 0.0241024 0.133973 0.616069 0.409706 -0.642865 -0.198302 0.085547
e_16_17 16 17 4 0.0125 0.00462775 0.00582931 0.124409 0.642842 0.410504 -0.618141 -0.190112 0.051833
e_17_18 17 18 5 0.0125 -0.0304585 -0.00315702 0.121219 0.669098 0.260537 -0.677493 -0.159473 0.021105
e_18_19 18 19 6 0.0125 -0.0508437 -0.00578236 0.122692 0.767022 0.163729 -0.61102 -0.107355 0.020445
e_19_20 19 20 7 0.0125 -0.0760262 -0.00404241 0.130713 0.824244 -0.0966003 -0.557673 -0.0170706 0.033277
e_20_1 20 1 8 0.0125 -0.101904 0.00168215 0.139053 0.777523 -0.140176 -0.612623 -0.0223805 0.022477
e_1_21 1 21 1 0.0125 -0.10591 -0.000359181 0.154364 0.955912 0.18442 0.208139 0.0943352 0.030638
e_21_22 21 22 2 0.0125 -0.0948542 -0.00979227 0.176603 0.951696 0.230752 0.187616 0.0763438 0.022569
e_22_23 22 23 3 0.0125 -0.0872162 -0.0198334 0.195162 0.954265 0.260869 0.134815 0.0561286 0.022407
e_23_4 23 4 4 0.0125 -0.078616 -0.0275529 0.215124 0.962045 0.123862 0.215122 0.113358 0.024386
e_1_24 1 24 1 0.0125 -0.102913 -0.000401003 0.137604 0.571405 0.46739 0.6695 0.0825387 0.022858
e_24_25 24 25 2 0.0125 -0.0778607 -0.00878035 0.126734 0.529894 0.369647 0.753029 0.124586 0.034659
e_25_26 25 26 3 0.0125 -0.053473 -0.0156276 0.11429 0.495294 0.447773 0.738221 0.0959848 0.021932
e_26_3 26 3 4 0.0125 -0.0347474 -0.0210264 0.106479 0.603083 0.328143 0.714468 0.134715 0.02055
11 22 21
3 -0.100224 0.113611 0.0575797 0.0125
23 -0.0810615 0.108193 0.0557217 0.0125
22 -0.0623916 0.103766 0.0500779 0.0125
21 -0.0444405 0.0952415 0.0478181 0.0125
20 -0.0264239 0.0871216 0.044742 0.0125
4 0.0486831 0.0148547 0.0936378 0.0125
11 0.0543395 -0.177008 0.0493135 0.0125
10 0.0732839 -0.181599 0.0541297 0.0125
6 0.251937 -0.165504 0.0124419 0.0125
9 0.215768 -0.179024 0.0329926 0.0125
2 0.116396 -0.191521 0.0655198 0.0125
19 0.0360674 0.0302323 0.0862901 0.0125
8 0.181543 -0.18997 0.0462934 0.0125
5 0.0230939 -0.163779 0.0447309 0.0125
12 0.0880515 -0.116906 0.0685266 0.0125
13 0.0730873 -0.0749301 0.0682409 0.0125
14 0.0285809 -0.00327934 0.0627538 0.0125
15 0.00785854 0.0291562 0.0616313 0.0125
16 -0.00592353 0.0568077 0.053726 0.0125
1 -0.0118168 0.0735486 0.0431956 0.0125
18 0.0234076 0.046025 0.078744 0.0125
17 0.00988741 0.0575396 0.0662521 0.0125
e_2_8 2 8 1 0.0125 0.14897 -0.190745 0.0559065 0.593435 -0.12542 0.79105 -0.0796555 0.067943
e_8_9 8 9 2 0.0125 0.198655 -0.184498 0.0396432 0.571007 -0.223278 0.78976 0.0194241 0.038315
e_9_6 9 6 3 0.0125 0.233853 -0.172264 0.0227168 0.513153 -0.233582 0.82483 0.0420558 0.043742
e_2_10 2 10 1 0.0125 0.0948395 -0.18656 0.0598248 -0.545443 -0.1929 0.766459 0.278965 0.045683
e_10_11 10 11 2 0.0125 0.0638117 -0.179303 0.0517216 -0.523646 -0.246341 0.747824 0.325378 0.020079
e_11_5 11 5 3 0.0125 0.0387162 -0.170394 0.0470222 0.0638976 -0.718583 0.224839 0.654983 0.034239
e_2_12 2 12 1 0.0125 0.102223 -0.154214 0.0670233 0.547833 -0.653135 0.233653 0.467654 0.079874
e_12_13 12 13 2 0.0125 0.0805688 -0.0959183 0.0683843 0.521947 -0.654876 0.272653 0.473677 0.044565
e_13_14 13 14 3 0.0125 0.0508341 -0.0391046 0.0654978 0.429731 -0.689044 0.24016 0.531857 0.084526
e_14_15 14 15 4 0.0125 0.0182192 0.0129384 0.062192 0.456848 -0.687966 0.203178 0.526034 0.038506
e_15_16 15 16 5 0.0125 0.0009679 0.0429812 0.0576783 0.313456 -0.664209 0.427508 0.527076 0.031891
e_16_1 16 1 6 0.0125 -0.00886968 0.0651782 0.0484613 0.183706 -0.572215 0.653995 0.45947 0.020637
e_1_17 1 17 1 0.0125 -0.000964105 0.0655445 0.0547237 0.842264 0.104338 0.405221 -0.339854 0.035481
e_17_18 17 18 2 0.0125 0.0166471 0.0517827 0.0724974 0.811421 0.131052 0.441773 -0.359525 0.021713
e_18_19 18 19 3 0.0125 0.0297379 0.0381281 0.0825173 0.711095 0.206729 0.531595 -0.411112 0.021601
e_19_4 19 4 4 0.0125 0.0423752 0.022543 0.0899641 0.711883 0.203109 0.534309 -0.408024 0.021204
e_1_20 1 20 1 0.0125 -0.0191198 0.0803356 0.0439691 0.524477 -0.678449 -0.0321362 0.513417 0.02
e_20_21 20 21 2 0.0125 -0.0354322 0.0911817 0.0462805 0.693143 -0.486367 -0.431922 0.310554 0.02
e_21_22 21 22 3 0.0125 -0.0534161 0.0995036 0.048948 0.636762 -0.557233 -0.364698 0.388613 0.02
e_22_23 22 23 4 0.0125 -0.071726 0.105979 0.0528997 0.790935 -0.0458322 -0.597325 -0.124598 0.02
e_23_3 23 3 5 0.0125 -0.0906425 0.110902 0.0566502 0.728709 -0.289559 -0.608029 0.124256 0.02
