11
1 26 25
3 0.199101 0.253445 0.012704 0.0125
27 0.22476 0.230381 0.0134234 0.0125
26 0.240785 0.217062 0.0126423 0.0125
25 0.259552 0.207265 0.0137904 0.0125
4 0.376471 0.22768 0.0268826 0.0125
24 0.357471 0.222241 0.0238162 0.0125
23 0.338545 0.216491 0.0208586 0.0125
22 0.319226 0.212075 0.0181647 0.0125
21 0.299915 0.207085 0.0166706 0.0125
1 0.281517 0.199307 0.0156736 0.0125
11 -0.0069611 0.118092 0.0557148 0.0125
6 -0.0759296 0.236172 0.0780016 0.0125
10 -0.0596167 0.222578 0.065348 0.0125
9 -0.0466132 0.208232 0.0596666 0.0125
2 -0.00387765 0.120474 0.0207824 0.0125
19 0.246931 0.178019 0.017633 0.0125
8 -0.0235271 0.159911 0.0396682 0.0125
12 -0.0095717 0.115919 0.0787419 0.0125
13 -0.0118318 0.113785 0.0985188 0.0125
5 -0.0172599 0.111561 0.11926 0.0125
14 0.037753 0.127166 0.0120511 0.0125
15 0.0989325 0.144083 0.0144649 0.0125
16 0.174311 0.163718 0.0175545 0.0125
17 0.202754 0.166255 0.0197707 0.0125
18 0.22194 0.171332 0.0159009 0.0125
20 0.264642 0.188322 0.0168023 0.0125
e_2_8 2 8 1 0.0125 -0.0137024 0.140193 0.0302253 0.793862 -0.544488 -0.0809429 0.258389 0.047938
e_8_9 8 9 2 0.0125 -0.03507 0.184071 0.0496679 0.780868 -0.565364 -0.0737647 0.255279 0.057165
e_9_10 9 10 3 0.0125 -0.0531153 0.215406 0.0625077 0.729906 -0.570187 -0.184717 0.328639 0.020178
e_10_6 10 6 4 0.0125 -0.0677731 0.229375 0.071675 0.799065 -0.440234 -0.224139 0.342712 0.024719
e_2_11 2 11 1 0.0125 -0.00541984 0.119283 0.0382488 0.985712 0.0265126 -0.0487835 0.159025 0.035149
e_11_12 11 12 2 0.0125 -0.00826693 0.117005 0.0672283 0.983203 0.0367066 -0.0632677 0.16722 0.023276
e_12_13 12 13 3 0.0125 -0.0107024 0.114852 0.0886301 0.982859 0.0432058 -0.0647917 0.167106 0.02002
e_13_5 13 5 4 0.0125 -0.0145465 0.112673 0.108889 0.966009 0.022703 -0.135482 0.218987 0.021555
e_2_14 2 14 1 0.0125 0.0169376 0.12382 0.0164166 0.56092 -0.460773 0.62376 -0.289794 0.043059
e_14_15 14 15 2 0.0125 0.0683432 0.135624 0.0132577 0.677772 -0.400476 0.566233 -0.244181 0.063521
e_15_16 15 16 3 0.0125 0.136622 0.1539 0.0160099 0.677062 -0.394505 0.56969 -0.247803 0.077955
e_16_17 16 17 4 0.0125 0.188532 0.164986 0.0186631 0.67693 -0.317101 0.600626 -0.283655 0.028641
e_17_18 17 18 5 0.0125 0.212346 0.168793 0.0178358 0.578676 -0.488915 0.597205 -0.26352 0.02022
e_18_19 18 19 6 0.0125 0.234436 0.174675 0.0167666 0.688635 -0.386276 0.563384 -0.243252 0.025929
e_19_20 19 20 7 0.0125 0.255787 0.183171 0.0172175 0.668223 -0.513999 0.506019 -0.182284 0.020507
e_20_1 20 1 8 0.0125 0.27308 0.193815 0.0162381 0.665843 -0.534261 0.492487 -0.169337 0.020167
e_1_21 1 21 1 0.0125 0.290716 0.203197 0.0161722 0.693625 -0.440373 0.530227 -0.209323 0.02
e_21_22 21 22 2 0.0125 0.309571 0.20958 0.0174181 0.691053 -0.380091 0.564076 -0.244529 0.02
e_22_23 22 23 3 0.0125 0.328885 0.214283 0.0195112 0.712554 -0.346513 0.559101 -0.244136 0.02
e_23_24 23 24 4 0.0125 0.348008 0.219366 0.0223372 0.723303 -0.366921 0.539832 -0.225353 0.02
e_24_4 24 4 5 0.0125 0.366971 0.224961 0.0253494 0.72416 -0.359065 0.54259 -0.228606 0.02
e_1_25 1 25 1 0.0125 0.270534 0.203286 0.014732 0.515826 -0.638984 -0.363137 0.440175 0.023438
e_25_26 25 26 2 0.0125 0.250168 0.212164 0.0132169 0.550426 -0.654726 -0.313722 0.412242 0.021202
e_26_27 26 27 3 0.0125 0.232773 0.223721 0.0130323 0.620865 -0.652665 -0.235166 0.365037 0.020852
e_27_3 27 3 4 0.0125 0.211931 0.241913 0.0130632 0.603353 -0.680899 -0.216326 0.354323 0.034508
2 24 23
3 -0.0517677 -0.00996562 0.108746 0.0125
25 -0.0543946 -0.00619747 0.0703008 0.0125
24 -0.0578305 0.00470414 0.0340656 0.0125
4 -0.0410517 0.0559293 0.0984209 0.0125
23 -0.0472603 0.0504156 0.0774831 0.0125
22 -0.0524859 0.0242242 0.0303524 0.0125
1 -0.0592494 0.011701 0.0119005 0.0125
21 -0.0670122 0.0237333 0.0262788 0.0125
11 -0.119764 0.275766 0.163743 0.0125
6 -0.131826 0.203717 0.0124991 0.0125
10 -0.123931 0.212241 0.0297192 0.0125
9 -0.118785 0.219123 0.0495933 0.0125
2 -0.119073 0.266209 0.146188 0.0125
19 -0.0767566 0.0554783 0.0504007 0.0125
8 -0.117571 0.233386 0.0833132 0.0125
12 -0.120737 0.279889 0.183289 0.0125
13 -0.12114 0.287574 0.201749 0.0125
14 -0.128007 0.296537 0.218258 0.0125
5 -0.132278 0.307302 0.234563 0.0125
15 -0.107314 0.246247 0.133942 0.0125
16 -0.0889183 0.182725 0.0983881 0.0125
17 -0.083777 0.103573 0.068519 0.0125
18 -0.0820798 0.0771581 0.0586835 0.0125
20 -0.0734097 0.0375181 0.0406013 0.0125
e_2_8 2 8 1 0.0125 -0.118322 0.249797 0.114751 0.226285 0.934603 -0.26392 0.0752206 0.070943
e_8_9 8 9 2 0.0125 -0.118178 0.226254 0.066453 -0.146949 -0.775768 -0.59869 0.134757 0.036632
e_9_10 9 10 3 0.0125 -0.121358 0.215682 0.0396562 0.0242542 -0.48838 -0.848778 0.20118 0.021652
e_10_6 10 6 4 0.0125 -0.127879 0.207979 0.0211091 0.17731 -0.0913436 -0.951915 0.232541 0.020773
e_2_11 2 11 1 0.0125 -0.119419 0.270987 0.154965 0.968565 -0.246985 -0.0107993 0.027644 0.02
e_11_12 11 12 2 0.0125 -0.120251 0.277828 0.173516 0.993805 -0.104399 -0.0211553 0.0316947 0.02
e_12_13 12 13 3 0.0125 -0.120939 0.283732 0.192519 0.980197 -0.196134 -0.00490829 0.0268626 0.02
e_13_14 13 14 4 0.0125 -0.124574 0.292055 0.210004 0.953221 -0.246013 -0.163607 0.0638676 0.02
e_14_5 14 5 5 0.0125 -0.130143 0.301919 0.226411 0.951502 -0.287757 -0.0977591 0.0477763 0.02
e_2_15 2 15 1 0.0125 -0.113194 0.256228 0.140065 0.500167 0.60814 0.60318 -0.127173 0.026205
e_15_16 15 16 2 0.0125 -0.0981161 0.214486 0.116165 0.509324 0.789686 0.336395 -0.0618406 0.075084
e_16_17 16 17 3 0.0125 -0.0863481 0.143149 0.0834535 0.568902 0.821531 0.0359535 0.012026 0.084756
e_17_18 17 18 4 0.0125 -0.0829285 0.0903661 0.063601 0.570695 0.820325 0.0349579 0.0123066 0.028238
e_18_19 18 19 5 0.0125 -0.0794182 0.0663175 0.0545419 0.569659 0.781705 0.250701 -0.0396874 0.023811
e_19_20 19 20 6 0.0125 -0.0750827 0.0464985 0.0455015 0.512568 0.832786 0.206918 -0.0304424 0.020732
e_20_21 20 21 7 0.0125 -0.0702114 0.030625 0.0334399 0.368645 0.632725 0.665272 -0.145515 0.020882
e_21_1 21 1 8 0.0125 -0.0631308 0.0177167 0.0190899 0.335152 0.442083 0.811697 -0.182713 0.020292
e_1_22 1 22 1 0.0125 -0.0558676 0.0179626 0.0211265 0.94645 -0.285756 0.149798 -0.0117062 0.023304
e_22_23 22 23 2 0.0125 -0.0498727 0.0373206 0.053918 0.96688 -0.249354 0.0530526 0.012274 0.054172
e_23_4 23 4 3 0.0125 -0.0441555 0.0531722 0.0879516 0.98221 -0.125618 0.139395 -0.00724861 0.022524
e_1_24 1 24 1 0.0125 -0.0585399 0.0082019 0.0229828 0.987656 0.152702 0.0275458 0.0214262 0.023287
e_24_25 24 25 2 0.0125 -0.0561131 -0.000746022 0.0521834 0.988194 0.145945 0.0431393 0.0176606 0.037995
e_25_3 25 3 3 0.0125 -0.0530817 -0.00808113 0.0895231 0.998037 0.0494096 0.033016 0.0197655 0.038718
3 21 20
3 -0.267306 0.159597 0.0285796 0.0125
22 -0.259188 0.167844 0.0482629 0.0125
21 -0.253943 0.177224 0.0689844 0.0125
4 -0.152843 0.243972 0.131017 0.0125
20 -0.1702 0.23447 0.128 0.0125
11 0.0478185 0.195535 0.104127 0.0125
6 -0.0605377 0.117289 0.0942562 0.0125
10 -0.0430017 0.126774 0.103525 0.0125
9 -0.0212431 0.13731 0.114826 0.0125
2 0.0577497 0.195502 0.135633 0.0125
19 -0.18957 0.228804 0.12846 0.0125
8 0.00570072 0.152723 0.12725 0.0125
12 0.0430437 0.203024 0.0811017 0.0125
13 0.0387716 0.210421 0.0615507 0.0125
5 0.0348656 0.218696 0.0427028 0.0125
14 -0.151391 0.190545 0.129312 0.0125
15 -0.180056 0.188545 0.126385 0.0125
16 -0.201285 0.191656 0.126473 0.0125
17 -0.22035 0.195514 0.120967 0.0125
1 -0.239607 0.198921 0.11611 0.0125
18 -0.20904 0.215631 0.125672 0.0125
e_2_8 2 8 1 0.0125 0.0317246 0.174113 0.131441 0.658523 0.532763 -0.527165 -0.0678856 0.067893
e_8_9 8 9 2 0.0125 -0.00777117 0.145017 0.121038 0.557859 0.479418 -0.675245 -0.0547359 0.033434
e_9_10 9 10 3 0.0125 -0.0321219 0.132042 0.109175 0.534963 0.431079 -0.725183 -0.0457665 0.026687
e_10_6 10 6 4 0.0125 -0.0517696 0.122031 0.098891 0.535179 0.471932 -0.698627 -0.0527638 0.021986
e_2_11 2 11 1 0.0125 0.0527838 0.195518 0.119881 0.0131813 -0.984923 -0.0824168 0.151524 0.033033
e_11_12 11 12 2 0.0125 0.0454311 0.199279 0.0926144 0.123424 -0.949254 0.255764 0.135157 0.02468
e_12_13 12 13 3 0.0125 0.0409076 0.206723 0.0713262 0.15133 -0.956509 0.207997 0.137576 0.021336
e_13_5 13 5 4 0.0125 0.0368191 0.214559 0.0521266 0.177487 -0.952031 0.208409 0.136749 0.020951
e_2_14 2 14 1 0.0125 -0.0468208 0.193023 0.132472 0.696096 -0.00231881 -0.7177 0.0187523 0.209295
e_14_15 14 15 2 0.0125 -0.165724 0.189544 0.127849 0.670186 0.0364691 -0.74117 0.0137377 0.028883
e_15_16 15 16 3 0.0125 -0.190671 0.1901 0.126429 0.707488 -0.140392 -0.691554 0.038784 0.021457
e_16_17 16 17 4 0.0125 -0.210818 0.193585 0.12372 0.600669 -0.228759 -0.764098 0.0549492 0.020215
e_17_1 17 1 5 0.0125 -0.229978 0.197217 0.118538 0.613923 -0.200414 -0.761827 0.0505211 0.02015
e_1_18 1 18 1 0.0125 -0.224323 0.207277 0.120891 0.794928 -0.276612 0.539564 0.0211153 0.036125
e_18_19 18 19 2 0.0125 -0.199305 0.222218 0.127066 0.746914 -0.348685 0.565285 0.031485 0.023672
e_19_20 19 20 3 0.0125 -0.179885 0.231637 0.128229 0.698995 -0.195981 0.687731 0.00486248 0.020186
e_20_4 20 4 4 0.0125 -0.161521 0.239221 0.129509 0.758189 -0.295497 0.58078 0.0229 0.020017
e_1_21 1 21 1 0.0125 -0.246775 0.188073 0.0925465 0.200042 0.96684 0.0546515 -0.149053 0.053824
e_21_22 21 22 2 0.0125 -0.256566 0.172534 0.0586232 0.182656 0.95568 0.17471 -0.150961 0.023343
e_22_3 22 3 3 0.0125 -0.263248 0.163721 0.0384207 0.224336 0.939328 -0.220653 -0.136558 0.022833
4 21 20
3 -0.194146 0.127779 0.0834036 0.0125
22 -0.200271 0.0916314 0.0456 0.0125
4 -0.208786 0.000671245 0.0893102 0.0125
21 -0.210924 0.0141793 0.074717 0.0125
20 -0.213006 0.0276697 0.0600994 0.0125
11 0.0744317 -0.0987946 0.0120606 0.0125
6 0.124227 -0.160138 0.10447 0.0125
10 0.10442 -0.137241 0.0913047 0.0125
9 0.0911336 -0.126174 0.0771689 0.0125
2 0.0484519 -0.0694601 0.014859 0.0125
19 -0.215893 0.0388359 0.0437603 0.0125
8 0.0689545 -0.0923237 0.039686 0.0125
12 0.0845761 -0.116069 0.0147945 0.0125
13 0.091753 -0.135137 0.0148798 0.0125
5 0.0971484 -0.154182 0.0112605 0.0125
14 0.030437 -0.0612758 0.0113237 0.0125
15 -0.0396187 -0.0305492 0.0137211 0.0125
16 -0.111593 -0.00755844 0.0185637 0.0125
17 -0.196211 0.0480716 0.0124596 0.0125
1 -0.217884 0.0627973 0.0124448 0.0125
18 -0.215856 0.048434 0.0262134 0.0125
e_2_8 2 8 1 0.0125 0.0587032 -0.0808916 0.0272721 0.435795 -0.096979 0.419828 -0.790204 0.03949
e_8_9 8 9 2 0.0125 0.0800436 -0.109249 0.0584269 0.4028 -0.04988 0.397174 -0.823114 0.055161
e_9_10 9 10 3 0.0125 0.0977772 -0.131707 0.084237 0.542638 -0.0985403 0.416941 -0.722492 0.022335
e_10_6 10 6 4 0.0125 0.114324 -0.14869 0.0978871 0.173976 -0.264601 0.480206 -0.817998 0.033014
e_2_11 2 11 1 0.0125 0.0614418 -0.0841273 0.0134598 -0.0172621 -0.49894 0.535417 -0.681241 0.039285
e_11_12 11 12 2 0.0125 0.0795038 -0.107432 0.0134279 -0.142296 -0.434108 0.493918 -0.739829 0.020218
e_12_13 12 13 3 0.0125 0.0881641 -0.125603 0.014837 -0.32384 -0.522887 0.473803 -0.63026 0.020373
e_13_5 13 5 4 0.0125 0.09445 -0.144659 0.0130706 -0.37831 -0.605486 0.472554 -0.516682 0.020124
e_2_14 2 14 1 0.0125 0.0394449 -0.0653678 0.0130915 0.0809844 -0.732533 0.226545 0.6368 0.0201
e_14_15 14 15 2 0.0125 -0.00459087 -0.0459128 0.0125228 0.116015 -0.674131 0.172892 0.708659 0.076536
e_15_16 15 16 3 0.0125 -0.0756062 -0.0190543 0.016142 0.061965 -0.66701 0.152049 0.726732 0.075712
e_16_17 16 17 4 0.0125 -0.153902 0.0202574 0.0155117 0.188988 -0.695056 0.216739 0.658942 0.101449
e_17_1 17 1 5 0.0125 -0.207047 0.055435 0.0124526 0.211127 -0.677063 0.204632 0.674639 0.026203
e_1_18 1 18 1 0.0125 -0.21687 0.0556162 0.0193295 -0.250959 -0.159815 0.360885 -0.883878 0.02
e_18_19 18 19 2 0.0125 -0.215874 0.0436348 0.0349874 0.905457 0.231118 -0.089001 0.344689 0.02
e_19_20 19 20 3 0.0125 -0.214449 0.0332528 0.0519299 0.749392 0.183478 0.240537 -0.588974 0.02
e_20_21 20 21 4 0.0125 -0.211965 0.0209245 0.0674082 0.00194118 -0.0551602 0.362642 -0.930293 0.02
e_21_4 21 4 5 0.0125 -0.209855 0.00742564 0.0820139 0.00394011 -0.0559752 0.363379 -0.92995 0.02
e_1_22 1 22 1 0.0125 -0.209077 0.0772137 0.0290225 0.900968 -0.279831 0.26739 0.196097 0.047338
e_22_3 22 3 2 0.0125 -0.197208 0.109705 0.0645015 0.844397 -0.311539 0.209798 0.381998 0.052662
5 25 24
3 -0.0699729 -0.0907824 0.0132988 0.0125
26 -0.0944557 -0.098711 0.0155731 0.0125
4 -0.223053 -0.207042 0.0125531 0.0125
25 -0.209147 -0.190931 0.0138375 0.0125
24 -0.197584 -0.173233 0.0149924 0.0125
23 -0.179516 -0.151343 0.0146846 0.0125
1 -0.162804 -0.1275 0.01516 0.0125
22 -0.143729 -0.121371 0.0169871 0.0125
21 -0.124087 -0.117811 0.0200515 0.0125
11 0.0755035 0.0414238 0.0479515 0.0125
6 -0.040463 -0.0418206 0.11381 0.0125
10 -0.0230375 -0.0348058 0.105936 0.0125
9 -0.00386777 -0.0286993 0.0995807 0.0125
2 0.0822913 0.0197766 0.0570326 0.0125
19 -0.0843408 -0.112625 0.0249451 0.0125
8 0.0159092 -0.0218175 0.0951991 0.0125
12 0.0666055 0.0646604 0.0361561 0.0125
13 0.0629888 0.0819157 0.0224432 0.0125
5 0.053621 0.103239 0.0115958 0.0125
14 0.0562315 -0.00602388 0.0478384 0.0125
15 0.00526233 -0.0544699 0.0367288 0.0125
16 -0.0248076 -0.0834308 0.0303968 0.0125
17 -0.0469105 -0.0981388 0.0300484 0.0125
18 -0.0654751 -0.107638 0.0296842 0.0125
20 -0.103863 -0.117385 0.0252107 0.0125
e_2_8 2 8 1 0.0125 0.0490994 -0.00102029 0.0761157 0.837537 0.207878 -0.48764 0.132384 0.08714
e_8_9 8 9 2 0.0125 0.00602082 -0.0252577 0.0973898 0.773943 0.161826 -0.609434 0.0584352 0.021393
e_9_10 9 10 3 0.0125 -0.0134529 -0.0317525 0.102758 0.804325 0.136591 -0.575093 0.0605985 0.021099
e_10_6 10 6 4 0.0125 -0.03175 -0.0383132 0.109873 0.828137 0.152289 -0.532452 0.0865534 0.020368
e_2_11 2 11 1 0.0125 0.0788977 0.0305998 0.0524919 0.423444 -0.434618 -0.704931 -0.367253 0.024436
e_11_12 11 12 2 0.0125 0.0710542 0.0530421 0.0420533 0.396765 -0.383115 -0.753252 -0.358347 0.027536
e_12_13 12 13 3 0.0125 0.0647968 0.0732882 0.0293004 0.230202 -0.303733 -0.845412 -0.374209 0.022336
e_13_5 13 5 4 0.0125 0.0583046 0.0925769 0.0170197 0.408857 -0.36708 -0.759179 -0.348908 0.025692
e_2_14 2 14 1 0.0125 0.0692619 0.00687599 0.0524358 0.598444 0.409964 -0.673441 0.142379 0.037807
e_14_15 14 15 2 0.0125 0.0307463 -0.0302468 0.042284 0.633524 0.388992 -0.653229 0.14361 0.071192
e_15_16 15 16 3 0.0125 -0.00977299 -0.0689506 0.0335631 0.635422 0.390544 -0.649966 0.145805 0.042226
e_16_17 16 17 4 0.0125 -0.0358591 -0.0907848 0.0302226 0.694136 0.29878 -0.645991 0.107709 0.026551
e_17_18 17 18 5 0.0125 -0.0561928 -0.102889 0.0298657 0.696685 0.253271 -0.66676 0.0769057 0.020857
e_18_19 18 19 6 0.0125 -0.074908 -0.110132 0.0273146 0.618051 0.197429 -0.760938 0.00283926 0.020081
e_19_20 19 20 7 0.0125 -0.0941021 -0.115006 0.0250773 0.711553 0.150028 -0.686217 0.0170054 0.020096
e_20_21 20 21 8 0.0125 -0.113976 -0.117598 0.0226308 0.610447 0.0957502 -0.783833 -0.0615786 0.020876
e_21_22 21 22 9 0.0125 -0.133908 -0.11959 0.018519 0.651141 0.149361 -0.744014 -0.0122534 0.020196
e_22_1 22 1 10 0.0125 -0.153267 -0.124435 0.0160733 0.673666 0.196719 -0.711829 0.0278263 0.020118
e_1_23 1 23 1 0.0125 -0.17116 -0.139422 0.0149217 0.670609 0.438476 -0.562059 0.205212 0.029122
e_23_24 23 24 2 0.0125 -0.18855 -0.162289 0.0148383 0.686015 0.40588 -0.574316 0.186562 0.028384
e_24_25 24 25 3 0.0125 -0.203365 -0.182081 0.0144144 0.654312 0.456484 -0.564702 0.211208 0.021172
e_25_4 25 4 4 0.0125 -0.216101 -0.198987 0.0131957 0.662405 0.410267 -0.601505 0.176326 0.021322
e_1_26 1 26 1 0.0125 -0.12863 -0.113105 0.0153667 0.589788 0.133064 0.692468 0.393614 0.074165
e_26_3 26 3 2 0.0125 -0.0822145 -0.0947467 0.0144356 0.484375 0.3259 0.661673 0.470488 0.025835
6 28 27
3 0.174402 0.000920845 0.139385 0.0125
29 0.168575 0.00201322 0.120284 0.0125
28 0.164012 0.00381646 0.100895 0.0125
27 0.16048 0.0023508 0.0812643 0.0125
26 0.15854 0.00192584 0.061363 0.0125
4 0.254898 0.03194 0.0331148 0.0125
25 0.230057 0.0270488 0.0362934 0.0125
24 0.203726 0.0198014 0.0357667 0.0125
1 0.15967 0.00395797 0.0414987 0.0125
23 0.141323 -0.0038292 0.039841 0.0125
22 0.123218 -0.012329 0.0399621 0.0125
21 0.10517 -0.0207756 0.0382645 0.0125
11 -0.0803735 -0.187723 0.0276597 0.0125
6 -0.0719168 -0.0510448 0.119327 0.0125
10 -0.0766996 -0.0832659 0.0982592 0.0125
9 -0.0775183 -0.0989652 0.0815986 0.0125
2 -0.0797369 -0.167734 0.0274261 0.0125
19 0.0695555 -0.0379488 0.0443026 0.0125
8 -0.0839357 -0.126129 0.0602673 0.0125
12 -0.0752969 -0.20678 0.024336 0.0125
13 -0.0685289 -0.224616 0.0183328 0.0125
14 -0.0602785 -0.242577 0.0152758 0.0125
5 -0.0521592 -0.260587 0.0121568 0.0125
15 0.00960317 -0.094196 0.0349531 0.0125
16 0.0263045 -0.0771628 0.0377763 0.0125
17 0.0372443 -0.0604296 0.0385896 0.0125
18 0.0521428 -0.0474813 0.0418683 0.0125
20 0.0874789 -0.0296547 0.0411329 0.0125
e_2_8 2 8 1 0.0125 -0.0818354 -0.146931 0.0438468 0.779883 -0.355378 -0.254721 -0.44789 0.053171
e_8_9 8 9 2 0.0125 -0.0807273 -0.112547 0.0709327 0.77342 -0.423609 -0.130164 -0.453248 0.035129
e_9_10 9 10 3 0.0125 -0.0771098 -0.0911156 0.0899288 0.817702 -0.333581 -0.158304 -0.441618 0.022907
e_10_6 10 6 4 0.0125 -0.0743085 -0.0671553 0.108793 0.749735 -0.440119 -0.186423 -0.457644 0.038793
e_2_11 2 11 1 0.0125 -0.0800553 -0.177728 0.0275429 0.711028 0.702941 -0.00589194 -0.0166965 0.02
e_11_12 11 12 2 0.0125 -0.0778352 -0.197251 0.0259979 0.64416 0.749628 0.145421 0.0443657 0.02
e_12_13 12 13 3 0.0125 -0.0719126 -0.215698 0.0213347 0.585654 0.786589 0.177086 0.083238 0.02
e_13_14 13 14 4 0.0125 -0.064404 -0.233597 0.0168047 0.649286 0.710037 0.26885 0.044657 0.02
e_14_5 14 5 5 0.0125 -0.0562185 -0.251583 0.0137159 0.648037 0.713252 0.263151 0.0455076 0.02
e_2_15 2 15 1 0.0125 -0.0350672 -0.130965 0.03119 0.589672 -0.662134 0.170656 -0.429817 0.115957
e_15_16 15 16 2 0.0125 0.0179538 -0.0856794 0.0363647 0.602138 -0.657632 0.0935491 -0.442944 0.024022
e_16_17 16 17 3 0.0125 0.0317744 -0.0687962 0.0381829 0.556403 -0.688342 -0.0765536 -0.459064 0.020009
e_17_18 17 18 4 0.0125 0.0446935 -0.0539554 0.0402289 0.628289 -0.626113 0.161383 -0.432656 0.020008
e_18_19 18 19 5 0.0125 0.0608495 -0.0427154 0.0430857 0.635084 -0.57792 0.324304 -0.396868 0.02
e_19_20 19 20 6 0.0125 0.0785169 -0.0338017 0.0427181 0.525534 -0.66384 0.372206 -0.380254 0.020002
e_20_21 20 21 7 0.0125 0.0963238 -0.0252152 0.0396986 0.526918 -0.673863 0.342961 -0.388128 0.020001
e_21_22 21 22 8 0.0125 0.114194 -0.0165523 0.0391133 0.62907 -0.563514 0.374178 -0.383032 0.02
e_22_23 22 23 9 0.0125 0.132271 -0.00807874 0.0399018 0.592138 -0.601573 0.375677 -0.382555 0.02
e_23_1 23 1 10 0.0125 0.150497 6.43844e-05 0.0406695 0.633413 -0.544961 0.401972 -0.374466 0.02
e_1_24 1 24 1 0.0125 0.181698 0.0118793 0.0386321 0.558877 -0.592445 0.458004 -0.356228 0.047167
e_24_25 24 25 2 0.0125 0.216892 0.0234251 0.0360301 0.629251 -0.482676 0.507324 -0.337178 0.027316
e_25_4 25 4 3 0.0125 0.242478 0.0294944 0.0347041 0.586407 -0.469064 0.585042 -0.306319 0.025517
e_1_26 1 26 1 0.0125 0.159105 0.00294158 0.0514315 0.942016 0.057377 -0.00987008 -0.330478 0.02
e_26_27 26 27 2 0.0125 0.15951 0.00213827 0.0713132 0.935088 -0.0270212 0.0417295 -0.35091 0.02
e_27_28 27 28 3 0.0125 0.162246 0.00308363 0.0910795 0.928503 -0.0663109 0.069486 -0.358687 0.02
e_28_29 28 29 4 0.0125 0.166293 0.00291516 0.110589 0.936071 0.00471852 0.123506 -0.329385 0.02
e_29_3 29 3 5 0.0125 0.171488 0.00146703 0.129835 0.930512 -0.023817 0.148009 -0.334176 0.02
7 20 19
3 0.22403 0.0382902 0.152642 0.0125
21 0.203236 0.0397218 0.151541 0.0125
20 0.174437 0.0472435 0.147673 0.0125
4 0.165843 0.0263102 0.223732 0.0125
12 -0.10018 -0.117125 0.112739 0.0125
11 -0.112859 -0.10276 0.106989 0.0125
10 -0.121804 -0.0853868 0.102652 0.0125
9 -0.12695 -0.0657124 0.100796 0.0125
2 -0.159309 -0.00515662 0.103714 0.0125
19 0.161364 0.0334221 0.199352 0.0125
8 -0.134164 -0.0428749 0.0992062 0.0125
6 -0.0874488 -0.131455 0.118452 0.0125
13 -0.188894 0.0411352 0.123556 0.0125
5 -0.204296 0.0777974 0.135733 0.0125
14 0.0076564 0.0292572 0.118709 0.0125
15 0.0288983 0.0366147 0.119989 0.0125
16 0.0875387 0.06061 0.126678 0.0125
17 0.106635 0.062671 0.13288 0.0125
1 0.128162 0.0612941 0.139121 0.0125
18 0.148587 0.0445557 0.175875 0.0125
e_2_8 2 8 1 0.0125 -0.146736 -0.024016 0.10146 0.649828 0.700085 0.243632 0.168073 0.045555
e_8_9 8 9 2 0.0125 -0.130557 -0.0542937 0.100001 0.721828 0.675113 0.105426 0.109872 0.024003
e_9_10 9 10 3 0.0125 -0.124376 -0.0755499 0.101724 0.73184 0.669278 0.0814107 0.0992445 0.020421
e_10_11 10 11 4 0.0125 -0.117331 -0.0940733 0.104821 0.756743 0.609216 0.143188 0.188929 0.020016
e_11_12 11 12 5 0.0125 -0.106519 -0.109942 0.109864 0.754458 0.5552 0.219164 0.272972 0.020004
e_12_6 12 6 6 0.0125 -0.0938146 -0.12429 0.115595 0.753626 0.555448 0.220643 0.273573 0.020001
e_2_13 2 13 1 0.0125 -0.174101 0.017989 0.113635 0.475825 -0.53324 0.214034 0.665909 0.058412
e_13_5 13 5 2 0.0125 -0.196595 0.059466 0.129645 0.382632 -0.463477 0.372555 0.707096 0.041588
e_2_14 2 14 1 0.0125 -0.0758261 0.0120503 0.111212 0.524738 0.367767 0.566514 0.51813 0.171133
e_14_15 14 15 2 0.0125 0.0182776 0.0329364 0.119349 0.485091 0.333289 0.600406 0.541404 0.022516
e_15_16 15 16 3 0.0125 0.0582182 0.048612 0.123334 0.489699 0.298867 0.598482 0.559189 0.063712
e_16_17 16 17 4 0.0125 0.0970873 0.0616402 0.129779 0.617183 0.329753 0.487488 0.52221 0.020184
e_17_1 17 1 5 0.0125 0.117399 0.0619823 0.136001 0.639462 0.390486 0.456654 0.479663 0.022455
e_1_18 1 18 1 0.0125 0.138374 0.0529254 0.157499 0.863969 0.275832 0.133642 0.399517 0.045257
e_18_19 18 19 2 0.0125 0.154976 0.0389893 0.187613 0.866191 0.279917 0.127455 0.393846 0.028955
e_19_4 19 4 3 0.0125 0.163604 0.0298663 0.211542 0.905026 0.163297 0.025236 0.39195 0.025788
e_1_20 1 20 1 0.0125 0.151299 0.0542688 0.143397 0.647983 0.486021 0.420375 0.408884 0.049112
e_20_21 20 21 2 0.0125 0.188836 0.0434829 0.149607 0.627575 0.490349 0.441739 0.413006 0.030015
e_21_3 21 3 3 0.0125 0.213633 0.039006 0.152092 0.56934 0.46266 0.509466 0.449714 0.020873
8 22 21
3 0.0751003 -0.00354287 0.0948857 0.0125
23 0.0648328 0.0135568 0.0934202 0.0125
22 0.0504558 0.0274508 0.0939339 0.0125
21 0.0389212 0.0434698 0.0971528 0.0125
20 0.0283607 0.0600279 0.100935 0.0125
4 0.0780928 0.12781 0.0374081 0.0125
5 -0.213484 0.148352 0.0356344 0.0125
10 -0.249273 0.119704 0.0714317 0.0125
6 -0.229807 0.16984 0.224772 0.0125
9 -0.260294 0.10923 0.0853602 0.0125
2 -0.27367 0.102195 0.100251 0.0125
19 0.0679135 0.118345 0.0546422 0.0125
8 -0.25089 0.149745 0.194484 0.0125
11 -0.0983835 0.0916201 0.0902198 0.0125
12 -0.0751763 0.0901273 0.0898595 0.0125
13 -0.0550915 0.0925119 0.093202 0.0125
14 -0.0352119 0.0906767 0.097045 0.0125
15 -0.0155226 0.0885889 0.0999148 0.0125
16 0.0037934 0.0837735 0.101937 0.0125
1 0.0230684 0.0790073 0.104367 0.0125
18 0.0545949 0.109535 0.0677361 0.0125
17 0.0413953 0.0973273 0.084095 0.0125
e_2_8 2 8 1 0.0125 -0.26228 0.12597 0.147368 0.964759 -0.23528 0.0911124 -0.0747096 0.10798
e_8_6 8 6 2 0.0125 -0.240349 0.159792 0.209628 0.921227 -0.287605 0.238492 -0.108375 0.04202
e_2_9 2 9 1 0.0125 -0.266982 0.105712 0.0928058 -0.10634 -0.666573 -0.63766 -0.371163 0.021217
e_9_10 9 10 2 0.0125 -0.254783 0.114467 0.0783956 0.0472038 -0.732776 -0.54843 -0.400045 0.02062
e_10_5 10 5 3 0.0125 -0.231378 0.134028 0.0535327 0.0774704 -0.789829 -0.428843 -0.431581 0.058163
e_2_11 2 11 1 0.0125 -0.186026 0.0969074 0.0952353 0.672983 0.186954 0.702541 0.136303 0.175892
e_11_12 11 12 2 0.0125 -0.0867801 0.0908731 0.0900393 0.688719 0.180527 0.689326 0.133814 0.023258
e_12_13 12 13 3 0.0125 -0.0651342 0.09132 0.0915303 0.762533 -0.0837605 0.641443 -0.00889302 0.0205
e_13_14 13 14 4 0.0125 -0.0451517 0.0915948 0.0951235 0.75998 0.164759 0.61509 0.130191 0.02033
e_14_15 14 15 5 0.0125 -0.0253677 0.0896333 0.0984802 0.742268 0.191761 0.625705 0.144084 0.020007
e_15_16 15 16 6 0.0125 -0.0058646 0.0861812 0.100926 0.702908 0.361959 0.564312 0.237609 0.02001
e_16_1 16 1 7 0.0125 0.0134302 0.0813903 0.103152 0.712052 0.350384 0.562605 0.23171 0.020004
e_1_17 1 17 1 0.0125 0.0322323 0.0881668 0.0942307 0.113738 -0.77895 -0.448669 -0.42308 0.032901
e_17_18 17 18 2 0.0125 0.0479954 0.103431 0.075916 0.0444723 -0.735685 -0.543386 -0.401897 0.024308
e_18_19 18 19 3 0.0125 0.0612549 0.11394 0.0611893 0.0203078 -0.776711 -0.462327 -0.427271 0.020651
e_19_4 19 4 4 0.0125 0.0730032 0.123078 0.0460251 -0.0430232 -0.601795 -0.725978 -0.330073 0.022141
e_1_20 1 20 1 0.0125 0.0257143 0.0695176 0.102651 0.487378 0.692537 -0.325825 0.420348 0.02
e_20_21 20 21 2 0.0125 0.0336405 0.0517489 0.0990442 0.450493 0.752995 -0.166073 0.449972 0.02
e_21_22 21 22 3 0.0125 0.0446887 0.0354603 0.0955427 0.465234 0.753846 -0.110398 0.450651 0.02
e_22_23 22 23 4 0.0125 0.0576444 0.0205042 0.0936764 0.551263 0.708901 0.101484 0.428099 0.02
e_23_3 23 3 5 0.0125 0.069967 0.00500698 0.0941527 0.602685 0.679317 -0.0434724 0.416425 0.02
9 24 23
3 -0.0403968 -0.147681 0.0890074 0.0125
25 -0.0286662 -0.152597 0.0695125 0.0125
24 -0.0131647 -0.15622 0.0514948 0.0125
4 0.0285382 -0.114828 0.0970297 0.0125
23 0.0198396 -0.125968 0.0768265 0.0125
22 0.0127644 -0.137776 0.0525352 0.0125
21 0.0139128 -0.146518 0.0342366 0.0125
1 0.0220725 -0.16065 0.0125857 0.0125
6 -0.0976134 -0.0174025 0.10348 0.0125
11 -0.113001 -0.024642 0.11432 0.0125
10 -0.126252 -0.0355383 0.125494 0.0125
9 -0.135843 -0.0449692 0.140357 0.0125
2 -0.177866 -0.075885 0.212146 0.0125
19 -0.000680554 -0.14006 0.0380297 0.0125
8 -0.144398 -0.0558132 0.155156 0.0125
12 -0.203927 -0.0688907 0.182769 0.0125
13 -0.2196 -0.0698238 0.170342 0.0125
14 -0.234902 -0.0724688 0.157602 0.0125
5 -0.250413 -0.0759464 0.145462 0.0125
15 -0.1085 -0.0964511 0.158938 0.0125
16 -0.0808785 -0.0993692 0.130834 0.0125
17 -0.0457669 -0.116767 0.0976176 0.0125
18 -0.0271014 -0.126735 0.0634458 0.0125
20 0.0110828 -0.151915 0.0268323 0.0125
e_2_8 2 8 1 0.0125 -0.161131 -0.0658488 0.183651 0.203751 -0.932277 0.208341 -0.214333 0.069072
e_8_9 8 9 2 0.0125 -0.14012 -0.0503909 0.147756 0.290756 -0.930263 0.0118576 -0.223452 0.020243
e_9_10 9 10 3 0.0125 -0.131048 -0.0402531 0.132926 0.282233 -0.925778 0.116818 -0.222784 0.020046
e_10_11 10 11 4 0.0125 -0.119626 -0.0300896 0.119908 0.421367 -0.810902 0.339607 -0.222609 0.020474
e_11_6 11 6 5 0.0125 -0.105307 -0.0210228 0.1089 0.437267 -0.669525 0.566127 -0.200086 0.020166
e_2_12 2 12 1 0.0125 -0.190897 -0.0723873 0.197457 0.358519 -0.097672 -0.926658 -0.0568272 0.039889
e_12_13 12 13 2 0.0125 -0.211763 -0.0693569 0.176556 0.434674 0.109522 -0.89349 -0.0271981 0.020023
e_13_14 13 14 3 0.0125 -0.227251 -0.0711462 0.163971 0.427455 0.17988 -0.885872 -0.0124752 0.020087
e_14_5 14 5 4 0.0125 -0.242657 -0.0742078 0.151531 0.443216 0.212718 -0.870769 -0.00842592 0.020001
e_2_15 2 15 1 0.0125 -0.143184 -0.0861683 0.185542 0.449678 0.177822 0.874419 -0.0394987 0.089809
e_15_16 15 16 2 0.0125 -0.0946896 -0.0979106 0.144886 0.370015 -0.114468 0.917892 -0.0863755 0.039514
e_16_17 16 17 3 0.0125 -0.0633232 -0.108068 0.114225 0.420052 0.433157 0.797296 0.0158182 0.051369
e_17_18 17 18 4 0.0125 -0.0364339 -0.121752 0.0805319 0.254912 0.730882 0.625222 0.0996411 0.040193
e_18_19 18 19 5 0.0125 -0.0138906 -0.133398 0.050738 0.416972 0.44502 0.792303 0.0186458 0.039007
e_19_20 19 20 6 0.0125 0.00520113 -0.145987 0.032431 0.465872 0.708548 0.525751 0.0671494 0.020108
e_20_1 20 1 7 0.0125 0.0165779 -0.156282 0.0197097 0.37041 0.718029 0.583592 0.0815564 0.020001
e_1_21 1 21 1 0.0125 0.017993 -0.153585 0.0234113 0.932098 -0.240899 -0.206572 -0.174612 0.027111
e_21_22 21 22 2 0.0125 0.0133389 -0.142148 0.0433861 0.959147 -0.21198 -0.0680566 -0.174557 0.020312
e_22_23 22 23 3 0.0125 0.0163026 -0.131872 0.064681 0.949917 -0.239326 0.0878563 -0.180724 0.027921
e_23_4 23 4 4 0.0125 0.0241895 -0.120398 0.0869278 0.935659 -0.268227 0.135477 -0.185047 0.024656
e_1_24 1 24 1 0.0125 0.00445359 -0.158435 0.0320407 0.924138 0.00284526 -0.361519 -0.123554 0.05268
e_24_25 24 25 2 0.0125 -0.0209156 -0.154409 0.0605041 0.926075 -0.0315912 -0.352566 -0.130709 0.024042
e_25_3 25 3 3 0.0125 -0.0345313 -0.150139 0.0792595 0.947896 -0.0699334 -0.27632 -0.142303 0.023278
10 24 23
3 -0.0498395 -0.139039 0.162803 0.0125
25 -0.045069 -0.127453 0.178392 0.0125
24 -0.0350262 -0.114652 0.190022 0.0125
23 -0.022744 -0.10057 0.197152 0.0125
22 -0.00822703 -0.0883481 0.203466 0.0125
4 0.00397479 -0.063915 0.304178 0.0125
21 0.01077 -0.0680112 0.267761 0.0125
20 0.00893141 -0.070106 0.242333 0.0125
11 0.112201 0.168521 0.113226 0.0125
6 0.0800434 0.161601 0.24161 0.0125
10 0.0881049 0.162476 0.20982 0.0125
9 0.0997313 0.168922 0.185963 0.0125
2 0.11764 0.181818 0.0993113 0.0125
19 0.0154647 -0.0564812 0.203422 0.0125
8 0.109213 0.177517 0.153105 0.0125
12 0.112485 0.152864 0.125668 0.0125
13 0.11442 0.134524 0.133407 0.0125
14 0.116704 0.116226 0.141149 0.0125
5 0.118399 0.1016 0.154684 0.0125
15 0.0580353 0.0302554 0.161668 0.0125
16 0.0433243 -0.00421586 0.176242 0.0125
17 0.0332869 -0.0225732 0.187861 0.0125
18 0.0246361 -0.0391788 0.195661 0.0125
1 0.00512923 -0.0736069 0.205546 0.0125
e_2_8 2 8 1 0.0125 0.113426 0.179667 0.126208 0.849768 0.074129 -0.0454218 -0.519938 0.054619
e_8_9 8 9 2 0.0125 0.104472 0.173219 0.169533 0.868199 0.173648 -0.0627416 -0.460587 0.035262
e_9_10 9 10 3 0.0125 0.0939185 0.165699 0.197891 0.870867 0.205664 -0.144672 -0.42233 0.027311
e_10_6 10 6 4 0.0125 0.0840738 0.162039 0.225715 0.851848 0.0750316 -0.0994112 -0.508766 0.032808
e_2_11 2 11 1 0.0125 0.11492 0.175169 0.106268 0.863271 0.38985 -0.0128367 -0.320335 0.02
e_11_12 11 12 2 0.0125 0.112343 0.160692 0.119447 0.836073 0.400526 0.168846 -0.334741 0.02
e_12_13 12 13 3 0.0125 0.113453 0.143694 0.129537 0.796324 0.509511 0.216626 -0.243597 0.02
e_13_14 13 14 4 0.0125 0.115562 0.125375 0.137278 0.794578 0.503588 0.229884 -0.249394 0.02
e_14_5 14 5 5 0.0125 0.117551 0.108913 0.147917 0.833084 0.344134 0.207827 -0.379936 0.02
e_2_15 2 15 1 0.0125 0.0878379 0.106036 0.130489 0.810294 0.556257 -0.10861 -0.149013 0.174391
e_15_16 15 16 2 0.0125 0.0506801 0.0130194 0.168954 0.811572 0.550961 -0.123384 -0.150234 0.040213
e_16_17 16 17 3 0.0125 0.0383053 -0.0133942 0.182052 0.836512 0.490477 -0.129083 -0.207405 0.023933
e_17_18 17 18 4 0.0125 0.0289619 -0.0308761 0.191762 0.816656 0.531929 -0.157441 -0.159176 0.020284
e_18_19 18 19 5 0.0125 0.0200511 -0.0478301 0.199542 0.813179 0.536315 -0.16779 -0.151502 0.021065
e_19_1 19 1 6 0.0125 0.0102977 -0.0650444 0.204484 0.742696 0.58798 -0.318574 -0.0345348 0.020115
e_1_20 1 20 1 0.0125 0.0070305 -0.0718561 0.22394 0.799728 -0.0685309 0.01289 -0.596299 0.037149
e_20_21 20 21 2 0.0125 0.00985053 -0.0690592 0.255047 0.806147 -0.05434 0.00486136 -0.589195 0.025579
e_21_4 21 4 3 0.0125 0.00737222 -0.0659637 0.285969 0.832928 0.00376248 -0.106983 -0.542928 0.037272
e_1_22 1 22 1 0.0125 -0.00154821 -0.0809776 0.204506 0.668952 0.533442 -0.517139 0.0225842 0.02
e_22_23 22 23 2 0.0125 -0.0154851 -0.094459 0.200309 0.581628 0.453599 -0.672388 0.0620599 0.02
e_23_24 23 24 3 0.0125 -0.0288851 -0.107611 0.193587 0.556594 0.504657 -0.650824 0.109326 0.02
e_24_25 24 25 4 0.0125 -0.0400476 -0.121053 0.184207 0.421019 0.429394 -0.778704 0.17884 0.02
e_25_3 25 3 5 0.0125 -0.0474542 -0.133246 0.170598 0.215811 0.293824 -0.89632 0.252396 0.02
11 23 22
3 -0.01813 0.0525001 0.106418 0.0125
24 -0.000733975 0.0750532 0.114154 0.0125
4 0.0025634 0.0660064 0.0774289 0.0125
23 0.00173039 0.0803117 0.0913809 0.0125
22 0.00327464 0.0939693 0.105909 0.0125
21 0.0110581 0.106475 0.119438 0.0125
20 0.0206214 0.118229 0.132491 0.0125
6 0.451402 0.194252 0.215192 0.0125
11 0.428679 0.186567 0.210898 0.0125
10 0.407606 0.180542 0.210979 0.0125
9 0.387349 0.170214 0.212221 0.0125
2 0.316736 0.131981 0.216898 0.0125
19 0.0485659 0.133649 0.154057 0.0125
8 0.353614 0.151048 0.210024 0.0125
12 0.27945 0.108776 0.222887 0.0125
5 0.240146 0.0695877 0.218485 0.0125
13 0.257779 0.124017 0.197585 0.0125
14 0.150843 0.136206 0.189308 0.0125
15 0.13011 0.13389 0.184197 0.0125
16 0.110317 0.131423 0.178914 0.0125
17 0.0863183 0.133227 0.171774 0.0125
18 0.0661467 0.134299 0.164627 0.0125
1 0.0306437 0.130037 0.145145 0.0125
e_2_8 2 8 1 0.0125 0.335175 0.141514 0.213461 0.54012 -0.66521 0.373051 -0.355808 0.042081
e_8_9 8 9 2 0.0125 0.370481 0.160631 0.211123 0.624208 -0.597299 0.339072 -0.372329 0.038861
e_9_10 9 10 3 0.0125 0.397477 0.175378 0.211599 0.578738 -0.626877 0.366481 -0.371187 0.022772
e_10_11 10 11 4 0.0125 0.418143 0.183554 0.210938 0.565343 -0.563757 0.428963 -0.422559 0.021918
e_11_6 11 6 5 0.0125 0.440041 0.190409 0.213045 0.636252 -0.509995 0.389636 -0.428103 0.024367
e_2_12 2 12 1 0.0125 0.298093 0.120379 0.219893 0.738869 0.231784 -0.615399 0.147082 0.044323
e_12_5 12 5 2 0.0125 0.259798 0.0891816 0.220686 0.659628 0.382056 -0.627346 0.159253 0.055677
e_2_13 2 13 1 0.0125 0.287257 0.127999 0.207242 0.425704 -0.474475 -0.655175 0.405458 0.062549
e_13_14 13 14 2 0.0125 0.204311 0.130111 0.193446 0.610056 -0.395568 -0.617953 0.299152 0.107945
e_14_15 14 15 3 0.0125 0.140477 0.135047 0.186752 0.48348 -0.417722 -0.666686 0.383778 0.021478
e_15_16 15 16 4 0.0125 0.120214 0.132657 0.181555 0.468127 -0.42883 -0.666434 0.390932 0.020634
e_16_17 16 17 5 0.0125 0.0983181 0.132325 0.175343 0.479369 -0.526096 -0.604514 0.357758 0.025103
e_17_18 17 18 6 0.0125 0.0762322 0.133763 0.168201 0.442503 -0.556876 -0.597201 0.370718 0.021427
e_18_19 18 19 7 0.0125 0.0573571 0.133974 0.159342 0.286212 -0.689049 -0.531719 0.40071 0.020524
e_19_1 19 1 8 0.0125 0.039605 0.131843 0.149601 0.301174 -0.588838 -0.61021 0.436129 0.020339
e_1_20 1 20 1 0.0125 0.0256325 0.124133 0.138817 -0.314035 -0.902624 -0.0402388 0.291605 0.02
e_20_21 20 21 2 0.0125 0.0158394 0.112352 0.125965 -0.326989 -0.908932 0.0129882 0.258363 0.02
e_21_22 21 22 3 0.0125 0.00716597 0.100222 0.112674 -0.382173 -0.889355 0.217432 0.12536 0.02
e_22_23 22 23 4 0.0125 0.0025025 0.0871413 0.0986447 -0.310291 -0.717742 0.58996 -0.201279 0.02
e_23_4 23 4 5 0.0125 0.0021473 0.0731588 0.084405 -0.248461 -0.628873 0.673294 -0.299101 0.02
e_1_24 1 24 1 0.0125 0.0149552 0.102546 0.129649 -0.528559 -0.713591 0.458943 -0.0280151 0.070486
e_24_3 24 3 2 0.0125 -0.00943198 0.0637767 0.110286 0.544817 0.349664 -0.713286 0.268577 0.029514
