11
1 24 23
3 -0.236979 0.158719 0.0150038 0.0125
25 -0.28559 0.143085 0.0116327 0.0125
4 -0.353883 0.219214 0.0179614 0.0125
24 -0.349566 0.196909 0.0174528 0.0125
1 -0.329833 0.122434 0.0114915 0.0125
23 -0.311192 0.118405 0.017514 0.0125
22 -0.292567 0.114366 0.0235786 0.0125
21 -0.276599 0.103918 0.029569 0.0125
12 -0.176203 0.0456482 0.0419124 0.0125
11 -0.166803 0.0299752 0.0500593 0.0125
10 -0.152758 0.017744 0.0582935 0.0125
9 -0.135201 0.0112531 0.0664906 0.0125
2 -0.072806 -0.0049306 0.0911915 0.0125
19 -0.241932 0.0857383 0.0377832 0.0125
8 -0.115473 0.00490544 0.0761746 0.0125
6 -0.182327 0.0643943 0.0384175 0.0125
13 -0.0627911 -0.0227362 0.0642612 0.0125
14 -0.0576979 -0.03576 0.0487917 0.0125
5 -0.0416455 -0.0573768 0.0123065 0.0125
15 -0.169036 0.0411389 0.0641373 0.0125
16 -0.191689 0.0568931 0.0550521 0.0125
17 -0.209279 0.0674686 0.0521386 0.0125
18 -0.225311 0.0776967 0.045472 0.0125
20 -0.259143 0.0950797 0.0337124 0.0125
e_2_8 2 8 1 0.0125 -0.0941393 -1.25795e-05 0.0836831 0.573964 -0.0558052 -0.811847 -0.0914132 0.046289
e_8_9 8 9 2 0.0125 -0.125336 0.00807917 0.071333 0.526821 -0.0981924 -0.837873 -0.103859 0.022875
e_9_10 9 10 3 0.0125 -0.143979 0.0144986 0.0623921 0.534752 -0.117101 -0.828765 -0.116088 0.020435
e_10_11 10 11 4 0.0125 -0.15978 0.0238595 0.0541768 0.507487 -0.279309 -0.790041 -0.200695 0.020364
e_11_12 11 12 5 0.0125 -0.171503 0.0378117 0.0459858 0.473227 -0.411918 -0.730689 -0.269211 0.020009
e_12_6 12 6 6 0.0125 -0.179266 0.0550209 0.0401645 0.547103 -0.495571 -0.584514 -0.336795 0.020029
e_2_13 2 13 1 0.0125 -0.067799 -0.0138338 0.0777259 0.017897 0.510282 -0.798728 0.318317 0.033803
e_13_14 13 14 2 0.0125 -0.0602443 -0.0292487 0.0565261 0.11227 0.59448 -0.719379 0.341296 0.020853
e_14_5 14 5 3 0.0125 -0.049672 -0.0465683 0.0305487 -0.036229 0.474099 -0.823128 0.310447 0.045345
e_2_15 2 15 1 0.0125 -0.120921 0.018104 0.0776641 0.595183 -0.155062 -0.773859 -0.151179 0.110066
e_15_16 15 16 2 0.0125 -0.180363 0.0490161 0.0595943 0.556508 -0.230129 -0.776795 -0.184197 0.02905
e_16_17 16 17 3 0.0125 -0.200484 0.0621808 0.0535953 0.629885 -0.194579 -0.729654 -0.181625 0.02073
e_17_18 17 18 4 0.0125 -0.217295 0.0725826 0.0488057 0.551865 -0.212614 -0.787545 -0.173245 0.020151
e_18_19 18 19 5 0.0125 -0.233622 0.081717 0.0416269 0.53668 -0.160619 -0.816329 -0.140653 0.020002
e_19_20 19 20 6 0.0125 -0.250538 0.090409 0.0357478 0.608659 -0.176935 -0.755295 -0.166605 0.020001
e_20_21 20 21 7 0.0125 -0.267871 0.0994987 0.0316407 0.609103 -0.163973 -0.759394 -0.159457 0.02
e_21_22 21 22 8 0.0125 -0.284583 0.109142 0.0265745 0.564195 -0.217129 -0.776284 -0.178666 0.02
e_22_23 22 23 9 0.0125 -0.30188 0.116385 0.020547 0.58337 -0.0489622 -0.805735 -0.0898542 0.02
e_23_1 23 1 10 0.0125 -0.320513 0.120419 0.014503 0.584248 -0.0485902 -0.805121 -0.0898553 0.02
e_1_24 1 24 1 0.0125 -0.3397 0.159672 0.0144721 0.640959 -0.48876 -0.471744 -0.357411 0.077276
e_24_4 24 4 2 0.0125 -0.351724 0.208062 0.0177071 0.612503 -0.519496 -0.467891 -0.368839 0.022724
e_1_25 1 25 1 0.0125 -0.307711 0.132759 0.0115626 0.533372 -0.645794 0.285486 -0.465792 0.048826
e_25_3 25 3 2 0.0125 -0.261284 0.150902 0.0133187 0.587413 -0.554671 0.39925 -0.433458 0.051174
2 28 27
3 0.0133523 -0.042558 0.011515 0.0125
29 -0.0057361 -0.0661327 0.0352277 0.0125
28 -0.0172682 -0.0774903 0.0483243 0.0125
4 -0.115499 -0.114391 0.0114848 0.0125
27 -0.097401 -0.106439 0.0295467 0.0125
26 -0.0804226 -0.104948 0.0406872 0.0125
25 -0.0622365 -0.0996356 0.0599927 0.0125
1 -0.0402789 -0.0995835 0.0735632 0.0125
24 -0.0543379 -0.0876975 0.0813807 0.0125
23 -0.0684362 -0.0748659 0.0874314 0.0125
22 -0.0832875 -0.0619975 0.0912026 0.0125
21 -0.097571 -0.0481317 0.0932214 0.0125
12 -0.223221 0.0323497 0.167392 0.0125
11 -0.222041 0.0524978 0.148652 0.0125
10 -0.220741 0.0670345 0.134705 0.0125
9 -0.219868 0.089002 0.116661 0.0125
2 -0.23003 0.124362 0.0782097 0.0125
19 -0.125939 -0.0190297 0.0899565 0.0125
8 -0.224941 0.10533 0.0984634 0.0125
6 -0.223355 0.0136724 0.176095 0.0125
13 -0.214271 0.110049 0.0970646 0.0125
14 -0.201725 0.0991362 0.11021 0.0125
15 -0.187867 0.081213 0.119569 0.0125
5 -0.174418 0.0638825 0.133251 0.0125
16 -0.174653 0.0297795 0.0864795 0.0125
17 -0.153707 0.0100098 0.085236 0.0125
18 -0.139963 -0.00458463 0.0880554 0.0125
20 -0.11154 -0.0337952 0.0915848 0.0125
e_2_8 2 8 1 0.0125 -0.227485 0.114846 0.0883367 0.921855 0.351945 0.133097 -0.0927504 0.028254
e_8_9 8 9 2 0.0125 -0.222404 0.0971666 0.107562 0.924635 0.338319 0.145411 -0.0971875 0.02497
e_9_10 9 10 3 0.0125 -0.220305 0.0780185 0.125683 0.901005 0.427179 0.0177923 -0.0734238 0.028441
e_10_11 10 11 4 0.0125 -0.22139 0.0597658 0.141678 0.914806 0.393112 0.00459473 -0.0925842 0.020188
e_11_12 11 12 5 0.0125 -0.22263 0.0424235 0.158022 0.912404 0.399448 0.0150213 -0.0879416 0.027541
e_12_6 12 6 6 0.0125 -0.223288 0.0230104 0.171743 0.843167 0.537394 0.00602719 -0.0155159 0.020606
e_2_13 2 13 1 0.0125 -0.22215 0.117205 0.0876363 0.905814 0.239181 0.333595 -0.104922 0.028438
e_13_14 13 14 2 0.0125 -0.207998 0.104593 0.103637 0.895086 0.249933 0.356986 -0.0944277 0.021196
e_14_15 14 15 3 0.0125 -0.194796 0.0901739 0.11489 0.83119 0.438057 0.342359 -0.00431571 0.024514
e_15_5 15 5 4 0.0125 -0.181142 0.0725477 0.12641 0.873116 0.366537 0.317888 -0.0476134 0.025852
e_2_16 2 16 1 0.0125 -0.202341 0.0770699 0.0823451 0.727986 0.623617 0.271073 0.0875113 0.109913
e_16_17 16 17 2 0.0125 -0.16418 0.0198942 0.0858579 0.684129 0.567708 0.446404 0.10197 0.028829
e_17_18 17 18 3 0.0125 -0.146835 0.00271301 0.0866459 0.752702 0.509318 0.413476 0.0554288 0.020245
e_18_19 18 19 4 0.0125 -0.132951 -0.0118078 0.089006 0.736572 0.523267 0.423316 0.0667576 0.020222
e_19_20 19 20 5 0.0125 -0.11874 -0.0264122 0.0907704 0.730986 0.529386 0.424714 0.0709079 0.020688
e_20_21 20 21 6 0.0125 -0.104555 -0.0409639 0.0924026 0.731987 0.528299 0.424466 0.0701653 0.020084
e_21_22 21 22 7 0.0125 -0.0904296 -0.0550643 0.0922117 0.659495 0.60434 0.430352 0.120981 0.020009
e_22_23 22 23 8 0.0125 -0.0758619 -0.0684317 0.089317 0.62096 0.621994 0.455368 0.142026 0.020009
e_23_24 23 24 9 0.0125 -0.0613868 -0.0812813 0.0844063 0.561928 0.700378 0.400913 0.181593 0.020001
e_24_1 24 1 10 0.0125 -0.0473079 -0.09364 0.0774718 0.510822 0.739391 0.385657 0.208879 0.02
e_1_25 1 25 1 0.0125 -0.0512572 -0.0996094 0.0667785 0.465695 0.257348 -0.834644 -0.14237 0.025812
e_25_26 25 26 2 0.0125 -0.0713292 -0.102292 0.0503403 0.373386 0.399193 -0.835175 -0.0609134 0.02705
e_26_27 26 27 3 0.0125 -0.0889113 -0.105693 0.0351168 0.459783 0.300181 -0.826714 -0.122619 0.020362
e_27_4 27 4 4 0.0125 -0.106449 -0.110415 0.0205159 0.401264 0.452596 -0.795241 -0.0416647 0.026777
e_1_28 1 28 1 0.0125 -0.0287741 -0.0885374 0.0609439 0.135146 -0.810682 -0.391194 -0.414123 0.040676
e_28_29 28 29 2 0.0125 -0.0115022 -0.0718118 0.0417766 0.126972 -0.801142 -0.415554 -0.411538 0.020821
e_29_3 29 3 3 0.0125 0.00380846 -0.0543453 0.023371 0.14934 -0.769822 -0.464014 -0.412022 0.038502
3 29 28
3 -0.00892816 -0.263225 0.0906341 0.0125
30 -0.000189731 -0.248142 0.0808291 0.0125
29 0.00636238 -0.234806 0.0674421 0.0125
28 0.0114576 -0.22615 0.0501464 0.0125
27 0.0165718 -0.217819 0.0326978 0.0125
4 0.0414391 -0.111637 0.0114098 0.0125
26 0.0368861 -0.137351 0.0150216 0.0125
25 0.0308239 -0.161731 0.0145807 0.0125
24 0.0248932 -0.188113 0.0145071 0.0125
1 0.0163803 -0.207804 0.0153877 0.0125
23 -0.00868614 -0.198446 0.0156801 0.0125
22 -0.0271713 -0.188936 0.0167713 0.0125
21 -0.0483883 -0.178769 0.019394 0.0125
6 -0.18633 -0.0869556 0.154542 0.0125
11 -0.190956 -0.0784261 0.135008 0.0125
10 -0.198195 -0.0668668 0.118335 0.0125
9 -0.203457 -0.0593783 0.0997741 0.0125
2 -0.203735 -0.0251481 0.0214325 0.0125
19 -0.0924232 -0.161384 0.0157338 0.0125
8 -0.207661 -0.0488426 0.0741047 0.0125
12 -0.225322 -0.0154876 0.0479606 0.0125
13 -0.237331 -0.0104017 0.0667926 0.0125
14 -0.251425 -0.00308322 0.080502 0.0125
5 -0.267984 0.00350369 0.0907844 0.0125
15 -0.181447 -0.077833 0.0183156 0.0125
16 -0.158042 -0.111028 0.0140588 0.0125
17 -0.133601 -0.131984 0.0124097 0.0125
18 -0.114431 -0.146974 0.0132438 0.0125
20 -0.0670244 -0.170496 0.0193399 0.0125
e_2_8 2 8 1 0.0125 -0.205698 -0.0369954 0.0477679 0.976573 0.208042 -0.0422219 0.0352313 0.057889
e_8_9 8 9 2 0.0125 -0.205559 -0.0541108 0.0869391 0.976101 0.196672 0.0631192 0.067557 0.028065
e_9_10 9 10 3 0.0125 -0.200826 -0.0631232 0.109055 0.97038 0.196172 0.114357 0.082468 0.020694
e_10_11 10 11 4 0.0125 -0.194575 -0.0726468 0.126671 0.938176 0.299449 0.152716 0.0826644 0.021541
e_11_6 11 6 5 0.0125 -0.188643 -0.0826911 0.144774 0.970651 0.208645 0.0931058 0.0750671 0.021811
e_2_12 2 12 1 0.0125 -0.214529 -0.0203177 0.0346972 0.934191 -0.13755 -0.328417 -0.0225658 0.03554
e_12_13 12 13 2 0.0125 -0.231327 -0.0129445 0.0573773 0.954461 -0.114154 -0.275529 -0.00749984 0.022906
e_13_14 13 14 3 0.0125 -0.244379 -0.00674184 0.0736472 0.908569 -0.177407 -0.376555 -0.0351399 0.02098
e_14_5 14 5 4 0.0125 -0.259705 0.000210914 0.085643 0.863014 -0.145979 -0.478347 -0.0712775 0.020574
e_2_15 2 15 1 0.0125 -0.192591 -0.0514912 0.0198742 0.685461 0.688942 0.229258 0.054249 0.057291
e_15_16 15 16 2 0.0125 -0.169744 -0.0944301 0.0161868 0.66325 0.658987 0.343302 0.0893238 0.040838
e_16_17 16 17 3 0.0125 -0.145821 -0.121506 0.0132342 0.676341 0.567503 0.45113 0.130324 0.032239
e_17_18 17 18 4 0.0125 -0.124016 -0.139479 0.0128268 0.705878 0.524737 0.455539 0.137379 0.024349
e_18_19 18 19 5 0.0125 -0.103427 -0.15418 0.0144885 0.724426 0.474758 0.476964 0.14939 0.026423
e_19_20 19 20 6 0.0125 -0.0797243 -0.16594 0.0175369 0.730471 0.364755 0.548375 0.180694 0.027223
e_20_21 20 21 7 0.0125 -0.0577067 -0.174633 0.0193674 0.686435 0.436015 0.555485 0.173591 0.02039
e_21_22 21 22 8 0.0125 -0.0377798 -0.183853 0.0180824 0.644686 0.482979 0.567561 0.17025 0.023673
e_22_23 22 23 9 0.0125 -0.0179291 -0.193692 0.0162259 0.668032 0.477552 0.546037 0.165896 0.020817
e_23_1 23 1 10 0.0125 0.0038472 -0.203126 0.0155343 0.679237 0.41266 0.578944 0.182135 0.026758
e_1_24 1 24 1 0.0125 0.0206373 -0.197958 0.014948 0.650429 -0.523795 0.496131 0.237561 0.02147
e_24_25 24 25 2 0.0125 0.0278586 -0.174922 0.0145439 0.678429 -0.615797 0.345604 0.202698 0.027041
e_25_26 25 26 3 0.0125 0.0338545 -0.149541 0.0148012 0.683037 -0.602585 0.357929 0.205521 0.025126
e_26_4 26 4 4 0.0125 0.0391622 -0.124494 0.0132158 0.623403 -0.663164 0.358768 0.207046 0.026362
e_1_27 1 27 1 0.0125 0.0164756 -0.212812 0.0240431 0.964935 0.259238 -0.00598769 0.0407477 0.02
e_27_28 27 28 2 0.0125 0.0140144 -0.221985 0.0414223 0.967554 0.21431 -0.133651 0.00685283 0.02
e_28_29 28 29 3 0.0125 0.0089106 -0.230478 0.0587944 0.965578 0.223269 -0.133316 0.00603484 0.02
e_29_30 29 30 4 0.0125 0.00308685 -0.241474 0.0741353 0.913364 0.369012 -0.1707 -0.0213913 0.02
e_30_3 30 3 5 0.0125 -0.0045584 -0.255683 0.0857322 0.86181 0.45051 -0.227858 -0.0490325 0.02
4 21 20
3 0.185904 0.0290575 0.0114622 0.0125
22 0.160528 0.0714451 0.0314574 0.0125
4 0.157297 0.210838 0.0338572 0.0125
21 0.153876 0.191154 0.0347703 0.0125
20 0.150313 0.169527 0.0354708 0.0125
5 0.0126684 0.39073 0.202343 0.0125
10 0.0203324 0.352321 0.205656 0.0125
6 -0.0655153 0.400845 0.198359 0.0125
9 0.0330737 0.32676 0.21183 0.0125
2 0.0412641 0.298354 0.222632 0.0125
19 0.147455 0.14991 0.0383767 0.0125
8 -0.0495377 0.386506 0.201675 0.0125
11 0.0897463 0.242762 0.110056 0.0125
12 0.0984611 0.229929 0.0931809 0.0125
13 0.106678 0.217671 0.0771432 0.0125
14 0.115562 0.202767 0.0669841 0.0125
15 0.124515 0.186396 0.0594051 0.0125
16 0.135327 0.169603 0.055161 0.0125
17 0.14043 0.151845 0.0474598 0.0125
18 0.143927 0.132507 0.0437402 0.0125
1 0.141881 0.112605 0.0432651 0.0125
e_2_8 2 8 1 0.0125 -0.00413724 0.34243 0.212153 -0.107412 -0.451398 0.614755 0.637792 0.128277
e_8_6 8 6 2 0.0125 -0.0575265 0.393676 0.200017 -0.119279 -0.462511 0.602016 0.639869 0.021723
e_2_9 2 9 1 0.0125 0.0371693 0.312557 0.21723 0.0498385 -0.294662 0.764702 0.570895 0.031474
e_9_10 9 10 2 0.0125 0.0267033 0.33954 0.208743 -0.00423159 -0.342475 0.698822 0.627965 0.029221
e_10_5 10 5 3 0.0125 0.0165004 0.371525 0.203999 0.0779434 -0.226302 0.70067 0.672142 0.039305
e_2_11 2 11 1 0.0125 0.0655056 0.270558 0.166344 0.126391 -0.245788 0.926177 -0.256532 0.134589
e_11_12 11 12 2 0.0125 0.0941039 0.236345 0.101619 0.118595 -0.243022 0.899476 -0.343246 0.022921
e_12_13 12 13 3 0.0125 0.102569 0.2238 0.0851623 0.114772 -0.247815 0.89806 -0.344823 0.021795
e_13_14 13 14 4 0.0125 0.11112 0.210219 0.072063 0.200994 -0.105118 0.861164 -0.454915 0.020106
e_14_15 14 15 5 0.0125 0.120038 0.194581 0.0631944 0.290732 0.0390608 0.828622 -0.476796 0.02014
e_15_16 15 16 6 0.0125 0.129921 0.177999 0.0572827 0.581267 0.764762 0.138061 0.24126 0.020418
e_16_17 16 17 7 0.0125 0.137878 0.160724 0.0513106 -0.424789 -0.76028 0.338165 -0.356612 0.020017
e_17_18 17 18 8 0.0125 0.142178 0.142176 0.0455998 -0.580986 -0.633493 -0.437811 0.263558 0.02
e_18_1 18 1 9 0.0125 0.142903 0.122556 0.0435024 -0.538887 -0.595506 -0.396538 0.444669 0.020013
e_1_19 1 19 1 0.0125 0.144668 0.131257 0.0408206 0.181583 -0.0976383 0.744799 0.63464 0.038034
e_19_20 19 20 2 0.0125 0.148884 0.159718 0.0369237 0.180324 -0.101654 0.749774 0.628481 0.020036
e_20_21 20 21 3 0.0125 0.152094 0.18034 0.0351206 0.186282 -0.0772494 0.714162 0.670302 0.02193
e_21_4 21 4 4 0.0125 0.155586 0.200996 0.034314 0.188889 -0.0757024 0.719082 0.664463 0.02
e_1_22 1 22 1 0.0125 0.151204 0.0920251 0.0373612 0.249519 0.592461 -0.52478 0.557975 0.046704
e_22_3 22 3 2 0.0125 0.173216 0.0502513 0.0214598 0.386991 0.185266 0.808247 -0.403301 0.053296
5 24 23
3 0.0312184 -0.0785469 0.012174 0.0125
25 0.00575926 -0.135185 0.0622923 0.0125
4 -0.0140307 -0.14292 0.169043 0.0125
24 -0.0158943 -0.143968 0.149142 0.0125
23 -0.0153273 -0.141797 0.12702 0.0125
22 -0.011724 -0.144256 0.104687 0.0125
1 -0.00547199 -0.149724 0.0706928 0.0125
21 -0.004686 -0.129741 0.0703343 0.0125
11 -0.101496 0.143551 0.0510828 0.0125
10 -0.106183 0.134241 0.0681516 0.0125
6 0.00523391 0.131463 0.0191838 0.0125
9 -0.111523 0.121623 0.0827225 0.0125
2 -0.121307 0.109389 0.0951559 0.0125
19 -0.000139714 -0.091369 0.0791891 0.0125
8 -0.0354751 0.118899 0.0389708 0.0125
12 -0.0928783 0.150653 0.0344901 0.0125
5 -0.0828971 0.158004 0.0187955 0.0125
13 -0.0659638 0.0206358 0.0938749 0.0125
14 -0.0436115 0.00149218 0.0926696 0.0125
15 -0.029742 -0.0135432 0.0919177 0.0125
16 -0.0177014 -0.0308496 0.0910224 0.0125
17 -0.0105166 -0.0517649 0.085794 0.0125
18 -0.00376832 -0.0717988 0.0812311 0.0125
20 0.00028116 -0.110849 0.0746383 0.0125
e_2_8 2 8 1 0.0125 -0.0783908 0.114145 0.0670626 0.474112 -0.188619 0.858545 -0.0503987 0.103026
e_8_6 8 6 2 0.0125 -0.0151206 0.125181 0.0290773 0.537654 -0.221798 0.813275 0.0177998 0.046974
e_2_9 2 9 1 0.0125 -0.116415 0.115506 0.088939 0.379489 -0.338887 0.834268 0.212464 0.02
e_9_10 9 10 2 0.0125 -0.108853 0.127933 0.0754373 0.265433 -0.365521 0.854777 0.255529 0.02
e_10_11 10 11 3 0.0125 -0.10384 0.138896 0.0596172 0.197572 -0.331645 0.903738 0.185026 0.02
e_11_12 11 12 4 0.0125 -0.0971875 0.147102 0.0427871 0.270909 -0.289871 0.911472 0.10864 0.02
e_12_5 12 5 5 0.0125 -0.0878876 0.154328 0.0266429 0.310728 -0.286637 0.90012 0.105218 0.02
e_2_13 2 13 1 0.0125 -0.0936352 0.065013 0.0945157 0.475968 0.131908 0.699088 -0.517041 0.104602
e_13_14 13 14 2 0.0125 -0.0547879 0.0110641 0.0932729 0.560113 0.0573667 0.719141 -0.407208 0.029454
e_14_15 14 15 3 0.0125 -0.0366771 -0.00602605 0.092294 0.527988 0.0858072 0.714843 -0.450407 0.02047
e_15_16 15 16 4 0.0125 -0.0237214 -0.0221967 0.0914706 0.481523 0.116316 0.712536 -0.49689 0.021102
e_16_17 16 17 5 0.0125 -0.0141089 -0.0413069 0.0884074 0.300911 0.136893 0.772206 -0.542597 0.022724
e_17_18 17 18 6 0.0125 -0.00714183 -0.0617816 0.0835128 0.305798 0.142056 0.765048 -0.548644 0.021627
e_18_19 18 19 7 0.0125 -0.00195422 -0.0815841 0.0802097 0.285646 0.188746 0.717919 -0.606114 0.020008
e_19_20 19 20 8 0.0125 7.02908e-05 -0.101109 0.0769139 0.156204 0.180464 0.762336 -0.601562 0.020009
e_20_21 20 21 9 0.0125 -0.00220178 -0.120295 0.0724865 0.00450661 0.203613 0.752407 -0.626423 0.020003
e_21_1 21 1 10 0.0125 -0.00507943 -0.139733 0.0705138 0.226476 0.248405 0.655237 -0.676512 0.020001
e_1_22 1 22 1 0.0125 -0.00859856 -0.14699 0.0876902 0.986076 -0.0886337 -0.0802053 0.115608 0.034994
e_22_23 22 23 2 0.0125 -0.013526 -0.143026 0.115853 0.993207 -0.0593967 -0.0758176 0.0652942 0.022755
e_23_24 23 24 3 0.0125 -0.0156108 -0.142883 0.138081 0.988562 0.0502052 -0.00566062 -0.142098 0.022237
e_24_4 24 4 4 0.0125 -0.0149626 -0.143444 0.159093 0.997989 -0.0277936 0.045698 -0.0340145 0.020015
e_1_25 1 25 1 0.0125 0.000143351 -0.142455 0.0664929 0.478377 -0.350072 0.765098 0.251457 0.020201
e_25_3 25 3 2 0.0125 0.0184892 -0.106866 0.0372337 0.324861 -0.376628 0.819865 0.283616 0.079799
6 23 22
3 -0.0205289 -0.0378467 0.0124609 0.0125
24 -0.0256737 -0.0104176 0.014561 0.0125
4 0.0486472 0.0580579 0.0114943 0.0125
23 0.0238038 0.0561506 0.0121451 0.0125
22 -0.0016334 0.0534407 0.0142803 0.0125
1 -0.0508421 0.0570156 0.016845 0.0125
21 -0.0150669 0.0521608 0.0153345 0.0125
12 0.313932 -0.0500077 0.0687773 0.0125
11 0.298413 -0.0586865 0.0588314 0.0125
10 0.280414 -0.0659445 0.0534649 0.0125
9 0.262423 -0.0735075 0.046723 0.0125
2 0.203811 -0.081001 0.0114936 0.0125
19 0.0832592 0.0101933 0.0309868 0.0125
8 0.239736 -0.0764308 0.0323611 0.0125
6 0.329221 -0.0416581 0.0786786 0.0125
13 0.18865 -0.0687827 0.0160577 0.0125
14 0.174395 -0.0580679 0.025115 0.0125
15 0.158566 -0.0529748 0.0362263 0.0125
16 0.143016 -0.0478335 0.0477059 0.0125
5 0.124765 -0.0447291 0.055274 0.0125
17 0.162244 -0.0460639 0.0306106 0.0125
18 0.143472 -0.0288312 0.0345568 0.0125
20 0.00728838 0.0474064 0.0168815 0.0125
e_2_8 2 8 1 0.0125 0.221774 -0.0787161 0.0219269 0.703513 0.238029 0.440127 0.504678 0.041796
e_8_9 8 9 2 0.0125 0.251079 -0.0749691 0.0395419 0.715715 0.225578 0.428077 0.503603 0.027009
e_9_10 9 10 3 0.0125 0.271419 -0.069726 0.0500941 0.600196 0.195866 0.546216 0.550499 0.020648
e_10_11 10 11 4 0.0125 0.289413 -0.0623159 0.0561483 0.577135 0.222432 0.56327 0.547873 0.020136
e_11_12 11 12 5 0.0125 0.306172 -0.054347 0.0638048 0.657019 0.0980045 0.496292 0.558941 0.020374
e_12_6 12 6 6 0.0125 0.321577 -0.0458326 0.073728 0.660668 0.100369 0.492808 0.557301 0.020037
e_2_13 2 13 1 0.0125 0.196231 -0.0748914 0.0137762 0.78021 -0.433371 -0.445062 0.0733599 0.02
e_13_14 13 14 2 0.0125 0.181522 -0.0634252 0.0205862 0.840453 -0.379365 -0.360094 0.141609 0.02
e_14_15 14 15 3 0.0125 0.16648 -0.055522 0.0306708 0.880308 -0.171313 -0.439148 0.0534649 0.02
e_15_16 15 16 4 0.0125 0.150791 -0.0504045 0.0419661 0.884729 -0.17669 -0.426368 0.0651533 0.02
e_16_5 16 5 5 0.0125 0.133891 -0.0462817 0.0514901 0.82665 -0.0424842 -0.555883 -0.0764088 0.02
e_2_17 2 17 1 0.0125 0.183028 -0.0635327 0.0210527 0.805601 -0.437814 -0.37719 0.130587 0.057567
e_17_18 17 18 2 0.0125 0.152857 -0.0374475 0.0325835 0.753279 -0.496785 -0.420349 0.0953075 0.025786
e_18_19 18 19 3 0.0125 0.113366 -0.00931827 0.0327716 0.661288 -0.20641 -0.694437 -0.194552 0.071842
e_19_20 19 20 4 0.0125 0.0452741 0.0287995 0.0239343 0.544592 0.0862614 -0.758149 -0.348122 0.085763
e_20_21 20 21 5 0.0125 -0.00388883 0.0497831 0.0161077 0.606796 0.19257 -0.704774 -0.313062 0.022907
e_21_1 21 1 6 0.0125 -0.032954 0.0545883 0.0160893 0.67337 0.160033 -0.673405 -0.259785 0.036135
e_1_22 1 22 1 0.0125 -0.0262378 0.055229 0.0155629 0.530233 0.501876 0.523531 0.439191 0.049405
e_22_23 22 23 2 0.0125 0.0110854 0.0547962 0.0132121 0.485276 0.45443 0.57885 0.472157 0.02567
e_23_4 23 4 3 0.0125 0.0362258 0.0571047 0.0118202 0.512987 0.44385 0.562186 0.473063 0.024925
e_1_24 1 24 1 0.0125 -0.0382579 0.023299 0.015703 0.679231 0.711352 0.0991722 0.150957 0.072014
e_24_3 24 3 2 0.0125 -0.0231015 -0.0241327 0.0135116 0.673132 0.732494 0.0312066 0.096808 0.027986
7 22 21
3 0.138886 0.0758741 0.0541921 0.0125
23 0.0730871 0.111332 0.0715157 0.0125
4 -0.0142775 0.110881 0.14332 0.0125
22 0.00910988 0.117534 0.116376 0.0125
21 0.0317066 0.123512 0.0902463 0.0125
1 0.0516329 0.120215 0.0699295 0.0125
6 -0.0537916 -0.209726 0.0852709 0.0125
11 -0.0359268 -0.204871 0.0765821 0.0125
10 -0.0168615 -0.194988 0.0704777 0.0125
9 0.00419889 -0.190701 0.0584418 0.0125
2 0.0692615 -0.169532 0.0125098 0.0125
19 0.061351 0.0829475 0.0602065 0.0125
8 0.0259361 -0.185559 0.0456261 0.0125
12 0.0492197 -0.145565 0.0425697 0.0125
5 0.0229342 -0.114405 0.0818982 0.0125
13 0.0721143 -0.0767298 0.0333142 0.0125
14 0.0760899 -0.0304251 0.0484181 0.0125
15 0.0764956 -0.00506562 0.051038 0.0125
16 0.0694777 0.0175979 0.0542237 0.0125
17 0.0687653 0.0429384 0.0568668 0.0125
18 0.0656356 0.0629578 0.0578874 0.0125
20 0.0562369 0.102383 0.0621025 0.0125
e_2_8 2 8 1 0.0125 0.047599 -0.177546 0.0290675 0.881347 0.215115 -0.403002 -0.120593 0.056839
e_8_9 8 9 2 0.0125 0.0150677 -0.188131 0.0520336 0.862191 0.156594 -0.47607 -0.0739057 0.025753
e_9_10 9 10 3 0.0125 -0.00633126 -0.192845 0.0644599 0.860757 0.134091 -0.487563 -0.0582967 0.024632
e_10_11 10 11 4 0.0125 -0.0263941 -0.199929 0.0735298 0.758603 0.429679 -0.422688 -0.247453 0.022326
e_11_6 11 6 5 0.0125 -0.0448589 -0.207299 0.0809271 0.838506 0.198992 -0.497951 -0.0967233 0.02045
e_2_12 2 12 1 0.0125 0.0592404 -0.157549 0.0275403 0.897341 -0.348522 -0.178504 0.203587 0.043356
e_12_5 12 5 2 0.0125 0.0360772 -0.129985 0.0622346 0.897781 -0.347042 -0.180026 0.202836 0.056644
e_2_13 2 13 1 0.0125 0.0706879 -0.123131 0.022912 0.722458 -0.570942 0.254362 0.295601 0.095149
e_13_14 13 14 2 0.0125 0.0741025 -0.0535773 0.0408663 0.76181 -0.534495 0.244487 0.272371 0.048867
e_14_15 14 15 3 0.0125 0.0762923 -0.0177449 0.0497277 0.673409 -0.602835 0.291914 0.312885 0.025498
e_15_16 15 16 4 0.0125 0.0729869 0.00626653 0.0526303 0.660755 -0.645371 0.130235 0.36047 0.023938
e_16_17 16 17 5 0.0125 0.0691215 0.0302676 0.0555453 0.669933 -0.611598 0.272196 0.32101 0.025488
e_17_18 17 18 6 0.0125 0.0672002 0.0529482 0.0573775 0.634711 -0.647655 0.235332 0.349721 0.020288
e_18_19 18 19 7 0.0125 0.0634931 0.0729525 0.0590463 0.658232 -0.640421 0.183109 0.350801 0.020575
e_19_20 19 20 8 0.0125 0.0587937 0.0926655 0.0611537 0.645805 -0.651852 0.16768 0.360428 0.020186
e_20_1 20 1 9 0.0125 0.0539354 0.111299 0.0660162 0.777135 -0.54786 0.0653707 0.302715 0.02001
e_1_21 1 21 1 0.0125 0.04167 0.121863 0.0800875 0.922252 -0.0879805 -0.371034 0.0635927 0.028648
e_21_22 21 22 2 0.0125 0.0204076 0.120523 0.103312 0.931594 0.11657 -0.33727 -0.0692352 0.03506
e_22_4 22 4 3 0.0125 -0.00258359 0.114208 0.129849 0.930364 0.125616 -0.336186 -0.0749856 0.036292
e_1_23 1 23 1 0.0125 0.0623601 0.115773 0.0707227 0.708938 0.10014 0.675194 -0.177458 0.023274
e_23_3 23 3 2 0.0125 0.105986 0.0936038 0.0628542 0.588498 0.12761 0.772405 -0.201929 0.076726
8 20 19
3 -0.197116 0.0811284 0.18021 0.0125
21 -0.177603 0.0769566 0.178851 0.0125
20 -0.15866 0.070599 0.179732 0.0125
19 -0.140666 0.063346 0.174875 0.0125
5 -0.21822 -0.0743797 0.0262106 0.0125
10 -0.241532 -0.136613 0.017551 0.0125
6 -0.278358 -0.285556 0.0970977 0.0125
9 -0.276188 -0.242143 0.0616589 0.0125
2 -0.252919 -0.167005 0.0116776 0.0125
8 -0.269487 -0.209099 0.0457624 0.0125
11 -0.180477 -0.0579833 0.0782488 0.0125
12 -0.167841 -0.0390812 0.0899073 0.0125
13 -0.134535 0.00859742 0.123688 0.0125
14 -0.114796 0.034175 0.143007 0.0125
1 -0.107814 0.0513631 0.156079 0.0125
18 -0.122912 0.0589226 0.1668 0.0125
15 -0.0969045 0.0657711 0.136368 0.0125
16 -0.0825256 0.0783097 0.117966 0.0125
17 -0.0704088 0.0912369 0.0988524 0.0125
4 -0.0604817 0.103616 0.0855766 0.0125
e_2_8 2 8 1 0.0125 -0.261204 -0.188052 0.0287204 0.884802 0.435028 -0.0993102 -0.134214 0.056641
e_8_9 8 9 2 0.0125 -0.272838 -0.225621 0.0537111 0.837058 0.534313 -0.035854 -0.11206 0.037276
e_9_6 9 6 3 0.0125 -0.277274 -0.26385 0.0793788 0.898528 0.428418 0.0226662 -0.0926903 0.056083
e_2_10 2 10 1 0.0125 -0.247226 -0.151809 0.0146147 0.766096 -0.585633 0.260739 0.046323 0.032982
e_10_5 10 5 2 0.0125 -0.229875 -0.105497 0.0218811 0.749505 -0.599924 0.274752 0.0533382 0.067018
e_2_11 2 11 1 0.0125 -0.216697 -0.112494 0.0449632 0.850979 -0.417733 0.314381 0.0499777 0.146852
e_11_12 11 12 2 0.0125 -0.174158 -0.0485323 0.084078 0.85185 -0.415784 0.31462 0.049898 0.025551
e_12_13 12 13 3 0.0125 -0.151187 -0.0152419 0.106798 0.865515 -0.393643 0.30646 0.0448475 0.067259
e_13_14 13 14 4 0.0125 -0.124665 0.0213859 0.133348 0.868421 -0.372786 0.32315 0.0494912 0.037644
e_14_1 14 1 5 0.0125 -0.111306 0.0427688 0.149544 0.887681 -0.4271 0.172052 -0.00254427 0.022695
e_1_15 1 15 1 0.0125 -0.10236 0.0585675 0.146224 0.199033 0.0623827 0.929869 0.303048 0.026742
e_15_16 15 16 2 0.0125 -0.0897157 0.0720404 0.127167 0.262535 0.107891 0.914042 0.289763 0.026507
e_16_17 16 17 3 0.0125 -0.0764672 0.0847733 0.108409 0.212657 0.12197 0.922934 0.296804 0.026062
e_17_4 17 4 4 0.0125 -0.0654453 0.0974256 0.0922146 0.308435 -0.126877 0.897082 0.289853 0.020689
e_1_18 1 18 1 0.0125 -0.115363 0.0551424 0.16144 0.843483 -0.0906559 -0.473034 -0.237819 0.02
e_18_19 18 19 2 0.0125 -0.131789 0.0611339 0.170837 0.79509 0.041673 -0.54442 -0.264013 0.02
e_19_20 19 20 3 0.0125 -0.149664 0.0669726 0.177304 0.736531 -0.0114815 -0.615164 -0.281006 0.02
e_20_21 20 21 4 0.0125 -0.168132 0.0737782 0.179292 0.617973 0.101625 -0.715326 -0.309985 0.02
e_21_3 21 3 5 0.0125 -0.18736 0.0790422 0.179531 0.666501 0.143468 -0.667433 -0.299546 0.02
9 18 17
3 -0.0327353 -0.0137319 0.187963 0.0125
19 -0.0290115 -0.0296273 0.174001 0.0125
10 0.105774 -0.016491 0.0676651 0.0125
5 0.179371 0.110147 0.0870328 0.0125
6 0.163482 0.180575 0.011807 0.0125
9 0.194655 0.0797789 0.0588547 0.0125
2 0.217959 0.0415065 0.025529 0.0125
8 0.172726 0.157592 0.0133526 0.0125
11 0.0846206 -0.0277744 0.0718403 0.0125
12 0.0259505 -0.064471 0.101727 0.0125
13 0.00545617 -0.0781369 0.111723 0.0125
14 -0.0103429 -0.0867221 0.121038 0.0125
1 -0.0247841 -0.0950727 0.132636 0.0125
18 -0.0277639 -0.0478125 0.158537 0.0125
15 -0.0306981 -0.0765166 0.154039 0.0125
16 -0.028855 -0.0504003 0.173854 0.0125
4 -0.0354347 -0.0255652 0.202161 0.0125
17 -0.0286907 -0.0673676 0.143858 0.0125
e_2_8 2 8 1 0.0125 0.195342 0.0995496 0.0194407 0.629344 -0.740627 -0.0103563 0.235142 0.12518
e_8_6 8 6 2 0.0125 0.168104 0.169083 0.0125804 0.640441 -0.728632 -0.0151145 0.242285 0.02482
e_2_9 2 9 1 0.0125 0.206306 0.0606426 0.0421916 0.823964 -0.443991 -0.0669837 0.345642 0.055843
e_9_5 9 5 2 0.0125 0.187012 0.0949635 0.0729436 0.840862 -0.423735 -0.0371544 0.334694 0.044157
e_2_10 2 10 1 0.0125 0.161867 0.0125076 0.0465975 0.592856 -0.158332 -0.562745 0.553869 0.133133
e_10_11 10 11 2 0.0125 0.0951977 -0.0221322 0.0697522 0.525924 -0.204429 -0.610282 0.556029 0.024336
e_11_12 11 12 3 0.0125 0.0552857 -0.0461231 0.0867836 0.625133 -0.0911112 -0.541715 0.554484 0.07538
e_12_13 12 13 4 0.0125 0.0157032 -0.0713042 0.106725 0.614663 -0.0824 -0.55245 0.556955 0.026584
e_13_14 13 14 5 0.0125 -0.00244336 -0.0824295 0.116381 0.656226 -0.101853 -0.509536 0.547144 0.020251
e_14_1 14 1 6 0.0125 -0.0175639 -0.0908976 0.126837 0.705212 -0.0583297 -0.459558 0.536731 0.020317
e_1_15 1 15 1 0.0125 -0.0277409 -0.085795 0.143337 0.876552 -0.360533 0.0144442 0.318534 0.028938
e_15_16 15 16 2 0.0125 -0.0297767 -0.0634581 0.163947 0.864004 -0.420341 0.146839 0.235049 0.032835
e_16_4 16 4 3 0.0125 -0.032145 -0.0379824 0.188008 0.879491 -0.359046 0.0291084 0.311021 0.038227
e_1_17 1 17 1 0.0125 -0.0267375 -0.0812197 0.138247 0.792315 -0.553433 0.0869973 0.241619 0.030147
e_17_18 17 18 2 0.0125 -0.0282272 -0.0575898 0.151198 0.862005 -0.42494 0.139559 0.238528 0.024469
e_18_19 18 19 3 0.0125 -0.0283884 -0.03872 0.166269 0.867393 -0.409133 0.0956643 0.266623 0.023904
e_19_3 19 3 4 0.0125 -0.0308732 -0.02168 0.180982 0.859047 -0.416243 0.0420542 0.294978 0.021481
10 26 25
3 0.388502 0.0668718 0.0551932 0.0125
27 0.374953 0.0803569 0.0627127 0.0125
26 0.361862 0.0937377 0.0699083 0.0125
25 0.340799 0.105859 0.076698 0.0125
4 0.366352 0.163595 0.154883 0.0125
24 0.35697 0.155752 0.133845 0.0125
23 0.338095 0.140722 0.109324 0.0125
1 0.311531 0.121939 0.0839405 0.0125
22 0.29174 0.118898 0.0839014 0.0125
21 0.27179 0.116656 0.0839617 0.0125
11 0.0841287 -0.0315089 0.170417 0.0125
6 0.093688 -0.130577 0.0293508 0.0125
10 0.0963892 -0.11326 0.0479891 0.0125
9 0.0970317 -0.0928506 0.0837393 0.0125
2 0.0876347 -0.0408599 0.146981 0.0125
19 0.232383 0.106958 0.0838169 0.0125
8 0.09899 -0.072692 0.105261 0.0125
12 0.0815218 -0.0153063 0.194466 0.0125
13 0.0811691 -0.00386756 0.211053 0.0125
5 0.0792839 0.0134154 0.229377 0.0125
14 0.105946 -0.018635 0.135362 0.0125
15 0.140329 0.0216443 0.118405 0.0125
16 0.182287 0.0741991 0.0977852 0.0125
17 0.19783 0.0867303 0.0936746 0.0125
18 0.21387 0.0993895 0.0864535 0.0125
20 0.251738 0.113085 0.083664 0.0125
e_2_8 2 8 1 0.0125 0.0933123 -0.0567758 0.126122 0.33375 0.878108 0.342696 -0.00982527 0.053692
e_8_9 8 9 2 0.0125 0.0980109 -0.0827713 0.0945001 0.354659 0.865693 -0.338671 0.100471 0.029554
e_9_10 9 10 3 0.0125 0.0967105 -0.103055 0.065864 0.221929 0.820342 -0.511088 0.128749 0.041171
e_10_6 10 6 4 0.0125 0.0950387 -0.121918 0.0386693 0.351438 0.833141 -0.412464 0.110638 0.025584
e_2_11 2 11 1 0.0125 0.0858812 -0.0361844 0.158699 0.979582 -0.185842 -0.0740393 -0.0199777 0.025475
e_11_12 11 12 2 0.0125 0.0828247 -0.0234079 0.182442 0.955073 -0.289682 -0.0556019 -0.0287818 0.029114
e_12_13 12 13 3 0.0125 0.0813455 -0.00958644 0.202759 0.95411 -0.296725 -0.0200635 -0.0350045 0.020152
e_13_5 13 5 4 0.0125 0.0802265 0.00477441 0.220215 0.928235 -0.366647 -0.0533289 -0.0332593 0.025258
e_2_14 2 14 1 0.0125 0.0967906 -0.0297475 0.141172 0.546693 -0.736871 0.379615 -0.118488 0.031052
e_14_15 14 15 2 0.0125 0.123137 0.00150481 0.126884 0.57738 -0.707579 0.38962 -0.118997 0.055608
e_15_16 15 16 3 0.0125 0.161308 0.0479222 0.108095 0.58303 -0.71433 0.369201 -0.116187 0.070339
e_16_17 16 17 4 0.0125 0.190058 0.0804649 0.0957303 0.618317 -0.600138 0.490566 -0.129861 0.020384
e_17_18 17 18 5 0.0125 0.20585 0.0930604 0.0900639 0.561708 -0.640471 0.506367 -0.133692 0.021672
e_18_19 18 19 6 0.0125 0.223126 0.103174 0.0851351 0.644054 -0.42671 0.61908 -0.140902 0.020173
e_19_20 19 20 7 0.0125 0.24206 0.110022 0.0837405 0.690934 -0.341914 0.621993 -0.137222 0.020302
e_20_21 20 21 8 0.0125 0.261764 0.114871 0.0838124 0.698904 -0.254002 0.654334 -0.137345 0.02037
e_21_22 21 22 9 0.0125 0.281765 0.117777 0.0839318 0.69239 -0.21528 0.674653 -0.138179 0.020076
e_22_1 22 1 10 0.0125 0.301635 0.120419 0.0839203 0.694189 -0.241414 0.663901 -0.138044 0.020023
e_1_23 1 23 1 0.0125 0.324813 0.131331 0.0966314 0.894068 -0.28808 0.330819 -0.0906205 0.041264
e_23_24 23 24 2 0.0125 0.347532 0.148236 0.121584 0.921923 -0.260917 0.274803 -0.0803959 0.034401
e_24_4 24 4 3 0.0125 0.361661 0.159673 0.144364 0.96354 -0.179434 0.188479 -0.0622045 0.024334
e_1_25 1 25 1 0.0125 0.326164 0.1139 0.0803186 0.616148 0.237534 0.741315 -0.11996 0.03417
e_25_26 25 26 2 0.0125 0.351331 0.0997989 0.0733025 0.592292 0.251053 0.755985 -0.121033 0.025233
e_26_27 26 27 3 0.0125 0.368407 0.0870473 0.0663105 0.5589 0.489268 0.663342 -0.0906933 0.020054
e_27_3 27 3 4 0.0125 0.381727 0.0736147 0.0589522 0.555263 0.478197 0.674058 -0.0930441 0.020542
11 19 18
3 0.282975 -0.113395 0.0209938 0.0125
20 0.275127 -0.103951 0.0372226 0.0125
19 0.270531 -0.0950991 0.0573996 0.0125
5 -0.0475891 -0.10515 0.0985718 0.0125
10 -0.0416737 -0.113964 0.130456 0.0125
6 -0.0965405 -0.0121359 0.142073 0.0125
9 -0.0510839 -0.0993654 0.166053 0.0125
2 -0.026226 -0.131409 0.192629 0.0125
8 -0.0404268 -0.115635 0.176343 0.0125
11 0.059261 -0.109605 0.170812 0.0125
12 0.0951189 -0.107184 0.164094 0.0125
13 0.185066 -0.106102 0.128854 0.0125
14 0.21367 -0.0985028 0.124625 0.0125
15 0.234 -0.0939391 0.121021 0.0125
1 0.255213 -0.0850071 0.11151 0.0125
18 0.262655 -0.0894239 0.086243 0.0125
16 0.276608 -0.0576378 0.0879665 0.0125
17 0.286094 -0.0284407 0.066896 0.0125
4 0.294548 -0.0128557 0.0560203 0.0125
e_2_8 2 8 1 0.0125 -0.0333263 -0.123523 0.184486 0.419318 -0.440957 -0.780973 -0.140746 0.026752
e_8_9 8 9 2 0.0125 -0.0457553 -0.1075 0.171198 0.504552 -0.602871 -0.608591 -0.107664 0.022004
e_9_6 9 6 3 0.0125 -0.0738122 -0.0557508 0.154063 0.61359 -0.650802 -0.441457 -0.0712684 0.101244
e_2_10 2 10 1 0.0125 -0.0339498 -0.122687 0.161542 0.0661637 0.332433 -0.926114 -0.165602 0.066396
e_10_5 10 5 2 0.0125 -0.0446313 -0.109558 0.114514 0.0230009 0.426573 -0.890189 -0.158335 0.033604
e_2_11 2 11 1 0.0125 0.0165176 -0.120508 0.18172 0.588823 0.0398327 0.786412 0.182365 0.090882
e_11_12 11 12 2 0.0125 0.0771905 -0.108394 0.167453 0.612895 0.166853 0.751018 0.180252 0.036562
e_12_13 12 13 3 0.0125 0.140093 -0.106642 0.146474 0.532361 0.261712 0.783508 0.184969 0.096609
e_13_14 13 14 4 0.0125 0.199368 -0.102302 0.12674 0.630615 0.0114044 0.755379 0.177758 0.029896
e_14_15 14 15 5 0.0125 0.223835 -0.0962209 0.122823 0.618445 0.0473373 0.763544 0.179683 0.021146
e_15_1 15 1 6 0.0125 0.244606 -0.0894726 0.116266 0.52426 -0.0492838 0.829764 0.18497 0.024905
e_1_16 1 16 1 0.0125 0.26591 -0.071322 0.0997386 0.44321 -0.482152 0.7403 0.151823 0.041966
e_16_17 16 17 2 0.0125 0.281351 -0.0430386 0.077431 0.458523 -0.779773 0.418202 0.0825648 0.037235
e_17_4 17 4 3 0.0125 0.290321 -0.0206479 0.0614588 0.473291 -0.640432 0.592691 0.120666 0.0208
e_1_18 1 18 1 0.0125 0.258934 -0.0872153 0.0988762 0.129592 0.918374 0.360024 0.100883 0.026708
e_18_19 18 19 2 0.0125 0.266593 -0.0922615 0.0718213 0.131791 0.933861 0.319039 0.0935382 0.030433
e_19_20 19 20 3 0.0125 0.272828 -0.099525 0.0473106 0.216831 0.959631 0.165308 0.0690305 0.022508
e_20_3 20 3 4 0.0125 0.279051 -0.108673 0.0291082 0.300787 0.886956 0.334722 0.103908 0.020351
