11
1 24 23
3 -0.105904 0.256905 0.0115211 0.0125
25 -0.12937 0.261782 0.0139242 0.0125
24 -0.173681 0.269988 0.019008 0.0125
4 -0.274202 0.223381 0.0588294 0.0125
23 -0.217538 0.266574 0.0295881 0.0125
1 -0.200588 0.281919 0.0272369 0.0125
22 -0.18194 0.274982 0.0242549 0.0125
21 -0.163558 0.265696 0.0198199 0.0125
6 -0.053001 0.148543 0.125735 0.0125
11 -0.0448714 0.137107 0.104066 0.0125
10 -0.0342586 0.128764 0.0850402 0.0125
9 -0.0249289 0.115976 0.0649869 0.0125
2 -0.00115573 0.0687166 0.0122716 0.0125
19 -0.129412 0.231517 0.013926 0.0125
8 -0.0154035 0.102625 0.0433129 0.0125
12 0.0167237 0.0743502 0.0192413 0.0125
13 0.0329004 0.0819274 0.0282354 0.0125
14 0.0484505 0.0928602 0.0344555 0.0125
15 0.0589807 0.108478 0.0411785 0.0125
5 0.0735878 0.11995 0.0485971 0.0125
16 -0.062737 0.133924 0.0148418 0.0125
17 -0.0976248 0.172534 0.0145048 0.0125
18 -0.114016 0.193549 0.0119385 0.0125
20 -0.144395 0.251857 0.0167383 0.0125
e_2_8 2 8 1 0.0125 -0.00827996 0.0856703 0.0277923 0.379731 -0.31086 0.2844 0.823581 0.048128
e_8_9 8 9 2 0.0125 -0.0201664 0.1093 0.0541492 0.291048 -0.255438 0.189822 0.902225 0.02718
e_9_10 9 10 3 0.0125 -0.0295936 0.12237 0.0750131 0.288579 -0.264961 0.193214 0.899548 0.025549
e_10_11 10 11 4 0.0125 -0.0395647 0.132935 0.0945536 0.197765 -0.272497 0.134042 0.932023 0.023328
e_11_6 11 6 5 0.0125 -0.0489365 0.142825 0.1149 0.287139 -0.225821 0.171206 0.915011 0.025815
e_2_12 2 12 1 0.0125 0.00778433 0.0715331 0.0157567 0.814939 -0.103538 0.561279 0.1006 0.02
e_12_13 12 13 2 0.0125 0.0248128 0.0781389 0.0237385 0.811151 -0.0676795 0.520149 0.258647 0.02
e_13_14 13 14 3 0.0125 0.0406751 0.0873935 0.0313455 0.775179 -0.184667 0.557151 0.233619 0.02
e_14_15 14 15 4 0.0125 0.0537157 0.100669 0.0378165 0.705253 -0.249355 0.519356 0.413171 0.02
e_15_5 15 5 5 0.0125 0.0662841 0.114214 0.0448882 0.772143 -0.163922 0.536358 0.298737 0.02
e_2_16 2 16 1 0.0125 -0.0319459 0.10132 0.0135562 0.2141 -0.607937 0.340722 0.684458 0.089726
e_16_17 16 17 2 0.0125 -0.0801812 0.153229 0.014673 0.220583 -0.616442 0.35105 0.669408 0.052039
e_17_18 17 18 3 0.0125 -0.10582 0.183041 0.013222 0.242638 -0.635206 0.380059 0.627053 0.026774
e_18_19 18 19 4 0.0125 -0.121714 0.212533 0.0129326 0.367896 -0.548032 0.418837 0.62361 0.041019
e_19_20 19 20 5 0.0125 -0.136903 0.241687 0.0153329 0.272005 -0.564184 0.355502 0.693779 0.025418
e_20_21 20 21 6 0.0125 -0.153976 0.258776 0.0182798 0.139483 -0.597331 0.280283 0.738364 0.023838
e_21_22 21 22 7 0.0125 -0.172749 0.270338 0.0220373 0.0748222 -0.585449 0.228044 0.774369 0.021067
e_22_1 22 1 8 0.0125 -0.191264 0.27845 0.0257452 0.0204653 -0.61756 0.210923 0.757438 0.020118
e_1_23 1 23 1 0.0125 -0.209063 0.274247 0.0284127 -0.456977 -0.668212 -0.0486029 0.585067 0.022984
e_23_4 23 4 2 0.0125 -0.245869 0.244978 0.0442082 -0.395594 -0.550255 -0.0859084 0.730305 0.077016
e_1_24 1 24 1 0.0125 -0.187135 0.275953 0.0231223 0.133165 -0.639234 0.475408 -0.589606 0.030561
e_24_25 24 25 2 0.0125 -0.151526 0.265885 0.0164665 0.427619 -0.475144 0.574708 -0.51097 0.045351
e_25_3 25 3 3 0.0125 -0.117637 0.259343 0.012723 0.417334 -0.474615 0.569762 -0.525303 0.024088
2 23 22
3 -0.160302 0.1128 0.0114579 0.0125
24 -0.131111 0.0789848 0.0373266 0.0125
4 -0.111212 -0.0526015 0.0553151 0.0125
23 -0.108325 -0.032906 0.0525822 0.0125
22 -0.107141 -0.0104495 0.0526575 0.0125
21 -0.106133 0.0103457 0.055631 0.0125
1 -0.104387 0.0463012 0.0609493 0.0125
12 0.081691 -0.265037 0.0197156 0.0125
11 0.0653831 -0.256347 0.027496 0.0125
10 0.0482576 -0.246701 0.0313054 0.0125
9 0.0299403 -0.239056 0.0354514 0.0125
2 -0.0332874 -0.235936 0.0621143 0.0125
19 -0.0911897 0.0051116 0.0506481 0.0125
8 0.00597902 -0.233499 0.0432384 0.0125
6 0.100043 -0.267066 0.0114843 0.0125
13 -0.0606401 -0.234616 0.0647816 0.0125
14 -0.10038 -0.233639 0.0684585 0.0125
5 -0.131253 -0.24383 0.0703068 0.0125
15 -0.0599629 -0.118406 0.0324437 0.0125
16 -0.0635147 -0.0811349 0.0298633 0.0125
17 -0.0738147 -0.0415934 0.0334797 0.0125
18 -0.0838275 -0.0134679 0.042119 0.0125
20 -0.0986454 0.024523 0.0555196 0.0125
e_2_8 2 8 1 0.0125 -0.0136541 -0.234717 0.0526768 0.53259 -0.0401631 0.845385 0.00773049 0.043635
e_8_9 8 9 2 0.0125 0.0179595 -0.236277 0.0393454 0.585106 0.0713144 0.803634 -0.0820801 0.025801
e_9_10 9 10 3 0.0125 0.0390986 -0.242878 0.0333781 0.615609 0.136126 0.76401 -0.137053 0.020278
e_10_11 10 11 4 0.0125 0.05682 -0.251524 0.0294004 0.613472 0.186603 0.748533 -0.168909 0.02002
e_11_12 11 12 5 0.0125 0.073537 -0.260692 0.0236058 0.53555 0.195372 0.809855 -0.138388 0.020051
e_12_6 12 6 6 0.0125 0.0908666 -0.266052 0.0155992 0.543027 0.0318087 0.838193 -0.0392713 0.020215
e_2_13 2 13 1 0.0125 -0.0469642 -0.235276 0.0634472 0.52619 0.449296 -0.499665 -0.521145 0.027515
e_13_14 13 14 2 0.0125 -0.0805111 -0.234128 0.0666202 0.517805 0.468926 -0.483789 -0.527195 0.039922
e_14_5 14 5 3 0.0125 -0.115817 -0.238735 0.0693833 0.45562 0.643065 -0.241036 -0.566374 0.032564
e_2_15 2 15 1 0.0125 -0.0466243 -0.177171 0.0472788 0.528681 -0.747636 0.246102 0.317757 0.124118
e_15_16 15 16 2 0.0125 -0.0617386 -0.0997705 0.0311531 0.635072 -0.702653 0.201642 0.249605 0.037528
e_16_17 16 17 3 0.0125 -0.0686643 -0.0613644 0.0316718 0.718348 -0.674996 -0.0173879 0.167494 0.041022
e_17_18 17 18 4 0.0125 -0.0788213 -0.0275299 0.0377995 0.797017 -0.579824 -0.157515 0.0612889 0.031079
e_18_19 18 19 5 0.0125 -0.0875086 -0.00417817 0.0463835 0.834421 -0.512855 -0.201784 0.00202425 0.021729
e_19_20 19 20 6 0.0125 -0.0949179 0.0148169 0.0530839 0.77984 -0.598966 -0.164965 0.076651 0.021357
e_20_1 20 1 7 0.0125 -0.101516 0.0354119 0.058234 0.779121 -0.613562 -0.0796107 0.10087 0.023167
e_1_21 1 21 1 0.0125 -0.10526 0.0283229 0.0582897 0.495991 0.597883 0.464348 -0.425336 0.036389
e_21_22 21 22 2 0.0125 -0.106637 -5.21541e-05 0.0541445 0.497943 0.597208 0.46264 -0.425863 0.02103
e_22_23 22 23 3 0.0125 -0.107733 -0.0216777 0.0526198 0.552075 0.576419 0.411606 -0.439927 0.022488
e_23_4 23 4 4 0.0125 -0.109769 -0.0427537 0.0539487 0.593178 0.570631 0.326147 -0.464917 0.020093
e_1_24 1 24 1 0.0125 -0.117749 0.0626426 0.0491379 0.215606 -0.778613 0.37137 0.457559 0.048378
e_24_3 24 3 2 0.0125 -0.145706 0.0958929 0.0243922 0.176131 -0.761014 0.41402 0.467358 0.051622
3 23 22
3 0.114403 -0.000926435 0.0411902 0.0125
24 0.0966954 -0.00795993 0.0351084 0.0125
23 0.0802796 -0.0174791 0.0287904 0.0125
22 0.0676012 -0.0310725 0.0214114 0.0125
21 0.0517533 -0.0420539 0.016095 0.0125
4 0.129051 -0.0740589 0.0386567 0.0125
20 0.112179 -0.0641712 0.0344646 0.0125
5 -0.0483466 0.214647 0.0116551 0.0125
10 -0.0928423 0.195474 0.0317725 0.0125
6 -0.217744 0.0644678 0.0114997 0.0125
9 -0.112511 0.188654 0.0398345 0.0125
2 -0.136405 0.184785 0.0469 0.0125
19 0.093385 -0.0582054 0.0311183 0.0125
8 -0.182385 0.109053 0.0297368 0.0125
11 -0.0549352 0.0823542 0.0305405 0.0125
12 -0.0383008 0.0542506 0.0207132 0.0125
13 -0.0172144 0.024293 0.0169574 0.0125
14 0.000394961 0.00453893 0.0202455 0.0125
15 0.0171125 -0.0174492 0.0151225 0.0125
16 0.0288718 -0.0355061 0.0118582 0.0125
1 0.0363327 -0.0546112 0.0139681 0.0125
18 0.074222 -0.0552429 0.0262193 0.0125
17 0.0553865 -0.053083 0.0198503 0.0125
e_2_8 2 8 1 0.0125 -0.159395 0.146919 0.0383185 0.247694 -0.112101 -0.763233 0.586136 0.090244
e_8_6 8 6 2 0.0125 -0.200065 0.0867601 0.0206189 -0.00418445 -0.506448 -0.629367 0.589398 0.059756
e_2_9 2 9 1 0.0125 -0.124458 0.18672 0.043367 0.559805 -0.403269 0.691002 -0.21566 0.025215
e_9_10 9 10 2 0.0125 -0.102677 0.192064 0.035803 0.539084 -0.491882 0.662286 -0.169758 0.022324
e_10_5 10 5 3 0.0125 -0.0705946 0.20506 0.0217145 0.534671 -0.522821 0.646831 -0.14965 0.052461
e_2_11 2 11 1 0.0125 -0.0956703 0.133569 0.0387197 0.492297 0.124572 0.739256 -0.442297 0.131898
e_11_12 11 12 2 0.0125 -0.0466183 0.0683026 0.0256265 0.343492 0.0634075 0.800034 -0.48779 0.034104
e_12_13 12 13 3 0.0125 -0.0277572 0.0392721 0.0188358 0.500604 0.169459 0.722683 -0.44543 0.036826
e_13_14 13 14 4 0.0125 -0.00840958 0.0144164 0.0186016 0.651578 0.212042 0.627215 -0.37025 0.026667
e_14_15 14 15 5 0.0125 0.00875373 -0.00645516 0.017684 0.448086 0.0969557 0.762741 -0.456118 0.028093
e_15_16 15 16 6 0.0125 0.0229928 -0.0264779 0.0134905 0.461329 0.157154 0.741743 -0.460756 0.021794
e_16_1 16 1 7 0.0125 0.032602 -0.0450584 0.0129128 0.64021 0.414796 0.526122 -0.37586 0.020619
e_1_17 1 17 1 0.0125 0.0458595 -0.0538476 0.016909 0.78546 -0.174137 0.567985 -0.173557 0.02
e_17_18 17 18 2 0.0125 0.0648042 -0.054163 0.0230348 0.784172 -0.0861096 0.577379 -0.210457 0.02
e_18_19 18 19 3 0.0125 0.0838039 -0.0567242 0.0286685 0.753363 -0.0907131 0.607695 -0.234356 0.02
e_19_20 19 20 4 0.0125 0.102782 -0.0611885 0.0327918 0.710202 -0.04517 0.643663 -0.28155 0.02
e_20_4 20 4 5 0.0125 0.120615 -0.0691153 0.0365607 0.713298 0.0754255 0.624103 -0.309858 0.02
e_1_21 1 21 1 0.0125 0.044043 -0.0483325 0.0150315 0.742757 -0.44842 0.495723 -0.038603 0.02
e_21_22 21 22 2 0.0125 0.0596767 -0.0365636 0.0187533 0.794338 -0.372178 0.47808 -0.0441476 0.02
e_22_23 22 23 3 0.0125 0.0739408 -0.0242758 0.0251006 0.826935 -0.398863 0.395531 0.0253268 0.02
e_23_24 23 24 4 0.0125 0.088488 -0.0127191 0.0319492 0.808955 -0.329718 0.483049 -0.0595097 0.02
e_24_3 24 3 5 0.0125 0.105549 -0.00444298 0.0381489 0.801363 -0.283557 0.517239 -0.0993833 0.02
4 23 22
3 0.0219003 -0.193795 0.0418394 0.0125
24 0.0396234 -0.203057 0.0421614 0.0125
23 0.0572526 -0.212501 0.0421985 0.0125
22 0.0743226 -0.222205 0.0383958 0.0125
21 0.0895926 -0.234672 0.0350207 0.0125
4 0.135952 -0.265196 0.122787 0.0125
20 0.130085 -0.253098 0.0863038 0.0125
11 -0.0441072 -0.0374987 0.0299315 0.0125
10 -0.0531815 -0.0227535 0.0399443 0.0125
6 0.0729729 0.0529104 0.0199044 0.0125
9 0.0442135 0.0423506 0.0315214 0.0125
2 -0.0596668 -0.00790628 0.0516703 0.0125
19 0.118932 -0.246271 0.0665891 0.0125
8 0.0254499 0.0344145 0.0365249 0.0125
12 -0.034469 -0.0521082 0.0202544 0.0125
13 -0.0238468 -0.0685121 0.0160013 0.0125
5 -0.0130577 -0.0849152 0.0121881 0.0125
14 0.03267 -0.168034 0.0144834 0.0125
15 0.0511699 -0.192858 0.0127495 0.0125
16 0.0660406 -0.206371 0.0118698 0.0125
17 0.0796777 -0.220716 0.0159174 0.0125
18 0.0927885 -0.234537 0.0222073 0.0125
1 0.1047 -0.247415 0.031957 0.0125
e_2_8 2 8 1 0.0125 -0.0171084 0.0132545 0.044097 0.597934 -0.577045 0.495676 -0.252584 0.096257
e_8_9 8 9 2 0.0125 0.0348317 0.0383825 0.0340231 0.563652 -0.574928 0.537316 -0.251089 0.020978
e_9_6 9 6 3 0.0125 0.0585936 0.0476307 0.0257127 0.519616 -0.571733 0.591936 -0.229634 0.032766
e_2_10 2 10 1 0.0125 -0.0564234 -0.0153298 0.0458075 -0.00710625 -0.369202 0.810455 -0.454755 0.02
e_10_11 10 11 2 0.0125 -0.0486444 -0.0301265 0.0349385 0.0445772 -0.386349 0.775267 -0.497703 0.02
e_11_12 11 12 3 0.0125 -0.0392881 -0.0448035 0.0250929 0.0569997 -0.390681 0.767667 -0.504783 0.02
e_12_13 12 13 4 0.0125 -0.0291578 -0.0603105 0.0181276 0.0566633 -0.36246 0.68917 -0.624866 0.02
e_13_5 13 5 5 0.0125 -0.0184521 -0.076714 0.0140944 0.0598473 -0.36149 0.681656 -0.633315 0.02
e_2_14 2 14 1 0.0125 -0.0134986 -0.0879709 0.0330768 0.0340097 -0.349959 0.690031 -0.632637 0.188547
e_14_15 14 15 2 0.0125 0.0419195 -0.180446 0.0136164 0.0859833 -0.357854 0.632381 -0.681646 0.031007
e_15_16 15 16 3 0.0125 0.0586051 -0.199614 0.0123099 0.173102 -0.396027 0.604169 -0.669461 0.020113
e_16_17 16 17 4 0.0125 0.0728598 -0.213543 0.0138938 0.137781 -0.347195 0.528475 -0.762356 0.020203
e_17_18 17 18 5 0.0125 0.0862327 -0.227627 0.0190625 0.133261 -0.327813 0.48557 -0.799376 0.020062
e_18_1 18 1 6 0.0125 0.0987441 -0.240976 0.0270822 0.11693 -0.290632 0.415505 -0.853941 0.020069
e_1_19 1 19 1 0.0125 0.111816 -0.246843 0.0492729 0.225541 -0.192052 0.0293711 -0.954665 0.037461
e_19_20 19 20 2 0.0125 0.124509 -0.249684 0.0764465 0.154273 -0.218702 0.188416 -0.944917 0.023657
e_20_4 20 4 3 0.0125 0.133019 -0.259147 0.104545 -0.0519964 -0.0848687 0.153763 -0.983082 0.038882
e_1_21 1 21 1 0.0125 0.0971467 -0.241043 0.0334884 -0.668496 0.133443 0.636862 0.360158 0.02
e_21_22 21 22 2 0.0125 0.0819577 -0.228439 0.036708 -0.686704 0.146844 0.627741 0.335879 0.02
e_22_23 22 23 3 0.0125 0.0657876 -0.217353 0.0402971 -0.752603 0.185383 0.608736 0.1693 0.02
e_23_24 23 24 4 0.0125 0.0484374 -0.20778 0.0421795 -0.662325 0.0963165 0.701184 0.245743 0.02
e_24_3 24 3 5 0.0125 0.0307613 -0.198426 0.042 -0.658098 0.0912149 0.706901 0.242647 0.02
5 20 19
3 -0.243695 0.202673 0.0118188 0.0125
21 -0.237443 0.146345 0.0291435 0.0125
4 -0.204484 0.0130773 0.0446124 0.0125
20 -0.222236 0.0895716 0.0464627 0.0125
11 0.0233114 0.057741 0.10994 0.0125
6 0.173442 0.0261006 0.0115113 0.0125
10 0.158919 0.0347053 0.0288792 0.0125
9 0.129931 0.0462869 0.0512144 0.0125
2 0.0617262 0.0807512 0.0932168 0.0125
19 -0.209581 0.102047 0.0459039 0.0125
8 0.105445 0.0573903 0.0631056 0.0125
12 0.00844512 0.045095 0.116518 0.0125
5 -0.0127041 0.0218506 0.119864 0.0125
13 0.0208996 0.0916894 0.0865358 0.0125
14 -0.0407219 0.0904087 0.0795025 0.0125
15 -0.114581 0.0879411 0.0711317 0.0125
16 -0.152244 0.0887542 0.0562969 0.0125
17 -0.172357 0.090851 0.0546468 0.0125
18 -0.191622 0.0947745 0.0508777 0.0125
1 -0.227814 0.110258 0.0454063 0.0125
e_2_8 2 8 1 0.0125 0.0835855 0.0690708 0.0781607 0.188292 0.867482 -0.0840585 0.45272 0.057998
e_8_9 8 9 2 0.0125 0.117688 0.0518386 0.05716 0.242331 0.837495 0.0288535 0.488923 0.029398
e_9_10 9 10 3 0.0125 0.144426 0.0404961 0.0400468 0.0628271 0.863387 -0.213352 0.452875 0.038384
e_10_6 10 6 4 0.0125 0.166181 0.030403 0.0201952 0.0839086 0.882437 -0.282563 0.366636 0.02422
e_2_11 2 11 1 0.0125 0.0425188 0.0692465 0.101579 0.641369 0.534382 -0.198764 -0.513396 0.0478
e_11_12 11 12 2 0.0125 0.0158783 0.0514184 0.11323 0.6674 0.563823 -0.149693 -0.462896 0.020596
e_12_5 12 5 3 0.0125 -0.00212948 0.0334723 0.118191 0.648625 0.651431 -0.15066 -0.363627 0.031604
e_2_13 2 13 1 0.0125 0.0413124 0.0862203 0.0898764 0.337526 0.525232 -0.549718 -0.554994 0.042792
e_13_14 13 14 2 0.0125 -0.00991115 0.091049 0.0830192 0.4255 0.583667 -0.464784 -0.512112 0.062035
e_14_15 14 15 3 0.0125 -0.0776516 0.0891748 0.0753176 0.428971 0.586316 -0.460989 -0.509615 0.074373
e_15_16 15 16 4 0.0125 -0.133413 0.0883476 0.0637143 0.348767 0.637545 -0.526063 -0.441764 0.040486
e_16_17 16 17 5 0.0125 -0.1623 0.089802 0.0554723 0.399827 0.545548 -0.492996 -0.547239 0.020289
e_17_18 17 18 6 0.0125 -0.181989 0.0928121 0.0527626 0.347055 0.549576 -0.540459 -0.534251 0.020019
e_18_19 18 19 7 0.0125 -0.200602 0.0984112 0.0483909 0.278861 0.517247 -0.59731 -0.545815 0.020004
e_19_1 19 1 8 0.0125 -0.218697 0.106153 0.0456547 0.321041 0.444498 -0.561136 -0.620066 0.020001
e_1_20 1 20 1 0.0125 -0.225025 0.0999148 0.045934 0.723318 0.65541 0.214046 -0.037858 0.02145
e_20_4 20 4 2 0.0125 -0.21336 0.0513244 0.0455376 0.698547 0.692988 0.177606 -0.0159717 0.07855
e_1_21 1 21 1 0.0125 -0.232629 0.128301 0.0372744 -0.0577992 0.299667 -0.780898 -0.54503 0.040737
e_21_3 21 3 2 0.0125 -0.240569 0.174509 0.0204811 -0.0879346 0.205809 -0.777055 -0.588298 0.059263
6 25 24
3 0.0708543 -0.027127 0.0659161 0.0125
26 0.0740896 -0.0248315 0.085843 0.0125
25 0.0823708 -0.0253331 0.106039 0.0125
24 0.0916416 -0.0241805 0.132306 0.0125
4 0.0951976 -0.125415 0.161738 0.0125
23 0.0988327 -0.0980005 0.16064 0.0125
22 0.10156 -0.0773667 0.161497 0.0125
21 0.103991 -0.0531164 0.161479 0.0125
1 0.102706 -0.0260615 0.160094 0.0125
12 -0.235247 -0.077932 0.024928 0.0125
11 -0.230421 -0.062876 0.0374154 0.0125
10 -0.221385 -0.0454351 0.0538587 0.0125
9 -0.206559 -0.0275079 0.0667584 0.0125
2 -0.180352 0.0104304 0.099614 0.0125
19 0.040107 -0.00265827 0.159015 0.0125
8 -0.186778 -0.0062179 0.0847635 0.0125
6 -0.240718 -0.0929134 0.0124793 0.0125
13 -0.161404 0.0178314 0.0967307 0.0125
14 -0.133733 0.0304587 0.093637 0.0125
15 -0.108906 0.038449 0.0871051 0.0125
5 -0.0902167 0.0487485 0.0817721 0.0125
16 -0.139808 0.0201423 0.11668 0.0125
17 -0.0836868 0.022057 0.130631 0.0125
18 -0.0368 0.0148645 0.143632 0.0125
20 0.0837304 -0.0149891 0.162356 0.0125
e_2_8 2 8 1 0.0125 -0.183565 0.00210641 0.0921882 0.421434 0.79981 -0.424426 0.0505946 0.023217
e_8_9 8 9 2 0.0125 -0.196669 -0.0168628 0.0757608 0.486436 0.631731 -0.603531 0.00677338 0.034187
e_9_10 9 10 3 0.0125 -0.213972 -0.0364716 0.0603087 0.507338 0.650991 -0.564516 0.0118515 0.0266
e_10_11 10 11 4 0.0125 -0.225903 -0.0541551 0.0456371 0.421309 0.762276 -0.489782 0.0393395 0.025616
e_11_12 11 12 5 0.0125 -0.232834 -0.0704041 0.0311723 0.432421 0.814686 -0.382326 0.0559015 0.020147
e_12_6 12 6 6 0.0125 -0.237983 -0.0854223 0.0187042 0.4355 0.801867 -0.405793 0.0517743 0.020233
e_2_13 2 13 1 0.0125 -0.170877 0.0141305 0.0981719 0.655433 -0.291174 0.696698 -0.0154107 0.020546
e_13_14 13 14 2 0.0125 -0.147568 0.0241449 0.0951845 0.669905 -0.3333 0.662948 -0.0252748 0.030572
e_14_15 14 15 3 0.0125 -0.12132 0.0344539 0.090371 0.61524 -0.243344 0.749841 -0.00149884 0.026887
e_15_5 15 5 4 0.0125 -0.0995613 0.0435987 0.0844386 0.614528 -0.417439 0.668563 -0.0335178 0.021995
e_2_16 2 16 1 0.0125 -0.160079 0.0152864 0.108146 0.8301 -0.141937 0.538927 -0.0186117 0.045048
e_16_17 16 17 2 0.0125 -0.111748 0.0210992 0.123655 0.787705 -0.0140306 0.615828 0.00892915 0.057861
e_17_18 17 18 3 0.0125 -0.0602433 0.0184613 0.137132 0.794716 0.110291 0.59638 0.0243736 0.049185
e_18_19 18 19 4 0.0125 0.00165353 0.00610362 0.151324 0.771001 0.16973 0.612764 0.0356396 0.080364
e_19_20 19 20 5 0.0125 0.061918 -0.0088237 0.160686 0.731001 0.228376 0.64117 0.0488238 0.045455
e_20_1 20 1 6 0.0125 0.0932182 -0.0205258 0.161226 0.665234 0.447331 0.592528 0.0791848 0.022087
e_1_21 1 21 1 0.0125 0.103349 -0.0395886 0.160787 0.722881 0.68856 -0.0190921 0.05444 0.02712
e_21_22 21 22 2 0.0125 0.102775 -0.065241 0.161488 0.705769 0.696964 -0.11774 0.0476384 0.024372
e_22_23 22 23 3 0.0125 0.100196 -0.087684 0.161068 0.690755 0.707114 -0.143465 0.0475963 0.020831
e_23_4 23 4 4 0.0125 0.0970148 -0.111708 0.161188 0.719702 0.68024 -0.132057 0.0431694 0.027676
e_1_24 1 24 1 0.0125 0.0971739 -0.0251206 0.146201 0.177681 0.198873 -0.96128 -0.0694183 0.02997
e_24_25 24 25 2 0.0125 0.0870062 -0.0247568 0.119173 0.164764 0.359313 -0.917598 -0.0419729 0.027878
e_25_26 25 26 3 0.0125 0.0782303 -0.0250822 0.0959407 0.183787 0.252164 -0.94811 -0.0610185 0.021834
e_26_3 26 3 4 0.0125 0.0724715 -0.0259787 0.0758795 0.0981062 0.569265 -0.816279 0.000802864 0.020317
7 21 20
3 -0.105619 0.114168 0.225551 0.0125
22 -0.108302 0.0724436 0.241079 0.0125
4 -0.0139647 0.00183111 0.269627 0.0125
21 -0.0332871 0.00780095 0.268549 0.0125
20 -0.0575106 0.0117142 0.26833 0.0125
6 0.153055 0.282272 0.0268972 0.0125
11 0.141864 0.267245 0.0339808 0.0125
10 0.130848 0.251941 0.0407178 0.0125
9 0.121427 0.235923 0.0481289 0.0125
2 0.0776816 0.168309 0.087836 0.0125
19 -0.0918655 0.0149889 0.265675 0.0125
8 0.0961539 0.200456 0.0676919 0.0125
12 0.0372479 0.16666 0.0827308 0.0125
5 -0.0188968 0.148649 0.0773009 0.0125
13 -0.0151536 0.0817903 0.190128 0.0125
14 -0.0380591 0.0572192 0.202656 0.0125
15 -0.0502144 0.0458578 0.215013 0.0125
16 -0.0658783 0.0366559 0.224271 0.0125
17 -0.0822725 0.0316372 0.234595 0.0125
18 -0.0976831 0.0261913 0.246157 0.0125
1 -0.110904 0.0204508 0.260028 0.0125
e_2_8 2 8 1 0.0125 0.0869173 0.184382 0.0777637 0.438231 -0.859317 -0.01655 -0.263163 0.042196
e_8_9 8 9 2 0.0125 0.108791 0.218189 0.0579103 0.444876 -0.839545 0.00660668 -0.311778 0.047742
e_9_10 9 10 3 0.0125 0.126138 0.243931 0.0444238 0.479011 -0.827675 -0.0132487 -0.29211 0.020007
e_10_11 10 11 4 0.0125 0.136355 0.259593 0.0373497 0.471238 -0.817398 0.00915401 -0.331227 0.020024
e_11_6 11 6 5 0.0125 0.147459 0.274759 0.0304391 0.46112 -0.822586 0.0126903 -0.332505 0.020032
e_2_12 2 12 1 0.0125 0.0574652 0.167484 0.0852836 0.332919 -0.632183 -0.403635 0.57148 0.040788
e_12_5 12 5 2 0.0125 0.00917597 0.157655 0.0800161 0.170109 -0.623756 -0.395953 0.652083 0.059212
e_2_13 2 13 1 0.0125 0.0312635 0.12505 0.138982 0.85975 0.184798 -0.389951 0.273164 0.162995
e_13_14 13 14 2 0.0125 -0.0266066 0.0695047 0.196392 0.0464169 -0.364699 -0.438483 0.820105 0.035853
e_14_15 14 15 3 0.0125 -0.0441365 0.0515381 0.208835 0.813919 0.14422 -0.425551 0.368298 0.020724
e_15_16 15 16 4 0.0125 -0.0580466 0.0412565 0.219642 0.562965 -0.163623 -0.496173 0.640399 0.020391
e_16_17 16 17 5 0.0125 -0.0740759 0.0341466 0.229433 0.714399 -0.150695 -0.46838 0.497539 0.020013
e_17_18 17 18 6 0.0125 -0.0899774 0.0289143 0.240375 0.774218 -0.0788018 -0.45282 0.435121 0.020021
e_18_1 18 1 7 0.0125 -0.104293 0.0233207 0.253092 0.886271 0.0535865 -0.387826 0.247473 0.020004
e_1_19 1 19 1 0.0125 -0.101385 0.01772 0.262851 0.213556 -0.513507 0.315008 -0.769074 0.020596
e_19_20 19 20 2 0.0125 -0.0746883 0.013352 0.267002 0.228272 -0.622753 0.271692 -0.697319 0.034613
e_20_21 20 21 3 0.0125 -0.0453986 0.00975794 0.268439 0.176764 -0.645126 0.281706 -0.687902 0.024538
e_21_4 21 4 4 0.0125 -0.0236252 0.00481632 0.269088 0.123592 -0.613177 0.312053 -0.715096 0.020253
e_1_22 1 22 1 0.0125 -0.109603 0.0464473 0.250553 0.561567 -0.809349 -0.126391 -0.116716 0.055399
e_22_3 22 3 2 0.0125 -0.106961 0.0933054 0.233315 0.557813 -0.811774 -0.122901 -0.121502 0.044601
8 24 23
3 0.0703836 0.183372 0.0128365 0.0125
25 0.0772191 0.180378 0.0313925 0.0125
24 0.0846173 0.175311 0.0492689 0.0125
23 0.0898026 0.164388 0.0651997 0.0125
22 0.0957201 0.155734 0.0822328 0.0125
4 0.0278339 0.21342 0.123257 0.0125
21 0.052031 0.194084 0.11833 0.0125
20 0.073663 0.172669 0.107452 0.0125
6 -0.331889 0.0515972 0.15783 0.0125
11 -0.305774 0.04961 0.148883 0.0125
10 -0.275618 0.0486235 0.142041 0.0125
9 -0.247867 0.0492201 0.139507 0.0125
2 -0.188988 0.0646915 0.121615 0.0125
19 0.0699887 0.139242 0.0968128 0.0125
8 -0.221014 0.0550784 0.130665 0.0125
12 -0.182387 0.0470522 0.128344 0.0125
13 -0.169919 0.0322842 0.133487 0.0125
14 -0.155284 0.0190172 0.13662 0.0125
15 -0.142532 0.00550398 0.144021 0.0125
5 -0.132259 -0.0101898 0.15096 0.0125
16 -0.0922474 0.0953287 0.116992 0.0125
17 -0.0272919 0.116119 0.10924 0.0125
18 0.0381236 0.135484 0.0978735 0.0125
1 0.0974473 0.146321 0.0997942 0.0125
e_2_8 2 8 1 0.0125 -0.205001 0.0598848 0.12614 0.386689 -0.423347 -0.436069 0.693609 0.034641
e_8_9 8 9 2 0.0125 -0.234441 0.0521494 0.135085 0.448352 -0.40911 -0.423682 0.672386 0.028872
e_9_10 9 10 3 0.0125 -0.261742 0.0489224 0.140773 0.443909 -0.529993 -0.416701 0.590265 0.027872
e_10_11 10 11 4 0.0125 -0.290697 0.0491166 0.145462 0.521351 -0.478197 -0.40095 0.582031 0.030939
e_11_6 11 6 5 0.0125 -0.318832 0.0506038 0.153356 0.582609 -0.436356 -0.38463 0.567644 0.027676
e_2_12 2 12 1 0.0125 -0.185687 0.0558722 0.124979 -0.768207 -0.575969 -0.00532131 -0.279445 0.02
e_12_13 12 13 2 0.0125 -0.176152 0.0396681 0.130915 -0.453212 -0.588781 0.157359 -0.650518 0.02
e_13_14 13 14 3 0.0125 -0.162601 0.0256509 0.135053 -0.363702 -0.631108 0.152932 -0.667859 0.02
e_14_15 14 15 4 0.0125 -0.148908 0.0122606 0.14032 -0.322154 -0.513664 0.226062 -0.762405 0.02
e_15_5 15 5 5 0.0125 -0.137396 -0.00234321 0.14749 -0.540823 -0.55047 0.153351 -0.617233 0.02
e_2_16 2 16 1 0.0125 -0.140618 0.0800105 0.119303 0.296895 -0.716192 0.0991234 -0.623777 0.101582
e_16_17 16 17 2 0.0125 -0.059769 0.105724 0.113116 0.27423 -0.741075 0.0853313 -0.606897 0.06864
e_17_18 17 18 3 0.0125 0.00541553 0.125802 0.103557 0.245211 -0.75909 0.0771375 -0.598084 0.069162
e_18_19 18 19 4 0.0125 0.0540558 0.137364 0.0973432 0.198107 -0.708151 0.122672 -0.666504 0.032103
e_19_1 19 1 5 0.0125 0.0837176 0.142781 0.0983034 0.326362 -0.655465 0.134487 -0.667658 0.028513
e_1_20 1 20 1 0.0125 0.0855547 0.159495 0.103623 0.743675 -0.569451 -0.26509 0.228911 0.036312
e_20_21 20 21 2 0.0125 0.0628468 0.183377 0.112891 0.776858 -0.512493 -0.262851 0.254464 0.032323
e_21_4 21 4 3 0.0125 0.0399327 0.203752 0.120793 0.696376 -0.575043 -0.301299 0.305948 0.031364
e_1_22 1 22 1 0.0125 0.0965838 0.151028 0.0910128 0.246358 -0.939362 -0.237984 -0.0164581 0.02
e_22_23 22 23 2 0.0125 0.0927618 0.160061 0.0737164 0.259763 -0.920863 -0.278955 0.0819695 0.02
e_23_24 23 24 3 0.0125 0.0872098 0.169849 0.057235 0.314754 -0.910521 -0.263134 0.0513956 0.02
e_24_25 24 25 4 0.0125 0.0809182 0.177844 0.0403307 0.183221 -0.92403 -0.305101 0.139686 0.02
e_25_3 25 3 5 0.0125 0.0738014 0.181875 0.0221145 0.126857 -0.932513 -0.307111 0.141459 0.02
9 20 19
3 -0.0161418 0.188155 0.128125 0.0125
21 0.0327639 0.186014 0.162781 0.0125
4 0.125378 0.235759 0.243672 0.0125
20 0.113014 0.224645 0.224946 0.0125
5 -0.169537 0.142205 0.155404 0.0125
10 -0.182033 0.130209 0.120682 0.0125
6 -0.140302 0.257359 0.0759955 0.0125
9 -0.186322 0.11874 0.0847975 0.0125
2 -0.187905 0.115863 0.0617497 0.0125
19 0.10048 0.216352 0.211215 0.0125
8 -0.148907 0.231694 0.0746376 0.0125
11 -0.106847 0.154375 0.104987 0.0125
12 -0.0692048 0.165084 0.137239 0.0125
13 -0.0486486 0.163823 0.153335 0.0125
14 -0.0271986 0.163034 0.16259 0.0125
15 -0.00819517 0.163834 0.169203 0.0125
16 0.00944554 0.167713 0.177813 0.0125
17 0.0269463 0.174195 0.185028 0.0125
18 0.0466651 0.176658 0.187304 0.0125
1 0.0655118 0.183143 0.185609 0.0125
e_2_8 2 8 1 0.0125 -0.168405 0.173778 0.068194 0.700232 -0.525752 0.413702 0.249219 0.122897
e_8_6 8 6 2 0.0125 -0.144605 0.244526 0.0753166 0.680408 -0.538227 0.430426 0.249181 0.027103
e_2_9 2 9 1 0.0125 -0.187114 0.117301 0.0732733 0.987817 -0.0566044 0.0423502 0.138638 0.02328
e_9_10 9 10 2 0.0125 -0.184177 0.124474 0.102739 0.971967 -0.14124 0.082722 0.168786 0.037917
e_10_5 10 5 3 0.0125 -0.175785 0.136207 0.138043 0.963069 -0.133138 0.186703 0.14112 0.038803
e_2_11 2 11 1 0.0125 -0.147375 0.135119 0.0833678 0.842859 -0.181108 0.50018 0.0812907 0.099615
e_11_12 11 12 2 0.0125 -0.0880253 0.15973 0.121112 0.902315 -0.0884098 0.417361 0.0618209 0.050713
e_12_13 12 13 3 0.0125 -0.0589269 0.164454 0.145287 0.898825 0.0273628 0.437451 0.00109151 0.026139
e_13_14 13 14 4 0.0125 -0.0379232 0.163428 0.157962 0.83518 0.00640568 0.549539 -0.0209845 0.023374
e_14_15 14 15 5 0.0125 -0.0176969 0.163434 0.165897 0.81492 -0.0322676 0.578568 -0.0111036 0.020138
e_15_16 15 16 6 0.0125 0.000624879 0.165774 0.173508 0.844988 -0.0936689 0.525432 0.0338081 0.020009
e_16_17 16 17 7 0.0125 0.0181956 0.170954 0.181421 0.822726 -0.158276 0.542814 0.0585113 0.020009
e_17_18 17 18 8 0.0125 0.0368048 0.175427 0.186166 0.746198 -0.0905103 0.659481 -0.00899254 0.020002
e_18_1 18 1 9 0.0125 0.0560882 0.179901 0.186456 0.675843 -0.208999 0.706177 0.0294799 0.020002
e_1_19 1 19 1 0.0125 0.0829959 0.199748 0.198412 0.844262 -0.285337 0.429074 0.14731 0.054602
e_19_20 19 20 2 0.0125 0.106747 0.220498 0.21808 0.907442 -0.17755 0.362234 0.117522 0.020357
e_20_4 20 4 3 0.0125 0.119196 0.230202 0.234309 0.923986 -0.194528 0.297087 0.141943 0.025041
e_1_21 1 21 1 0.0125 0.049137 0.184579 0.174195 0.0857982 -0.881797 -0.0873447 0.45546 0.040022
e_21_3 21 3 2 0.0125 0.0083104 0.187084 0.145453 0.0665803 -0.883614 -0.0901515 0.454605 0.059978
10 23 22
3 -0.185053 -0.436334 0.266728 0.0125
24 -0.160935 -0.436145 0.261917 0.0125
23 -0.137391 -0.433054 0.256808 0.0125
22 -0.11239 -0.427898 0.253109 0.0125
4 -0.125982 -0.35518 0.190758 0.0125
21 -0.116671 -0.363366 0.206453 0.0125
20 -0.108833 -0.376274 0.219566 0.0125
6 -0.169038 -0.0806748 0.0120754 0.0125
11 -0.156787 -0.0895046 0.0252243 0.0125
10 -0.148189 -0.0976743 0.0421661 0.0125
9 -0.138882 -0.105725 0.0585617 0.0125
2 -0.11493 -0.152623 0.128705 0.0125
19 -0.10146 -0.389939 0.23217 0.0125
8 -0.126125 -0.11676 0.0810867 0.0125
12 -0.0900617 -0.170707 0.150714 0.0125
5 -0.0409472 -0.189544 0.183883 0.0125
13 -0.107632 -0.177432 0.147639 0.0125
14 -0.0995112 -0.292781 0.209402 0.0125
15 -0.0963441 -0.325266 0.223479 0.0125
16 -0.0885728 -0.354266 0.235829 0.0125
17 -0.0923364 -0.390128 0.251588 0.0125
1 -0.0889062 -0.41902 0.256414 0.0125
18 -0.094105 -0.403581 0.244812 0.0125
e_2_8 2 8 1 0.0125 -0.120527 -0.134691 0.104896 -0.0392536 0.387464 -0.861629 -0.325461 0.060655
e_8_9 8 9 2 0.0125 -0.132503 -0.111243 0.0698238 0.225138 0.0609112 -0.946844 -0.22156 0.028141
e_9_10 9 10 3 0.0125 -0.143535 -0.1017 0.0503635 0.225924 0.0591859 -0.946776 -0.221517 0.020499
e_10_11 10 11 4 0.0125 -0.152488 -0.0935896 0.0336959 0.190597 0.118254 -0.946372 -0.232525 0.020681
e_11_6 11 6 5 0.0125 -0.162912 -0.0850897 0.0186499 0.387804 -0.238183 -0.878409 -0.145861 0.020024
e_2_12 2 12 1 0.0125 -0.102495 -0.161665 0.139709 0.414434 0.452417 -0.0655944 0.786931 0.037813
e_12_5 12 5 2 0.0125 -0.0655043 -0.180126 0.167298 0.365014 0.482036 0.0307836 0.795901 0.062187
e_2_13 2 13 1 0.0125 -0.111281 -0.165027 0.138172 0.512319 0.353797 -0.281879 0.730001 0.03205
e_13_14 13 14 2 0.0125 -0.103571 -0.235107 0.17852 0.524281 0.342154 -0.383882 0.678746 0.131096
e_14_15 14 15 3 0.0125 -0.0979276 -0.309023 0.216441 0.506911 0.374221 -0.402405 0.664131 0.035544
e_15_16 15 16 4 0.0125 -0.0924584 -0.339766 0.229654 0.476133 0.426184 -0.358012 0.680802 0.032465
e_16_17 16 17 5 0.0125 -0.0904545 -0.372197 0.243708 0.540373 0.307991 -0.452667 0.63893 0.039352
e_17_1 17 1 6 0.0125 -0.0906212 -0.404574 0.254001 0.459889 0.448001 -0.466342 0.608542 0.029492
e_1_18 1 18 1 0.0125 -0.0915054 -0.411301 0.250613 0.408843 -0.623597 -0.633392 -0.206854 0.02
e_18_19 18 19 2 0.0125 -0.0977827 -0.396761 0.238491 0.34426 -0.382487 -0.818377 -0.255827 0.02
e_19_20 19 20 3 0.0125 -0.105147 -0.383107 0.225868 0.347182 -0.388712 -0.814881 -0.253646 0.02
e_20_21 20 21 4 0.0125 -0.112752 -0.36982 0.213009 0.322059 -0.305824 -0.856905 -0.261655 0.02
e_21_4 21 4 5 0.0125 -0.121326 -0.359273 0.198606 0.241355 0.0217502 -0.944394 -0.222249 0.02
e_1_22 1 22 1 0.0125 -0.100648 -0.423459 0.254762 0.589156 -0.078199 -0.74776 0.296033 0.025323
e_22_23 22 23 2 0.0125 -0.124891 -0.430476 0.254959 0.654118 -0.207123 -0.620808 0.379244 0.025794
e_23_24 23 24 3 0.0125 -0.149163 -0.4346 0.259362 0.668131 -0.248861 -0.576979 0.398452 0.024289
e_24_3 24 3 4 0.0125 -0.172994 -0.43624 0.264322 0.672477 -0.308632 -0.553999 0.381583 0.024594
11 23 22
3 -0.292226 0.160002 0.0566543 0.0125
24 -0.297464 0.139607 0.0690752 0.0125
23 -0.294275 0.100781 0.094169 0.0125
4 -0.329532 0.145926 0.0503666 0.0125
22 -0.31998 0.130197 0.0582006 0.0125
21 -0.311455 0.117649 0.0712348 0.0125
20 -0.306097 0.105855 0.0864728 0.0125
10 -0.0796352 -0.0110079 0.168855 0.0125
5 -0.12053 -0.0429295 0.122551 0.0125
6 -0.16448 0.0430452 0.155394 0.0125
9 -0.091057 -0.0400888 0.138471 0.0125
2 -0.0422515 -0.0389986 0.183453 0.0125
19 -0.299884 0.0923359 0.0998382 0.0125
8 -0.0820961 -0.0120651 0.171196 0.0125
11 -0.156075 0.0324974 0.160133 0.0125
12 -0.169998 0.0468449 0.157021 0.0125
13 -0.185428 0.0613699 0.149972 0.0125
14 -0.202964 0.0710357 0.148377 0.0125
15 -0.221983 0.0755478 0.144049 0.0125
16 -0.241682 0.077001 0.140877 0.0125
17 -0.260293 0.0762921 0.133581 0.0125
18 -0.277795 0.0798943 0.124596 0.0125
1 -0.295993 0.0821508 0.116605 0.0125
e_2_8 2 8 1 0.0125 -0.0621738 -0.0255318 0.177324 -0.13449 0.735188 -0.288064 -0.59869 0.049631
e_8_6 8 6 2 0.0125 -0.123288 0.0154905 0.163294 -0.140403 0.708831 -0.276187 -0.633692 0.100369
e_2_9 2 9 1 0.0125 -0.0666544 -0.0395435 0.160962 0.106036 0.888529 -0.222096 -0.38723 0.066382
e_9_5 9 5 2 0.0125 -0.105794 -0.0415093 0.130511 0.144884 0.842879 -0.162288 -0.492165 0.033618
e_2_10 2 10 1 0.0125 -0.0609432 -0.0250034 0.176153 -0.148737 0.745561 -0.305469 -0.573329 0.04893
e_10_11 10 11 2 0.0125 -0.117856 0.0107452 0.164494 -0.11511 0.697476 -0.250737 -0.661368 0.088385
e_11_12 11 12 3 0.0125 -0.163036 0.0396709 0.158577 -0.226099 0.685439 -0.327228 -0.609897 0.020233
e_12_13 12 13 4 0.0125 -0.177713 0.0541076 0.153497 -0.190317 0.739285 -0.333564 -0.553147 0.022332
e_13_14 13 14 5 0.0125 -0.194196 0.0662027 0.149175 -0.110815 0.692662 -0.244771 -0.669348 0.020087
e_14_15 14 15 6 0.0125 -0.212474 0.0732921 0.146213 0.0122239 0.75509 -0.194781 -0.625899 0.020021
e_15_16 15 16 7 0.0125 -0.231833 0.0762744 0.142463 0.0771582 0.746986 -0.145872 -0.644034 0.020006
e_16_17 16 17 8 0.0125 -0.250988 0.0766462 0.137229 0.125886 0.811628 -0.153729 -0.549345 0.020002
e_17_18 17 18 9 0.0125 -0.269044 0.0780931 0.12909 0.0326591 0.82147 -0.223172 -0.52375 0.020001
e_18_1 18 1 10 0.0125 -0.286894 0.0810223 0.120601 0.062494 0.813 -0.196941 -0.544371 0.020003
e_1_19 1 19 1 0.0125 -0.29794 0.0872434 0.108222 -0.191234 0.855557 -0.432648 -0.210398 0.02
e_19_20 19 20 2 0.0125 -0.302991 0.0990955 0.0931553 -0.245871 0.805067 -0.431301 -0.324644 0.02
e_20_21 20 21 3 0.0125 -0.308776 0.111752 0.0788531 -0.213871 0.834314 -0.429968 -0.270752 0.02
e_21_22 21 22 4 0.0125 -0.315717 0.123922 0.0647172 -0.20557 0.814719 -0.402576 -0.363189 0.02
e_22_4 22 4 5 0.0125 -0.324756 0.138061 0.0542837 -0.276682 0.732277 -0.399536 -0.477062 0.02
e_1_23 1 23 1 0.0125 -0.295134 0.0914661 0.105387 -0.30488 0.799601 -0.494615 -0.151799 0.029213
e_23_24 23 24 2 0.0125 -0.295869 0.120193 0.0816217 -0.374142 0.728594 -0.489811 -0.298756 0.046339
e_24_3 24 3 3 0.0125 -0.294845 0.149804 0.0628648 -0.453378 0.681262 -0.538426 -0.201067 0.024448
