11
1 17 16
3 0.320516 -0.222753 0.0444551 0.0125
11 -0.0081394 0.00368776 0.0645712 0.0125
10 0.00743425 -0.00368367 0.0539708 0.0125
6 0.188489 -0.0252824 0.0292447 0.0125
9 0.131101 -0.0342093 0.0174813 0.0125
2 0.0416075 -0.0355717 0.0199602 0.0125
8 0.0939088 -0.0329435 0.0114837 0.0125
5 -0.0215975 0.0180043 0.0743888 0.0125
12 0.0718615 -0.0596093 0.0121794 0.0125
13 0.139927 -0.15171 0.0153131 0.0125
14 0.192198 -0.222811 0.0124312 0.0125
15 0.215156 -0.2462 0.0140545 0.0125
1 0.233511 -0.262805 0.0168557 0.0125
18 0.302703 -0.232061 0.0375242 0.0125
16 0.220099 -0.238613 0.0244299 0.0125
4 0.174112 -0.185621 0.0372237 0.0125
17 0.285338 -0.241607 0.0344099 0.0125
e_2_8 2 8 1 0.0125 0.0677588 -0.0342578 0.015722 0.357213 -0.65568 0.387266 -0.54084 0.053049
e_8_9 8 9 2 0.0125 0.112505 -0.0335767 0.0144823 0.34395 -0.568169 0.312457 -0.679156 0.037694
e_9_6 9 6 3 0.0125 0.159795 -0.0297458 0.0233639 0.422036 -0.577427 0.259449 -0.648961 0.059257
e_2_10 2 10 1 0.0125 0.0245213 -0.0196276 0.0369658 -0.095587 0.362972 -0.272152 -0.886029 0.057805
e_10_11 10 11 2 0.0125 -0.000352506 2.45691e-06 0.0592716 -0.859031 0.283742 0.396855 -0.155116 0.02023
e_11_5 11 5 3 0.0125 -0.0148688 0.0108463 0.0694803 0.389484 -0.495631 0.175696 0.756163 0.021965
e_2_12 2 12 1 0.0125 0.0567345 -0.0475905 0.0160698 0.0555391 -0.561281 0.5326 -0.631044 0.039417
e_12_13 12 13 2 0.0125 0.105894 -0.10566 0.0137454 -0.0602154 -0.460129 0.52403 -0.714176 0.114565
e_13_14 13 14 3 0.0125 0.166062 -0.18726 0.0138713 -0.0611907 -0.474905 0.539242 -0.692777 0.088294
e_14_15 14 15 4 0.0125 0.203677 -0.234505 0.0132431 0.00352636 -0.480517 0.494335 -0.724378 0.032815
e_15_1 15 1 5 0.0125 0.224333 -0.254503 0.0154554 0.0312057 -0.474877 0.467186 -0.745154 0.02491
e_1_16 1 16 1 0.0125 0.226805 -0.250709 0.0206431 0.622286 -0.598302 0.0999405 0.49478 0.028679
e_16_4 16 4 2 0.0125 0.197106 -0.212117 0.0308268 0.190545 -0.526746 0.364482 0.743898 0.071321
e_1_17 1 17 1 0.0125 0.259425 -0.252206 0.0256334 0.512422 -0.565397 0.175378 -0.622087 0.058682
e_17_18 17 18 2 0.0125 0.294021 -0.236834 0.0359667 0.550927 -0.619261 0.197178 -0.523561 0.020058
e_18_3 18 3 3 0.0125 0.31161 -0.227407 0.0409899 0.545735 -0.562028 0.145312 -0.604303 0.02126
2 20 19
3 -0.111395 -0.171465 0.0897957 0.0125
21 -0.105201 -0.199753 0.0545213 0.0125
4 -0.172683 -0.287593 0.0355418 0.0125
20 -0.154517 -0.274334 0.0286812 0.0125
6 0.0121696 -0.123954 0.0693765 0.0125
11 0.0298831 -0.105065 0.0712311 0.0125
10 0.04703 -0.082856 0.0648941 0.0125
9 0.0598064 -0.0657369 0.0600434 0.0125
2 0.0943396 -0.00357445 0.044264 0.0125
19 -0.137242 -0.264477 0.0240151 0.0125
8 0.0706929 -0.0504224 0.0524955 0.0125
12 0.0510776 -0.0164465 0.0578081 0.0125
13 0.0270729 -0.0248367 0.0632497 0.0125
5 0.00499991 -0.0367517 0.0728859 0.0125
14 -0.00392234 -0.10093 0.0379129 0.0125
15 -0.0565344 -0.180119 0.0227568 0.0125
16 -0.0679645 -0.197435 0.0195143 0.0125
17 -0.0820912 -0.215275 0.0123304 0.0125
1 -0.0935698 -0.232132 0.0124314 0.0125
18 -0.113016 -0.251125 0.0179098 0.0125
e_2_8 2 8 1 0.0125 0.0825158 -0.0269979 0.0483796 0.741267 0.501532 -0.413503 0.167347 0.053119
e_8_9 8 9 2 0.0125 0.0652494 -0.0580795 0.056269 0.818855 0.401838 -0.39006 0.125921 0.020248
e_9_10 9 10 3 0.0125 0.0534185 -0.0742966 0.0624692 0.772504 0.437829 -0.4445 0.118169 0.021906
e_10_11 10 11 4 0.0125 0.0384566 -0.0939606 0.0680626 0.772834 0.433553 -0.449317 0.113461 0.028765
e_11_6 11 6 5 0.0125 0.021026 -0.11451 0.070304 0.676878 0.472893 -0.558648 0.0782446 0.025962
e_2_12 2 12 1 0.0125 0.0727093 -0.0100103 0.0510363 0.799844 0.214546 -0.557015 -0.062882 0.047124
e_12_13 12 13 2 0.0125 0.0390756 -0.0206415 0.0605281 0.775668 0.248483 -0.577612 -0.0544007 0.026005
e_13_5 13 5 3 0.0125 0.0160359 -0.0307937 0.0680677 0.824203 0.269685 -0.497954 -0.0011604 0.026871
e_2_14 2 14 1 0.0125 0.0452089 -0.0522525 0.0410889 0.687351 0.455964 -0.561275 0.0679418 0.13847
e_14_15 14 15 2 0.0125 -0.0302281 -0.140525 0.0303352 0.636847 0.540403 -0.535423 0.12535 0.096273
e_15_16 15 16 3 0.0125 -0.0622488 -0.188777 0.0211358 0.637834 0.540658 -0.533752 0.126352 0.021001
e_16_17 16 17 4 0.0125 -0.0750276 -0.206355 0.0159227 0.58348 0.543643 -0.595804 0.094978 0.023863
e_17_1 17 1 5 0.0125 -0.0878302 -0.223703 0.0123813 0.69743 0.502583 -0.494894 0.126814 0.020394
e_1_18 1 18 1 0.0125 -0.103293 -0.241628 0.0151712 0.770398 0.398196 -0.492618 0.0724896 0.02773
e_18_19 18 19 2 0.0125 -0.12513 -0.257801 0.0209625 0.779573 0.306254 -0.5463 -0.00562156 0.028327
e_19_20 19 20 3 0.0125 -0.14588 -0.269406 0.0263486 0.78371 0.308356 -0.53918 -0.000757798 0.020429
e_20_4 20 4 4 0.0125 -0.1636 -0.280964 0.032112 0.802958 0.330161 -0.495071 0.0340122 0.023513
e_1_21 1 21 1 0.0125 -0.0993856 -0.215943 0.0334769 0.926203 -0.290277 -0.16914 -0.171113 0.054361
e_21_3 21 3 2 0.0125 -0.108298 -0.18561 0.0721586 0.926969 -0.311466 -0.128598 -0.164866 0.045639
3 26 25
3 -0.121236 -0.0142917 0.0604225 0.0125
27 -0.106424 -0.000881797 0.0613316 0.0125
26 -0.0909178 0.01161 0.0594597 0.0125
25 -0.0799129 0.0282899 0.0602663 0.0125
24 -0.0688308 0.0449221 0.0610327 0.0125
4 -0.10609 -0.0198278 0.0310134 0.0125
23 -0.0988204 -0.00233724 0.0374377 0.0125
22 -0.0910794 0.0145896 0.0447538 0.0125
21 -0.0787366 0.0291778 0.050659 0.0125
20 -0.0661728 0.0435525 0.056616 0.0125
6 -0.0262978 0.259065 0.130842 0.0125
11 -0.00827814 0.261412 0.139216 0.0125
10 0.00975776 0.263779 0.147611 0.0125
9 0.0275469 0.268926 0.155408 0.0125
2 0.107512 0.269841 0.196317 0.0125
19 -0.0432624 0.072909 0.0714069 0.0125
8 0.0561781 0.26854 0.171208 0.0125
12 0.124775 0.279222 0.200056 0.0125
13 0.141242 0.287939 0.207326 0.0125
14 0.158205 0.297223 0.212433 0.0125
15 0.175898 0.305724 0.216262 0.0125
5 0.195415 0.308953 0.219209 0.0125
16 0.00324508 0.147121 0.112197 0.0125
17 -0.0291134 0.109456 0.0878626 0.0125
18 -0.0369509 0.0906401 0.0802798 0.0125
1 -0.0551621 0.059514 0.0615168 0.0125
e_2_8 2 8 1 0.0125 0.0818452 0.269191 0.183763 -0.500243 -0.298302 0.794129 0.173587 0.05716
e_8_9 8 9 2 0.0125 0.0418629 0.268734 0.163309 -0.483443 -0.255225 0.822456 0.157193 0.032703
e_9_10 9 10 3 0.0125 0.0186527 0.266353 0.15151 -0.542079 -0.38628 0.738107 0.110161 0.020094
e_10_11 10 11 4 0.0125 0.000740077 0.262596 0.143414 -0.518261 -0.334621 0.773011 0.147946 0.020034
e_11_6 11 6 5 0.0125 -0.0172878 0.260239 0.135029 -0.518283 -0.33489 0.772733 0.148711 0.020009
e_2_12 2 12 1 0.0125 0.116144 0.274531 0.198187 0.19496 0.464939 0.43628 0.745307 0.02
e_12_13 12 13 2 0.0125 0.133009 0.283581 0.203691 0.19463 0.422322 0.374025 0.802414 0.02
e_13_14 13 14 3 0.0125 0.149724 0.29258 0.209879 0.193329 0.447593 0.414716 0.768307 0.02
e_14_15 14 15 4 0.0125 0.167051 0.301473 0.214348 0.209165 0.477009 0.420387 0.742958 0.02
e_15_5 15 5 5 0.0125 0.185656 0.307339 0.217735 0.288651 0.55495 0.344049 0.700244 0.02
e_2_16 2 16 1 0.0125 0.055379 0.208481 0.154257 -0.263129 0.146084 0.842711 -0.446386 0.18168
e_16_17 16 17 2 0.0125 -0.0129343 0.128289 0.10003 -0.299329 0.0918553 0.84356 -0.436315 0.055298
e_17_18 17 18 3 0.0125 -0.033032 0.100048 0.0840716 0.506716 0.818337 0.0682976 -0.262484 0.021748
e_18_19 18 19 4 0.0125 -0.0401072 0.0817749 0.0758431 0.437187 0.813085 0.228279 -0.309271 0.020807
e_19_1 19 1 5 0.0125 -0.0492128 0.0662119 0.0664616 -0.277336 0.128061 0.8516 -0.425984 0.020466
e_1_20 1 20 1 0.0125 -0.0606679 0.0515334 0.0590666 -0.605366 -0.716442 0.3305 0.10494 0.02
e_20_21 20 21 2 0.0125 -0.0724543 0.0363653 0.053638 -0.565724 -0.421511 0.686474 -0.176178 0.02
e_21_22 21 22 3 0.0125 -0.0849076 0.0218839 0.0477069 -0.558641 -0.40237 0.69694 -0.200731 0.02
e_22_23 22 23 4 0.0125 -0.0949497 0.00612659 0.0410958 0.446829 0.805502 0.184633 -0.342666 0.02
e_23_4 23 4 5 0.0125 -0.102455 -0.0110821 0.0342257 0.546769 0.812072 -0.0336652 -0.20112 0.02
e_1_24 1 24 1 0.0125 -0.0619962 0.052218 0.0612741 -0.308797 -0.66969 -0.252219 0.626534 0.02
e_24_25 24 25 2 0.0125 -0.074372 0.0366054 0.0606498 0.0742944 -0.332987 -0.63896 0.689442 0.02
e_25_26 25 26 3 0.0125 -0.0854154 0.0199503 0.0598638 0.0877037 -0.31779 -0.647435 0.687128 0.02
e_26_27 26 27 4 0.0125 -0.0986715 0.00536432 0.0603958 -0.354477 -0.662547 -0.119349 0.648948 0.02
e_27_3 27 3 5 0.0125 -0.11383 -0.00758714 0.0608769 -0.431463 -0.72164 -0.044236 0.539554 0.02
4 19 18
3 -0.0657545 0.0762686 0.0114802 0.0125
20 -0.0541782 0.0863903 0.0277759 0.0125
19 -0.0408289 0.0911839 0.0479481 0.0125
10 0.10492 0.0272566 0.056565 0.0125
5 0.264806 -0.0994413 0.0746372 0.0125
6 0.387636 0.0392491 0.062796 0.0125
9 0.260809 -0.0554189 0.0405725 0.0125
2 0.261372 -0.0221552 0.0114824 0.0125
8 0.31989 0.000813185 0.0383383 0.0125
11 0.077261 0.0450481 0.0591671 0.0125
12 0.0418977 0.0670582 0.0632491 0.0125
13 0.0156318 0.0872917 0.0710388 0.0125
1 0.000719182 0.0992317 0.0796343 0.0125
18 -0.0240461 0.095656 0.0603062 0.0125
14 -0.0113952 0.104121 0.0644915 0.0125
15 -0.0257952 0.112402 0.0533522 0.0125
16 -0.0349131 0.120941 0.0377339 0.0125
17 -0.0437884 0.13417 0.0256407 0.0125
4 -0.0483381 0.147545 0.0114835 0.0125
e_2_8 2 8 1 0.0125 0.290631 -0.0106713 0.02491 0.815729 -0.305008 0.458848 -0.176113 0.068359
e_8_6 8 6 2 0.0125 0.353763 0.0200305 0.0505671 0.795625 -0.370931 0.461104 -0.129517 0.081641
e_2_9 2 9 1 0.0125 0.261091 -0.038787 0.0260274 0.758512 0.348162 0.222839 -0.50377 0.044193
e_9_5 9 5 2 0.0125 0.262808 -0.0774298 0.0576054 0.739288 0.339514 0.282 -0.508586 0.055807
e_2_10 2 10 1 0.0125 0.183146 0.00255137 0.0340235 0.793432 -0.221581 -0.564292 0.0542389 0.170151
e_10_11 10 11 2 0.0125 0.0910901 0.0361527 0.0578655 0.694268 -0.533286 -0.419709 0.239674 0.03299
e_11_12 11 12 3 0.0125 0.0595798 0.0560532 0.0612083 0.704964 -0.512985 -0.433689 0.227565 0.041852
e_12_13 12 13 4 0.0125 0.0287654 0.0771747 0.0671438 0.763005 -0.481511 -0.392158 0.179396 0.034059
e_13_1 13 1 5 0.0125 0.00817593 0.0932617 0.0753367 0.834301 -0.385348 -0.382542 0.095442 0.020948
e_1_14 1 14 1 0.0125 -0.00533807 0.101676 0.0720632 -0.0960801 -0.73877 0.576889 0.334942 0.02
e_14_15 14 15 2 0.0125 -0.0185957 0.108262 0.0589216 0.145773 -0.863493 0.181295 0.447508 0.02
e_15_16 15 16 3 0.0125 -0.030354 0.116671 0.0455427 0.0495735 -0.777609 0.534594 0.327223 0.02
e_16_17 16 17 4 0.0125 -0.0393507 0.127556 0.0316873 0.258209 -0.838226 0.315739 0.361958 0.02
e_17_4 17 4 5 0.0125 -0.0460633 0.140857 0.0185624 0.246107 -0.791042 0.477688 0.2924 0.02
e_1_18 1 18 1 0.0125 -0.0116632 0.0974435 0.0699699 -0.433276 -0.289886 0.849488 0.0812917 0.031618
e_18_19 18 19 2 0.0125 -0.0324376 0.09342 0.0541263 -0.433573 0.062362 0.886552 -0.148828 0.021317
e_19_20 19 20 3 0.0125 -0.0475032 0.0887872 0.0378614 -0.298612 -0.192302 0.933829 -0.0425832 0.024659
e_20_3 20 3 4 0.0125 -0.0599659 0.0813295 0.0196283 -0.22474 0.182805 0.91117 -0.29299 0.022406
5 22 21
3 0.340379 -0.0304504 0.134979 0.0125
23 0.313404 -0.0438867 0.116916 0.0125
22 0.297037 -0.0516455 0.10487 0.0125
4 0.176904 -0.0322169 0.0506255 0.0125
21 0.214339 -0.0415896 0.0585704 0.0125
1 0.264523 -0.0670172 0.0810963 0.0125
11 0.333566 0.163282 0.0300295 0.0125
6 0.297047 0.178108 0.132623 0.0125
10 0.32447 0.183181 0.107169 0.0125
9 0.338211 0.181554 0.0903021 0.0125
2 0.382299 0.183427 0.011494 0.0125
19 0.292325 -0.0392652 0.0873418 0.0125
8 0.359749 0.180367 0.0508153 0.0125
5 0.29611 0.144264 0.0434655 0.0125
12 0.375104 0.123063 0.0327519 0.0125
13 0.350151 0.0572385 0.0566954 0.0125
14 0.343425 0.0388728 0.0647029 0.0125
15 0.339087 0.0214258 0.073675 0.0125
16 0.332752 0.00319646 0.0789607 0.0125
17 0.321366 -0.0122603 0.0845872 0.0125
18 0.306957 -0.0256557 0.0881854 0.0125
20 0.277477 -0.0525993 0.0860291 0.0125
e_2_8 2 8 1 0.0125 0.371024 0.181897 0.0311548 0.797901 0.173593 -0.192653 -0.544154 0.045432
e_8_9 8 9 2 0.0125 0.348979 0.180961 0.070559 -0.0998338 -0.244297 0.0389909 0.963759 0.044994
e_9_10 9 10 3 0.0125 0.33134 0.182367 0.0987362 -0.914391 -0.0413401 0.33426 0.224609 0.021817
e_10_6 10 6 4 0.0125 0.310758 0.180644 0.119896 -0.663304 0.220148 0.33833 -0.630155 0.037757
e_2_11 2 11 1 0.0125 0.357932 0.173355 0.0207622 -0.430402 0.337395 0.469425 -0.693224 0.055896
e_11_5 11 5 2 0.0125 0.314837 0.153772 0.0367473 -0.349111 0.358709 0.467987 -0.728311 0.044104
e_2_12 2 12 1 0.0125 0.378702 0.153245 0.0221227 0.538872 0.431162 0.38608 -0.612093 0.064401
e_12_13 12 13 2 0.0125 0.362628 0.0901506 0.044723 0.374509 0.43397 0.38816 -0.721626 0.074356
e_13_14 13 14 3 0.0125 0.346787 0.0480558 0.0606988 0.411561 0.425821 0.359473 -0.721161 0.021135
e_14_15 14 15 4 0.0125 0.341256 0.03015 0.069189 0.5226 0.413823 0.324768 -0.670944 0.020092
e_15_16 15 16 5 0.0125 0.335919 0.0123107 0.0763184 0.36833 0.441907 0.415503 -0.704563 0.020011
e_16_17 16 17 6 0.0125 0.327059 -0.00453234 0.0817745 0.126869 0.42754 0.420201 -0.790281 0.020004
e_17_18 17 18 7 0.0125 0.314161 -0.0189576 0.0863862 -0.0843159 0.418308 0.484851 -0.763433 0.020001
e_18_19 18 19 8 0.0125 0.299642 -0.0324608 0.0877633 -0.119401 0.435803 0.575476 -0.681651 0.02
e_19_20 19 20 9 0.0125 0.284902 -0.0459322 0.086685 -0.135949 0.435242 0.585989 -0.669851 0.02
e_20_1 20 1 10 0.0125 0.271 -0.0598082 0.0835631 -0.0690528 0.458247 0.642905 -0.609849 0.02
e_1_21 1 21 1 0.0125 0.239431 -0.0543027 0.0698338 -0.555479 0.272442 0.782068 0.0747553 0.0606
e_21_4 21 4 2 0.0125 0.195621 -0.0369025 0.054598 -0.627853 0.270957 0.726233 -0.0704895 0.0394
e_1_22 1 22 1 0.0125 0.28078 -0.0593316 0.092983 0.625 0.158027 0.446439 0.62056 0.043112
e_22_23 22 23 2 0.0125 0.30522 -0.0477668 0.110893 0.625206 0.157357 0.445377 0.621286 0.021753
e_23_3 23 3 3 0.0125 0.326892 -0.0371689 0.125947 0.606389 0.163244 0.465081 0.623974 0.035135
6 20 19
3 -0.0184267 -0.267491 0.0984389 0.0125
21 -0.00425721 -0.25418 0.0925494 0.0125
20 0.00445207 -0.237577 0.085162 0.0125
19 0.0141494 -0.222027 0.0753183 0.0125
11 0.14702 0.137235 0.0469337 0.0125
10 0.132825 0.111036 0.0635627 0.0125
6 0.124623 0.228126 0.0426906 0.0125
9 0.127111 0.14227 0.0670444 0.0125
2 0.121801 0.0852677 0.0869997 0.0125
8 0.124743 0.121776 0.0725853 0.0125
5 0.162615 0.161482 0.0414725 0.0125
12 0.0865668 -0.0609599 0.0712835 0.0125
13 0.0693123 -0.100146 0.0631665 0.0125
14 0.0643421 -0.123824 0.0636883 0.0125
15 0.0616564 -0.142941 0.0584493 0.0125
16 0.0536092 -0.161984 0.0573396 0.0125
17 0.041342 -0.177813 0.0546986 0.0125
1 0.0291542 -0.193734 0.0535334 0.0125
18 0.0438775 -0.176569 0.0403382 0.0125
4 0.0926517 -0.12823 0.0132552 0.0125
e_2_8 2 8 1 0.0125 0.123272 0.103522 0.0797929 -0.361865 0.478716 -0.673746 -0.431221 0.039361
e_8_9 8 9 2 0.0125 0.125927 0.132023 0.0698153 0.603483 -0.770076 0.191535 0.0781378 0.021362
e_9_6 9 6 3 0.0125 0.125866 0.185197 0.0548676 0.365512 -0.46497 -0.648226 -0.479591 0.089277
e_2_10 2 10 1 0.0125 0.127313 0.0981517 0.0752807 -0.28503 0.824235 0.376012 0.313064 0.036535
e_10_11 10 11 2 0.0125 0.139923 0.124135 0.0552477 -0.0900571 0.539125 0.67305 0.498235 0.034123
e_11_5 11 5 3 0.0125 0.154818 0.149358 0.0442033 0.361898 -0.024389 0.769724 0.525319 0.029341
e_2_12 2 12 1 0.0125 0.104184 0.012154 0.0791421 0.667703 0.732714 -0.122843 -0.047041 0.151231
e_12_13 12 13 2 0.0125 0.0779395 -0.0805531 0.0672256 0.63029 0.744161 -0.198373 -0.0980112 0.043579
e_13_14 13 14 3 0.0125 0.0668272 -0.111985 0.0634269 0.713628 0.691317 -0.106378 -0.0387352 0.0242
e_14_15 14 15 4 0.0125 0.0629992 -0.133383 0.0610684 0.607236 0.78954 -0.0869647 -0.018144 0.020003
e_15_16 15 16 5 0.0125 0.0576328 -0.152462 0.0578943 0.681404 0.700969 -0.188269 -0.0942591 0.020703
e_16_17 16 17 6 0.0125 0.0474751 -0.169898 0.0560194 0.63761 0.691883 -0.294419 -0.167536 0.0202
e_17_1 17 1 7 0.0125 0.0352481 -0.185773 0.0541158 0.665941 0.667279 -0.289384 -0.165886 0.020084
e_1_18 1 18 1 0.0125 0.0365164 -0.185151 0.0469357 0.0136637 0.546283 0.673466 0.497827 0.026182
e_18_4 18 4 2 0.0125 0.0682641 -0.1524 0.0267972 0.18353 0.365237 0.741651 0.531857 0.073818
e_1_19 1 19 1 0.0125 0.0216524 -0.207881 0.0644253 0.878121 0.435483 -0.170692 -0.10061 0.038733
e_19_20 19 20 2 0.0125 0.00930074 -0.229802 0.0802402 0.849424 0.469864 -0.206442 -0.122836 0.020803
e_20_21 20 21 3 0.0125 9.74323e-05 -0.245879 0.0888557 0.819309 0.528631 -0.193029 -0.109644 0.020152
e_21_3 21 3 4 0.0125 -0.0113419 -0.260836 0.0954937 0.77821 0.502599 -0.320044 -0.19838 0.020313
7 24 23
3 -0.317718 -0.209093 0.0414761 0.0125
25 -0.299867 -0.202097 0.0357873 0.0125
24 -0.28416 -0.190055 0.0329052 0.0125
23 -0.267669 -0.178757 0.0322585 0.0125
22 -0.248786 -0.172252 0.0312116 0.0125
4 -0.325811 -0.165685 0.011468 0.0125
21 -0.299184 -0.162008 0.0122155 0.0125
20 -0.27087 -0.163964 0.017366 0.0125
11 -0.235299 0.140858 0.0470763 0.0125
10 -0.219711 0.133361 0.0365411 0.0125
6 -0.319919 0.126292 0.0191419 0.0125
9 -0.198114 0.121808 0.0245427 0.0125
2 -0.171429 0.115247 0.0123418 0.0125
19 -0.225956 -0.148263 0.035433 0.0125
8 -0.279993 0.128872 0.0123344 0.0125
5 -0.252742 0.148966 0.0585677 0.0125
12 -0.181642 0.0660751 0.0300879 0.0125
13 -0.192494 0.0302734 0.0368897 0.0125
14 -0.218555 -0.0353655 0.0449483 0.0125
15 -0.230263 -0.05985 0.0468813 0.0125
16 -0.235042 -0.0808545 0.0434436 0.0125
17 -0.232732 -0.103785 0.0412259 0.0125
18 -0.229448 -0.128693 0.0380154 0.0125
1 -0.229312 -0.167783 0.0321211 0.0125
e_2_8 2 8 1 0.0125 -0.225711 0.12206 0.0123386 0.696078 0.0366215 -0.706182 -0.124265 0.109416
e_8_6 8 6 2 0.0125 -0.299956 0.127582 0.0157377 0.760812 0.101174 -0.637101 -0.0709246 0.040584
e_2_9 2 9 1 0.0125 -0.184771 0.118527 0.0184428 0.817926 -0.0107121 -0.544961 -0.184121 0.030066
e_9_10 9 10 2 0.0125 -0.208913 0.127585 0.0305419 0.807389 -0.0940545 -0.520774 -0.260906 0.027275
e_10_11 10 11 3 0.0125 -0.227505 0.13711 0.0418083 0.835656 -0.0776416 -0.483597 -0.248563 0.020253
e_11_5 11 5 4 0.0125 -0.244021 0.144913 0.0528221 0.834573 -0.0736485 -0.488017 -0.244749 0.022406
e_2_12 2 12 1 0.0125 -0.176536 0.0906611 0.0212154 0.756455 0.479632 -0.321506 0.307186 0.053265
e_12_13 12 13 2 0.0125 -0.187068 0.0481742 0.0334893 0.699879 0.482604 -0.421501 0.315596 0.038024
e_13_14 13 14 3 0.0125 -0.205525 -0.00254652 0.0409189 0.682601 0.466948 -0.474628 0.301237 0.071082
e_14_15 14 15 4 0.0125 -0.224409 -0.0476081 0.0459142 0.673613 0.451069 -0.510894 0.285954 0.027208
e_15_16 15 16 5 0.0125 -0.232652 -0.0703523 0.0451624 0.533708 0.514021 -0.560874 0.369268 0.021814
e_16_17 16 17 6 0.0125 -0.233887 -0.0923189 0.0423344 0.494067 0.591463 -0.44505 0.45607 0.023153
e_17_18 17 18 7 0.0125 -0.23109 -0.116239 0.0396208 0.468833 0.597148 -0.454747 0.465634 0.025329
e_18_19 18 19 8 0.0125 -0.227701 -0.138478 0.0367238 0.455903 0.606273 -0.443653 0.47724 0.020046
e_19_1 19 1 9 0.0125 -0.227635 -0.158022 0.0337772 0.519032 0.52712 -0.55191 0.384896 0.020081
e_1_20 1 20 1 0.0125 -0.250091 -0.165874 0.024744 0.570228 0.0535011 -0.814745 -0.0903791 0.044265
e_20_21 20 21 2 0.0125 -0.285027 -0.162986 0.0147907 0.633982 0.0596445 -0.765326 -0.0937322 0.028845
e_21_4 21 4 3 0.0125 -0.312498 -0.163846 0.0118418 0.696428 0.131737 -0.704652 -0.0331505 0.02689
e_1_22 1 22 1 0.0125 -0.239048 -0.170017 0.0316665 0.690833 0.163478 -0.704288 -0.00171526 0.02
e_22_23 22 23 2 0.0125 -0.258227 -0.175505 0.031735 0.724835 0.198835 -0.659006 0.028113 0.02
e_23_24 23 24 3 0.0125 -0.275914 -0.184406 0.0325823 0.708233 0.291067 -0.631749 0.120746 0.02
e_24_25 24 25 4 0.0125 -0.292013 -0.196075 0.0343463 0.745301 0.303852 -0.579334 0.128734 0.02
e_25_3 25 3 5 0.0125 -0.308793 -0.205595 0.0386322 0.801072 0.20261 -0.562788 0.0224261 0.02
8 20 19
3 -0.0797553 0.191594 0.0658596 0.0125
21 -0.0899648 0.208626 0.0719776 0.0125
20 -0.105212 0.22525 0.0781782 0.0125
19 -0.119863 0.24521 0.091865 0.0125
11 0.0598656 0.058935 0.121628 0.0125
6 0.15449 -0.042847 0.152572 0.0125
10 0.137382 -0.0359787 0.14155 0.0125
9 0.0899095 -0.0067539 0.119899 0.0125
2 0.0387583 0.0332647 0.0997415 0.0125
8 0.065068 0.0081927 0.107373 0.0125
12 0.0723958 0.081732 0.133318 0.0125
5 0.0828317 0.106871 0.149542 0.0125
13 0.0177677 0.0634788 0.109844 0.0125
14 -0.0456894 0.167205 0.132715 0.0125
15 -0.060837 0.182991 0.135194 0.0125
16 -0.0785327 0.210187 0.12991 0.0125
1 -0.134189 0.265916 0.103014 0.0125
18 -0.0732305 0.276673 0.148879 0.0125
17 -0.0903654 0.274534 0.136519 0.0125
4 -0.0570607 0.286105 0.162122 0.0125
e_2_8 2 8 1 0.0125 0.0519136 0.0207292 0.103557 0.775871 0.450887 0.440398 0.0278392 0.037136
e_8_9 8 9 2 0.0125 0.0774889 0.000719713 0.113637 0.83407 0.3116 0.452315 0.0514233 0.031581
e_9_10 9 10 3 0.0125 0.113646 -0.0213658 0.130724 0.824415 0.317229 0.467281 0.036795 0.059804
e_10_6 10 6 4 0.0125 0.145936 -0.0394124 0.147061 0.866319 0.224158 0.439492 0.0780462 0.021479
e_2_11 2 11 1 0.0125 0.0493124 0.0460993 0.110685 0.866808 -0.30813 0.36063 0.153771 0.039793
e_11_12 11 12 2 0.0125 0.0661304 0.0703337 0.127472 0.825753 -0.420849 0.343439 0.15188 0.02852
e_12_5 12 5 3 0.0125 0.0776135 0.0943009 0.14143 0.846715 -0.401187 0.288158 0.197706 0.031688
e_2_13 2 13 1 0.0125 0.0282638 0.0483715 0.104793 0.698684 -0.602682 -0.066113 0.379796 0.038152
e_13_14 13 14 2 0.0125 -0.0139606 0.115342 0.12128 0.681644 -0.637026 -0.0421314 0.357469 0.12373
e_14_15 14 15 3 0.0125 -0.0532625 0.175098 0.133955 0.630989 -0.652526 -0.133916 0.397654 0.022017
e_15_16 15 16 4 0.0125 -0.069685 0.196589 0.132551 0.565171 -0.760148 -0.0504547 0.316562 0.032874
e_16_1 16 1 5 0.0125 -0.106361 0.238051 0.116461 0.474721 -0.80186 -0.136396 0.336239 0.083227
e_1_17 1 17 1 0.0125 -0.112277 0.270224 0.119766 0.88937 -0.0390655 0.445447 0.095241 0.055834
e_17_18 17 18 2 0.0125 -0.0817982 0.275603 0.142699 0.885351 -0.0132548 0.456969 0.0845972 0.021235
e_18_4 18 4 3 0.0125 -0.0651456 0.281389 0.1555 0.880981 -0.179425 0.42312 0.112464 0.022931
e_1_19 1 19 1 0.0125 -0.127026 0.255563 0.0974397 0.368423 0.113802 0.830345 -0.402294 0.027536
e_19_20 19 20 2 0.0125 -0.112538 0.23523 0.0850224 0.191504 -0.210316 0.835261 -0.470566 0.028291
e_20_21 20 21 3 0.0125 -0.0975883 0.216938 0.0750785 0.539938 0.277649 0.745277 -0.275574 0.023394
e_21_3 21 3 4 0.0125 -0.0848601 0.20011 0.0689186 0.567551 0.537406 0.598675 -0.175125 0.020779
9 25 24
3 0.0232389 0.0842933 0.0937321 0.0125
26 0.0331657 0.0931201 0.108684 0.0125
25 0.0406274 0.106259 0.121787 0.0125
24 0.0491885 0.118808 0.134796 0.0125
23 0.0587476 0.133946 0.143709 0.0125
4 0.124461 0.227819 0.174216 0.0125
22 0.112801 0.212478 0.168858 0.0125
21 0.0988103 0.199152 0.163694 0.0125
20 0.0893359 0.182201 0.158908 0.0125
6 0.183824 0.13385 0.0659643 0.0125
11 0.204492 0.127263 0.0593793 0.0125
10 0.226346 0.120131 0.0514558 0.0125
9 0.257471 0.107576 0.0480058 0.0125
2 0.320204 0.0906608 0.0264115 0.0125
19 0.0776998 0.166421 0.154958 0.0125
8 0.295406 0.102624 0.0343418 0.0125
12 0.358709 0.139951 0.0462168 0.0125
5 0.387173 0.158064 0.0528918 0.0125
13 0.166283 0.131421 0.0881101 0.0125
14 0.140356 0.13868 0.089348 0.0125
15 0.121929 0.143924 0.0951923 0.0125
16 0.104535 0.147959 0.104693 0.0125
17 0.08819 0.149326 0.117777 0.0125
18 0.0752486 0.148933 0.134298 0.0125
1 0.0651952 0.151199 0.151505 0.0125
e_2_8 2 8 1 0.0125 0.307805 0.0966425 0.0303771 0.725672 -0.46396 -0.382556 0.334354 0.028652
e_8_9 8 9 2 0.0125 0.276439 0.1051 0.0411739 0.734068 -0.318237 -0.480161 0.359604 0.040624
e_9_10 9 10 3 0.0125 0.241908 0.113853 0.0497307 0.631983 -0.539378 -0.39741 0.389531 0.033738
e_10_11 10 11 4 0.0125 0.215419 0.123697 0.0554177 0.738918 -0.395268 -0.425259 0.341934 0.024316
e_11_6 11 6 5 0.0125 0.194158 0.130556 0.0626717 0.720743 -0.412817 -0.429361 0.354629 0.022669
e_2_12 2 12 1 0.0125 0.339457 0.115305 0.0363144 0.789624 -0.530338 0.260393 -0.165625 0.065608
e_12_5 12 5 2 0.0125 0.372941 0.149008 0.049554 0.726155 -0.503328 0.386807 -0.264083 0.034392
e_2_13 2 13 1 0.0125 0.243244 0.11104 0.0572602 0.753163 -0.355036 -0.439652 0.33675 0.170762
e_13_14 13 14 2 0.0125 0.153319 0.13505 0.0887292 0.585813 -0.540819 -0.42958 0.424028 0.026953
e_14_15 14 15 3 0.0125 0.131142 0.141302 0.0922708 0.719087 -0.40133 -0.439374 0.358885 0.020029
e_15_16 15 16 4 0.0125 0.113232 0.145941 0.0999427 0.804934 -0.2818 -0.430965 0.294856 0.020227
e_16_17 16 17 5 0.0125 0.0963621 0.148642 0.111235 0.874631 -0.138901 -0.410976 0.216391 0.020981
e_17_18 17 18 6 0.0125 0.0817191 0.149129 0.126037 0.940381 -0.0232874 -0.325453 0.0960338 0.020989
e_18_1 18 1 7 0.0125 0.0702212 0.150066 0.142901 0.962281 -0.0732239 -0.256296 0.0544641 0.020058
e_1_19 1 19 1 0.0125 0.0714475 0.15881 0.153231 0.747365 -0.573904 0.290389 -0.166594 0.02
e_19_20 19 20 2 0.0125 0.0835186 0.174311 0.156933 0.758815 -0.573574 0.268764 -0.151587 0.02
e_20_21 20 21 3 0.0125 0.0940727 0.190676 0.161302 0.778761 -0.576469 0.219188 -0.114763 0.02
e_21_22 21 22 4 0.0125 0.105805 0.205815 0.166276 0.765361 -0.521045 0.315298 -0.208137 0.02
e_22_4 22 4 5 0.0125 0.11863 0.220149 0.171538 0.780007 -0.545361 0.261943 -0.159864 0.02
e_1_23 1 23 1 0.0125 0.061971 0.142573 0.147607 -0.426043 -0.416573 0.722058 -0.351548 0.02
e_23_24 23 24 2 0.0125 0.0539674 0.126377 0.139252 -0.525173 -0.749108 0.402057 0.0371568 0.02
e_24_25 24 25 3 0.0125 0.0449075 0.112534 0.128292 -0.410429 -0.834095 0.359877 0.0795152 0.02
e_25_26 25 26 4 0.0125 0.0368959 0.0996895 0.115236 -0.415194 -0.797883 0.436984 0.0063967 0.02
e_26_3 26 3 5 0.0125 0.0282031 0.0887067 0.101209 -0.288747 -0.911794 0.206004 0.20693 0.02
10 18 17
3 -0.08785 -0.0180046 0.072845 0.0125
19 -0.0627313 -0.0551608 0.0566243 0.0125
11 0.0144247 0.145564 0.18742 0.0125
6 0.205664 0.134019 0.101942 0.0125
10 0.177886 0.13307 0.11747 0.0125
9 0.155157 0.131994 0.140182 0.0125
2 0.083572 0.13209 0.187565 0.0125
8 0.108497 0.133914 0.168929 0.0125
5 -0.0145812 0.15122 0.187407 0.0125
12 0.0518329 0.0890111 0.161553 0.0125
13 -0.0101247 -0.00875462 0.0910299 0.0125
14 -0.0174101 -0.0254126 0.0754542 0.0125
15 -0.0229464 -0.0433392 0.0667473 0.0125
16 -0.0282407 -0.0612115 0.0586193 0.0125
17 -0.0336852 -0.0785476 0.05025 0.0125
1 -0.0345363 -0.0966286 0.041741 0.0125
18 -0.0512297 -0.111786 0.0809668 0.0125
4 -0.0712153 -0.130987 0.12819 0.0125
e_2_8 2 8 1 0.0125 0.0960346 0.133002 0.178248 0.316515 -0.677551 0.582934 -0.317695 0.031175
e_8_9 8 9 2 0.0125 0.131827 0.132954 0.154555 0.367753 -0.545893 0.681255 -0.320391 0.054839
e_9_10 9 10 3 0.0125 0.166522 0.132532 0.128827 0.233224 -0.758605 0.527004 -0.303961 0.032149
e_10_6 10 6 4 0.0125 0.191775 0.133544 0.109707 0.388081 -0.575876 0.642058 -0.324841 0.031837
e_2_11 2 11 1 0.0125 0.0489986 0.138827 0.187493 0.70314 -0.0682774 -0.704531 -0.0675944 0.070448
e_11_5 11 5 2 0.0125 -7.83825e-05 0.148392 0.187414 0.703689 -0.0681615 -0.703973 -0.0678028 0.029552
e_2_12 2 12 1 0.0125 0.0677025 0.11055 0.174559 0.521824 0.580911 -0.617364 0.095406 0.059496
e_12_13 12 13 2 0.0125 0.0208544 0.0401283 0.126292 0.476385 0.608159 -0.624745 0.113552 0.135537
e_13_14 13 14 3 0.0125 -0.0137678 -0.0170839 0.0832426 0.39206 0.654512 -0.630003 0.144911 0.023941
e_14_15 14 15 4 0.0125 -0.0201781 -0.0343765 0.0711011 0.530974 0.754468 -0.375839 0.0871173 0.020683
e_15_16 15 16 5 0.0125 -0.0255931 -0.0522756 0.0626835 0.541766 0.75792 -0.354146 0.0814097 0.020336
e_16_17 16 17 6 0.0125 -0.0309624 -0.06988 0.0544344 0.532263 0.75234 -0.378349 0.0867928 0.020006
e_17_1 17 1 7 0.0125 -0.0341105 -0.0875881 0.0459962 0.532428 0.833112 -0.136525 0.0616893 0.020001
e_1_18 1 18 1 0.0125 -0.0428833 -0.104208 0.061354 0.951513 0.203878 -0.157958 -0.167646 0.045244
e_18_4 18 4 2 0.0125 -0.0612227 -0.121386 0.104579 0.950554 0.211567 -0.154966 -0.166348 0.054756
e_1_19 1 19 1 0.0125 -0.048634 -0.0758941 0.0491823 0.77675 -0.396601 -0.447705 -0.197297 0.052308
e_19_3 19 3 2 0.0125 -0.0752908 -0.0365825 0.0647351 0.79334 -0.381966 -0.429016 -0.20164 0.047692
11 28 27
3 -0.0836034 0.257309 0.180605 0.0125
29 -0.0830367 0.246851 0.198194 0.0125
28 -0.0833918 0.232037 0.212828 0.0125
27 -0.0793572 0.213011 0.228358 0.0125
4 -0.0649845 0.153916 0.151994 0.0125
26 -0.0718076 0.163174 0.168356 0.0125
25 -0.0737487 0.17191 0.186242 0.0125
24 -0.0783696 0.179505 0.204158 0.0125
23 -0.0785537 0.183054 0.22384 0.0125
1 -0.076813 0.183018 0.243763 0.0125
22 -0.0563662 0.178569 0.23971 0.0125
21 -0.0352575 0.175141 0.233627 0.0125
6 0.297118 0.0498852 0.0820733 0.0125
11 0.283353 0.0505583 0.100007 0.0125
10 0.268453 0.0506787 0.116839 0.0125
9 0.251958 0.0471111 0.129364 0.0125
2 0.177792 0.0563248 0.167458 0.0125
19 0.012738 0.15699 0.222644 0.0125
8 0.219718 0.0509782 0.14612 0.0125
12 0.169243 0.0299644 0.188672 0.0125
13 0.161534 0.0129904 0.207078 0.0125
5 0.139172 -0.00485824 0.233438 0.0125
14 0.163035 0.067988 0.181592 0.0125
15 0.136616 0.085774 0.192307 0.0125
16 0.110531 0.102435 0.202186 0.0125
17 0.0875375 0.112801 0.205183 0.0125
18 0.0438117 0.141134 0.215127 0.0125
20 -0.00865958 0.167633 0.228269 0.0125
e_2_8 2 8 1 0.0125 0.198754 0.0536517 0.156789 0.400267 -0.463061 0.714782 -0.338302 0.047346
e_8_9 8 9 2 0.0125 0.235838 0.0490447 0.137742 0.390766 -0.483461 0.703956 -0.343529 0.03654
e_9_10 9 10 3 0.0125 0.260205 0.0488956 0.123102 0.323542 -0.741998 0.497415 -0.311991 0.021016
e_10_11 10 11 4 0.0125 0.275903 0.0506189 0.108423 0.0777522 -0.910613 0.212523 -0.345793 0.02248
e_11_6 11 6 5 0.0125 0.290236 0.0502219 0.0910398 0.020818 -0.940717 0.107309 -0.321096 0.022617
e_2_12 2 12 1 0.0125 0.173518 0.0431453 0.178066 0.476923 0.108377 -0.42933 0.759259 0.034899
e_12_13 12 13 2 0.0125 0.165388 0.0214776 0.197875 0.530086 0.0711887 -0.37902 0.755173 0.026198
e_13_5 13 5 3 0.0125 0.150353 0.00406675 0.220258 0.549866 -0.100571 -0.388707 0.73242 0.038903
e_2_14 2 14 1 0.0125 0.170414 0.0621562 0.174525 0.703573 -0.434408 -0.10454 0.552581 0.023527
e_14_15 14 15 2 0.0125 0.149826 0.0768812 0.186949 0.631723 -0.557708 -0.171814 0.510262 0.033603
e_15_16 15 16 3 0.0125 0.123573 0.094104 0.197246 0.62443 -0.560746 -0.183112 0.511977 0.03249
e_16_17 16 17 4 0.0125 0.099034 0.107618 0.203684 0.553757 -0.608911 -0.265021 0.502339 0.0254
e_17_18 17 18 5 0.0125 0.0656743 0.126967 0.210155 0.597447 -0.606548 -0.195856 0.486618 0.053043
e_18_19 18 19 6 0.0125 0.0282746 0.149062 0.218886 0.585809 -0.583263 -0.233422 0.512003 0.035687
e_19_20 19 20 7 0.0125 0.00203839 0.162311 0.225456 0.588632 -0.574732 -0.234796 0.517751 0.024551
e_20_21 20 21 8 0.0125 -0.0219588 0.171386 0.230949 0.545654 -0.555128 -0.3109 0.545377 0.028152
e_21_22 21 22 9 0.0125 -0.045812 0.176855 0.236669 0.546603 -0.499588 -0.337085 0.581387 0.022234
e_22_1 22 1 10 0.0125 -0.0665899 0.180794 0.241737 0.534319 -0.542186 -0.333091 0.556406 0.021314
e_1_23 1 23 1 0.0125 -0.0776833 0.183037 0.233802 0.0167409 -0.930185 -0.364497 0.0402197 0.02
e_23_24 23 24 2 0.0125 -0.0784622 0.18128 0.213999 -0.0814886 -0.887633 -0.451827 0.0363166 0.02
e_24_25 24 25 3 0.0125 -0.0760596 0.175707 0.1952 -0.227934 -0.802717 -0.55094 0.0125081 0.02
e_25_26 25 26 4 0.0125 -0.0727781 0.167543 0.1773 -0.203866 -0.744924 -0.626288 0.106252 0.02
e_26_4 26 4 5 0.0125 -0.0683965 0.158546 0.160175 -0.300918 -0.729567 -0.613844 0.0194023 0.02
e_1_27 1 27 1 0.0125 -0.0780848 0.198014 0.236061 0.509607 -0.845768 0.111718 0.111789 0.033813
e_27_28 27 28 2 0.0125 -0.0813741 0.222524 0.220593 0.422556 -0.90096 0.0156824 0.0973236 0.024889
e_28_29 28 29 3 0.0125 -0.0832141 0.239443 0.205511 0.385064 -0.920089 0.0691078 0.0196632 0.020825
e_29_3 29 3 4 0.0125 -0.0833205 0.25208 0.1894 0.26532 -0.962773 -0.0516997 0.000144508 0.020472
