6
1 6 5
2 -0.0867152 0.13841 0.0357341 0.0125
7 -0.0735111 0.128798 0.0227778 0.0125
6 -0.0567832 0.116072 0.0121856 0.0125
5 0.00601063 0.0827163 0.0114978 0.0125
1 0.356163 -0.0752202 0.0177985 0.0125
4 0.307823 -0.0520389 0.0114984 0.0125
e_1_4 1 4 1 0.0125 0.331993 -0.0636294 0.0146491 0.386971 0.359617 -0.655001 -0.54028 0.05398
e_4_5 4 5 2 0.0125 0.156917 0.0153389 0.0114987 0.46881 0.292231 -0.643896 -0.529355 0.33053
e_5_6 5 6 3 0.0125 -0.0253862 0.099395 0.011842 0.473429 0.243434 -0.660229 -0.529814 0.071106
e_6_7 6 7 4 0.0125 -0.0651471 0.122435 0.0174819 0.748301 -0.0798915 -0.518273 -0.40627 0.023536
e_7_2 7 2 5 0.0125 -0.0801137 0.133605 0.0292559 0.828245 -0.0975425 -0.423957 -0.353209 0.020848
2 6 5
2 0.201802 0.210007 0.0125056 0.0125
7 0.198701 0.178006 0.0224473 0.0125
6 0.193552 0.106719 0.039935 0.0125
5 0.190825 0.0542394 0.051568 0.0125
1 0.124067 -0.277333 0.0310824 0.0125
4 0.163373 -0.0626373 0.0449104 0.0125
e_1_4 1 4 1 0.0125 0.14372 -0.169986 0.0379964 -0.612094 0.632115 0.26233 0.396176 0.218701
e_4_5 4 5 2 0.0125 0.177098 -0.00419923 0.0482385 -0.593428 0.637194 0.257492 0.418957 0.120242
e_5_6 5 6 3 0.0125 0.192189 0.0804782 0.0457514 -0.417177 0.549097 0.553673 0.4668 0.053822
e_6_7 6 7 4 0.0125 0.196127 0.142362 0.0311912 -0.390453 0.540116 0.571933 0.478241 0.073582
e_7_2 7 2 5 0.0125 0.200252 0.194007 0.0174761 -0.331689 0.51202 0.620929 0.492205 0.033653
3 11 10
2 -0.130284 0.147544 0.0131275 0.0125
12 -0.134553 0.12677 0.012336 0.0125
11 -0.13877 0.109166 0.0214825 0.0125
10 -0.13998 0.0858145 0.0254818 0.0125
9 -0.133921 0.0631871 0.0240459 0.0125
4 0.103231 -0.14311 0.0113951 0.0125
1 0.159285 -0.176826 0.0137188 0.0125
8 -0.118089 0.0278968 0.0203666 0.0125
5 -0.038714 -0.100072 0.0167551 0.0125
6 -0.0830486 -0.0647417 0.0174221 0.0125
7 -0.102945 -0.0386225 0.0124805 0.0125
e_1_4 1 4 1 0.0125 0.131258 -0.159968 0.012557 0.692872 -0.411501 -0.590267 0.0466916 0.065453
e_4_5 4 5 2 0.0125 0.032258 -0.121592 0.0140748 0.718603 -0.238766 -0.651872 0.0407945 0.148423
e_5_6 5 6 3 0.0125 -0.0608817 -0.0824066 0.0170891 0.709985 -0.470198 -0.522515 0.0425828 0.056694
e_6_7 6 7 4 0.0125 -0.0929972 -0.0516816 0.0149512 0.650797 -0.633311 -0.416334 0.0452419 0.033204
e_7_8 7 8 5 0.0125 -0.110518 -0.00536279 0.0164236 0.746489 -0.651146 -0.136357 0.0130106 0.068676
e_8_9 8 9 6 0.0125 -0.126006 0.045542 0.0222063 0.739452 -0.622319 -0.255682 0.0235871 0.038853
e_9_10 9 10 7 0.0125 -0.136951 0.0745008 0.0247638 0.728214 -0.665862 -0.161333 0.0174263 0.023469
e_10_11 10 11 8 0.0125 -0.139375 0.09749 0.0234827 0.644712 -0.762895 0.0478452 0.00700489 0.023723
e_11_12 11 12 9 0.0125 -0.136661 0.117968 0.0169093 0.523932 -0.827491 0.201864 0.00215649 0.020281
e_12_2 12 2 10 0.0125 -0.132418 0.137158 0.0127317 0.720096 -0.681543 0.129821 -0.0103742 0.021224
4 7 6
2 -0.0960819 -0.0897947 0.044617 0.0125
4 0.122486 -0.0281936 0.0682756 0.0125
1 0.345511 0.117217 0.0887846 0.0125
8 -0.0763726 -0.0805758 0.0428722 0.0125
5 0.0389741 -0.0609167 0.043007 0.0125
6 -0.0341032 -0.0698382 0.0373896 0.0125
7 -0.0557223 -0.0737752 0.0413465 0.0125
e_1_4 1 4 1 0.0125 0.233998 0.0445118 0.0785301 0.676121 0.338427 -0.651054 0.0667536 0.26703
e_4_5 4 5 2 0.0125 0.0807299 -0.0445551 0.055641 0.603547 0.275468 -0.748126 0.0124605 0.093186
e_5_6 5 6 3 0.0125 0.00243561 -0.065378 0.0401987 0.647778 -0.135713 -0.720852 0.205763 0.073834
e_6_7 6 7 4 0.0125 -0.0449124 -0.0718069 0.0393677 0.717206 -0.116648 -0.630701 0.272444 0.022328
e_7_8 7 8 5 0.0125 -0.0660474 -0.0771754 0.04211 0.706423 0.03803 -0.680841 0.189675 0.021794
e_8_2 8 2 6 0.0125 -0.0862272 -0.0851851 0.0437453 0.716831 0.145232 -0.662534 0.161587 0.021828
5 9 8
2 -0.328065 0.284599 0.0488773 0.0125
10 -0.301764 0.260884 0.0311097 0.0125
9 -0.285691 0.246884 0.0173894 0.0125
4 0.00299848 0.199034 0.0135338 0.0125
1 0.133764 0.195661 0.0116223 0.0125
8 -0.26402 0.230235 0.0115478 0.0125
5 -0.109744 0.188092 0.0119292 0.0125
6 -0.206634 0.198969 0.0133479 0.0125
7 -0.240777 0.219487 0.0124795 0.0125
e_1_4 1 4 1 0.0125 0.0683816 0.197347 0.0125778 -0.288726 -0.634114 0.300988 0.651109 0.130823
e_4_5 4 5 2 0.0125 -0.0533734 0.193563 0.0127313 -0.33283 -0.656672 0.275431 0.618178 0.113284
e_5_6 5 6 3 0.0125 -0.15819 0.19353 0.0126383 -0.252468 -0.624512 0.320485 0.665983 0.097509
e_6_7 6 7 4 0.0125 -0.223706 0.209228 0.0129134 -0.0527714 -0.583109 0.413378 0.697365 0.039844
e_7_8 7 8 5 0.0125 -0.252399 0.224861 0.0120136 -0.100297 -0.602872 0.39336 0.686844 0.025625
e_8_9 8 9 6 0.0125 -0.274855 0.23856 0.0144682 -0.0446308 -0.475872 0.411133 0.776224 0.027945
e_9_10 9 10 7 0.0125 -0.293728 0.253885 0.0242492 -0.116214 -0.316333 0.359584 0.870131 0.02535
e_10_2 10 2 8 0.0125 -0.314915 0.272741 0.0399933 -0.0746988 -0.357648 0.384544 0.847723 0.03962
6 9 8
2 -0.0861467 0.162911 0.031067 0.0125
10 -0.0668148 0.159909 0.0269133 0.0125
9 -0.0490122 0.151712 0.0229253 0.0125
4 0.0594358 0.138446 0.0224006 0.0125
1 0.388505 0.188951 0.112888 0.0125
8 -0.031046 0.151756 0.0141197 0.0125
5 0.0406027 0.144781 0.0151792 0.0125
6 0.0179624 0.153875 0.0124481 0.0125
7 -0.0112799 0.15484 0.0138219 0.0125
e_1_4 1 4 1 0.0125 0.22397 0.163698 0.0676438 0.183094 0.785048 -0.121818 -0.579082 0.345001
e_4_5 4 5 2 0.0125 0.0500195 0.141613 0.0187894 -0.0589382 0.798993 -0.180008 -0.570731 0.021141
e_5_6 5 6 3 0.0125 0.0292827 0.149328 0.013814 -0.0491129 0.710262 -0.226138 -0.664814 0.024552
e_6_7 6 7 4 0.0125 0.00334113 0.154358 0.0131359 0.174303 0.664149 -0.188293 -0.70219 0.02929
e_7_8 7 8 5 0.0125 -0.0211632 0.153298 0.0139714 0.256475 0.685891 -0.148739 -0.664568 0.020008
e_8_9 8 9 6 0.0125 -0.0400291 0.151734 0.0185225 0.324407 0.489396 -0.201082 -0.784103 0.020008
e_9_10 9 10 7 0.0125 -0.0579138 0.155811 0.0249187 0.00883867 0.571658 -0.271167 -0.774337 0.02
e_10_2 10 2 8 0.0125 -0.0764811 0.16141 0.0289896 0.161432 0.588299 -0.223709 -0.76013 0.02
