6
1 6 5
2 -0.293642 0.190027 0.0293014 0.0125
7 -0.25718 0.141076 0.0273611 0.0125
6 -0.239417 0.11348 0.0242584 0.0125
5 -0.234734 0.0922031 0.0212154 0.0125
1 -0.199715 -0.287975 0.0156012 0.0125
4 -0.211134 0.00184526 0.011492 0.0125
e_1_4 1 4 1 0.0125 -0.205424 -0.143065 0.0135466 0.12168 -0.0957118 -0.705637 -0.691455 0.290075
e_4_5 4 5 2 0.0125 -0.222934 0.0470244 0.0163534 0.250983 -0.0596299 -0.666832 -0.699133 0.093894
e_5_6 5 6 3 0.0125 -0.237075 0.102841 0.0227364 0.240094 -0.0702417 -0.652599 -0.715217 0.021997
e_6_7 6 7 4 0.0125 -0.248299 0.127278 0.0258097 0.390331 0.0107735 -0.672917 -0.628258 0.032965
e_7_2 7 2 5 0.0125 -0.275412 0.165551 0.0283311 0.404319 0.0294113 -0.695167 -0.593636 0.061069
2 9 8
2 0.154999 -0.0778524 0.0125241 0.0125
10 0.124833 -0.0747752 0.0137268 0.0125
9 0.0633089 -0.0665374 0.015953 0.0125
4 -0.282761 0.0579938 0.034508 0.0125
1 -0.306338 0.0728728 0.0416814 0.0125
8 -0.0945975 -0.0469507 0.0242296 0.0125
5 -0.191893 0.00146133 0.0383718 0.0125
6 -0.157339 -0.0244992 0.0328302 0.0125
7 -0.118592 -0.0451703 0.0245071 0.0125
e_1_4 1 4 1 0.0125 -0.294549 0.0654329 0.0380952 0.481023 0.745099 0.263461 0.379515 0.028788
e_4_5 4 5 2 0.0125 -0.237326 0.0297278 0.0364404 0.652515 0.581241 0.379636 0.303743 0.107088
e_5_6 5 6 3 0.0125 -0.174615 -0.0115193 0.0356005 0.573695 0.689192 0.297656 0.32755 0.043573
e_6_7 6 7 4 0.0125 -0.137965 -0.0348347 0.0286687 0.502424 0.704177 0.311833 0.39302 0.044698
e_7_8 7 8 5 0.0125 -0.106595 -0.0460605 0.0243684 0.533763 0.501524 0.504216 0.457532 0.024062
e_8_9 8 9 6 0.0125 -0.0156443 -0.0567441 0.0200913 0.506244 0.553438 0.468695 0.466635 0.159332
e_9_10 9 10 7 0.0125 0.0940703 -0.0706561 0.0148399 0.523894 0.540166 0.475546 0.455644 0.062113
e_10_2 10 2 8 0.0125 0.139916 -0.0763145 0.0131254 0.512445 0.536939 0.481156 0.46646 0.030347
3 6 5
2 -0.0961855 -0.159098 0.0538489 0.0125
7 -0.132653 -0.134271 0.0617651 0.0125
6 -0.158221 -0.107704 0.0640589 0.0125
5 -0.180452 -0.0759412 0.0640169 0.0125
1 -0.377111 0.248401 0.0544546 0.0125
4 -0.351605 0.206892 0.0538482 0.0125
e_1_4 1 4 1 0.0125 -0.364358 0.227646 0.0541514 0.625146 0.709398 0.054537 0.320894 0.048723
e_4_5 4 5 2 0.0125 -0.266029 0.0654754 0.0589321 0.643033 0.69373 0.0580256 0.319186 0.330743
e_5_6 5 6 3 0.0125 -0.169336 -0.0918224 0.0640381 0.637119 0.697596 0.113175 0.307621 0.03877
e_6_7 6 7 4 0.0125 -0.145437 -0.120987 0.0629124 0.628542 0.682511 0.255387 0.27183 0.036943
e_7_2 7 2 5 0.0125 -0.11442 -0.146684 0.0578074 0.60866 0.610092 0.464872 0.203017 0.044821
4 7 6
2 0.150925 -0.137269 0.0114991 0.0125
4 -0.0050868 -0.0578905 0.0559573 0.0125
1 -0.215872 0.172015 0.0122234 0.0125
8 0.135396 -0.12557 0.0185102 0.0125
5 0.00895662 -0.0737636 0.056985 0.0125
6 0.0818067 -0.110465 0.0370543 0.0125
7 0.11009 -0.121214 0.0298989 0.0125
e_1_4 1 4 1 0.0125 -0.110479 0.0570622 0.0340903 0.749349 0.53254 0.383369 0.0889056 0.314959
e_4_5 4 5 2 0.0125 0.00193491 -0.065827 0.0564711 0.720328 0.560158 0.402486 0.0731893 0.021219
e_5_6 5 6 3 0.0125 0.0453812 -0.0921147 0.0470197 0.608983 0.232644 0.751367 -0.102295 0.083972
e_6_7 6 7 4 0.0125 0.0959483 -0.11584 0.0334759 0.610371 0.142614 0.771186 -0.111272 0.031092
e_7_8 7 8 5 0.0125 0.122744 -0.123392 0.0242045 0.519116 -0.117298 0.83003 -0.166764 0.028091
e_8_2 8 2 6 0.0125 0.14316 -0.13142 0.015005 0.564898 0.363207 0.733276 -0.106192 0.020667
5 6 5
2 0.0544063 -0.206307 0.0155149 0.0125
7 0.035964 -0.217739 0.012358 0.0125
6 0.0111579 -0.221464 0.0128745 0.0125
5 -0.0143182 -0.223247 0.0120225 0.0125
1 -0.388502 -0.0532297 0.129093 0.0125
4 -0.0487178 -0.209724 0.0209481 0.0125
e_1_4 1 4 1 0.0125 -0.21861 -0.131476 0.0750211 -0.538985 0.0211884 -0.799005 0.265779 0.389408
e_4_5 4 5 2 0.0125 -0.0315183 -0.216485 0.0164859 -0.565405 0.0338501 -0.784998 0.250897 0.038025
e_5_6 5 6 3 0.0125 -0.00158046 -0.222355 0.0124491 -0.711445 0.146944 -0.679519 0.10251 0.025552
e_6_7 6 7 4 0.0125 0.0235603 -0.219601 0.012616 -0.696625 0.172697 -0.693161 0.0664589 0.02509
e_7_2 7 2 5 0.0125 0.0451846 -0.212023 0.0139364 -0.751077 0.277 -0.592685 -0.0887673 0.021926
6 11 10
2 -0.130896 -0.131374 0.0194158 0.0125
12 -0.114624 -0.130756 0.0310779 0.0125
11 -0.095731 -0.130957 0.0376648 0.0125
10 -0.0758818 -0.130519 0.040188 0.0125
9 -0.0570288 -0.134727 0.0454226 0.0125
4 0.224018 -0.0950437 0.0583978 0.0125
1 0.346247 -0.042779 0.0497717 0.0125
8 -0.0380024 -0.134051 0.0519561 0.0125
5 0.0568554 -0.132196 0.0557939 0.0125
6 0.01264 -0.135575 0.0568762 0.0125
7 -0.0177785 -0.135954 0.0540243 0.0125
e_1_4 1 4 1 0.0125 0.285133 -0.0689113 0.0540848 0.649213 0.526191 -0.436749 -0.33301 0.133215
e_4_5 4 5 2 0.0125 0.140436 -0.11362 0.057096 0.592898 0.502607 -0.504962 -0.375329 0.171261
e_5_6 5 6 3 0.0125 0.0347482 -0.133886 0.0563352 0.644685 0.350335 -0.604205 -0.310778 0.044358
e_6_7 6 7 4 0.0125 -0.00256944 -0.135765 0.055451 0.536076 0.454651 -0.583065 -0.40737 0.030554
e_7_8 7 8 5 0.0125 -0.0278898 -0.135002 0.0529901 0.560348 0.347365 -0.655734 -0.367914 0.020418
e_8_9 8 9 6 0.0125 -0.0475149 -0.134389 0.0486888 0.164452 0.788245 -0.202433 -0.557356 0.020128
e_9_10 9 10 7 0.0125 -0.0664549 -0.132623 0.0428059 0.102741 0.734712 -0.301586 -0.598906 0.020014
e_10_11 10 11 8 0.0125 -0.0858061 -0.130738 0.0389272 0.490073 0.515723 -0.545039 -0.443611 0.020014
e_11_12 11 12 9 0.0125 -0.105177 -0.130857 0.0343713 0.123248 0.79467 -0.181951 -0.565865 0.020009
e_12_2 12 2 10 0.0125 -0.12276 -0.131066 0.0252466 -0.132977 0.840545 0.290877 -0.437256 0.02003
