6
1 6 5
2 0.136313 0.209602 0.0210516 0.0125
7 0.148342 0.178782 0.0187699 0.0125
6 0.162719 0.148343 0.0167704 0.0125
5 0.163796 0.108061 0.0259926 0.0125
1 0.0455338 -0.261765 0.0114737 0.0125
4 0.0456801 -0.203563 0.0114707 0.0125
e_1_4 1 4 1 0.0125 0.0456069 -0.232664 0.0114722 0.694584 -0.694952 -0.130647 -0.132389 0.058201
e_4_5 4 5 2 0.0125 0.104738 -0.0477515 0.0187316 0.675407 -0.691543 -9.96764e-05 -0.256113 0.333575
e_5_6 5 6 3 0.0125 0.163258 0.128202 0.0213822 0.614198 -0.766834 -0.153363 -0.105862 0.041338
e_6_7 6 7 4 0.0125 0.155531 0.163562 0.0177703 0.727562 -0.626911 -0.278095 0.0172875 0.033723
e_7_2 7 2 5 0.0125 0.142327 0.194192 0.0199107 0.730991 -0.633058 -0.254624 -0.00751704 0.033163
2 6 5
2 0.215089 -0.287634 0.108804 0.0125
7 0.186354 -0.26741 0.0918074 0.0125
6 0.135474 -0.227889 0.0551811 0.0125
5 0.0220496 -0.198162 0.0320986 0.0125
1 -0.142626 0.00241287 0.0176121 0.0125
4 -0.067969 -0.132325 0.0125265 0.0125
e_1_4 1 4 1 0.0125 -0.105298 -0.0649564 0.0150689 0.571834 0.715144 -0.0712036 0.395608 0.154123
e_4_5 4 5 2 0.0125 -0.0229603 -0.165244 0.0223126 0.527695 0.63777 0.082575 0.554949 0.113229
e_5_6 5 6 3 0.0125 0.0787616 -0.213026 0.0436398 0.430597 0.599841 0.208842 0.641219 0.119505
e_6_7 6 7 4 0.0125 0.160914 -0.24765 0.0734946 0.621149 0.497861 0.0708968 0.601068 0.074109
e_7_2 7 2 5 0.0125 0.200722 -0.277521 0.100306 0.594534 0.524124 0.0870559 0.603527 0.039033
3 10 9
2 0.0197612 0.318546 0.255586 0.0125
11 0.0101618 0.305486 0.239478 0.0125
10 -0.0124967 0.274947 0.172986 0.0125
9 -0.00762864 0.253721 0.146652 0.0125
4 0.00482434 0.0239218 0.0355578 0.0125
1 0.00207382 -0.0771608 0.0114919 0.0125
8 -0.00664424 0.229883 0.121258 0.0125
5 0.00256903 0.0822821 0.0522294 0.0125
6 -0.00141753 0.178793 0.0794865 0.0125
7 -0.00411961 0.196034 0.0901764 0.0125
e_1_4 1 4 1 0.0125 0.0034493 -0.0266202 0.0235249 0.484639 -0.36943 0.497753 0.617162 0.103944
e_4_5 4 5 2 0.0125 0.00369669 0.0531019 0.0438936 0.474298 -0.376296 0.470272 0.642096 0.060738
e_5_6 5 6 3 0.0125 0.000575951 0.130538 0.0658578 0.472617 -0.377466 0.470881 0.642202 0.100364
e_6_7 6 7 4 0.0125 -0.00276857 0.187413 0.0848314 0.50774 -0.34251 0.348607 0.709479 0.020465
e_7_8 7 8 5 0.0125 -0.00538193 0.212959 0.105717 0.581106 -0.278265 0.291389 0.707091 0.046024
e_8_9 8 9 6 0.0125 -0.00713662 0.241802 0.133954 0.607985 -0.252084 0.268411 0.703394 0.034843
e_9_10 9 10 7 0.0125 -0.0100625 0.264334 0.159819 0.579149 -0.262832 0.21355 0.741554 0.034173
e_10_11 10 11 8 0.0125 -0.00116749 0.290217 0.206232 0.781196 -0.076619 0.245145 0.569004 0.076597
e_11_2 11 2 9 0.0125 0.0149615 0.312016 0.247532 0.755596 -0.122575 0.364032 0.530594 0.022851
4 9 8
2 0.259974 0.0291096 0.0701447 0.0125
10 0.245034 0.0339604 0.0570743 0.0125
9 0.230858 0.0377326 0.0429291 0.0125
4 -0.00824758 0.154954 0.0239649 0.0125
1 -0.178939 0.221906 0.0125105 0.0125
8 0.216721 0.0513127 0.0332558 0.0125
5 0.141648 0.106573 0.0312519 0.0125
6 0.180073 0.0920222 0.0320645 0.0125
7 0.203099 0.0679717 0.032161 0.0125
e_1_4 1 4 1 0.0125 -0.0935934 0.18843 0.0182377 0.598375 0.56918 0.380605 0.416079 0.18371
e_4_5 4 5 2 0.0125 0.0667001 0.130764 0.0276084 0.576478 0.565954 0.395709 0.436787 0.157678
e_5_6 5 6 3 0.0125 0.16086 0.0992976 0.0316587 0.576018 0.58692 0.38163 0.422003 0.041097
e_6_7 6 7 4 0.0125 0.191587 0.0799973 0.0321128 0.654758 0.657559 0.257249 0.269689 0.033296
e_7_8 7 8 5 0.0125 0.20991 0.0596427 0.0327085 0.684285 0.647305 0.235731 0.239127 0.021547
e_8_9 8 9 6 0.0125 0.223789 0.044523 0.038093 0.815528 0.45748 0.263571 0.236975 0.021859
e_9_10 9 10 7 0.0125 0.237946 0.0358465 0.0500017 0.875471 0.212241 0.328454 0.283941 0.020379
e_10_2 10 2 8 0.0125 0.252504 0.0315354 0.0636096 0.853833 0.257965 0.337129 0.301276 0.020435
5 9 8
2 -0.164188 -0.279686 0.0599314 0.0125
10 -0.154289 -0.269232 0.0361105 0.0125
9 -0.147136 -0.254625 0.0230927 0.0125
4 -0.167134 -0.0606342 0.012313 0.0125
1 -0.166901 0.1902 0.0115019 0.0125
8 -0.141316 -0.234793 0.0187287 0.0125
5 -0.168299 -0.136623 0.0124649 0.0125
6 -0.157533 -0.160999 0.014161 0.0125
7 -0.144164 -0.201818 0.0124488 0.0125
e_1_4 1 4 1 0.0125 -0.167018 0.0647829 0.0119082 0.658592 0.656707 0.259073 -0.260526 0.250836
e_4_5 4 5 2 0.0125 -0.167717 -0.0986294 0.012389 0.656225 0.658904 0.254664 -0.265258 0.075999
e_5_6 5 6 3 0.0125 -0.162916 -0.148811 0.013313 0.719999 0.574191 0.372209 -0.115614 0.026701
e_6_7 6 7 4 0.0125 -0.150849 -0.181409 0.0133049 0.673641 0.613687 0.378553 -0.162154 0.042987
e_7_8 7 8 5 0.0125 -0.142741 -0.218305 0.0155888 0.743392 0.598966 0.219164 -0.201433 0.033688
e_8_9 8 9 6 0.0125 -0.144226 -0.244709 0.0209111 0.715503 0.625734 0.0718136 -0.302249 0.021124
e_9_10 9 10 7 0.0125 -0.150713 -0.261928 0.0296023 0.888496 0.41546 -0.122305 -0.151688 0.020833
e_10_2 10 2 8 0.0125 -0.159238 -0.274459 0.0480216 0.962372 0.186715 -0.192914 0.0419634 0.027833
6 7 6
2 -0.117802 -0.110313 0.0119549 0.0125
4 0.0710184 0.259564 0.185792 0.0125
1 0.0707048 0.285391 0.195832 0.0125
8 -0.0962841 -0.0989879 0.0440124 0.0125
5 -0.0272054 -0.0192334 0.110327 0.0125
6 -0.0424962 -0.0436877 0.0958454 0.0125
7 -0.0659673 -0.0760488 0.0777259 0.0125
e_1_4 1 4 1 0.0125 0.0708613 0.272477 0.190812 0.548512 0.804037 -0.186226 0.134088 0.027712
e_4_5 4 5 2 0.0125 0.0219069 0.120166 0.14806 0.600377 0.782872 -0.103903 -0.125949 0.305075
e_5_6 5 6 3 0.0125 -0.0348504 -0.0314604 0.103086 0.520064 0.652924 -0.545929 0.0720077 0.032273
e_6_7 6 7 4 0.0125 -0.0542317 -0.0598687 0.0867855 0.541624 0.666542 -0.511999 0.0149029 0.043891
e_7_8 7 8 5 0.0125 -0.0811253 -0.0875178 0.0608691 0.40474 0.424764 -0.807042 0.0666703 0.050813
e_8_2 8 2 6 0.0125 -0.107043 -0.104651 0.0279836 0.312529 0.267098 -0.909407 0.0629606 0.040236
