6
1 7 6
2 -0.17411 0.179853 0.0240371 0.0125
4 0.0945818 0.0163013 0.00520719 0.0125
1 0.257367 -0.0349373 0.0298151 0.0125
8 -0.156533 0.168627 0.013864 0.0125
5 -0.0145716 0.122096 0.00430367 0.0125
6 -0.0559595 0.133246 0.00499031 0.0125
7 -0.136059 0.154726 0.00422902 0.0125
e_1_4 1 4 1 0.0125 0.175975 -0.00931877 0.017511 0.588582 -0.519788 -0.548799 0.286724 0.172424
e_4_5 4 5 2 0.0125 0.0400053 0.0691985 0.00475611 0.670837 -0.62628 -0.332778 0.216816 0.152012
e_5_6 5 6 3 0.0125 -0.0352651 0.127671 0.00464686 0.657844 -0.429068 -0.554888 0.274301 0.042869
e_6_7 6 7 4 0.0125 -0.0960089 0.143987 0.00461002 0.646927 -0.43942 -0.558118 0.277308 0.082933
e_7_8 7 8 5 0.0125 -0.146296 0.161676 0.00904631 0.800711 -0.421054 -0.375922 0.200644 0.026556
e_8_2 8 2 6 0.0125 -0.165321 0.17424 0.0189509 0.826112 -0.378801 -0.370531 0.191719 0.023205
2 8 7
2 0.141666 0.381379 0.253373 0.0125
9 0.141865 0.36439 0.242224 0.0125
4 0.0969578 0.016554 0.0348184 0.0125
1 0.0952778 -0.0385392 0.0114983 0.0125
8 0.142521 0.347 0.229675 0.0125
5 0.0979667 0.0886144 0.125622 0.0125
6 0.12301 0.206742 0.177817 0.0125
7 0.141675 0.327866 0.222548 0.0125
e_1_4 1 4 1 0.0125 0.0961185 -0.0109931 0.0231582 -0.703282 0.474911 0.282198 0.447458 0.059849
e_4_5 4 5 2 0.0125 0.0974629 0.0525837 0.0802199 -0.798921 0.280938 0.171559 0.503356 0.115927
e_5_6 5 6 3 0.0125 0.110489 0.147679 0.15172 -0.684757 0.505509 0.214651 0.479056 0.131552
e_6_7 6 7 4 0.0125 0.132343 0.267304 0.200183 -0.677022 0.517259 0.247006 0.461598 0.130461
e_7_8 7 8 5 0.0125 0.142098 0.337433 0.226111 -0.691232 0.493437 0.286588 0.443379 0.020436
e_8_9 8 9 6 0.0125 0.142193 0.355695 0.23595 -0.758029 0.378645 0.253308 0.46675 0.021454
e_9_2 9 2 7 0.0125 0.141766 0.372884 0.247799 -0.746936 0.400311 0.255842 0.465169 0.020321
3 11 10
2 -0.346157 -0.270768 0.0217956 0.0125
12 -0.335483 -0.254489 0.0167348 0.0125
11 -0.326493 -0.236564 0.0143612 0.0125
10 -0.315638 -0.214171 0.0123152 0.0125
9 -0.309838 -0.196058 0.0186393 0.0125
4 -0.0661771 -0.013913 0.0121225 0.0125
1 0.0197081 0.0440426 0.0258583 0.0125
8 -0.297886 -0.177802 0.0193495 0.0125
5 -0.239599 -0.131066 0.0123087 0.0125
6 -0.27013 -0.145876 0.0238565 0.0125
7 -0.284527 -0.16227 0.0253121 0.0125
e_1_4 1 4 1 0.0125 -0.0232345 0.0150648 0.0189904 -0.336895 0.320763 0.680311 -0.566384 0.104517
e_4_5 4 5 2 0.0125 -0.152888 -0.0724892 0.0122164 -0.376095 0.285707 0.646472 -0.599165 0.209284
e_5_6 5 6 3 0.0125 -0.254864 -0.138471 0.0180829 -0.530714 0.230972 0.534401 -0.615963 0.035845
e_6_7 6 7 4 0.0125 -0.277328 -0.154073 0.0245839 -0.283657 0.216014 0.648101 -0.672935 0.021866
e_7_8 7 8 5 0.0125 -0.291206 -0.170035 0.0223306 -0.180521 0.315042 0.735177 -0.57243 0.021338
e_8_9 8 9 6 0.0125 -0.303862 -0.18693 0.0189944 -0.186277 0.218205 0.684576 -0.670107 0.021831
e_9_10 9 10 7 0.0125 -0.312738 -0.205114 0.0154771 0.0186544 0.271793 0.764131 -0.584709 0.020044
e_10_11 10 11 8 0.0125 -0.321065 -0.225368 0.0133382 -0.156121 0.159388 0.658499 -0.71875 0.024969
e_11_12 11 12 9 0.0125 -0.330988 -0.245527 0.0155479 -0.174701 0.150789 0.64691 -0.726808 0.020194
e_12_2 12 2 10 0.0125 -0.34082 -0.262629 0.0192655 -0.279005 0.133464 0.596955 -0.740262 0.020113
4 11 10
2 -0.270092 -0.0975003 0.0124791 0.0125
12 -0.261438 -0.079702 0.0155855 0.0125
11 -0.252145 -0.0624075 0.0197866 0.0125
10 -0.236282 -0.0508766 0.024793 0.0125
9 -0.221308 -0.0385109 0.0301329 0.0125
4 -0.0845096 0.0469261 0.0518172 0.0125
1 0.04311 0.211541 0.177673 0.0125
8 -0.203259 -0.0282305 0.0270667 0.0125
5 -0.113854 0.0322179 0.0287656 0.0125
6 -0.153276 0.00392858 0.0114881 0.0125
7 -0.18229 -0.017772 0.0131239 0.0125
e_1_4 1 4 1 0.0125 -0.0206993 0.129234 0.114745 -0.128778 -0.695394 -0.524409 0.474171 0.24336
e_4_5 4 5 2 0.0125 -0.0991815 0.0395714 0.0402913 0.135026 -0.642063 -0.612461 0.440924 0.04011
e_5_6 5 6 3 0.0125 -0.133565 0.0180732 0.0201264 0.164231 -0.500641 -0.645822 0.55254 0.051506
e_6_7 6 7 4 0.0125 -0.167783 -0.00692167 0.0123064 0.450911 -0.174337 -0.668621 0.565006 0.036269
e_7_8 7 8 5 0.0125 -0.192774 -0.0230014 0.0200955 0.855212 0.137756 -0.474717 0.155819 0.027268
e_8_9 8 9 6 0.0125 -0.212284 -0.0333707 0.0285998 0.594088 -0.0980806 -0.646034 0.469127 0.020995
e_9_10 9 10 7 0.0125 -0.228795 -0.0446931 0.0274631 0.15773 -0.460345 -0.64858 0.585275 0.020141
e_10_11 10 11 8 0.0125 -0.244213 -0.0566418 0.022289 0.216444 -0.433866 -0.659874 0.574002 0.02024
e_11_12 11 12 9 0.0125 -0.256791 -0.0710554 0.0176859 -0.221386 -0.585659 -0.511489 0.588532 0.020078
e_12_2 12 2 10 0.0125 -0.265765 -0.0886018 0.0140322 -0.258835 -0.576989 -0.494591 0.596211 0.020033
5 8 7
2 -0.244736 -0.206567 0.0154212 0.0125
9 -0.233864 -0.186319 0.0191594 0.0125
4 -0.214145 -0.0541445 0.0556619 0.0125
1 -0.19351 0.278133 0.0121884 0.0125
8 -0.223055 -0.168485 0.0226711 0.0125
5 -0.220097 -0.105107 0.0408916 0.0125
6 -0.221825 -0.127934 0.0362515 0.0125
7 -0.220066 -0.149871 0.0295669 0.0125
e_1_4 1 4 1 0.0125 -0.203827 0.111995 0.0339251 -0.125884 -0.150617 -0.642318 0.740875 0.335744
e_4_5 4 5 2 0.0125 -0.21712 -0.0796261 0.0482764 -0.0667171 -0.180131 -0.778378 0.597686 0.053393
e_5_6 5 6 3 0.0125 -0.22096 -0.11652 0.0385715 -0.0896668 -0.16724 -0.755872 0.626616 0.023358
e_6_7 6 7 4 0.0125 -0.220946 -0.138903 0.032909 -0.140878 -0.126999 -0.793217 0.578646 0.023001
e_7_8 7 8 5 0.0125 -0.22156 -0.159177 0.0261193 -0.0445255 -0.192443 -0.796696 0.571191 0.020074
e_8_9 8 9 6 0.0125 -0.22846 -0.177401 0.0209159 0.0977913 -0.292333 -0.705386 0.638285 0.021148
e_9_2 9 2 7 0.0125 -0.2393 -0.196442 0.0172899 0.0761897 -0.278926 -0.708858 0.643363 0.023284
6 10 9
2 -0.335944 -0.148754 0.0125528 0.0125
11 -0.323166 -0.135397 0.0206253 0.0125
10 -0.306576 -0.126647 0.0279341 0.0125
9 -0.293187 -0.1077 0.0374217 0.0125
4 -0.16971 0.182399 0.0548589 0.0125
1 -0.129974 0.286584 0.0445028 0.0125
8 -0.280863 -0.0943479 0.0465739 0.0125
5 -0.226957 0.0404273 0.0644634 0.0125
6 -0.268905 -0.0418907 0.059367 0.0125
7 -0.269028 -0.0665092 0.0548734 0.0125
e_1_4 1 4 1 0.0125 -0.149843 0.234492 0.0496803 0.650244 0.439642 -0.51037 0.351311 0.111985
e_4_5 4 5 2 0.0125 -0.198334 0.111414 0.0596615 0.634885 0.427254 -0.534924 0.358095 0.15338
e_5_6 5 6 3 0.0125 -0.247931 -0.000731737 0.0619159 0.57284 0.35707 -0.632487 0.379889 0.092531
e_6_7 6 7 4 0.0125 -0.268966 -0.0542003 0.0571205 0.528335 0.631312 -0.437292 0.362054 0.025025
e_7_8 7 8 5 0.0125 -0.274946 -0.0804282 0.0507233 0.449441 0.333529 -0.721844 0.407066 0.031368
e_8_9 8 9 6 0.0125 -0.287026 -0.101023 0.0419976 0.361385 0.0126204 -0.851337 0.380089 0.020344
e_9_10 9 10 7 0.0125 -0.299881 -0.117173 0.0326781 0.39097 0.134026 -0.819318 0.397362 0.025066
e_10_11 10 11 8 0.0125 -0.314871 -0.131022 0.0242797 0.453799 -0.12437 -0.816138 0.335438 0.02013
e_11_2 11 2 9 0.0125 -0.329556 -0.142075 0.0165888 0.394225 0.03375 -0.836044 0.380103 0.02017
