6
1 8 7
2 -0.350543 -0.271663 0.0384536 0.0125
9 -0.324977 -0.257893 0.0316292 0.0125
4 -0.134043 -0.126482 0.0133536 0.0125
1 0.078316 -0.0312257 0.0123275 0.0125
8 -0.308854 -0.247552 0.0257505 0.0125
5 -0.175507 -0.136826 0.0124212 0.0125
6 -0.243456 -0.19282 0.0116723 0.0125
7 -0.284029 -0.22912 0.0188623 0.0125
e_1_4 1 4 1 0.0125 -0.0278636 -0.0788539 0.0128405 0.307324 0.70529 -0.0189763 -0.638559 0.232747
e_4_5 4 5 2 0.0125 -0.154775 -0.131653 0.0128877 0.224717 0.712339 -0.0590178 -0.662263 0.042745
e_5_6 5 6 3 0.0125 -0.209481 -0.164823 0.0120473 0.407976 0.708308 0.0505263 -0.573849 0.088051
e_6_7 6 7 4 0.0125 -0.263742 -0.21097 0.0152676 0.460676 0.657556 0.0464221 -0.594342 0.054914
e_7_8 7 8 5 0.0125 -0.296441 -0.238336 0.0223066 0.451225 0.625369 0.0137658 -0.63649 0.031678
e_8_9 8 9 6 0.0125 -0.316916 -0.252723 0.0286902 0.447201 0.594285 -0.0115455 -0.668359 0.020036
e_9_2 9 2 7 0.0125 -0.33776 -0.264778 0.0350406 0.399387 0.620464 -0.0251896 -0.674448 0.02983
2 11 10
2 -0.0385805 -0.169574 0.0429916 0.0125
12 -0.0419269 -0.147441 0.0435725 0.0125
11 -0.0424665 -0.12612 0.0419956 0.0125
10 -0.0428437 -0.105555 0.0406196 0.0125
9 -0.0459643 -0.0854969 0.0372776 0.0125
4 -0.114738 0.115529 0.0132118 0.0125
1 -0.0960466 0.288186 0.0955356 0.0125
8 -0.0491501 -0.0649581 0.0339055 0.0125
5 -0.117813 0.0869271 0.0139376 0.0125
6 -0.120426 0.067061 0.0114875 0.0125
7 -0.110257 0.0319124 0.0185907 0.0125
e_1_4 1 4 1 0.0125 -0.105393 0.201857 0.0543731 0.202729 0.234429 -0.811922 0.494699 0.19219
e_4_5 4 5 2 0.0125 -0.116275 0.101229 0.0135749 0.700461 0.663639 -0.216706 0.148241 0.028776
e_5_6 5 6 3 0.0125 -0.119119 0.0769947 0.0127123 0.627895 0.672034 -0.33026 0.212243 0.020187
e_6_7 6 7 4 0.0125 -0.115342 0.0494869 0.0150386 0.755877 0.563242 0.295761 -0.154707 0.037274
e_7_8 7 8 5 0.0125 -0.0797035 -0.0165228 0.0262481 0.688996 0.368716 0.54569 -0.302583 0.115553
e_8_9 8 9 6 0.0125 -0.0475567 -0.0752275 0.0355915 0.757717 0.627047 0.16354 -0.077014 0.021057
e_9_10 9 10 7 0.0125 -0.044404 -0.0955258 0.0389486 0.75849 0.626144 0.163477 -0.0768944 0.020572
e_10_11 10 11 8 0.0125 -0.0426551 -0.115838 0.0413073 0.729916 0.683029 -0.010185 0.0242992 0.020615
e_11_12 11 12 9 0.0125 -0.0421967 -0.13678 0.0427836 0.732493 0.680532 0.000326097 0.0181896 0.021386
e_12_2 12 2 10 0.0125 -0.0402542 -0.158507 0.0432823 0.686686 0.677722 0.231649 -0.124475 0.022392
3 11 10
2 0.282058 0.283584 0.126998 0.0125
12 0.271652 0.274943 0.112221 0.0125
11 0.261978 0.259281 0.104397 0.0125
10 0.249815 0.245935 0.0956424 0.0125
9 0.242629 0.227251 0.0911824 0.0125
4 0.169808 0.0841178 0.036803 0.0125
1 0.109215 -0.156 0.0215064 0.0125
8 0.234519 0.209719 0.0826691 0.0125
5 0.21133 0.152122 0.0557461 0.0125
6 0.219175 0.169677 0.0621067 0.0125
7 0.226321 0.194497 0.0717978 0.0125
e_1_4 1 4 1 0.0125 0.139511 -0.035941 0.0291543 0.714171 -0.617848 0.2957 0.144173 0.248117
e_4_5 4 5 2 0.0125 0.190568 0.11812 0.0462748 0.782365 -0.50306 0.362332 0.0595963 0.0819
e_5_6 5 6 3 0.0125 0.215252 0.1609 0.0589271 0.803791 -0.499303 0.306018 0.104733 0.020253
e_6_7 6 7 4 0.0125 0.222748 0.182086 0.0669529 0.808342 -0.509629 0.254232 0.14909 0.027586
e_7_8 7 8 5 0.0125 0.23042 0.202107 0.0772331 0.869728 -0.39721 0.275817 0.0986022 0.020423
e_8_9 8 9 6 0.0125 0.238574 0.218484 0.0869257 0.830829 -0.462541 0.290543 0.106602 0.02111
e_9_10 9 10 7 0.0125 0.246222 0.236593 0.0934118 0.771649 -0.544249 0.308324 0.115267 0.020509
e_10_11 10 11 8 0.0125 0.255896 0.252608 0.100019 0.84718 -0.38385 0.366801 0.0200471 0.020067
e_11_12 11 12 9 0.0125 0.266814 0.267111 0.108308 0.83107 -0.443338 0.328408 0.0701568 0.020002
e_12_2 12 2 10 0.0125 0.276855 0.279263 0.119609 0.931563 -0.221816 0.286339 0.0315879 0.020033
4 6 5
2 -0.367627 0.0292485 0.0126963 0.0125
7 -0.34901 0.0236296 0.0209214 0.0125
6 -0.320578 0.0151244 0.0319219 0.0125
5 -0.288832 0.0150959 0.031771 0.0125
1 0.11983 0.0539949 0.0394595 0.0125
4 0.00503064 0.0705462 0.0453226 0.0125
e_1_4 1 4 1 0.0125 0.0624305 0.062271 0.0423916 -0.404345 0.620825 0.298885 -0.601456 0.116134
e_4_5 4 5 2 0.0125 -0.141901 0.0428215 0.0385474 -0.220698 0.630362 0.353946 -0.65472 0.299356
e_5_6 5 6 3 0.0125 -0.304706 0.01511 0.0318461 -0.326324 0.626508 0.324226 -0.629188 0.031747
e_6_7 6 7 4 0.0125 -0.334795 0.0193772 0.0264216 -0.360516 0.758448 0.313914 -0.442992 0.03165
e_7_2 7 2 5 0.0125 -0.358318 0.0264392 0.0168092 -0.348702 0.770958 0.316857 -0.428523 0.021114
5 6 5
2 0.0765463 -0.177346 0.0149386 0.0125
7 0.0615365 -0.164812 0.023995 0.0125
6 0.0367088 -0.151664 0.0239336 0.0125
5 -0.014212 -0.0840467 0.0351163 0.0125
1 -0.192245 0.220056 0.0137312 0.0125
4 -0.0716922 0.0536215 0.0672583 0.0125
e_1_4 1 4 1 0.0125 -0.131969 0.136839 0.040495 0.369663 -0.08578 0.605487 -0.699555 0.212364
e_4_5 4 5 2 0.0125 -0.0429525 -0.0152119 0.0511876 -0.0948674 -0.404738 0.664448 -0.621044 0.152609
e_5_6 5 6 3 0.0125 0.0112487 -0.117855 0.0295245 0.176257 -0.275283 0.699793 -0.635171 0.085382
e_6_7 6 7 4 0.0125 0.0491225 -0.158237 0.023964 0.573997 -0.0972661 0.699597 -0.414285 0.028095
e_7_2 7 2 5 0.0125 0.0690415 -0.171079 0.0194671 0.249342 -0.323109 0.778286 -0.477179 0.02155
6 8 7
2 -0.0591233 0.000952283 0.0114946 0.0125
9 -0.0481756 0.0181635 0.0129312 0.0125
4 0.247739 0.178507 0.0186056 0.0125
1 0.346473 0.267978 0.011495 0.0125
8 -0.033352 0.0315932 0.0171243 0.0125
5 0.148754 0.0864444 0.0188618 0.0125
6 0.0177998 0.0517226 0.0172495 0.0125
7 -0.0109686 0.0398228 0.016236 0.0125
e_1_4 1 4 1 0.0125 0.297106 0.223242 0.0150503 0.721045 0.401347 -0.558816 0.0820995 0.133433
e_4_5 4 5 2 0.0125 0.198246 0.132475 0.0187339 0.704907 0.432625 -0.558469 0.0636717 0.135179
e_5_6 5 6 3 0.0125 0.0832766 0.0690835 0.0180561 0.536771 -0.30467 -0.64275 0.45379 0.135489
e_6_7 6 7 4 0.0125 0.00341584 0.0457723 0.016743 0.566345 -0.161777 -0.70007 0.403714 0.031148
e_7_8 7 8 5 0.0125 -0.02216 0.0357083 0.0166804 0.599552 -0.161375 -0.674803 0.398918 0.023865
e_8_9 8 9 6 0.0125 -0.0407636 0.0248779 0.0150279 0.627642 0.464909 -0.621634 0.0591311 0.020437
e_9_2 9 2 7 0.0125 -0.0536497 0.00955792 0.0122133 0.641933 0.713445 -0.161693 -0.229726 0.020449
