6
1 8 7
2 -0.115389 -0.184762 0.0114936 0.0125
9 -0.114619 -0.164734 0.0138047 0.0125
4 0.138316 0.107566 0.0153938 0.0125
1 0.21392 0.162451 0.0114974 0.0125
8 -0.116329 -0.145942 0.0205167 0.0125
5 -0.0324296 -0.0359685 0.028237 0.0125
6 -0.0979829 -0.0968736 0.0253954 0.0125
7 -0.112989 -0.125124 0.0214737 0.0125
e_1_4 1 4 1 0.0125 0.176117 0.135009 0.0134458 0.717641 0.345103 -0.600054 0.0763553 0.093507
e_4_5 4 5 2 0.0125 0.0529425 0.0357986 0.021816 0.727143 0.440466 -0.526544 0.00175591 0.22343
e_5_6 5 6 3 0.0125 -0.065207 -0.0664206 0.0268161 0.675223 0.60142 -0.392638 -0.167937 0.089525
e_6_7 6 7 4 0.0125 -0.105486 -0.110998 0.0234342 0.580154 0.748797 0.0120769 -0.320278 0.032228
e_7_8 7 8 5 0.0125 -0.11466 -0.135533 0.0209947 0.65362 0.71244 0.122934 -0.223824 0.021106
e_8_9 8 9 6 0.0125 -0.115474 -0.155338 0.0171604 0.514801 0.693155 0.432534 -0.259673 0.020028
e_9_2 9 2 7 0.0125 -0.115005 -0.174748 0.0126494 0.625087 0.710597 0.228731 -0.228036 0.020176
2 7 6
2 -0.219375 -0.240754 0.0178344 0.0125
4 -0.192172 -0.123848 0.0173693 0.0125
1 -0.0231363 0.212405 0.0114971 0.0125
8 -0.219019 -0.220337 0.0132784 0.0125
5 -0.205714 -0.157417 0.0117821 0.0125
6 -0.203723 -0.179628 0.0116174 0.0125
7 -0.209054 -0.200233 0.0126425 0.0125
e_1_4 1 4 1 0.0125 -0.107655 0.0442789 0.0144337 0.414739 0.621055 0.326328 -0.579476 0.376396
e_4_5 4 5 2 0.0125 -0.198943 -0.140633 0.0145757 0.385055 0.645421 0.399634 -0.52484 0.036627
e_5_6 5 6 3 0.0125 -0.204718 -0.168523 0.0116997 0.562166 0.525875 0.476606 -0.424585 0.0223
e_6_7 6 7 4 0.0125 -0.206389 -0.18993 0.0121295 0.4901 0.579358 0.37454 -0.532791 0.021308
e_7_8 7 8 5 0.0125 -0.214038 -0.210285 0.0129609 0.420795 0.617139 0.323999 -0.5806 0.022447
e_8_2 8 2 6 0.0125 -0.219197 -0.230545 0.0155564 0.605622 0.492177 0.385853 -0.492038 0.020922
3 8 7
2 0.175244 0.0695783 0.0734455 0.0125
9 0.156438 0.0645267 0.0662083 0.0125
4 -0.1108 -0.17004 0.0378593 0.0125
1 -0.193526 -0.238432 0.0345964 0.0125
8 0.138638 0.0617749 0.0570063 0.0125
5 0.0430015 -0.0412452 0.0114956 0.0125
6 0.0935251 0.0190249 0.0279216 0.0125
7 0.124698 0.0516501 0.0467838 0.0125
e_1_4 1 4 1 0.0125 -0.152162 -0.204236 0.0362281 0.693552 -0.566903 0.404261 -0.184873 0.107385
e_4_5 4 5 2 0.0125 -0.033899 -0.105642 0.0246776 0.621274 -0.647945 0.381201 -0.221071 0.202332
e_5_6 5 6 3 0.0125 0.0682629 -0.0111096 0.0197085 0.766342 -0.541128 0.323964 -0.12226 0.080342
e_6_7 6 7 4 0.0125 0.109111 0.0353375 0.0373527 0.828643 -0.435097 0.343303 -0.0786434 0.048907
e_7_8 7 8 5 0.0125 0.131668 0.056712 0.0518946 0.867833 -0.31098 0.384919 -0.0446692 0.020034
e_8_9 8 9 6 0.0125 0.147538 0.0631508 0.0616074 0.852299 -0.0996401 0.512417 -0.0329623 0.020226
e_9_2 9 2 7 0.0125 0.165841 0.0670531 0.0698268 0.816488 -0.205488 0.532542 -0.0867177 0.020774
4 11 10
2 -0.0208374 -0.249517 0.0299565 0.0125
12 -0.0230941 -0.229714 0.0279659 0.0125
11 -0.0302113 -0.211035 0.0270289 0.0125
10 -0.0370911 -0.192476 0.0302495 0.0125
9 -0.0438288 -0.175122 0.0375718 0.0125
4 -0.0843056 -0.0584181 0.048658 0.0125
1 -0.283815 0.151647 0.0114994 0.0125
8 -0.0485452 -0.157776 0.0466213 0.0125
5 -0.0709866 -0.101409 0.0546829 0.0125
6 -0.0658145 -0.12105 0.0551581 0.0125
7 -0.0544306 -0.138203 0.0520653 0.0125
e_1_4 1 4 1 0.0125 -0.184061 0.0466142 0.0300793 0.268897 0.596304 -0.284274 0.700931 0.292082
e_4_5 4 5 2 0.0125 -0.0776468 -0.0799135 0.0516704 0.496896 0.561704 -0.34373 0.565184 0.045409
e_5_6 5 6 3 0.0125 -0.0684003 -0.11123 0.0549203 0.465521 0.574877 -0.39726 0.54313 0.020316
e_6_7 6 7 4 0.0125 -0.0601227 -0.129627 0.053612 0.236572 0.619454 -0.436522 0.608078 0.020818
e_7_8 7 8 5 0.0125 -0.0514881 -0.14799 0.0493431 0.333366 0.606534 -0.510708 0.51006 0.021151
e_8_9 8 9 6 0.0125 -0.0461871 -0.16645 0.0420969 0.267192 0.610666 -0.593215 0.451433 0.020125
e_9_10 9 10 7 0.0125 -0.0404607 -0.183799 0.0339109 0.256179 0.616937 -0.549933 0.501333 0.020003
e_10_11 10 11 8 0.0125 -0.0336512 -0.201755 0.0286392 0.345455 0.604857 -0.463066 0.548068 0.020054
e_11_12 11 12 9 0.0125 -0.0266523 -0.220375 0.0274977 0.431013 0.581763 -0.371681 0.581062 0.020012
e_12_2 12 2 10 0.0125 -0.0219652 -0.239616 0.0289616 0.551924 0.547072 -0.388624 0.495039 0.02003
5 7 6
2 0.19659 -0.239647 0.0181748 0.0125
4 -0.0730935 -0.0508946 0.0695366 0.0125
1 -0.205904 0.00922308 0.120315 0.0125
8 0.177755 -0.233168 0.0150686 0.0125
5 0.0695246 -0.114857 0.018121 0.0125
6 0.143911 -0.201427 0.0114991 0.0125
7 0.160435 -0.215624 0.0138077 0.0125
e_1_4 1 4 1 0.0125 -0.139499 -0.0208357 0.0949258 -0.12613 0.651596 -0.489784 0.565354 0.154374
e_4_5 4 5 2 0.0125 -0.00178495 -0.0828758 0.0438289 -0.129092 0.648025 -0.486109 0.571924 0.164543
e_5_6 5 6 3 0.0125 0.106718 -0.158142 0.0148101 0.185771 0.605613 -0.402735 0.660701 0.114332
e_6_7 6 7 4 0.0125 0.152173 -0.208526 0.0126529 0.100368 0.56147 -0.363381 0.736636 0.021907
e_7_8 7 8 5 0.0125 0.169094 -0.224396 0.0144383 0.155107 0.5776 -0.3753 0.708145 0.024685
e_8_2 8 2 6 0.0125 0.187172 -0.236407 0.0166214 -0.210126 0.532475 -0.373395 0.729996 0.02016
6 8 7
2 -0.388502 0.281007 0.166864 0.0125
9 -0.371604 0.270487 0.163226 0.0125
4 -0.240615 0.200257 0.0603417 0.0125
1 0.0275076 0.0791092 0.0243826 0.0125
8 -0.356071 0.258683 0.157616 0.0125
5 -0.274217 0.213265 0.0868525 0.0125
6 -0.331181 0.236704 0.131866 0.0125
7 -0.34286 0.246981 0.14445 0.0125
e_1_4 1 4 1 0.0125 -0.106554 0.139683 0.0423624 0.026497 -0.613313 0.251377 0.748301 0.296411
e_4_5 4 5 2 0.0125 -0.257416 0.206761 0.0735969 0.0189673 -0.424231 0.153959 0.892169 0.044734
e_5_6 5 6 3 0.0125 -0.302699 0.224985 0.109359 0.0249488 -0.423362 0.160499 0.891281 0.076292
e_6_7 6 7 4 0.0125 -0.33702 0.241842 0.138157 0.11848 -0.35794 0.23964 0.894659 0.020008
e_7_8 7 8 5 0.0125 -0.349465 0.252832 0.151033 0.120859 -0.372728 0.249188 0.885648 0.02202
e_8_9 8 9 6 0.0125 -0.363837 0.264585 0.160421 0.103774 -0.522145 0.298635 0.792094 0.020299
e_9_2 9 2 7 0.0125 -0.380053 0.275748 0.165045 0.0722794 -0.573089 0.2858 0.764633 0.020236
