2
1 23 22
3 -0.0446275 -0.249897 0.109173 0.0125
24 -0.0522783 -0.254311 0.0912287 0.0125
23 -0.0561402 -0.259256 0.0722387 0.0125
22 -0.0573573 -0.264482 0.052971 0.0125
21 -0.0563232 -0.271541 0.0342867 0.0125
4 0.035917 -0.287583 0.0583792 0.0125
20 0.00916398 -0.281984 0.0459074 0.0125
6 -0.0743405 -0.0225347 0.0557908 0.0125
11 -0.0580441 -0.0230447 0.043441 0.0125
10 -0.0386386 -0.0196354 0.0337508 0.0125
9 -0.0199543 -0.0151931 0.025143 0.0125
2 0.063427 -0.00343834 0.0114987 0.0125
19 -0.0322231 -0.275774 0.0245068 0.0125
8 0.0122831 -0.00343182 0.0199283 0.0125
12 0.123577 -0.0282313 0.0493228 0.0125
5 0.137898 -0.0366686 0.0676532 0.0125
13 -0.0232184 -0.134506 0.0165053 0.0125
14 -0.0330268 -0.167388 0.0150353 0.0125
15 -0.0433962 -0.189024 0.0136429 0.0125
16 -0.0474997 -0.210185 0.0121604 0.0125
17 -0.0508157 -0.230771 0.0133486 0.0125
18 -0.0539675 -0.251811 0.0124736 0.0125
1 -0.052652 -0.272294 0.0146412 0.0125
e_2_8 2 8 1 0.0125 0.0378555 -0.00343487 0.0157134 0.762435 -0.00295679 -0.64705 0.00338209 0.051834
e_8_9 8 9 2 0.0125 -0.00383526 -0.0093118 0.0225361 0.749669 0.128405 -0.639062 0.11449 0.03471
e_9_10 9 10 3 0.0125 -0.0292966 -0.0174149 0.0294474 0.833689 0.0635983 -0.539863 0.0972884 0.021046
e_10_11 10 11 4 0.0125 -0.0483413 -0.02134 0.0385959 0.844901 0.0404082 -0.52697 0.0825375 0.021957
e_11_6 11 6 5 0.0125 -0.0661927 -0.0227899 0.049616 0.894357 -0.0362992 -0.443598 0.0450533 0.020453
e_2_12 2 12 1 0.0125 0.0935023 -0.0158341 0.0304107 0.665547 0.441297 0.232277 0.555294 0.075256
e_12_5 12 5 2 0.0125 0.130738 -0.0324502 0.0584879 0.810555 0.312371 0.179001 0.461935 0.024744
e_2_13 2 13 1 0.0125 0.0201042 -0.0689723 0.0140015 0.650425 0.362783 -0.593688 0.304746 0.157198
e_13_14 13 14 2 0.0125 -0.0281223 -0.150947 0.0157703 0.576034 0.461838 -0.555068 0.383132 0.034346
e_14_15 14 15 3 0.0125 -0.0382118 -0.178207 0.0143386 0.597 0.415471 -0.59696 0.338547 0.024033
e_15_16 15 16 4 0.0125 -0.045448 -0.199604 0.0129011 0.547583 0.492745 -0.539905 0.407258 0.021606
e_16_17 16 17 5 0.0125 -0.0491583 -0.220478 0.0127541 0.590883 0.487455 -0.483677 0.42344 0.020885
e_17_18 17 18 6 0.0125 -0.052392 -0.241291 0.0129112 0.550172 0.502044 -0.51817 0.420432 0.021293
e_18_1 18 1 7 0.0125 -0.0533093 -0.262053 0.0135573 0.567489 0.537368 -0.398407 0.480067 0.02064
e_1_19 1 19 1 0.0125 -0.0424377 -0.274034 0.0195745 0.643799 0.409469 0.342629 0.548146 0.022951
e_19_20 19 20 2 0.0125 -0.01153 -0.278879 0.0352072 0.666509 0.382599 0.354935 0.532358 0.047004
e_20_4 20 4 3 0.0125 0.0225403 -0.284784 0.0521434 0.625542 0.436262 0.31955 0.562371 0.030044
e_1_21 1 21 1 0.0125 -0.0544875 -0.271918 0.0244634 0.985101 -0.032071 -0.0884855 0.143936 0.02
e_21_22 21 22 2 0.0125 -0.05684 -0.268012 0.0436288 0.98289 -0.180185 -0.0203763 0.0323208 0.02
e_22_23 22 23 3 0.0125 -0.0567486 -0.26187 0.0626043 0.986618 -0.128482 0.0426715 0.0908594 0.02
e_23_24 23 24 4 0.0125 -0.054209 -0.256784 0.0817337 0.980182 -0.112617 0.112082 0.118315 0.02
e_24_3 24 3 5 0.0125 -0.048453 -0.252104 0.1002 0.959767 -0.0782427 0.212787 0.165669 0.02
2 21 20
3 -0.0353419 0.0551085 0.205419 0.0125
22 -0.0282886 0.0232511 0.212391 0.0125
4 -0.110005 -0.0602666 0.244352 0.0125
21 -0.0895647 -0.0568811 0.238839 0.0125
20 -0.0649604 -0.0494989 0.22926 0.0125
12 -0.159495 -0.191759 0.170361 0.0125
11 -0.168434 -0.179766 0.153327 0.0125
10 -0.181203 -0.170763 0.139043 0.0125
9 -0.197543 -0.163447 0.128493 0.0125
2 -0.255025 -0.150099 0.103483 0.0125
19 -0.0370392 -0.0404166 0.227964 0.0125
8 -0.228865 -0.152162 0.11475 0.0125
6 -0.14993 -0.204496 0.183746 0.0125
13 -0.238074 -0.14586 0.0631085 0.0125
14 -0.229067 -0.138949 0.0363103 0.0125
5 -0.219647 -0.134576 0.0114921 0.0125
15 -0.167407 -0.116903 0.179764 0.0125
16 -0.0782662 -0.0819264 0.215348 0.0125
17 -0.0558697 -0.0727391 0.221553 0.0125
18 -0.0350004 -0.0559251 0.224018 0.0125
1 -0.0153233 -0.0405339 0.226657 0.0125
e_2_8 2 8 1 0.0125 -0.241944 -0.15113 0.109116 0.706744 0.328727 0.44122 0.44472 0.028558
e_8_9 8 9 2 0.0125 -0.213204 -0.157804 0.121621 0.656314 0.46982 0.297461 0.50994 0.036018
e_9_10 9 10 3 0.0125 -0.189373 -0.167104 0.133768 0.741383 0.408793 0.281161 0.451871 0.020781
e_10_11 10 11 4 0.0125 -0.174818 -0.175264 0.146184 0.836762 0.345919 0.207297 0.370402 0.021169
e_11_12 11 12 5 0.0125 -0.163965 -0.185763 0.161844 0.878285 0.338002 0.100166 0.323011 0.022669
e_12_6 12 6 6 0.0125 -0.154712 -0.198127 0.177053 0.822023 0.413097 0.0876535 0.382029 0.020805
e_2_13 2 13 1 0.0125 -0.246549 -0.147979 0.0832963 -0.1977 0.443267 -0.873148 0.0451868 0.043993
e_13_14 13 14 2 0.0125 -0.233571 -0.142404 0.0497096 -0.190195 0.341218 -0.918674 -0.0585999 0.029104
e_14_5 14 5 3 0.0125 -0.224357 -0.136762 0.0239012 -0.196837 0.39624 -0.896792 -0.00364174 0.026903
e_2_15 2 15 1 0.0125 -0.211215 -0.133501 0.141624 0.902321 -0.134777 0.407623 0.0386723 0.120821
e_15_16 15 16 2 0.0125 -0.122836 -0.0994142 0.197556 0.818486 -0.165656 0.546251 0.0651832 0.102155
e_16_17 16 17 3 0.0125 -0.0670684 -0.077333 0.218451 0.787873 -0.190145 0.582835 0.0583441 0.02499
e_17_18 17 18 4 0.0125 -0.0454349 -0.0643323 0.222786 0.47198 -0.673872 0.00999922 -0.568359 0.026913
e_18_1 18 1 5 0.0125 -0.0251619 -0.0482292 0.225338 0.506117 -0.666514 0.0569224 -0.544394 0.025121
e_1_19 1 19 1 0.0125 -0.0261818 -0.0404752 0.227311 0.713621 0.13214 -0.672676 -0.14419 0.021756
e_19_20 19 20 2 0.0125 -0.0509997 -0.0449579 0.228613 0.721602 0.246939 -0.645731 -0.0366609 0.029389
e_20_21 20 21 3 0.0125 -0.0772625 -0.0531902 0.23405 0.82031 0.191853 -0.537113 -0.0423638 0.027416
e_21_4 21 4 4 0.0125 -0.0997842 -0.0585734 0.241596 0.788231 0.163621 -0.587081 -0.0851843 0.021439
e_1_22 1 22 1 0.0125 -0.0218058 -0.00864156 0.219524 0.346447 -0.292641 -0.722086 -0.522424 0.066635
e_22_3 22 3 2 0.0125 -0.0318147 0.0391798 0.208905 0.354619 -0.28923 -0.721682 -0.519391 0.033365
