2
1 25 24
3 -0.0831051 -0.256679 0.0836923 0.0125
26 -0.0713708 -0.240489 0.0841232 0.0125
25 -0.0584252 -0.225269 0.0850074 0.0125
24 -0.0444251 -0.210992 0.0854156 0.0125
23 -0.0336478 -0.194937 0.0803092 0.0125
4 -0.0986758 -0.207395 0.0114784 0.0125
22 -0.0813189 -0.204628 0.0243239 0.0125
21 -0.0670722 -0.198738 0.0372085 0.0125
20 -0.0409923 -0.187779 0.0610605 0.0125
11 -0.348849 -0.0847951 0.113632 0.0125
10 -0.327722 -0.0787035 0.111609 0.0125
6 -0.182832 -0.0249962 0.0124727 0.0125
9 -0.224334 -0.0385346 0.044297 0.0125
2 -0.296107 -0.0595401 0.104277 0.0125
19 -0.0437406 -0.172265 0.0715955 0.0125
8 -0.258238 -0.0499203 0.0706171 0.0125
12 -0.368596 -0.0884191 0.111612 0.0125
5 -0.388502 -0.0894913 0.109445 0.0125
13 -0.15771 -0.122056 0.0813912 0.0125
14 -0.135887 -0.132327 0.0778272 0.0125
15 -0.117775 -0.143892 0.0759458 0.0125
16 -0.10036 -0.153298 0.0719733 0.0125
17 -0.0823424 -0.162085 0.0707958 0.0125
18 -0.0629797 -0.166804 0.072841 0.0125
1 -0.0248424 -0.1792 0.0716589 0.0125
e_2_8 2 8 1 0.0125 -0.277173 -0.0547301 0.0874468 -0.401501 0.451539 -0.788962 0.111571 0.051571
e_8_9 8 9 2 0.0125 -0.241286 -0.0442277 0.0574563 -0.319924 -0.395236 -0.80009 -0.318264 0.044406
e_9_6 9 6 3 0.0125 -0.203583 -0.0317654 0.0283848 -0.338938 -0.355948 -0.81722 -0.300955 0.054023
e_2_10 2 10 1 0.0125 -0.311914 -0.0691217 0.107943 0.770243 0.283448 -0.567789 0.0632295 0.03769
e_10_11 10 11 2 0.0125 -0.338286 -0.0817494 0.112621 0.738776 0.18525 -0.647989 0.00168572 0.022081
e_11_12 11 12 3 0.0125 -0.358723 -0.0866076 0.112622 0.670383 0.158886 -0.724437 -0.0230959 0.020177
e_12_5 12 5 4 0.0125 -0.378549 -0.0889547 0.110529 0.665573 0.100591 -0.73751 -0.0545266 0.020052
e_2_13 2 13 1 0.0125 -0.226908 -0.0907975 0.0928341 0.521763 0.664147 0.365267 0.391475 0.153576
e_13_14 13 14 2 0.0125 -0.146799 -0.127191 0.0796093 0.522471 0.669075 0.354158 0.392346 0.024381
e_14_15 14 15 3 0.0125 -0.126831 -0.13811 0.0768861 0.552932 0.68181 0.280621 0.388142 0.021572
e_15_16 15 16 4 0.0125 -0.109068 -0.148595 0.0739599 0.485428 0.719126 0.285004 0.407419 0.020188
e_16_17 16 17 5 0.0125 -0.0913507 -0.157692 0.0713849 0.576216 0.622771 0.376165 0.372333 0.02008
e_17_18 17 18 6 0.0125 -0.0726613 -0.164445 0.0718178 0.687115 0.393209 0.542535 0.280918 0.020035
e_18_19 18 19 7 0.0125 -0.0533608 -0.169535 0.0722181 0.594121 0.52126 0.509276 0.340509 0.020037
e_19_1 19 1 8 0.0125 -0.0342915 -0.175733 0.0716278 0.621809 0.530798 0.465474 0.339029 0.020131
e_1_20 1 20 1 0.0125 -0.032917 -0.183489 0.0663595 0.496743 0.32746 -0.802183 0.0501891 0.021136
e_20_21 20 21 2 0.0125 -0.0540322 -0.193258 0.0491345 0.420695 0.297494 -0.856619 0.0267775 0.037003
e_21_22 21 22 3 0.0125 -0.0741953 -0.201682 0.0307667 0.42273 0.294981 -0.856525 0.0255257 0.020091
e_22_4 22 4 4 0.0125 -0.0899974 -0.206012 0.0179018 0.451899 0.193795 -0.870327 -0.0275901 0.02177
e_1_23 1 23 1 0.0125 -0.0292451 -0.187068 0.0759842 0.831213 0.40762 -0.342909 0.159196 0.02
e_23_24 23 24 2 0.0125 -0.0390362 -0.202965 0.0828628 0.776583 0.429364 -0.433592 0.156728 0.02
e_24_25 24 25 3 0.0125 -0.0514252 -0.218131 0.0852122 0.688498 0.411922 -0.583529 0.125637 0.02
e_25_26 25 26 4 0.0125 -0.0648976 -0.232879 0.0845655 0.676431 0.442024 -0.571603 0.14257 0.02
e_26_3 26 3 5 0.0125 -0.0772372 -0.248584 0.0839078 0.680905 0.467412 -0.540654 0.159962 0.02
2 25 24
3 -0.313717 0.189501 0.0339507 0.0125
26 -0.316829 0.168352 0.0323219 0.0125
25 -0.317374 0.146915 0.0359251 0.0125
24 -0.312699 0.124925 0.0338819 0.0125
4 -0.298316 0.00185789 0.0713665 0.0125
23 -0.306053 0.0332098 0.0620508 0.0125
1 -0.301565 0.0925655 0.0326501 0.0125
22 -0.282783 0.0888837 0.0266881 0.0125
21 -0.265574 0.0818761 0.0179025 0.0125
12 -0.089162 -0.112065 0.0953851 0.0125
11 -0.0795466 -0.0987792 0.0798705 0.0125
10 -0.0656444 -0.0846341 0.0678743 0.0125
9 -0.053464 -0.0705698 0.0531322 0.0125
2 -0.0338195 -0.0314338 0.0136598 0.0125
19 -0.228332 0.0662786 0.012473 0.0125
8 -0.0433571 -0.0488348 0.0259551 0.0125
6 -0.095717 -0.123507 0.111633 0.0125
13 -0.0380808 -0.0509609 0.0129208 0.0125
14 -0.0480871 -0.0682722 0.012502 0.0125
15 -0.0576715 -0.0858048 0.0116262 0.0125
16 -0.061883 -0.105249 0.0136619 0.0125
5 -0.0650318 -0.124966 0.0124966 0.0125
17 -0.108982 0.00666229 0.0226232 0.0125
18 -0.208037 0.0580251 0.0138171 0.0125
20 -0.247404 0.0733461 0.0156014 0.0125
e_2_8 2 8 1 0.0125 -0.0385882 -0.0401343 0.0198067 0.865503 0.390642 -0.289916 0.119383 0.023344
e_8_9 8 9 2 0.0125 -0.0484108 -0.0597018 0.0395433 0.932744 0.308448 -0.172839 0.0705272 0.036238
e_9_10 9 10 3 0.0125 -0.0595541 -0.0776015 0.0605032 0.897158 0.304184 -0.311379 0.0749786 0.023738
e_10_11 10 11 4 0.0125 -0.0725955 -0.0917066 0.0738724 0.866967 0.315174 -0.376662 0.0846081 0.023179
e_11_12 11 12 5 0.0125 -0.0843549 -0.105421 0.0876277 0.91575 0.301576 -0.255842 0.0707044 0.022575
e_12_6 12 6 6 0.0125 -0.0924396 -0.117787 0.103509 0.940789 0.279698 -0.183146 0.0560599 0.020926
e_2_13 2 13 1 0.0125 -0.0359498 -0.0411974 0.0132907 0.649203 0.603948 -0.392072 0.245076 0.02
e_13_14 13 14 2 0.0125 -0.0430831 -0.0596162 0.0127115 0.672441 0.495737 -0.514505 0.193268 0.02
e_14_15 14 15 3 0.0125 -0.0528792 -0.077038 0.0120641 0.662008 0.506855 -0.514775 0.199622 0.02
e_15_16 15 16 4 0.0125 -0.0597773 -0.0955266 0.0126448 0.706668 0.580192 -0.335368 0.226991 0.02
e_16_5 16 5 5 0.0125 -0.0634571 -0.115107 0.0130796 0.636858 0.623956 -0.373922 0.255486 0.02
e_2_17 2 17 1 0.0125 -0.0714008 -0.0123852 0.0181411 0.73027 -0.184625 -0.642672 -0.13997 0.084741
e_17_18 17 18 2 0.0125 -0.15851 0.0323443 0.0182201 0.664376 -0.197582 -0.707318 -0.138805 0.111927
e_18_19 18 19 3 0.0125 -0.218184 0.0621523 0.0131458 0.674828 -0.153775 -0.712014 -0.11831 0.02195
e_19_20 19 20 4 0.0125 -0.237868 0.0698123 0.0140379 0.750101 -0.130627 -0.637906 -0.115585 0.020578
e_20_21 20 21 5 0.0125 -0.256488 0.0776104 0.016752 0.734257 -0.170543 -0.643406 -0.133457 0.020204
e_21_22 21 22 6 0.0125 -0.274178 0.0853803 0.0222957 0.835633 -0.126744 -0.519831 -0.124215 0.020555
e_22_1 22 1 7 0.0125 -0.292174 0.0907246 0.0296691 0.801074 -0.0530639 -0.590325 -0.0835566 0.020045
e_1_23 1 23 1 0.0125 -0.303809 0.0628877 0.0473505 0.831025 0.506713 -0.147723 0.17555 0.066391
e_23_4 23 4 2 0.0125 -0.302184 0.0175338 0.0667084 0.767066 0.600634 -0.0253657 0.224062 0.033609
e_1_24 1 24 1 0.0125 -0.307132 0.108746 0.033266 0.65683 -0.506785 -0.474533 -0.294213 0.034244
e_24_25 24 25 2 0.0125 -0.315036 0.13592 0.0349028 0.669104 -0.538384 -0.406062 -0.312341 0.022573
e_25_26 25 26 3 0.0125 -0.317101 0.157633 0.0341232 0.539909 -0.648632 -0.40264 -0.35448 0.021745
e_26_3 26 3 4 0.0125 -0.315272 0.178926 0.0331363 0.638909 -0.634378 -0.244099 -0.360244 0.021438
