2
1 25 24
3 -0.140348 -0.28842 0.0481784 0.0125
26 -0.133024 -0.270342 0.0525996 0.0125
25 -0.123409 -0.254378 0.0598596 0.0125
24 -0.11588 -0.23729 0.0670233 0.0125
23 -0.111637 -0.218243 0.0714021 0.0125
4 -0.0379031 -0.26703 0.0991062 0.0125
22 -0.0547018 -0.255044 0.0953996 0.0125
21 -0.0789529 -0.235206 0.0874409 0.0125
20 -0.0959286 -0.217289 0.0803364 0.0125
11 -0.186077 0.0604278 0.0226181 0.0125
6 -0.209341 -0.00853537 0.131871 0.0125
10 -0.206099 0.00501428 0.116721 0.0125
9 -0.191488 0.0466017 0.069923 0.0125
2 -0.194045 0.0750145 0.0114939 0.0125
19 -0.119648 -0.184028 0.0707239 0.0125
8 -0.190717 0.0562192 0.0518132 0.0125
12 -0.178239 0.0456278 0.0335503 0.0125
13 -0.167826 0.0341562 0.046198 0.0125
14 -0.158934 0.022754 0.0600161 0.0125
5 -0.14689 0.0169425 0.0748875 0.0125
15 -0.161404 -0.0708781 0.047538 0.0125
16 -0.149758 -0.108895 0.0575599 0.0125
17 -0.138649 -0.139893 0.0662785 0.0125
18 -0.129992 -0.166552 0.071829 0.0125
1 -0.103991 -0.19977 0.071967 0.0125
e_2_8 2 8 1 0.0125 -0.192381 0.0656174 0.0316531 0.88559 0.212033 -0.0559062 0.409448 0.044609
e_8_9 8 9 2 0.0125 -0.191102 0.0514109 0.0608682 0.944126 0.230613 -0.0744555 0.223384 0.02052
e_9_10 9 10 3 0.0125 -0.198793 0.025808 0.0933221 0.902434 0.308547 -0.202055 0.222676 0.064289
e_10_6 10 6 4 0.0125 -0.20772 -0.00176054 0.124296 0.876982 0.304011 -0.198851 0.314543 0.020582
e_2_11 2 11 1 0.0125 -0.190061 0.0677218 0.0170556 0.160107 0.297121 -0.365537 0.867449 0.02
e_11_12 11 12 2 0.0125 -0.182158 0.053028 0.0280844 0.173567 0.301475 -0.368508 0.862084 0.02
e_12_13 12 13 3 0.0125 -0.173033 0.039892 0.0398742 -0.135389 0.237314 -0.357043 0.893237 0.02
e_13_14 13 14 4 0.0125 -0.163381 0.0284547 0.0531076 -0.0313328 0.231078 -0.318066 0.918942 0.02
e_14_5 14 5 5 0.0125 -0.152912 0.0198484 0.0674519 -0.652126 0.122121 -0.336595 0.668223 0.02
e_2_15 2 15 1 0.0125 -0.177724 0.00206862 0.0295154 0.367244 0.401667 -0.470608 0.694495 0.153783
e_15_16 15 16 2 0.0125 -0.155581 -0.0898866 0.0525483 0.303663 0.392403 -0.473091 0.728007 0.041005
e_16_17 16 17 3 0.0125 -0.144203 -0.124394 0.0619186 0.264083 0.385348 -0.472788 0.747154 0.034063
e_17_18 17 18 4 0.0125 -0.13432 -0.153222 0.0690542 0.278657 0.400537 -0.492382 0.72075 0.028574
e_18_19 18 19 5 0.0125 -0.124819 -0.175291 0.0712768 0.061662 0.424379 -0.589131 0.684854 0.020338
e_19_1 19 1 6 0.0125 -0.11182 -0.1919 0.0713459 -0.145934 0.376788 -0.574526 0.711796 0.022237
e_1_20 1 20 1 0.0125 -0.0999598 -0.20853 0.0761522 0.206074 0.345093 -0.426455 0.810297 0.021023
e_20_21 20 21 2 0.0125 -0.0874408 -0.226248 0.0838891 -0.13925 0.331214 -0.501978 0.786718 0.025684
e_21_22 21 22 3 0.0125 -0.0668268 -0.245125 0.0914197 -0.257968 0.322072 -0.522663 0.74602 0.032326
e_22_4 22 4 4 0.0125 -0.0463022 -0.261037 0.0972527 -0.305747 0.330442 -0.549921 0.703501 0.020967
e_1_23 1 23 1 0.0125 -0.107814 -0.209006 0.0716846 0.629885 0.481217 -0.531555 0.298536 0.02
e_23_24 23 24 2 0.0125 -0.113759 -0.227766 0.0692127 0.496755 0.502721 -0.597276 0.379167 0.02
e_24_25 24 25 3 0.0125 -0.119645 -0.245835 0.0634414 0.506782 0.526181 -0.634214 0.253137 0.02
e_25_26 25 26 4 0.0125 -0.128217 -0.26236 0.0562302 0.533341 0.529039 -0.633732 0.184524 0.02
e_26_3 26 3 5 0.0125 -0.136686 -0.279381 0.0503884 0.554263 0.508403 -0.593362 0.286776 0.02
2 26 25
3 0.0041866 -0.216686 0.0278649 0.0125
27 -0.0128091 -0.206941 0.0238422 0.0125
26 -0.0297834 -0.196739 0.0210514 0.0125
25 -0.0436493 -0.182819 0.0173151 0.0125
24 -0.0582103 -0.169289 0.0150945 0.0125
4 -0.112134 -0.250491 0.0114922 0.0125
23 -0.0945729 -0.192128 0.0126781 0.0125
1 -0.0748229 -0.158453 0.0125285 0.0125
22 -0.0931687 -0.161824 0.0197431 0.0125
21 -0.111068 -0.158598 0.0280693 0.0125
11 -0.345182 -0.032509 0.120793 0.0125
10 -0.3303 -0.0404218 0.110025 0.0125
6 -0.388484 0.0468337 0.0122376 0.0125
9 -0.372923 0.0185303 0.0322314 0.0125
2 -0.314496 -0.0480115 0.100402 0.0125
19 -0.14482 -0.162587 0.0490531 0.0125
8 -0.351324 -0.00369203 0.0602745 0.0125
12 -0.355592 -0.0249763 0.136119 0.0125
13 -0.365476 -0.0182569 0.152155 0.0125
5 -0.371664 -0.00836333 0.168398 0.0125
14 -0.244672 -0.114935 0.0891048 0.0125
15 -0.211982 -0.137323 0.0820232 0.0125
16 -0.196791 -0.15143 0.0747675 0.0125
17 -0.178825 -0.158943 0.0694068 0.0125
18 -0.162193 -0.163534 0.0590003 0.0125
20 -0.128615 -0.160318 0.0375422 0.0125
e_2_8 2 8 1 0.0125 -0.332909 -0.025852 0.0803382 0.0882991 0.42606 -0.777305 -0.454392 0.070219
e_8_9 8 9 2 0.0125 -0.362124 0.00741923 0.0462526 0.0986858 0.458462 -0.790757 -0.393416 0.041795
e_9_6 9 6 3 0.0125 -0.380703 0.0326821 0.0222342 0.019299 0.390177 -0.781621 -0.486269 0.037986
e_2_10 2 10 1 0.0125 -0.322398 -0.0442162 0.105214 0.465524 0.266877 -0.433797 -0.723799 0.02
e_10_11 10 11 2 0.0125 -0.337741 -0.0364657 0.11541 0.45895 0.243458 -0.414181 -0.74736 0.02
e_11_12 11 12 3 0.0125 -0.350387 -0.0287426 0.128457 0.453216 0.145966 -0.309119 -0.823246 0.02
e_12_13 12 13 4 0.0125 -0.360534 -0.021616 0.144136 0.473762 0.137245 -0.283313 -0.822464 0.02
e_13_5 13 5 5 0.0125 -0.36857 -0.0133098 0.160276 0.32543 0.0638887 -0.299745 -0.89452 0.02
e_2_14 2 14 1 0.0125 -0.279584 -0.0814726 0.0947534 0.0205827 0.555035 -0.499944 0.664507 0.097374
e_14_15 14 15 2 0.0125 -0.228327 -0.126129 0.085564 -0.145687 0.517793 -0.56557 0.625137 0.040249
e_15_16 15 16 3 0.0125 -0.204386 -0.144376 0.0783947 -0.0324129 0.565638 -0.587563 0.57773 0.021964
e_16_17 16 17 4 0.0125 -0.187808 -0.155186 0.0720868 -0.315599 0.466675 -0.64414 0.517393 0.020198
e_17_18 17 18 5 0.0125 -0.170509 -0.161239 0.0642039 -0.326048 0.474603 -0.730057 0.368052 0.020149
e_18_19 18 19 6 0.0125 -0.153507 -0.163061 0.0540264 -0.458175 0.395352 -0.769324 0.204726 0.020043
e_19_20 19 20 7 0.0125 -0.136717 -0.161453 0.0432973 -0.43566 0.402609 -0.790942 0.15006 0.020006
e_20_21 20 21 8 0.0125 -0.119841 -0.159458 0.0328054 -0.480322 0.379092 -0.770023 0.18068 0.020016
e_21_22 21 22 9 0.0125 -0.102118 -0.160212 0.0239058 -0.40745 0.431249 -0.722605 0.354755 0.020002
e_22_1 22 1 10 0.0125 -0.0839963 -0.160139 0.0161362 -0.551507 0.323984 -0.758546 0.124431 0.02
e_1_23 1 23 1 0.0125 -0.0846972 -0.17529 0.0126033 0.706791 0.582839 -0.397971 0.0486244 0.03904
e_23_4 23 4 2 0.0125 -0.103354 -0.221309 0.0120855 0.674085 0.602515 -0.383011 0.18944 0.06096
e_1_24 1 24 1 0.0125 -0.0665162 -0.163871 0.0138118 -0.130742 0.481731 -0.451427 0.739632 0.02
e_24_25 24 25 2 0.0125 -0.0509298 -0.176054 0.0162048 0.0806958 0.534651 -0.398285 0.740949 0.02
e_25_26 25 26 3 0.0125 -0.0367165 -0.189779 0.0191832 0.166458 0.537005 -0.343843 0.752123 0.02
e_26_27 26 27 4 0.0125 -0.0212957 -0.20184 0.0224471 -0.178295 0.466472 -0.461119 0.733474 0.02
e_27_3 27 3 5 0.0125 -0.00431095 -0.211814 0.0258532 -0.194628 0.451741 -0.441992 0.750129 0.02
