2
1 20 19
3 0.0896062 0.115727 0.165372 0.0125
21 0.0843293 0.122561 0.145639 0.0125
20 0.0751152 0.134128 0.102004 0.0125
4 0.141355 0.143955 0.13364 0.0125
11 -0.207242 -0.029094 0.0123231 0.0125
6 -0.185082 -0.128374 0.141139 0.0125
10 -0.178015 -0.114135 0.114803 0.0125
9 -0.170815 -0.103457 0.0925511 0.0125
2 -0.154092 -0.0465554 0.0202665 0.0125
19 0.122841 0.148552 0.122917 0.0125
8 -0.159363 -0.061061 0.0386806 0.0125
5 -0.249044 -0.0181021 0.0171766 0.0125
12 -0.128409 -0.0351145 0.0255186 0.0125
13 -0.087858 -0.0150252 0.0225791 0.0125
14 -0.00770153 0.0504241 0.0337237 0.0125
15 0.01032 0.070238 0.0398163 0.0125
16 0.0444868 0.107856 0.0538639 0.0125
1 0.0671346 0.138533 0.0709254 0.0125
18 0.103876 0.146073 0.11272 0.0125
17 0.0826782 0.139847 0.0913902 0.0125
e_2_8 2 8 1 0.0125 -0.156728 -0.0538088 0.0294738 0.939202 0.31689 -0.127981 0.0331825 0.024027
e_8_9 8 9 2 0.0125 -0.165089 -0.0822586 0.0656155 0.941366 0.320041 -0.100132 0.0371 0.069501
e_9_10 9 10 3 0.0125 -0.174415 -0.108796 0.103677 0.96561 0.21778 -0.140789 -0.0186226 0.025711
e_10_6 10 6 4 0.0125 -0.181548 -0.121254 0.127971 0.963349 0.240871 -0.117959 -0.00510672 0.030761
e_2_11 2 11 1 0.0125 -0.180667 -0.0378247 0.0162945 0.634139 -0.0462761 -0.753759 -0.166054 0.056505
e_11_5 11 5 2 0.0125 -0.228143 -0.023598 0.0147495 0.728266 -0.0276957 -0.665905 -0.159474 0.043495
e_2_12 2 12 1 0.0125 -0.141251 -0.040835 0.0228928 0.728894 -0.43296 0.469821 -0.246023 0.028603
e_12_13 12 13 2 0.0125 -0.108133 -0.0250698 0.0240488 0.610525 -0.583676 0.437877 -0.307968 0.04535
e_13_14 13 14 3 0.0125 -0.0477798 0.0176995 0.0281514 0.659223 -0.61438 0.262664 -0.344921 0.104081
e_14_15 14 15 4 0.0125 0.00130955 0.0603309 0.0367704 0.697845 -0.601029 0.166918 -0.352015 0.027468
e_15_16 15 16 5 0.0125 0.027403 0.0890467 0.0468403 0.71773 -0.580194 0.173657 -0.343631 0.052724
e_16_1 16 1 6 0.0125 0.0558107 0.123194 0.0623945 0.771583 -0.529311 0.124969 -0.329958 0.041775
e_1_17 1 17 1 0.0125 0.0749068 0.13919 0.0811583 0.941341 -0.062877 0.313684 -0.10736 0.025732
e_17_18 17 18 2 0.0125 0.0932777 0.14296 0.102055 0.90792 -0.170361 0.351702 -0.151539 0.030709
e_18_19 18 19 3 0.0125 0.113358 0.147313 0.117818 0.849899 -0.133676 0.496907 -0.113513 0.021674
e_19_4 19 4 4 0.0125 0.132098 0.146254 0.128277 0.863084 0.126994 0.488744 0.00936515 0.021884
e_1_20 1 20 1 0.0125 0.0711248 0.13633 0.0864653 0.987265 0.0595616 0.129103 -0.0713604 0.032388
e_20_21 20 21 2 0.0125 0.0797223 0.128344 0.123821 0.985745 0.122687 0.106792 -0.0430032 0.046072
e_21_3 21 3 3 0.0125 0.0869678 0.119144 0.155505 0.97855 0.15915 0.128846 -0.0225801 0.02154
2 24 23
3 -0.227314 0.193315 0.0567709 0.0125
25 -0.20777 0.191333 0.0522356 0.0125
24 -0.18567 0.185199 0.0401143 0.0125
23 -0.16747 0.175344 0.025294 0.0125
4 -0.057106 0.116218 0.0121691 0.0125
22 -0.0794786 0.128242 0.0127721 0.0125
1 -0.144998 0.163893 0.0121491 0.0125
21 -0.126456 0.161385 0.0226143 0.0125
6 0.0538172 0.178373 0.225249 0.0125
11 0.0632188 0.181992 0.201396 0.0125
10 0.0743411 0.183208 0.184783 0.0125
9 0.0944217 0.188351 0.155938 0.0125
2 0.129546 0.213628 0.103244 0.0125
19 -0.0896535 0.16938 0.0382724 0.0125
8 0.114949 0.206422 0.126367 0.0125
12 0.132012 0.239871 0.0888142 0.0125
13 0.141611 0.269617 0.0598625 0.0125
5 0.14747 0.288503 0.0409741 0.0125
14 0.0826882 0.196893 0.0975517 0.0125
15 0.0619286 0.188582 0.0903496 0.0125
16 0.0120494 0.171972 0.0724068 0.0125
17 -0.0479566 0.169443 0.0465445 0.0125
18 -0.0697709 0.170381 0.0440134 0.0125
20 -0.109117 0.16365 0.033171 0.0125
e_2_8 2 8 1 0.0125 0.122247 0.210025 0.114805 0.544382 0.298582 -0.044877 -0.782613 0.028279
e_8_9 8 9 2 0.0125 0.104685 0.197387 0.141152 -0.274863 0.190347 0.310933 -0.889685 0.040278
e_9_10 9 10 3 0.0125 0.0843813 0.18578 0.17036 0.846216 0.203597 -0.229169 -0.43583 0.035521
e_10_11 10 11 4 0.0125 0.06878 0.1826 0.193089 0.904348 0.124489 -0.264186 -0.311229 0.020029
e_11_6 11 6 5 0.0125 0.0585182 0.180183 0.213322 0.665955 0.184327 -0.073554 -0.719108 0.025893
e_2_12 2 12 1 0.0125 0.13078 0.22675 0.096029 0.509787 -0.857147 0.073479 -0.00416996 0.03005
e_12_13 12 13 2 0.0125 0.136811 0.254744 0.0743381 0.395621 -0.904785 0.145371 -0.060949 0.042605
e_13_5 13 5 3 0.0125 0.144541 0.279061 0.050418 0.389367 -0.90766 0.14667 -0.0550875 0.027345
e_2_14 2 14 1 0.0125 0.106118 0.205261 0.100398 -0.365355 -0.725188 0.175875 0.556495 0.050081
e_14_15 14 15 2 0.0125 0.0723083 0.192737 0.0939503 -0.356568 -0.779059 0.21531 0.468581 0.023493
e_15_16 15 16 3 0.0125 0.0369888 0.180277 0.0813779 -0.310896 -0.789565 0.195146 0.491781 0.05555
e_16_17 16 17 4 0.0125 -0.0179538 0.170707 0.0594753 -0.0993417 -0.827195 0.116218 0.540715 0.065391
e_17_18 17 18 5 0.0125 -0.0588639 0.169912 0.0452786 0.0165223 -0.746586 0.0135356 0.664946 0.02198
e_18_19 18 19 6 0.0125 -0.0797122 0.169881 0.0411423 -0.0975537 -0.79402 0.0898568 0.593247 0.020719
e_19_20 19 20 7 0.0125 -0.099385 0.166515 0.0357214 -0.296928 -0.770017 0.170266 0.538439 0.020921
e_20_21 20 21 8 0.0125 -0.117786 0.162517 0.0278925 -0.155968 -0.854689 0.167082 0.466115 0.020426
e_21_1 21 1 9 0.0125 -0.135727 0.16264 0.0173817 0.0114338 -0.857208 0.0962835 0.505761 0.021438
e_1_22 1 22 1 0.0125 -0.112238 0.146068 0.0124602 0.0448748 -0.596006 0.374965 -0.708635 0.074594
e_22_4 22 4 2 0.0125 -0.0682923 0.12223 0.0124706 0.0422522 -0.608551 0.376203 -0.697389 0.025406
e_1_23 1 23 1 0.0125 -0.156234 0.169619 0.0187217 0.721446 -0.446637 -0.263486 0.458919 0.028441
e_23_24 23 24 2 0.0125 -0.17657 0.180272 0.0327045 0.823733 -0.353159 -0.29013 0.33551 0.025456
e_24_25 24 25 3 0.0125 -0.19672 0.188266 0.0461753 0.626346 -0.440142 -0.269535 0.584222 0.025941
e_25_3 25 3 4 0.0125 -0.217542 0.192323 0.0545032 0.24153 -0.60848 -0.131403 0.744411 0.020161
