2
1 29 28
3 0.0377134 -0.0424053 0.0625472 0.0125
30 0.0419987 -0.0619399 0.0623504 0.0125
29 0.0463027 -0.081395 0.0606168 0.0125
28 0.0508781 -0.100671 0.0578796 0.0125
27 0.0564191 -0.118829 0.0515897 0.0125
4 0.149306 -0.173922 0.0113001 0.0125
26 0.130444 -0.162136 0.0178748 0.0125
25 0.104377 -0.146151 0.0264741 0.0125
24 0.0863378 -0.141682 0.0347764 0.0125
1 0.0637632 -0.134766 0.0419936 0.0125
23 0.0523938 -0.118702 0.0381401 0.0125
22 0.0400917 -0.102993 0.0365253 0.0125
21 0.027254 -0.0874369 0.035695 0.0125
12 -0.204037 -0.0217976 0.0318333 0.0125
11 -0.200862 -0.00311316 0.0248038 0.0125
10 -0.196988 0.0151361 0.0173259 0.0125
9 -0.1876 0.033067 0.0141091 0.0125
2 -0.138824 0.0816667 0.0128271 0.0125
19 -0.00355964 -0.0595016 0.0315194 0.0125
8 -0.171967 0.0523569 0.0125504 0.0125
6 -0.206774 -0.0401699 0.0394359 0.0125
13 -0.162278 0.0758033 0.0182835 0.0125
14 -0.186565 0.0714936 0.0311712 0.0125
15 -0.206821 0.0683276 0.0434064 0.0125
5 -0.224488 0.0630231 0.0579824 0.0125
16 -0.075734 0.00992605 0.028834 0.0125
17 -0.0605029 -0.005922 0.0324666 0.0125
18 -0.0249217 -0.0438964 0.0312439 0.0125
20 0.0138518 -0.072 0.0338633 0.0125
e_2_8 2 8 1 0.0125 -0.155395 0.0670115 0.0126893 0.704887 0.471957 -0.529512 -0.00273918 0.044245
e_8_9 8 9 2 0.0125 -0.179783 0.0427116 0.0133301 0.728002 0.509599 -0.457151 0.0365306 0.024878
e_9_10 9 10 3 0.0125 -0.192294 0.0241015 0.0157173 0.756019 0.538779 -0.36226 0.0831854 0.020494
e_10_11 10 11 4 0.0125 -0.198926 0.00601143 0.0210646 0.815491 0.519309 -0.210464 0.144906 0.020099
e_11_12 11 12 5 0.0125 -0.202449 -0.0124546 0.0283187 0.806704 0.535536 -0.198266 0.152055 0.020213
e_12_6 12 6 6 0.0125 -0.205406 -0.0309834 0.035634 0.815431 0.525924 -0.18448 0.156341 0.020071
e_2_13 2 13 1 0.0125 -0.150551 0.0787354 0.0155556 0.777485 0.20876 -0.588506 -0.0748089 0.024784
e_13_14 13 14 2 0.0125 -0.174422 0.0736488 0.0247268 0.853729 0.121282 -0.503739 -0.0518167 0.02783
e_14_15 14 15 3 0.0125 -0.196693 0.0699109 0.0372882 0.868384 0.102073 -0.483063 -0.0462566 0.023876
e_15_5 15 5 4 0.0125 -0.215655 0.0656753 0.0506942 0.899946 0.130026 -0.416039 -0.0100817 0.02351
e_2_16 2 16 1 0.0125 -0.107279 0.0457964 0.0208299 0.698983 0.615669 0.195779 0.306668 0.096867
e_16_17 16 17 2 0.0125 -0.068119 0.00200269 0.03065 0.695392 0.609297 0.217298 0.313001 0.022279
e_17_18 17 18 3 0.0125 -0.0427126 -0.0249092 0.0318559 0.623852 0.68638 0.201556 0.314748 0.052054
e_18_19 18 19 4 0.0125 -0.0142405 -0.0516989 0.0313825 0.623655 0.636551 0.299317 0.34098 0.026456
e_19_20 19 20 5 0.0125 0.0051461 -0.0657508 0.0326913 0.662915 0.593503 0.305621 0.338958 0.021561
e_20_21 20 21 6 0.0125 0.0205531 -0.0797188 0.0347789 0.670768 0.647616 0.189644 0.307732 0.020525
e_21_22 21 22 7 0.0125 0.0336732 -0.0952148 0.0361104 0.654052 0.670177 0.174062 0.304601 0.020186
e_22_23 22 23 8 0.0125 0.0462426 -0.110848 0.037333 0.671012 0.657941 0.163648 0.300125 0.020018
e_23_1 23 1 9 0.0125 0.0580789 -0.126733 0.0400671 0.715442 0.618737 0.145246 0.290192 0.020055
e_1_24 1 24 1 0.0125 0.0750507 -0.138224 0.0383847 0.45703 0.672853 0.439813 0.380732 0.024689
e_24_25 24 25 2 0.0125 0.0953574 -0.143917 0.0306249 0.388432 0.714308 0.440127 0.381015 0.020355
e_25_26 25 26 3 0.0125 0.117411 -0.154144 0.0221741 0.492025 0.733456 0.312082 0.350084 0.031764
e_26_4 26 4 4 0.0125 0.139874 -0.168029 0.0145878 0.486699 0.740627 0.305317 0.348392 0.023192
e_1_27 1 27 1 0.0125 0.0600915 -0.126797 0.0467918 0.85613 -0.440337 -0.257303 -0.0833009 0.02
e_27_28 27 28 2 0.0125 0.053649 -0.10975 0.0547348 0.803839 -0.53302 -0.242162 -0.105309 0.02
e_28_29 28 29 3 0.0125 0.0485904 -0.0910331 0.0592482 0.74119 -0.600587 -0.266213 -0.13807 0.02
e_29_30 29 30 4 0.0125 0.0441502 -0.0716668 0.0614833 0.722146 -0.617128 -0.27533 -0.147823 0.02
e_30_3 30 3 5 0.0125 0.0398562 -0.052173 0.0624485 0.69032 -0.631956 -0.309378 -0.168449 0.02
2 20 19
3 0.122137 -0.199107 0.135336 0.0125
21 0.117319 -0.228124 0.15374 0.0125
20 0.112073 -0.2573 0.181145 0.0125
4 0.140297 -0.318335 0.277385 0.0125
6 0.221397 -0.0526092 0.0114977 0.0125
11 0.194639 -0.048858 0.013266 0.0125
10 0.176207 -0.0441915 0.0202021 0.0125
9 0.145038 -0.0357884 0.0315743 0.0125
2 0.0879399 -0.0138278 0.0606192 0.0125
19 0.136012 -0.317286 0.257279 0.0125
8 0.109012 -0.0181993 0.0540271 0.0125
12 0.073894 -0.0403691 0.0314401 0.0125
13 0.0655649 -0.0572491 0.022866 0.0125
5 0.0465036 -0.087409 0.0114994 0.0125
14 0.0923375 -0.0369913 0.0712903 0.0125
15 0.0957617 -0.215579 0.151185 0.0125
16 0.0988898 -0.237649 0.164816 0.0125
17 0.101704 -0.257391 0.176493 0.0125
1 0.112158 -0.279548 0.192398 0.0125
18 0.124036 -0.303109 0.222772 0.0125
e_2_8 2 8 1 0.0125 0.0984758 -0.016014 0.0573235 0.54543 0.463331 0.657085 0.236791 0.022508
e_8_9 8 9 2 0.0125 0.127025 -0.0269945 0.0428005 0.473942 0.624979 0.594745 0.176234 0.045949
e_9_10 9 10 3 0.0125 0.160623 -0.0399897 0.0258888 0.532867 0.500659 0.644569 0.223437 0.034227
e_10_11 10 11 4 0.0125 0.185423 -0.0465245 0.0167344 0.52624 0.499668 0.649376 0.227409 0.020238
e_11_6 11 6 5 0.0125 0.208018 -0.0507336 0.0123818 0.640724 0.346991 0.642073 0.238353 0.027077
e_2_12 2 12 1 0.0125 0.0809165 -0.0270984 0.0460298 0.334967 0.920049 0.0441615 -0.198387 0.04187
e_12_13 12 13 2 0.0125 0.0697289 -0.0488097 0.0271531 0.487582 0.840959 -0.00853132 -0.234477 0.020684
e_13_5 13 5 3 0.0125 0.0560342 -0.072329 0.0171827 0.524691 0.804181 -0.0711892 -0.270045 0.037445
e_2_14 2 14 1 0.0125 0.090139 -0.0254098 0.0659541 0.833441 0.515258 0.168356 -0.107426 0.02588
e_14_15 14 15 2 0.0125 0.09405 -0.126286 0.111237 0.826007 0.533473 0.106092 -0.147866 0.195674
e_15_16 15 16 3 0.0125 0.0973264 -0.226614 0.158 0.863677 0.469802 0.135755 -0.122142 0.026128
e_16_17 16 17 4 0.0125 0.100297 -0.24752 0.170654 0.859004 0.477695 0.138434 -0.121471 0.023108
e_17_1 17 1 5 0.0125 0.106931 -0.268469 0.184445 0.877007 0.417746 0.230688 -0.0559412 0.029209
e_1_18 1 18 1 0.0125 0.118098 -0.291328 0.207585 0.934081 0.29985 0.180624 -0.0704084 0.040234
e_18_19 18 19 2 0.0125 0.130025 -0.310197 0.240025 0.967988 0.176838 0.16846 -0.0578598 0.039181
e_19_4 19 4 3 0.0125 0.138154 -0.317811 0.267332 0.991886 0.0184469 0.106164 -0.0674584 0.020585
e_1_20 1 20 1 0.0125 0.112116 -0.268424 0.186771 0.0314262 -0.0543755 0.850137 0.522802 0.024932
e_20_21 20 21 2 0.0125 0.114696 -0.242712 0.167442 -0.18203 0.554035 0.729694 0.357012 0.040371
e_21_3 21 3 3 0.0125 0.119728 -0.213615 0.144538 -0.0273136 0.191721 0.853492 0.483785 0.034697
