13
1 8 7
2 0.0509827 0.288511 0.191025 0.0125
9 0.0558881 0.287345 0.171658 0.0125
4 0.0431409 0.195378 0.112966 0.0125
1 -0.0126303 -0.145416 0.0114454 0.0125
8 0.0580138 0.279098 0.153542 0.0125
5 0.0518181 0.229099 0.115263 0.0125
6 0.0551723 0.250977 0.126456 0.0125
7 0.0551276 0.262032 0.143516 0.0125
e_1_4 1 4 1 0.0125 0.0152556 0.0249803 0.0622057 0.470162 -0.268898 0.535415 0.648052 0.35994
e_4_5 4 5 2 0.0125 0.0474793 0.212238 0.114115 0.421515 -0.243116 0.638732 0.596021 0.034896
e_5_6 5 6 3 0.0125 0.0534954 0.240039 0.120859 0.531625 -0.261097 0.45408 0.665593 0.024803
e_6_7 6 7 4 0.0125 0.0551499 0.256504 0.134985 0.692855 -0.20567 0.195204 0.662984 0.020328
e_7_8 7 8 5 0.0125 0.0565707 0.270565 0.148529 0.555446 -0.251753 0.431251 0.664923 0.020003
e_8_9 8 9 6 0.0125 0.0569505 0.283222 0.162601 0.722825 -0.192891 0.101527 0.655751 0.020018
e_9_2 9 2 7 0.0125 0.053435 0.287928 0.181341 0.815026 -0.0945236 -0.0847835 0.565341 0.020013
2 6 5
2 -0.168407 -0.00403607 0.0156761 0.0125
7 -0.14658 0.00138878 0.0161101 0.0125
6 -0.126654 0.00231247 0.012451 0.0125
5 -0.0911107 -0.00976644 0.0153971 0.0125
1 0.0559322 -0.318509 0.240014 0.0125
4 -0.0371231 -0.0972788 0.0366662 0.0125
e_1_4 1 4 1 0.0125 0.00940511 -0.207894 0.138341 0.0940138 -0.529885 0.736507 0.409806 0.314567
e_4_5 4 5 2 0.0125 -0.0641167 -0.0535229 0.026032 0.597169 -0.756431 -0.170554 0.205217 0.105003
e_5_6 5 6 3 0.0125 -0.108883 -0.00372734 0.0139247 0.676216 -0.173758 -0.71339 -0.0601137 0.037655
e_6_7 6 7 4 0.0125 -0.136617 0.00185057 0.0142812 0.768157 0.0398702 -0.6389 -0.0122926 0.02028
e_7_2 7 2 5 0.0125 -0.157494 -0.00132425 0.0158934 0.696703 0.24102 -0.671976 -0.0704541 0.022496
3 11 10
2 -0.148202 0.219066 0.113683 0.0125
12 -0.149424 0.20133 0.123061 0.0125
11 -0.142233 0.18845 0.136751 0.0125
10 -0.130719 0.175971 0.14746 0.0125
9 -0.113873 0.164739 0.146326 0.0125
4 0.0938101 -0.142279 0.0570673 0.0125
1 0.101755 -0.166551 0.0508003 0.0125
8 -0.107829 0.144567 0.15101 0.0125
5 0.0424935 -0.0152987 0.0927532 0.0125
6 -0.0464353 0.0781456 0.116322 0.0125
7 -0.0952465 0.128228 0.151455 0.0125
e_1_4 1 4 1 0.0125 0.0977823 -0.154415 0.0539334 0.667215 -0.395562 -0.473689 -0.417101 0.026296
e_4_5 4 5 2 0.0125 0.068152 -0.0787889 0.0749096 0.669048 -0.357067 -0.496418 -0.422431 0.141532
e_5_6 5 6 3 0.0125 -0.00197131 0.0314233 0.104538 0.592023 -0.0763532 -0.635849 -0.489259 0.131131
e_6_7 6 7 4 0.0125 -0.0708406 0.103187 0.133889 0.829715 -0.28475 -0.44098 -0.18981 0.078264
e_7_8 7 8 5 0.0125 -0.101537 0.136398 0.151233 0.293624 0.158073 -0.696998 -0.634816 0.020626
e_8_9 8 9 6 0.0125 -0.110851 0.154652 0.148668 -0.370571 0.623011 -0.469465 -0.504121 0.021573
e_9_10 9 10 7 0.0125 -0.122296 0.170355 0.146893 0.546767 0.0896497 -0.681184 -0.478537 0.020279
e_10_11 10 11 8 0.0125 -0.136476 0.182211 0.142107 -0.00778022 0.6041 -0.63387 -0.48292 0.020074
e_11_12 11 12 9 0.0125 -0.145829 0.19489 0.129906 -0.175184 0.752265 -0.523676 -0.359405 0.020126
e_12_2 12 2 10 0.0125 -0.148813 0.210198 0.118371 -0.511728 0.838576 -0.173432 -0.0696171 0.0201
4 8 7
2 0.265282 -0.0485959 0.0359265 0.0125
9 0.24546 -0.0633812 0.0349355 0.0125
4 0.033553 -0.0342299 0.0611185 0.0125
1 -0.13107 0.12146 0.177429 0.0125
8 0.204806 -0.0686211 0.050177 0.0125
5 0.131705 -0.0512889 0.0628512 0.0125
6 0.163129 -0.0573273 0.0601845 0.0125
7 0.185868 -0.0598371 0.0571005 0.0125
e_1_4 1 4 1 0.0125 -0.0487589 0.0436149 0.119273 0.519557 0.53514 0.664801 -0.0415278 0.254693
e_4_5 4 5 2 0.0125 0.0826282 -0.0427593 0.0619847 0.710893 0.175465 0.678615 0.0576649 0.099638
e_5_6 5 6 3 0.0125 0.147417 -0.0543076 0.061518 0.674819 0.19786 0.708777 0.0557307 0.032111
e_6_7 6 7 4 0.0125 0.174498 -0.0585822 0.0586427 0.654533 0.160829 0.735479 0.0692136 0.023084
e_7_8 7 8 5 0.0125 0.195337 -0.0642287 0.0536393 0.58514 0.359439 0.726774 0.014619 0.021994
e_8_9 8 9 6 0.0125 0.225133 -0.0660011 0.0425562 0.560201 0.0526771 0.819445 0.109128 0.043732
e_9_2 9 2 7 0.0125 0.255371 -0.0559885 0.035431 0.700752 -0.271413 0.637421 0.170222 0.024748
5 8 7
2 0.111665 0.113977 0.153715 0.0125
9 0.080633 0.109188 0.15478 0.0125
4 -0.198884 0.0214618 0.129744 0.0125
1 -0.308703 -0.0647604 0.0471302 0.0125
8 0.0491711 0.103968 0.155765 0.0125
5 -0.0074618 0.0854995 0.182295 0.0125
6 0.0114218 0.0941464 0.173886 0.0125
7 0.0304902 0.0967729 0.162645 0.0125
e_1_4 1 4 1 0.0125 -0.253793 -0.0216488 0.0884368 0.84473 -0.206604 0.450224 0.202593 0.162233
e_4_5 4 5 2 0.0125 -0.103172 0.0534812 0.15602 0.716483 0.0703091 0.607518 0.335605 0.208578
e_5_6 5 6 3 0.0125 0.00197952 0.089823 0.178091 0.31406 0.429663 0.709257 0.462289 0.022407
e_6_7 6 7 4 0.0125 0.0209559 0.0954592 0.168266 0.288445 0.631694 0.594233 0.40577 0.022291
e_7_8 7 8 5 0.0125 0.039831 0.10037 0.159205 0.363774 0.409024 0.703704 0.452956 0.021168
e_8_9 8 9 6 0.0125 0.0649025 0.106578 0.155272 0.57446 0.303016 0.650867 0.393127 0.031907
e_9_2 9 2 7 0.0125 0.0961485 0.111583 0.154247 0.573774 0.310472 0.648499 0.392224 0.031417
6 11 10
2 -0.17439 -0.241331 0.018486 0.0125
12 -0.165105 -0.223873 0.0145218 0.0125
11 -0.155706 -0.206028 0.0140191 0.0125
10 -0.145647 -0.188749 0.0125659 0.0125
9 -0.136829 -0.174754 0.025738 0.0125
4 0.0163875 0.041816 0.171893 0.0125
1 0.0867121 0.0071898 0.218569 0.0125
8 -0.135357 -0.123883 0.0538985 0.0125
5 -0.00664756 0.0349954 0.138402 0.0125
6 -0.101943 -0.0534869 0.0984752 0.0125
7 -0.134333 -0.102361 0.0638964 0.0125
e_1_4 1 4 1 0.0125 0.05155 0.024503 0.195231 -0.458602 0.0658892 0.866872 0.184055 0.091231
e_4_5 4 5 2 0.0125 0.00487009 0.0384065 0.155148 -0.256213 0.27335 0.911904 -0.167528 0.041216
e_5_6 5 6 3 0.0125 -0.0542957 -0.00924544 0.118439 -0.286712 0.252262 0.763624 -0.520614 0.136032
e_6_7 6 7 4 0.0125 -0.118138 -0.077925 0.0811856 -0.0567449 0.393719 0.773936 -0.492736 0.068071
e_7_8 7 8 5 0.0125 -0.134845 -0.113123 0.0588972 0.338403 0.56062 0.629425 -0.418346 0.023752
e_8_9 8 9 6 0.0125 -0.136093 -0.149318 0.0398175 0.316359 0.555881 0.658084 -0.397289 0.058164
e_9_10 9 10 7 0.0125 -0.141238 -0.181751 0.0191518 -0.0411233 0.405884 0.804189 -0.432257 0.021145
e_10_11 10 11 8 0.0125 -0.150676 -0.197389 0.0132927 0.118736 0.433492 0.52519 -0.722607 0.020047
e_11_12 11 12 9 0.0125 -0.160405 -0.214951 0.0142704 0.162415 0.457078 0.527849 -0.697192 0.020175
e_12_2 12 2 10 0.0125 -0.169747 -0.232602 0.0165034 0.291473 0.486572 0.406177 -0.716458 0.020167
7 10 9
2 -0.38724 0.260539 0.0139278 0.0125
11 -0.374464 0.24473 0.0126604 0.0125
10 -0.366897 0.22787 0.0203209 0.0125
9 -0.364469 0.202007 0.0161074 0.0125
4 -0.202692 -0.0396347 0.256595 0.0125
1 -0.183801 -0.0618221 0.277254 0.0125
8 -0.360251 0.171449 0.0253561 0.0125
5 -0.330173 0.0928843 0.127082 0.0125
6 -0.35438 0.111661 0.0954096 0.0125
7 -0.357049 0.149595 0.0330877 0.0125
e_1_4 1 4 1 0.0125 -0.193246 -0.0507282 0.266925 -0.303855 0.0158244 0.888208 0.344251 0.03572
e_4_5 4 5 2 0.0125 -0.266433 0.0266251 0.191839 -0.345727 0.0737122 0.884581 0.304228 0.224914
e_5_6 5 6 3 0.0125 -0.342276 0.102273 0.111246 -0.283514 -0.0498269 0.925691 0.245424 0.044064
e_6_7 6 7 4 0.0125 -0.355715 0.130628 0.0642493 0.154952 -0.60547 0.748482 0.221745 0.073007
e_7_8 7 8 5 0.0125 -0.35865 0.160521 0.0292223 0.577421 -0.812915 -0.0661168 0.0371864 0.023402
e_8_9 8 9 6 0.0125 -0.36236 0.186728 0.0207313 0.592496 -0.775281 -0.206245 -0.0731497 0.032205
e_9_10 9 10 7 0.0125 -0.365683 0.214939 0.0182136 0.279187 -0.180165 -0.622483 -0.708598 0.026316
e_10_11 10 11 8 0.0125 -0.370681 0.2363 0.0164902 -0.0431697 -0.280516 0.782798 0.553782 0.020004
e_11_2 11 2 9 0.0125 -0.380852 0.252635 0.0132934 -0.456475 0.669101 -0.145593 -0.568099 0.020367
8 6 5
2 0.238696 0.0642357 0.0524756 0.0125
7 0.213434 0.0604072 0.0512588 0.0125
6 0.182001 0.0376623 0.0671488 0.0125
5 0.100689 0.0244873 0.0818263 0.0125
1 -0.191057 -0.0666367 0.248282 0.0125
4 -0.00897207 0.00206137 0.142073 0.0125
e_1_4 1 4 1 0.0125 -0.100015 -0.0322872 0.195178 0.509414 -0.253862 0.821632 0.0311695 0.221709
e_4_5 4 5 2 0.0125 0.0458584 0.0132748 0.11195 0.504853 -0.0212877 0.858209 0.0902632 0.127114
e_5_6 5 6 3 0.0125 0.141345 0.0310753 0.0744877 0.637721 -0.0335658 0.765887 0.0748476 0.083671
e_6_7 6 7 4 0.0125 0.197718 0.0490353 0.0592035 0.553088 -0.564938 0.608565 -0.0677286 0.041926
e_7_2 7 2 5 0.0125 0.226065 0.0623216 0.0518667 0.721057 -0.0444279 0.688651 0.0621524 0.02558
9 8 7
2 0.12202 0.236869 0.017174 0.0125
9 0.111917 0.223938 0.0318901 0.0125
4 0.134548 0.0702555 0.10308 0.0125
1 0.171815 -0.221335 0.0750269 0.0125
8 0.106751 0.212021 0.0481887 0.0125
5 0.121811 0.138779 0.087866 0.0125
6 0.0985854 0.17368 0.0646198 0.0125
7 0.10348 0.192257 0.0565348 0.0125
e_1_4 1 4 1 0.0125 0.153181 -0.0755394 0.0890528 -0.724572 0.636114 0.218767 0.149988 0.295298
e_4_5 4 5 2 0.0125 0.128179 0.104517 0.095473 -0.601292 0.693645 0.354243 0.178373 0.071338
e_5_6 5 6 3 0.0125 0.110198 0.156229 0.0762423 -0.468476 0.478709 0.716456 0.195086 0.047936
e_6_7 6 7 4 0.0125 0.101032 0.182968 0.060577 -0.532687 0.832936 0.0130234 0.149306 0.020843
e_7_8 7 8 5 0.0125 0.105115 0.202139 0.0523615 -0.530356 0.824618 0.110802 0.162635 0.021702
e_8_9 8 9 6 0.0125 0.109334 0.217979 0.0400394 -0.272375 0.926699 0.179558 0.186547 0.020842
e_9_2 9 2 7 0.0125 0.116969 0.230404 0.0245316 -0.399438 0.817333 -0.407174 0.0814011 0.022041
10 10 9
2 0.0542131 0.116693 0.181815 0.0125
11 0.0546257 0.0969113 0.178697 0.0125
10 0.0484 0.077906 0.177339 0.0125
9 0.0456494 0.0582124 0.174832 0.0125
4 0.0896846 -0.0692647 0.158686 0.0125
1 0.173599 -0.33922 0.238421 0.0125
8 0.0450123 0.0421007 0.162993 0.0125
5 0.0770149 -0.0237515 0.145167 0.0125
6 0.0600126 0.008238 0.149457 0.0125
7 0.0495392 0.0229262 0.159084 0.0125
e_1_4 1 4 1 0.0125 0.131642 -0.204243 0.198554 0.507069 -0.768041 0.21411 0.32734 0.293725
e_4_5 4 5 2 0.0125 0.0833503 -0.0465085 0.151927 0.502537 -0.76001 0.24483 0.331512 0.04914
e_5_6 5 6 3 0.0125 0.068514 -0.00775635 0.147312 0.743798 -0.614711 -0.251658 0.0745866 0.036481
e_6_7 6 7 4 0.0125 0.0547762 0.015582 0.15427 0.851781 -0.381434 -0.345136 -0.0992882 0.020447
e_7_8 7 8 5 0.0125 0.0472761 0.0325132 0.161039 0.761871 -0.633318 -0.0399559 0.129861 0.020085
e_8_9 8 9 6 0.0125 0.0453309 0.0501558 0.168913 0.892016 -0.451046 0.0253613 0.0148863 0.020004
e_9_10 9 10 7 0.0125 0.0470243 0.0680595 0.176085 0.723606 -0.607893 0.260615 0.197333 0.020042
e_10_11 10 11 8 0.0125 0.0515128 0.0874087 0.178018 0.700176 -0.560974 0.389145 0.208873 0.020045
e_11_2 11 2 9 0.0125 0.0544189 0.106802 0.180256 0.738799 -0.634522 0.139753 0.178962 0.02003
11 9 8
2 0.316329 -0.101184 0.0405086 0.0125
10 0.303555 -0.074978 0.0453716 0.0125
9 0.296229 -0.0551146 0.0393957 0.0125
4 0.0383746 -0.0163669 0.199453 0.0125
1 -0.00564293 -0.058478 0.219005 0.0125
8 0.271196 -0.00837796 0.0421863 0.0125
5 0.11646 0.042698 0.141704 0.0125
6 0.216563 0.0579715 0.0832732 0.0125
7 0.251001 0.0236166 0.0433302 0.0125
e_1_4 1 4 1 0.0125 0.0163657 -0.0374222 0.209229 0.521946 -0.22383 0.776342 0.273433 0.063978
e_4_5 4 5 2 0.0125 0.0774179 0.0131659 0.170578 0.411671 -0.0485855 0.866983 0.276598 0.113671
e_5_6 5 6 3 0.0125 0.166511 0.0503345 0.112488 0.442979 0.281616 0.818893 0.232113 0.116909
e_6_7 6 7 4 0.0125 0.233781 0.0407942 0.0633014 0.417896 0.75867 0.491653 0.0897764 0.062942
e_7_8 7 8 5 0.0125 0.261099 0.00762006 0.0427581 0.693094 0.641038 0.32277 0.0671618 0.037853
e_8_9 8 9 6 0.0125 0.283713 -0.0317464 0.0407902 0.686062 0.664863 0.290246 0.0550808 0.053091
e_9_10 9 10 7 0.0125 0.299893 -0.0650467 0.0423833 0.796474 0.575547 0.18141 0.0382782 0.021999
e_10_2 10 2 8 0.0125 0.309942 -0.0880814 0.0429405 0.644626 0.708327 0.2838 0.0467761 0.029556
12 11 10
2 -0.201825 0.104022 0.165317 0.0125
12 -0.189838 0.0897345 0.172568 0.0125
11 -0.179434 0.0748476 0.180975 0.0125
10 -0.162678 0.0637331 0.180847 0.0125
9 -0.146975 0.0512375 0.180578 0.0125
4 0.0334384 -0.0826405 0.16455 0.0125
1 0.0229694 -0.243949 0.0857488 0.0125
8 -0.128937 0.0362115 0.180635 0.0125
5 -0.0375699 0.00738003 0.182907 0.0125
6 -0.0662778 0.0160253 0.189256 0.0125
7 -0.102412 0.0236126 0.194433 0.0125
e_1_4 1 4 1 0.0125 0.0282035 -0.163295 0.12515 0.847977 -0.529109 0.0307705 -0.00569713 0.179832
e_4_5 4 5 2 0.0125 -0.0020662 -0.0376304 0.173729 0.755396 -0.457233 -0.46032 -0.0917612 0.116116
e_5_6 5 6 3 0.0125 -0.0519239 0.0117028 0.186081 0.762352 -0.0619828 -0.626548 -0.149716 0.030646
e_6_7 6 7 4 0.0125 -0.0843448 0.0198189 0.191845 0.737842 0.00274285 -0.65618 -0.158146 0.037283
e_7_8 7 8 5 0.0125 -0.115674 0.029912 0.187534 0.508662 -0.102968 -0.837869 -0.16922 0.032445
e_8_9 8 9 6 0.0125 -0.137956 0.0437252 0.180606 0.695456 -0.351494 -0.61455 -0.122972 0.023477
e_9_10 9 10 7 0.0125 -0.154827 0.0574858 0.180713 0.700744 -0.333909 -0.617905 -0.125127 0.02007
e_10_11 10 11 8 0.0125 -0.171056 0.0692906 0.18091 0.696356 -0.270514 -0.650867 -0.135212 0.020107
e_11_12 11 12 9 0.0125 -0.184636 0.0822911 0.176772 0.530555 -0.597912 -0.593743 -0.0921002 0.020013
e_12_2 12 2 10 0.0125 -0.195832 0.0968789 0.168942 0.554311 -0.519911 -0.641017 -0.107375 0.020011
13 8 7
2 -0.247325 -0.294869 0.212712 0.0125
9 -0.241366 -0.281598 0.198801 0.0125
4 -0.255112 -0.181859 0.144266 0.0125
1 -0.348994 0.139281 0.0122533 0.0125
8 -0.238374 -0.266883 0.185313 0.0125
5 -0.24922 -0.206216 0.147947 0.0125
6 -0.242102 -0.236014 0.155553 0.0125
7 -0.239121 -0.251091 0.169605 0.0125
e_1_4 1 4 1 0.0125 -0.302052 -0.021289 0.0782589 -0.174186 -0.268078 0.494595 -0.808189 0.359683
e_4_5 4 5 2 0.0125 -0.252166 -0.194038 0.146107 -0.153107 -0.279068 0.591126 -0.741114 0.025329
e_5_6 5 6 3 0.0125 -0.245661 -0.221115 0.151751 -0.172231 -0.270679 0.5534 -0.768647 0.031566
e_6_7 6 7 4 0.0125 -0.240612 -0.243552 0.162579 -0.296242 -0.202058 0.348991 -0.865805 0.020824
e_7_8 7 8 5 0.0125 -0.238748 -0.258987 0.177458 -0.364576 -0.168209 0.345401 -0.848226 0.022287
e_8_9 8 9 6 0.0125 -0.239871 -0.27424 0.192057 -0.451077 -0.126565 0.387098 -0.794145 0.020184
e_9_2 9 2 7 0.0125 -0.244345 -0.288233 0.205757 -0.535755 -0.0780626 0.385151 -0.74735 0.020128
