13
1 8 7
2 0.263056 0.231747 0.0721869 0.0125
9 0.278221 0.218611 0.0543554 0.0125
4 0.208644 -0.0398435 0.0371357 0.0125
1 0.148053 -0.205701 0.0429312 0.0125
8 0.292306 0.20648 0.0380071 0.0125
5 0.271921 0.144125 0.0149241 0.0125
6 0.279946 0.167193 0.0120909 0.0125
7 0.289167 0.187802 0.0171129 0.0125
e_1_4 1 4 1 0.0125 0.178349 -0.122772 0.0400329 0.638538 -0.522112 0.493763 0.275439 0.176673
e_4_5 4 5 2 0.0125 0.240282 0.0521402 0.0260302 0.579967 -0.495427 0.557915 0.326988 0.19581
e_5_6 5 6 3 0.0125 0.275933 0.155659 0.0135081 0.57681 -0.489457 0.563952 0.33118 0.024589
e_6_7 6 7 4 0.0125 0.284556 0.177498 0.0146019 0.760804 -0.50046 0.375467 0.172457 0.02313
e_7_8 7 8 5 0.0125 0.290737 0.197141 0.0275604 0.926208 -0.359546 0.0165305 -0.112217 0.028201
e_8_9 8 9 6 0.0125 0.285264 0.212545 0.0461813 0.818816 -0.1047 -0.398545 -0.399676 0.024755
e_9_2 9 2 7 0.0125 0.270638 0.225178 0.0632714 0.820866 -0.106278 -0.395664 -0.397912 0.026842
2 10 9
2 -0.100015 -0.143733 0.0130361 0.0125
11 -0.109388 -0.126205 0.01526 0.0125
10 -0.104571 -0.106793 0.0148664 0.0125
9 -0.0952517 -0.0890286 0.0156396 0.0125
4 -0.0909356 0.0207884 0.0114875 0.0125
1 0.07078 0.288031 0.10012 0.0125
8 -0.0891806 -0.0726298 0.0258876 0.0125
5 -0.0882222 -0.00391592 0.014224 0.0125
6 -0.0862281 -0.0294312 0.0170644 0.0125
7 -0.0881799 -0.0527535 0.0222441 0.0125
e_1_4 1 4 1 0.0125 -0.0100784 0.154409 0.0558038 0.596724 0.734612 -0.311177 -0.0862227 0.324695
e_4_5 4 5 2 0.0125 -0.0895796 0.0084365 0.0128555 0.736826 0.645548 0.168913 -0.108735 0.025002
e_5_6 5 6 3 0.0125 -0.0872246 -0.0166729 0.0156443 0.737321 0.650541 0.147145 -0.107246 0.025751
e_6_7 6 7 4 0.0125 -0.0872035 -0.0410922 0.019654 0.775629 0.625948 0.0122598 -0.0802383 0.02397
e_7_8 7 8 5 0.0125 -0.0886796 -0.0626914 0.024066 0.763034 0.638911 0.0416996 -0.088505 0.020232
e_8_9 8 9 6 0.0125 -0.0922158 -0.0808291 0.0207633 0.466412 0.867646 -0.000777741 -0.172192 0.020268
e_9_10 9 10 7 0.0125 -0.0999109 -0.0979101 0.0152531 0.690436 0.666114 -0.274856 -0.0635883 0.020075
e_10_11 10 11 8 0.0125 -0.10698 -0.116499 0.0150634 0.707828 0.695783 -0.0778492 -0.093833 0.020006
e_11_2 11 2 9 0.0125 -0.104701 -0.13497 0.0141488 0.652392 0.570934 0.479187 -0.137109 0.020001
3 10 9
2 0.284874 -0.066357 0.019795 0.0125
11 0.267039 -0.0520439 0.022718 0.0125
10 0.248156 -0.0393137 0.0235779 0.0125
9 0.230959 -0.0377428 0.0124871 0.0125
4 0.0997784 0.0511638 0.0493521 0.0125
1 0.0879177 0.288517 0.0825163 0.0125
8 0.209464 -0.0470366 0.0126923 0.0125
5 0.136259 -0.0292568 0.0230716 0.0125
6 0.165919 -0.0394209 0.0122782 0.0125
7 0.185707 -0.0409391 0.0160824 0.0125
e_1_4 1 4 1 0.0125 0.0938484 0.16984 0.0659345 0.656348 0.752782 0.0492338 -0.0100942 0.239952
e_4_5 4 5 2 0.0125 0.118019 0.0109535 0.0362112 0.59473 0.692697 0.403476 -0.0606148 0.092136
e_5_6 5 6 3 0.0125 0.151088 -0.0343386 0.0176746 0.482093 -0.210297 0.786463 -0.323787 0.033159
e_6_7 6 7 4 0.0125 0.175812 -0.0401798 0.0141807 0.678165 -0.259047 0.582018 -0.366388 0.020208
e_7_8 7 8 5 0.0125 0.197585 -0.0439878 0.0143874 0.561634 -0.218527 0.721604 -0.340734 0.024761
e_8_9 8 9 6 0.0125 0.220211 -0.0423903 0.01259 0.581632 -0.600134 0.379764 -0.396639 0.023419
e_9_10 9 10 7 0.0125 0.239557 -0.0385288 0.0180321 0.801563 -0.15456 0.453784 -0.357334 0.020523
e_10_11 10 11 8 0.0125 0.257597 -0.0456783 0.0231481 0.640249 0.141862 0.706204 -0.266893 0.022789
e_11_2 11 2 9 0.0125 0.275956 -0.0591996 0.0212566 0.616305 0.227121 0.715425 -0.238226 0.023054
4 10 9
2 0.0589119 0.14548 0.100479 0.0125
11 0.0422256 0.138589 0.0916206 0.0125
10 0.0363512 0.121314 0.0827329 0.0125
9 0.031449 0.103895 0.0734954 0.0125
4 -0.104133 0.0764842 0.0603764 0.0125
1 -0.387974 0.0663819 0.110994 0.0125
8 0.0204946 0.0914166 0.0614442 0.0125
5 -0.0761317 0.0771138 0.0542402 0.0125
6 -0.0323188 0.0814805 0.0578324 0.0125
7 0.00467045 0.0814429 0.0537998 0.0125
e_1_4 1 4 1 0.0125 -0.246053 0.0714337 0.0856854 0.623021 0.158852 0.749994 0.155305 0.288496
e_4_5 4 5 2 0.0125 -0.0901317 0.0767992 0.0573084 0.603938 0.191971 0.755088 0.168073 0.028673
e_5_6 5 6 3 0.0125 -0.0542252 0.0792971 0.0560363 0.72547 0.0435573 0.676345 0.119808 0.044176
e_6_7 6 7 4 0.0125 -0.0138247 0.0814622 0.0558163 0.642124 0.204765 0.715724 0.182995 0.037208
e_7_8 7 8 5 0.0125 0.0125826 0.0864298 0.057622 0.829652 -0.313331 0.461179 -0.0285411 0.020208
e_8_9 8 9 6 0.0125 0.0259724 0.0976565 0.0674698 0.890445 -0.350707 0.288629 -0.0283727 0.020517
e_9_10 9 10 7 0.0125 0.0338996 0.112605 0.0781143 0.845886 -0.516572 0.0762093 -0.108733 0.020317
e_10_11 10 11 8 0.0125 0.039288 0.129951 0.0871771 0.840383 -0.520153 0.102468 -0.112681 0.020296
e_11_2 11 2 9 0.0125 0.0505695 0.142034 0.0960498 0.847747 -0.178857 0.497763 0.0395856 0.020109
5 7 6
2 0.208858 -0.0664806 0.0602437 0.0125
4 0.190665 0.190841 0.122271 0.0125
1 0.179683 0.361264 0.267188 0.0125
8 0.206877 -0.0301759 0.0632941 0.0125
5 0.196363 0.175529 0.104567 0.0125
6 0.214792 0.00368458 0.0803581 0.0125
7 0.214726 -0.0160922 0.0763587 0.0125
e_1_4 1 4 1 0.0125 0.185174 0.276052 0.19473 0.20628 0.495495 -0.760259 0.365978 0.223977
e_4_5 4 5 2 0.0125 0.193514 0.183185 0.113419 0.0486043 0.438457 -0.821712 0.360808 0.02409
e_5_6 5 6 3 0.0125 0.205577 0.0896068 0.0924626 0.521611 0.645172 -0.391296 0.398199 0.174518
e_6_7 6 7 4 0.0125 0.214759 -0.00620396 0.0783583 0.505516 0.61643 -0.468114 0.38123 0.020177
e_7_8 7 8 5 0.0125 0.210802 -0.0231343 0.0698267 0.351694 0.391046 -0.813547 0.248064 0.020752
e_8_2 8 2 6 0.0125 0.207868 -0.048329 0.0617691 0.561759 0.63233 -0.37678 0.377655 0.036486
6 7 6
2 -0.0547098 -0.0700591 0.0260609 0.0125
4 0.0731776 -0.0818671 0.0114945 0.0125
1 0.388503 -0.025128 0.192936 0.0125
8 -0.0357882 -0.0746644 0.0211487 0.0125
5 0.0224088 -0.0882279 0.012388 0.0125
6 0.00246731 -0.0842754 0.0137375 0.0125
7 -0.016844 -0.0794153 0.0166208 0.0125
e_1_4 1 4 1 0.0125 0.23084 -0.0534974 0.102215 0.187183 -0.732496 -0.458085 0.467515 0.368199
e_4_5 4 5 2 0.0125 0.0477939 -0.0850471 0.0119408 0.545082 -0.381958 -0.587691 0.460014 0.051173
e_5_6 5 6 3 0.0125 0.012438 -0.0862516 0.0130628 0.619049 -0.468022 -0.497835 0.387161 0.020374
e_6_7 6 7 4 0.0125 -0.00718817 -0.0818448 0.0151788 0.663884 -0.443998 -0.480833 0.361834 0.020121
e_7_8 7 8 5 0.0125 -0.0263166 -0.0770396 0.0188843 0.703203 -0.401186 -0.475547 0.344107 0.020049
e_8_2 8 2 6 0.0125 -0.0452495 -0.0723616 0.0236048 0.71138 -0.389133 -0.475684 0.340939 0.020083
7 6 5
2 0.0899162 -0.253789 0.0662024 0.0125
7 0.0937066 -0.229759 0.0612676 0.0125
6 0.0917814 -0.183771 0.0534224 0.0125
5 0.087088 -0.131836 0.0587521 0.0125
1 -0.0223309 0.222452 0.0124883 0.0125
4 0.0407156 0.0757739 0.0199242 0.0125
e_1_4 1 4 1 0.0125 0.00919253 0.149112 0.0162061 0.697439 0.683956 0.0945688 0.191939 0.159827
e_4_5 4 5 2 0.0125 0.063902 -0.0280314 0.0393385 0.756897 0.639692 0.0318349 0.129952 0.21624
e_5_6 5 6 3 0.0125 0.0894345 -0.157803 0.0560874 0.668246 0.742114 0.0102795 0.0510633 0.052418
e_6_7 6 7 4 0.0125 0.0927447 -0.206765 0.0573454 0.762136 0.644651 -0.0204562 0.056169 0.046693
e_7_2 7 2 5 0.0125 0.0918121 -0.241774 0.0637344 0.77389 0.62777 -0.0806571 -0.0222043 0.024822
8 10 9
2 0.174658 0.266679 0.218849 0.0125
11 0.161886 0.281606 0.215071 0.0125
10 0.143299 0.288469 0.212338 0.0125
9 0.124843 0.298078 0.215491 0.0125
4 0.0157372 0.246441 0.174517 0.0125
1 -0.0945583 0.0763829 0.0114973 0.0125
8 0.106209 0.311262 0.220004 0.0125
5 0.0453008 0.312884 0.223905 0.0125
6 0.064466 0.320319 0.230319 0.0125
7 0.0882958 0.321983 0.226933 0.0125
e_1_4 1 4 1 0.0125 -0.0394103 0.161412 0.0930072 0.648853 -0.424047 -0.0826089 -0.626378 0.260116
e_4_5 4 5 2 0.0125 0.0305197 0.279663 0.199211 0.65309 -0.444238 -0.147461 -0.595299 0.087908
e_5_6 5 6 3 0.0125 0.0548836 0.316601 0.227111 0.505455 -0.564599 0.179765 -0.627238 0.021534
e_6_7 6 7 4 0.0125 0.0763814 0.321151 0.228626 0.343912 -0.668894 0.350362 -0.558168 0.024127
e_7_8 7 8 5 0.0125 0.0972526 0.316623 0.223469 0.193717 -0.518743 0.623218 -0.552248 0.021996
e_8_9 8 9 6 0.0125 0.115526 0.30467 0.217747 0.225746 -0.430801 0.641394 -0.593349 0.023268
e_9_10 9 10 7 0.0125 0.134071 0.293274 0.213915 0.258598 -0.47849 0.588187 -0.598506 0.021045
e_10_11 10 11 8 0.0125 0.152593 0.285037 0.213704 0.3667 -0.427841 0.498627 -0.658676 0.020001
e_11_2 11 2 9 0.0125 0.168271 0.274143 0.21696 0.340327 -0.157913 0.616961 -0.691809 0.020005
9 8 7
2 -0.381549 0.0217093 0.0845453 0.0125
9 -0.363923 0.027294 0.0761255 0.0125
4 -0.120716 -0.116823 0.0613061 0.0125
1 0.00617248 -0.241692 0.0125411 0.0125
8 -0.345889 0.0187046 0.0725284 0.0125
5 -0.186862 -0.0665646 0.0676504 0.0125
6 -0.305459 0.0224242 0.0789281 0.0125
7 -0.323879 0.0230411 0.0705015 0.0125
e_1_4 1 4 1 0.0125 -0.057272 -0.179257 0.0369239 -0.198921 0.525019 -0.303744 -0.769757 0.184583
e_4_5 4 5 2 0.0125 -0.153789 -0.0916933 0.0644786 -0.0525623 0.569236 -0.371341 -0.731651 0.083316
e_5_6 5 6 3 0.0125 -0.246161 -0.0220705 0.0732891 -0.0487448 0.569635 -0.370939 -0.731809 0.148699
e_6_7 6 7 4 0.0125 -0.31467 0.0227326 0.0747144 0.364555 0.601777 -0.588029 -0.398982 0.020265
e_7_8 7 8 5 0.0125 -0.334884 0.0208731 0.0715146 0.525834 0.557399 -0.379877 -0.518168 0.022524
e_8_9 8 9 6 0.0125 -0.354906 0.0229993 0.074327 0.044137 0.562246 -0.308656 -0.765939 0.020296
e_9_2 9 2 7 0.0125 -0.372736 0.0245019 0.0803353 0.511408 0.508876 -0.183939 -0.667588 0.020316
10 6 5
2 -0.387688 -0.182061 0.0133118 0.0125
7 -0.15769 -0.253781 0.0121256 0.0125
6 -0.123091 -0.287277 0.024963 0.0125
5 -0.00798134 -0.282108 0.073918 0.0125
1 0.0622828 -0.240121 0.0800322 0.0125
4 0.0100065 -0.271262 0.0835213 0.0125
e_1_4 1 4 1 0.0125 0.0361441 -0.255692 0.0817764 0.132664 0.644054 0.237852 -0.714858 0.060949
e_4_5 4 5 2 0.0125 0.00101301 -0.276685 0.0787193 0.215239 0.833944 0.111551 -0.495748 0.023095
e_5_6 5 6 3 0.0125 -0.0655359 -0.284692 0.0494406 -0.0819614 0.818338 0.160741 -0.54568 0.125194
e_6_7 6 7 4 0.0125 -0.14039 -0.270529 0.0185446 -0.48482 0.783936 0.119316 -0.368995 0.049838
e_7_2 7 2 5 0.0125 -0.272689 -0.21792 0.0127187 -0.410887 0.670432 0.219226 -0.57761 0.240923
11 10 9
2 -0.339361 0.169358 0.0114998 0.0125
11 -0.321394 0.1695 0.0204615 0.0125
10 -0.301576 0.168913 0.0233256 0.0125
9 -0.286094 0.15727 0.0178979 0.0125
4 -0.0998168 -0.00448985 0.039376 0.0125
1 0.0441068 -0.122456 0.0425054 0.0125
8 -0.260556 0.146583 0.011499 0.0125
5 -0.142753 0.0212379 0.0233295 0.0125
6 -0.230201 0.113577 0.0181717 0.0125
7 -0.246507 0.130146 0.0155973 0.0125
e_1_4 1 4 1 0.0125 -0.027855 -0.0634727 0.0409407 0.166142 0.428646 -0.569797 -0.681169 0.186117
e_4_5 4 5 2 0.0125 -0.121285 0.00837437 0.031353 0.185302 0.527285 -0.612053 -0.559487 0.052564
e_5_6 5 6 3 0.0125 -0.186477 0.0674077 0.0207506 0.130891 0.388065 -0.608005 -0.680149 0.12728
e_6_7 6 7 4 0.0125 -0.238353 0.121862 0.0168839 0.131746 0.407383 -0.62375 -0.653925 0.023389
e_7_8 7 8 5 0.0125 -0.253532 0.138365 0.0135486 0.107677 0.394418 -0.661464 -0.628733 0.022009
e_8_9 8 9 6 0.0125 -0.273325 0.151927 0.0146987 0.250471 0.467083 -0.411387 -0.741524 0.028413
e_9_10 9 10 7 0.0125 -0.293835 0.163091 0.0206115 0.190412 0.382136 -0.468047 -0.773723 0.020117
e_10_11 10 11 8 0.0125 -0.311484 0.169206 0.021893 0.324386 0.645227 -0.393901 -0.568593 0.020032
e_11_2 11 2 9 0.0125 -0.330377 0.169429 0.0159802 0.301657 0.700562 -0.482056 -0.431089 0.020079
12 9 8
2 -0.273743 -0.348844 0.257065 0.0125
10 -0.290411 -0.340395 0.247498 0.0125
9 -0.304667 -0.331763 0.236394 0.0125
4 -0.228963 -0.11184 0.0699886 0.0125
1 -0.182171 0.0204888 0.0114961 0.0125
8 -0.31538 -0.318383 0.224581 0.0125
5 -0.321117 -0.232969 0.181248 0.0125
6 -0.3172 -0.257443 0.192425 0.0125
7 -0.309182 -0.291766 0.209377 0.0125
e_1_4 1 4 1 0.0125 -0.205568 -0.0456758 0.0407427 0.546528 0.204054 -0.515777 0.62741 0.152059
e_4_5 4 5 2 0.0125 -0.27504 -0.172405 0.125619 0.638773 0.0668563 -0.447724 0.622127 0.188529
e_5_6 5 6 3 0.0125 -0.319158 -0.245206 0.186837 0.450584 0.359812 -0.406205 0.708877 0.027189
e_6_7 6 7 4 0.0125 -0.313191 -0.274604 0.200901 0.441831 0.373776 -0.378919 0.722148 0.039111
e_7_8 7 8 5 0.0125 -0.312281 -0.305075 0.216978 0.545936 0.223686 -0.454851 0.667105 0.031274
e_8_9 8 9 6 0.0125 -0.310024 -0.325073 0.230487 0.400569 0.423432 -0.192227 0.789493 0.020817
e_9_10 9 10 7 0.0125 -0.29754 -0.336079 0.241946 0.343744 0.467117 -0.0676678 0.811827 0.020027
e_10_2 10 2 8 0.0125 -0.282077 -0.34462 0.252282 0.290213 0.517781 -0.0635332 0.802274 0.020994
13 11 10
2 0.09562 -0.172491 0.0304113 0.0125
12 0.0903264 -0.156084 0.0202584 0.0125
11 0.0877934 -0.137931 0.0122548 0.0125
10 0.0801235 -0.12027 0.0176774 0.0125
9 0.0700033 -0.110242 0.0318079 0.0125
4 -0.00122629 -0.0103888 0.0284805 0.0125
1 -0.212198 0.15345 0.143871 0.0125
8 0.0567512 -0.09603 0.0372236 0.0125
5 0.0351936 -0.0411252 0.0281701 0.0125
6 0.0474862 -0.0563359 0.0329472 0.0125
7 0.0520022 -0.075872 0.0350536 0.0125
e_1_4 1 4 1 0.0125 -0.106712 0.0715305 0.0861759 0.0143257 -0.646397 0.529578 -0.549102 0.290977
e_4_5 4 5 2 0.0125 0.0169843 -0.0257567 0.0283248 -0.0171502 -0.553112 0.444216 -0.704588 0.047657
e_5_6 5 6 3 0.0125 0.0413396 -0.0487308 0.0305581 -0.135584 -0.465144 0.406184 -0.774773 0.020132
e_6_7 6 7 4 0.0125 0.0497445 -0.0661036 0.034001 -0.363076 -0.450022 0.495218 -0.648394 0.020162
e_7_8 7 8 5 0.0125 0.0543773 -0.0859511 0.0361384 -0.360984 -0.450613 0.494817 -0.649458 0.020824
e_8_9 8 9 6 0.0125 0.0633774 -0.103137 0.0345156 -0.0665511 -0.603922 0.519141 -0.601117 0.020172
e_9_10 9 10 7 0.0125 0.0750639 -0.115256 0.024743 -0.025122 -0.696726 0.605539 -0.383751 0.020067
e_10_11 10 11 8 0.0125 0.0839585 -0.129101 0.0149661 -0.227906 -0.570114 0.557232 -0.559037 0.020003
e_11_12 11 12 9 0.0125 0.0890599 -0.147008 0.0162569 -0.434399 -0.346258 0.424271 -0.71512 0.02
e_12_2 12 2 10 0.0125 0.0929727 -0.164288 0.025335 -0.351801 -0.33069 0.370029 -0.7937 0.020007
