13
1 8 7
2 0.0935034 -0.184622 0.074961 0.0125
9 0.0844126 -0.192334 0.0584746 0.0125
4 -0.00102612 -0.0871785 0.0114747 0.0125
1 -0.241599 0.135496 0.0114908 0.0125
8 0.0725951 -0.188214 0.0427118 0.0125
5 0.030407 -0.137981 0.0205692 0.0125
6 0.0409377 -0.155362 0.0219894 0.0125
7 0.0577036 -0.17451 0.038229 0.0125
e_1_4 1 4 1 0.0125 -0.121312 0.0241591 0.0114823 0.0899348 -0.453636 0.542437 -0.701348 0.327809
e_4_5 4 5 2 0.0125 0.0146902 -0.11258 0.0160224 -0.0622592 -0.387248 0.524202 -0.755894 0.06043
e_5_6 5 6 3 0.0125 0.0356722 -0.146672 0.0212798 -0.0754869 -0.411728 0.543707 -0.727437 0.020371
e_6_7 6 7 4 0.0125 0.0493206 -0.164935 0.0301092 0.113995 -0.266952 0.399741 -0.869453 0.030191
e_7_8 7 8 5 0.0125 0.0651498 -0.181362 0.0404706 0.121386 -0.389033 0.490433 -0.770321 0.020728
e_8_9 8 9 6 0.0125 0.0785034 -0.190274 0.050593 0.491773 -0.208968 0.254451 -0.806068 0.020126
e_9_2 9 2 7 0.0125 0.0889582 -0.188479 0.0667174 0.880301 -0.273377 0.141712 -0.360905 0.020345
2 6 5
2 0.259035 -0.221332 0.0541157 0.0125
7 0.241103 -0.212725 0.0510895 0.0125
6 0.226591 -0.196114 0.0486657 0.0125
5 0.210755 -0.181646 0.0492746 0.0125
1 -0.185408 -0.00216035 0.0298797 0.0125
4 0.161272 -0.167849 0.0428125 0.0125
e_1_4 1 4 1 0.0125 -0.0120679 -0.0850045 0.0363461 0.0947829 0.661209 -0.214435 0.712626 0.384456
e_4_5 4 5 2 0.0125 0.186014 -0.174748 0.0460435 0.0270486 0.643201 -0.154582 0.749444 0.051776
e_5_6 5 6 3 0.0125 0.218673 -0.18888 0.0489697 0.218419 0.654288 -0.293404 0.661902 0.021458
e_6_7 6 7 4 0.0125 0.233847 -0.20442 0.049878 0.2912 0.600651 -0.290878 0.685428 0.022191
e_7_2 7 2 5 0.0125 0.250069 -0.217029 0.0526019 0.115315 0.623633 -0.189406 0.749606 0.020119
3 11 10
2 0.107173 0.0870557 0.028032 0.0125
12 0.088056 0.0879558 0.0221822 0.0125
11 0.0686787 0.0858288 0.0176047 0.0125
10 0.0501737 0.0785559 0.0150545 0.0125
9 0.0309236 0.070735 0.0124745 0.0125
4 -0.285129 -0.0414096 0.0912838 0.0125
1 -0.342694 -0.0611139 0.0991313 0.0125
8 0.0208859 0.0485308 0.0140655 0.0125
5 -0.217161 -0.0304041 0.0776413 0.0125
6 -0.0369496 0.0204605 0.0160856 0.0125
7 0.00380542 0.0367937 0.0207052 0.0125
e_1_4 1 4 1 0.0125 -0.313912 -0.0512621 0.0952078 0.278646 -0.746771 0.0793293 -0.598662 0.061348
e_4_5 4 5 2 0.0125 -0.251145 -0.0359071 0.0844629 0.194636 -0.763961 0.116367 -0.604102 0.070193
e_5_6 5 6 3 0.0125 -0.127055 -0.00497169 0.0468631 0.218295 -0.805451 0.08599 -0.544244 0.19711
e_6_7 6 7 4 0.0125 -0.0165718 0.0286274 0.0183951 0.347597 -0.665366 0.0704863 -0.656884 0.044149
e_7_8 7 8 5 0.0125 0.0123463 0.0426629 0.0173856 0.341445 -0.807706 0.0127348 -0.480484 0.021762
e_8_9 8 9 6 0.0125 0.0259051 0.0596332 0.0132697 0.569694 -0.720322 -0.11715 -0.377969 0.024419
e_9_10 9 10 7 0.0125 0.0405484 0.0746448 0.0137645 0.353349 -0.65845 0.0694599 -0.660881 0.020937
e_10_11 10 11 8 0.0125 0.0594263 0.0821919 0.0163294 0.349453 -0.656629 0.0723112 -0.664449 0.020046
e_11_12 11 12 9 0.0125 0.078367 0.0868924 0.0198931 0.256046 -0.605603 0.137619 -0.740774 0.020024
e_12_2 12 2 10 0.0125 0.0976142 0.0875062 0.0251073 0.199359 -0.568693 0.174474 -0.778719 0.020013
4 9 8
2 0.126869 0.288515 0.0233568 0.0125
10 0.110702 0.282706 0.0130991 0.0125
9 0.0969435 0.268138 0.0120254 0.0125
4 0.0594995 0.181811 0.0274475 0.0125
1 0.117003 -0.160402 0.0910151 0.0125
8 0.0806672 0.256181 0.0161867 0.0125
5 0.0552468 0.205521 0.0238922 0.0125
6 0.0534727 0.225137 0.0174256 0.0125
7 0.0664705 0.241829 0.0155204 0.0125
e_1_4 1 4 1 0.0125 0.0882514 0.0107047 0.0592314 0.483252 -0.488303 -0.593004 -0.419969 0.352785
e_4_5 4 5 2 0.0125 0.0573731 0.193666 0.0256699 0.497498 -0.480625 -0.584819 -0.423653 0.024349
e_5_6 5 6 3 0.0125 0.05436 0.215329 0.0206588 0.418907 -0.525039 -0.616691 -0.410541 0.02073
e_6_7 6 7 4 0.0125 0.0599712 0.233483 0.016473 0.304941 -0.667759 -0.31454 -0.601809 0.021241
e_7_8 7 8 5 0.0125 0.0735686 0.249005 0.0158536 0.323614 -0.659221 -0.221182 -0.641701 0.020198
e_8_9 8 9 6 0.0125 0.088805 0.26216 0.0141061 0.173974 -0.726958 -0.269158 -0.607304 0.02062
e_9_10 9 10 7 0.0125 0.103822 0.275422 0.0125618 0.338739 -0.651174 -0.221869 -0.641875 0.020067
e_10_2 10 2 8 0.0125 0.118785 0.28561 0.0182279 0.498916 -0.476257 0.12978 -0.712333 0.020008
5 8 7
2 0.0932528 0.345701 0.22072 0.0125
9 0.102381 0.328273 0.214207 0.0125
4 0.0536184 0.0147505 0.0596137 0.0125
1 0.0594459 -0.0931323 0.0114077 0.0125
8 0.107289 0.308324 0.214018 0.0125
5 0.0600498 0.141578 0.146281 0.0125
6 0.0836174 0.20724 0.170656 0.0125
7 0.103826 0.289125 0.20892 0.0125
e_1_4 1 4 1 0.0125 0.0565317 -0.0391904 0.0355107 -0.48273 0.288746 0.461403 0.686079 0.118307
e_4_5 4 5 2 0.0125 0.0568339 0.0781645 0.102948 -0.488355 0.277346 0.375799 0.737132 0.153746
e_5_6 5 6 3 0.0125 0.0718336 0.174409 0.158469 -0.38333 0.428724 0.388946 0.719705 0.073899
e_6_7 6 7 4 0.0125 0.0937222 0.248182 0.189788 -0.42243 0.3765 0.389448 0.726726 0.092615
e_7_8 7 8 5 0.0125 0.105557 0.298724 0.211469 -0.405124 0.401116 0.461202 0.679907 0.020164
e_8_9 8 9 6 0.0125 0.104835 0.318299 0.214113 -0.451852 0.304966 0.634337 0.548126 0.020545
e_9_2 9 2 7 0.0125 0.0978165 0.336987 0.217463 -0.551774 0.154058 0.564926 0.593861 0.020723
6 10 9
2 0.0527363 0.128808 0.177898 0.0125
11 0.0441176 0.11204 0.170593 0.0125
10 0.0427347 0.0944739 0.160441 0.0125
9 0.0463495 0.0817272 0.142881 0.0125
4 0.242741 -0.0181931 0.129916 0.0125
1 0.407425 -0.0812969 0.216929 0.0125
8 0.0571547 0.0682959 0.12654 0.0125
5 0.162374 0.0345756 0.105782 0.0125
6 0.118069 0.0525416 0.0975713 0.0125
7 0.0964108 0.0585835 0.105699 0.0125
e_1_4 1 4 1 0.0125 0.325083 -0.0497456 0.173423 0.24788 0.557535 -0.640613 -0.466181 0.196658
e_4_5 4 5 2 0.0125 0.202557 0.00819063 0.117849 0.256235 0.418891 -0.66803 -0.559115 0.099126
e_5_6 5 6 3 0.0125 0.140221 0.043558 0.101677 0.32943 0.462147 -0.609139 -0.553937 0.048509
e_6_7 6 7 4 0.0125 0.107239 0.055562 0.101635 0.506107 0.339431 -0.46348 -0.643295 0.023908
e_7_8 7 8 5 0.0125 0.0767832 0.0634399 0.116119 0.546264 0.308372 -0.419354 -0.656236 0.045494
e_8_9 8 9 6 0.0125 0.0517527 0.0750117 0.134711 0.528537 0.0254493 -0.394158 -0.751426 0.023753
e_9_10 9 10 7 0.0125 0.0445424 0.0881012 0.151661 0.561061 -0.110944 -0.297589 -0.764424 0.021998
e_10_11 10 11 8 0.0125 0.0434267 0.103257 0.165518 0.375344 -0.251655 -0.432511 -0.780206 0.020336
e_11_2 11 2 9 0.0125 0.048427 0.120424 0.174246 0.319135 -0.432645 -0.36355 -0.760791 0.020218
7 11 10
2 0.339113 -0.0335563 0.0743153 0.0125
12 0.32478 -0.0189539 0.0728938 0.0125
11 0.317249 0.000996026 0.0722791 0.0125
10 0.302865 0.014882 0.0794416 0.0125
9 0.283857 0.0217199 0.0734676 0.0125
4 0.166454 -0.16821 0.0704882 0.0125
1 0.162427 -0.273858 0.126068 0.0125
8 0.262653 0.0270163 0.0599113 0.0125
5 0.180087 -0.0655084 0.0115409 0.0125
6 0.211354 0.00126853 0.0136338 0.0125
7 0.245086 0.0303879 0.0464639 0.0125
e_1_4 1 4 1 0.0125 0.164441 -0.221035 0.0982789 0.415151 -0.706203 -0.483671 -0.308202 0.119443
e_4_5 4 5 2 0.0125 0.173271 -0.11686 0.0410148 0.287973 -0.584103 -0.637252 -0.412074 0.1192
e_5_6 5 6 3 0.0125 0.195721 -0.0321199 0.0125874 0.412491 -0.121349 0.686359 0.586546 0.073764
e_6_7 6 7 4 0.0125 0.22822 0.0158286 0.0300486 0.549991 0.0872646 0.442506 0.702911 0.05535
e_7_8 7 8 5 0.0125 0.25387 0.028702 0.0531876 0.510711 0.408277 0.181293 0.734586 0.022379
e_8_9 8 9 6 0.0125 0.273255 0.0243678 0.066689 0.480311 0.458869 0.160858 0.729976 0.025718
e_9_10 9 10 7 0.0125 0.293361 0.0183004 0.0764548 0.387479 0.590894 0.0950837 0.701187 0.021066
e_10_11 10 11 8 0.0125 0.310057 0.00793926 0.0758608 0.24396 0.773536 -0.265095 0.521393 0.021237
e_11_12 11 12 9 0.0125 0.321014 -0.00897902 0.0725872 0.4557 0.604288 -0.347055 0.553829 0.021333
e_12_2 12 2 10 0.0125 0.331947 -0.0262547 0.0736043 0.386361 0.662936 -0.160816 0.620789 0.02051
8 8 7
2 -0.0963771 0.26007 0.0905832 0.0125
9 -0.0943256 0.240196 0.0924543 0.0125
4 -0.135241 -0.158312 0.0288051 0.0125
1 -0.13931 -0.196377 0.0453607 0.0125
8 -0.0850558 0.227689 0.105956 0.0125
5 -0.0693349 0.0489688 0.0812559 0.0125
6 -0.0827298 0.158693 0.124503 0.0125
7 -0.0762286 0.212299 0.116367 0.0125
e_1_4 1 4 1 0.0125 -0.137275 -0.177344 0.0370833 -0.148875 0.139784 -0.823969 -0.528557 0.041709
e_4_5 4 5 2 0.0125 -0.102288 -0.054671 0.0550306 -0.739592 0.491832 -0.375353 -0.264982 0.223741
e_5_6 5 6 3 0.0125 -0.076032 0.103831 0.102879 -0.815534 0.563366 -0.0210869 -0.130684 0.118697
e_6_7 6 7 4 0.0125 -0.0794792 0.185496 0.120435 -0.328753 0.300406 -0.695876 -0.563412 0.054609
e_7_8 7 8 5 0.0125 -0.0806426 0.219994 0.111161 0.372975 -0.279744 -0.821467 -0.328365 0.020571
e_8_9 8 9 6 0.0125 -0.0896905 0.233942 0.0992043 0.349535 -0.322858 -0.850508 -0.224109 0.020608
e_9_2 9 2 7 0.0125 -0.0953515 0.250133 0.0915182 -0.140535 0.227738 -0.703377 -0.658518 0.020067
9 6 5
2 0.113689 -0.12859 0.0608501 0.0125
7 0.096056 -0.111642 0.055603 0.0125
6 0.0837991 -0.094886 0.0549933 0.0125
5 0.0206784 -0.0181391 0.0573965 0.0125
1 -0.28412 0.150695 0.0906889 0.0125
4 -0.0291503 0.00425588 0.0419421 0.0125
e_1_4 1 4 1 0.0125 -0.156635 0.0774752 0.0663151 0.362357 -0.334986 0.685246 -0.535649 0.298043
e_4_5 4 5 2 0.0125 -0.00423616 -0.0069411 0.04967 0.718811 -0.0155269 0.603037 -0.345565 0.056775
e_5_6 5 6 3 0.0125 0.052239 -0.0565124 0.0561953 0.321712 -0.148921 0.699938 -0.620009 0.099399
e_6_7 6 7 4 0.0125 0.0899272 -0.103264 0.0552977 0.376811 -0.0546615 0.694498 -0.61049 0.020769
e_7_2 7 2 5 0.0125 0.104872 -0.120117 0.0582269 0.647305 0.111302 0.618649 -0.43114 0.025014
10 6 5
2 0.0986423 -0.0261989 0.0902346 0.0125
7 0.0766331 -0.0275513 0.0980152 0.0125
6 0.0492075 -0.0290511 0.105945 0.0125
5 0.0135996 -0.0299389 0.0968922 0.0125
1 -0.388335 0.0127583 0.0398752 0.0125
4 -0.12809 -0.0113781 0.100624 0.0125
e_1_4 1 4 1 0.0125 -0.258212 0.000690121 0.0702495 0.715961 -0.198315 0.58947 -0.317168 0.26833
e_4_5 4 5 2 0.0125 -0.057245 -0.0206585 0.098758 0.512933 -0.413145 0.585118 -0.473126 0.142949
e_5_6 5 6 3 0.0125 0.0314035 -0.0294952 0.101419 0.71871 -0.267761 0.552404 -0.326511 0.036751
e_6_7 6 7 4 0.0125 0.062921 -0.0283012 0.10198 0.293906 -0.717437 0.352087 -0.524345 0.028589
e_7_2 7 2 5 0.0125 0.0876377 -0.0268751 0.0941249 0.245413 -0.758845 0.300881 -0.522875 0.023382
11 9 8
2 -0.246403 -0.213822 0.0114974 0.0125
10 -0.231598 -0.200259 0.0137193 0.0125
9 -0.22726 -0.181085 0.0200022 0.0125
4 -0.137625 0.146816 0.129489 0.0125
1 -0.144985 0.200452 0.168815 0.0125
8 -0.217433 -0.169035 0.0326037 0.0125
5 -0.207559 -0.131558 0.101555 0.0125
6 -0.21495 -0.154346 0.0799481 0.0125
7 -0.210109 -0.161023 0.0498179 0.0125
e_1_4 1 4 1 0.0125 -0.141305 0.173635 0.149152 -0.342848 -0.587152 -0.670157 0.297654 0.066914
e_4_5 4 5 2 0.0125 -0.172593 0.00762926 0.115522 -0.453012 -0.617468 -0.408858 0.496336 0.288381
e_5_6 5 6 3 0.0125 -0.211255 -0.142952 0.0907514 -0.220927 -0.709137 -0.576203 0.341036 0.032261
e_6_7 6 7 4 0.0125 -0.21253 -0.157684 0.0648828 -0.123399 -0.524453 -0.840957 0.0501295 0.031239
e_7_8 7 8 5 0.0125 -0.213772 -0.165029 0.0412107 -0.0508391 -0.767099 -0.578345 0.272931 0.020351
e_8_9 8 9 6 0.0125 -0.222347 -0.17506 0.0263029 -0.154086 -0.783121 -0.448935 0.401792 0.020013
e_9_10 9 10 7 0.0125 -0.229429 -0.190672 0.0168608 -0.385854 -0.650143 -0.479094 0.445982 0.020639
e_10_2 10 2 8 0.0125 -0.239 -0.207041 0.0126086 -0.322143 -0.724046 -0.175373 0.584146 0.020202
12 7 6
2 -0.290704 -0.132415 0.147851 0.0125
4 -0.187063 0.0400015 0.101073 0.0125
1 -0.0734202 0.288508 0.0551187 0.0125
8 -0.267622 -0.109751 0.157683 0.0125
5 -0.20368 -0.0148201 0.116162 0.0125
6 -0.206809 -0.0305415 0.129079 0.0125
7 -0.208376 -0.0498144 0.142749 0.0125
e_1_4 1 4 1 0.0125 -0.130242 0.164255 0.0780953 0.751756 0.531379 -0.367037 0.133354 0.277096
e_4_5 4 5 2 0.0125 -0.195371 0.0125908 0.108618 0.782616 0.549964 -0.26491 0.121962 0.059239
e_5_6 5 6 3 0.0125 -0.205244 -0.0226813 0.122621 0.89153 0.405504 -0.147794 0.137468 0.020586
e_6_7 6 7 4 0.0125 -0.207592 -0.0401776 0.135914 0.879291 0.448504 -0.101077 0.124397 0.02368
e_7_8 7 8 5 0.0125 -0.237999 -0.0797819 0.150215 0.745701 0.340554 -0.544773 0.176566 0.085589
e_8_2 8 2 6 0.0125 -0.279163 -0.121083 0.152767 0.571719 0.380112 -0.707761 0.166516 0.03381
13 8 7
2 0.285929 0.121357 0.089837 0.0125
9 0.271745 0.0977148 0.0910812 0.0125
4 0.0623871 -0.111771 0.0820311 0.0125
1 -0.0482109 -0.204255 0.0774721 0.0125
8 0.264591 0.072275 0.108931 0.0125
5 0.186226 0.0063372 0.146876 0.0125
6 0.211213 0.0332672 0.144016 0.0125
7 0.254941 0.0611011 0.123279 0.0125
e_1_4 1 4 1 0.0125 0.00708748 -0.158013 0.0797512 0.689832 -0.280213 0.636928 0.199838 0.144243
e_4_5 4 5 2 0.0125 0.124306 -0.0527175 0.114453 0.803334 -0.293687 0.486396 0.178387 0.183004
e_5_6 5 6 3 0.0125 0.19872 0.0198016 0.145446 0.646276 -0.358675 0.64043 0.208636 0.036848
e_6_7 6 7 4 0.0125 0.233077 0.0471839 0.133648 0.520497 -0.15337 0.813758 0.208227 0.055829
e_7_8 7 8 5 0.0125 0.259766 0.0666878 0.116104 0.319357 -0.227686 0.892538 0.22259 0.020588
e_8_9 8 9 6 0.0125 0.268168 0.0849949 0.100006 0.410077 -0.626838 0.622042 0.227981 0.03189
e_9_2 9 2 7 0.0125 0.278838 0.109536 0.0904594 0.659566 -0.480835 0.539756 0.205994 0.027598
