13
1 6 5
2 0.0756773 0.180623 0.0274023 0.0125
7 0.0711241 0.162266 0.0195196 0.0125
6 0.0697068 0.14279 0.0146227 0.0125
5 0.0721052 0.123 0.0114934 0.0125
1 0.182664 -0.27986 0.0427954 0.0125
4 0.10764 -0.20099 0.0114923 0.0125
e_1_4 1 4 1 0.0125 0.145152 -0.240425 0.0271431 0.438932 -0.0459046 -0.797546 -0.41128 0.113266
e_4_5 4 5 2 0.0125 0.0898723 -0.0389952 0.0114927 0.592193 -0.63079 0.319535 0.386405 0.325933
e_5_6 5 6 3 0.0125 0.0709057 0.132895 0.0130585 0.697972 -0.623549 0.183428 0.300625 0.020178
e_6_7 6 7 4 0.0125 0.070416 0.152528 0.0170709 0.734179 -0.555015 0.265217 0.287402 0.020132
e_7_2 7 2 5 0.0125 0.0734008 0.171444 0.0234616 0.798296 -0.478845 0.279926 0.234676 0.020491
2 10 9
2 0.367925 0.130796 0.0428411 0.0125
11 0.345989 0.133218 0.0418657 0.0125
10 0.326194 0.119101 0.038404 0.0125
9 0.304441 0.101157 0.0341167 0.0125
4 0.202029 -0.0690604 0.0127092 0.0125
1 0.175414 -0.275821 0.0114905 0.0125
8 0.281663 0.0870357 0.025507 0.0125
5 0.209314 -0.0352971 0.0127956 0.0125
6 0.230547 0.0496762 0.0141603 0.0125
7 0.245829 0.065283 0.0118055 0.0125
e_1_4 1 4 1 0.0125 0.188721 -0.17244 0.0120999 -0.0946498 0.182537 0.680998 0.702825 0.20847
e_4_5 4 5 2 0.0125 0.205672 -0.0521783 0.0127526 -0.0426937 0.190309 0.68009 0.706709 0.034541
e_5_6 5 6 3 0.0125 0.21993 0.00718974 0.013478 -0.0234014 0.192335 0.674698 0.71221 0.087596
e_6_7 6 7 4 0.0125 0.238188 0.0574799 0.0129835 0.289808 0.23845 0.704796 0.602009 0.021969
e_7_8 7 8 5 0.0125 0.263746 0.0761597 0.0186558 0.46953 0.232121 0.539244 0.659453 0.044102
e_8_9 8 9 6 0.0125 0.293052 0.0940959 0.0298112 0.46371 0.231918 0.541561 0.661739 0.02815
e_9_10 9 10 7 0.0125 0.315317 0.11013 0.0362601 0.37354 0.233292 0.608611 0.660027 0.028522
e_10_11 10 11 8 0.0125 0.336091 0.12616 0.0401349 0.413791 0.237912 0.610678 0.63186 0.024559
e_11_2 11 2 9 0.0125 0.356957 0.132007 0.0423533 0.695775 0.258369 0.641227 0.194861 0.022091
3 9 8
2 -0.237018 0.201806 0.067504 0.0125
10 -0.220973 0.192052 0.0605801 0.0125
9 -0.202508 0.184201 0.0604959 0.0125
4 0.103273 0.0168187 0.0500443 0.0125
1 0.13642 -0.0575647 0.0118825 0.0125
8 -0.158957 0.166944 0.0316494 0.0125
5 -0.00232737 0.110726 0.0502999 0.0125
6 -0.0889088 0.127661 0.0252652 0.0125
7 -0.120889 0.151506 0.0229322 0.0125
e_1_4 1 4 1 0.0125 0.119847 -0.0203726 0.0309633 -0.124267 0.288156 -0.452546 -0.834701 0.089933
e_4_5 4 5 2 0.0125 0.0504734 0.0637722 0.0501725 0.0465024 0.495935 -0.503135 -0.706216 0.141315
e_5_6 5 6 3 0.0125 -0.0456178 0.119193 0.0377826 0.244595 0.65351 -0.457625 -0.55107 0.091706
e_6_7 6 7 4 0.0125 -0.104899 0.139584 0.0240979 0.0809734 0.527802 -0.500617 -0.68136 0.039959
e_7_8 7 8 5 0.0125 -0.139923 0.159225 0.0272912 0.172979 0.516007 -0.360475 -0.757544 0.041994
e_8_9 8 9 6 0.0125 -0.180732 0.175573 0.046073 0.150465 0.415634 -0.255101 -0.85996 0.055015
e_9_10 9 10 7 0.0125 -0.21174 0.188127 0.060538 0.172354 0.56271 -0.425745 -0.687308 0.020065
e_10_2 10 2 8 0.0125 -0.228996 0.196929 0.0640424 0.104772 0.4467 -0.357037 -0.813638 0.020013
4 8 7
2 0.388162 -0.250206 0.0667572 0.0125
9 0.374299 -0.227418 0.0730936 0.0125
4 -0.010036 -0.0313136 0.0345465 0.0125
1 -0.0285816 -0.0244131 0.0284039 0.0125
8 0.364351 -0.209474 0.0720038 0.0125
5 0.268245 -0.15785 0.0369663 0.0125
6 0.297497 -0.157645 0.0314144 0.0125
7 0.341508 -0.184098 0.0474987 0.0125
e_1_4 1 4 1 0.0125 -0.0193087 -0.0278635 0.0314747 0.764189 0.0213131 0.592719 -0.253465 0.020719
e_4_5 4 5 2 0.0125 0.129105 -0.0945818 0.0357559 0.664794 0.0481141 0.702657 -0.249013 0.305709
e_5_6 5 6 3 0.0125 0.282872 -0.157748 0.03419 0.629556 -0.128628 0.7594 -0.102107 0.029774
e_6_7 6 7 4 0.0125 0.319503 -0.170872 0.0394567 0.746652 0.09163 0.584935 -0.303259 0.053809
e_7_8 7 8 5 0.0125 0.352929 -0.196787 0.0597509 0.803982 0.175832 0.421353 -0.380995 0.042026
e_8_9 8 9 6 0.0125 0.369325 -0.218446 0.0725482 0.591357 0.297091 0.620655 -0.420501 0.020547
e_9_2 9 2 7 0.0125 0.381231 -0.238812 0.069925 0.48963 0.279138 0.733235 -0.38041 0.027416
5 7 6
2 -0.288743 0.288502 0.197976 0.0125
4 -0.13375 0.0136365 0.0343706 0.0125
1 -0.0201008 -0.0615715 0.0116549 0.0125
8 -0.278656 0.277829 0.174482 0.0125
5 -0.2229 0.162225 0.101455 0.0125
6 -0.234041 0.180795 0.10984 0.0125
7 -0.241859 0.204379 0.122539 0.0125
e_1_4 1 4 1 0.0125 -0.0769248 -0.0239675 0.0230128 0.55139 0.114825 -0.636088 -0.527424 0.13816
e_4_5 4 5 2 0.0125 -0.178325 0.0879307 0.0679123 0.502932 -0.0649886 -0.561481 -0.653892 0.185814
e_5_6 5 6 3 0.0125 -0.228471 0.17151 0.105647 0.50294 -0.0649995 -0.561464 -0.653899 0.023222
e_6_7 6 7 4 0.0125 -0.23795 0.192587 0.11619 0.485974 -0.147297 -0.500737 -0.700996 0.027904
e_7_8 7 8 5 0.0125 -0.260258 0.241104 0.148511 0.553269 -0.104936 -0.470936 -0.679045 0.097195
e_8_2 8 2 6 0.0125 -0.283699 0.283165 0.186228 0.7424 -0.0344979 -0.273552 -0.610591 0.027705
6 9 8
2 -0.0587956 0.176466 0.0219878 0.0125
10 -0.0513733 0.160263 0.0127667 0.0125
9 -0.0393859 0.143709 0.0119246 0.0125
4 0.00887136 0.0655724 0.0212737 0.0125
1 0.24225 -0.19713 0.0815484 0.0125
8 -0.0350015 0.124645 0.0166238 0.0125
5 -0.00933284 0.0787165 0.0188494 0.0125
6 -0.0271266 0.0868502 0.0142915 0.0125
7 -0.0357169 0.105011 0.0128025 0.0125
e_1_4 1 4 1 0.0125 0.125561 -0.0657788 0.0514112 0.110783 0.401979 -0.650341 -0.634977 0.356526
e_4_5 4 5 2 0.0125 -0.000230402 0.072144 0.020062 0.239112 0.40741 -0.622645 -0.623824 0.022584
e_5_6 5 6 3 0.0125 -0.0182297 0.0827828 0.0165705 0.301518 0.465045 -0.630218 -0.543732 0.020089
e_6_7 6 7 4 0.0125 -0.0314213 0.0959303 0.0135468 -0.0334418 0.345517 -0.646211 -0.67964 0.020145
e_7_8 7 8 5 0.0125 -0.0353593 0.114828 0.0147139 -0.294625 0.221272 -0.596284 -0.713218 0.020015
e_8_9 8 9 6 0.0125 -0.0371934 0.134177 0.0142747 -0.178278 0.38897 -0.682281 -0.592801 0.020119
e_9_10 9 10 7 0.0125 -0.0453789 0.151986 0.0123457 0.100017 0.324432 -0.611687 -0.714549 0.020456
e_10_2 10 2 8 0.0125 -0.0550841 0.168365 0.0173769 0.113896 0.151574 -0.497249 -0.846638 0.020066
7 9 8
2 -0.00757648 -0.262041 0.0117806 0.0125
10 -0.00983845 -0.242859 0.0242881 0.0125
9 -0.0123064 -0.228025 0.0390532 0.0125
4 0.137974 -0.0451189 0.0699284 0.0125
1 0.31879 0.0418208 0.0453361 0.0125
8 -0.00742066 -0.209224 0.0502173 0.0125
5 0.0820438 -0.0780728 0.0818112 0.0125
6 0.0185671 -0.165379 0.066637 0.0125
7 0.00316449 -0.186118 0.0671497 0.0125
e_1_4 1 4 1 0.0125 0.228382 -0.00164892 0.0576319 0.387934 0.659624 -0.0637463 -0.640577 0.202132
e_4_5 4 5 2 0.0125 0.110009 -0.0615965 0.0758699 0.440257 0.638351 -0.0498332 -0.629443 0.065996
e_5_6 5 6 3 0.0125 0.0503058 -0.121725 0.0742239 0.465938 0.74598 0.114519 -0.461845 0.109004
e_6_7 6 7 4 0.0125 0.0108662 -0.175748 0.0668938 0.516122 0.694666 0.0867038 -0.493497 0.025838
e_7_8 7 8 5 0.0125 -0.00212774 -0.19767 0.058684 0.36145 0.849916 0.234246 -0.303521 0.030539
e_8_9 8 9 6 0.0125 -0.00986319 -0.218625 0.0446354 0.422862 0.823906 0.265173 -0.268419 0.022406
e_9_10 9 10 7 0.0125 -0.0110721 -0.235442 0.031671 0.374442 0.84228 0.375336 -0.0973638 0.021075
e_10_2 10 2 8 0.0125 -0.00870711 -0.25245 0.0180338 0.456726 0.803929 0.354219 -0.1401 0.023011
8 9 8
2 -0.0399042 0.00800653 0.0274388 0.0125
10 -0.0199869 0.0100512 0.018791 0.0125
9 -0.00126312 0.0189411 0.0192032 0.0125
4 0.0346555 -0.255784 0.164405 0.0125
1 0.0810855 -0.32243 0.25423 0.0125
8 0.0191503 0.0147168 0.0242658 0.0125
5 0.0436895 -0.0364706 0.0599084 0.0125
6 0.0370943 -0.0108854 0.0502962 0.0125
7 0.0311568 0.00698819 0.0428406 0.0125
e_1_4 1 4 1 0.0125 0.0578705 -0.289108 0.209317 0.148621 0.16901 -0.917768 -0.327185 0.121102
e_4_5 4 5 2 0.0125 0.0391725 -0.146128 0.112157 0.508466 -0.793915 0.2909 0.162906 0.243105
e_5_6 5 6 3 0.0125 0.0403917 -0.0236781 0.0551016 0.573618 -0.794826 -0.197969 0.00469154 0.028116
e_6_7 6 7 4 0.0125 0.0341259 -0.00194839 0.0465678 0.561286 -0.769529 -0.303065 -0.0305884 0.020256
e_7_8 7 8 5 0.0125 0.0251539 0.0108527 0.0335526 0.0567221 0.693329 -0.644752 -0.316815 0.023429
e_8_9 8 9 6 0.0125 0.00894346 0.0168292 0.0217341 0.523804 0.273627 -0.736967 -0.328081 0.021452
e_9_10 9 10 7 0.0125 -0.0106244 0.0144965 0.0189972 0.634021 0.550858 -0.454412 -0.296787 0.020731
e_10_2 10 2 8 0.0125 -0.0299452 0.0090291 0.0231144 0.78881 0.233281 -0.497316 -0.275746 0.021809
9 9 8
2 0.164507 -0.0504876 0.106822 0.0125
10 0.15353 -0.0369496 0.0970122 0.0125
9 0.134575 -0.0339867 0.0913569 0.0125
4 -0.0432461 -0.017052 0.0709617 0.0125
1 -0.30192 0.0731772 0.051674 0.0125
8 0.115375 -0.0290393 0.0939895 0.0125
5 0.0471085 -0.0154098 0.0890559 0.0125
6 0.0754822 -0.0278536 0.0950352 0.0125
7 0.0961042 -0.0234126 0.0975836 0.0125
e_1_4 1 4 1 0.0125 -0.172584 0.0280628 0.0613178 0.234486 -0.53783 0.419074 -0.692915 0.274637
e_4_5 4 5 2 0.0125 0.00193102 -0.0162302 0.080009 0.400009 -0.548403 0.317948 -0.661933 0.092163
e_5_6 5 6 3 0.0125 0.0612951 -0.0216323 0.0920459 0.231203 -0.479517 0.418706 -0.735727 0.031554
e_6_7 6 7 4 0.0125 0.085793 -0.0256339 0.0963094 0.451127 -0.60159 0.279514 -0.597031 0.021248
e_7_8 7 8 5 0.0125 0.10574 -0.0262263 0.0957868 0.200583 -0.632099 0.434237 -0.609636 0.020395
e_8_9 8 9 6 0.0125 0.124975 -0.031513 0.0926732 0.222955 -0.621945 0.423096 -0.620053 0.020001
e_9_10 9 10 7 0.0125 0.144052 -0.0354686 0.0941843 0.355761 -0.488994 0.345676 -0.717514 0.020001
e_10_2 10 2 8 0.0125 0.159019 -0.0437183 0.101917 0.13659 -0.251873 0.437419 -0.852389 0.02
10 6 5
2 0.335876 0.111574 0.0171486 0.0125
7 0.310208 0.0715383 0.0212105 0.0125
6 0.270079 0.0410717 0.0380168 0.0125
5 0.24294 0.0395914 0.0453937 0.0125
1 -0.116285 0.00324072 0.089485 0.0125
4 0.000190907 0.0241417 0.108124 0.0125
e_1_4 1 4 1 0.0125 -0.0580468 0.0136917 0.0988046 0.758595 -0.0739442 0.645552 0.0482454 0.119795
e_4_5 4 5 2 0.0125 0.121566 0.0318671 0.0767585 0.60767 0.048917 0.788967 0.0766508 0.251199
e_5_6 5 6 3 0.0125 0.25651 0.0403315 0.0417052 0.602525 0.0582355 0.792194 0.0774665 0.028162
e_6_7 6 7 4 0.0125 0.290144 0.056305 0.0296136 0.581674 -0.42325 0.69215 0.0586814 0.053114
e_7_2 7 2 5 0.0125 0.323042 0.0915562 0.0191791 0.676219 -0.612015 0.409858 0.0135171 0.04773
11 9 8
2 0.145553 -0.180326 0.0677896 0.0125
10 0.126448 -0.176844 0.0726292 0.0125
9 0.110514 -0.16525 0.0761463 0.0125
4 0.0506388 -0.0936033 0.112481 0.0125
1 -0.144433 0.204259 0.155998 0.0125
8 0.0979593 -0.151653 0.0838265 0.0125
5 0.0631417 -0.110208 0.110237 0.0125
6 0.0746322 -0.12464 0.102033 0.0125
7 0.0863329 -0.1388 0.0938688 0.0125
e_1_4 1 4 1 0.0125 -0.0468967 0.0553276 0.134239 0.194388 -0.208489 0.719161 -0.633682 0.358704
e_4_5 4 5 2 0.0125 0.0568904 -0.101905 0.111359 0.238068 -0.206359 0.714898 -0.624228 0.020906
e_5_6 5 6 3 0.0125 0.068887 -0.117424 0.106135 0.165262 -0.298717 0.783545 -0.519147 0.02019
e_6_7 6 7 4 0.0125 0.0804818 -0.13172 0.097951 0.174419 -0.29909 0.783337 -0.516243 0.020102
e_7_8 7 8 5 0.0125 0.0921463 -0.145227 0.0888473 0.168821 -0.329763 0.801217 -0.469902 0.02003
e_8_9 8 9 6 0.0125 0.104236 -0.158451 0.0799856 0.208295 -0.293781 0.778026 -0.514764 0.020037
e_9_10 9 10 7 0.0125 0.118481 -0.171047 0.0743874 0.371369 -0.244767 0.726605 -0.523659 0.020018
e_10_2 10 2 8 0.0125 0.136001 -0.178586 0.0702095 0.514497 -0.30777 0.725378 -0.338227 0.020013
12 9 8
2 0.0826606 -0.217274 0.121842 0.0125
10 0.100268 -0.2086 0.126078 0.0125
9 0.108125 -0.190033 0.126585 0.0125
4 0.13307 -0.0815648 0.14087 0.0125
1 0.213436 0.228372 0.0125876 0.0125
8 0.114527 -0.171018 0.123833 0.0125
5 0.135685 -0.105496 0.134879 0.0125
6 0.125815 -0.132777 0.130382 0.0125
7 0.120219 -0.151732 0.127132 0.0125
e_1_4 1 4 1 0.0125 0.173253 0.0734035 0.0767284 0.67517 0.52368 0.199512 -0.479687 0.344929
e_4_5 4 5 2 0.0125 0.134378 -0.0935305 0.137875 0.433495 0.490505 0.616559 -0.437427 0.024808
e_5_6 5 6 3 0.0125 0.13075 -0.119136 0.132631 0.409978 0.650507 0.391709 -0.505295 0.029358
e_6_7 6 7 4 0.0125 0.123017 -0.142255 0.128757 0.412808 0.632595 0.425392 -0.498453 0.02003
e_7_8 7 8 5 0.0125 0.117373 -0.161376 0.125483 0.413029 0.63254 0.425249 -0.498461 0.020377
e_8_9 8 9 6 0.0125 0.111326 -0.180525 0.125209 0.560788 0.603665 0.260098 -0.503443 0.020252
e_9_10 9 10 7 0.0125 0.104196 -0.199316 0.126331 0.473213 0.65205 0.295633 -0.513324 0.020168
e_10_2 10 2 8 0.0125 0.0914638 -0.212937 0.12396 0.35328 0.770546 -0.108257 -0.519358 0.020079
13 9 8
2 0.155715 0.0421194 0.0328132 0.0125
10 0.152396 0.0620635 0.0258078 0.0125
9 0.151948 0.084391 0.0232509 0.0125
4 0.0810015 0.202851 0.0373869 0.0125
1 -0.105306 0.312147 0.249594 0.0125
8 0.152794 0.107138 0.0226948 0.0125
5 0.104895 0.192779 0.028353 0.0125
6 0.132908 0.151969 0.0205326 0.0125
7 0.144809 0.125552 0.0119516 0.0125
e_1_4 1 4 1 0.0125 -0.0121526 0.257499 0.143491 0.047649 -0.731861 0.561059 -0.383826 0.3028
e_4_5 4 5 2 0.0125 0.0929486 0.197815 0.0328704 0.455971 -0.213967 0.786588 -0.357195 0.027459
e_5_6 5 6 3 0.0125 0.118902 0.172374 0.024443 0.648688 0.603245 0.462736 -0.0342818 0.050113
e_6_7 6 7 4 0.0125 0.138858 0.138761 0.0162421 0.538385 0.800918 -0.0226276 0.261074 0.030217
e_7_8 7 8 5 0.0125 0.148802 0.116345 0.0173234 0.782925 0.513819 -0.00612202 0.350688 0.022765
e_8_9 8 9 6 0.0125 0.152371 0.0957646 0.0229728 0.399054 0.367587 -0.593852 0.594118 0.02277
e_9_10 9 10 7 0.0125 0.152172 0.073227 0.0245295 0.488216 0.44554 -0.494603 0.564364 0.022478
e_10_2 10 2 8 0.0125 0.154056 0.0520921 0.0293109 0.663177 0.520949 -0.254763 0.473184 0.021398
