7
1 8 7
2 0.0693255 0.0372932 0.0114888 0.0125
9 0.0905683 0.0245094 0.0216753 0.0125
4 0.255527 -0.0367254 0.0876137 0.0125
1 0.460942 -0.104661 0.269229 0.0125
8 0.113026 0.0118088 0.0319851 0.0125
5 0.208527 -0.024085 0.0561879 0.0125
6 0.183425 -0.0166203 0.0511596 0.0125
7 0.133902 0.00240253 0.0375968 0.0125
e_1_4 1 4 1 0.0125 0.358234 -0.0706934 0.178422 -0.0807647 -0.790246 0.443822 0.414743 0.282479
e_4_5 4 5 2 0.0125 0.232027 -0.0304057 0.0719011 -0.0802737 -0.797749 0.367172 0.471526 0.057934
e_5_6 5 6 3 0.0125 0.195975 -0.0203525 0.0536744 0.262877 -0.763738 -0.104795 0.580188 0.026667
e_6_7 6 7 4 0.0125 0.158664 -0.00710879 0.0443782 0.242254 -0.789232 -0.0310493 0.563437 0.054756
e_7_8 7 8 5 0.0125 0.123465 0.00710577 0.034791 0.285117 -0.785496 -0.0446639 0.547457 0.023575
e_8_9 8 9 6 0.0125 0.101797 0.0181593 0.0268308 0.214802 -0.821857 0.100429 0.518 0.027784
e_9_2 9 2 7 0.0125 0.0799469 0.0309015 0.0165816 0.222443 -0.823593 0.108285 0.510381 0.026804
2 7 6
2 0.349472 0.0356134 0.0749721 0.0125
4 0.264292 0.0215669 0.0114987 0.0125
1 -0.117367 0.102978 0.0114972 0.0125
8 0.335625 0.0346446 0.0604655 0.0125
5 0.282653 0.0240887 0.0191665 0.0125
6 0.302526 0.022576 0.0302037 0.0125
7 0.322461 0.0268226 0.0462013 0.0125
e_1_4 1 4 1 0.0125 0.0734627 0.0622722 0.011498 0.553904 0.545416 0.450023 0.439535 0.390245
e_4_5 4 5 2 0.0125 0.273472 0.0228279 0.0153325 0.701665 0.231481 0.505233 0.445895 0.020057
e_5_6 5 6 3 0.0125 0.29259 0.0233323 0.0246851 0.766845 0.265023 0.433042 0.392666 0.022783
e_6_7 6 7 4 0.0125 0.312493 0.0246999 0.0382029 0.821031 0.0913324 0.42773 0.366897 0.025911
e_7_8 7 8 5 0.0125 0.329043 0.0307336 0.0533334 0.860046 -0.0722003 0.392404 0.318005 0.020927
e_8_2 8 2 6 0.0125 0.342549 0.0351289 0.0677189 0.873696 0.100808 0.358581 0.312908 0.020077
3 9 8
2 -0.389732 -0.337337 0.227415 0.0125
10 -0.373758 -0.327437 0.22038 0.0125
9 -0.358691 -0.314107 0.21662 0.0125
4 -0.295626 -0.240142 0.166991 0.0125
1 -0.134037 0.0220743 0.0114977 0.0125
8 -0.341664 -0.304223 0.212508 0.0125
5 -0.308368 -0.262916 0.180543 0.0125
6 -0.319768 -0.273964 0.198858 0.0125
7 -0.331652 -0.286818 0.209198 0.0125
e_1_4 1 4 1 0.0125 -0.214831 -0.109033 0.0892436 -0.797331 -0.514342 0.100597 0.299326 0.34503
e_4_5 4 5 2 0.0125 -0.301997 -0.25153 0.173767 -0.802982 -0.512511 0.0830104 0.292679 0.029407
e_5_6 5 6 3 0.0125 -0.314067 -0.26844 0.189701 -0.872135 -0.318153 0.144782 0.342342 0.024236
e_6_7 6 7 4 0.0125 -0.32571 -0.280391 0.204027 -0.801778 -0.465351 0.170734 0.333841 0.020332
e_7_8 7 8 5 0.0125 -0.336658 -0.29552 0.210853 -0.711754 -0.639267 0.100137 0.273343 0.02035
e_8_9 8 9 6 0.0125 -0.350178 -0.309164 0.214564 -0.681311 -0.539139 0.327244 0.371559 0.020113
e_9_10 9 10 7 0.0125 -0.366225 -0.320772 0.2185 -0.691977 -0.589852 0.245415 0.336175 0.020466
e_10_2 10 2 8 0.0125 -0.381745 -0.332387 0.223898 -0.732657 -0.486994 0.295846 0.372191 0.020066
4 10 9
2 0.0724376 -0.185948 0.021011 0.0125
11 0.0911717 -0.180559 0.0165361 0.0125
10 0.106726 -0.168653 0.0125002 0.0125
9 0.119699 -0.153398 0.013224 0.0125
4 0.0881097 -0.0042384 0.0471447 0.0125
1 0.062357 0.274427 0.0331045 0.0125
8 0.12518 -0.134144 0.0140912 0.0125
5 0.114202 -0.0764666 0.028162 0.0125
6 0.118871 -0.09573 0.0247046 0.0125
7 0.123456 -0.114752 0.0202921 0.0125
e_1_4 1 4 1 0.0125 0.0752333 0.135094 0.0401248 0.722218 0.689123 0.00755192 0.0587683 0.280205
e_4_5 4 5 2 0.0125 0.101156 -0.0403532 0.0376532 0.604148 0.778954 0.114938 0.12258 0.079107
e_5_6 5 6 3 0.0125 0.116537 -0.0860978 0.0264331 0.63641 0.762403 0.0682091 0.095239 0.020121
e_6_7 6 7 4 0.0125 0.121164 -0.105241 0.0224989 0.617359 0.778195 0.0663215 0.0942437 0.020059
e_7_8 7 8 5 0.0125 0.124318 -0.124448 0.0171916 0.587645 0.80731 -0.0024305 0.0540232 0.020431
e_8_9 8 9 6 0.0125 0.122439 -0.143771 0.0136575 0.690524 0.704755 -0.157963 -0.0392903 0.020037
e_9_10 9 10 7 0.0125 0.113213 -0.161025 0.0128616 0.678024 0.635639 -0.337699 -0.149017 0.020039
e_10_11 10 11 8 0.0125 0.098949 -0.174606 0.0145177 0.752366 0.493481 -0.394427 -0.186677 0.02
e_11_2 11 2 9 0.0125 0.0818041 -0.183254 0.0187742 0.737774 0.361388 -0.507461 -0.259945 0.020001
5 9 8
2 0.200259 -0.321146 0.289858 0.0125
10 0.177906 -0.315904 0.274308 0.0125
9 0.160122 -0.311016 0.263514 0.0125
4 0.0194507 -0.122553 0.0616435 0.0125
1 -0.0239259 -0.00565231 0.0114953 0.0125
8 0.150559 -0.301404 0.248628 0.0125
5 0.108077 -0.270713 0.185702 0.0125
6 0.125615 -0.287965 0.203052 0.0125
7 0.136202 -0.293961 0.22314 0.0125
e_1_4 1 4 1 0.0125 -0.00223817 -0.0641022 0.0365693 0.568409 0.501773 -0.248305 0.602893 0.134395
e_4_5 4 5 2 0.0125 0.0637635 -0.196633 0.123672 0.5881 0.434613 -0.13906 0.667767 0.212595
e_5_6 5 6 3 0.0125 0.116846 -0.279339 0.194376 0.546749 0.457296 -0.0522173 0.699443 0.030103
e_6_7 6 7 4 0.0125 0.130908 -0.290963 0.213096 0.612305 0.264886 0.0464664 0.743478 0.023487
e_7_8 7 8 5 0.0125 0.14338 -0.297682 0.235884 0.604279 0.273267 0.0560532 0.746345 0.030185
e_8_9 8 9 6 0.0125 0.15534 -0.30621 0.256071 0.597227 0.359477 -0.0335011 0.716222 0.020135
e_9_10 9 10 7 0.0125 0.169014 -0.313459 0.268911 0.446506 0.479081 0.133837 0.743775 0.021371
e_10_2 10 2 8 0.0125 0.189082 -0.318525 0.282083 0.462239 0.444799 0.147555 0.752805 0.02773
6 10 9
2 0.0958967 0.0267932 0.0721171 0.0125
11 0.0636781 0.0188024 0.066093 0.0125
10 0.0364175 0.0140681 0.0627647 0.0125
9 0.0162911 0.0163969 0.0655376 0.0125
4 -0.273375 0.0268246 0.0336938 0.0125
1 -0.388501 0.0537202 0.0123816 0.0125
8 -0.00591191 0.0211266 0.0703758 0.0125
5 -0.0855778 0.0269935 0.078517 0.0125
6 -0.0617898 0.0298969 0.0784514 0.0125
7 -0.0400967 0.0298479 0.0745744 0.0125
e_1_4 1 4 1 0.0125 -0.330938 0.0402723 0.0230377 0.443761 -0.425078 0.480213 -0.625923 0.120132
e_4_5 4 5 2 0.0125 -0.179476 0.0269087 0.0561049 0.545423 -0.445963 0.43016 -0.564441 0.193073
e_5_6 5 6 3 0.0125 -0.0736838 0.0284449 0.0784848 0.486256 -0.568727 0.421796 -0.512048 0.023965
e_6_7 6 7 4 0.0125 -0.0509427 0.0298722 0.0765129 0.374904 -0.621418 0.449236 -0.521032 0.022037
e_7_8 7 8 5 0.0125 -0.0230049 0.025487 0.0724753 0.302763 -0.56053 0.494862 -0.590976 0.035529
e_8_9 8 9 6 0.0125 0.00518947 0.0187613 0.0679569 0.281838 -0.607152 0.485383 -0.562439 0.023211
e_9_10 9 10 7 0.0125 0.0263547 0.015232 0.0641518 0.349337 -0.58808 0.471114 -0.556935 0.02045
e_10_11 10 11 8 0.0125 0.0500477 0.0164349 0.0644295 0.550192 -0.526497 0.403844 -0.506952 0.027868
e_11_2 11 2 9 0.0125 0.0797871 0.0227984 0.0691049 0.593384 -0.513884 0.382948 -0.487001 0.033736
7 8 7
2 0.150537 -0.0998388 0.081575 0.0125
9 0.139537 -0.086265 0.0718094 0.0125
4 0.0323123 -0.0166921 0.024517 0.0125
1 -0.257001 0.164845 0.0205938 0.0125
8 0.127333 -0.0718917 0.0643307 0.0125
5 0.0634572 -0.0414267 0.0438896 0.0125
6 0.0823863 -0.0521125 0.0524284 0.0125
7 0.100299 -0.060219 0.0574517 0.0125
e_1_4 1 4 1 0.0125 -0.112345 0.0740762 0.0225545 0.575355 -0.0476983 0.701416 -0.41798 0.341575
e_4_5 4 5 2 0.0125 0.0478847 -0.0290596 0.0342024 0.806838 0.186082 0.496404 -0.26071 0.044239
e_5_6 5 6 3 0.0125 0.0729216 -0.0467699 0.0481594 0.758976 0.0603648 0.559948 -0.326756 0.023354
e_6_7 6 7 4 0.0125 0.091342 -0.0561658 0.0549398 0.692396 -0.0471349 0.611556 -0.379955 0.020292
e_7_8 7 8 5 0.0125 0.113815 -0.066055 0.0608915 0.680216 -0.0691668 0.61764 -0.388643 0.03024
e_8_9 8 9 6 0.0125 0.133434 -0.0790783 0.0680704 0.803336 0.32912 0.455345 -0.197466 0.020285
e_9_2 9 2 7 0.0125 0.145036 -0.0930513 0.0766918 0.846008 0.323534 0.389069 -0.167992 0.020015
