7
1 11 10
2 0.0117336 -0.286663 0.0463583 0.0125
12 -0.00159802 -0.271722 0.0463365 0.0125
11 -0.0118454 -0.256426 0.0383201 0.0125
10 -0.0147634 -0.238876 0.0288065 0.0125
9 -0.0165969 -0.220462 0.0203744 0.0125
4 0.0882702 -0.0400606 0.0114942 0.0125
1 0.209703 0.117588 0.0114911 0.0125
8 -0.0215889 -0.193761 0.0189006 0.0125
5 0.0684168 -0.0614881 0.0157706 0.0125
6 0.00301806 -0.130843 0.0164774 0.0125
7 -0.013 -0.158557 0.0188533 0.0125
e_1_4 1 4 1 0.0125 0.148986 0.0387638 0.0114926 0.596537 0.704268 -0.0632364 -0.379673 0.198995
e_4_5 4 5 2 0.0125 0.0783431 -0.050774 0.0136319 0.637835 0.643398 -0.116689 -0.406925 0.029522
e_5_6 5 6 3 0.0125 0.0357178 -0.0961656 0.0161237 0.583911 0.696417 -0.106281 -0.40343 0.095329
e_6_7 6 7 4 0.0125 -0.00499068 -0.1447 0.0176658 0.64302 0.680238 -0.0162184 -0.35148 0.032099
e_7_8 7 8 5 0.0125 -0.0172944 -0.176159 0.018877 0.65255 0.69789 0.110929 -0.273538 0.036236
e_8_9 8 9 6 0.0125 -0.0190931 -0.207112 0.0196371 0.708362 0.631833 0.271465 -0.159115 0.027203
e_9_10 9 10 7 0.0125 -0.0156797 -0.229669 0.0245902 0.815444 0.508846 0.183724 -0.205844 0.020337
e_10_11 10 11 8 0.0125 -0.0133042 -0.247651 0.0335635 0.835915 0.475221 0.195913 -0.192427 0.020174
e_11_12 11 12 9 0.0125 -0.00672246 -0.264074 0.0423281 0.832878 0.425371 0.345626 -0.0769255 0.020081
e_12_2 12 2 10 0.0125 0.00506746 -0.279193 0.0463479 0.707479 0.529235 0.468375 0.00288827 0.020024
2 11 10
2 0.0721722 -0.00787336 0.0411038 0.0125
12 0.0570994 0.00451564 0.0366885 0.0125
11 0.0398222 0.0136617 0.0321593 0.0125
10 0.0224418 0.023564 0.027819 0.0125
9 0.00518909 0.0332535 0.0237912 0.0125
4 -0.0942851 0.0457694 0.0215867 0.0125
1 -0.375419 -0.0888181 0.0114958 0.0125
8 -0.0134783 0.0419827 0.020792 0.0125
5 -0.072782 0.0523249 0.0130536 0.0125
6 -0.0515098 0.0541395 0.0114935 0.0125
7 -0.0323973 0.0475483 0.0145098 0.0125
e_1_4 1 4 1 0.0125 -0.234852 -0.0215243 0.0165417 0.717 -0.339673 0.606994 -0.0457272 0.311853
e_4_5 4 5 2 0.0125 -0.0835334 0.0490477 0.0173208 0.566078 -0.302871 0.765323 -0.0458997 0.024045
e_5_6 5 6 3 0.0125 -0.0621461 0.0532322 0.012274 0.680244 -0.0312534 0.731749 0.0288844 0.021407
e_6_7 6 7 4 0.0125 -0.0419537 0.0508434 0.0130021 0.748228 0.306414 0.576494 0.117989 0.020441
e_7_8 7 8 5 0.0125 -0.022938 0.0447654 0.0176502 0.800591 0.23813 0.539922 0.104076 0.020697
e_8_9 8 9 6 0.0125 -0.00414499 0.0376175 0.0222914 0.743949 0.379269 0.533064 0.136152 0.020825
e_9_10 9 10 7 0.0125 0.0138155 0.0284082 0.0258051 0.760865 0.407171 0.48422 0.144315 0.020193
e_10_11 10 11 8 0.0125 0.0311325 0.0186124 0.0299894 0.764968 0.406477 0.478276 0.144401 0.020469
e_11_12 11 12 9 0.0125 0.0484612 0.00908921 0.0344241 0.770399 0.384171 0.48944 0.139087 0.020067
e_12_2 12 2 10 0.0125 0.0646364 -0.0016783 0.0388959 0.763519 0.48951 0.387352 0.16546 0.020004
3 9 8
2 0.288095 0.0142611 0.152078 0.0125
10 0.270049 0.00949961 0.134755 0.0125
9 0.251502 0.00597163 0.115545 0.0125
4 0.11342 -0.0149127 0.0371722 0.0125
1 -0.130195 -0.142822 0.0114899 0.0125
8 0.238656 0.00456301 0.0963942 0.0125
5 0.138207 -0.00404931 0.0369648 0.0125
6 0.18922 0.0115245 0.0633963 0.0125
7 0.225443 0.00914203 0.0797363 0.0125
e_1_4 1 4 1 0.0125 -0.0083881 -0.0788681 0.0243313 0.728044 -0.411675 0.532971 -0.12813 0.276349
e_4_5 4 5 2 0.0125 0.125813 -0.00948101 0.0370685 0.696885 -0.376541 0.601707 -0.102554 0.027064
e_5_6 5 6 3 0.0125 0.163713 0.00373813 0.0501802 0.849708 -0.152216 0.504795 0.00292385 0.059528
e_6_7 6 7 4 0.0125 0.207332 0.0103333 0.0715663 0.826422 0.131307 0.526811 0.149181 0.039809
e_7_8 7 8 5 0.0125 0.232049 0.00685255 0.0880648 0.929498 0.158221 0.303343 0.137778 0.021749
e_8_9 8 9 6 0.0125 0.245079 0.00526732 0.105969 0.955082 -0.0173287 0.291956 0.0477437 0.023104
e_9_10 9 10 7 0.0125 0.260776 0.00773607 0.12515 0.924762 -0.0555161 0.374576 0.0377742 0.026935
e_10_2 10 2 8 0.0125 0.279072 0.011881 0.143416 0.916375 -0.0935531 0.388722 0.0199952 0.025463
4 11 10
2 0.237093 0.0837341 0.0564656 0.0125
12 0.234321 0.100704 0.0461677 0.0125
11 0.223341 0.116467 0.0402265 0.0125
10 0.206845 0.126178 0.0339127 0.0125
9 0.191991 0.140354 0.0342738 0.0125
4 -0.111139 0.137096 0.0387716 0.0125
1 -0.216648 0.143629 0.0121834 0.0125
8 0.162479 0.150589 0.0333142 0.0125
5 0.0533219 0.167585 0.0432733 0.0125
6 0.111675 0.163628 0.0358326 0.0125
7 0.13845 0.158169 0.0355063 0.0125
e_1_4 1 4 1 0.0125 -0.163893 0.140362 0.0254774 0.137924 0.610863 0.0699099 0.77649 0.109004
e_4_5 4 5 2 0.0125 -0.0289086 0.15234 0.0410231 0.0330328 0.679252 0.15863 0.715795 0.167324
e_5_6 5 6 3 0.0125 0.082498 0.165606 0.0395532 0.125356 0.744721 0.0921366 0.648989 0.058958
e_6_7 6 7 4 0.0125 0.125062 0.160899 0.0356695 0.182604 0.709971 0.0438691 0.678728 0.027328
e_7_8 7 8 5 0.0125 0.150465 0.154379 0.0344107 0.218319 0.736906 0.0172421 0.639538 0.025292
e_8_9 8 9 6 0.0125 0.177235 0.145471 0.0337942 0.235358 0.696162 0.000135477 0.678207 0.03125
e_9_10 9 10 7 0.0125 0.199418 0.133266 0.0340933 0.386966 0.702147 -0.125675 0.584339 0.020536
e_10_11 10 11 8 0.0125 0.215094 0.121323 0.0370694 0.315697 0.580908 -0.0770573 0.746287 0.020157
e_11_12 11 12 9 0.0125 0.228831 0.108585 0.0431968 0.462413 0.557455 -0.20371 0.658726 0.020108
e_12_2 12 2 10 0.0125 0.235708 0.0922187 0.0513171 0.566942 0.377396 -0.317285 0.659909 0.020043
5 8 7
2 0.185484 -0.285326 0.040913 0.0125
9 0.170315 -0.272632 0.0445233 0.0125
4 0.0875867 -0.217322 0.0381038 0.0125
1 -0.162661 0.0623887 0.0563535 0.0125
8 0.151475 -0.265881 0.0417 0.0125
5 0.10054 -0.233946 0.0373916 0.0125
6 0.114166 -0.250725 0.0366006 0.0125
7 0.132879 -0.259936 0.035991 0.0125
e_1_4 1 4 1 0.0125 -0.0375369 -0.0774668 0.047229 -0.333352 0.161845 -0.705755 0.603815 0.37576
e_4_5 4 5 2 0.0125 0.0940627 -0.225635 0.0377477 -0.309682 0.142919 -0.70461 0.622251 0.021086
e_5_6 5 6 3 0.0125 0.107353 -0.242336 0.0369959 -0.317327 0.148137 -0.704507 0.617275 0.021629
e_6_7 6 7 4 0.0125 0.123522 -0.25533 0.0362957 -0.481291 0.246514 -0.673671 0.503744 0.020866
e_7_8 7 8 5 0.0125 0.142176 -0.262908 0.0388456 -0.62236 0.217009 -0.559098 0.502975 0.020341
e_8_9 8 9 6 0.0125 0.160895 -0.269257 0.0431111 -0.569491 0.238377 -0.610995 0.495521 0.020212
e_9_2 9 2 7 0.0125 0.1779 -0.278979 0.042719 -0.349091 0.225171 -0.734223 0.536982 0.020106
6 6 5
2 -0.0641566 -0.288226 0.0142284 0.0125
7 -0.0650296 -0.267962 0.0157611 0.0125
6 -0.0763672 -0.224301 0.0243946 0.0125
5 -0.160346 -0.108176 0.0413512 0.0125
1 -0.254644 0.161856 0.0131649 0.0125
4 -0.193906 -0.034247 0.0468848 0.0125
e_1_4 1 4 1 0.0125 -0.224276 0.0638045 0.0300246 0.722576 0.647089 -0.0153643 0.242742 0.208045
e_4_5 4 5 2 0.0125 -0.177126 -0.0712119 0.0441177 0.624635 0.73071 0.00797503 0.275373 0.081378
e_5_6 5 6 3 0.0125 -0.118356 -0.166238 0.0328732 0.585879 0.740655 0.100901 0.313041 0.144308
e_6_7 6 7 4 0.0125 -0.0706979 -0.246131 0.0200781 0.589634 0.763719 -0.103532 0.241549 0.045928
e_7_2 7 2 5 0.0125 -0.064593 -0.278094 0.0149945 0.65098 0.710504 -0.181306 0.196309 0.020341
7 8 7
2 -0.386327 -0.120468 0.0164945 0.0125
9 -0.35934 -0.12015 0.0195687 0.0125
4 -0.22443 -0.0621908 0.0676889 0.0125
1 0.0427977 0.082034 0.0877004 0.0125
8 -0.340762 -0.123143 0.0125366 0.0125
5 -0.255202 -0.089788 0.0472619 0.0125
6 -0.293558 -0.116308 0.0211128 0.0125
7 -0.319956 -0.122861 0.0147593 0.0125
e_1_4 1 4 1 0.0125 -0.0908162 0.00992139 0.0776953 0.258864 -0.46322 -0.564183 0.632546 0.304321
e_4_5 4 5 2 0.0125 -0.239816 -0.0759892 0.0574757 0.00316757 -0.628963 -0.570896 0.527706 0.046108
e_5_6 5 6 3 0.0125 -0.274381 -0.103048 0.0341875 0.0593128 -0.64724 -0.570648 0.50192 0.053462
e_6_7 6 7 4 0.0125 -0.306757 -0.119585 0.0179357 0.32464 -0.549783 -0.558094 0.52998 0.027932
e_7_8 7 8 5 0.0125 -0.330359 -0.123001 0.0136476 0.468835 -0.523044 -0.528715 0.476528 0.020926
e_8_9 8 9 6 0.0125 -0.350051 -0.121647 0.0160518 0.708335 -0.363308 -0.439303 0.416271 0.020089
e_9_2 9 2 7 0.0125 -0.372834 -0.120309 0.0180313 0.466731 -0.525932 -0.529132 0.474949 0.027162
