7
1 7 6
2 -0.171109 -0.160356 0.0578276 0.0125
4 -0.0957299 -0.0159125 0.0116927 0.0125
1 0.0299902 0.287514 0.0122965 0.0125
8 -0.157389 -0.146628 0.0528203 0.0125
5 -0.0993046 -0.038399 0.0207765 0.0125
6 -0.140235 -0.111565 0.041549 0.0125
7 -0.148849 -0.129407 0.0472527 0.0125
e_1_4 1 4 1 0.0125 -0.0328701 0.135801 0.0119945 0.0823015 -0.192897 -0.680963 0.701646 0.328441
e_4_5 4 5 2 0.0125 -0.0975172 -0.0271557 0.0162346 -0.352893 -0.315854 -0.463624 0.748836 0.024514
e_5_6 5 6 3 0.0125 -0.11977 -0.0749823 0.031163 0.362544 -0.0195108 -0.615927 0.699153 0.086372
e_6_7 6 7 4 0.0125 -0.144542 -0.120486 0.0444011 0.295203 -0.0428698 -0.599876 0.742405 0.020617
e_7_8 7 8 5 0.0125 -0.153119 -0.138018 0.0500367 0.314587 -0.0335642 -0.599805 0.734944 0.020013
e_8_2 8 2 6 0.0125 -0.164249 -0.153493 0.0553234 0.650767 0.110819 -0.602341 0.448785 0.020043
2 9 8
2 0.185476 0.244767 0.0152834 0.0125
10 0.182487 0.225805 0.02122 0.0125
9 0.178817 0.206356 0.0253306 0.0125
4 0.0984205 -0.157976 0.0118324 0.0125
1 0.0808011 -0.238747 0.011498 0.0125
8 0.170551 0.184295 0.0272646 0.0125
5 0.15377 0.0861224 0.0135663 0.0125
6 0.161992 0.140733 0.0114939 0.0125
7 0.161895 0.161198 0.0181109 0.0125
e_1_4 1 4 1 0.0125 0.0896113 -0.198361 0.0116651 0.706885 -0.677593 0.197092 0.0483414 0.082672
e_4_5 4 5 2 0.0125 0.126095 -0.0359267 0.0126989 0.707928 -0.675101 0.201928 0.0479695 0.250301
e_5_6 5 6 3 0.0125 0.157881 0.113428 0.0125296 0.691805 -0.702276 0.159864 0.051565 0.055265
e_6_7 6 7 4 0.0125 0.161943 0.150966 0.0148019 0.807111 -0.58745 0.0328424 0.048945 0.021508
e_7_8 7 8 5 0.0125 0.166223 0.172746 0.0226877 0.82013 -0.525183 0.2241 0.0367211 0.026309
e_8_9 8 9 6 0.0125 0.174684 0.195326 0.0262976 0.676178 -0.67076 0.301628 0.0434045 0.023639
e_9_10 9 10 7 0.0125 0.180652 0.216081 0.0232758 0.628947 -0.747578 0.206849 0.0525893 0.020214
e_10_2 10 2 8 0.0125 0.183982 0.235286 0.0182521 0.590962 -0.779948 0.198529 0.0550534 0.020093
3 9 8
2 0.0165125 -0.309993 0.22151 0.0125
10 0.0079477 -0.294315 0.212047 0.0125
9 -0.00106792 -0.282453 0.197826 0.0125
4 0.0127761 -0.15397 0.106561 0.0125
1 0.0225409 0.129816 0.0114998 0.0125
8 0.000341831 -0.26821 0.182541 0.0125
5 0.00766086 -0.179521 0.12246 0.0125
6 0.000723407 -0.224741 0.14642 0.0125
7 0.00133041 -0.253094 0.167991 0.0125
e_1_4 1 4 1 0.0125 0.0176581 -0.0120775 0.0590303 -0.734733 -0.519994 0.266227 -0.344814 0.299443
e_4_5 4 5 2 0.0125 0.0102185 -0.166746 0.11451 -0.81334 -0.41301 0.262694 -0.314471 0.030526
e_5_6 5 6 3 0.0125 0.00419222 -0.202132 0.134439 -0.791942 -0.443958 0.266309 -0.323743 0.051643
e_6_7 6 7 4 0.0125 0.00102734 -0.238918 0.157205 -0.841262 -0.42025 0.14382 -0.308194 0.035631
e_7_8 7 8 5 0.0125 0.000836564 -0.260652 0.175267 -0.872734 -0.362954 0.148017 -0.291016 0.021005
e_8_9 8 9 6 0.0125 -0.000362945 -0.275332 0.190185 -0.88602 -0.337364 0.145628 -0.282748 0.020939
e_9_10 9 10 7 0.0125 0.00344024 -0.288384 0.204936 -0.881201 -0.368103 -0.138862 -0.262109 0.020597
e_10_2 10 2 8 0.0125 0.0122306 -0.302154 0.216779 -0.797179 -0.511688 -0.0642374 -0.313934 0.020216
4 10 9
2 -0.183093 0.279405 0.012397 0.0125
11 -0.165229 0.271307 0.0164516 0.0125
10 -0.147188 0.264993 0.0227085 0.0125
9 -0.128658 0.254543 0.0199944 0.0125
4 0.165801 0.132084 0.0366638 0.0125
1 0.26966 0.0964581 0.0244566 0.0125
8 -0.113602 0.238662 0.0186998 0.0125
5 -0.0347595 0.197053 0.0425634 0.0125
6 -0.082126 0.212388 0.0356257 0.0125
7 -0.0995023 0.223171 0.0254895 0.0125
e_1_4 1 4 1 0.0125 0.217731 0.114271 0.0305605 0.671312 -0.468721 -0.474395 0.323403 0.110476
e_4_5 4 5 2 0.0125 0.0655208 0.164568 0.039614 0.639194 -0.491901 -0.494012 0.324679 0.210903
e_5_6 5 6 3 0.0125 -0.0584426 0.20472 0.0390943 0.5741 -0.551276 -0.514881 0.318436 0.050268
e_6_7 6 7 4 0.0125 -0.090814 0.217779 0.030558 0.464617 -0.736089 -0.424518 0.249176 0.022825
e_7_8 7 8 5 0.0125 -0.106553 0.230916 0.0220943 0.549676 -0.752581 -0.296306 0.208997 0.02202
e_8_9 8 9 6 0.0125 -0.12113 0.246602 0.0193471 0.688135 -0.624178 -0.28437 0.236656 0.021922
e_9_10 9 10 7 0.0125 -0.137924 0.259767 0.0213512 0.690752 -0.523867 -0.402848 0.293495 0.021446
e_10_11 10 11 8 0.0125 -0.156208 0.26815 0.0195797 0.503029 -0.622928 -0.51722 0.302333 0.020112
e_11_2 11 2 9 0.0125 -0.174162 0.275356 0.0144247 0.558316 -0.613029 -0.474773 0.295074 0.020029
5 8 7
2 0.206978 -0.271083 0.0271681 0.0125
9 0.192705 -0.25559 0.0279069 0.0125
4 0.113032 0.000362548 0.0345113 0.0125
1 0.0518257 0.199557 0.0114862 0.0125
8 0.185897 -0.232514 0.033585 0.0125
5 0.141071 -0.100967 0.0400682 0.0125
6 0.155412 -0.137596 0.03824 0.0125
7 0.163568 -0.15763 0.0375663 0.0125
e_1_4 1 4 1 0.0125 0.0824287 0.0999596 0.0229995 0.694169 0.523176 0.413972 -0.270266 0.209655
e_4_5 4 5 2 0.0125 0.127052 -0.0503026 0.0372895 0.671448 0.54431 0.42112 -0.27485 0.105283
e_5_6 5 6 3 0.0125 0.148242 -0.119281 0.0391534 0.636947 0.519458 0.503354 -0.266641 0.03938
e_6_7 6 7 4 0.0125 0.15949 -0.147614 0.0379032 0.643603 0.511907 0.50351 -0.264963 0.02164
e_7_8 7 8 5 0.0125 0.174733 -0.195072 0.0355758 0.631392 0.553837 0.467659 -0.275505 0.078243
e_8_9 8 9 6 0.0125 0.1893 -0.244052 0.0307463 0.555584 0.574428 0.533745 -0.276543 0.024722
e_9_2 9 2 7 0.0125 0.199841 -0.263336 0.0275378 0.659061 0.348061 0.629579 -0.219367 0.021077
6 6 5
2 0.156614 0.339879 0.230025 0.0125
7 0.144121 0.32409 0.223168 0.0125
6 0.129505 0.303307 0.214051 0.0125
5 0.121883 0.266844 0.201642 0.0125
1 0.0771159 -0.0952049 0.0121606 0.0125
4 0.0948464 0.136503 0.146208 0.0125
e_1_4 1 4 1 0.0125 0.085981 0.0206485 0.0791846 0.84997 -0.496812 -0.0578458 -0.165479 0.268274
e_4_5 4 5 2 0.0125 0.108364 0.201673 0.173925 0.810293 -0.554617 -0.0135244 -0.188794 0.144197
e_5_6 5 6 3 0.0125 0.125695 0.285075 0.207847 0.788486 -0.584507 -0.0181483 -0.190554 0.039264
e_6_7 6 7 4 0.0125 0.136813 0.313699 0.218609 0.778032 -0.54981 0.169835 -0.252053 0.026994
e_7_2 7 2 5 0.0125 0.150368 0.331985 0.226597 0.770283 -0.548107 0.195901 -0.260511 0.021271
7 11 10
2 -0.240503 -0.104324 0.0239526 0.0125
12 -0.224045 -0.0926766 0.0238638 0.0125
11 -0.208258 -0.0819167 0.030668 0.0125
10 -0.192125 -0.0713318 0.0372617 0.0125
9 -0.17629 -0.0614224 0.0469493 0.0125
4 -0.00291123 -0.0396518 0.0938498 0.0125
1 0.226479 -0.0453179 0.0924339 0.0125
8 -0.148873 -0.0536976 0.0545506 0.0125
5 -0.0545529 -0.0350975 0.0945846 0.0125
6 -0.0967289 -0.0360567 0.0859379 0.0125
7 -0.124044 -0.0445972 0.0757331 0.0125
e_1_4 1 4 1 0.0125 0.111784 -0.0424849 0.0931419 0.707695 0.0297887 -0.704292 -0.0474621 0.229464
e_4_5 4 5 2 0.0125 -0.0287316 -0.0373751 0.0942172 0.71056 -0.0155798 -0.701905 -0.0468137 0.051848
e_5_6 5 6 3 0.0125 -0.0756404 -0.0355771 0.0902617 0.629879 0.0831542 -0.770372 -0.053521 0.043064
e_6_7 6 7 4 0.0125 -0.110387 -0.0403274 0.0808354 0.573624 0.317188 -0.75321 -0.0549772 0.030385
e_7_8 7 8 5 0.0125 -0.136459 -0.0491478 0.0651413 0.428688 0.425044 -0.794941 -0.0602758 0.033882
e_8_9 8 9 6 0.0125 -0.162582 -0.05756 0.0507495 0.606812 0.281264 -0.74149 -0.0534947 0.029481
e_9_10 9 10 7 0.0125 -0.184207 -0.0663772 0.042106 0.51686 0.523113 -0.675677 -0.0516592 0.021042
e_10_11 10 11 8 0.0125 -0.200192 -0.0766243 0.0339649 0.579637 0.501217 -0.640675 -0.048348 0.020391
e_11_12 11 12 9 0.0125 -0.216152 -0.0872973 0.0272664 0.574409 0.514911 -0.634516 -0.0480615 0.020281
e_12_2 12 2 10 0.0125 -0.232275 -0.098501 0.0239082 0.707518 0.439561 -0.551901 -0.040128 0.020162
