7
1 11 10
2 0.166808 -0.19626 0.0536741 0.0125
12 0.147718 -0.200268 0.0490464 0.0125
11 0.129334 -0.194777 0.0424679 0.0125
10 0.111333 -0.190373 0.0349063 0.0125
9 0.0927723 -0.185933 0.0271002 0.0125
4 -0.185918 0.0416375 0.0118428 0.0125
1 -0.20931 0.0868323 0.020772 0.0125
8 0.0654574 -0.176431 0.0156374 0.0125
5 -0.105805 -0.0285305 0.0143311 0.0125
6 -0.00273244 -0.138815 0.0117323 0.0125
7 0.0380592 -0.164154 0.0189217 0.0125
e_1_4 1 4 1 0.0125 -0.197614 0.0642353 0.0163076 0.630728 0.735722 0.21243 0.125577 0.051667
e_4_5 4 5 2 0.0125 -0.145861 0.00655318 0.0130863 0.707047 0.534808 0.449778 0.108461 0.106526
e_5_6 5 6 3 0.0125 -0.0542693 -0.0836732 0.0130318 0.691439 0.594059 0.394588 0.11535 0.150975
e_6_7 6 7 4 0.0125 0.0176635 -0.151485 0.0153276 0.753566 0.399996 0.515728 0.0785191 0.048556
e_7_8 7 8 5 0.0125 0.0517585 -0.170292 0.0172791 0.656341 0.423334 0.61251 0.121802 0.030202
e_8_9 8 9 6 0.0125 0.0791148 -0.181182 0.0213688 0.827078 0.193453 0.527567 0.0138154 0.03111
e_9_10 9 10 7 0.0125 0.102053 -0.188153 0.0310031 0.830228 0.129338 0.542211 -0.000532649 0.020618
e_10_11 10 11 8 0.0125 0.120333 -0.192574 0.0386869 0.830001 0.132731 0.541738 0.000298908 0.020016
e_11_12 11 12 9 0.0125 0.138527 -0.197522 0.0457574 0.813544 0.178326 0.553208 0.0175331 0.020282
e_12_2 12 2 10 0.0125 0.157262 -0.198264 0.0513601 0.782133 -0.173943 0.59526 -0.0606358 0.020047
2 7 6
2 -0.046005 0.28831 0.0125468 0.0125
4 -0.0314653 0.153675 0.072889 0.0125
1 0.0852031 -0.177345 0.0795973 0.0125
8 -0.0427807 0.263663 0.0244677 0.0125
5 -0.0396838 0.188433 0.0589737 0.0125
6 -0.0396315 0.212093 0.0474169 0.0125
7 -0.0409669 0.241465 0.0318866 0.0125
e_1_4 1 4 1 0.0125 0.0268695 -0.0118355 0.0762431 -0.69678 0.69366 0.168495 -0.0703075 0.351042
e_4_5 4 5 2 0.0125 -0.0355744 0.171053 0.0659313 -0.562546 0.815982 0.125238 -0.0450521 0.038331
e_5_6 5 6 3 0.0125 -0.0396571 0.200263 0.0531956 -0.529663 0.848202 0.00215451 0.00253 0.026332
e_6_7 6 7 4 0.0125 -0.0402991 0.226779 0.0396521 -0.516172 0.85599 0.0284353 -0.00632046 0.033252
e_7_8 7 8 5 0.0125 -0.0418738 0.252564 0.0281772 -0.584575 0.810003 0.0436458 -0.0161853 0.023475
e_8_2 8 2 6 0.0125 -0.0443924 0.275986 0.0185073 -0.532202 0.843175 0.0725287 -0.0235839 0.027568
3 7 6
2 -0.405741 -0.157236 0.219415 0.0125
4 -0.313756 -0.128258 0.133808 0.0125
1 0.017108 -0.0196401 0.0114882 0.0125
8 -0.389828 -0.155544 0.207266 0.0125
5 -0.331457 -0.143411 0.154456 0.0125
6 -0.34832 -0.147567 0.170045 0.0125
7 -0.373891 -0.152283 0.193914 0.0125
e_1_4 1 4 1 0.0125 -0.148325 -0.0739492 0.0726474 0.262655 0.578154 -0.0061016 -0.772472 0.369095
e_4_5 4 5 2 0.0125 -0.322607 -0.135835 0.144132 0.382199 0.394871 0.111627 -0.827973 0.031133
e_5_6 5 6 3 0.0125 -0.339888 -0.145488 0.16225 0.283179 0.40632 -0.0299669 -0.868226 0.023337
e_6_7 6 7 4 0.0125 -0.361105 -0.149925 0.181979 0.271446 0.399517 -0.0476205 -0.87432 0.035296
e_7_8 7 8 5 0.0125 -0.381859 -0.153914 0.200589 0.269988 0.425339 -0.0432896 -0.86274 0.021045
e_8_2 8 2 6 0.0125 -0.397784 -0.15639 0.213341 0.243823 0.438191 -0.075137 -0.861913 0.020093
4 9 8
2 -0.0866303 -0.0734506 0.0705607 0.0125
10 -0.0726182 -0.0659798 0.0837078 0.0125
9 -0.0577438 -0.0576023 0.0986016 0.0125
4 0.0583029 -0.0167634 0.0942283 0.0125
1 0.353137 0.100624 0.0114972 0.0125
8 -0.041873 -0.0477023 0.10804 0.0125
5 0.0254038 -0.0268558 0.102858 0.0125
6 0.00491017 -0.033312 0.10801 0.0125
7 -0.0207358 -0.0356471 0.110083 0.0125
e_1_4 1 4 1 0.0125 0.20572 0.0419305 0.0528626 0.60483 -0.193405 -0.580051 0.510212 0.32795
e_4_5 4 5 2 0.0125 0.0418538 -0.0218096 0.098543 0.60617 -0.237349 -0.567495 0.504155 0.035478
e_5_6 5 6 3 0.0125 0.0151575 -0.0300844 0.105433 0.600057 -0.238747 -0.571323 0.506479 0.022096
e_6_7 6 7 4 0.0125 -0.0079128 -0.03448 0.109046 0.5461 -0.406277 -0.542972 0.491829 0.025835
e_7_8 7 8 5 0.0125 -0.0313043 -0.0416748 0.109062 0.383126 -0.320717 -0.662552 0.558014 0.024419
e_8_9 8 9 6 0.0125 -0.0498085 -0.0526527 0.10332 0.122622 -0.597071 -0.607245 0.50963 0.020952
e_9_10 9 10 7 0.0125 -0.0651814 -0.0617907 0.0911554 0.0155682 -0.775812 -0.476249 0.413594 0.022654
e_10_2 10 2 8 0.0125 -0.0796243 -0.0697147 0.0771344 0.0345695 -0.761279 -0.489202 0.424193 0.020616
5 11 10
2 0.076026 0.220335 0.0325808 0.0125
12 0.0647309 0.210672 0.0191898 0.0125
11 0.0491934 0.200504 0.0117481 0.0125
10 0.0315797 0.191028 0.011683 0.0125
9 0.0141244 0.18117 0.0121408 0.0125
4 -0.152787 0.161222 0.0650014 0.0125
1 -0.388501 0.208312 0.049701 0.0125
8 -0.00147345 0.173991 0.0223962 0.0125
5 -0.0616356 0.171245 0.0464709 0.0125
6 -0.0399391 0.175172 0.0375367 0.0125
7 -0.0196965 0.176201 0.0320211 0.0125
e_1_4 1 4 1 0.0125 -0.270644 0.184767 0.0573518 0.257063 0.675199 0.111099 0.682409 0.240859
e_4_5 4 5 2 0.0125 -0.107211 0.166234 0.0557366 0.165932 -0.76462 0.119962 -0.61109 0.093554
e_5_6 5 6 3 0.0125 -0.0507874 0.173208 0.0420039 0.0560224 -0.826758 -0.0651552 -0.555956 0.02379
e_6_7 6 7 4 0.0125 -0.0298177 0.175687 0.0347788 -0.00753826 -0.792953 -0.0501952 -0.607164 0.021006
e_7_8 7 8 5 0.0125 -0.0105849 0.175096 0.0272085 -0.31899 -0.732415 -0.442422 -0.407523 0.020727
e_8_9 8 9 6 0.0125 0.00632508 0.177581 0.0172689 0.164013 -0.865979 -0.0804699 -0.465516 0.02
e_9_10 9 10 7 0.0125 0.022852 0.186099 0.0119114 0.60992 -0.611022 0.371574 -0.341442 0.020052
e_10_11 10 11 8 0.0125 0.0403865 0.195766 0.0117156 0.626584 -0.58573 0.394062 -0.330194 0.020001
e_11_12 11 12 9 0.0125 0.0569626 0.205588 0.0154685 0.828165 -0.300088 0.473233 0.0118468 0.020004
e_12_2 12 2 10 0.0125 0.0703783 0.215503 0.0258849 0.868415 -0.155307 0.375783 0.283765 0.020006
6 8 7
2 -0.262174 0.232984 0.0125009 0.0125
9 -0.256554 0.216289 0.0230383 0.0125
4 -0.131515 0.0823484 0.0436732 0.0125
1 0.0724708 -0.118482 0.0548182 0.0125
8 -0.252239 0.196034 0.0273317 0.0125
5 -0.152068 0.0912777 0.0400686 0.0125
6 -0.177 0.10427 0.0378391 0.0125
7 -0.222574 0.156441 0.0418558 0.0125
e_1_4 1 4 1 0.0125 -0.0295225 -0.0180664 0.0492451 -0.0738168 -0.456829 0.557458 0.689275 0.286474
e_4_5 4 5 2 0.0125 -0.141792 0.0868131 0.0418705 -0.269402 -0.509065 0.565915 0.589928 0.022697
e_5_6 5 6 3 0.0125 -0.164533 0.0977731 0.0389534 -0.253367 -0.477536 0.558107 0.629509 0.028201
e_6_7 6 7 4 0.0125 -0.199787 0.130356 0.0398477 -0.0447407 -0.418881 0.543687 0.725907 0.069391
e_7_8 7 8 5 0.0125 -0.237407 0.176238 0.0345936 0.0693731 -0.550929 0.580797 0.595264 0.051561
e_8_9 8 9 6 0.0125 -0.254396 0.206162 0.0251852 0.347054 -0.552026 0.544762 0.527309 0.021149
e_9_2 9 2 7 0.0125 -0.259364 0.224636 0.0177704 0.243883 -0.648828 0.579383 0.428786 0.020527
7 6 5
2 0.0437416 0.0856087 0.136007 0.0125
7 0.0212756 0.0655001 0.111348 0.0125
6 -0.00311829 0.0465429 0.0975884 0.0125
5 -0.0490418 0.0109412 0.0782593 0.0125
1 -0.383113 -0.122122 0.0123965 0.0125
4 -0.235034 -0.0613408 0.0330853 0.0125
e_1_4 1 4 1 0.0125 -0.309073 -0.0917306 0.0227406 -0.0224339 -0.603021 -0.268834 -0.750726 0.161399
e_4_5 4 5 2 0.0125 -0.142038 -0.0251998 0.055673 -0.203707 -0.502714 -0.369971 -0.754257 0.204594
e_5_6 5 6 3 0.0125 -0.0260792 0.0287419 0.087924 -0.596128 -0.0500532 -0.582815 -0.549957 0.061238
e_6_7 6 7 4 0.0125 0.00907867 0.0560221 0.104469 -0.741048 0.093886 -0.536429 -0.392781 0.033819
e_7_2 7 2 5 0.0125 0.0325084 0.0755546 0.123677 -0.894816 0.238428 -0.355833 -0.125857 0.03895
