7
1 6 5
2 0.0954379 0.276154 0.0477888 0.0125
7 0.0905186 0.261199 0.0330965 0.0125
6 0.0885725 0.240887 0.019974 0.0125
5 0.0748974 0.209111 0.0146877 0.0125
1 0.0801463 -0.209373 0.028054 0.0125
4 0.0729838 0.188103 0.0115458 0.0125
e_1_4 1 4 1 0.0125 0.0765653 -0.010635 0.0198003 0.378874 -0.405751 0.59675 0.579405 0.397883
e_4_5 4 5 2 0.0125 0.0739405 0.198608 0.0131171 0.476532 -0.363095 0.542699 0.588691 0.021328
e_5_6 5 6 3 0.0125 0.0817345 0.224999 0.0173308 0.590962 -0.304677 0.575878 0.47571 0.034995
e_6_7 6 7 4 0.0125 0.0895453 0.251042 0.0265349 0.593991 -0.289104 0.38206 0.646238 0.024259
e_7_2 7 2 5 0.0125 0.0929785 0.268676 0.0404423 0.710597 -0.214626 0.33586 0.579816 0.021534
2 6 5
2 -0.108664 0.288503 0.0557294 0.0125
7 -0.0973221 0.251784 0.0393371 0.0125
6 -0.0742266 0.197207 0.0122115 0.0125
5 0.0134683 0.089614 0.0118173 0.0125
1 0.059951 -0.157051 0.0114961 0.0125
4 0.0454683 0.0195475 0.0131559 0.0125
e_1_4 1 4 1 0.0125 0.0527092 -0.0687513 0.0123264 0.5193 -0.551992 0.436602 0.484779 0.177199
e_4_5 4 5 2 0.0125 0.0294676 0.0545804 0.012487 0.419705 -0.625773 0.342192 0.561391 0.077039
e_5_6 5 6 3 0.0125 -0.0303786 0.14341 0.012014 0.350022 -0.658344 0.255273 0.615552 0.138805
e_6_7 6 7 4 0.0125 -0.0857745 0.224495 0.0257748 0.559617 -0.488139 0.231565 0.628432 0.065176
e_7_2 7 2 5 0.0125 -0.102993 0.270144 0.0475332 0.576492 -0.48149 0.268326 0.60318 0.04178
3 11 10
2 0.20783 0.240252 0.0354981 0.0125
12 0.198439 0.223042 0.0296078 0.0125
11 0.194475 0.203588 0.0263373 0.0125
10 0.185687 0.174475 0.0221235 0.0125
9 0.178773 0.155182 0.0196271 0.0125
4 0.12978 0.0367538 0.021492 0.0125
1 0.0955741 -0.234003 0.0114949 0.0125
8 0.176388 0.134342 0.0157739 0.0125
5 0.143533 0.0610041 0.0239585 0.0125
6 0.161639 0.0839413 0.0116633 0.0125
7 0.173385 0.104709 0.0114935 0.0125
e_1_4 1 4 1 0.0125 0.112677 -0.0986239 0.0164929 0.612495 -0.540096 0.435882 0.378355 0.273092
e_4_5 4 5 2 0.0125 0.136656 0.048879 0.0227253 0.681708 -0.415614 0.532154 0.281694 0.027987
e_5_6 5 6 3 0.0125 0.152586 0.0724731 0.0178104 0.514973 -0.419969 0.719403 0.202209 0.031704
e_6_7 6 7 4 0.0125 0.167512 0.0943254 0.0115783 0.647904 -0.430677 0.56397 0.276905 0.02386
e_7_8 7 8 5 0.0125 0.174887 0.119526 0.0136344 0.648826 -0.525536 0.390758 0.387484 0.030092
e_8_9 8 9 6 0.0125 0.17758 0.144762 0.0177005 0.664884 -0.513804 0.381676 0.385042 0.021326
e_9_10 9 10 7 0.0125 0.18223 0.164828 0.0208747 0.673095 -0.46321 0.474305 0.327742 0.020647
e_10_11 10 11 8 0.0125 0.190081 0.189031 0.0242305 0.672528 -0.474937 0.453663 0.341074 0.030701
e_11_12 11 12 9 0.0125 0.196458 0.213315 0.0279728 0.669775 -0.495294 0.416442 0.364227 0.020121
e_12_2 12 2 10 0.0125 0.203135 0.231647 0.0325529 0.747184 -0.383606 0.457147 0.292539 0.020472
4 6 5
2 0.334932 0.179116 0.0183449 0.0125
7 0.319145 0.171163 0.0277168 0.0125
6 0.270207 0.132195 0.0300774 0.0125
5 0.207001 0.0328555 0.0417125 0.0125
1 0.0472086 -0.218161 0.0550902 0.0125
4 0.0632169 -0.17535 0.0512834 0.0125
e_1_4 1 4 1 0.0125 0.0552127 -0.196756 0.0531875 0.670468 -0.718534 0.158773 -0.0947259 0.045865
e_4_5 4 5 2 0.0125 0.135109 -0.0712473 0.0464975 0.680691 -0.660345 0.287827 -0.133268 0.253209
e_5_6 5 6 3 0.0125 0.238604 0.0825257 0.0358954 0.659414 -0.688988 0.272878 -0.126512 0.118317
e_6_7 6 7 4 0.0125 0.294676 0.151679 0.0288971 0.671264 -0.576206 0.43225 -0.174789 0.062602
e_7_2 7 2 5 0.0125 0.327038 0.17514 0.0230309 0.478053 -0.643975 0.565252 -0.193006 0.020007
5 11 10
2 -0.00333141 -0.272542 0.0795346 0.0125
12 0.0148813 -0.263123 0.0817619 0.0125
11 0.0332459 -0.250398 0.0771647 0.0125
10 0.0517923 -0.239162 0.0709987 0.0125
9 0.108315 -0.210794 0.0388555 0.0125
4 0.187409 0.0677143 0.0222174 0.0125
1 0.181628 0.113512 0.0372079 0.0125
8 0.131727 -0.19703 0.0248137 0.0125
5 0.191802 -0.0281135 0.0163485 0.0125
6 0.19378 -0.0823549 0.0123766 0.0125
7 0.14599 -0.176655 0.0125669 0.0125
e_1_4 1 4 1 0.0125 0.184518 0.0906127 0.0297134 0.580845 0.80863 -0.0234374 0.090486 0.048534
e_4_5 4 5 2 0.0125 0.189606 0.0198003 0.0192831 0.68206 0.727483 -0.0361043 0.065267 0.096108
e_5_6 5 6 3 0.0125 0.192791 -0.0552343 0.0143626 0.677869 0.731276 -0.0414829 0.0633059 0.054423
e_6_7 6 7 4 0.0125 0.169885 -0.129505 0.0124725 0.704793 0.656666 -0.260559 -0.0645433 0.105718
e_7_8 7 8 5 0.0125 0.138859 -0.186842 0.01869 0.843332 0.464974 -0.25088 -0.0982384 0.027723
e_8_9 8 9 6 0.0125 0.120021 -0.203912 0.0318343 0.834174 0.353815 -0.381006 -0.183858 0.030574
e_9_10 9 10 7 0.0125 0.0800535 -0.224978 0.0549264 0.829362 0.336109 -0.400607 -0.196735 0.070942
e_10_11 10 11 8 0.0125 0.0425191 -0.24478 0.0740813 0.774579 0.427029 -0.425306 -0.191802 0.022545
e_11_12 11 12 9 0.0125 0.0240635 -0.256761 0.0794632 0.753633 0.471271 -0.420874 -0.181126 0.02281
e_12_2 12 2 10 0.0125 0.0057754 -0.267832 0.0806488 0.632585 0.535816 -0.51662 -0.214106 0.020624
6 8 7
2 0.289936 0.166392 0.104616 0.0125
9 0.270781 0.160195 0.105212 0.0125
4 0.0485244 -0.214712 0.100424 0.0125
1 0.0298409 -0.247735 0.101533 0.0125
8 0.255087 0.149215 0.0987159 0.0125
5 0.153675 -0.0191868 0.087695 0.0125
6 0.216689 0.0977803 0.0839955 0.0125
7 0.241824 0.134333 0.0905189 0.0125
e_1_4 1 4 1 0.0125 0.0391833 -0.231223 0.100978 -0.0148974 0.366519 0.616665 0.696539 0.037959
e_4_5 4 5 2 0.0125 0.1011 -0.116949 0.0940588 -0.0662969 0.404585 0.604097 0.683361 0.222371
e_5_6 5 6 3 0.0125 0.185182 0.0392974 0.0858448 -0.0626054 0.395306 0.598042 0.694378 0.132913
e_6_7 6 7 4 0.0125 0.229256 0.116057 0.0872569 0.381991 0.0478675 0.651885 0.653328 0.044838
e_7_8 7 8 5 0.0125 0.248455 0.141775 0.0946179 0.805305 -0.493791 0.256943 -0.204044 0.021553
e_8_9 8 9 6 0.0125 0.262933 0.154704 0.101964 0.808986 -0.378437 0.442931 -0.0783495 0.020225
e_9_2 9 2 7 0.0125 0.280358 0.163293 0.104914 0.686494 -0.102006 0.710204 0.118029 0.020142
7 8 7
2 0.166666 0.124493 0.0676325 0.0125
9 0.171121 0.105041 0.0645886 0.0125
4 0.361926 -0.256012 0.195758 0.0125
1 0.387741 -0.287901 0.203702 0.0125
8 0.174285 0.0839831 0.0645627 0.0125
5 0.22282 -0.0408501 0.0868641 0.0125
6 0.189439 0.0405268 0.0610825 0.0125
7 0.178315 0.063508 0.0611486 0.0125
e_1_4 1 4 1 0.0125 0.374833 -0.271956 0.19973 -0.586818 0.365107 0.679513 0.246177 0.04179
e_4_5 4 5 2 0.0125 0.292373 -0.148431 0.141311 -0.427015 0.255304 0.793975 0.349402 0.278394
e_5_6 5 6 3 0.0125 0.206129 -0.000162138 0.0739729 -0.340284 0.170273 0.782078 0.493526 0.091658
e_6_7 6 7 4 0.0125 0.183877 0.0520174 0.0611155 -0.543633 0.290953 0.643471 0.453601 0.025532
e_7_8 7 8 5 0.0125 0.1763 0.0737458 0.0628553 -0.0802992 -0.0574238 0.644961 0.757813 0.021145
e_8_9 8 9 6 0.0125 0.172704 0.0945121 0.0645758 -0.0385444 -0.0667661 0.703507 0.706494 0.021294
e_9_2 9 2 7 0.0125 0.168893 0.114767 0.066111 -0.176327 0.00613829 0.651594 0.737764 0.020187
