7
1 6 5
2 0.040826 -0.0814165 0.0614589 0.0125
7 0.0160016 -0.0550058 0.0479541 0.0125
6 -0.0463 -0.0275543 0.041116 0.0125
5 -0.205795 0.0468247 0.0623106 0.0125
1 -0.380921 0.0405207 0.184033 0.0125
4 -0.244996 0.048831 0.0752019 0.0125
e_1_4 1 4 1 0.0125 -0.312958 0.0446755 0.129617 -0.310234 0.667509 -0.605462 0.302659 0.174324
e_4_5 4 5 2 0.0125 -0.225396 0.0478273 0.0687559 -0.482839 0.425103 -0.689421 0.332946 0.041315
e_5_6 5 6 3 0.0125 -0.126047 0.00963494 0.0517133 -0.16644 0.577075 -0.476202 0.642272 0.177257
e_6_7 6 7 4 0.0125 -0.015149 -0.0412796 0.044535 -0.707499 -0.442077 -0.504571 -0.222306 0.068424
e_7_2 7 2 5 0.0125 0.0284141 -0.0682107 0.0547064 0.401349 -0.137758 0.553584 -0.716579 0.03868
2 10 9
2 0.0160959 -0.107364 0.0123758 0.0125
11 0.00928568 -0.0889643 0.0162817 0.0125
10 0.00285505 -0.0700537 0.0174367 0.0125
9 -0.00174205 -0.0506282 0.0186735 0.0125
4 -0.317426 0.204859 0.0114959 0.0125
1 -0.337908 0.22176 0.0127996 0.0125
8 -0.00783326 -0.031872 0.0221844 0.0125
5 -0.0474941 0.0113327 0.0127371 0.0125
6 -0.0334908 -0.00395838 0.0114994 0.0125
7 -0.017173 -0.0148886 0.0169028 0.0125
e_1_4 1 4 1 0.0125 -0.327667 0.21331 0.0121483 0.594047 0.680742 0.247191 0.350136 0.026587
e_4_5 4 5 2 0.0125 -0.18246 0.108096 0.0121169 0.631807 0.626223 0.32554 0.320451 0.33214
e_5_6 5 6 3 0.0125 -0.0404924 0.00368765 0.0121184 0.584174 0.714734 0.137663 0.359088 0.020772
e_6_7 6 7 4 0.0125 -0.0253319 -0.0094235 0.0142011 0.76893 0.454876 0.400578 0.203401 0.02037
e_7_8 7 8 5 0.0125 -0.0125031 -0.0233803 0.0195436 0.751842 0.598003 0.104549 0.257285 0.020089
e_8_9 8 9 6 0.0125 -0.00478793 -0.0412504 0.0204284 0.542839 0.742846 -0.189317 0.343022 0.020031
e_9_10 9 10 7 0.0125 0.000556944 -0.0603409 0.0180549 0.609362 0.707446 -0.174424 0.312688 0.02
e_10_11 10 11 8 0.0125 0.00606992 -0.079509 0.0168594 0.604087 0.717106 -0.120881 0.325923 0.020007
e_11_2 11 2 9 0.0125 0.0126908 -0.0981639 0.0143288 0.527542 0.751972 -0.17938 0.352223 0.020004
3 11 10
2 -0.167165 -0.188028 0.0121768 0.0125
12 -0.156095 -0.171507 0.0143329 0.0125
11 -0.145817 -0.156222 0.0221273 0.0125
10 -0.139133 -0.137394 0.0233801 0.0125
9 -0.126525 -0.12188 0.0213969 0.0125
4 -0.168219 0.0167896 0.0327525 0.0125
1 -0.184164 0.278473 0.0432962 0.0125
8 -0.118539 -0.103556 0.0205346 0.0125
5 -0.143508 -0.0330329 0.0157591 0.0125
6 -0.121592 -0.0645941 0.0123926 0.0125
7 -0.117051 -0.0845347 0.0136343 0.0125
e_1_4 1 4 1 0.0125 -0.176191 0.147632 0.0380241 0.428822 0.480037 -0.538198 0.544077 0.262381
e_4_5 4 5 2 0.0125 -0.155864 -0.00812094 0.024256 0.186636 0.565043 -0.571699 0.564848 0.058152
e_5_6 5 6 3 0.0125 -0.13255 -0.0488133 0.0140765 0.190114 0.573986 -0.462787 0.648247 0.038572
e_6_7 6 7 4 0.0125 -0.119321 -0.0745648 0.0130134 0.404937 0.498044 -0.470799 0.605249 0.020489
e_7_8 7 8 5 0.0125 -0.117795 -0.0940456 0.0170849 0.605236 0.39327 -0.418689 0.551115 0.020288
e_8_9 8 9 6 0.0125 -0.122532 -0.112718 0.0209652 0.597098 0.368808 -0.585173 0.406235 0.020008
e_9_10 9 10 7 0.0125 -0.132829 -0.129638 0.0223878 0.672833 0.295354 -0.602842 0.310876 0.020089
e_10_11 10 11 8 0.0125 -0.142475 -0.146808 0.0227537 0.544165 0.397995 -0.610644 0.415449 0.020018
e_11_12 11 12 9 0.0125 -0.150955 -0.163865 0.0182301 0.481104 0.373844 -0.745036 0.271481 0.020001
e_12_2 12 2 10 0.0125 -0.16163 -0.179767 0.0132544 0.586595 0.344906 -0.659504 0.319376 0.020003
4 6 5
2 -0.041639 0.1941 0.0780076 0.0125
7 -0.0431092 0.169018 0.0773339 0.0125
6 -0.0562625 0.0404123 0.078278 0.0125
5 -0.116774 -0.177013 0.0455715 0.0125
1 -0.118704 -0.286961 0.012603 0.0125
4 -0.126026 -0.23305 0.0386653 0.0125
e_1_4 1 4 1 0.0125 -0.122365 -0.260005 0.0256337 -0.731528 0.420465 0.327413 0.425296 0.060326
e_4_5 4 5 2 0.0125 -0.1214 -0.205031 0.0421184 -0.590324 0.582323 0.317085 0.460299 0.057214
e_5_6 5 6 3 0.0125 -0.0865178 -0.0683008 0.0619251 -0.578971 0.595624 0.27115 0.486315 0.228046
e_6_7 6 7 4 0.0125 -0.0496854 0.104715 0.0778058 -0.558504 0.603695 0.373102 0.429442 0.12928
e_7_2 7 2 5 0.0125 -0.0423738 0.181559 0.0776701 -0.577437 0.585356 0.379418 0.424224 0.025134
5 7 6
2 0.0373927 0.236313 0.0283281 0.0125
4 0.0977064 0.0154093 0.0167574 0.0125
1 0.120012 -0.239963 0.0122814 0.0125
8 0.0571437 0.22435 0.0156813 0.0125
5 0.0834969 0.162915 0.0188627 0.0125
6 0.0775235 0.189048 0.0150228 0.0125
7 0.0702934 0.209072 0.0119705 0.0125
e_1_4 1 4 1 0.0125 0.108859 -0.112277 0.0145191 -0.224075 0.277263 -0.643737 -0.67714 0.256384
e_4_5 4 5 2 0.0125 0.0906014 0.0891629 0.0178102 -0.215914 0.276036 -0.645524 -0.67859 0.148205
e_5_6 5 6 3 0.0125 0.0805104 0.175982 0.0169433 -0.0589852 0.234024 -0.718432 -0.652387 0.027079
e_6_7 6 7 4 0.0125 0.0739085 0.19906 0.0134967 0.0389431 0.213892 -0.724709 -0.653859 0.021508
e_7_8 7 8 5 0.0125 0.0637186 0.216711 0.0138259 0.334665 0.164545 -0.618388 -0.691752 0.020497
e_8_2 8 2 6 0.0125 0.0472684 0.230332 0.0220052 0.745471 -0.0111751 -0.509606 -0.429477 0.026328
6 10 9
2 0.0325477 0.158651 0.0980821 0.0125
11 0.043323 0.145934 0.086862 0.0125
10 0.0534705 0.131714 0.0770489 0.0125
9 0.0632084 0.115101 0.0680745 0.0125
4 0.0648676 -0.117613 0.0364278 0.0125
1 0.0131758 -0.288359 0.0922001 0.0125
8 0.0650678 0.0950827 0.0586921 0.0125
5 0.0800969 -0.0551586 0.0116863 0.0125
6 0.0758106 -0.0149688 0.0114959 0.0125
7 0.0729797 0.0144751 0.0240937 0.0125
e_1_4 1 4 1 0.0125 0.0390213 -0.202986 0.0643145 0.421805 -0.385293 0.707631 0.415799 0.186913
e_4_5 4 5 2 0.0125 0.0724821 -0.0863862 0.0240567 0.369561 -0.374975 0.734159 0.428753 0.068882
e_5_6 5 6 3 0.0125 0.0779531 -0.0350633 0.011591 0.688679 -0.704313 0.0793456 0.152867 0.040419
e_6_7 6 7 4 0.0125 0.0743946 -0.000246486 0.0177947 0.830423 -0.551434 -0.000231541 0.0794872 0.03215
e_7_8 7 8 5 0.0125 0.0690239 0.0547785 0.0413932 0.830814 -0.550982 -0.00200292 0.0784994 0.088075
e_8_9 8 9 6 0.0125 0.0641377 0.105091 0.0633833 0.840052 -0.537163 -0.00130923 0.0759361 0.022186
e_9_10 9 10 7 0.0125 0.058339 0.123407 0.0725619 0.836037 -0.423929 -0.330266 -0.11068 0.021245
e_10_11 10 11 8 0.0125 0.0483967 0.138824 0.0819555 0.85238 -0.360056 -0.354236 -0.135371 0.020037
e_11_2 11 2 9 0.0125 0.0379352 0.152293 0.0924718 0.869868 -0.301636 -0.36031 -0.150074 0.020093
7 10 9
2 -0.0869688 -0.245442 0.0605369 0.0125
11 -0.0797527 -0.22147 0.0549868 0.0125
10 -0.0718481 -0.202518 0.0570248 0.0125
9 -0.06147 -0.176334 0.059832 0.0125
4 -0.0389613 0.0754224 0.0398544 0.0125
1 -0.0560749 0.2379 0.0123607 0.0125
8 -0.0516377 -0.153911 0.0614726 0.0125
5 -0.0449971 0.0572075 0.0500296 0.0125
6 -0.0462665 -0.0461346 0.0695224 0.0125
7 -0.0477605 -0.0899069 0.0684615 0.0125
e_1_4 1 4 1 0.0125 -0.0475188 0.156662 0.026108 0.669175 0.595432 -0.24997 0.367669 0.165674
e_4_5 4 5 2 0.0125 -0.0419795 0.0663146 0.0449422 0.7139 0.318023 -0.405743 0.4739 0.021719
e_5_6 5 6 3 0.0125 -0.0456321 0.00553638 0.0597754 0.659574 0.542718 -0.33584 0.397029 0.105173
e_6_7 6 7 4 0.0125 -0.0470135 -0.0680208 0.068992 0.587493 0.588337 -0.407379 0.377827 0.04381
e_7_8 7 8 5 0.0125 -0.0496987 -0.121909 0.0649673 0.552478 0.589567 -0.454523 0.37495 0.064501
e_8_9 8 9 6 0.0125 -0.0565537 -0.165123 0.0606523 0.510241 0.30463 -0.663797 0.454124 0.024539
e_9_10 9 10 7 0.0125 -0.0666593 -0.189426 0.0584286 0.501705 0.333777 -0.661947 0.445769 0.028306
e_10_11 10 11 8 0.0125 -0.0758001 -0.211994 0.0560052 0.499223 0.31802 -0.669527 0.448746 0.020635
e_11_2 11 2 9 0.0125 -0.083361 -0.233457 0.0577617 0.6337 0.381836 -0.495955 0.454592 0.025643
