7
1 10 9
2 -0.0454855 -0.308478 0.228525 0.0125
11 -0.0399213 -0.295819 0.214075 0.0125
10 -0.03003 -0.28585 0.199835 0.0125
9 -0.0229802 -0.276321 0.183723 0.0125
4 -0.0609477 -0.122923 0.0983689 0.0125
1 -0.0969047 0.113647 0.011495 0.0125
8 -0.0188079 -0.264093 0.168454 0.0125
5 -0.0556964 -0.159033 0.112248 0.0125
6 -0.0245311 -0.232106 0.14347 0.0125
7 -0.0223426 -0.248262 0.156745 0.0125
e_1_4 1 4 1 0.0125 -0.0789269 -0.00463794 0.0549321 0.309258 0.134417 0.557945 -0.758281 0.254569
e_4_5 4 5 2 0.0125 -0.0583219 -0.140977 0.105309 0.309821 0.135713 0.551208 -0.762733 0.03904
e_5_6 5 6 3 0.0125 -0.0401139 -0.19557 0.127858 0.38393 0.0450328 0.56132 -0.731772 0.085358
e_6_7 6 7 4 0.0125 -0.0234368 -0.240184 0.150108 0.355897 0.114655 0.413716 -0.830079 0.021024
e_7_8 7 8 5 0.0125 -0.020575 -0.256178 0.162599 0.368631 0.0937009 0.445607 -0.810411 0.020006
e_8_9 8 9 6 0.0125 -0.0208949 -0.270207 0.176089 0.288815 0.20583 0.27556 -0.893469 0.020001
e_9_10 9 10 7 0.0125 -0.0265051 -0.281085 0.191779 0.254536 0.245845 0.191873 -0.9154 0.020003
e_10_11 10 11 8 0.0125 -0.0349754 -0.290835 0.206955 0.182878 0.315246 0.211222 -0.906952 0.02
e_11_2 11 2 9 0.0125 -0.0427035 -0.302149 0.2213 0.256603 0.238342 0.286277 -0.891848 0.02
2 8 7
2 0.0715292 0.00257073 0.105883 0.0125
9 0.0522319 0.0077297 0.107816 0.0125
4 -0.266615 -0.164129 0.0400465 0.0125
1 -0.345363 -0.230359 0.0124923 0.0125
8 0.0323164 0.00281234 0.106983 0.0125
5 -0.1903 -0.114348 0.0630257 0.0125
6 -0.044285 -0.0179395 0.102406 0.0125
7 0.00611837 -0.00267157 0.105462 0.0125
e_1_4 1 4 1 0.0125 -0.305988 -0.197244 0.0262691 0.386287 -0.597786 -0.115392 -0.692906 0.106522
e_4_5 4 5 2 0.0125 -0.228457 -0.139239 0.0515364 0.146721 -0.568234 -0.234184 -0.775075 0.093969
e_5_6 5 6 3 0.0125 -0.117293 -0.0661435 0.0827155 0.141669 -0.575082 -0.243907 -0.767932 0.179348
e_6_7 6 7 4 0.0125 -0.0190836 -0.0103058 0.103935 -0.374434 -0.46068 -0.508744 -0.6235 0.052754
e_7_8 7 8 5 0.0125 0.0192174 7.03822e-05 0.106222 -0.480936 -0.410922 -0.550233 -0.545058 0.026809
e_8_9 8 9 6 0.0125 0.0422742 0.00527102 0.107399 -0.432197 -0.438869 -0.535841 -0.577473 0.020531
e_9_2 9 2 7 0.0125 0.0618806 0.00514979 0.10685 -0.658874 -0.32911 -0.663205 -0.133156 0.020068
3 9 8
2 -0.0418983 0.290316 0.206197 0.0125
10 -0.0435343 0.272463 0.194182 0.0125
9 -0.0384861 0.259362 0.179224 0.0125
4 0.0791729 0.0718858 0.0811864 0.0125
1 0.14833 -0.11691 0.0114961 0.0125
8 -0.0298226 0.239685 0.171533 0.0125
5 0.0276188 0.150856 0.142404 0.0125
6 0.011647 0.174161 0.152137 0.0125
7 -0.0165324 0.219904 0.16604 0.0125
e_1_4 1 4 1 0.0125 0.113751 -0.022512 0.0463407 0.686422 -0.35133 -0.461325 -0.438828 0.212799
e_4_5 4 5 2 0.0125 0.0533963 0.111372 0.111795 0.790459 -0.245478 -0.409271 -0.383944 0.112435
e_5_6 5 6 3 0.0125 0.0196329 0.162508 0.147271 0.706625 -0.252653 -0.522795 -0.404391 0.029882
e_6_7 6 7 4 0.0125 -0.00244229 0.197032 0.159088 0.671962 -0.273665 -0.547583 -0.416806 0.055496
e_7_8 7 8 5 0.0125 -0.0231775 0.229794 0.168786 0.665443 -0.256818 -0.567218 -0.411697 0.024456
e_8_9 8 9 6 0.0125 -0.0341547 0.249524 0.175378 0.695318 -0.326172 -0.474569 -0.430033 0.022834
e_9_10 9 10 7 0.0125 -0.0410106 0.265913 0.186703 0.855674 -0.26424 -0.256131 -0.363862 0.020515
e_10_2 10 2 8 0.0125 -0.042716 0.281389 0.20019 0.773755 -0.431796 -0.187567 -0.42388 0.021582
4 11 10
2 -0.017873 -0.0279522 0.205321 0.0125
12 -0.0289688 -0.0222205 0.18948 0.0125
11 -0.0429918 -0.0136882 0.177987 0.0125
10 -0.0540742 -0.00430701 0.164111 0.0125
9 -0.0626139 -0.00170651 0.144536 0.0125
4 -0.135806 0.0192226 0.0529669 0.0125
1 -0.388485 0.144773 0.0114989 0.0125
8 -0.0697912 -0.00399583 0.120729 0.0125
5 -0.111494 0.00691845 0.0622762 0.0125
6 -0.0832171 -0.00472068 0.0807179 0.0125
7 -0.0734638 -0.00847598 0.0991237 0.0125
e_1_4 1 4 1 0.0125 -0.262145 0.0819982 0.0322327 0.753062 0.231544 0.611296 -0.0748443 0.285182
e_4_5 4 5 2 0.0125 -0.123651 0.0130711 0.0576212 0.811292 0.224504 0.536613 -0.0587352 0.028795
e_5_6 5 6 3 0.0125 -0.0973559 0.00109836 0.0714969 0.867117 0.144837 0.469893 -0.079564 0.035709
e_6_7 6 7 4 0.0125 -0.0783409 -0.00659886 0.0899206 0.965552 0.0792992 0.242737 -0.0500075 0.021166
e_7_8 7 8 5 0.0125 -0.0716274 -0.00623547 0.109926 0.987041 -0.108351 0.0729425 -0.0932149 0.022368
e_8_9 8 9 6 0.0125 -0.0662017 -0.00285087 0.132632 0.984318 -0.05921 0.14069 -0.0884242 0.024971
e_9_10 9 10 7 0.0125 -0.0583437 -0.00300668 0.154324 0.975724 0.0505736 0.206172 -0.0538365 0.021515
e_10_11 10 11 8 0.0125 -0.0485336 -0.00899705 0.171049 0.919156 0.261872 0.293223 0.024416 0.020084
e_11_12 11 12 9 0.0125 -0.0359805 -0.017954 0.183733 0.886793 0.231561 0.399525 -0.0189167 0.020038
e_12_2 12 2 10 0.0125 -0.0234211 -0.025086 0.1974 0.944133 0.139241 0.296555 -0.0357787 0.020172
5 10 9
2 0.387596 -0.248076 0.0211929 0.0125
11 0.369478 -0.255045 0.0162812 0.0125
10 0.352474 -0.265536 0.0177322 0.0125
9 0.334962 -0.276218 0.0181619 0.0125
4 0.0882916 -0.133366 0.040546 0.0125
1 -0.0130161 -0.0414128 0.0493477 0.0125
8 0.315464 -0.279458 0.0150864 0.0125
5 0.225663 -0.260508 0.0163246 0.0125
6 0.271408 -0.277345 0.0142997 0.0125
7 0.295289 -0.281906 0.0128787 0.0125
e_1_4 1 4 1 0.0125 0.037638 -0.0873901 0.0449469 0.115467 -0.449625 0.5744 -0.674217 0.1371
e_4_5 4 5 2 0.0125 0.156978 -0.196937 0.0284357 0.104884 -0.463184 0.591293 -0.651792 0.188739
e_5_6 5 6 3 0.0125 0.248535 -0.268926 0.0153127 0.267793 -0.528084 0.491812 -0.638385 0.048786
e_6_7 6 7 4 0.0125 0.283348 -0.279625 0.0135887 0.325878 -0.563993 0.45945 -0.603839 0.024355
e_7_8 7 8 5 0.0125 0.305377 -0.280683 0.013982 0.453151 -0.574892 0.339844 -0.590474 0.020443
e_8_9 8 9 6 0.0125 0.325214 -0.277839 0.0166242 0.472506 -0.568733 0.315711 -0.594649 0.020003
e_9_10 9 10 7 0.0125 0.343718 -0.270878 0.0179467 0.560594 -0.663089 0.266048 -0.418648 0.020517
e_10_11 10 11 8 0.0125 0.360976 -0.260291 0.0170069 0.552489 -0.676294 0.280777 -0.398179 0.020032
e_11_2 11 2 9 0.0125 0.378537 -0.25156 0.0187371 0.54403 -0.567341 0.235529 -0.571561 0.020024
6 7 6
2 -0.388503 -0.157393 0.0114932 0.0125
4 -0.344511 -0.0297989 0.0124482 0.0125
1 -0.203078 0.288501 0.117072 0.0125
8 -0.380004 -0.13983 0.016007 0.0125
5 -0.363956 -0.0795205 0.0178954 0.0125
6 -0.371559 -0.100791 0.0172292 0.0125
7 -0.375247 -0.120407 0.0155899 0.0125
e_1_4 1 4 1 0.0125 -0.273795 0.129351 0.0647602 -0.593551 -0.69538 0.400359 -0.0621055 0.363682
e_4_5 4 5 2 0.0125 -0.354233 -0.0546593 0.0151718 -0.737165 -0.591857 0.314561 -0.0857001 0.053665
e_5_6 5 6 3 0.0125 -0.367757 -0.0901553 0.0175626 -0.690343 -0.637237 0.329662 -0.0931597 0.022599
e_6_7 6 7 4 0.0125 -0.373403 -0.110599 0.0164095 -0.662186 -0.677634 0.285886 -0.143495 0.020027
e_7_8 7 8 5 0.0125 -0.377625 -0.130119 0.0157989 -0.702916 -0.638843 0.285382 -0.127852 0.020001
e_8_2 8 2 6 0.0125 -0.384253 -0.148612 0.0137508 -0.620046 -0.672839 0.399998 -0.0532274 0.020026
7 8 7
2 -0.0112548 0.156919 0.0532071 0.0125
9 -0.00553136 0.140805 0.041671 0.0125
4 0.0818032 -0.113704 0.012492 0.0125
1 0.186185 -0.287235 0.0129192 0.0125
8 0.00189168 0.116713 0.0300852 0.0125
5 0.0674573 -0.0505618 0.0121546 0.0125
6 0.0402444 -0.0143819 0.0128437 0.0125
7 0.0187677 0.0763577 0.0166137 0.0125
e_1_4 1 4 1 0.0125 0.133995 -0.20047 0.0127056 -0.27804 0.574169 -0.413984 -0.649338 0.202505
e_4_5 4 5 2 0.0125 0.0746302 -0.082133 0.0123233 -0.389892 0.513081 -0.489242 -0.587686 0.064753
e_5_6 5 6 3 0.0125 0.0538504 -0.0324718 0.0124997 -0.242395 0.58742 -0.383824 -0.669971 0.045277
e_6_7 6 7 4 0.0125 0.0295056 0.0309879 0.0147293 -0.395324 0.502895 -0.476342 -0.603253 0.093323
e_7_8 7 8 5 0.0125 0.0103297 0.0965352 0.0233495 -0.383035 0.462453 -0.372783 -0.707428 0.045769
e_8_9 8 9 6 0.0125 -0.00181989 0.128759 0.0358776 -0.436358 0.403185 -0.358687 -0.719984 0.027745
e_9_2 9 2 7 0.0125 -0.00839269 0.148863 0.0474393 -0.445048 0.358654 -0.302865 -0.762609 0.020628
