7
1 8 7
2 0.11417 -0.065231 0.011502 0.0125
9 0.109414 -0.0473623 0.0193095 0.0125
4 0.00795124 0.11586 0.094237 0.0125
1 -0.104987 0.320848 0.228317 0.0125
8 0.10399 -0.0286919 0.0241542 0.0125
5 0.0728042 0.0463671 0.0529611 0.0125
6 0.0911148 0.01157 0.039544 0.0125
7 0.0980133 -0.0100247 0.031619 0.0125
e_1_4 1 4 1 0.0125 -0.0485179 0.218354 0.161277 -0.469562 -0.56308 -0.656878 0.175969 0.269728
e_4_5 4 5 2 0.0125 0.0403784 0.0811133 0.0735993 -0.508781 -0.353931 -0.757555 0.204901 0.103628
e_5_6 5 6 3 0.0125 0.0819597 0.0289691 0.0462521 -0.579443 -0.68249 -0.442355 0.0526877 0.041546
e_6_7 6 7 4 0.0125 0.0945645 0.000772902 0.0355814 -0.573826 -0.802573 -0.144496 -0.0756375 0.024016
e_7_8 7 8 5 0.0125 0.101002 -0.0193583 0.0278866 -0.563474 -0.808435 -0.156153 -0.0674221 0.020974
e_8_9 8 9 6 0.0125 0.106702 -0.0380269 0.0217318 -0.604538 -0.784646 -0.0722176 -0.116827 0.020037
e_9_2 9 2 7 0.0125 0.111792 -0.056296 0.0154057 -0.54263 -0.831393 -0.0572399 -0.105172 0.020072
2 11 10
2 0.10005 0.0529094 0.158097 0.0125
12 0.0974943 0.0558471 0.138454 0.0125
11 0.0902378 0.0543269 0.119854 0.0125
10 0.0779085 0.0491534 0.104568 0.0125
9 0.0641708 0.0481158 0.0893259 0.0125
4 -0.0790844 -0.0251476 0.0647101 0.0125
1 -0.285719 -0.163369 0.0268513 0.0125
8 0.0447934 0.050167 0.0823126 0.0125
5 -0.0399416 0.000810127 0.0716282 0.0125
6 -0.00373387 0.0270484 0.0768612 0.0125
7 0.0242707 0.0433563 0.0783491 0.0125
e_1_4 1 4 1 0.0125 -0.182402 -0.0942582 0.0457811 -0.675963 0.077233 -0.647116 -0.34402 0.251469
e_4_5 4 5 2 0.0125 -0.059513 -0.0121683 0.0681697 -0.674737 0.0752333 -0.649215 -0.342914 0.047474
e_5_6 5 6 3 0.0125 -0.0218378 0.0139293 0.0742447 -0.661863 0.0959114 -0.657783 -0.346497 0.045021
e_6_7 6 7 4 0.0125 0.0102684 0.0352024 0.0776051 -0.647008 0.0444302 -0.689278 -0.322958 0.032441
e_7_8 7 8 5 0.0125 0.0345324 0.0467624 0.0803311 -0.705641 -0.0549884 -0.637821 -0.303696 0.021984
e_8_9 8 9 6 0.0125 0.0544818 0.0491418 0.0858194 -0.777717 -0.235021 -0.524831 -0.253916 0.020709
e_9_10 9 10 7 0.0125 0.07104 0.0486347 0.0969475 -0.872909 -0.101415 -0.344628 -0.330115 0.020546
e_10_11 10 11 8 0.0125 0.0840735 0.0517402 0.112212 -0.861949 -0.00123578 -0.351657 -0.365211 0.020308
e_11_12 11 12 9 0.0125 0.0938666 0.055087 0.129153 -0.913182 -0.0319307 -0.185802 -0.361326 0.020023
e_12_2 12 2 10 0.0125 0.0987725 0.0543779 0.148275 -0.936581 -0.0910576 -0.0354062 -0.336557 0.020025
3 9 8
2 0.137536 -0.288333 0.130316 0.0125
10 0.139706 -0.269769 0.119256 0.0125
9 0.128267 -0.247434 0.103738 0.0125
4 -0.00123094 0.0291456 0.0275273 0.0125
1 -0.0489466 0.11775 0.0856227 0.0125
8 0.110236 -0.216169 0.0744687 0.0125
5 0.0112778 -0.00525949 0.0215176 0.0125
6 0.0496512 -0.0793565 0.0114944 0.0125
7 0.0908482 -0.176647 0.041088 0.0125
e_1_4 1 4 1 0.0125 -0.0250893 0.0734475 0.0565744 0.256952 0.744073 -0.443097 0.428949 0.116201
e_4_5 4 5 2 0.0125 0.00502335 0.0119428 0.0245218 0.4033 0.650037 -0.398058 0.506312 0.037098
e_5_6 5 6 3 0.0125 0.030464 -0.0423076 0.0165063 0.370319 0.656175 -0.359251 0.55067 0.084043
e_6_7 6 7 4 0.0125 0.0702502 -0.128002 0.0262909 0.498945 0.53215 -0.28629 0.621215 0.10972
e_7_8 7 8 5 0.0125 0.100542 -0.196408 0.0577777 0.570435 0.405414 -0.183107 0.690446 0.055246
e_8_9 8 9 6 0.0125 0.119252 -0.231802 0.0891024 0.557769 0.399237 -0.160232 0.709809 0.046469
e_9_10 9 10 7 0.0125 0.133986 -0.258602 0.111497 0.542659 0.443114 -0.201662 0.684473 0.029504
e_10_2 10 2 8 0.0125 0.138622 -0.279051 0.124786 0.706094 0.366409 -0.333335 0.506027 0.021718
4 8 7
2 0.116688 -0.277126 0.0114996 0.0125
9 0.101041 -0.264682 0.0143272 0.0125
4 -0.127546 0.00237119 0.012261 0.0125
1 -0.238866 0.0594217 0.0121427 0.0125
8 0.0848197 -0.249655 0.0179862 0.0125
5 -0.0878262 -0.0353455 0.0164239 0.0125
6 -0.00608064 -0.157208 0.0121409 0.0125
7 0.0522911 -0.212764 0.0222034 0.0125
e_1_4 1 4 1 0.0125 -0.183206 0.0308969 0.0122024 0.648775 0.546404 0.448298 0.282068 0.125088
e_4_5 4 5 2 0.0125 -0.107686 -0.0164876 0.014342 0.664764 0.632512 0.249093 0.30979 0.054932
e_5_6 5 6 3 0.0125 -0.0469541 -0.0962768 0.0142823 0.607228 0.715141 0.0562034 0.341598 0.146803
e_6_7 6 7 4 0.0125 0.0231052 -0.184986 0.0171722 0.688623 0.608603 0.260088 0.296233 0.081209
e_7_8 7 8 5 0.0125 0.0685558 -0.23121 0.0200945 0.575157 0.726216 0.123804 0.355636 0.049366
e_8_9 8 9 6 0.0125 0.0929307 -0.257169 0.016157 0.528774 0.745907 0.158856 0.37254 0.022412
e_9_2 9 2 7 0.0125 0.108864 -0.270904 0.0129141 0.546154 0.718444 0.232112 0.362875 0.02019
5 6 5
2 -0.239149 -0.145418 0.0115208 0.0125
7 -0.208113 -0.145803 0.0198532 0.0125
6 -0.189608 -0.142861 0.0270009 0.0125
5 -0.0709124 -0.122776 0.0352154 0.0125
1 0.251455 -0.0699712 0.0525845 0.0125
4 0.00302129 -0.109424 0.0401809 0.0125
e_1_4 1 4 1 0.0125 0.127238 -0.0896974 0.0463831 0.659628 0.316875 -0.651318 -0.200663 0.251852
e_4_5 4 5 2 0.0125 -0.0339455 -0.1161 0.0376982 0.653025 0.335757 -0.648262 -0.201452 0.075293
e_5_6 5 6 3 0.0125 -0.13026 -0.132819 0.031108 0.651445 0.331598 -0.651217 -0.203909 0.120663
e_6_7 6 7 4 0.0125 -0.19886 -0.144332 0.0234272 0.500725 0.496351 -0.657151 -0.266577 0.020054
e_7_2 7 2 5 0.0125 -0.22363 -0.145611 0.0156867 0.538777 0.360228 -0.707026 -0.282965 0.032138
6 7 6
2 -0.0364895 0.186085 0.170236 0.0125
4 -0.0684355 -0.0329754 0.0891071 0.0125
1 -0.113832 -0.268742 0.0131682 0.0125
8 -0.0617815 0.101335 0.109569 0.0125
5 -0.0640652 -0.0140585 0.0948355 0.0125
6 -0.0690662 0.0497808 0.0907915 0.0125
7 -0.0652664 0.0790262 0.0953534 0.0125
e_1_4 1 4 1 0.0125 -0.0911333 -0.150859 0.0511371 0.636098 -0.388844 0.444995 0.496145 0.25182
e_4_5 4 5 2 0.0125 -0.0662507 -0.0235167 0.0919713 0.636029 -0.381381 0.461586 0.486779 0.020243
e_5_6 5 6 3 0.0125 -0.0665661 0.0178614 0.0928136 0.475029 -0.545425 0.483762 0.492781 0.064162
e_6_7 6 7 4 0.0125 -0.0671667 0.0644029 0.0930727 0.581463 -0.440346 0.479217 0.488209 0.029842
e_7_8 7 8 5 0.0125 -0.0635238 0.0901808 0.102462 0.699552 -0.336746 0.346725 0.526318 0.026681
e_8_2 8 2 6 0.0125 -0.0491359 0.143711 0.139902 0.725548 -0.289927 0.36485 0.506366 0.107251
7 11 10
2 -0.0649589 -0.333295 0.268756 0.0125
12 -0.075065 -0.3285 0.251862 0.0125
11 -0.0891466 -0.319576 0.240357 0.0125
10 -0.098711 -0.306468 0.228275 0.0125
9 -0.101999 -0.295503 0.211593 0.0125
4 -0.0324805 0.0233766 0.0309084 0.0125
1 -0.0248536 0.0615186 0.0114977 0.0125
8 -0.102009 -0.277459 0.194472 0.0125
5 -0.0794832 -0.212242 0.146865 0.0125
6 -0.0890492 -0.240621 0.165529 0.0125
7 -0.0957667 -0.259664 0.180402 0.0125
e_1_4 1 4 1 0.0125 -0.028667 0.0424476 0.0212031 0.838438 0.525843 -0.0153238 -0.14239 0.043472
e_4_5 4 5 2 0.0125 -0.0559816 -0.0944329 0.0888859 0.834849 0.531467 -0.0146948 -0.14267 0.266779
e_5_6 5 6 3 0.0125 -0.0842655 -0.226431 0.156198 0.861472 0.479625 -0.0741499 -0.149425 0.035288
e_6_7 6 7 4 0.0125 -0.0924078 -0.250142 0.172966 0.880236 0.444344 -0.0777914 -0.147281 0.025079
e_7_8 7 8 5 0.0125 -0.0988873 -0.268562 0.187437 0.88172 0.441679 -0.0768692 -0.146904 0.023529
e_8_9 8 9 6 0.0125 -0.102004 -0.286481 0.203033 0.910983 0.391403 0.0515268 -0.119409 0.024874
e_9_10 9 10 7 0.0125 -0.100355 -0.300985 0.219934 0.950234 0.273659 0.113317 -0.0965641 0.020232
e_10_11 10 11 8 0.0125 -0.0939289 -0.313022 0.234316 0.891115 0.341617 0.291033 -0.0671763 0.020229
e_11_12 11 12 9 0.0125 -0.0821064 -0.324038 0.246109 0.884832 0.234153 0.401469 -0.032675 0.020256
e_12_2 12 2 10 0.0125 -0.0700122 -0.330898 0.260308 0.956336 0.110272 0.266339 -0.0482226 0.020262
