3
1 24 23
3 -0.281097 0.140573 0.0242047 0.0125
25 -0.275819 0.146661 0.0425095 0.0125
24 -0.27179 0.156201 0.0596194 0.0125
23 -0.267773 0.165679 0.0767668 0.0125
22 -0.261364 0.173952 0.0938109 0.0125
4 -0.270687 0.186598 0.0114968 0.0125
21 -0.26293 0.188111 0.0486837 0.0125
20 -0.260296 0.192 0.0807452 0.0125
12 0.0825415 0.125217 0.0206537 0.0125
11 0.0667569 0.112832 0.0231646 0.0125
10 0.0434895 0.101981 0.0202755 0.0125
9 0.0188846 0.0848662 0.0237839 0.0125
2 -0.0238754 0.0533299 0.0216115 0.0125
19 -0.20649 0.158261 0.0577511 0.0125
8 0.00125339 0.0724539 0.0263818 0.0125
6 0.0978778 0.134931 0.0119935 0.0125
13 0.00294286 0.0246478 0.0660104 0.0125
14 0.0148198 0.0159498 0.0798471 0.0125
5 0.0269614 0.00721285 0.0939012 0.0125
15 -0.0580835 0.0649023 0.0132893 0.0125
16 -0.0871656 0.0793295 0.0114962 0.0125
17 -0.157093 0.128228 0.0287338 0.0125
18 -0.191603 0.148353 0.0441489 0.0125
1 -0.258006 0.185793 0.109575 0.0125
e_2_8 2 8 1 0.0125 -0.0113106 0.0628917 0.0239964 0.723866 -0.531275 0.378231 -0.225181 0.031936
e_8_9 8 9 2 0.0125 0.0100688 0.0786594 0.025083 0.613125 -0.631804 0.4008 -0.253497 0.021718
e_9_10 9 10 3 0.0125 0.031187 0.093424 0.0220294 0.613302 -0.630145 0.401289 -0.256407 0.030177
e_10_11 10 11 4 0.0125 0.0551232 0.107407 0.0217201 0.661904 -0.528059 0.406511 -0.343199 0.025835
e_11_12 11 12 5 0.0125 0.0746493 0.119025 0.0219095 0.621516 -0.637186 0.395061 -0.227239 0.020219
e_12_6 12 6 6 0.0125 0.0902101 0.130074 0.0163238 0.468452 -0.739383 0.410608 -0.255475 0.020114
e_2_13 2 13 1 0.0125 -0.0104663 0.0389888 0.043811 0.616144 -0.0115169 0.354023 -0.703492 0.059272
e_13_14 13 14 2 0.0125 0.00888103 0.0202984 0.0729286 0.567587 -0.106649 0.382328 -0.721315 0.020203
e_14_5 14 5 3 0.0125 0.0208905 0.0115822 0.0868742 0.571896 -0.107552 0.382201 -0.717837 0.020525
e_2_15 2 15 1 0.0125 -0.0409794 0.0591161 0.0174504 0.144839 -0.779217 0.0714506 0.605588 0.037059
e_15_16 15 16 2 0.0125 -0.0726238 0.072116 0.0123927 0.252555 -0.723768 0.0611358 0.639249 0.032514
e_16_17 16 17 3 0.0125 -0.122129 0.103779 0.020115 0.394738 -0.63146 0.047462 0.665724 0.087053
e_17_18 17 18 4 0.0125 -0.174348 0.13829 0.0364411 0.40351 -0.565607 0.00939475 0.719152 0.04282
e_18_19 18 19 5 0.0125 -0.199047 0.153307 0.0509494 0.518726 -0.443976 -0.0134232 0.730498 0.022468
e_19_1 19 1 6 0.0125 -0.232248 0.172027 0.0836625 0.502927 -0.408301 -0.0381859 0.760852 0.078087
e_1_20 1 20 1 0.0125 -0.259152 0.188897 0.0951597 0.0889422 -0.947418 0.299548 0.0689943 0.029579
e_20_21 20 21 2 0.0125 -0.261613 0.190056 0.0647147 -0.0694285 -0.954317 0.289822 0.0215052 0.032404
e_21_4 21 4 3 0.0125 -0.266809 0.187355 0.0300903 -0.0471146 -0.957126 0.270161 0.0932854 0.038017
e_1_22 1 22 1 0.0125 -0.259685 0.179872 0.101693 -0.325336 -0.915542 0.236389 0.00771877 0.02
e_22_23 22 23 2 0.0125 -0.264569 0.169816 0.0852885 -0.247416 -0.936572 0.22121 0.11263 0.02
e_23_24 23 24 3 0.0125 -0.269781 0.160941 0.068193 -0.26417 -0.932766 0.242145 0.0390743 0.02
e_24_25 24 25 4 0.0125 -0.273805 0.151431 0.0510647 -0.265936 -0.932381 0.241691 0.039115 0.02
e_25_3 25 3 5 0.0125 -0.278458 0.143617 0.0333571 -0.184178 -0.947878 0.243223 0.0919133 0.02
2 26 25
3 0.103126 0.25599 0.0490576 0.0125
27 0.0856428 0.264153 0.054321 0.0125
26 0.0668648 0.270339 0.0573415 0.0125
25 0.0482513 0.276938 0.0605074 0.0125
24 0.0285579 0.280178 0.0592248 0.0125
4 -0.017911 0.247093 0.144811 0.0125
23 -0.00758005 0.254408 0.129326 0.0125
22 -0.00328396 0.263162 0.111864 0.0125
21 0.000245378 0.272869 0.0947384 0.0125
20 0.00343401 0.282618 0.0775686 0.0125
11 0.0731339 -0.0433804 0.100536 0.0125
6 0.175018 0.106187 0.0114945 0.0125
10 0.154143 0.0942859 0.0224021 0.0125
9 0.137032 0.0824025 0.0340786 0.0125
2 0.0851575 0.0117509 0.0811737 0.0125
19 0.0216672 0.272652 0.0509739 0.0125
8 0.122299 0.0645131 0.0496098 0.0125
5 0.0679705 -0.0808432 0.114588 0.0125
12 0.0835973 0.0351483 0.0777787 0.0125
13 0.0717158 0.0840693 0.077299 0.0125
14 0.0614381 0.13405 0.0594685 0.0125
15 0.0594583 0.168285 0.052278 0.0125
16 0.053066 0.207896 0.0395406 0.0125
17 0.0445055 0.227655 0.0376066 0.0125
18 0.0299033 0.253485 0.0446637 0.0125
1 0.010063 0.287788 0.0594214 0.0125
e_2_8 2 8 1 0.0125 0.103728 0.0381324 0.0653925 0.486386 -0.830183 0.17465 -0.209098 0.07183
e_8_9 8 9 2 0.0125 0.129665 0.0734576 0.0418443 0.40653 -0.870934 0.140858 -0.237415 0.027898
e_9_10 9 10 3 0.0125 0.145587 0.088344 0.0282404 0.410317 -0.813411 0.287782 -0.29527 0.023882
e_10_6 10 6 4 0.0125 0.164581 0.100236 0.016948 0.448281 -0.754425 0.370835 -0.303922 0.026389
e_2_11 2 11 1 0.0125 0.0791454 -0.0158151 0.0908546 0.547854 0.290676 -0.503224 0.601772 0.059657
e_11_5 11 5 2 0.0125 0.0705519 -0.0621122 0.107562 0.559883 0.328584 -0.46677 0.600574 0.040343
e_2_12 2 12 1 0.0125 0.0843771 0.0234492 0.0794761 0.654469 -0.754796 -0.0438471 0.00561031 0.023693
e_12_13 12 13 2 0.0125 0.077656 0.0596092 0.0775386 0.70008 -0.703872 -0.0966065 0.0715523 0.050346
e_13_14 13 14 3 0.0125 0.0665767 0.10906 0.0683844 0.578693 -0.802358 -0.145433 0.0136002 0.054052
e_14_15 14 15 4 0.0125 0.0604485 0.151168 0.0558734 0.630348 -0.774495 -0.0527014 -0.00641861 0.035038
e_15_16 15 16 5 0.0125 0.0562622 0.18809 0.0459093 0.590489 -0.798003 -0.120316 0.00612461 0.042096
e_16_17 16 17 6 0.0125 0.0487855 0.217775 0.0385735 0.666751 -0.714232 -0.186011 0.103514 0.021621
e_17_18 17 18 7 0.0125 0.0372046 0.240571 0.0411348 0.76387 -0.595126 -0.173604 0.179412 0.030499
e_18_19 18 19 8 0.0125 0.0257845 0.263069 0.0478185 0.786303 -0.583927 -0.119438 0.16276 0.021795
e_19_1 19 1 9 0.0125 0.0158651 0.28022 0.0551977 0.803477 -0.509431 -0.194919 0.238562 0.020859
e_1_20 1 20 1 0.0125 0.00674921 0.285203 0.0684949 0.855963 0.0343147 -0.212461 0.470116 0.02
e_20_21 20 21 2 0.0125 0.0018392 0.277744 0.0861533 0.822669 0.172652 -0.202353 0.502455 0.02
e_21_22 21 22 3 0.0125 -0.00151966 0.268016 0.103302 0.82118 0.166833 -0.209801 0.503799 0.02
e_22_23 22 23 4 0.0125 -0.00543176 0.258785 0.120594 0.830228 0.136987 -0.211414 0.497252 0.02
e_23_4 23 4 5 0.0125 -0.0127458 0.25075 0.137068 0.794151 0.0162592 -0.33559 0.506398 0.02
e_1_24 1 24 1 0.0125 0.01931 0.283983 0.0593229 0.702254 0.310858 0.638967 0.0439037 0.02
e_24_25 24 25 2 0.0125 0.0384045 0.278558 0.0598656 0.7263 0.0481919 0.682362 -0.0674458 0.02
e_25_26 25 26 3 0.0125 0.057558 0.273638 0.0589244 0.639638 0.131018 0.749652 -0.108257 0.02
e_26_27 26 27 4 0.0125 0.0762538 0.267246 0.0558312 0.640161 0.0992129 0.752111 -0.121157 0.02
e_27_3 27 3 5 0.0125 0.0943839 0.260072 0.0516895 0.59668 0.198466 0.769537 -0.11134 0.02
3 19 18
3 0.245518 -0.0863099 0.0313697 0.0125
20 0.246075 -0.0556661 0.0259457 0.0125
4 0.274548 -0.0758146 0.0339323 0.0125
11 0.0266973 -0.134941 0.0329659 0.0125
10 0.00599646 -0.131561 0.0374759 0.0125
6 0.007251 -0.27302 0.0124061 0.0125
9 0.00204524 -0.252272 0.0218083 0.0125
2 -0.0288152 -0.132028 0.0360401 0.0125
19 0.268963 -0.0563703 0.0325423 0.0125
8 -0.00106444 -0.210587 0.0329518 0.0125
12 0.048037 -0.138886 0.0284235 0.0125
5 0.0668284 -0.142675 0.0186233 0.0125
13 0.0706654 -0.0931753 0.0125476 0.0125
14 0.152137 -0.0337928 0.0114952 0.0125
15 0.189555 -0.0129772 0.0149888 0.0125
16 0.209488 -0.00226859 0.0174099 0.0125
1 0.229819 0.0101103 0.0135773 0.0125
18 0.259492 -0.0387274 0.0295879 0.0125
17 0.249534 -0.0210456 0.0257532 0.0125
e_2_8 2 8 1 0.0125 -0.0149403 -0.171307 0.0344958 0.692931 0.665462 0.275107 -0.0363769 0.083374
e_8_9 8 9 2 0.0125 0.000490322 -0.231429 0.0273798 0.581193 0.736628 0.293552 -0.182815 0.04326
e_9_6 9 6 3 0.0125 0.00464849 -0.262645 0.017107 0.520409 0.710877 0.442543 -0.167284 0.023366
e_2_10 2 10 1 0.0125 -0.0114094 -0.131794 0.0367577 0.638044 0.315042 0.616564 0.336893 0.034845
e_10_11 10 11 2 0.0125 0.0163472 -0.13325 0.0352207 0.584489 0.398572 0.668015 0.230803 0.021454
e_11_12 11 12 3 0.0125 0.037367 -0.136913 0.0306951 0.588617 0.405328 0.661926 0.226038 0.022171
e_12_5 12 5 4 0.0125 0.0574327 -0.14078 0.0235231 0.496047 0.420279 0.742268 0.162299 0.02153
e_2_13 2 13 1 0.0125 0.0209247 -0.112602 0.0242937 0.503332 0.20458 0.752041 0.373146 0.109352
e_13_14 13 14 2 0.0125 0.111401 -0.063484 0.0120214 0.513753 0.0865546 0.705497 0.480458 0.100821
e_14_15 14 15 3 0.0125 0.170846 -0.023385 0.013242 0.56452 0.126562 0.665821 0.47115 0.042961
e_15_16 15 16 4 0.0125 0.199521 -0.00762287 0.0161993 0.574224 0.129979 0.655678 0.472714 0.022756
e_16_1 16 1 5 0.0125 0.219653 0.00392149 0.0154937 0.486913 0.1322 0.749665 0.4283 0.02411
e_1_17 1 17 1 0.0125 0.239676 -0.00546782 0.0196652 0.797518 0.542854 0.220292 0.144035 0.038829
e_17_18 17 18 2 0.0125 0.254513 -0.0298867 0.0276702 0.765236 0.587232 0.249601 0.0852799 0.020652
e_18_19 18 19 3 0.0125 0.264228 -0.0475484 0.0310656 0.754049 0.600588 0.257515 0.0662683 0.020241
e_19_4 19 4 4 0.0125 0.271756 -0.0660926 0.033238 0.730801 0.652232 0.200824 -0.0139026 0.020278
e_1_20 1 20 1 0.0125 0.237947 -0.0227773 0.0197614 0.76765 0.625974 0.135545 0.0222972 0.068875
e_20_3 20 3 2 0.0125 0.245796 -0.070988 0.0286577 0.765818 0.642461 0.00998199 -0.0258092 0.031125
