3
1 23 22
3 0.276059 0.113365 0.0114945 0.0125
24 0.290285 0.0891036 0.0230327 0.0125
4 0.268025 0.107667 0.0475113 0.0125
23 0.287614 0.0908639 0.0425635 0.0125
22 0.306892 0.0624122 0.0391859 0.0125
1 0.331832 0.0336763 0.0298068 0.0125
21 0.313398 0.0416874 0.0296944 0.0125
12 0.0447809 -0.0155178 0.0162682 0.0125
11 0.046516 0.0045471 0.0208015 0.0125
10 0.0498868 0.0222053 0.0296609 0.0125
9 0.0507559 0.0386114 0.0412498 0.0125
2 0.0507859 0.0965359 0.0772303 0.0125
19 0.280462 0.0637442 0.0336059 0.0125
8 0.0524443 0.0704728 0.0637452 0.0125
6 0.0383119 -0.0348408 0.0122005 0.0125
13 0.0472131 0.103177 0.110574 0.0125
14 0.0437226 0.11333 0.128053 0.0125
15 0.0398667 0.12442 0.149185 0.0125
5 0.0392065 0.13563 0.16708 0.0125
16 0.156861 0.0984202 0.0517189 0.0125
17 0.229845 0.0857054 0.0403884 0.0125
18 0.262299 0.0729935 0.0364944 0.0125
20 0.29844 0.0548567 0.0320097 0.0125
e_2_8 2 8 1 0.0125 0.051615 0.0835037 0.0704876 0.396701 0.614899 0.592702 -0.336498 0.029392
e_8_9 8 9 2 0.0125 0.0516 0.0545416 0.0524968 0.319056 0.648356 0.60643 -0.331784 0.039039
e_9_10 9 10 3 0.0125 0.0503214 0.0304085 0.0354548 0.318994 0.648365 0.606481 -0.331733 0.020105
e_10_11 10 11 4 0.0125 0.0482009 0.0133758 0.0252315 0.34044 0.659316 0.535096 -0.403826 0.020042
e_11_12 11 12 5 0.0125 0.0456484 -0.00548586 0.0185341 0.452649 0.610137 0.487385 -0.430462 0.020644
e_12_6 12 6 6 0.0125 0.0415471 -0.0251794 0.0142344 0.394334 0.648195 0.421568 -0.496613 0.020779
e_2_13 2 13 1 0.0125 0.0489995 0.0998563 0.0939022 0.936834 -0.0745726 -0.0821904 -0.331702 0.034186
e_13_14 13 14 2 0.0125 0.0454675 0.108254 0.119314 0.937138 -0.230366 -0.144543 -0.21866 0.020513
e_14_15 14 15 3 0.0125 0.0417948 0.118876 0.138619 0.939041 -0.209852 -0.13745 -0.235098 0.024175
e_15_5 15 5 4 0.0125 0.0395366 0.130025 0.158133 0.954627 -0.272365 -0.0479106 -0.110496 0.021126
e_2_16 2 16 1 0.0125 0.103823 0.0974784 0.0644747 0.599002 0.184254 0.763514 0.155863 0.109116
e_16_17 16 17 2 0.0125 0.193353 0.0920623 0.046053 0.646913 0.21751 0.72683 0.0768812 0.074945
e_17_18 17 18 3 0.0125 0.246072 0.079349 0.0384413 0.666683 0.267258 0.695764 -0.00438413 0.035072
e_18_19 18 19 4 0.0125 0.271381 0.0683684 0.0350501 0.654486 0.302378 0.691897 -0.0386661 0.020586
e_19_20 19 20 5 0.0125 0.289451 0.0593006 0.0328073 0.677255 0.285354 0.676931 -0.0407825 0.020118
e_20_21 20 21 6 0.0125 0.305919 0.0482719 0.0308525 0.650979 0.3683 0.649649 -0.13615 0.020064
e_21_1 21 1 7 0.0125 0.322615 0.0376817 0.0297511 0.708369 0.251889 0.658607 -0.0316608 0.0201
e_1_22 1 22 1 0.0125 0.319363 0.0480439 0.0344969 0.187501 0.281648 -0.548638 -0.764536 0.039188
e_22_23 22 23 2 0.0125 0.297253 0.0766381 0.0408747 -0.716478 0.441807 0.505872 0.188571 0.034534
e_23_4 23 4 3 0.0125 0.277819 0.0992652 0.0450374 -0.109543 0.537577 -0.341853 -0.762986 0.026278
e_1_24 1 24 1 0.0125 0.311059 0.0613901 0.0264204 -0.666532 0.532436 0.514953 0.0840798 0.069601
e_24_3 24 3 2 0.0125 0.283172 0.101234 0.017264 -0.491674 0.435073 0.70745 0.261693 0.030399
2 21 20
3 0.0590842 -0.288046 0.0807648 0.0125
22 0.0337314 -0.260655 0.062467 0.0125
4 0.0979042 -0.181276 0.0266702 0.0125
21 0.0735015 -0.187865 0.0276946 0.0125
20 0.0551981 -0.195886 0.0308506 0.0125
11 -0.308351 -0.235499 0.0161742 0.0125
6 -0.191178 -0.146056 0.0883071 0.0125
10 -0.206489 -0.154424 0.0752408 0.0125
9 -0.222489 -0.165062 0.0638103 0.0125
2 -0.290096 -0.228204 0.0124981 0.0125
19 0.0308594 -0.203776 0.0360391 0.0125
8 -0.248873 -0.187532 0.0438314 0.0125
12 -0.32301 -0.248268 0.020875 0.0125
13 -0.338506 -0.260359 0.0245703 0.0125
14 -0.353317 -0.273652 0.0225815 0.0125
5 -0.365977 -0.288061 0.0169193 0.0125
15 -0.223226 -0.216553 0.0163471 0.0125
16 -0.128335 -0.209045 0.0114928 0.0125
17 -0.102018 -0.2132 0.0167882 0.0125
18 -0.0820255 -0.211627 0.0200286 0.0125
1 0.00547716 -0.216413 0.0368013 0.0125
e_2_8 2 8 1 0.0125 -0.269484 -0.207868 0.0281645 -0.727078 0.498381 -0.116955 0.457488 0.065843
e_8_9 8 9 2 0.0125 -0.235681 -0.176298 0.0538208 -0.611377 0.498729 -0.0392441 0.613146 0.040002
e_9_10 9 10 3 0.0125 -0.214489 -0.159743 0.0695264 -0.306018 0.481638 0.111293 0.813629 0.022357
e_10_6 10 6 4 0.0125 -0.198833 -0.150239 0.0817738 0.140128 0.354249 0.273527 0.883207 0.021799
e_2_11 2 11 1 0.0125 -0.299223 -0.231852 0.014337 0.355756 0.6356 -0.0640917 -0.68216 0.02
e_11_12 11 12 2 0.0125 -0.315681 -0.241883 0.0185246 0.509232 0.618412 0.00715262 -0.598497 0.02
e_12_13 12 13 3 0.0125 -0.330758 -0.254313 0.0227227 0.47766 0.638423 -0.00438362 -0.603522 0.02
e_13_14 13 14 4 0.0125 -0.345911 -0.267006 0.0235761 0.441849 0.741374 0.00937047 -0.50502 0.02
e_14_5 14 5 5 0.0125 -0.359647 -0.280857 0.0197509 0.434208 0.800375 0.0308466 -0.412203 0.02
e_2_15 2 15 1 0.0125 -0.256661 -0.222378 0.0144224 0.112144 0.650317 0.220863 0.718144 0.067986
e_15_16 15 16 2 0.0125 -0.175781 -0.212799 0.01392 0.160319 0.689484 0.223782 0.669948 0.095311
e_16_17 16 17 3 0.0125 -0.115177 -0.211123 0.0141407 0.478701 0.553307 0.310417 0.606909 0.027164
e_17_18 17 18 4 0.0125 -0.0920224 -0.212413 0.0184087 0.259266 0.590341 0.267875 0.715906 0.020315
e_18_1 18 1 5 0.0125 -0.0382745 -0.21402 0.0284144 0.397131 0.563204 0.298009 0.660514 0.089224
e_1_19 1 19 1 0.0125 0.0181687 -0.210095 0.03642 -0.222605 0.709807 0.097972 0.661076 0.028365
e_19_20 19 20 2 0.0125 0.0430291 -0.199831 0.0334454 -0.089958 0.762924 0.131624 0.626522 0.026106
e_20_21 20 21 3 0.0125 0.0643499 -0.191876 0.0292728 -0.177856 0.753264 0.102869 0.624803 0.020232
e_21_4 21 4 4 0.0125 0.0857033 -0.18457 0.0271822 -0.0147219 0.700195 0.173168 0.692476 0.025298
e_1_22 1 22 1 0.0125 0.0196036 -0.238535 0.0496341 0.848153 0.451619 0.276434 0.0161766 0.058433
e_22_3 22 3 2 0.0125 0.0464077 -0.27435 0.0716166 0.840055 0.435192 0.300835 0.120055 0.041567
3 24 23
3 0.0518245 0.299238 0.234232 0.0125
25 0.00137928 0.286901 0.197027 0.0125
4 -0.0759872 0.201402 0.145724 0.0125
24 -0.053243 0.232523 0.165166 0.0125
23 -0.0415181 0.254036 0.172289 0.0125
1 -0.0278828 0.281916 0.176454 0.0125
22 -0.0283257 0.265392 0.164999 0.0125
21 -0.0313362 0.248229 0.149811 0.0125
12 -0.143938 -0.0307411 0.0137245 0.0125
11 -0.126544 -0.0208438 0.013743 0.0125
10 -0.106218 -0.00946032 0.0132889 0.0125
9 -0.089406 0.00204988 0.0121228 0.0125
2 -0.0302871 0.030924 0.0165028 0.0125
19 -0.0370702 0.216181 0.123659 0.0125
8 -0.0610745 0.0161248 0.0141461 0.0125
6 -0.160422 -0.0425971 0.012574 0.0125
13 -0.0292044 0.0592859 0.0231433 0.0125
14 -0.0261129 0.0811 0.0305074 0.0125
15 -0.0198407 0.102162 0.0330825 0.0125
5 -0.0127299 0.125142 0.0415278 0.0125
16 -0.0338089 0.0516034 0.0292882 0.0125
17 -0.0393513 0.178195 0.105566 0.0125
18 -0.0370162 0.19722 0.116614 0.0125
20 -0.0339567 0.233132 0.134901 0.0125
e_2_8 2 8 1 0.0125 -0.0456809 0.0235242 0.0153249 0.618274 0.00823405 -0.730988 0.288664 0.034241
e_8_9 8 9 2 0.0125 -0.0752409 0.00908719 0.0131342 0.622608 0.0245366 -0.728916 0.283618 0.031699
e_9_10 9 10 3 0.0125 -0.0978114 -0.00370546 0.0127058 0.705604 0.239883 -0.643324 0.175253 0.020407
e_10_11 10 11 4 0.0125 -0.116381 -0.0151519 0.0135166 0.676515 0.12894 -0.688212 0.228179 0.023302
e_11_12 11 12 5 0.0125 -0.135241 -0.0257924 0.0137337 0.665973 0.123771 -0.696521 0.236683 0.020012
e_12_6 12 6 6 0.0125 -0.15218 -0.0366697 0.0131494 0.647672 0.203862 -0.697662 0.228534 0.020338
e_2_13 2 13 1 0.0125 -0.0297462 0.0451052 0.0198231 0.780372 -0.620545 -0.0319777 -0.0701462 0.029149
e_13_14 13 14 2 0.0125 -0.0276584 0.0701934 0.0268256 0.80462 -0.58434 0.00620663 -0.105334 0.02323
e_14_15 14 15 3 0.0125 -0.0229764 0.0916306 0.0317954 0.737027 -0.659511 0.0827336 -0.122441 0.022127
e_15_5 15 5 4 0.0125 -0.0162851 0.113653 0.0373054 0.802827 -0.574021 0.0698863 -0.145209 0.025494
e_2_16 2 16 1 0.0125 -0.0320485 0.0412637 0.022896 0.869519 -0.475314 -0.117697 -0.0644986 0.024567
e_16_17 16 17 2 0.0125 -0.0365804 0.1149 0.0674266 0.865948 -0.486787 -0.0719181 -0.0894457 0.1479
e_17_18 17 18 3 0.0125 -0.0381838 0.187708 0.111089 0.85713 -0.500204 -0.00996541 -0.122573 0.022123
e_18_19 18 19 4 0.0125 -0.0370438 0.2067 0.120136 0.817642 -0.568299 -0.0537034 -0.074924 0.020227
e_19_20 19 20 5 0.0125 -0.0355136 0.224657 0.12928 0.86789 -0.476176 0.00970974 -0.141171 0.020578
e_20_21 20 21 6 0.0125 -0.0326472 0.24068 0.142356 0.907393 -0.388965 -0.000696758 -0.159199 0.021379
e_21_22 21 22 7 0.0125 -0.029831 0.25681 0.157405 0.897141 -0.414085 0.00157887 -0.153848 0.023115
e_22_1 22 1 8 0.0125 -0.0281039 0.273653 0.170727 0.878741 -0.461578 -0.0464467 -0.112258 0.020111
e_1_23 1 23 1 0.0125 -0.0347007 0.267975 0.174371 0.613445 0.750062 -0.0625181 -0.239131 0.031314
e_23_24 23 24 2 0.0125 -0.0473802 0.243279 0.168728 0.574209 0.783338 -0.161164 -0.175188 0.025515
e_24_4 24 4 3 0.0125 -0.0646158 0.216963 0.155445 0.192183 -0.215443 -0.823866 0.487744 0.043172
e_1_25 1 25 1 0.0125 -0.013252 0.284408 0.18674 0.799014 -0.267776 0.37879 -0.382612 0.036117
e_25_3 25 3 2 0.0125 0.0266019 0.293069 0.215629 0.808836 -0.283401 0.358452 -0.370108 0.063883
