3
1 19 18
3 0.107121 0.111755 0.0114951 0.0125
20 0.0848174 0.110853 0.0310451 0.0125
19 0.066188 0.109652 0.0424244 0.0125
11 -0.0150203 -0.246794 0.0165818 0.0125
10 -0.0172541 -0.228509 0.0246628 0.0125
6 -0.131637 -0.0637258 0.011515 0.0125
9 -0.0252428 -0.212252 0.0335331 0.0125
2 -0.0403239 -0.178057 0.0445275 0.0125
8 -0.0763809 -0.133358 0.0317797 0.0125
5 -0.0111832 -0.266552 0.011498 0.0125
12 0.000165752 -0.0965976 0.0552941 0.0125
13 0.0271747 -0.0318029 0.0589285 0.0125
14 0.038476 0.00941183 0.0669951 0.0125
15 0.0372111 0.0628754 0.0672873 0.0125
16 0.0323023 0.0833882 0.0682355 0.0125
1 0.0264629 0.102529 0.0688731 0.0125
18 0.0478451 0.108535 0.0535616 0.0125
17 0.0377685 0.11765 0.112833 0.0125
4 0.0557877 0.134121 0.158924 0.0125
e_2_8 2 8 1 0.0125 -0.0583516 -0.155707 0.0381537 -0.294688 0.717873 -0.304974 -0.552094 0.058827
e_8_6 8 6 2 0.0125 -0.104008 -0.0985413 0.0216474 -0.371334 0.755042 -0.202592 -0.500978 0.091173
e_2_9 2 9 1 0.0125 -0.0327827 -0.195155 0.0390301 0.593142 0.680012 0.422725 -0.0840816 0.038957
e_9_10 9 10 2 0.0125 -0.0212488 -0.22038 0.0290979 0.525017 0.70821 0.46727 -0.066746 0.020168
e_10_11 10 11 3 0.0125 -0.0161373 -0.237651 0.0206226 0.520458 0.759537 0.352069 -0.168153 0.020116
e_11_5 11 5 4 0.0125 -0.0131014 -0.256673 0.0140396 0.594719 0.711848 0.340211 -0.154396 0.020759
e_2_12 2 12 1 0.0125 -0.0200793 -0.137328 0.0499104 0.547884 -0.234848 0.621353 0.508517 0.091602
e_12_13 12 13 2 0.0125 0.0136697 -0.0642001 0.0571108 0.495989 -0.241442 0.644868 0.529005 0.070292
e_13_14 13 14 3 0.0125 0.0328247 -0.0111953 0.062962 0.57861 -0.351209 0.53283 0.507892 0.043491
e_14_15 14 15 4 0.0125 0.0378434 0.036143 0.0671416 0.421895 -0.43288 0.55667 0.569858 0.053479
e_15_16 15 16 5 0.0125 0.0347565 0.0731319 0.0677621 0.500227 -0.581202 0.373829 0.521756 0.021114
e_16_1 16 1 6 0.0125 0.0293829 0.0929581 0.0685544 0.509098 -0.614897 0.325551 0.506692 0.020022
e_1_17 1 17 1 0.0125 0.0321162 0.110089 0.0908536 0.970417 -0.143449 0.141426 0.133089 0.047843
e_17_4 17 4 2 0.0125 0.0467777 0.125885 0.135879 0.955959 -0.129582 0.203372 0.167303 0.052157
e_1_18 1 18 1 0.0125 0.0371535 0.105531 0.0612173 0.345063 0.393644 0.792999 0.311654 0.026976
e_18_19 18 19 2 0.0125 0.0570171 0.109094 0.047993 0.411245 0.430195 0.757673 0.267847 0.021489
e_19_20 19 20 3 0.0125 0.0755033 0.110253 0.0367348 0.409504 0.430136 0.75844 0.268438 0.021862
e_20_3 20 3 4 0.0125 0.0959694 0.111304 0.0212698 0.336437 0.497817 0.762633 0.239538 0.029673
2 25 24
3 -0.0304375 -0.0945332 0.0296269 0.0125
26 -0.0106867 -0.0966095 0.0319886 0.0125
25 0.00922233 -0.0957303 0.030295 0.0125
24 0.0292211 -0.0955706 0.0304453 0.0125
23 0.0491211 -0.0956997 0.0284553 0.0125
4 0.0966419 -0.00547558 0.0591094 0.0125
22 0.0896986 -0.0281074 0.0479153 0.0125
1 0.0690208 -0.0956367 0.0264524 0.0125
21 0.0772947 -0.0781626 0.0177241 0.0125
11 0.320548 0.0469883 0.130215 0.0125
6 0.368805 -0.0594052 0.0125046 0.0125
10 0.361795 -0.0471335 0.0274318 0.0125
9 0.352208 -0.0351269 0.0419881 0.0125
2 0.294505 0.0284837 0.107538 0.0125
19 0.100807 -0.0426454 0.0115702 0.0125
8 0.339741 -0.0245707 0.0567888 0.0125
12 0.332254 0.0578587 0.142619 0.0125
13 0.343635 0.0697992 0.154329 0.0125
5 0.351278 0.086348 0.163415 0.0125
14 0.244833 0.018707 0.079163 0.0125
15 0.192754 0.0109087 0.0420946 0.0125
16 0.168369 -0.00277604 0.027134 0.0125
17 0.138168 -0.0168212 0.0143985 0.0125
18 0.120465 -0.0287181 0.0124517 0.0125
20 0.0868437 -0.0613231 0.0122125 0.0125
e_2_8 2 8 1 0.0125 0.317122 0.00195632 0.0821634 0.396529 0.873622 0.176164 0.220262 0.086235
e_8_9 8 9 2 0.0125 0.345975 -0.029849 0.0493882 0.328769 0.887208 0.220372 0.237086 0.022044
e_9_10 9 10 3 0.0125 0.357002 -0.0411302 0.0347105 0.352806 0.899062 0.188605 0.177883 0.021164
e_10_6 10 6 4 0.0125 0.365299 -0.0532697 0.0199679 0.349674 0.913023 0.171699 0.12098 0.020556
e_2_11 2 11 1 0.0125 0.307526 0.0377357 0.118877 0.205588 0.302432 0.345146 0.864374 0.039178
e_11_12 11 12 2 0.0125 0.326401 0.0524235 0.136418 0.171055 0.259306 0.355111 0.881701 0.020224
e_12_13 12 13 3 0.0125 0.337944 0.0638289 0.148474 0.130822 0.264253 0.375165 0.87881 0.020229
e_13_5 13 5 4 0.0125 0.347457 0.0780738 0.158872 -0.0689837 0.258707 0.458271 0.847526 0.020368
e_2_14 2 14 1 0.0125 0.269669 0.0235957 0.0933502 0.0750061 0.861936 0.0391658 -0.499907 0.058035
e_14_15 14 15 2 0.0125 0.218793 0.014808 0.060629 0.0230017 0.883267 0.087445 -0.460069 0.064397
e_15_16 15 16 3 0.0125 0.180561 0.00406647 0.0346145 0.26794 0.857242 -0.0317694 -0.43856 0.031714
e_16_17 16 17 4 0.0125 0.153269 -0.00979912 0.0207664 0.283194 0.820589 -0.0721802 -0.491147 0.035658
e_17_18 17 18 5 0.0125 0.129317 -0.022769 0.013425 0.512134 0.711584 -0.197722 -0.438489 0.021418
e_18_19 18 19 6 0.0125 0.110636 -0.0356817 0.0120109 0.55396 0.686089 -0.218127 -0.418128 0.024108
e_19_20 19 20 7 0.0125 0.0938257 -0.0519847 0.0118915 0.6772 0.664472 -0.211403 -0.234919 0.023329
e_20_21 20 21 8 0.0125 0.082069 -0.0697435 0.0149685 0.793959 0.551569 -0.242616 -0.0808653 0.020128
e_21_1 21 1 9 0.0125 0.0731571 -0.0868998 0.0220882 0.839774 0.483934 -0.245123 0.0223875 0.021213
e_1_22 1 22 1 0.0125 0.0793594 -0.0618724 0.0371836 -0.197138 0.308747 0.509204 0.778796 0.073814
e_22_4 22 4 2 0.0125 0.0931703 -0.0167916 0.0535115 -0.137158 0.237897 0.47924 0.833619 0.026186
e_1_23 1 23 1 0.0125 0.0590707 -0.0956685 0.0274536 0.196867 0.647253 -0.176006 -0.715073 0.02
e_23_24 23 24 2 0.0125 0.0391712 -0.0956357 0.0294498 0.183414 0.649071 -0.170195 -0.718401 0.02
e_24_25 24 25 3 0.0125 0.0192214 -0.0956506 0.0303707 0.115688 0.701021 -0.110974 -0.694888 0.02
e_25_26 25 26 4 0.0125 -0.000732184 -0.0961699 0.0311418 0.233854 0.650356 -0.186303 -0.698313 0.02
e_26_3 26 3 5 0.0125 -0.0205617 -0.0955715 0.0308075 -0.0831124 0.747531 0.0155089 -0.658824 0.02
3 25 24
3 -0.0323015 -0.0543628 0.0162428 0.0125
26 -0.0509875 -0.0487006 0.0424441 0.0125
4 -0.0192459 0.0331253 0.0808083 0.0125
25 -0.0369129 0.014584 0.0839499 0.0125
1 -0.08842 -0.0371535 0.0971976 0.0125
24 -0.0686814 -0.0403147 0.096461 0.0125
23 -0.0502002 -0.0460681 0.0914106 0.0125
22 -0.0313202 -0.0516492 0.087781 0.0125
21 -0.0114113 -0.0536048 0.087327 0.0125
12 0.155649 -0.187724 0.0141819 0.0125
11 0.159332 -0.168438 0.0184221 0.0125
10 0.164851 -0.1498 0.0233095 0.0125
9 0.170448 -0.130677 0.0287168 0.0125
2 0.198859 -0.0698009 0.0424561 0.0125
19 0.0455147 -0.072887 0.0749953 0.0125
8 0.175446 -0.111311 0.0342068 0.0125
6 0.15186 -0.20732 0.0116675 0.0125
13 0.217911 -0.0739239 0.0379806 0.0125
14 0.236342 -0.0778258 0.0312657 0.0125
15 0.255184 -0.0764656 0.0246994 0.0125
16 0.274206 -0.0762504 0.0185249 0.0125
5 0.292673 -0.0728988 0.0116152 0.0125
17 0.166681 -0.0734143 0.0439981 0.0125
18 0.136878 -0.0750525 0.0445165 0.0125
20 0.00715108 -0.059979 0.0833319 0.0125
e_2_8 2 8 1 0.0125 0.187153 -0.0905559 0.038331 0.62721 0.734217 -0.214964 -0.146025 0.048366
e_8_9 8 9 2 0.0125 0.172947 -0.120995 0.0314618 0.604547 0.783003 -0.138709 -0.0467825 0.020741
e_9_10 9 10 3 0.0125 0.167649 -0.140238 0.0260131 0.604685 0.780223 -0.149059 -0.0582204 0.020645
e_10_11 10 11 4 0.0125 0.162092 -0.159118 0.0208658 0.611863 0.774615 -0.147963 -0.0608466 0.020043
e_11_12 11 12 5 0.0125 0.157491 -0.17808 0.016302 0.6274 0.770232 -0.110838 -0.0287674 0.020087
e_12_6 12 6 6 0.0125 0.153755 -0.197522 0.0129248 0.660423 0.743129 -0.101271 -0.0366867 0.020118
e_2_13 2 13 1 0.0125 0.208385 -0.0718629 0.0402183 0.394185 0.696724 0.355625 0.482417 0.02
e_13_14 13 14 2 0.0125 0.227126 -0.0758753 0.0346236 0.325583 0.755323 0.312004 0.475538 0.02
e_14_15 14 15 3 0.0125 0.245763 -0.0771462 0.0279825 0.211693 0.735237 0.351571 0.539453 0.02
e_15_16 15 16 4 0.0125 0.264694 -0.0763582 0.0216116 0.253247 0.72604 0.356684 0.530574 0.02
e_16_5 16 5 5 0.0125 0.283439 -0.074575 0.0150705 0.144036 0.744145 0.34493 0.553647 0.02
e_2_17 2 17 1 0.0125 0.18277 -0.071608 0.0432271 0.553624 0.500602 -0.474987 -0.466138 0.032418
e_17_18 17 18 2 0.0125 0.151779 -0.0742334 0.0442578 0.528771 0.4982 -0.493064 -0.478629 0.029852
e_18_19 18 19 3 0.0125 0.0911963 -0.0739698 0.0597564 0.626247 0.360876 -0.45998 -0.515754 0.096337
e_19_20 19 20 4 0.0125 0.026333 -0.0664337 0.0791636 0.5091 0.319208 -0.545204 -0.584531 0.041327
e_20_21 20 21 5 0.0125 -0.00213023 -0.0567912 0.0853289 0.506542 0.318229 -0.546804 -0.585791 0.020029
e_21_22 21 22 6 0.0125 -0.0213662 -0.0526267 0.087554 0.492516 0.457301 -0.528709 -0.518431 0.02001
e_22_23 22 23 7 0.0125 -0.0407606 -0.0488584 0.0895957 0.509476 0.339145 -0.542511 -0.57541 0.02002
e_23_24 23 24 8 0.0125 -0.0594411 -0.0431918 0.0939358 0.537314 0.305138 -0.529767 -0.580974 0.020004
e_24_1 24 1 9 0.0125 -0.0785507 -0.0387341 0.0968293 0.482202 0.435389 -0.540406 -0.534677 0.020003
e_1_25 1 25 1 0.0125 -0.0626663 -0.0112854 0.0905738 -0.25435 0.713016 0.284391 0.588248 0.074197
e_25_4 25 4 2 0.0125 -0.0280798 0.0238549 0.0823791 -0.20415 0.658542 0.356664 0.630425 0.025803
e_1_26 1 26 1 0.0125 -0.0697041 -0.0429268 0.0698203 0.0918477 0.952161 0.00581928 0.291411 0.067324
e_26_3 26 3 2 0.0125 -0.0416441 -0.051532 0.029344 0.0963923 0.949029 0.0161474 0.299652 0.032676
