3
1 21 20
3 0.321974 0.13488 0.0934014 0.0125
22 0.25348 0.166055 0.104102 0.0125
4 0.236207 0.147853 0.0114928 0.0125
21 0.235209 0.160641 0.0513907 0.0125
20 0.234208 0.168088 0.0770348 0.0125
11 -0.0759146 0.175409 0.0248837 0.0125
10 -0.0666324 0.156628 0.0206171 0.0125
6 0.0404476 0.232532 0.0479644 0.0125
9 0.0307701 0.210055 0.0459498 0.0125
2 -0.0405634 0.113394 0.0118049 0.0125
19 0.215101 0.171302 0.102586 0.0125
8 -0.0301671 0.131178 0.0217553 0.0125
5 -0.0929313 0.195904 0.0311784 0.0125
12 0.028544 0.127526 0.0455714 0.0125
13 0.0702652 0.139612 0.0620026 0.0125
14 0.0943007 0.143096 0.0722114 0.0125
15 0.127678 0.15014 0.0868503 0.0125
16 0.155645 0.158111 0.0928219 0.0125
17 0.175238 0.161903 0.0950941 0.0125
18 0.19607 0.167127 0.0970605 0.0125
1 0.233461 0.179069 0.106408 0.0125
e_2_8 2 8 1 0.0125 -0.0353651 0.122286 0.0167797 0.832827 -0.500105 0.180055 -0.154512 0.022877
e_8_9 8 9 2 0.0125 0.000301412 0.170617 0.033853 0.76948 -0.556082 0.26987 -0.160756 0.102569
e_9_6 9 6 3 0.0125 0.0356085 0.221294 0.0469568 0.73032 -0.649697 0.192041 -0.0874442 0.024554
e_2_10 2 10 1 0.0125 -0.0535979 0.135011 0.016211 0.760231 -0.586117 -0.265508 0.0895621 0.051249
e_10_11 10 11 2 0.0125 -0.0712735 0.166018 0.0227504 0.771212 -0.590396 -0.227263 0.0708283 0.021379
e_11_5 11 5 3 0.0125 -0.0844234 0.185656 0.0280316 0.778257 -0.522529 -0.33462 0.0964834 0.027372
e_2_12 2 12 1 0.0125 -0.00601009 0.12046 0.0286883 0.783381 -0.296184 0.443154 -0.319692 0.078203
e_12_13 12 13 2 0.0125 0.0494042 0.133569 0.0537871 0.765205 -0.347691 0.449671 -0.302272 0.046441
e_13_14 13 14 3 0.0125 0.0822829 0.141354 0.067107 0.764992 -0.289508 0.47163 -0.329449 0.026345
e_14_15 14 15 4 0.0125 0.110989 0.146617 0.0795304 0.772173 -0.309959 0.454692 -0.317695 0.037121
e_15_16 15 16 5 0.0125 0.141662 0.154125 0.0898367 0.71616 -0.392326 0.495479 -0.296133 0.029687
e_16_17 16 17 6 0.0125 0.165442 0.160007 0.0939584 0.679003 -0.386004 0.542621 -0.30906 0.020086
e_17_18 17 18 7 0.0125 0.185654 0.164515 0.0960773 0.676611 -0.412484 0.533179 -0.296268 0.021566
e_18_19 18 19 8 0.0125 0.205585 0.169214 0.0998225 0.734174 -0.34932 0.491491 -0.31209 0.020252
e_19_1 19 1 9 0.0125 0.224281 0.175186 0.104497 0.722145 -0.437716 0.462855 -0.269586 0.020299
e_1_20 1 20 1 0.0125 0.233835 0.173578 0.0917212 -0.0965486 -0.587769 0.789138 -0.14989 0.031368
e_20_21 20 21 2 0.0125 0.234709 0.164364 0.0642123 -0.0778083 -0.647754 0.748493 -0.118825 0.026722
e_21_4 21 4 3 0.0125 0.235708 0.154247 0.0314412 -0.089211 -0.630019 0.760973 -0.126637 0.041909
e_1_22 1 22 1 0.0125 0.24347 0.172562 0.105255 0.511397 -0.0959101 0.734095 -0.436325 0.023988
e_22_3 22 3 2 0.0125 0.287727 0.150468 0.0987512 0.512086 -0.184627 0.732321 -0.409129 0.076012
2 22 21
3 0.388503 0.0043302 0.121606 0.0125
23 0.369914 0.0232839 0.0960915 0.0125
4 0.282511 0.10779 0.114843 0.0125
22 0.295698 0.0938556 0.109195 0.0125
21 0.307455 0.0814725 0.098781 0.0125
20 0.317975 0.0726009 0.0842683 0.0125
11 0.105315 -0.075212 0.0375142 0.0125
10 0.095241 -0.0602727 0.0288348 0.0125
6 0.158362 -0.119738 0.0978635 0.0125
9 0.0811096 -0.050645 0.0184613 0.0125
2 0.0636633 -0.0436977 0.0115785 0.0125
19 0.328742 0.0642949 0.0696029 0.0125
8 0.123946 -0.102283 0.0726575 0.0125
12 0.116174 -0.0897666 0.0458953 0.0125
5 0.129609 -0.104411 0.0481344 0.0125
13 0.111657 -0.00745973 0.0179679 0.0125
14 0.201258 0.0362537 0.0365551 0.0125
15 0.22405 0.0433228 0.0397649 0.0125
16 0.270357 0.0503956 0.0495175 0.0125
17 0.293938 0.0531247 0.0512412 0.0125
18 0.316112 0.0545103 0.0527645 0.0125
1 0.3362 0.0553429 0.0533473 0.0125
e_2_8 2 8 1 0.0125 0.0938046 -0.0729902 0.042118 0.888998 0.293775 0.346102 -0.0599316 0.103908
e_8_6 8 6 2 0.0125 0.141153 -0.111011 0.085261 0.876648 0.180769 0.44033 -0.0701425 0.046092
e_2_9 2 9 1 0.0125 0.072386 -0.0471713 0.0150199 0.816414 0.162676 0.549057 -0.0744417 0.02
e_9_10 9 10 2 0.0125 0.0881753 -0.0554589 0.0236481 0.868897 0.244727 0.425177 -0.0659627 0.02
e_10_11 10 11 3 0.0125 0.100278 -0.0677424 0.033174 0.845245 0.422588 0.323173 -0.0503974 0.02
e_11_12 11 12 4 0.0125 0.110745 -0.0824894 0.0417043 0.840715 0.411162 0.348445 -0.0522487 0.02
e_12_5 12 5 5 0.0125 0.122891 -0.0970895 0.0470154 0.743732 0.457496 0.484466 -0.0534112 0.02
e_2_13 2 13 1 0.0125 0.08766 -0.0255788 0.0147727 0.737712 -0.466388 0.479227 -0.0927654 0.060477
e_13_14 13 14 2 0.0125 0.156457 0.0143975 0.0272614 0.763574 -0.347387 0.536357 -0.092726 0.101413
e_14_15 14 15 3 0.0125 0.212654 0.0397882 0.03816 0.747053 -0.270807 0.60001 -0.0925348 0.024078
e_15_16 15 16 4 0.0125 0.247204 0.0468586 0.0446413 0.770599 -0.166902 0.608471 -0.0899117 0.047849
e_16_17 16 17 5 0.0125 0.282148 0.0517605 0.0503788 0.726639 -0.161388 0.661624 -0.0905683 0.0238
e_17_18 17 18 6 0.0125 0.305025 0.0538179 0.0520023 0.725396 -0.12567 0.670814 -0.0895331 0.022269
e_18_1 18 1 7 0.0125 0.326156 0.0549266 0.0530554 0.711685 -0.115355 0.687178 -0.0893536 0.020114
e_1_19 1 19 1 0.0125 0.332471 0.0598183 0.0614747 0.9507 -0.224364 -0.208035 -0.0505072 0.02
e_19_20 19 20 2 0.0125 0.323358 0.0684484 0.076935 0.929954 -0.209504 -0.299091 -0.0428689 0.02
e_20_21 20 21 3 0.0125 0.312715 0.0770368 0.0915251 0.927851 -0.225176 -0.294065 -0.0437494 0.02
e_21_22 21 22 4 0.0125 0.301577 0.0876645 0.103988 0.870981 -0.338518 -0.353645 -0.0416215 0.02
e_22_4 22 4 5 0.0125 0.289104 0.100823 0.112019 0.799946 -0.416112 -0.43086 -0.0360129 0.02
e_1_23 1 23 1 0.0125 0.353057 0.0393134 0.0747194 0.913574 0.257229 0.30911 -0.0605504 0.063178
e_23_3 23 3 2 0.0125 0.379209 0.013807 0.108849 0.918106 0.261406 0.291897 -0.0595283 0.036822
3 24 23
3 -0.223785 0.0165169 0.0261256 0.0125
25 -0.236807 0.0136616 0.042519 0.0125
24 -0.24581 0.00482155 0.0601095 0.0125
23 -0.256577 -0.00317534 0.0772178 0.0125
4 -0.258263 -0.0418502 0.0114938 0.0125
22 -0.263578 -0.0350736 0.0418231 0.0125
21 -0.270345 -0.0229759 0.0850438 0.0125
1 -0.273183 -0.0146714 0.106393 0.0125
11 -0.0562865 -0.0424507 0.0192597 0.0125
10 -0.0369359 -0.056921 0.0263468 0.0125
6 -0.12634 -0.0452383 0.100243 0.0125
9 -0.106806 -0.053431 0.0910955 0.0125
2 0.00602342 -0.0735027 0.0378423 0.0125
19 -0.234709 -0.0107261 0.0970872 0.0125
8 -0.0868121 -0.0615927 0.0820885 0.0125
5 -0.0773776 -0.0268118 0.0115744 0.0125
12 -0.0779482 -0.0304717 0.0610863 0.0125
13 -0.104093 -0.0271722 0.0690141 0.0125
14 -0.137507 -0.0242891 0.0755675 0.0125
15 -0.157278 -0.0218451 0.0816171 0.0125
16 -0.176578 -0.0195803 0.0872607 0.0125
17 -0.195962 -0.0149875 0.0895382 0.0125
18 -0.215062 -0.0103441 0.0933249 0.0125
20 -0.254351 -0.0108218 0.100866 0.0125
e_2_8 2 8 1 0.0125 -0.0403946 -0.0675481 0.0599654 -0.6738 0.374444 0.382227 -0.509596 0.103528
e_8_9 8 9 2 0.0125 -0.0968092 -0.0575123 0.086592 -0.694276 0.457909 0.312829 -0.458734 0.023398
e_9_6 9 6 3 0.0125 -0.116573 -0.0493351 0.0956693 -0.698457 0.455677 0.306808 -0.458678 0.023074
e_2_10 2 10 1 0.0125 -0.0154565 -0.0652123 0.0320945 -0.504593 0.653719 0.440177 -0.352537 0.047462
e_10_11 10 11 2 0.0125 -0.0466116 -0.0496856 0.0228035 -0.526778 0.727129 0.334669 -0.285979 0.025181
e_11_5 11 5 3 0.0125 -0.0668321 -0.0346312 0.0154171 -0.526484 0.726199 0.336298 -0.286974 0.027358
e_2_12 2 12 1 0.0125 -0.035962 -0.0519874 0.049464 -0.665804 0.530712 0.314241 -0.419885 0.097176
e_12_13 12 13 2 0.0125 -0.0910201 -0.0288222 0.0650503 -0.633844 0.422056 0.421694 -0.492224 0.027518
e_13_14 13 14 3 0.0125 -0.1208 -0.0257312 0.0722912 -0.600059 0.440908 0.457936 -0.485617 0.034173
e_14_15 14 15 4 0.0125 -0.147393 -0.0230674 0.078593 -0.634206 0.42046 0.42183 -0.493006 0.02082
e_15_16 15 16 5 0.0125 -0.166929 -0.0207129 0.0844392 -0.629987 0.422446 0.426732 -0.492499 0.020235
e_16_17 16 17 6 0.0125 -0.186271 -0.0172838 0.0883991 -0.597958 0.510497 0.427308 -0.446371 0.02005
e_17_18 17 18 7 0.0125 -0.205512 -0.0126658 0.0914315 -0.620894 0.488003 0.408985 -0.457248 0.020018
e_18_19 18 19 8 0.0125 -0.224886 -0.0105345 0.0952063 -0.583475 0.406844 0.490359 -0.503571 0.020006
e_19_20 19 20 9 0.0125 -0.244529 -0.0107736 0.0989771 -0.585895 0.411581 0.485936 -0.501192 0.020003
e_20_1 20 1 10 0.0125 -0.263766 -0.0127474 0.10363 -0.584235 0.313834 0.513168 -0.544828 0.02
e_1_21 1 21 1 0.0125 -0.271764 -0.0188239 0.0957181 0.16964 0.659436 0.726358 -0.0936511 0.023082
e_21_22 21 22 2 0.0125 -0.266961 -0.0290248 0.0634335 0.151578 0.751467 0.641413 -0.0301757 0.045389
e_22_4 22 4 3 0.0125 -0.260921 -0.0384622 0.0266587 0.137835 0.796432 0.588797 0.00391237 0.031529
e_1_23 1 23 1 0.0125 -0.264879 -0.00892314 0.0918051 -0.195277 0.948896 -0.10343 0.225313 0.035484
e_23_24 23 24 2 0.0125 -0.251194 0.00082322 0.0686632 -0.235807 0.931836 -0.158735 0.225565 0.021739
e_24_25 24 25 3 0.0125 -0.241308 0.00924137 0.051314 -0.235299 0.947193 -0.0954403 0.195834 0.021647
e_25_3 25 3 4 0.0125 -0.230296 0.0150898 0.034323 -0.139748 0.920647 -0.200805 0.304233 0.02113
