3
1 21 20
3 0.0101278 -0.130494 0.0124788 0.0125
22 0.0452321 -0.195416 0.0147304 0.0125
4 -0.00438592 -0.229065 0.090182 0.0125
21 0.0375041 -0.221021 0.0294262 0.0125
1 0.0568906 -0.218739 0.0126094 0.0125
12 0.161311 0.181826 0.0390371 0.0125
11 0.152723 0.164079 0.0340457 0.0125
10 0.140031 0.149476 0.0265522 0.0125
9 0.130928 0.130699 0.0219225 0.0125
2 0.118435 0.0652823 0.0114732 0.0125
19 0.0785908 -0.184006 0.0164677 0.0125
8 0.126513 0.108629 0.0178533 0.0125
6 0.174803 0.19634 0.0424926 0.0125
13 0.087594 0.0674676 0.0341969 0.0125
5 0.0381486 0.0711144 0.0708029 0.0125
14 0.097732 -0.0341331 0.0149441 0.0125
15 0.100118 -0.0772467 0.013115 0.0125
16 0.104895 -0.108423 0.0146787 0.0125
17 0.102086 -0.137681 0.0125048 0.0125
18 0.091229 -0.167073 0.0173743 0.0125
20 0.0662832 -0.201089 0.0153409 0.0125
e_2_8 2 8 1 0.0125 0.122474 0.0869558 0.0146631 0.558696 -0.394707 0.522116 0.509373 0.044551
e_8_9 8 9 2 0.0125 0.12872 0.119663 0.0198881 0.580143 -0.392908 0.506626 0.502382 0.022872
e_9_10 9 10 3 0.0125 0.13548 0.140087 0.0242372 0.625152 -0.28815 0.555581 0.466352 0.021375
e_10_11 10 11 4 0.0125 0.146377 0.156777 0.0302987 0.719436 -0.190573 0.53208 0.403715 0.020748
e_11_12 11 12 5 0.0125 0.157017 0.172952 0.0365411 0.639598 -0.291428 0.540693 0.462207 0.020338
e_12_6 12 6 6 0.0125 0.168057 0.189083 0.0407647 0.639688 -0.153309 0.624989 0.420339 0.020115
e_2_13 2 13 1 0.0125 0.103015 0.0663751 0.0228358 0.870584 0.067509 -0.446474 -0.195416 0.038371
e_13_5 13 5 2 0.0125 0.062871 0.0692908 0.0525003 0.871482 0.0651236 -0.445837 -0.193666 0.061629
e_2_14 2 14 1 0.0125 0.108083 0.0155747 0.0132089 0.657361 0.67936 0.14625 -0.291475 0.101608
e_14_15 14 15 2 0.0125 0.0989248 -0.0556901 0.0140299 0.65405 0.668263 0.273092 -0.225974 0.043218
e_15_16 15 16 3 0.0125 0.102506 -0.0928351 0.0138972 0.697708 0.628251 0.283822 -0.194809 0.031578
e_16_17 16 17 4 0.0125 0.103491 -0.123052 0.0135919 0.625396 0.697867 0.223269 -0.268353 0.029473
e_17_18 17 18 5 0.0125 0.0966573 -0.152377 0.0149399 0.690321 0.648674 0.0494782 -0.316591 0.031711
e_18_19 18 19 6 0.0125 0.0849091 -0.17554 0.0169209 0.565051 0.721855 -0.0189464 -0.399104 0.021148
e_19_20 19 20 7 0.0125 0.0724367 -0.192548 0.0159046 0.56239 0.725707 -0.00762259 -0.396243 0.021085
e_20_1 20 1 8 0.0125 0.0615869 -0.209915 0.0139753 0.543746 0.749066 0.0812266 -0.369652 0.020179
e_1_21 1 21 1 0.0125 0.0471972 -0.219879 0.0210173 0.88347 0.144789 -0.390752 -0.214079 0.025765
e_21_4 21 4 2 0.0125 0.0165595 -0.225042 0.0598041 0.944153 0.0976553 -0.285038 -0.133387 0.074235
e_1_22 1 22 1 0.0125 0.0510616 -0.207078 0.0136697 0.534027 -0.648695 0.196592 0.505333 0.02616
e_22_3 22 3 2 0.0125 0.0276802 -0.162956 0.0136044 0.432002 -0.659524 0.283334 0.546007 0.07384
2 29 28
3 0.193761 0.00631512 0.0399683 0.0125
30 0.182783 0.0217616 0.0335728 0.0125
29 0.169199 0.0354593 0.0282959 0.0125
28 0.157499 0.0516543 0.0292123 0.0125
27 0.148282 0.0686981 0.0341629 0.0125
4 0.041139 0.111007 0.0239407 0.0125
26 0.0598366 0.104164 0.0270701 0.0125
25 0.0793844 0.0959879 0.0307536 0.0125
24 0.101168 0.0904392 0.0348872 0.0125
1 0.134887 0.0816024 0.0415173 0.0125
23 0.139131 0.0618119 0.0419105 0.0125
22 0.147585 0.0438957 0.0447717 0.0125
21 0.157075 0.0261778 0.0482936 0.0125
6 0.212838 -0.0614713 0.0804372 0.0125
11 0.22862 -0.0695319 0.0706241 0.0125
10 0.246203 -0.0787652 0.0632199 0.0125
9 0.259332 -0.0911378 0.0525511 0.0125
2 0.314694 -0.145782 0.0123932 0.0125
19 0.178051 -0.00801209 0.0459749 0.0125
8 0.272014 -0.103023 0.0423159 0.0125
12 0.325481 -0.139236 0.0344626 0.0125
13 0.3383 -0.129305 0.0517828 0.0125
14 0.354126 -0.122674 0.0725773 0.0125
5 0.369564 -0.118516 0.0903309 0.0125
15 0.272909 -0.113524 0.0202055 0.0125
16 0.246994 -0.0898924 0.0278051 0.0125
17 0.236304 -0.0738365 0.0363656 0.0125
18 0.209422 -0.03871 0.0436104 0.0125
20 0.167721 0.00917181 0.0464299 0.0125
e_2_8 2 8 1 0.0125 0.293353 -0.124402 0.0273544 0.374102 0.170153 -0.499136 -0.762863 0.067419
e_8_9 8 9 2 0.0125 0.265673 -0.0970794 0.0474335 0.199463 0.274422 -0.413465 -0.844958 0.02017
e_9_10 9 10 3 0.0125 0.252768 -0.0849512 0.0578851 0.203505 0.270949 -0.414822 -0.844449 0.020959
e_10_11 10 11 4 0.0125 0.237412 -0.0741483 0.0669216 -0.706533 0.485642 0.299129 -0.418908 0.021195
e_11_6 11 6 5 0.0125 0.220729 -0.0655016 0.0755313 -0.471818 0.504793 0.0543998 -0.720842 0.020257
e_2_12 2 12 1 0.0125 0.320087 -0.142508 0.0234281 0.208896 -0.243135 -0.0826296 -0.943621 0.025422
e_12_13 12 13 2 0.0125 0.33189 -0.134269 0.0431231 0.321945 -0.35038 -0.110569 -0.872559 0.023726
e_13_14 13 14 3 0.0125 0.346213 -0.125989 0.0621802 0.239024 -0.334848 -0.0471638 -0.910231 0.02696
e_14_5 14 5 4 0.0125 0.361845 -0.120595 0.0814543 0.216177 -0.358258 -0.0105288 -0.90819 0.023892
e_2_15 2 15 1 0.0125 0.293802 -0.129653 0.0162988 0.0955574 -0.56338 0.330767 0.751042 0.053362
e_15_16 15 16 2 0.0125 0.259951 -0.101708 0.0240059 0.70155 -0.582207 -0.23482 0.337228 0.035887
e_16_17 16 17 3 0.0125 0.241649 -0.081865 0.0320855 0.656428 -0.167382 -0.518809 -0.521463 0.021102
e_17_18 17 18 4 0.0125 0.222862 -0.0562735 0.0399883 0.749317 -0.577328 -0.293035 0.139092 0.044823
e_18_19 18 19 5 0.0125 0.193736 -0.0233616 0.0447928 0.438371 -0.682367 0.0865367 0.578547 0.043955
e_19_20 19 20 6 0.0125 0.172885 0.000579556 0.0462022 0.679064 -0.681796 -0.15426 0.224122 0.020055
e_20_21 20 21 7 0.0125 0.162398 0.0176748 0.0473624 0.723047 -0.632647 -0.231308 0.153162 0.02015
e_21_22 21 22 8 0.0125 0.15233 0.035037 0.0465322 0.561019 -0.765566 0.0147732 0.31456 0.020406
e_22_23 22 23 9 0.0125 0.143358 0.0528538 0.0433416 0.604506 -0.755119 -0.0355964 0.251197 0.020015
e_23_1 23 1 10 0.0125 0.137009 0.0717066 0.0417141 0.699457 -0.690434 -0.18171 -0.0322811 0.020245
e_1_24 1 24 1 0.0125 0.118028 0.0860211 0.0382019 -0.482485 -0.339398 0.691548 0.416868 0.035482
e_24_25 24 25 2 0.0125 0.0902761 0.0932135 0.0328198 -0.492105 -0.330233 0.693806 0.409161 0.022857
e_25_26 25 26 3 0.0125 0.0696098 0.100076 0.0289118 -0.360395 -0.419665 0.639927 0.533376 0.021506
e_26_4 26 4 4 0.0125 0.0504881 0.107585 0.0255057 -0.423193 -0.371531 0.663035 0.493211 0.020155
e_1_27 1 27 1 0.0125 0.141584 0.0751512 0.0378401 -0.0778055 -0.669211 0.4858 -0.556868 0.02
e_27_28 27 28 2 0.0125 0.152891 0.0601771 0.0316876 -0.198527 -0.580344 0.535715 -0.580343 0.02
e_28_29 28 29 3 0.0125 0.163349 0.0435568 0.0287541 -0.159372 -0.54729 0.472634 -0.67208 0.02
e_29_30 29 30 4 0.0125 0.175991 0.0286105 0.0309343 -0.104411 -0.48007 0.370932 -0.788062 0.02
e_30_3 30 3 5 0.0125 0.188272 0.0140381 0.0367703 -0.168344 -0.429032 0.395044 -0.79469 0.02
3 19 18
3 -0.0400352 0.0369893 0.0124259 0.0125
20 -0.0687553 0.0499397 0.013712 0.0125
4 -0.0386329 0.0383518 0.0207537 0.0125
11 0.208772 0.151736 0.0279416 0.0125
10 0.194029 0.154844 0.0413607 0.0125
6 0.287115 0.121672 0.073077 0.0125
9 0.16303 0.162147 0.0583473 0.0125
2 0.143997 0.160527 0.0682356 0.0125
19 -0.0707187 0.0504925 0.0215785 0.0125
8 0.203996 0.133144 0.0725222 0.0125
5 0.224336 0.148384 0.0124415 0.0125
12 0.10427 0.154036 0.0570664 0.0125
13 -0.0318668 0.11036 0.0134554 0.0125
14 -0.056939 0.10451 0.0124203 0.0125
15 -0.076684 0.0986565 0.0163467 0.0125
16 -0.0964883 0.0901488 0.0202592 0.0125
17 -0.11439 0.0814526 0.0227598 0.0125
1 -0.132437 0.0728215 0.0241534 0.0125
18 -0.0928935 0.0585521 0.0224771 0.0125
e_2_8 2 8 1 0.0125 0.173996 0.146836 0.0703789 0.721343 0.374423 0.572169 0.109977 0.066091
e_8_6 8 6 2 0.0125 0.245555 0.127408 0.0728001 0.376973 -0.540227 0.452604 -0.600996 0.083909
e_2_9 2 9 1 0.0125 0.153514 0.161338 0.0632919 -0.294231 -0.660673 -0.541633 -0.428454 0.021509
e_9_10 9 10 2 0.0125 0.178529 0.158496 0.0498546 -0.501048 -0.380974 -0.768226 -0.116783 0.036094
e_10_11 10 11 3 0.0125 0.2014 0.15329 0.0346513 -0.405116 -0.312489 -0.857256 -0.0578351 0.020177
e_11_5 11 5 4 0.0125 0.216554 0.150059 0.0201921 -0.386247 -0.297135 -0.872061 -0.0450857 0.02222
e_2_12 2 12 1 0.0125 0.124134 0.157281 0.0626509 0.601024 0.0348844 -0.795276 0.0713359 0.041775
e_12_13 12 13 2 0.0125 0.0362022 0.132197 0.0352614 0.582963 0.0868702 -0.798958 0.119473 0.149475
e_13_14 13 14 3 0.0125 -0.0444026 0.107435 0.0129378 0.687838 0.0792424 -0.716814 0.0823239 0.025767
e_14_15 14 15 4 0.0125 -0.0668117 0.101583 0.0143835 0.76589 0.113427 -0.62728 0.084059 0.020965
e_15_16 15 16 5 0.0125 -0.0865858 0.0944025 0.0183024 0.757989 0.156627 -0.621432 0.121415 0.021906
e_16_17 16 17 6 0.0125 -0.10544 0.0858009 0.0215096 0.736518 0.172027 -0.638801 0.141002 0.02006
e_17_1 17 1 7 0.0125 -0.123413 0.0771368 0.0234561 0.716955 0.167402 -0.661233 0.143954 0.020053
e_1_18 1 18 1 0.0125 -0.112665 0.0656861 0.0233157 0.676581 0.0927516 0.715064 -0.149394 0.042073
e_18_19 18 19 2 0.0125 -0.0818061 0.0545223 0.0220278 0.680259 0.109601 0.712049 -0.134983 0.023611
e_19_4 19 4 3 0.0125 -0.0546751 0.0444225 0.0211665 0.695791 0.192772 0.689103 -0.0620561 0.034316
e_1_20 1 20 1 0.0125 -0.100597 0.0613801 0.0189322 -0.543595 -0.607379 -0.455347 -0.358126 0.068469
e_20_3 20 3 2 0.0125 -0.0543948 0.0434643 0.0130689 0.636443 0.531778 0.487439 0.273047 0.031531
