10
1 25 24
3 -0.119762 -0.181009 0.0156123 0.0125
26 -0.127135 -0.199536 0.0140583 0.0125
25 -0.130488 -0.219188 0.0124604 0.0125
24 -0.130955 -0.238782 0.0164419 0.0125
23 -0.132961 -0.2567 0.0250986 0.0125
4 -0.231704 -0.280788 0.0122811 0.0125
22 -0.197373 -0.280949 0.0188745 0.0125
21 -0.177739 -0.279905 0.023748 0.0125
20 -0.157672 -0.27946 0.0289344 0.0125
11 -0.0923277 0.00045299 0.0568112 0.0125
6 -0.18945 -0.045421 0.058784 0.0125
10 -0.164392 -0.0408097 0.0438496 0.0125
9 -0.137581 -0.0320816 0.0359928 0.0125
2 -0.0615769 0.010775 0.0114953 0.0125
19 -0.127708 -0.255427 0.0394641 0.0125
8 -0.118519 -0.0245212 0.0267817 0.0125
12 -0.108288 0.000642131 0.0702003 0.0125
5 -0.125328 0.0072189 0.0848878 0.0125
13 -0.0905458 -0.115896 0.0421325 0.0125
14 -0.0943528 -0.149242 0.0488657 0.0125
15 -0.103466 -0.171779 0.0489679 0.0125
16 -0.113061 -0.197779 0.0462793 0.0125
17 -0.119146 -0.216879 0.0459037 0.0125
18 -0.124054 -0.235888 0.0420127 0.0125
1 -0.135355 -0.273517 0.0356555 0.0125
e_2_8 2 8 1 0.0125 -0.0900485 -0.00687342 0.0191384 0.781205 0.349118 -0.516611 -0.0307868 0.068716
e_8_9 8 9 2 0.0125 -0.12805 -0.0283014 0.0313878 0.837767 0.23286 -0.490827 -0.0548837 0.02248
e_9_10 9 10 3 0.0125 -0.150986 -0.036446 0.0399209 0.791944 0.246741 -0.552188 -0.0838535 0.02927
e_10_6 10 6 4 0.0125 -0.176922 -0.0431153 0.0513165 0.863812 0.135594 -0.478305 -0.0816601 0.029534
e_2_11 2 11 1 0.0125 -0.0769525 0.00561433 0.0341535 0.95214 0.096427 -0.29004 0.00273139 0.055729
e_11_12 11 12 2 0.0125 -0.100307 0.000547186 0.0635058 0.902089 0.0356151 -0.421186 -0.0870013 0.020833
e_12_5 12 5 3 0.0125 -0.116807 0.00393014 0.077544 0.891599 -0.0932215 -0.421877 -0.13558 0.023438
e_2_13 2 13 1 0.0125 -0.0760612 -0.0525607 0.0268144 0.766403 0.562249 -0.262931 0.165437 0.133504
e_13_14 13 14 2 0.0125 -0.0924494 -0.132569 0.0455 0.749328 0.592125 -0.225915 0.191983 0.034231
e_14_15 14 15 3 0.0125 -0.0989091 -0.16051 0.0489166 0.698313 0.599784 -0.371693 0.120258 0.02431
e_15_16 15 16 4 0.0125 -0.108263 -0.184779 0.0476239 0.660432 0.635041 -0.380799 0.124681 0.027845
e_16_17 16 17 5 0.0125 -0.116103 -0.207329 0.0460915 0.686507 0.623453 -0.347363 0.139116 0.020049
e_17_18 17 18 6 0.0125 -0.1216 -0.226384 0.0439582 0.617414 0.683236 -0.361133 0.146871 0.020015
e_18_19 18 19 7 0.0125 -0.125881 -0.245658 0.0407384 0.639147 0.679028 -0.32014 0.1671 0.02004
e_19_1 19 1 8 0.0125 -0.131532 -0.264472 0.0375601 0.626888 0.648822 -0.417395 0.108731 0.020006
e_1_20 1 20 1 0.0125 -0.146513 -0.276489 0.0322953 0.585118 0.372991 -0.707528 -0.133862 0.024053
e_20_21 20 21 2 0.0125 -0.167705 -0.279683 0.0263409 0.581483 0.264251 -0.745158 -0.191804 0.020731
e_21_22 21 22 3 0.0125 -0.187556 -0.280428 0.0213107 0.588112 0.274691 -0.738131 -0.183937 0.020256
e_22_4 22 4 4 0.0125 -0.214538 -0.280868 0.0155776 0.60619 0.233194 -0.734791 -0.195543 0.034959
e_1_23 1 23 1 0.0125 -0.134157 -0.265109 0.0303771 0.0745537 -0.25443 -0.836165 -0.480141 0.02
e_23_24 23 24 2 0.0125 -0.131958 -0.247741 0.0207706 0.234731 -0.455342 -0.713499 -0.478 0.02
e_24_25 24 25 3 0.0125 -0.130721 -0.228985 0.014452 0.497262 -0.619664 -0.464276 -0.391402 0.02
e_25_26 25 26 4 0.0125 -0.128811 -0.209362 0.013259 0.705504 -0.673853 -0.0773809 -0.205422 0.02
e_26_3 26 3 5 0.0125 -0.123448 -0.190273 0.0148355 0.731032 -0.651142 0.192805 -0.0665766 0.02
2 23 22
3 -0.00753209 0.0611524 0.011469 0.0125
24 -0.0326058 0.0630527 0.0117608 0.0125
23 -0.0659407 0.0656121 0.0122807 0.0125
22 -0.0867856 0.0675943 0.0154972 0.0125
4 -0.124845 0.122765 0.0995275 0.0125
21 -0.115415 0.0810816 0.0466441 0.0125
1 -0.106763 0.0694185 0.0181211 0.0125
6 -0.424515 0.135042 0.317223 0.0125
11 -0.411634 0.132697 0.302062 0.0125
10 -0.398013 0.131218 0.286082 0.0125
9 -0.376117 0.128701 0.260418 0.0125
2 -0.332419 0.12601 0.199445 0.0125
19 -0.140985 0.0705886 0.0381904 0.0125
8 -0.354998 0.126425 0.23114 0.0125
12 -0.379685 0.12613 0.230748 0.0125
13 -0.398699 0.132244 0.242731 0.0125
5 -0.417002 0.133982 0.250647 0.0125
14 -0.310519 0.108135 0.173341 0.0125
15 -0.234929 0.0814789 0.113239 0.0125
16 -0.217752 0.078872 0.0998547 0.0125
17 -0.176864 0.0795515 0.0668399 0.0125
18 -0.157188 0.0745178 0.0512836 0.0125
20 -0.1225 0.0706605 0.0304393 0.0125
e_2_8 2 8 1 0.0125 -0.343709 0.126217 0.215293 0.80262 -0.168701 -0.253624 0.512851 0.038917
e_8_9 8 9 2 0.0125 -0.365558 0.127563 0.245779 0.806076 -0.190962 -0.242542 0.504923 0.036172
e_9_10 9 10 3 0.0125 -0.387065 0.129959 0.27325 0.792076 -0.218243 -0.27028 0.501931 0.03383
e_10_11 10 11 4 0.0125 -0.404823 0.131958 0.294072 0.79183 -0.216506 -0.271189 0.502581 0.02105
e_11_6 11 6 5 0.0125 -0.418075 0.133871 0.309643 0.795728 -0.234291 -0.25825 0.495208 0.020032
e_2_12 2 12 1 0.0125 -0.356052 0.126069 0.215097 0.724943 -0.269852 -0.388708 0.500543 0.056691
e_12_13 12 13 2 0.0125 -0.389192 0.129187 0.236739 0.740883 -0.374455 -0.320259 0.45641 0.023291
e_13_5 13 5 3 0.0125 -0.40785 0.133113 0.246689 0.688161 -0.353045 -0.421439 0.473479 0.020017
e_2_14 2 14 1 0.0125 -0.32147 0.117072 0.186393 -0.0334705 0.658865 -0.636478 0.39959 0.038478
e_14_15 14 15 2 0.0125 -0.272724 0.094806 0.14329 0.438956 0.130125 0.884887 -0.0857882 0.100182
e_15_16 15 16 3 0.0125 -0.226341 0.0801752 0.106547 0.397362 -0.265165 0.857225 -0.19224 0.021931
e_16_17 16 17 4 0.0125 -0.197308 0.0792116 0.0833477 0.370529 -0.474241 0.767581 -0.220507 0.052557
e_17_18 17 18 5 0.0125 -0.167026 0.0770342 0.0590624 0.413453 -0.102811 0.89077 -0.158164 0.025583
e_18_19 18 19 6 0.0125 -0.149087 0.0725536 0.044737 0.399675 -0.160641 0.884885 -0.177292 0.021199
e_19_20 19 20 7 0.0125 -0.131743 0.0706249 0.0343148 0.551547 -0.0778105 0.829025 -0.0495916 0.020045
e_20_1 20 1 8 0.0125 -0.114631 0.0700391 0.0242802 0.386709 -0.360517 0.823174 -0.207045 0.020024
e_1_21 1 21 1 0.0125 -0.111089 0.0752498 0.032383 0.86482 -0.230182 -0.0379499 0.444592 0.032007
e_21_4 21 4 2 0.0125 -0.12013 0.101923 0.0730855 0.863273 -0.327263 0.063348 0.379007 0.067993
e_1_22 1 22 1 0.0125 -0.0967745 0.068507 0.0168095 0.649871 0.19583 0.725599 0.113245 0.020231
e_22_23 22 23 2 0.0125 -0.0763638 0.0666035 0.013889 0.642685 0.192714 0.734021 0.105028 0.021185
e_23_24 23 24 3 0.0125 -0.0492736 0.0643332 0.0120208 0.684477 0.209191 0.681185 0.154008 0.033438
e_24_3 24 3 4 0.0125 -0.0200687 0.062103 0.0116149 0.685649 0.208957 0.679811 0.155174 0.025147
3 20 19
3 -0.153244 -0.0297272 0.126631 0.0125
21 -0.197387 -0.0103083 0.125389 0.0125
4 -0.223831 -0.073327 0.0891895 0.0125
20 -0.227628 -0.0528386 0.101401 0.0125
11 0.0179996 0.0969431 0.020726 0.0125
6 -0.0516596 0.24245 0.0261373 0.0125
10 -0.0368088 0.223624 0.0261372 0.0125
9 -0.0192693 0.201591 0.0259068 0.0125
2 0.0207818 0.114452 0.0114691 0.0125
19 -0.22271 0.0299886 0.104476 0.0125
8 -0.00788893 0.184723 0.0270556 0.0125
12 0.0203486 0.0780989 0.0270009 0.0125
13 0.0185096 0.0582804 0.0289632 0.0125
14 0.0182041 0.038667 0.025064 0.0125
5 0.0229762 0.0194569 0.0221948 0.0125
15 -0.078198 0.0657158 0.0392916 0.0125
16 -0.165848 0.03993 0.0727152 0.0125
17 -0.187478 0.03926 0.0815956 0.0125
18 -0.205475 0.0354319 0.0899689 0.0125
1 -0.238124 0.0205783 0.117299 0.0125
e_2_8 2 8 1 0.0125 0.0064465 0.149587 0.0192623 0.747443 -0.627445 -0.0756811 0.204729 0.077478
e_8_9 8 9 2 0.0125 -0.0135791 0.193157 0.0264812 0.637266 -0.710627 -0.152306 0.256326 0.02038
e_9_10 9 10 3 0.0125 -0.0280395 0.212607 0.0260221 0.650884 -0.680285 -0.181948 0.28365 0.028163
e_10_6 10 6 4 0.0125 -0.0442337 0.233038 0.0261377 0.648478 -0.683744 -0.180285 0.2819 0.023978
e_2_11 2 11 1 0.0125 0.0193907 0.105698 0.0160975 0.770134 0.425543 -0.295799 0.371901 0.02
e_11_12 11 12 2 0.0125 0.0191741 0.0875206 0.0238629 0.799021 0.585193 -0.0259769 0.135796 0.02
e_12_13 12 13 3 0.0125 0.019429 0.0681897 0.0279816 0.520448 0.425478 -0.519523 0.527446 0.02
e_13_14 13 14 4 0.0125 0.0183574 0.0484733 0.0270134 -0.268652 -0.338184 -0.695075 0.574742 0.02
e_14_5 14 5 5 0.0125 0.0205906 0.029062 0.0236293 0.144137 -0.0161777 0.75595 -0.638359 0.02
e_2_15 2 15 1 0.0125 -0.0287085 0.090084 0.0253809 0.523865 -0.231945 -0.569158 0.589768 0.113782
e_15_16 15 16 2 0.0125 -0.122023 0.0528224 0.056003 0.603232 -0.253079 -0.513979 0.554876 0.097286
e_16_17 16 17 3 0.0125 -0.176663 0.0395951 0.0771549 0.655868 -0.327923 -0.450156 0.509572 0.023392
e_17_18 17 18 4 0.0125 -0.196476 0.0373461 0.0857821 0.650206 -0.248604 -0.480725 0.533228 0.020215
e_18_19 18 19 5 0.0125 -0.214092 0.0327098 0.097222 0.756402 -0.115199 -0.416837 0.490746 0.023176
e_19_1 19 1 6 0.0125 -0.230417 0.0252835 0.110888 0.72155 -0.0343607 -0.457536 0.518504 0.022149
e_1_20 1 20 1 0.0125 -0.232875 -0.0161306 0.109349 -0.58818 -0.759159 0.168767 -0.221899 0.075848
e_20_4 20 4 2 0.0125 -0.22573 -0.0630833 0.0952946 -0.471773 -0.859393 0.119322 -0.156959 0.024152
e_1_21 1 21 1 0.0125 -0.217756 0.00513492 0.121344 0.596213 -0.0135036 0.649357 -0.471893 0.051758
e_21_3 21 3 2 0.0125 -0.175315 -0.0200177 0.12601 0.525562 -0.22773 0.65975 -0.486471 0.048242
4 22 21
3 0.00049125 -0.152076 0.0182962 0.0125
23 0.0152304 -0.169623 0.0202074 0.0125
22 0.0370022 -0.188847 0.020675 0.0125
4 -0.00664213 -0.160842 0.0114873 0.0125
21 0.0106224 -0.174012 0.0147027 0.0125
20 0.0470565 -0.198543 0.0180452 0.0125
5 -0.10749 0.0282928 0.0699556 0.0125
10 -0.0834404 0.0431472 0.062543 0.0125
6 -0.065342 0.202064 0.0505524 0.0125
9 -0.0488257 0.0514302 0.0575272 0.0125
2 -0.0171261 0.0621201 0.0478185 0.0125
19 0.0664359 -0.200019 0.0211501 0.0125
8 -0.0426036 0.104303 0.0533607 0.0125
11 0.00123148 0.027278 0.0397209 0.0125
12 0.0303572 -0.0615287 0.036317 0.0125
13 0.0364215 -0.0815452 0.0295698 0.0125
14 0.0403414 -0.102809 0.0240998 0.0125
15 0.043363 -0.124534 0.0235314 0.0125
16 0.0459613 -0.144369 0.0227847 0.0125
17 0.048691 -0.164162 0.0215572 0.0125
18 0.0573193 -0.182213 0.0212873 0.0125
1 0.0754443 -0.217154 0.0161295 0.0125
e_2_8 2 8 1 0.0125 -0.0298651 0.0832114 0.05059 0.50833 -0.640981 0.182394 0.545414 0.049591
e_8_6 8 6 2 0.0125 -0.0539728 0.153183 0.0519559 0.314272 -0.459762 0.550094 0.622293 0.100409
e_2_9 2 9 1 0.0125 -0.0329761 0.0567749 0.0526733 0.577955 0.531948 -0.278702 -0.552563 0.034834
e_9_10 9 10 2 0.0125 -0.066133 0.0472887 0.0600351 0.467218 0.595504 -0.27495 -0.592862 0.035943
e_10_5 10 5 3 0.0125 -0.0954646 0.03572 0.0662496 0.586039 0.587082 -0.168885 -0.532326 0.029223
e_2_11 2 11 1 0.0125 -0.00794687 0.0446996 0.0437696 0.61331 0.578531 0.515756 -0.152145 0.040206
e_11_12 11 12 2 0.0125 0.0157945 -0.0171251 0.0380186 0.661653 0.584215 0.420585 -0.209801 0.093523
e_12_13 12 13 3 0.0125 0.0333887 -0.071537 0.0329431 0.550697 0.641028 0.492535 -0.207907 0.021977
e_13_14 13 14 4 0.0125 0.038381 -0.0921776 0.0268349 0.563064 0.654047 0.441414 -0.245631 0.022303
e_14_15 14 15 5 0.0125 0.0418526 -0.113672 0.0238149 0.645183 0.618217 0.361624 -0.266035 0.021941
e_15_16 15 16 6 0.0125 0.0446626 -0.134451 0.0231579 0.639807 0.622299 0.362463 -0.268349 0.020019
e_16_17 16 17 7 0.0125 0.0473264 -0.154265 0.0221712 0.631359 0.626428 0.371821 -0.265939 0.020017
e_17_18 17 18 8 0.0125 0.0530049 -0.173188 0.021422 0.681813 0.549872 0.452098 -0.168462 0.02001
e_18_19 18 19 9 0.0125 0.0618778 -0.191116 0.0212192 0.686363 0.541897 0.45801 -0.159627 0.020004
e_19_1 19 1 10 0.0125 0.0709405 -0.208587 0.0186392 0.593081 0.587752 0.52921 -0.150797 0.02
e_1_20 1 20 1 0.0125 0.0612508 -0.207849 0.0170881 0.62014 -0.0218152 -0.686548 -0.37895 0.034
e_20_21 20 21 2 0.0125 0.0288391 -0.186277 0.0163739 0.197955 0.462728 -0.569059 -0.650284 0.04405
e_21_4 21 4 3 0.0125 0.00198977 -0.167427 0.0130949 -0.556088 0.706801 0.271426 -0.342822 0.021951
e_1_22 1 22 1 0.0125 0.0562239 -0.203001 0.0184026 0.718851 -0.2594 -0.62074 -0.175062 0.047956
e_22_23 22 23 2 0.0125 0.0261171 -0.179235 0.0204411 0.643628 -0.645253 -0.30282 0.278732 0.029048
e_23_3 23 3 3 0.0125 0.00786036 -0.16085 0.0192519 0.148499 -0.585381 0.44595 0.66061 0.022996
5 22 21
3 0.0618916 -0.136626 0.0725234 0.0125
23 0.061337 -0.0680046 0.0662924 0.0125
4 0.132159 0.00696391 0.122723 0.0125
22 0.118202 0.000115138 0.109357 0.0125
21 0.0859217 -0.0157459 0.0885835 0.0125
1 0.0620714 -0.0369688 0.0680441 0.0125
12 -0.150529 0.0456439 0.124359 0.0125
11 -0.151123 0.065439 0.118947 0.0125
10 -0.149758 0.084348 0.11109 0.0125
9 -0.148644 0.102962 0.103347 0.0125
2 -0.147993 0.169332 0.0965892 0.0125
19 0.042899 -0.00275903 0.0733375 0.0125
8 -0.148748 0.144928 0.0965847 0.0125
6 -0.147587 0.0243566 0.128219 0.0125
13 -0.15063 0.145683 0.093952 0.0125
5 -0.148118 0.0701132 0.102191 0.0125
14 -0.0745267 0.109223 0.0795721 0.0125
15 -0.0258894 0.0571167 0.075709 0.0125
16 -0.000606401 0.0392617 0.0712372 0.0125
17 0.0141576 0.0255725 0.0719792 0.0125
18 0.0291441 0.0120296 0.0746419 0.0125
20 0.0548949 -0.0182684 0.068929 0.0125
e_2_8 2 8 1 0.0125 -0.148371 0.157129 0.0965871 0.499603 0.514926 0.484714 -0.5003 0.024416
e_8_9 8 9 2 0.0125 -0.148696 0.123945 0.0999653 0.712897 0.606651 0.228976 -0.267061 0.042508
e_9_10 9 10 3 0.0125 -0.149201 0.0936553 0.107218 0.831222 0.555024 -0.0140705 -0.0286447 0.02019
e_10_11 10 11 4 0.0125 -0.150441 0.0748935 0.115019 0.831439 0.554564 -0.0319946 -0.0120075 0.020522
e_11_12 11 12 5 0.0125 -0.150827 0.055541 0.121653 0.764002 0.577941 0.18487 -0.219337 0.02053
e_12_6 12 6 6 0.0125 -0.149058 0.0350003 0.126289 0.62396 0.465861 0.441103 -0.446179 0.021834
e_2_13 2 13 1 0.0125 -0.149311 0.157508 0.0952705 -0.665513 -0.73323 0.132125 -0.0448202 0.023941
e_13_5 13 5 2 0.0125 -0.149374 0.107899 0.0980719 0.62794 0.551 0.377137 -0.399822 0.076059
e_2_14 2 14 1 0.0125 -0.11126 0.139277 0.0880811 0.278067 -0.324512 0.694925 -0.578317 0.096437
e_14_15 14 15 2 0.0125 -0.0502077 0.0831697 0.07764 0.327867 -0.182442 0.702692 -0.604518 0.071383
e_15_16 15 16 3 0.0125 -0.0132474 0.0481891 0.073473 0.325504 -0.318904 0.685411 -0.567944 0.031274
e_16_17 16 17 4 0.0125 0.00677601 0.0324166 0.0716081 0.419246 -0.138993 0.679895 -0.585369 0.020147
e_17_18 17 18 5 0.0125 0.0216509 0.018801 0.073311 0.493491 -0.0789117 0.654552 -0.567275 0.020374
e_18_19 18 19 6 0.0125 0.0360217 0.00463576 0.0739902 0.318778 -0.190618 0.704183 -0.605122 0.020239
e_19_20 19 20 7 0.0125 0.048897 -0.0105137 0.0711332 0.152721 -0.31225 0.715682 -0.605785 0.020097
e_20_1 20 1 8 0.0125 0.0584837 -0.0276181 0.0684864 0.229179 -0.0206026 0.722249 -0.652234 0.02005
e_1_21 1 21 1 0.0125 0.0739971 -0.0263579 0.0783141 0.861835 -0.380586 0.290905 -0.166637 0.037962
e_21_22 21 22 2 0.0125 0.102063 -0.00781541 0.0989699 0.83051 -0.338656 0.367756 -0.245602 0.041535
e_22_4 22 4 3 0.0125 0.125181 0.00353948 0.11604 0.883937 -0.265785 0.321542 -0.211243 0.020503
e_1_23 1 23 1 0.0125 0.0617046 -0.0524867 0.0671676 0.14923 0.174626 0.70546 -0.670494 0.031093
e_23_3 23 3 2 0.0125 0.0616148 -0.102315 0.0694078 0.633695 0.575948 0.350814 -0.379004 0.068907
6 25 24
3 0.245478 0.117344 0.0929466 0.0125
26 0.23716 0.127887 0.0728951 0.0125
25 0.225846 0.140704 0.0469704 0.0125
4 0.258197 0.256327 0.0130083 0.0125
24 0.244737 0.239675 0.0164401 0.0125
23 0.230828 0.222748 0.0167047 0.0125
22 0.221427 0.202811 0.0151861 0.0125
1 0.211421 0.17001 0.016291 0.0125
21 0.193585 0.158995 0.0158403 0.0125
6 -0.069315 -0.0299717 0.0658391 0.0125
11 -0.0657814 -0.0110094 0.0718137 0.0125
10 -0.0613828 0.00718029 0.0789559 0.0125
9 -0.056202 0.0265458 0.0825706 0.0125
2 -0.0458245 0.108251 0.116853 0.0125
19 0.150064 0.1429 0.0124987 0.0125
8 -0.0518701 0.0463158 0.0890737 0.0125
12 -0.0667997 0.0613028 0.114289 0.0125
13 -0.0763332 0.041424 0.116814 0.0125
5 -0.0828085 0.0159592 0.118425 0.0125
14 -0.00335873 0.113768 0.0818331 0.0125
15 0.0589493 0.118121 0.0340071 0.0125
16 0.0880803 0.122786 0.0217523 0.0125
17 0.107695 0.126937 0.0166432 0.0125
18 0.128904 0.136659 0.0155548 0.0125
20 0.174199 0.154114 0.0132637 0.0125
e_2_8 2 8 1 0.0125 -0.0488476 0.0772834 0.102964 -0.540868 -0.838859 -0.0115931 0.0603538 0.068148
e_8_9 8 9 2 0.0125 -0.0540365 0.0364309 0.0858219 -0.547017 -0.797145 -0.132377 0.218651 0.021258
e_9_10 9 10 3 0.0125 -0.0587926 0.016863 0.0807626 -0.548437 -0.736654 -0.21462 0.33241 0.02037
e_10_11 10 11 4 0.0125 -0.0635818 -0.00191468 0.0753844 -0.51368 -0.807045 -0.164173 0.240539 0.020031
e_11_6 11 6 5 0.0125 -0.0675483 -0.0204906 0.0688257 -0.56862 -0.800487 -0.0846867 0.169471 0.020193
e_2_12 2 12 1 0.0125 -0.0563119 0.0847762 0.115571 -0.148779 -0.431343 -0.582111 0.673019 0.051485
e_12_13 12 13 2 0.0125 -0.0715665 0.0513629 0.115552 0.34521 0.0224382 -0.665271 0.66162 0.02219
e_13_5 13 5 3 0.0125 -0.0795706 0.0286915 0.117619 -0.515988 -0.589541 -0.349076 0.514143 0.026325
e_2_14 2 14 1 0.0125 -0.0245917 0.111009 0.0993433 0.117242 -0.893736 0.133299 -0.411973 0.055319
e_14_15 14 15 2 0.0125 0.0277949 0.115945 0.0579198 0.106198 -0.883341 0.153894 -0.429822 0.078668
e_15_16 15 16 3 0.0125 0.0735147 0.120453 0.0278797 0.214928 -0.808151 0.196695 -0.511869 0.031946
e_16_17 16 17 4 0.0125 0.0978873 0.124862 0.0191982 0.281486 -0.76142 0.209106 -0.545234 0.02069
e_17_18 17 18 5 0.0125 0.1183 0.131798 0.0160986 0.425167 -0.703743 0.167451 -0.544003 0.023357
e_18_19 18 19 6 0.0125 0.139483 0.139779 0.0140269 0.347653 -0.726553 0.201838 -0.557243 0.022271
e_19_20 19 20 7 0.0125 0.162131 0.148507 0.0128814 0.453521 -0.67527 0.172159 -0.5556 0.026624
e_20_21 20 21 8 0.0125 0.183892 0.156554 0.0145525 0.433383 -0.616027 0.237889 -0.613269 0.020157
e_21_1 21 1 9 0.0125 0.202503 0.164503 0.0160661 0.484824 -0.686571 0.133692 -0.525064 0.020968
e_1_22 1 22 1 0.0125 0.216424 0.18641 0.0157392 0.627556 -0.71034 -0.107349 -0.300111 0.03431
e_22_23 22 23 2 0.0125 0.226127 0.212779 0.0159451 0.634909 -0.680312 -0.0531091 -0.362278 0.022095
e_23_24 23 24 3 0.0125 0.237783 0.231212 0.0165722 0.557348 -0.710976 0.0233142 -0.428174 0.021911
e_24_4 24 4 4 0.0125 0.251467 0.248001 0.0147245 0.509478 -0.760949 0.00926192 -0.401626 0.021684
e_1_25 1 25 1 0.0125 0.218633 0.155357 0.0316308 0.591951 0.0957964 0.385383 -0.701354 0.044812
e_25_26 25 26 2 0.0125 0.231502 0.134295 0.0599325 0.707908 0.0311207 0.285699 -0.645193 0.031054
e_26_3 26 3 3 0.0125 0.241319 0.122615 0.0829206 0.708479 0.0479952 0.286819 -0.643031 0.024133
7 27 26
3 0.25061 -0.0254961 0.0125241 0.0125
28 0.189401 -0.0163894 0.0370679 0.0125
4 0.0728639 0.0233426 0.0839617 0.0125
27 0.089246 0.0142679 0.0768883 0.0125
26 0.105368 0.0049232 0.0695336 0.0125
25 0.123726 -0.00275374 0.0645085 0.0125
1 0.158086 -0.00917745 0.046277 0.0125
24 0.142215 0.00436117 0.0447625 0.0125
23 0.122503 0.0199936 0.0488025 0.0125
22 0.110124 0.0342403 0.0565268 0.0125
21 0.0931813 0.052581 0.0642625 0.0125
12 -0.100325 0.145955 0.23232 0.0125
11 -0.0967391 0.154991 0.214821 0.0125
10 -0.0888226 0.16184 0.197644 0.0125
9 -0.0817712 0.167449 0.175183 0.0125
2 -0.0585042 0.180599 0.11564 0.0125
19 0.0659015 0.0866878 0.0755216 0.0125
8 -0.0708732 0.172978 0.139635 0.0125
6 -0.109566 0.13896 0.248651 0.0125
13 -0.0407617 0.181811 0.106489 0.0125
14 -0.0231619 0.183408 0.0971239 0.0125
15 -0.0042275 0.184881 0.0908553 0.0125
16 0.0152051 0.183304 0.0863927 0.0125
5 0.035006 0.181609 0.0841479 0.0125
17 0.0195312 0.12802 0.0894777 0.0125
18 0.0512706 0.10459 0.0812519 0.0125
20 0.0782043 0.0692059 0.0716265 0.0125
e_2_8 2 8 1 0.0125 -0.0646892 0.176788 0.127637 0.85158 0.231645 -0.136491 -0.450024 0.028051
e_8_9 8 9 2 0.0125 -0.0763224 0.170214 0.157408 0.845893 0.139532 -0.0877022 -0.507252 0.037589
e_9_10 9 10 3 0.0125 -0.0852969 0.164645 0.186413 0.857026 0.175415 -0.0719119 -0.479129 0.024201
e_10_11 10 11 4 0.0125 -0.0927807 0.158416 0.206233 0.861286 0.249533 -0.103787 -0.430289 0.020117
e_11_12 11 12 5 0.0125 -0.0985326 0.150472 0.223571 0.880437 0.250535 0.0127459 -0.402369 0.020017
e_12_6 12 6 6 0.0125 -0.104946 0.142457 0.240485 0.855523 0.271162 -0.136761 -0.419343 0.020025
e_2_13 2 13 1 0.0125 -0.0496331 0.181205 0.111064 -0.458803 -0.351723 -0.777866 -0.246405 0.02
e_13_14 13 14 2 0.0125 -0.0319618 0.182609 0.101806 -0.45018 -0.348554 -0.782698 -0.25146 0.02
e_14_15 14 15 3 0.0125 -0.0136949 0.184144 0.0939892 -0.322962 -0.639451 -0.497829 -0.488839 0.02
e_15_16 15 16 4 0.0125 0.00548929 0.184093 0.0886238 -0.0895481 -0.780459 -0.0493963 -0.616786 0.02
e_16_5 16 5 5 0.0125 0.0251053 0.182456 0.0852711 0.230271 -0.675235 0.316499 -0.625189 0.02
e_2_17 2 17 1 0.0125 -0.0194867 0.154309 0.102558 0.446997 0.773688 0.188005 0.407743 0.097665
e_17_18 17 18 2 0.0125 0.0354014 0.116305 0.0853646 0.533722 0.722669 0.282497 0.336282 0.0403
e_18_19 18 19 3 0.0125 0.058586 0.0956385 0.078387 0.520054 0.782014 0.0935136 0.330535 0.023819
e_19_20 19 20 4 0.0125 0.0720529 0.0779473 0.0735738 0.575732 0.75814 0.121799 0.28093 0.02173
e_20_21 20 21 5 0.0125 0.085693 0.0608937 0.0679449 0.445301 0.809866 0.0203583 0.381326 0.023557
e_21_22 21 22 6 0.0125 0.101652 0.0434103 0.0603949 0.45904 0.803542 0.047981 0.375899 0.026139
e_22_23 22 23 7 0.0125 0.116313 0.0271171 0.0526648 0.383919 0.826506 -0.0792135 0.404003 0.020394
e_23_24 23 24 8 0.0125 0.132359 0.0121774 0.0467825 0.580821 0.688935 0.323472 0.288759 0.025481
e_24_1 24 1 9 0.0125 0.150151 -0.00240837 0.0455193 0.729284 0.486767 0.476308 0.0658261 0.020916
e_1_25 1 25 1 0.0125 0.140906 -0.0059657 0.0553926 0.705353 0.20951 -0.47422 -0.483424 0.039425
e_25_26 25 26 2 0.0125 0.114547 0.00108473 0.0670211 0.615199 0.170059 -0.590465 -0.493925 0.020523
e_26_27 26 27 3 0.0125 0.0973076 0.00959545 0.0732108 0.624515 0.105834 -0.552486 -0.541793 0.020033
e_27_4 27 4 4 0.0125 0.0810549 0.0188052 0.080425 0.624315 0.11476 -0.55693 -0.535621 0.020019
e_1_28 1 28 1 0.0125 0.173743 -0.0127829 0.0416724 0.593673 0.0487611 0.797101 -0.0990157 0.033427
e_28_3 28 3 2 0.0125 0.220005 -0.0209427 0.0247962 -0.560019 -0.187175 -0.805792 -0.0451985 0.066573
8 17 16
3 -0.0168991 -0.176974 0.133868 0.0125
11 0.112287 0.113835 0.0558551 0.0125
10 0.095038 0.110611 0.0739641 0.0125
6 0.147988 0.199733 0.0319347 0.0125
9 0.125917 0.183098 0.0535308 0.0125
2 0.0544372 0.112164 0.108646 0.0125
8 0.108897 0.162881 0.0681964 0.0125
5 0.126833 0.122522 0.0428409 0.0125
12 0.0304714 -0.0119661 0.0980652 0.0125
13 0.0357789 -0.072937 0.093986 0.0125
14 0.0341315 -0.0957615 0.0898426 0.0125
15 0.0338928 -0.118935 0.0788747 0.0125
1 0.0409195 -0.175512 0.0522935 0.0125
18 0.00845665 -0.176595 0.0983534 0.0125
16 0.067815 -0.164313 0.0420226 0.0125
17 0.0947066 -0.15317 0.0321323 0.0125
4 0.128619 -0.144116 0.0166425 0.0125
e_2_8 2 8 1 0.0125 0.0816665 0.137522 0.088421 0.387854 -0.854163 0.0958358 -0.332851 0.084701
e_8_9 8 9 2 0.0125 0.117407 0.172989 0.0608636 0.336861 -0.85272 -0.124423 -0.379358 0.030224
e_9_6 9 6 3 0.0125 0.136953 0.191415 0.0427324 -0.061844 -0.634272 -0.636827 -0.433964 0.035075
e_2_10 2 10 1 0.0125 0.0747382 0.111387 0.0913052 -0.0396443 0.900059 -0.120457 0.416908 0.05342
e_10_11 10 11 2 0.0125 0.103663 0.112223 0.0649093 -0.221818 0.835643 -0.400976 0.302847 0.025216
e_11_5 11 5 3 0.0125 0.11956 0.118179 0.0493477 -0.35657 -0.0842407 -0.893016 -0.261311 0.021364
e_2_12 2 12 1 0.0125 0.0424538 0.0500992 0.103355 0.598119 0.573126 -0.461768 0.317098 0.126864
e_12_13 12 13 2 0.0125 0.0331248 -0.0424516 0.0960252 0.574631 0.64614 -0.340222 0.369528 0.061338
e_13_14 13 14 3 0.0125 0.0349555 -0.0843492 0.0919147 0.546552 0.623834 -0.44712 0.334957 0.023256
e_14_15 14 15 4 0.0125 0.0340122 -0.107349 0.0843586 0.426628 0.668616 -0.516564 0.322651 0.025639
e_15_1 15 1 5 0.0125 0.0374066 -0.147223 0.0655843 0.409998 0.705818 -0.46164 0.347291 0.062903
e_1_16 1 16 1 0.0125 0.0543669 -0.169912 0.0471576 0.507626 0.0840561 0.811897 0.275814 0.030891
e_16_17 16 17 2 0.0125 0.0812611 -0.158741 0.0370771 0.514042 0.0782676 0.809152 0.273692 0.030743
e_17_4 17 4 3 0.0125 0.111662 -0.148643 0.0243871 0.344113 0.492265 0.677897 0.423932 0.038366
e_1_18 1 18 1 0.0125 0.0246879 -0.176053 0.0753235 0.946385 -0.0260834 -0.301172 0.11389 0.056361
e_18_3 18 3 2 0.0125 -0.00422207 -0.176784 0.116111 0.945837 -0.0310129 -0.303513 0.11095 0.043639
9 26 25
3 0.107901 0.288526 0.0313876 0.0125
27 0.11938 0.276827 0.0428609 0.0125
26 0.129881 0.264729 0.0548368 0.0125
25 0.14032 0.255202 0.0690279 0.0125
4 0.21828 0.260516 0.0232669 0.0125
24 0.197864 0.248254 0.0473856 0.0125
23 0.171682 0.240592 0.0823485 0.0125
1 0.161199 0.243807 0.101142 0.0125
22 0.150221 0.228012 0.0956529 0.0125
21 0.142085 0.209879 0.0934026 0.0125
12 0.0377344 -0.0684039 0.240169 0.0125
11 0.0460099 -0.0649591 0.222157 0.0125
10 0.0485195 -0.0647126 0.20175 0.0125
9 0.0508934 -0.0575063 0.176925 0.0125
2 0.0607304 -0.0332219 0.119741 0.0125
19 0.12631 0.173894 0.0983315 0.0125
8 0.054526 -0.0500148 0.15582 0.0125
6 0.0294594 -0.0720398 0.258452 0.0125
13 0.0883196 -0.00399036 0.131328 0.0125
14 0.101238 0.0134455 0.139994 0.0125
5 0.122236 0.0398558 0.148521 0.0125
15 0.0859565 0.0789803 0.109475 0.0125
16 0.0914092 0.104832 0.107506 0.0125
17 0.106107 0.137222 0.103067 0.0125
18 0.115915 0.15678 0.100922 0.0125
20 0.136271 0.190757 0.0941782 0.0125
e_2_8 2 8 1 0.0125 0.0576277 -0.0416189 0.13778 0.945225 0.188924 -0.128124 0.233329 0.040277
e_8_9 8 9 2 0.0125 0.0527097 -0.0537606 0.166372 0.954569 0.144032 -0.118911 0.232194 0.022687
e_9_10 9 10 3 0.0125 0.049706 -0.0611096 0.189337 0.958133 0.124506 -0.0795774 0.245249 0.025958
e_10_11 10 11 4 0.0125 0.0472649 -0.0648362 0.211953 0.970199 -0.00853206 -0.0608409 0.23439 0.020563
e_11_12 11 12 5 0.0125 0.0418725 -0.0666817 0.231164 0.957254 0.0480875 -0.223719 0.176923 0.02012
e_12_6 12 6 6 0.0125 0.0335973 -0.070222 0.249311 0.957287 0.051831 -0.221593 0.178356 0.020395
e_2_13 2 13 1 0.0125 0.0745246 -0.0186063 0.125534 0.703616 -0.189443 0.570626 0.378711 0.041832
e_13_14 13 14 2 0.0125 0.0947782 0.0047274 0.135661 0.751001 -0.268236 0.492546 0.34849 0.023366
e_14_5 14 5 3 0.0125 0.111737 0.0266506 0.144258 0.699828 -0.249986 0.561248 0.364347 0.034802
e_2_15 2 15 1 0.0125 0.0733435 0.0228795 0.114608 0.638078 -0.627831 0.387667 0.219998 0.115461
e_15_16 15 16 2 0.0125 0.0886829 0.0919066 0.10849 0.645765 -0.633121 0.369221 0.214058 0.026494
e_16_17 16 17 3 0.0125 0.098758 0.121027 0.105286 0.582676 -0.453996 0.596493 0.313962 0.035844
e_17_18 17 18 4 0.0125 0.111011 0.147001 0.101994 0.586619 -0.416523 0.612603 0.327267 0.021984
e_18_19 18 19 5 0.0125 0.121112 0.165337 0.0996264 0.555188 -0.328841 0.675298 0.357215 0.020191
e_19_20 19 20 6 0.0125 0.131291 0.182325 0.0962545 0.516406 -0.322816 0.706761 0.360006 0.020021
e_20_21 20 21 7 0.0125 0.139178 0.200318 0.0937909 0.644318 -0.563464 0.449323 0.255873 0.020002
e_21_22 21 22 8 0.0125 0.146153 0.218946 0.0945277 0.681503 -0.44457 0.496088 0.302998 0.020001
e_22_1 22 1 9 0.0125 0.15571 0.23591 0.0983974 0.7184 -0.295233 0.525001 0.348015 0.020002
e_1_23 1 23 1 0.0125 0.166441 0.2422 0.0917449 0.1112 0.955528 0.137219 0.236159 0.021759
e_23_24 23 24 2 0.0125 0.184774 0.244423 0.064867 0.0619421 0.84038 0.433555 0.319305 0.044345
e_24_4 24 4 3 0.0125 0.208072 0.254385 0.0353259 0.0761883 0.681347 0.625736 0.372042 0.033895
e_1_25 1 25 1 0.0125 0.150759 0.249504 0.085085 0.205408 0.331314 -0.889959 -0.236669 0.039964
e_25_26 25 26 2 0.0125 0.1351 0.259965 0.0619321 0.263338 0.0644939 -0.922007 -0.276401 0.020028
e_26_27 26 27 3 0.0125 0.124631 0.270778 0.0488491 0.355041 -0.177983 -0.876194 -0.273042 0.020001
e_27_3 27 3 4 0.0125 0.113641 0.282676 0.0371246 0.379783 -0.167232 -0.871077 -0.262723 0.020007
10 24 23
3 -0.083554 0.0479972 0.210371 0.0125
25 -0.0789533 0.0705362 0.204048 0.0125
24 -0.0706475 0.103874 0.190824 0.0125
4 -0.00764298 0.206205 0.122927 0.0125
23 -0.0184794 0.192439 0.132574 0.0125
22 -0.0288785 0.178277 0.142129 0.0125
21 -0.0405078 0.16312 0.14805 0.0125
20 -0.0497015 0.147827 0.157082 0.0125
12 -0.122452 -0.191412 0.120168 0.0125
11 -0.105843 -0.180661 0.116944 0.0125
10 -0.0904697 -0.170842 0.107444 0.0125
9 -0.0728496 -0.159441 0.0936092 0.0125
2 -0.0172149 -0.14078 0.068333 0.0125
19 -0.0517274 0.117239 0.158645 0.0125
8 -0.0529671 -0.15139 0.0868442 0.0125
6 -0.140996 -0.199224 0.119964 0.0125
13 -0.0275614 -0.16502 0.0508994 0.0125
14 -0.0363904 -0.187016 0.0354772 0.0125
5 -0.0500638 -0.217921 0.01385 0.0125
15 -0.0220398 -0.00669111 0.105457 0.0125
16 -0.0321062 0.0300508 0.109771 0.0125
17 -0.0369891 0.0602794 0.122583 0.0125
18 -0.0462567 0.101675 0.146424 0.0125
1 -0.0558675 0.133514 0.169617 0.0125
e_2_8 2 8 1 0.0125 -0.0350916 -0.146085 0.0775887 0.845819 0.19856 -0.488133 -0.0830041 0.041635
e_8_9 8 9 2 0.0125 -0.0629085 -0.155416 0.090227 0.80217 0.277269 -0.522226 -0.0832186 0.022492
e_9_10 9 10 3 0.0125 -0.0816596 -0.165141 0.100527 0.880205 0.266867 -0.391908 -0.0207313 0.025136
e_10_11 10 11 4 0.0125 -0.0981558 -0.175751 0.112194 0.854373 0.295194 -0.426506 -0.0316266 0.020567
e_11_12 11 12 5 0.0125 -0.114148 -0.186036 0.118556 0.759717 0.391637 -0.515956 -0.056919 0.020046
e_12_6 12 6 6 0.0125 -0.131724 -0.195318 0.120066 0.695294 0.372468 -0.605262 -0.107199 0.020123
e_2_13 2 13 1 0.0125 -0.0223882 -0.1529 0.0596162 0.471104 0.771791 -0.42449 0.0469963 0.031599
e_13_14 13 14 2 0.0125 -0.0319761 -0.176017 0.0431886 0.473897 0.774954 -0.414894 0.0522575 0.028278
e_14_5 14 5 3 0.0125 -0.0432271 -0.202468 0.0246636 0.478008 0.76572 -0.428003 0.0446603 0.040123
e_2_15 2 15 1 0.0125 -0.0196269 -0.0737354 0.0868952 0.787548 -0.595715 -0.108581 -0.114458 0.139216
e_15_16 15 16 2 0.0125 -0.0270729 0.0116798 0.107615 0.711297 -0.559774 -0.361099 -0.224313 0.03834
e_16_17 16 17 3 0.0125 -0.0345477 0.0451651 0.116177 0.823775 -0.528553 -0.166247 -0.119954 0.033192
e_17_18 17 18 4 0.0125 -0.0416223 0.0809767 0.134504 0.856661 -0.475643 -0.169677 -0.105386 0.048662
e_18_19 18 19 5 0.0125 -0.0489922 0.109457 0.152535 0.887906 -0.405921 -0.193963 -0.0960734 0.020531
e_19_1 19 1 6 0.0125 -0.053797 0.125377 0.164131 0.874327 -0.445876 -0.166485 -0.0950198 0.020059
e_1_20 1 20 1 0.0125 -0.0527837 0.14067 0.163349 -0.431012 0.801981 -0.412536 -0.0294828 0.02
e_20_21 20 21 2 0.0125 -0.0451045 0.155473 0.152566 0.428173 -0.344422 0.779227 0.301406 0.02
e_21_22 21 22 3 0.0125 -0.0346934 0.170698 0.145089 0.505223 -0.286978 0.752105 0.311016 0.02
e_22_23 22 23 4 0.0125 -0.0236791 0.185358 0.137352 0.314722 -0.0259059 0.859179 0.402605 0.02
e_23_4 23 4 5 0.0125 -0.0130618 0.199322 0.12775 0.286764 0.0585553 0.858929 0.420213 0.02
e_1_24 1 24 1 0.0125 -0.0632571 0.118694 0.18022 0.874026 0.40951 -0.250362 0.0754922 0.039328
e_24_25 24 25 2 0.0125 -0.0747998 0.0872056 0.197436 0.816364 0.524872 -0.211911 0.114683 0.036815
e_25_3 25 3 3 0.0125 -0.0812532 0.059266 0.20721 0.785828 0.568199 -0.211253 0.122464 0.023858
