10
1 20 19
3 -0.104231 0.0214806 0.0601752 0.0125
21 -0.106632 0.00367361 0.0479369 0.0125
20 -0.108153 -0.0143298 0.0386839 0.0125
19 -0.106351 -0.0400296 0.0237324 0.0125
10 -0.260815 0.0762173 0.065563 0.0125
5 -0.368357 0.202766 0.12706 0.0125
6 -0.295096 0.265694 0.0102484 0.0125
9 -0.346544 0.177541 0.110287 0.0125
2 -0.309119 0.135326 0.0829936 0.0125
8 -0.299755 0.204127 0.0442857 0.0125
11 -0.240246 0.0509476 0.0550422 0.0125
12 -0.195196 0.00779521 0.0318798 0.0125
13 -0.180327 -0.00967399 0.0253235 0.0125
14 -0.159781 -0.0331132 0.0178227 0.0125
15 -0.142805 -0.0472865 0.0179413 0.0125
16 -0.123191 -0.0549839 0.0153398 0.0125
1 -0.104522 -0.0647 0.0102496 0.0125
18 -0.0569889 -0.114024 0.0418564 0.0125
17 -0.0686112 -0.0973834 0.0333837 0.0125
4 -0.0394877 -0.129544 0.0481351 0.0125
e_2_8 2 8 1 0.0125 -0.304437 0.169727 0.0636401 0.160456 -0.38094 -0.773524 -0.480415 0.079496
e_8_6 8 6 2 0.0125 -0.297425 0.234911 0.0272673 0.180831 -0.366039 -0.779363 -0.475299 0.070504
e_2_9 2 9 1 0.0125 -0.327831 0.156434 0.09664 0.666087 -0.0947718 -0.522754 -0.523522 0.062671
e_9_5 9 5 2 0.0125 -0.357451 0.190154 0.118673 0.666952 -0.0976666 -0.51555 -0.529003 0.037329
e_2_10 2 10 1 0.0125 -0.284967 0.105771 0.0742776 -0.25098 0.20917 -0.753363 0.570703 0.0783
e_10_11 10 11 2 0.0125 -0.250531 0.0635825 0.0603026 -0.289082 0.136561 -0.796859 0.512639 0.034239
e_11_12 11 12 3 0.0125 -0.217722 0.0293718 0.043461 -0.451547 -0.0863421 -0.816447 0.349377 0.066544
e_12_13 12 13 4 0.0125 -0.187762 -0.000939227 0.0286012 -0.314552 0.123704 -0.788726 0.513484 0.023859
e_13_14 13 14 5 0.0125 -0.170054 -0.0213931 0.0215727 -0.326513 0.128195 -0.774945 0.525752 0.032059
e_14_15 14 15 6 0.0125 -0.151293 -0.0401997 0.0178827 -0.6413 -0.639653 -0.296915 -0.302358 0.022116
e_15_16 15 16 7 0.0125 -0.132998 -0.051135 0.0166401 -0.492991 -0.669466 -0.336308 -0.442349 0.02123
e_16_1 16 1 8 0.0125 -0.113857 -0.0598419 0.0127944 -0.592573 -0.547131 -0.564074 -0.17699 0.021653
e_1_17 1 17 1 0.0125 -0.0865672 -0.0810415 0.0218171 0.667487 0.0412344 0.532203 -0.519154 0.053786
e_17_18 17 18 2 0.0125 -0.0628007 -0.105704 0.0376198 0.813309 0.376931 0.406609 -0.176411 0.021995
e_18_4 18 4 3 0.0125 -0.0482387 -0.121784 0.044995 0.583659 -0.0114688 0.608483 -0.537549 0.024219
e_1_19 1 19 1 0.0125 -0.105437 -0.0523653 0.0169915 0.527894 -0.282838 -0.42512 -0.678678 0.028174
e_19_20 19 20 2 0.0125 -0.107252 -0.0271804 0.0312079 0.534893 -0.279805 -0.4132 -0.68181 0.029786
e_20_21 20 21 3 0.0125 -0.107392 -0.00532875 0.0433102 0.479881 -0.328662 -0.405048 -0.70543 0.020299
e_21_3 21 3 4 0.0125 -0.105432 0.0125768 0.0540558 0.509003 -0.317825 -0.342825 -0.722755 0.02174
2 26 25
3 -0.1039 0.0780199 0.0125722 0.0125
27 -0.117503 0.0929043 0.0111899 0.0125
26 -0.130704 0.10945 0.0121208 0.0125
25 -0.148935 0.130137 0.0225514 0.0125
4 -0.196882 0.23949 0.0121907 0.0125
24 -0.178285 0.172686 0.0267158 0.0125
1 -0.170892 0.14545 0.0340165 0.0125
23 -0.157085 0.131745 0.0387807 0.0125
22 -0.147222 0.115393 0.0448672 0.0125
21 -0.134961 0.0996047 0.0480782 0.0125
6 0.00691537 0.212908 0.0285349 0.0125
11 0.013992 0.191375 0.0287742 0.0125
10 0.0220784 0.172436 0.023787 0.0125
9 0.0444245 0.141972 0.0180383 0.0125
2 0.0871032 0.0904428 0.0141939 0.0125
19 -0.100623 0.0757496 0.0424222 0.0125
8 0.0630366 0.12707 0.0188397 0.0125
12 0.058363 0.085294 0.0220672 0.0125
13 0.0362936 0.0810201 0.0296266 0.0125
14 0.0123116 0.0762646 0.0373843 0.0125
5 -0.00682231 0.0722508 0.0431845 0.0125
15 0.0609025 0.0845201 0.0151769 0.0125
16 -0.0273194 0.0627381 0.0174338 0.0125
17 -0.0489921 0.0615386 0.0245362 0.0125
18 -0.0769815 0.069934 0.0341346 0.0125
20 -0.118961 0.084964 0.0453387 0.0125
e_2_8 2 8 1 0.0125 0.0750702 0.108757 0.0165172 0.731676 -0.484991 -0.460512 -0.131767 0.044072
e_8_9 8 9 2 0.0125 0.05373 0.134521 0.0184395 0.69378 -0.413708 -0.58793 -0.0430508 0.023856
e_9_10 9 10 3 0.0125 0.0332516 0.157204 0.0209121 0.749287 -0.459513 -0.462202 -0.117416 0.038216
e_10_11 10 11 4 0.0125 0.0180355 0.181906 0.026281 0.76582 -0.499491 -0.364425 -0.176702 0.021188
e_11_6 11 6 5 0.0125 0.0104533 0.202142 0.0286547 0.673206 -0.582052 -0.408038 -0.203751 0.022668
e_2_12 2 12 1 0.0125 0.0727329 0.087868 0.0181308 0.773614 -0.0297388 -0.607404 0.178038 0.030241
e_12_13 12 13 2 0.0125 0.0473287 0.0831568 0.0258467 0.792671 -0.0160195 -0.583407 0.176214 0.023716
e_13_14 13 14 3 0.0125 0.0243026 0.0786424 0.0335055 0.786927 -0.0163493 -0.590346 0.178806 0.025651
e_14_5 14 5 4 0.0125 0.00274445 0.0742573 0.0402846 0.780183 -0.0142062 -0.597988 0.183091 0.020392
e_2_15 2 15 1 0.0125 0.0740025 0.0874817 0.0146856 0.690424 -0.0450432 -0.692591 0.203969 0.02688
e_15_16 15 16 2 0.0125 0.0167915 0.0736291 0.0163054 0.684452 -0.0384689 -0.697214 0.209614 0.090899
e_16_17 16 17 3 0.0125 -0.0381557 0.062138 0.0209845 0.796725 -0.0722692 -0.582483 0.143942 0.022839
e_17_18 17 18 4 0.0125 -0.0629864 0.0657361 0.0293352 0.808068 -0.206481 -0.548937 0.0553122 0.030757
e_18_19 18 19 5 0.0125 -0.0888024 0.0728414 0.0382786 0.810252 -0.185786 -0.551688 0.0679365 0.025719
e_19_20 19 20 6 0.0125 -0.109792 0.0803568 0.0438804 0.755086 -0.304683 -0.580373 0.0134356 0.020729
e_20_21 20 21 7 0.0125 -0.126961 0.092284 0.0467086 0.747456 -0.403775 -0.523723 -0.063159 0.021859
e_21_22 21 22 8 0.0125 -0.141091 0.107498 0.0464729 0.639527 -0.514819 -0.560586 -0.108211 0.020246
e_22_23 22 23 9 0.0125 -0.152153 0.123569 0.0418242 0.573797 -0.575099 -0.566658 -0.137539 0.020043
e_23_1 23 1 10 0.0125 -0.163988 0.138598 0.0363984 0.613279 -0.486984 -0.617888 -0.0703502 0.020029
e_1_24 1 24 1 0.0125 -0.174588 0.159068 0.030366 0.57344 -0.642249 -0.461228 -0.21436 0.029151
e_24_4 24 4 2 0.0125 -0.187583 0.206088 0.0194537 0.593036 -0.632731 -0.449624 -0.214006 0.070849
e_1_25 1 25 1 0.0125 -0.159913 0.137793 0.0282834 -0.527849 -0.652526 -0.520638 -0.156588 0.029122
e_25_26 25 26 2 0.0125 -0.139819 0.119794 0.0173359 0.144936 0.683364 -0.458169 0.549626 0.02948
e_26_27 26 27 3 0.0125 -0.124103 0.101177 0.0116547 0.604713 0.712383 0.120298 0.335203 0.021187
e_27_3 27 3 4 0.0125 -0.110702 0.0854619 0.0118807 0.698947 0.616413 0.292975 0.213712 0.020211
3 26 25
3 0.0694207 0.0471754 0.0395045 0.0125
27 0.0542264 0.0299073 0.043131 0.0125
26 0.0367985 0.0193766 0.0478662 0.0125
25 0.0228709 0.00843489 0.0582666 0.0125
4 -0.00983214 -0.0815805 0.134962 0.0125
24 -0.00842654 -0.0652466 0.123507 0.0125
23 -0.00706507 -0.0489845 0.111944 0.0125
22 -0.00638772 -0.0345695 0.0980964 0.0125
21 -0.00576601 -0.0199321 0.0844815 0.0125
1 -0.00569811 -0.0103453 0.0669287 0.0125
11 0.238977 -0.169403 0.0156335 0.0125
10 0.251932 -0.150707 0.0168894 0.0125
6 0.331937 0.00291736 0.0126764 0.0125
9 0.318214 -0.0235893 0.016912 0.0125
2 0.262083 -0.128912 0.0256517 0.0125
19 0.0299727 -0.0280281 0.0640069 0.0125
8 0.29787 -0.0602203 0.016861 0.0125
12 0.224194 -0.185091 0.012664 0.0125
5 0.200365 -0.202921 0.0152114 0.0125
13 0.157533 -0.0965177 0.0332073 0.0125
14 0.12027 -0.0817681 0.0343315 0.0125
15 0.0985935 -0.0670236 0.0402565 0.0125
16 0.0824085 -0.0553159 0.0451922 0.0125
17 0.0639039 -0.0465139 0.0548447 0.0125
18 0.0481647 -0.035935 0.0613405 0.0125
20 0.0116217 -0.0200148 0.0643529 0.0125
e_2_8 2 8 1 0.0125 0.279977 -0.0945656 0.0212562 -0.090795 -0.251249 -0.702322 -0.659829 0.077952
e_8_9 8 9 2 0.0125 0.308042 -0.0419056 0.0168866 0.0969218 -0.424493 -0.564977 -0.700866 0.0419
e_9_6 9 6 3 0.0125 0.325075 -0.0103364 0.0147937 -0.137921 -0.198325 -0.728646 -0.640875 0.030148
e_2_10 2 10 1 0.0125 0.257007 -0.139809 0.0212709 0.468534 0.806233 0.145537 -0.330581 0.02559
e_10_11 10 11 2 0.0125 0.245455 -0.160055 0.0162621 0.518555 0.721946 0.0797584 -0.451147 0.02278
e_11_12 11 12 3 0.0125 0.231585 -0.177247 0.0141492 0.466275 0.75356 0.0196827 -0.462978 0.02176
e_12_5 12 5 4 0.0125 0.212279 -0.194006 0.013938 0.484015 0.674402 -0.0503306 -0.555318 0.029869
e_2_13 2 13 1 0.0125 0.209808 -0.112714 0.0294294 0.241769 0.548296 -0.406126 -0.689914 0.109714
e_13_14 13 14 2 0.0125 0.138902 -0.0891429 0.0337694 0.208497 0.545569 -0.433967 -0.685971 0.040092
e_14_15 14 15 3 0.0125 0.109432 -0.0743962 0.0372941 0.220956 0.395821 -0.482815 -0.749262 0.026877
e_15_16 15 16 4 0.0125 0.0905015 -0.0611697 0.0427239 0.222144 0.377262 -0.48759 -0.755368 0.020576
e_16_17 16 17 5 0.0125 0.0731564 -0.0509152 0.0500181 0.332999 0.353792 -0.402192 -0.776005 0.022651
e_17_18 17 18 6 0.0125 0.0560341 -0.0412242 0.0580929 0.262983 0.35179 -0.462842 -0.769975 0.020046
e_18_19 18 19 7 0.0125 0.0390684 -0.0319819 0.0626738 0.234402 0.492011 -0.437384 -0.715315 0.020014
e_19_20 19 20 8 0.0125 0.0207974 -0.0240213 0.0641806 0.195677 0.540789 -0.446004 -0.685813 0.020027
e_20_1 20 1 9 0.0125 0.00296197 -0.0151809 0.0656409 0.208055 0.464645 -0.468734 -0.721877 0.020003
e_1_21 1 21 1 0.0125 -0.00573222 -0.0151394 0.0757049 0.755708 0.194022 0.15344 -0.606397 0.02
e_21_22 21 22 2 0.0125 -0.00607654 -0.027251 0.0912893 0.747322 0.335234 0.217364 -0.530924 0.02
e_22_23 22 23 3 0.0125 -0.00672654 -0.0417771 0.10502 0.747761 0.329166 0.213204 -0.535768 0.02
e_23_24 23 24 4 0.0125 -0.00774564 -0.0571149 0.117726 0.73146 0.398602 0.228124 -0.504026 0.02
e_24_4 24 4 5 0.0125 -0.00912934 -0.0734136 0.129235 0.730486 0.401816 0.228432 -0.502746 0.02
e_1_25 1 25 1 0.0125 0.00858656 -0.000955543 0.0625973 0.532291 -0.0467514 0.787792 0.306373 0.035269
e_25_26 25 26 2 0.0125 0.0298344 0.0139054 0.0530666 -0.143636 0.808304 0.315951 0.475593 0.02054
e_26_27 26 27 3 0.0125 0.0455124 0.024642 0.0454986 0.560851 -0.075631 0.779439 0.268702 0.020906
e_27_3 27 3 4 0.0125 0.0618242 0.0385415 0.041318 0.226824 -0.669816 -0.359471 -0.608833 0.023285
4 20 19
3 0.0621255 0.149455 0.0441505 0.0125
21 0.0661235 0.173716 0.0326754 0.0125
20 0.0728751 0.194132 0.0292159 0.0125
19 0.0808643 0.216215 0.0293926 0.0125
10 -0.0694705 0.230746 0.0402851 0.0125
5 -0.285576 0.216145 0.12154 0.0125
6 -0.351085 0.245723 0.0909778 0.0125
9 -0.260556 0.225197 0.105427 0.0125
2 -0.203859 0.232305 0.0669386 0.0125
8 -0.316495 0.241697 0.0818999 0.0125
11 -0.0489058 0.2294 0.0309653 0.0125
12 -0.0297988 0.232123 0.0256769 0.0125
13 -0.0107639 0.235321 0.0200611 0.0125
14 0.00810344 0.23208 0.0141742 0.0125
15 0.02822 0.232248 0.0124828 0.0125
16 0.0480076 0.233301 0.0154359 0.0125
17 0.0673955 0.236721 0.018967 0.0125
1 0.0866398 0.241827 0.0208748 0.0125
18 0.124883 0.202067 0.0385033 0.0125
4 0.140948 0.166232 0.0536323 0.0125
e_2_8 2 8 1 0.0125 -0.260177 0.237001 0.0744192 0.749257 0.00220339 -0.659079 -0.0649965 0.114013
e_8_6 8 6 2 0.0125 -0.33379 0.24371 0.0864388 0.78751 -0.0110811 -0.611346 -0.0772098 0.035987
e_2_9 2 9 1 0.0125 -0.232207 0.228751 0.0861834 0.882743 0.0636672 -0.465417 -0.0099047 0.068895
e_9_5 9 5 2 0.0125 -0.273066 0.220671 0.113484 0.869386 0.136861 -0.471461 0.0562343 0.031105
e_2_10 2 10 1 0.0125 -0.136665 0.231526 0.0536113 -0.634118 0.0215769 -0.772528 0.0250801 0.137015
e_10_11 10 11 2 0.0125 -0.0591881 0.230074 0.0356252 -0.526468 0.147234 -0.827251 0.129652 0.022618
e_11_12 11 12 3 0.0125 -0.0393523 0.230761 0.0283211 -0.42749 -0.479315 -0.634348 -0.430246 0.020012
e_12_13 12 13 4 0.0125 -0.0202814 0.233722 0.0228685 -0.405855 -0.491528 -0.630935 -0.442269 0.020102
e_13_14 13 14 5 0.0125 -0.00133022 0.2337 0.0171176 -0.405314 0.486737 -0.640349 0.434466 0.020029
e_14_15 14 15 6 0.0125 0.0181621 0.232164 0.0133279 0.501738 -0.49863 0.54153 -0.454282 0.020188
e_15_16 15 16 7 0.0125 0.0381133 0.232774 0.0139594 0.729037 -0.21024 0.618143 -0.205435 0.020034
e_16_17 16 17 8 0.0125 0.0577015 0.235012 0.017201 0.656532 -0.422102 0.48329 -0.396518 0.020002
e_17_1 17 1 9 0.0125 0.0770172 0.239274 0.0199209 0.489249 -0.601746 0.300335 -0.555281 0.02
e_1_18 1 18 1 0.0125 0.105761 0.221947 0.0296886 0.640099 0.586174 0.0648844 0.492406 0.057915
e_18_4 18 4 2 0.0125 0.132916 0.184149 0.0460672 0.685252 0.557924 -0.0947292 0.45845 0.042085
e_1_19 1 19 1 0.0125 0.083752 0.229021 0.0251332 0.72627 0.458049 -0.368642 0.356125 0.027602
e_19_20 19 20 2 0.0125 0.0768692 0.205174 0.0293038 0.609102 0.455772 -0.544084 0.353889 0.023484
e_20_21 20 21 3 0.0125 0.0694993 0.183925 0.0309452 0.675669 0.452778 -0.464302 0.350553 0.02178
e_21_3 21 3 4 0.0125 0.0641245 0.161586 0.0384125 0.76889 0.447246 -0.29752 0.346787 0.027134
5 20 19
3 -0.0696071 -0.25118 0.062639 0.0125
21 -0.128282 -0.234456 0.0306739 0.0125
4 -0.0538127 -0.223989 0.0310256 0.0125
20 -0.124761 -0.224113 0.0132435 0.0125
5 -0.204952 -0.0292284 0.0889832 0.0125
10 -0.24791 0.00163419 0.0422161 0.0125
6 -0.366078 0.115288 0.0289461 0.0125
9 -0.330916 0.0660775 0.0177793 0.0125
2 -0.261169 0.0130047 0.0185726 0.0125
19 -0.146799 -0.206069 0.0161858 0.0125
8 -0.305796 0.0487442 0.0124008 0.0125
11 -0.180666 -0.0585039 0.0128471 0.0125
12 -0.163918 -0.0735366 0.0136897 0.0125
13 -0.143135 -0.0935835 0.014775 0.0125
14 -0.133103 -0.111327 0.0181382 0.0125
15 -0.128844 -0.130752 0.0204117 0.0125
16 -0.127565 -0.150528 0.0231305 0.0125
17 -0.130962 -0.170246 0.0242918 0.0125
18 -0.138695 -0.18842 0.0209728 0.0125
1 -0.151583 -0.225098 0.0122866 0.0125
e_2_8 2 8 1 0.0125 -0.283483 0.0308744 0.0154867 0.668066 -0.469481 -0.577279 0.00502089 0.057506
e_8_9 8 9 2 0.0125 -0.318356 0.0574108 0.0150901 0.76546 -0.344724 -0.542577 -0.0290919 0.03099
e_9_6 9 6 3 0.0125 -0.348497 0.0906823 0.0233626 0.764979 -0.554196 -0.319507 0.0747647 0.061504
e_2_10 2 10 1 0.0125 -0.254539 0.00731962 0.0303937 0.948678 0.191735 0.247143 -0.0465584 0.029395
e_10_5 10 5 2 0.0125 -0.226431 -0.0137969 0.065599 0.910937 0.225915 0.34318 -0.0372031 0.070605
e_2_11 2 11 1 0.0125 -0.220918 -0.022749 0.0157099 0.686333 0.442063 0.575438 -0.0489748 0.107828
e_11_12 11 12 2 0.0125 -0.172292 -0.06602 0.0132692 0.718429 0.425945 0.547599 -0.0506575 0.022522
e_12_13 12 13 3 0.0125 -0.153527 -0.0835596 0.0142325 0.717991 0.440477 0.535915 -0.057133 0.028896
e_13_14 13 14 4 0.0125 -0.138119 -0.102455 0.0164568 0.755002 0.513128 0.394075 -0.106661 0.020659
e_14_15 14 15 5 0.0125 -0.130974 -0.121039 0.0192754 0.729776 0.606269 0.275059 -0.15559 0.020016
e_15_16 15 16 6 0.0125 -0.128204 -0.14064 0.0217714 0.732561 0.627616 0.195263 -0.176989 0.020003
e_16_17 16 17 7 0.0125 -0.129264 -0.160387 0.0237116 0.695743 0.680948 0.0856381 -0.211936 0.020042
e_17_18 17 18 8 0.0125 -0.134829 -0.179333 0.0226326 0.595757 0.763439 -0.00444047 -0.249428 0.020028
e_18_19 18 19 9 0.0125 -0.142746 -0.197245 0.0185793 0.561536 0.787192 -0.00333375 -0.25494 0.020002
e_19_1 19 1 10 0.0125 -0.149191 -0.215584 0.0142362 0.590889 0.766771 0.0975216 -0.23109 0.020004
e_1_20 1 20 1 0.0125 -0.138171 -0.224606 0.012765 0.71448 0.0572884 0.692026 0.0856598 0.026857
e_20_4 20 4 2 0.0125 -0.0892865 -0.224051 0.0221342 0.785331 0.0530524 0.612887 0.0693532 0.073143
e_1_21 1 21 1 0.0125 -0.139932 -0.229777 0.0214804 0.891845 0.1665 0.420561 -0.00437327 0.031122
e_21_3 21 3 2 0.0125 -0.0989444 -0.242818 0.0466573 0.855453 0.150956 0.495146 0.0156139 0.068878
6 24 23
3 -0.274172 0.140492 0.0687688 0.0125
25 -0.23513 0.143265 0.0648613 0.0125
24 -0.206664 0.143898 0.0575907 0.0125
4 -0.203274 0.0618637 0.012288 0.0125
23 -0.196648 0.0836393 0.0269906 0.0125
22 -0.183375 0.124711 0.0510947 0.0125
1 -0.17552 0.144796 0.0603422 0.0125
21 -0.158985 0.141459 0.0710912 0.0125
6 0.0190047 -0.0176156 0.0884839 0.0125
11 0.0381465 -0.00561558 0.0859897 0.0125
10 0.0589883 0.0089944 0.0833842 0.0125
9 0.0733873 0.0247555 0.0799871 0.0125
2 0.105857 0.096083 0.0667902 0.0125
19 -0.122593 0.134104 0.0850775 0.0125
8 0.0852033 0.0406936 0.0759378 0.0125
12 0.169345 0.111131 0.0265021 0.0125
5 0.187708 0.113842 0.0123913 0.0125
13 0.0677746 0.108258 0.0726828 0.0125
14 0.00487206 0.11901 0.0982114 0.0125
15 -0.0197142 0.120528 0.100505 0.0125
16 -0.0635364 0.123367 0.100301 0.0125
17 -0.0834463 0.128454 0.0958509 0.0125
18 -0.103306 0.130192 0.0888607 0.0125
20 -0.140952 0.139857 0.0795999 0.0125
e_2_8 2 8 1 0.0125 0.09553 0.0683884 0.0713634 0.759186 0.612643 -0.219568 -0.00970743 0.059818
e_8_9 8 9 2 0.0125 0.0792959 0.0327243 0.0779621 0.766632 0.556718 -0.300121 -0.11076 0.02025
e_9_10 9 10 3 0.0125 0.0661883 0.0168748 0.0816858 0.746119 0.555274 -0.336296 -0.14793 0.021616
e_10_11 10 11 4 0.0125 0.0485677 0.00168986 0.0846865 0.707034 0.533398 -0.405683 -0.225858 0.025585
e_11_6 11 6 5 0.0125 0.0285751 -0.0116154 0.0872366 0.703984 0.519687 -0.418383 -0.24349 0.02273
e_2_12 2 12 1 0.0125 0.137601 0.103606 0.0466456 -0.00734774 0.852724 0.18856 0.487086 0.076683
e_12_5 12 5 2 0.0125 0.178527 0.112486 0.0194464 0.00211078 0.885632 0.135077 0.444304 0.023317
e_2_13 2 13 1 0.0125 0.0868161 0.102171 0.0697365 0.560555 0.270892 -0.594732 -0.508616 0.040413
e_13_14 13 14 2 0.0125 0.0363235 0.113635 0.0854471 0.697049 0.218804 -0.516157 -0.447022 0.068732
e_14_15 14 15 3 0.0125 -0.00742045 0.119769 0.0993582 0.592013 0.369283 -0.563277 -0.442572 0.02474
e_15_16 15 16 4 0.0125 -0.0416254 0.121948 0.100402 0.548223 0.409528 -0.578451 -0.443996 0.043915
e_16_17 16 17 5 0.0125 -0.0734917 0.125911 0.0980759 0.402538 0.455174 -0.63137 -0.481821 0.021026
e_17_18 17 18 6 0.0125 -0.093376 0.129323 0.0923554 0.393781 0.546818 -0.605352 -0.423645 0.021125
e_18_19 18 19 7 0.0125 -0.112949 0.132147 0.0869692 0.428234 0.456235 -0.621474 -0.471419 0.02004
e_19_20 19 20 8 0.0125 -0.131772 0.136981 0.0823393 0.355716 0.47378 -0.642217 -0.48637 0.020004
e_20_21 20 21 9 0.0125 -0.149968 0.140658 0.0753451 0.348728 0.590025 -0.603783 -0.407068 0.020004
e_21_1 21 1 10 0.0125 -0.167252 0.143127 0.0657173 0.261561 0.626875 -0.612959 -0.403602 0.020002
e_1_22 1 22 1 0.0125 -0.179447 0.134753 0.0557184 0.550215 0.785314 -0.283433 -0.0145539 0.023466
e_22_23 22 23 2 0.0125 -0.190011 0.104175 0.0390428 0.50615 0.817585 -0.27447 0.00572102 0.049437
e_23_4 23 4 3 0.0125 -0.199961 0.0727522 0.0196396 0.478095 0.834102 -0.274913 0.010999 0.027097
e_1_24 1 24 1 0.0125 -0.191092 0.144347 0.0589664 0.533392 0.468915 -0.56931 -0.414122 0.031279
e_24_25 24 25 2 0.0125 -0.220897 0.143582 0.061226 0.675212 0.329754 -0.517257 -0.40963 0.029387
e_25_3 25 3 3 0.0125 -0.254651 0.141879 0.066815 0.622308 0.403746 -0.536026 -0.402986 0.039334
7 17 16
3 0.0728876 0.00350249 0.0457294 0.0125
11 -0.28111 0.190449 0.0977921 0.0125
10 -0.262884 0.180971 0.09862 0.0125
6 -0.26969 0.287743 0.0310214 0.0125
9 -0.244482 0.172192 0.0956623 0.0125
2 -0.212797 0.159673 0.0819203 0.0125
8 -0.222632 0.179107 0.0675188 0.0125
5 -0.302417 0.196256 0.0969122 0.0125
12 -0.181294 0.13168 0.0864259 0.0125
13 -0.0619834 0.0234155 0.0497448 0.0125
14 -0.0350605 -0.0105913 0.0392002 0.0125
15 -0.0229541 -0.0278953 0.0320062 0.0125
1 -0.00911664 -0.0475645 0.0237169 0.0125
18 0.0500084 -0.0153512 0.042998 0.0125
16 0.0228362 -0.0246781 0.0182072 0.0125
4 0.0728498 0.0081444 0.0105351 0.0125
17 0.0322904 -0.026307 0.0392006 0.0125
e_2_8 2 8 1 0.0125 -0.217714 0.16939 0.0747189 0.0851341 0.249939 -0.844571 -0.465814 0.026112
e_8_6 8 6 2 0.0125 -0.246161 0.233425 0.0492701 0.144908 0.129997 -0.793978 -0.575935 0.123888
e_2_9 2 9 1 0.0125 -0.22864 0.165932 0.0887908 0.587376 0.221428 -0.513748 -0.584826 0.036737
e_9_10 9 10 2 0.0125 -0.253684 0.176582 0.0971416 0.502599 0.253978 -0.603084 -0.564959 0.020602
e_10_11 10 11 3 0.0125 -0.271997 0.18571 0.0982059 0.437774 0.285617 -0.66223 -0.536869 0.020559
e_11_5 11 5 4 0.0125 -0.291764 0.193353 0.097352 0.49274 0.354272 -0.628019 -0.487125 0.022102
e_2_12 2 12 1 0.0125 -0.197046 0.145677 0.0841735 0.684764 0.603827 0.286767 0.29027 0.042382
e_12_13 12 13 2 0.0125 -0.121639 0.0775478 0.0680853 0.449273 0.779888 0.0526286 0.432618 0.165233
e_13_14 13 14 3 0.0125 -0.0485224 0.00641223 0.044473 0.488539 0.786163 0.00832257 0.378428 0.044638
e_14_15 14 15 4 0.0125 -0.0290068 -0.0192432 0.0356032 0.447943 0.810426 -0.0666339 0.37164 0.02231
e_15_1 15 1 5 0.0125 -0.0160354 -0.0377299 0.0278615 0.444988 0.811302 -0.0686762 0.372906 0.025437
e_1_16 1 16 1 0.0125 0.00685984 -0.0361217 0.0209627 -0.330774 -0.308344 -0.688723 -0.566721 0.039688
e_16_4 16 4 2 0.0125 0.047843 -0.00826686 0.0143711 -0.340867 -0.325084 -0.676705 -0.565863 0.060312
e_1_17 1 17 1 0.0125 0.0115869 -0.0369357 0.0314587 0.276582 -0.580304 -0.0736817 -0.762444 0.049053
e_17_18 17 18 2 0.0125 0.0411493 -0.0208286 0.0410992 0.0518224 -0.566322 -0.299348 -0.766149 0.021175
e_18_3 18 3 3 0.0125 0.0614484 -0.00592369 0.044364 -0.0702034 -0.476979 -0.476039 -0.735493 0.029772
8 25 24
3 0.191599 0.0784525 0.0156028 0.0125
26 0.243241 0.121459 0.0143161 0.0125
4 0.311252 0.0717713 0.0677783 0.0125
25 0.304257 0.0878685 0.0577728 0.0125
24 0.297196 0.103736 0.0478199 0.0125
23 0.281438 0.124327 0.0351446 0.0125
1 0.268446 0.142412 0.0136934 0.0125
22 0.25001 0.150425 0.0209627 0.0125
21 0.232324 0.158304 0.0268765 0.0125
11 0.0212782 0.276282 0.0666354 0.0125
6 -0.1306 0.26156 0.0130716 0.0125
10 -0.10632 0.258038 0.0263871 0.0125
9 -0.0865283 0.257557 0.0340764 0.0125
2 0.00537834 0.266665 0.0740303 0.0125
19 0.198394 0.17814 0.042763 0.0125
8 -0.0484773 0.25833 0.0519494 0.0125
12 0.0384038 0.281516 0.0577281 0.0125
13 0.0548371 0.282606 0.0463807 0.0125
14 0.0721337 0.286357 0.037066 0.0125
5 0.0900295 0.28431 0.0283734 0.0125
15 0.0633024 0.246549 0.0681924 0.0125
16 0.13166 0.216485 0.0583512 0.0125
17 0.148855 0.207449 0.0520899 0.0125
18 0.179055 0.189093 0.0493651 0.0125
20 0.214223 0.168 0.0349985 0.0125
e_2_8 2 8 1 0.0125 -0.0215495 0.262498 0.0629899 0.41563 -0.45344 -0.694376 0.373478 0.0588
e_8_9 8 9 2 0.0125 -0.0675023 0.257944 0.0430128 0.400928 -0.547499 -0.642479 0.355981 0.042047
e_9_10 9 10 3 0.0125 -0.0964241 0.257797 0.0302311 0.440557 -0.531837 -0.631017 0.353379 0.021238
e_10_6 10 6 4 0.0125 -0.11846 0.259799 0.0197298 0.390652 -0.643061 -0.570065 0.329985 0.027915
e_2_11 2 11 1 0.0125 0.0133288 0.271473 0.0703325 0.539291 -0.608033 0.561412 -0.155811 0.02
e_11_12 11 12 2 0.0125 0.0298414 0.278899 0.0621813 0.485123 -0.545184 0.652259 -0.204909 0.02
e_12_13 12 13 3 0.0125 0.046621 0.28206 0.0520546 0.395443 -0.514796 0.720188 -0.244825 0.02
e_13_14 13 14 4 0.0125 0.0634849 0.284481 0.0417234 0.467594 -0.520573 0.679613 -0.220195 0.02
e_14_5 14 5 5 0.0125 0.0810811 0.285333 0.0327198 0.456042 -0.350104 0.771188 -0.273354 0.02
e_2_15 2 15 1 0.0125 0.0343403 0.256608 0.0711113 0.618283 -0.0524569 0.737997 -0.265208 0.061595
e_15_16 15 16 2 0.0125 0.0974805 0.231517 0.0632719 0.598862 -0.0129032 0.75177 -0.275751 0.075323
e_16_17 16 17 3 0.0125 0.140257 0.211967 0.0552202 0.503063 -0.0503659 0.806775 -0.305785 0.020408
e_17_18 17 18 4 0.0125 0.163954 0.198271 0.0507269 0.623177 0.0998246 0.726955 -0.270596 0.035447
e_18_19 18 19 5 0.0125 0.188725 0.183616 0.0460645 0.514506 -0.0156306 0.801329 -0.304813 0.023186
e_19_20 19 20 6 0.0125 0.206309 0.17307 0.0388811 0.453732 -0.0385876 0.830295 -0.321322 0.020338
e_20_21 20 21 7 0.0125 0.223274 0.163151 0.0309375 0.466492 -0.0828878 0.822825 -0.313807 0.022082
e_21_22 21 22 8 0.0125 0.241167 0.154364 0.02392 0.514374 -0.0861156 0.799152 -0.298931 0.020244
e_22_1 22 1 9 0.0125 0.259228 0.146418 0.0173284 0.487648 -0.119766 0.809743 -0.3036 0.021377
e_1_23 1 23 1 0.0125 0.274942 0.133369 0.0244187 0.919079 0.305753 0.244166 -0.0468234 0.030918
e_23_24 23 24 2 0.0125 0.289317 0.114032 0.0414819 0.840235 0.372299 0.376566 -0.116605 0.028862
e_24_25 24 25 3 0.0125 0.300727 0.0958021 0.0527956 0.863348 0.443736 0.233469 -0.056753 0.020017
e_25_4 25 4 4 0.0125 0.307754 0.0798198 0.0627749 0.862908 0.447033 0.229155 -0.0551302 0.020203
e_1_26 1 26 1 0.0125 0.255844 0.131935 0.014005 0.622824 0.127525 -0.688651 0.348692 0.032783
e_26_3 26 3 2 0.0125 0.21742 0.0999561 0.0149598 0.622959 0.12833 -0.688448 0.348559 0.067217
9 23 22
3 0.248491 0.048432 0.0291242 0.0125
24 0.221043 0.035093 0.0200347 0.0125
23 0.204254 0.0239863 0.0168868 0.0125
4 0.145018 0.0667088 0.0771355 0.0125
22 0.165239 0.0100957 0.0272155 0.0125
1 0.168258 -0.00733646 0.0143748 0.0125
21 0.170934 -0.0230244 0.0269318 0.0125
6 0.0804648 -0.282837 0.130338 0.0125
11 0.100802 -0.28151 0.119402 0.0125
10 0.119805 -0.278646 0.111426 0.0125
9 0.140463 -0.279024 0.105613 0.0125
2 0.221849 -0.288154 0.0846515 0.0125
19 0.172345 -0.0585643 0.0464282 0.0125
8 0.171509 -0.281164 0.0985633 0.0125
12 0.213196 -0.278585 0.101487 0.0125
13 0.195622 -0.262512 0.121392 0.0125
14 0.181676 -0.245618 0.136248 0.0125
5 0.175364 -0.232907 0.152108 0.0125
15 0.206099 -0.193978 0.0692367 0.0125
16 0.188001 -0.138453 0.0640037 0.0125
17 0.176258 -0.10083 0.0561605 0.0125
18 0.17392 -0.0789588 0.0520138 0.0125
20 0.172496 -0.0406848 0.0363228 0.0125
e_2_8 2 8 1 0.0125 0.196678 -0.284659 0.0916078 -0.0842382 0.606312 -0.0192868 -0.790518 0.052693
e_8_9 8 9 2 0.0125 0.155985 -0.280094 0.102089 -0.0910711 0.623414 0.0299426 -0.775993 0.031908
e_9_10 9 10 3 0.0125 0.130133 -0.278835 0.10852 -0.0580359 0.60291 0.0329357 -0.795014 0.021464
e_10_11 10 11 4 0.0125 0.110303 -0.280078 0.115414 0.026904 0.551459 0.0649481 -0.831235 0.020807
e_11_6 11 6 5 0.0125 0.0906333 -0.282174 0.12487 0.0548639 0.513419 0.000613584 -0.856382 0.023128
e_2_12 2 12 1 0.0125 0.217522 -0.28337 0.0930694 0.339663 0.115646 -0.299582 -0.884028 0.02121
e_12_13 12 13 2 0.0125 0.204409 -0.270549 0.111439 0.199631 0.241832 -0.347674 -0.883622 0.031039
e_13_14 13 14 3 0.0125 0.188649 -0.254065 0.12882 0.186116 0.21539 -0.415882 -0.863719 0.026469
e_14_5 14 5 4 0.0125 0.17852 -0.239263 0.144178 0.396676 0.00795314 -0.356847 -0.845722 0.021283
e_2_15 2 15 1 0.0125 0.213974 -0.241066 0.0769442 0.146792 -0.292351 0.703005 0.63148 0.096719
e_15_16 15 16 2 0.0125 0.19705 -0.166215 0.0666206 -0.368073 0.574402 -0.463346 -0.565593 0.058635
e_16_17 16 17 3 0.0125 0.182129 -0.119641 0.0600824 -0.628571 0.762243 0.128713 -0.0855406 0.040185
e_17_18 17 18 4 0.0125 0.175089 -0.0898948 0.0540872 0.304395 -0.437008 0.633775 0.560979 0.022384
e_18_19 18 19 5 0.0125 0.173132 -0.0687616 0.0492206 0.114793 -0.21 0.766552 0.595919 0.021205
e_19_20 19 20 6 0.0125 0.17242 -0.0496241 0.0413754 -0.00311093 0.0126586 0.863628 0.503962 0.020538
e_20_21 20 21 7 0.0125 0.171715 -0.0318546 0.0316273 -0.127183 0.137337 0.845682 0.499785 0.020063
e_21_1 21 1 8 0.0125 0.169596 -0.0151803 0.020654 -0.218083 0.3124 0.843868 0.3778 0.020272
e_1_22 1 22 1 0.0125 0.166749 0.00137972 0.0207955 0.490941 -0.181929 -0.416183 -0.743418 0.021861
e_22_4 22 4 2 0.0125 0.155128 0.0384022 0.0521758 0.405571 -0.0515145 -0.421806 -0.809282 0.078139
e_1_23 1 23 1 0.0125 0.186256 0.00832497 0.0156315 0.720611 -0.508678 0.463642 -0.0836743 0.047782
e_23_24 23 24 2 0.0125 0.212648 0.0295391 0.0184611 0.739195 -0.474372 0.44466 -0.175611 0.020376
e_24_3 24 3 3 0.0125 0.234768 0.0417626 0.0245796 0.751851 -0.431629 0.413495 -0.278277 0.031843
10 28 27
3 0.287863 0.0312125 0.0965665 0.0125
29 0.269624 0.0235764 0.0921814 0.0125
28 0.250274 0.0115305 0.0872241 0.0125
27 0.22835 -0.00203441 0.081423 0.0125
4 0.280502 0.0273235 0.122327 0.0125
26 0.26405 0.0151958 0.110103 0.0125
25 0.247897 0.00328887 0.0989304 0.0125
24 0.229969 -0.00942248 0.0877474 0.0125
1 0.209173 -0.0241402 0.0748443 0.0125
23 0.194676 -0.0375792 0.0714448 0.0125
22 0.180243 -0.0513883 0.0700182 0.0125
21 0.164062 -0.0637366 0.0720659 0.0125
6 0.0640258 -0.0660791 0.121886 0.0125
11 0.0416033 -0.0727755 0.126466 0.0125
10 0.021593 -0.0830268 0.127903 0.0125
9 0.00440885 -0.0991689 0.126478 0.0125
2 -0.0531102 -0.147738 0.0994467 0.0125
19 0.130823 -0.0887969 0.0829043 0.0125
8 -0.0374471 -0.133566 0.1068 0.0125
12 -0.0632062 -0.163239 0.0918454 0.0125
13 -0.0727803 -0.179801 0.0860117 0.0125
14 -0.0792717 -0.197773 0.0801072 0.0125
15 -0.0896667 -0.214112 0.0751078 0.0125
5 -0.100161 -0.230397 0.0701388 0.0125
16 0.0458388 -0.129832 0.0958835 0.0125
17 0.0760056 -0.113671 0.0937661 0.0125
18 0.105193 -0.100343 0.0879534 0.0125
20 0.147547 -0.0758363 0.0745067 0.0125
e_2_8 2 8 1 0.0125 -0.0452783 -0.140652 0.103123 0.781141 -0.495188 0.300699 -0.232782 0.022366
e_8_9 8 9 2 0.0125 -0.0165194 -0.116368 0.116638 0.781146 -0.480683 0.313428 -0.246002 0.057639
e_9_10 9 10 3 0.0125 0.0130009 -0.0910978 0.12719 0.698002 -0.592102 0.345318 -0.207277 0.02362
e_10_11 10 11 4 0.0125 0.0315982 -0.0779011 0.127184 0.626955 -0.564586 0.461678 -0.273905 0.022529
e_11_6 11 6 5 0.0125 0.0528142 -0.0694268 0.124175 0.555237 -0.55301 0.538721 -0.309309 0.023845
e_2_12 2 12 1 0.0125 -0.0581586 -0.155488 0.0956457 -0.283869 0.0350891 0.82994 -0.478943 0.02
e_12_13 12 13 2 0.0125 -0.0679929 -0.171521 0.0889285 0.0228527 0.428615 0.679804 -0.594671 0.02
e_13_14 13 14 3 0.0125 -0.076026 -0.188788 0.0830599 0.0184867 0.296841 0.747988 -0.593344 0.02
e_14_15 14 15 4 0.0125 -0.0844696 -0.205943 0.0776076 0.178894 0.600678 0.513979 -0.585669 0.02
e_15_5 15 5 5 0.0125 -0.094914 -0.222254 0.0726235 0.190458 0.613165 0.498248 -0.582669 0.02
e_2_16 2 16 1 0.0125 -0.00363529 -0.138785 0.0976645 0.598238 -0.469955 0.544841 -0.352706 0.100619
e_16_17 16 17 2 0.0125 0.0609222 -0.121751 0.0948243 0.629843 -0.568764 0.45538 -0.269137 0.034288
e_17_18 17 18 3 0.0125 0.0905984 -0.107007 0.0908597 0.579104 -0.587363 0.494093 -0.274803 0.032609
e_18_19 18 19 4 0.0125 0.118008 -0.0945698 0.0854294 0.579005 -0.585554 0.49551 -0.276314 0.028561
e_19_20 19 20 5 0.0125 0.139185 -0.0823172 0.0787058 0.528416 -0.698602 0.443167 -0.190616 0.022764
e_20_21 20 21 6 0.0125 0.155805 -0.069787 0.0732866 0.6245 -0.620489 0.417355 -0.225404 0.020618
e_21_22 21 22 7 0.0125 0.172153 -0.0575625 0.0710421 0.633081 -0.619535 0.407724 -0.221691 0.020457
e_22_23 22 23 8 0.0125 0.187459 -0.0444843 0.0707318 0.702382 -0.590452 0.3402 -0.205645 0.020025
e_23_1 23 1 9 0.0125 0.201924 -0.03086 0.0731445 0.732974 -0.554618 0.328118 -0.217915 0.020059
e_1_24 1 24 1 0.0125 0.21957 -0.0167817 0.0812957 0.808028 -0.422335 0.309396 -0.270183 0.028558
e_24_25 24 25 2 0.0125 0.238933 -0.00306765 0.0933391 0.808603 -0.421843 0.308689 -0.270039 0.024659
e_25_26 25 26 3 0.0125 0.255973 0.00924235 0.104517 0.819702 -0.41224 0.294668 -0.267054 0.022968
e_26_4 26 4 4 0.0125 0.272275 0.0212594 0.116215 0.827449 -0.400903 0.28749 -0.268242 0.023815
e_1_27 1 27 1 0.0125 0.218761 -0.0130875 0.078133 0.756811 -0.558142 0.280758 -0.192069 0.029995
e_27_28 27 28 2 0.0125 0.239312 0.00474774 0.0843234 0.731409 -0.493935 0.382443 -0.273508 0.026425
e_28_29 28 29 3 0.0125 0.259949 0.0175536 0.0897023 0.72945 -0.496996 0.383045 -0.272351 0.023327
e_29_3 29 3 4 0.0125 0.278743 0.0273951 0.0943742 0.713823 -0.453818 0.431031 -0.314195 0.020253
