10
1 20 19
3 -0.0688581 -0.107745 0.0230796 0.0125
21 -0.0707986 -0.0881389 0.026524 0.0125
20 -0.0725162 -0.0684391 0.0295171 0.0125
19 -0.0749852 -0.0486417 0.0309266 0.0125
10 0.0349992 -0.131784 0.0186666 0.0125
5 0.0443767 -0.210464 0.0533587 0.0125
6 0.124606 -0.0701637 0.0310518 0.0125
9 0.115694 -0.216458 0.0251984 0.0125
2 0.134258 -0.217323 0.0114945 0.0125
8 0.135853 -0.177739 0.024274 0.0125
11 0.00329377 -0.10448 0.0209558 0.0125
12 -0.0118361 -0.0905296 0.0208739 0.0125
13 -0.0246387 -0.0732137 0.0196004 0.0125
14 -0.0484668 -0.0489347 0.0266719 0.0125
15 -0.0647988 -0.0298472 0.0296611 0.0125
1 -0.0757069 -0.00925421 0.0377646 0.0125
18 -0.0756458 -0.0290368 0.034827 0.0125
16 -0.0692449 0.0225558 0.0312552 0.0125
17 -0.0499894 0.0606202 0.0187244 0.0125
4 -0.041929 0.0802689 0.0114941 0.0125
e_2_8 2 8 1 0.0125 0.135055 -0.197531 0.0178848 0.527249 -0.365641 0.461299 0.612796 0.041626
e_8_6 8 6 2 0.0125 0.13023 -0.123951 0.0276629 0.440202 -0.467976 0.49973 0.58094 0.108374
e_2_9 2 9 1 0.0125 0.124975 -0.21689 0.0183471 0.26487 -0.436282 -0.113607 0.852405 0.023091
e_9_5 9 5 2 0.0125 0.0800348 -0.213461 0.0392786 0.160549 -0.559461 -0.0627206 0.810737 0.076909
e_2_10 2 10 1 0.0125 0.0846278 -0.174554 0.01508 0.225436 -0.634405 0.26496 0.690293 0.131227
e_10_11 10 11 2 0.0125 0.0191466 -0.118132 0.0198117 0.22533 -0.63446 0.264836 0.690326 0.041904
e_11_12 11 12 3 0.0125 -0.00427109 -0.0975051 0.0209154 0.220183 -0.644745 0.293789 0.670456 0.020581
e_12_13 12 13 4 0.0125 -0.0182379 -0.0818712 0.0202373 0.263235 -0.624015 0.374304 0.633411 0.021572
e_13_14 13 14 5 0.0125 -0.0365533 -0.0610738 0.0231363 0.289544 -0.578199 0.252852 0.719664 0.034746
e_14_15 14 15 6 0.0125 -0.0566333 -0.039391 0.0281666 0.286656 -0.592137 0.300486 0.690587 0.025297
e_15_1 15 1 7 0.0125 -0.0702522 -0.0195508 0.0337133 0.400403 -0.487817 0.31275 0.709859 0.024673
e_1_16 1 16 1 0.0125 -0.0724759 0.00665079 0.0345099 0.452724 -0.433702 0.640481 0.44354 0.033105
e_16_17 16 17 2 0.0125 -0.0596172 0.0415875 0.0249897 0.484716 -0.365386 0.712333 0.352314 0.04446
e_17_4 17 4 3 0.0125 -0.0459587 0.070444 0.0151091 0.457614 -0.400624 0.707554 0.3598 0.022435
e_1_18 1 18 1 0.0125 -0.0756763 -0.0191456 0.0362963 0.625001 0.725332 -0.217557 0.189567 0.02
e_18_19 18 19 2 0.0125 -0.0753155 -0.0388398 0.0328767 0.187981 0.204058 0.745569 -0.60593 0.02
e_19_20 19 20 3 0.0125 -0.0737506 -0.0585405 0.0302223 0.681728 0.725496 0.0942852 -0.0035304 0.02
e_20_21 20 21 4 0.0125 -0.0716579 -0.0782885 0.0280207 0.5797 0.641366 0.404344 -0.298501 0.02
e_21_3 21 3 5 0.0125 -0.0698289 -0.0979412 0.0248015 0.492485 0.534688 0.547915 -0.413954 0.02
2 25 24
3 -0.0111038 -0.148886 0.0122269 0.0125
26 0.00216616 -0.154154 0.0278157 0.0125
25 0.0148459 -0.16277 0.0411853 0.0125
24 0.0338767 -0.17803 0.0590597 0.0125
4 -0.0419661 -0.194919 0.115429 0.0125
23 -0.0230564 -0.194976 0.108917 0.0125
22 -0.00413897 -0.192375 0.10297 0.0125
21 0.0141777 -0.190454 0.0951731 0.0125
20 0.0323324 -0.189504 0.0868343 0.0125
11 0.161665 0.109523 0.0181251 0.0125
10 0.142836 0.101977 0.0191016 0.0125
6 -0.0347248 0.0734399 0.0465069 0.0125
9 -0.0119819 0.0743219 0.0424614 0.0125
2 0.112161 0.0909468 0.0226326 0.0125
19 0.0570895 -0.175572 0.0689839 0.0125
8 0.018064 0.0765089 0.037509 0.0125
12 0.185281 0.110496 0.0155479 0.0125
5 0.208202 0.110464 0.0124683 0.0125
13 0.106722 0.0624361 0.035781 0.0125
14 0.089214 -0.0518623 0.046509 0.0125
15 0.0861144 -0.0723486 0.0477621 0.0125
16 0.0809828 -0.11208 0.0566518 0.0125
17 0.0718578 -0.136663 0.0593105 0.0125
18 0.0637869 -0.158148 0.061532 0.0125
1 0.0495369 -0.192984 0.0772489 0.0125
e_2_8 2 8 1 0.0125 0.0651126 0.0837278 0.0300708 0.186351 -0.598888 -0.253252 0.736525 0.096354
e_8_9 8 9 2 0.0125 0.00304061 0.0754153 0.0399852 0.212595 -0.606794 -0.225142 0.732063 0.03053
e_9_6 9 6 3 0.0125 -0.0233527 0.0738804 0.0444842 0.22409 -0.606464 -0.211435 0.732994 0.023117
e_2_10 2 10 1 0.0125 0.127499 0.0964618 0.0208675 0.364677 -0.724211 0.171357 -0.559612 0.032788
e_10_11 10 11 2 0.0125 0.15225 0.10575 0.0186134 0.682091 -0.165465 0.704747 0.103466 0.020308
e_11_12 11 12 3 0.0125 0.173473 0.110009 0.0168366 -0.658274 0.154704 -0.728185 0.111751 0.023777
e_12_5 12 5 4 0.0125 0.196742 0.110481 0.0140081 -0.65268 0.0974961 -0.746376 0.0861757 0.023127
e_2_13 2 13 1 0.0125 0.109441 0.0766913 0.0292069 -0.176483 -0.211086 -0.499131 0.821684 0.031864
e_13_14 13 14 2 0.0125 0.0979673 0.00528665 0.0411444 -0.237063 -0.310203 -0.597983 0.699994 0.116128
e_14_15 14 15 3 0.0125 0.0876638 -0.062106 0.0471353 -0.240944 -0.321032 -0.605602 0.687118 0.020758
e_15_16 15 16 4 0.0125 0.0835481 -0.0922143 0.052207 -0.228416 -0.258422 -0.569994 0.745756 0.041035
e_16_17 16 17 5 0.0125 0.0764203 -0.124371 0.0579818 -0.171656 -0.372426 -0.557549 0.721784 0.026357
e_17_18 17 18 6 0.0125 0.0678219 -0.147406 0.060422 -0.170828 -0.375183 -0.55773 0.720411 0.023058
e_18_19 18 19 7 0.0125 0.0604388 -0.16686 0.0652583 -0.133111 -0.282808 -0.484402 0.817102 0.020099
e_19_1 19 1 8 0.0125 0.0533131 -0.184278 0.0731167 -0.115873 -0.285656 -0.46774 0.828368 0.020701
e_1_20 1 20 1 0.0125 0.0409344 -0.191243 0.0820415 0.301234 -0.503879 -0.0804144 0.805542 0.02
e_20_21 20 21 2 0.0125 0.0232545 -0.189979 0.0910037 0.227833 -0.511434 -0.173118 0.810282 0.02
e_21_22 21 22 3 0.0125 0.0050197 -0.191414 0.0990712 0.211239 -0.516785 -0.194949 0.806415 0.02
e_22_23 22 23 4 0.0125 -0.0135977 -0.193675 0.105944 0.197969 -0.549346 -0.222562 0.780701 0.02
e_23_4 23 4 5 0.0125 -0.0325118 -0.194948 0.112173 0.242601 -0.554823 -0.171392 0.777136 0.02
e_1_24 1 24 1 0.0125 0.0417064 -0.185507 0.068155 0.333416 -0.896582 -0.133167 0.259307 0.028279
e_24_25 24 25 2 0.0125 0.0243613 -0.1704 0.0501232 0.333166 -0.88158 -0.135464 0.305724 0.030241
e_25_26 25 26 3 0.0125 0.00850615 -0.158462 0.0345009 0.296271 -0.892014 -0.181509 0.289119 0.020342
e_26_3 26 3 4 0.0125 -0.00446861 -0.15152 0.0200214 0.224475 -0.893052 -0.266808 0.2844 0.021138
3 23 22
3 -0.00615049 0.00145725 0.0317316 0.0125
24 0.0022069 -0.0377208 0.0237272 0.0125
23 0.00750241 -0.0611675 0.0200204 0.0125
4 0.0633368 -0.0094377 0.0510994 0.0125
22 0.0555769 -0.0342543 0.0438761 0.0125
1 0.0231155 -0.0911415 0.0116096 0.0125
21 0.0417703 -0.0841243 0.0136665 0.0125
6 0.270784 0.23329 0.0659562 0.0125
11 0.265338 0.213725 0.054314 0.0125
10 0.261411 0.194951 0.0433385 0.0125
9 0.257492 0.174113 0.0314813 0.0125
2 0.248403 0.0972531 0.0123455 0.0125
19 0.0778349 -0.0676991 0.0170315 0.0125
8 0.252249 0.137806 0.0180453 0.0125
12 0.240985 0.0806575 0.020687 0.0125
13 0.237494 0.0648838 0.0324764 0.0125
14 0.234078 0.0470956 0.0409556 0.0125
15 0.23056 0.0303167 0.0512547 0.0125
5 0.226648 0.0115758 0.0570405 0.0125
16 0.123322 -0.0260709 0.0302163 0.0125
17 0.10961 -0.0412164 0.0252829 0.0125
18 0.0918992 -0.054095 0.0214405 0.0125
20 0.0606973 -0.0781426 0.0161774 0.0125
e_2_8 2 8 1 0.0125 0.250326 0.11753 0.0151947 0.700684 -0.583764 0.299893 0.279869 0.041132
e_8_9 8 9 2 0.0125 0.254871 0.15596 0.0247629 0.773392 -0.507677 0.265131 0.271725 0.039067
e_9_10 9 10 3 0.0125 0.259451 0.184532 0.0374092 0.822142 -0.445618 0.239572 0.260983 0.024293
e_10_11 10 11 4 0.0125 0.263374 0.204338 0.0488259 0.826588 -0.438914 0.242939 0.255124 0.022098
e_11_6 11 6 5 0.0125 0.26806 0.223507 0.0601348 0.83246 -0.427998 0.261065 0.235952 0.02341
e_2_12 2 12 1 0.0125 0.244694 0.0889555 0.0165159 0.84092 0.482695 -0.241829 0.03711 0.02
e_12_13 12 13 2 0.0125 0.23924 0.0727705 0.0265813 0.889402 0.447998 -0.067392 -0.0609892 0.02
e_13_14 13 14 3 0.0125 0.235787 0.0559901 0.0367161 0.820023 0.536068 0.0258143 -0.198816 0.02
e_14_15 14 15 4 0.0125 0.232319 0.0387057 0.0461052 0.862419 0.491185 -0.0352575 -0.117166 0.02
e_15_5 15 5 5 0.0125 0.228605 0.0209461 0.0541479 0.740983 0.585448 0.112294 -0.309168 0.02
e_2_16 2 16 1 0.0125 0.185863 0.0355916 0.0212802 0.312258 -0.234979 -0.627837 0.673128 0.17656
e_16_17 16 17 2 0.0125 0.116466 -0.0336436 0.0277488 -0.440043 -0.784974 -0.0342332 0.434749 0.021018
e_17_18 17 18 3 0.0125 0.100754 -0.0476556 0.0233621 -0.166835 -0.714981 -0.274259 0.621088 0.022233
e_18_19 18 19 4 0.0125 0.0848667 -0.0608969 0.0192357 -0.349126 -0.768945 -0.136461 0.517893 0.020058
e_19_20 19 20 5 0.0125 0.0692661 -0.0729209 0.0166052 0.0498475 -0.587848 -0.419159 0.690113 0.020087
e_20_21 20 21 6 0.0125 0.0512336 -0.0811338 0.0149219 0.0558059 -0.69366 -0.285618 0.658895 0.020008
e_21_1 21 1 7 0.0125 0.0324427 -0.0876333 0.012638 0.0540018 -0.671647 -0.316589 0.667642 0.020037
e_1_22 1 22 1 0.0125 0.0393462 -0.0626979 0.0277429 0.834085 -0.40168 0.343063 0.158943 0.073014
e_22_4 22 4 2 0.0125 0.0594568 -0.021846 0.0474878 0.76543 -0.505596 0.332468 0.218988 0.026986
e_1_23 1 23 1 0.0125 0.0153095 -0.0761542 0.0158153 0.646495 -0.610778 0.0787305 0.450329 0.034827
e_23_24 23 24 2 0.0125 0.00485465 -0.0494441 0.0218738 0.658869 -0.622401 0.190852 0.376942 0.024321
e_24_3 24 3 3 0.0125 -0.00197118 -0.0181321 0.0277293 0.676402 -0.606514 0.184828 0.374779 0.040851
4 24 23
3 -0.0448891 -0.306085 0.211573 0.0125
25 0.0134686 -0.293326 0.212976 0.0125
4 -0.0397755 -0.257354 0.203648 0.0125
24 -0.0208382 -0.263014 0.200594 0.0125
23 -0.00213995 -0.269488 0.203502 0.0125
22 0.0159214 -0.276549 0.208393 0.0125
21 0.0345195 -0.283698 0.210131 0.0125
1 0.0531375 -0.290254 0.206906 0.0125
6 -0.222943 -0.0315236 0.164005 0.0125
11 -0.218923 -0.0477867 0.153079 0.0125
10 -0.216394 -0.0651955 0.143563 0.0125
9 -0.208146 -0.0829647 0.133095 0.0125
2 -0.164355 -0.135467 0.0783745 0.0125
19 0.0248904 -0.271587 0.18313 0.0125
8 -0.195881 -0.0996844 0.119675 0.0125
12 -0.150739 -0.0942005 0.0355486 0.0125
5 -0.147228 -0.0637185 0.0114942 0.0125
13 -0.0827372 -0.195665 0.106789 0.0125
14 -0.0645259 -0.207047 0.118853 0.0125
15 -0.0417512 -0.226937 0.132578 0.0125
16 -0.0247531 -0.235246 0.145745 0.0125
17 -0.00872688 -0.2429 0.156082 0.0125
18 0.0119647 -0.260861 0.172249 0.0125
20 0.0383076 -0.280376 0.195508 0.0125
e_2_8 2 8 1 0.0125 -0.180119 -0.117575 0.0990248 0.890466 -0.249224 -0.332507 -0.185466 0.063088
e_8_9 8 9 2 0.0125 -0.202014 -0.091325 0.126385 0.862306 -0.324293 -0.350957 -0.167607 0.0247
e_9_10 9 10 3 0.0125 -0.21227 -0.0740804 0.138329 0.850344 -0.434065 -0.275556 -0.112119 0.022212
e_10_11 10 11 4 0.0125 -0.217658 -0.0564907 0.148321 0.858277 -0.503217 -0.0943044 -0.0352132 0.02
e_11_6 11 6 5 0.0125 -0.220933 -0.0396555 0.158542 0.87648 -0.451756 -0.15088 -0.0702501 0.020001
e_2_12 2 12 1 0.0125 -0.157547 -0.114833 0.056962 0.209937 -0.233818 0.892352 0.323981 0.061011
e_12_5 12 5 2 0.0125 -0.148984 -0.0789587 0.0235216 0.283183 -0.499584 0.747599 0.333645 0.038989
e_2_13 2 13 1 0.0125 -0.123546 -0.165566 0.0925821 0.7956 0.331395 0.505254 -0.0437812 0.105322
e_13_14 13 14 2 0.0125 -0.0736322 -0.201356 0.112821 0.861535 0.241787 0.443467 -0.0513147 0.024632
e_14_15 14 15 3 0.0125 -0.0531391 -0.216992 0.125715 0.837669 0.320799 0.436383 -0.0704908 0.033207
e_15_16 15 16 4 0.0125 -0.0332529 -0.231092 0.139161 0.88519 0.181834 0.425823 -0.0452754 0.02305
e_16_17 16 17 5 0.0125 -0.0167404 -0.239072 0.150913 0.866182 0.196306 0.458198 -0.035313 0.02055
e_17_18 17 18 6 0.0125 0.00161847 -0.25188 0.164166 0.864866 0.290063 0.402207 -0.0781028 0.031814
e_18_19 18 19 7 0.0125 0.0184281 -0.266224 0.17769 0.875087 0.271277 0.393162 -0.0778188 0.020012
e_19_20 19 20 8 0.0125 0.0315989 -0.275981 0.189319 0.894899 0.212997 0.386207 -0.0680638 0.020261
e_20_1 20 1 9 0.0125 0.045722 -0.285315 0.201207 0.875053 0.237708 0.417185 -0.0610993 0.021152
e_1_21 1 21 1 0.0125 0.0438279 -0.286976 0.208519 0.681132 0.0815185 -0.64247 -0.341535 0.02
e_21_22 21 22 2 0.0125 0.0252204 -0.280124 0.209262 0.566511 0.153277 -0.72107 -0.36828 0.02
e_22_23 22 23 3 0.0125 0.00689073 -0.273018 0.205947 0.477575 0.239238 -0.751692 -0.386843 0.02
e_23_24 23 24 4 0.0125 -0.0114887 -0.266251 0.202048 0.531641 0.214738 -0.72567 -0.380327 0.02
e_24_4 24 4 5 0.0125 -0.0303075 -0.260184 0.202121 0.673769 0.121965 -0.639335 -0.349873 0.02
e_1_25 1 25 1 0.0125 0.0333035 -0.29179 0.209942 0.657827 0.367116 -0.538358 -0.377704 0.040248
e_25_3 25 3 2 0.0125 -0.0157104 -0.299705 0.212274 0.579842 0.516774 -0.494662 -0.38992 0.059752
5 23 22
3 -0.0116826 0.0480722 0.0409913 0.0125
24 0.00210968 0.0339428 0.0491735 0.0125
23 0.0193198 0.0195455 0.0567023 0.0125
22 0.0399595 -0.000184761 0.0768559 0.0125
4 0.139555 -0.0458061 0.0679845 0.0125
21 0.12243 -0.0442644 0.0782016 0.0125
20 0.104164 -0.0406042 0.0854765 0.0125
11 0.199666 -0.273109 0.0651418 0.0125
10 0.208128 -0.26471 0.0490837 0.0125
6 0.123516 -0.287407 0.147527 0.0125
9 0.150285 -0.271441 0.108566 0.0125
2 0.211851 -0.255836 0.0315511 0.0125
19 0.08668 -0.0321937 0.0903334 0.0125
8 0.178263 -0.267378 0.0779871 0.0125
12 0.187151 -0.277437 0.0801294 0.0125
13 0.176833 -0.282953 0.0963499 0.0125
5 0.167044 -0.287769 0.113113 0.0125
14 0.12164 -0.0981742 0.0575418 0.0125
15 0.0936742 -0.053235 0.0708039 0.0125
16 0.0818293 -0.0386742 0.07823 0.0125
17 0.0685537 -0.0233749 0.0851506 0.0125
1 0.0536549 -0.00978201 0.0878445 0.0125
18 0.070026 -0.0211503 0.0894993 0.0125
e_2_8 2 8 1 0.0125 0.195056 -0.261607 0.0547688 0.945647 0.121309 -0.296872 -0.0538767 0.05846
e_8_9 8 9 2 0.0125 0.164274 -0.26941 0.0932758 0.927904 0.0825463 -0.355024 -0.0783463 0.041645
e_9_6 9 6 3 0.0125 0.1369 -0.279424 0.128046 0.943146 0.178535 -0.278739 -0.030099 0.049894
e_2_10 2 10 1 0.0125 0.20999 -0.260273 0.0403173 0.968432 0.226883 -0.101055 0.0212275 0.02
e_10_11 10 11 2 0.0125 0.203898 -0.26891 0.0571122 0.949441 0.222028 -0.221926 -0.00378533 0.02
e_11_12 11 12 3 0.0125 0.193409 -0.275273 0.072635 0.933649 0.135037 -0.327231 -0.054632 0.02
e_12_13 12 13 4 0.0125 0.181992 -0.280195 0.0882392 0.950904 0.155071 -0.265406 -0.0359803 0.02
e_13_5 13 5 5 0.0125 0.171938 -0.285361 0.104731 0.957854 0.136063 -0.249835 -0.0398218 0.02
e_2_14 2 14 1 0.0125 0.166745 -0.177006 0.0445469 0.704208 -0.412131 -0.509241 -0.273701 0.183495
e_14_15 14 15 2 0.0125 0.107657 -0.0757048 0.0641735 0.744235 -0.385856 -0.479156 -0.260077 0.054567
e_15_16 15 16 3 0.0125 0.0877514 -0.0459548 0.0745173 0.792917 -0.317341 -0.464076 -0.234969 0.020185
e_16_17 16 17 4 0.0125 0.0751908 -0.0310246 0.0816904 0.778069 -0.309077 -0.492766 -0.237196 0.021406
e_17_1 17 1 5 0.0125 0.0611043 -0.0165789 0.0864974 0.712809 -0.264681 -0.603125 -0.241016 0.020346
e_1_18 1 18 1 0.0125 0.0618404 -0.0154659 0.0886712 0.69413 0.548903 0.396643 0.244057 0.02
e_18_19 18 19 2 0.0125 0.0783534 -0.0266716 0.0899168 0.676799 0.559041 0.40819 0.250595 0.02
e_19_20 19 20 3 0.0125 0.0954223 -0.0363986 0.0879054 0.540089 0.640299 0.459819 0.294767 0.02
e_20_21 20 21 4 0.0125 0.113297 -0.0424343 0.0818391 0.477902 0.567459 0.599886 0.29956 0.02
e_21_4 21 4 5 0.0125 0.130993 -0.0450351 0.0730927 0.37267 0.627813 0.601059 0.325109 0.02
e_1_22 1 22 1 0.0125 0.0468069 -0.00498375 0.0823498 0.417583 -0.101169 -0.874254 -0.225985 0.020011
e_22_23 22 23 2 0.0125 0.02964 0.00968006 0.0667786 0.387274 -0.169977 -0.87146 -0.248362 0.034949
e_23_24 23 24 3 0.0125 0.0107154 0.0267442 0.0529378 0.528058 -0.205339 -0.785423 -0.249201 0.023668
e_24_3 24 3 4 0.0125 -0.00478604 0.0410074 0.0450827 0.488736 -0.247384 -0.793855 -0.264068 0.021373
6 21 20
3 -0.198633 -0.0731573 0.167545 0.0125
22 -0.203145 -0.0982262 0.15964 0.0125
21 -0.208553 -0.117958 0.152453 0.0125
20 -0.209587 -0.140046 0.145013 0.0125
4 -0.144994 -0.0921759 0.15242 0.0125
6 0.146183 -0.0714053 0.0692663 0.0125
11 0.133285 -0.0866093 0.08459 0.0125
10 0.12371 -0.10113 0.0946223 0.0125
9 0.112783 -0.130681 0.104007 0.0125
2 0.0859024 -0.190347 0.131917 0.0125
19 -0.17511 -0.126095 0.143007 0.0125
8 0.107989 -0.148131 0.115812 0.0125
12 0.0912239 -0.208008 0.103148 0.0125
13 0.0948852 -0.21852 0.0837193 0.0125
14 0.104582 -0.227459 0.0660428 0.0125
5 0.115639 -0.236225 0.0499803 0.0125
15 0.0104438 -0.191829 0.138602 0.0125
16 -0.115226 -0.172921 0.130133 0.0125
17 -0.137944 -0.16936 0.128254 0.0125
18 -0.189207 -0.164704 0.124711 0.0125
1 -0.210608 -0.164391 0.130594 0.0125
e_2_8 2 8 1 0.0125 0.0969463 -0.169238 0.123864 0.572913 -0.777196 0.236817 -0.107957 0.050293
e_8_9 8 9 2 0.0125 0.110387 -0.139406 0.109909 0.473436 -0.868206 0.13924 -0.0518542 0.021607
e_9_10 9 10 3 0.0125 0.118246 -0.115905 0.0993146 0.591277 -0.784562 0.164888 -0.0875494 0.032873
e_10_11 10 11 4 0.0125 0.128497 -0.0938695 0.0896061 0.487572 -0.811023 0.303426 -0.111574 0.020079
e_11_6 11 6 5 0.0125 0.139734 -0.0790076 0.0769277 0.424913 -0.817195 0.369986 -0.121459 0.025147
e_2_12 2 12 1 0.0125 0.0885628 -0.199177 0.117533 0.0153324 -0.226355 0.932567 -0.280797 0.034174
e_12_13 12 13 2 0.0125 0.0930547 -0.213264 0.0934334 -0.00769581 -0.345004 0.902663 -0.257121 0.022392
e_13_14 13 14 3 0.0125 0.0997341 -0.22299 0.0748803 0.143229 -0.329068 0.89021 -0.280581 0.022054
e_14_5 14 5 4 0.0125 0.11011 -0.231841 0.0580113 0.195726 -0.28727 0.890572 -0.29334 0.02138
e_2_15 2 15 1 0.0125 0.0481729 -0.191087 0.13526 0.731625 -0.0729262 -0.671239 0.0940473 0.075769
e_15_16 15 16 2 0.0125 -0.0523911 -0.182374 0.134368 0.671734 -0.238527 -0.690182 0.124612 0.127366
e_16_17 16 17 3 0.0125 -0.126585 -0.17114 0.129194 0.665664 -0.248135 -0.692213 0.127128 0.023072
e_17_18 17 18 4 0.0125 -0.163576 -0.167032 0.126483 0.670732 -0.19899 -0.703381 0.125607 0.051596
e_18_1 18 1 5 0.0125 -0.199908 -0.164548 0.127652 0.793014 -0.0548102 -0.603724 0.0603529 0.022198
e_1_19 1 19 1 0.0125 -0.19286 -0.145244 0.136801 0.763092 -0.540263 0.304105 -0.182555 0.053673
e_19_4 19 4 2 0.0125 -0.160052 -0.109135 0.147714 0.754852 -0.555699 0.299347 -0.178292 0.046327
e_1_20 1 20 1 0.0125 -0.210097 -0.152219 0.137804 0.863384 -0.494171 -0.0340255 -0.0959428 0.028315
e_20_21 20 21 2 0.0125 -0.20907 -0.129001 0.148734 0.808099 -0.582802 -0.0302741 -0.0800036 0.02333
e_21_22 21 22 3 0.0125 -0.205849 -0.108092 0.156046 0.807918 -0.573492 0.0735195 -0.113884 0.021685
e_22_3 22 3 4 0.0125 -0.200888 -0.0856918 0.163591 0.799134 -0.592188 0.0332847 -0.0979298 0.026671
7 20 19
3 0.0873103 -0.150941 0.0867409 0.0125
21 0.0683178 -0.131078 0.0829817 0.0125
4 0.0247324 -0.00175907 0.0114946 0.0125
20 0.0257502 -0.0273821 0.0284939 0.0125
12 -0.0445666 -0.233233 0.33428 0.0125
11 -0.0365912 -0.251725 0.328665 0.0125
10 -0.0307938 -0.270136 0.318462 0.0125
9 -0.0224347 -0.289063 0.299578 0.0125
2 -0.00127217 -0.312748 0.253802 0.0125
19 0.0178535 -0.0956815 0.0915923 0.0125
8 -0.0111481 -0.302417 0.275091 0.0125
6 -0.0488084 -0.212629 0.344795 0.0125
13 0.0427183 -0.286474 0.272803 0.0125
5 0.0795347 -0.272768 0.29546 0.0125
14 0.00675232 -0.187151 0.187593 0.0125
15 0.00777642 -0.170196 0.172152 0.0125
16 0.0103327 -0.144553 0.149559 0.0125
17 0.0137004 -0.128889 0.12915 0.0125
18 0.0167567 -0.110652 0.105218 0.0125
1 0.0202585 -0.0775874 0.0758497 0.0125
e_2_8 2 8 1 0.0125 -0.00620963 -0.307583 0.264447 0.956477 -0.207077 -0.204926 -0.0165872 0.025642
e_8_9 8 9 2 0.0125 -0.0167909 -0.29574 0.287335 0.9522 -0.229847 -0.200637 -0.0151845 0.030088
e_9_10 9 10 3 0.0125 -0.0266143 -0.279599 0.30902 0.914906 -0.368655 -0.164408 -0.00328064 0.028013
e_10_11 10 11 4 0.0125 -0.033693 -0.260931 0.323564 0.856524 -0.491322 -0.157935 -0.00509846 0.021832
e_11_12 11 12 5 0.0125 -0.0405788 -0.24248 0.331472 0.794141 -0.535588 -0.280807 -0.060274 0.020907
e_12_6 12 6 6 0.0125 -0.046687 -0.222932 0.339538 0.850366 -0.517435 -0.0932523 0.0210353 0.023517
e_2_13 2 13 1 0.0125 0.0207236 -0.299611 0.263303 0.769442 -0.103658 0.561612 0.286015 0.054649
e_13_5 13 5 2 0.0125 0.0611265 -0.279621 0.284132 0.82448 -0.0228977 0.499674 0.264641 0.045351
e_2_14 2 14 1 0.0125 0.00273956 -0.249949 0.220697 0.48835 -0.789179 0.331646 0.169474 0.142207
e_14_15 14 15 2 0.0125 0.00726394 -0.178674 0.179872 0.202329 -0.408743 0.818077 0.350347 0.022955
e_15_16 15 16 3 0.0125 0.00905463 -0.157375 0.160856 0.214926 -0.394776 0.82083 0.352415 0.034271
e_16_17 16 17 4 0.0125 0.0120171 -0.136721 0.139355 -0.152792 0.607782 0.723804 0.288729 0.025947
e_17_18 17 18 5 0.0125 0.0152281 -0.119771 0.117184 -0.18976 0.674898 0.663455 0.261403 0.030243
e_18_19 18 19 6 0.0125 0.0173051 -0.103167 0.0984051 0.191992 -0.373558 0.834572 0.356487 0.020273
e_19_1 19 1 7 0.0125 0.0190561 -0.0866352 0.083721 0.210505 -0.352146 0.838181 0.359352 0.024104
e_1_20 1 20 1 0.0125 0.0230044 -0.0524851 0.0521722 0.121474 -0.183764 0.899017 0.378474 0.069234
e_20_4 20 4 2 0.0125 0.0252408 -0.0145703 0.0199939 0.467407 -0.87532 0.100421 0.0725291 0.030766
e_1_21 1 21 1 0.0125 0.0442883 -0.104333 0.0794157 0.718586 0.594069 0.312625 0.181608 0.072261
e_21_3 21 3 2 0.0125 0.0778146 -0.14101 0.0848617 0.730057 0.572855 0.322611 0.186486 0.027739
8 23 22
3 -0.152161 -0.0929866 0.0684599 0.0125
24 -0.166721 -0.0818841 0.060416 0.0125
23 -0.181296 -0.0722028 0.0507289 0.0125
22 -0.19338 -0.0628768 0.0378063 0.0125
21 -0.206454 -0.0549282 0.0249263 0.0125
4 -0.221279 0.0489426 0.0146296 0.0125
20 -0.221513 -0.0201084 0.0161651 0.0125
11 0.0222381 -0.0720123 0.135189 0.0125
10 0.0366284 -0.0638868 0.123924 0.0125
6 0.0975605 -0.186493 0.161778 0.0125
9 0.0506209 -0.0598826 0.110207 0.0125
2 0.0646173 -0.0560953 0.0964316 0.0125
19 -0.198574 -0.0490186 0.0136149 0.0125
8 0.0857401 -0.115731 0.12621 0.0125
12 0.00596008 -0.0790939 0.144402 0.0125
5 -0.0105256 -0.0872552 0.152253 0.0125
13 0.0395516 -0.0575171 0.0966694 0.0125
14 -0.0577059 -0.0524001 0.0663163 0.0125
15 -0.0891287 -0.0505614 0.0558742 0.0125
16 -0.121974 -0.0509939 0.0457651 0.0125
17 -0.155425 -0.050329 0.0319028 0.0125
18 -0.177269 -0.0493277 0.0217779 0.0125
1 -0.220628 -0.0506697 0.0114732 0.0125
e_2_8 2 8 1 0.0125 0.0751791 -0.0859131 0.11132 -0.689237 -0.308927 -0.437758 0.487733 0.069924
e_8_6 8 6 2 0.0125 0.0916501 -0.151113 0.143994 -0.79103 -0.452304 -0.270796 0.310421 0.080076
e_2_9 2 9 1 0.0125 0.0576191 -0.0579889 0.103319 -0.918807 -0.0975232 0.38224 -0.0132568 0.02
e_9_10 9 10 2 0.0125 0.0436247 -0.0618847 0.117066 -0.917966 -0.102153 0.38292 -0.0165867 0.02
e_10_11 10 11 3 0.0125 0.0294331 -0.0679501 0.129556 -0.876693 -0.175286 0.433188 -0.114162 0.02
e_11_12 11 12 4 0.0125 0.0140988 -0.0755537 0.139796 -0.839479 -0.114345 0.506551 -0.16002 0.02
e_12_5 12 5 5 0.0125 -0.00228284 -0.0831746 0.148328 -0.809841 -0.1183 0.538282 -0.201034 0.02
e_2_13 2 13 1 0.0125 0.0520846 -0.0568057 0.096551 -0.675366 0.180188 0.680288 -0.220502 0.025107
e_13_14 13 14 2 0.0125 -0.00907652 -0.054958 0.081493 -0.548023 0.345327 0.727684 -0.225601 0.102012
e_14_15 14 15 3 0.0125 -0.073417 -0.0514802 0.061095 -0.540348 0.354789 0.729083 -0.224916 0.033164
e_15_16 15 16 4 0.0125 -0.105552 -0.0507771 0.0508197 -0.540429 0.324406 0.736088 -0.246723 0.034369
e_16_17 16 17 5 0.0125 -0.138699 -0.0506608 0.0388337 -0.500557 0.375453 0.741908 -0.240938 0.036215
e_17_18 17 18 6 0.0125 -0.166347 -0.0498279 0.0268411 -0.485031 0.400284 0.741515 -0.233825 0.024099
e_18_19 18 19 7 0.0125 -0.187922 -0.0491732 0.0176967 -0.512584 0.362072 0.740126 -0.241609 0.022817
e_19_1 19 1 8 0.0125 -0.209601 -0.0498442 0.0125437 -0.626131 0.217059 0.707871 -0.244467 0.022218
e_1_20 1 20 1 0.0125 -0.22107 -0.035389 0.0138184 -0.686512 0.58092 0.294446 0.323319 0.030932
e_20_4 20 4 2 0.0125 -0.221396 0.0144171 0.0153967 -0.625896 0.641039 0.316513 0.311677 0.069068
e_1_21 1 21 1 0.0125 -0.213541 -0.052799 0.0181993 -0.635311 0.197817 -0.352918 0.657797 0.02
e_21_22 21 22 2 0.0125 -0.199917 -0.0589019 0.0313656 -0.626948 0.108855 -0.407604 0.654939 0.02
e_22_23 22 23 3 0.0125 -0.187338 -0.0675393 0.0442676 -0.642662 0.0529818 -0.417284 0.640353 0.02
e_23_24 23 24 4 0.0125 -0.174009 -0.077043 0.0555728 -0.502201 0.179881 -0.47482 0.699987 0.02
e_24_3 24 3 5 0.0125 -0.159441 -0.0874354 0.0644382 -0.438077 0.197058 -0.509972 0.713572 0.02
9 22 21
3 -0.072432 -0.0788526 0.0767551 0.0125
23 -0.0554382 -0.11539 0.0997174 0.0125
22 -0.0477186 -0.145258 0.112797 0.0125
4 -0.0782279 -0.11382 0.0443379 0.0125
21 -0.0504808 -0.145482 0.0906715 0.0125
1 -0.042592 -0.161467 0.123546 0.0125
11 -0.101026 0.134631 0.0411846 0.0125
6 0.0292915 0.0555643 0.0683485 0.0125
10 0.00816551 0.0613903 0.0694892 0.0125
9 -0.0228448 0.0701905 0.0713342 0.0125
2 -0.102223 0.117259 0.0510218 0.0125
19 -0.0576209 -0.125513 0.109979 0.0125
8 -0.0538629 0.0816626 0.0686767 0.0125
12 -0.102475 0.153259 0.0340502 0.0125
13 -0.105545 0.171901 0.0274868 0.0125
14 -0.108358 0.190502 0.0206987 0.0125
5 -0.105926 0.20846 0.0122378 0.0125
15 -0.0965379 0.012204 0.0667519 0.0125
16 -0.0892937 -0.0588128 0.0844225 0.0125
17 -0.0819588 -0.0773074 0.0900328 0.0125
18 -0.0707283 -0.104119 0.098788 0.0125
20 -0.0501668 -0.142777 0.119223 0.0125
e_2_8 2 8 1 0.0125 -0.0780425 0.0994607 0.0598489 0.800546 0.362777 0.476821 0.0127059 0.062591
e_8_9 8 9 2 0.0125 -0.0383537 0.075926 0.0700051 0.734173 0.207159 0.645785 -0.0322033 0.033177
e_9_10 9 10 3 0.0125 -0.00733997 0.0657897 0.0704113 0.684696 0.145739 0.712268 -0.0512415 0.032287
e_10_6 10 6 4 0.0125 0.018728 0.0584769 0.0689194 0.686541 0.139784 0.711656 -0.0516533 0.021945
e_2_11 2 11 1 0.0125 -0.101625 0.125945 0.046103 0.501089 -0.862992 -0.0342887 -0.054582 0.02
e_11_12 11 12 2 0.0125 -0.10175 0.143945 0.0376168 0.566093 -0.815798 -0.113312 -0.0342447 0.02
e_12_13 12 13 3 0.0125 -0.10401 0.162579 0.0307686 0.579101 -0.797921 -0.165508 -0.0239058 0.02
e_13_14 13 14 4 0.0125 -0.106951 0.181201 0.0240922 0.574122 -0.802874 -0.158473 -0.0257469 0.02
e_14_5 14 5 5 0.0125 -0.107142 0.199481 0.016468 0.533876 -0.843253 0.0209023 -0.0588558 0.02
e_2_15 2 15 1 0.0125 -0.0993811 0.0647314 0.0588868 0.74801 0.64914 -0.0684573 0.12005 0.106378
e_15_16 15 16 2 0.0125 -0.0929158 -0.0233048 0.0755874 0.779482 0.615803 -0.0253305 0.112041 0.07354
e_16_17 16 17 3 0.0125 -0.0856263 -0.0680604 0.0872283 0.793184 0.580762 0.164323 0.0810712 0.020672
e_17_18 17 18 4 0.0125 -0.0763436 -0.0907133 0.0944104 0.79875 0.570121 0.175423 0.0786516 0.030358
e_18_19 18 19 5 0.0125 -0.0641751 -0.114816 0.104383 0.83664 0.483588 0.249937 0.0608885 0.027473
e_19_20 19 20 6 0.0125 -0.0538938 -0.134145 0.114601 0.845485 0.502059 0.165339 0.0758601 0.020954
e_20_1 20 1 7 0.0125 -0.0463795 -0.152122 0.121385 0.773456 0.604028 0.174301 0.0808391 0.020624
e_1_21 1 21 1 0.0125 -0.0465358 -0.153474 0.107108 0.245799 -0.857265 -0.452367 -0.00666031 0.037396
e_21_4 21 4 2 0.0125 -0.0643544 -0.12965 0.0675045 0.359443 -0.74604 -0.559893 0.0272942 0.062604
e_1_22 1 22 1 0.0125 -0.0451548 -0.153362 0.118171 0.482271 -0.82698 -0.288647 -0.0141998 0.020113
e_22_23 22 23 2 0.0125 -0.0515783 -0.130325 0.106257 0.55189 -0.800886 -0.231829 -0.0159343 0.033508
e_23_3 23 3 3 0.0125 -0.0639346 -0.0971213 0.0882364 0.502443 -0.785433 -0.361444 0.00204257 0.046379
10 25 24
3 0.2638 -0.107106 0.1712 0.0125
26 0.247737 -0.0980171 0.163494 0.0125
25 0.232164 -0.0888828 0.154891 0.0125
24 0.216239 -0.079695 0.147017 0.0125
23 0.198988 -0.0756679 0.137734 0.0125
4 0.245531 -0.129225 0.177494 0.0125
22 0.229828 -0.114601 0.167214 0.0125
21 0.209791 -0.0971171 0.154971 0.0125
20 0.196125 -0.0890407 0.142442 0.0125
11 -0.0591716 0.0400777 0.0609035 0.0125
6 0.035239 0.044046 0.145025 0.0125
10 0.0150491 0.0399616 0.139597 0.0125
9 -0.00149485 0.0347642 0.129353 0.0125
2 -0.0752137 0.0466885 0.0509569 0.0125
19 0.163636 -0.0582827 0.124642 0.0125
8 -0.0180427 0.0354728 0.115648 0.0125
12 -0.0433393 0.0328857 0.0707841 0.0125
13 -0.0284167 0.0245758 0.081189 0.0125
14 -0.013194 0.0159527 0.0908807 0.0125
5 -0.00144526 0.00444266 0.10226 0.0125
15 -0.0207 0.0138897 0.0918041 0.0125
16 0.0260906 -0.00696681 0.10828 0.0125
17 0.105042 -0.03481 0.118036 0.0125
18 0.136098 -0.0452629 0.122305 0.0125
1 0.181799 -0.0713591 0.128462 0.0125
e_2_8 2 8 1 0.0125 -0.0466278 0.0410805 0.0833029 0.511487 0.332026 0.134978 0.780974 0.087059
e_8_9 8 9 2 0.0125 -0.00976906 0.0351185 0.122501 0.827191 0.189059 0.38146 0.366743 0.021498
e_9_10 9 10 3 0.0125 0.00677711 0.0373629 0.134475 0.866002 -0.112291 0.482798 0.0658626 0.020141
e_10_6 10 6 4 0.0125 0.0251438 0.0420038 0.142311 0.714085 -0.368001 0.486978 -0.342797 0.021302
e_2_11 2 11 1 0.0125 -0.0671929 0.0433832 0.0559306 -0.650105 -0.449389 -0.222201 -0.570999 0.02
e_11_12 11 12 2 0.0125 -0.0512559 0.0364813 0.0658442 -0.81941 -0.342883 -0.367998 -0.274911 0.02
e_12_13 12 13 3 0.0125 -0.0358783 0.0287308 0.075987 -0.840135 -0.115267 -0.476021 0.233003 0.02
e_13_14 13 14 4 0.0125 -0.0208062 0.020264 0.086035 -0.861161 -0.263604 -0.433843 -0.0263501 0.02
e_14_5 14 5 5 0.0125 -0.00731964 0.0101977 0.0965703 -0.735849 -0.0853486 -0.456327 0.492958 0.02
e_2_15 2 15 1 0.0125 -0.0479572 0.0302892 0.0713803 -0.789779 -0.0433316 -0.477478 0.382604 0.075604
e_15_16 15 16 2 0.0125 0.0026961 0.0034617 0.100042 -0.355491 -0.58861 -0.0212915 -0.725748 0.053813
e_16_17 16 17 3 0.0125 0.0655665 -0.0208891 0.113158 -0.11678 -0.653933 0.120376 -0.737728 0.084283
e_17_18 17 18 4 0.0125 0.120569 -0.0400358 0.120171 -0.0868864 -0.645528 0.136772 -0.746349 0.033044
e_18_19 18 19 5 0.0125 0.149867 -0.0517727 0.123473 -0.298707 -0.679357 0.015143 -0.670089 0.030551
e_19_1 19 1 6 0.0125 0.172718 -0.0648204 0.126552 -0.611679 -0.615342 -0.192937 -0.458234 0.022704
e_1_20 1 20 1 0.0125 0.188963 -0.0802001 0.135452 -0.769136 -0.189006 -0.45007 0.412486 0.026708
e_20_21 20 21 2 0.0125 0.202958 -0.0930788 0.148706 -0.470915 0.203828 -0.385583 0.766824 0.020223
e_21_22 21 22 3 0.0125 0.219809 -0.105859 0.161092 -0.841352 -0.337388 -0.420792 0.0350741 0.029276
e_22_4 22 4 4 0.0125 0.237679 -0.121913 0.172355 -0.839477 -0.311317 -0.432511 0.106279 0.023793
e_1_23 1 23 1 0.0125 0.190394 -0.0735135 0.133098 0.625994 -0.250215 0.453445 -0.583019 0.02
e_23_24 23 24 2 0.0125 0.207613 -0.0776819 0.142375 0.664997 -0.22573 0.465778 -0.538401 0.02
e_24_25 24 25 3 0.0125 0.224202 -0.0842891 0.150955 -0.732921 -0.469869 -0.287024 -0.399584 0.02
e_25_26 25 26 4 0.0125 0.239951 -0.0934499 0.159193 -0.802514 -0.401435 -0.351782 -0.26659 0.02
e_26_3 26 3 5 0.0125 0.255768 -0.102562 0.167347 -0.70526 -0.487542 -0.263954 -0.441859 0.02
