10
1 20 19
3 -0.101864 -0.221814 0.0920772 0.0125
21 -0.0879569 -0.215672 0.0790818 0.0125
20 -0.0777233 -0.207738 0.0638398 0.0125
19 -0.0673688 -0.199908 0.048626 0.0125
5 0.0769787 -0.000827733 0.0817235 0.0125
10 0.100783 0.0365014 0.0529992 0.0125
6 0.0130357 0.17379 0.0160862 0.0125
9 0.0348845 0.146385 0.0115102 0.0125
2 0.11952 0.0704117 0.0259949 0.0125
8 0.068256 0.116854 0.0173584 0.0125
11 0.0193837 -0.0780239 0.0134614 0.0125
12 0.008402 -0.0952967 0.0127555 0.0125
13 -0.003149 -0.111629 0.0124952 0.0125
14 -0.0160034 -0.126961 0.0127122 0.0125
15 -0.0287414 -0.14238 0.0123841 0.0125
16 -0.0403969 -0.157829 0.0174654 0.0125
1 -0.0480015 -0.175144 0.0239778 0.0125
18 -0.0569495 -0.188218 0.0361848 0.0125
17 -0.0620258 -0.235439 0.0276422 0.0125
4 -0.0658801 -0.272322 0.0194063 0.0125
e_2_8 2 8 1 0.0125 0.093888 0.0936331 0.021676 0.624607 -0.291228 -0.690748 -0.218906 0.069711
e_8_9 8 9 2 0.0125 0.0515703 0.13162 0.0144343 0.622312 -0.283705 -0.69611 -0.218335 0.044943
e_9_6 9 6 3 0.0125 0.0239604 0.160088 0.0137985 0.729794 -0.402867 -0.522461 -0.179256 0.035346
e_2_10 2 10 1 0.0125 0.110151 0.0534566 0.0394976 0.858729 0.336707 -0.317367 0.220207 0.047226
e_10_5 10 5 2 0.0125 0.0888808 0.0178372 0.0673619 0.853969 0.33066 -0.344265 0.20708 0.052774
e_2_11 2 11 1 0.0125 0.0694522 -0.00380578 0.0197278 0.663181 0.49425 -0.539103 0.158985 0.179492
e_11_12 11 12 2 0.0125 0.0138928 -0.0866596 0.0131084 0.674132 0.495382 -0.52136 0.168304 0.020481
e_12_13 12 13 3 0.0125 0.00262564 -0.103463 0.0126255 0.68441 0.473478 -0.531349 0.158335 0.020006
e_13_14 13 14 4 0.0125 -0.00957648 -0.119296 0.0126034 0.696848 0.438778 -0.549596 0.140788 0.020009
e_14_15 14 15 5 0.0125 -0.0223722 -0.13467 0.0125479 0.687117 0.447677 -0.554784 0.140254 0.020002
e_15_16 15 16 6 0.0125 -0.0345698 -0.150104 0.0149246 0.772998 0.396235 -0.464778 0.171622 0.02001
e_16_1 16 1 7 0.0125 -0.0441993 -0.166486 0.020721 0.781966 0.445699 -0.372225 0.226562 0.020001
e_1_17 1 17 1 0.0125 -0.0550139 -0.205291 0.0258102 0.682475 0.572625 -0.377569 0.252526 0.062013
e_17_4 17 4 2 0.0125 -0.063953 -0.25388 0.0235241 0.569327 0.672134 -0.395767 0.259753 0.037987
e_1_18 1 18 1 0.0125 -0.0524749 -0.181681 0.0300815 0.873591 0.297689 -0.325905 0.204955 0.02
e_18_19 18 19 2 0.0125 -0.0621588 -0.194063 0.0424052 0.881781 0.258953 -0.349152 0.183024 0.02
e_19_20 19 20 3 0.0125 -0.0725457 -0.203823 0.0562332 0.923448 0.156487 -0.308488 0.166104 0.02
e_20_21 20 21 4 0.0125 -0.0828401 -0.211705 0.0714608 0.923477 0.159117 -0.305989 0.168057 0.02
e_21_3 21 3 5 0.0125 -0.0949105 -0.218743 0.0855797 0.901135 0.119975 -0.4009 0.11332 0.02
2 24 23
3 0.167705 -0.0221593 0.013139 0.0125
25 0.148073 -0.0272149 0.0170487 0.0125
24 0.102028 -0.0474524 0.0182085 0.0125
4 0.125934 0.0224208 0.0388917 0.0125
23 0.0968683 -0.0291306 0.0204383 0.0125
1 0.0767761 -0.0601252 0.011476 0.0125
22 0.0775608 -0.0776928 0.0210155 0.0125
21 0.0786274 -0.0945186 0.0317776 0.0125
12 0.0348302 -0.21153 0.11822 0.0125
11 0.0438801 -0.22359 0.131499 0.0125
10 0.0505271 -0.236989 0.144868 0.0125
9 0.0563542 -0.248899 0.159999 0.0125
2 0.0969008 -0.288508 0.200242 0.0125
19 0.0834772 -0.125216 0.0561954 0.0125
8 0.0664855 -0.260449 0.173352 0.0125
6 0.0244689 -0.203939 0.102859 0.0125
13 0.142054 -0.286035 0.142292 0.0125
5 0.155153 -0.287096 0.119287 0.0125
14 0.0951453 -0.206384 0.139091 0.0125
15 0.092307 -0.183156 0.119954 0.0125
16 0.0934841 -0.166374 0.10479 0.0125
17 0.0910202 -0.152304 0.084787 0.0125
18 0.0868162 -0.138736 0.0705766 0.0125
20 0.081104 -0.107907 0.0464354 0.0125
e_2_8 2 8 1 0.0125 0.0816927 -0.274478 0.186797 -0.276426 0.871804 -0.111349 -0.388778 0.04935
e_8_9 8 9 2 0.0125 0.0614198 -0.254674 0.166676 -0.317808 0.909715 0.0203362 -0.266463 0.020355
e_9_10 9 10 3 0.0125 0.0534411 -0.242945 0.152433 -0.344599 0.907204 0.230278 -0.0721451 0.020118
e_10_11 10 11 4 0.0125 0.0472041 -0.23029 0.138184 -0.379851 0.909554 0.0768419 -0.150068 0.020062
e_11_12 11 12 5 0.0125 0.0393551 -0.21756 0.124859 -0.337562 0.910776 0.0311118 -0.235737 0.020092
e_12_6 12 6 6 0.0125 0.0296495 -0.207734 0.110539 -0.250844 0.922438 0.180751 -0.231332 0.020023
e_2_13 2 13 1 0.0125 0.119477 -0.287272 0.171267 0.302834 0.296636 0.897882 0.118774 0.073505
e_13_5 13 5 2 0.0125 0.148604 -0.286566 0.13079 0.240118 0.412723 0.873964 0.0904972 0.026495
e_2_14 2 14 1 0.0125 0.0960226 -0.247446 0.169666 -0.415784 0.8205 0.354053 0.168968 0.102405
e_14_15 14 15 2 0.0125 0.0937262 -0.19477 0.129523 -0.421995 0.864911 0.261653 0.0733954 0.03023
e_15_16 15 16 3 0.0125 0.0928961 -0.174765 0.112372 -0.298373 0.712382 0.572077 0.276069 0.022649
e_16_17 16 17 4 0.0125 0.0922522 -0.159339 0.0947887 -0.28713 0.82722 0.47182 0.103189 0.024579
e_17_18 17 18 5 0.0125 0.0889182 -0.14552 0.0776813 -0.382142 0.894547 0.231129 -0.0182344 0.020093
e_18_19 18 19 6 0.0125 0.0851462 -0.131976 0.0633856 -0.374129 0.879903 0.291458 0.0291674 0.020018
e_19_20 19 20 7 0.0125 0.0822912 -0.116561 0.0513159 -0.485396 0.852672 -0.129615 -0.143321 0.020014
e_20_21 20 21 8 0.0125 0.0798652 -0.101213 0.0391065 -0.357179 0.858119 0.360532 0.0779171 0.020005
e_21_22 21 22 9 0.0125 0.0780941 -0.0861057 0.0263965 -0.478174 0.86521 0.142963 0.0481973 0.020003
e_22_1 22 1 10 0.0125 0.077168 -0.0689083 0.0162461 -0.510264 0.859058 -0.0205459 -0.0350408 0.020005
e_1_23 1 23 1 0.0125 0.0868217 -0.0446278 0.0159572 0.713127 -0.61202 0.086857 -0.330661 0.038009
e_23_4 23 4 2 0.0125 0.111401 -0.00335502 0.0296646 0.70045 -0.592585 -0.00180639 -0.397756 0.061991
e_1_24 1 24 1 0.0125 0.0894023 -0.0537883 0.0148421 0.750356 -0.42806 0.448191 -0.229901 0.029046
e_24_25 24 25 2 0.0125 0.12505 -0.0373331 0.0176285 0.694094 -0.362517 0.61653 -0.0818941 0.050309
e_25_3 25 3 3 0.0125 0.157889 -0.0246869 0.0150944 0.636228 -0.219154 0.739362 -0.0229923 0.020646
3 24 23
3 -0.0843982 -0.135524 0.164783 0.0125
25 -0.0744405 -0.135095 0.145943 0.0125
24 -0.0512862 -0.134179 0.116216 0.0125
4 -0.120773 -0.155391 0.0661856 0.0125
23 -0.0951987 -0.147935 0.0750773 0.0125
22 -0.0751816 -0.142527 0.0822933 0.0125
21 -0.0499506 -0.137188 0.0827145 0.0125
1 -0.0261824 -0.13295 0.083829 0.0125
6 0.387732 -0.034831 0.10157 0.0125
11 0.366928 -0.0348566 0.0949681 0.0125
10 0.347606 -0.0380337 0.0904616 0.0125
9 0.324177 -0.0458189 0.082983 0.0125
2 0.261689 -0.0748067 0.0379787 0.0125
19 0.0115795 -0.119802 0.0843942 0.0125
8 0.303665 -0.0552602 0.067958 0.0125
12 0.240802 -0.0593609 0.0539441 0.0125
13 0.227732 -0.0503869 0.0668165 0.0125
14 0.211128 -0.0365461 0.075573 0.0125
5 0.197407 -0.0179594 0.0869786 0.0125
15 0.178407 -0.0864027 0.0450343 0.0125
16 0.0790421 -0.100126 0.0703264 0.0125
17 0.0591031 -0.104119 0.0756654 0.0125
18 0.0328632 -0.113245 0.083122 0.0125
20 -0.00748296 -0.125958 0.0853425 0.0125
e_2_8 2 8 1 0.0125 0.282676 -0.0650331 0.052969 0.836506 -0.0597566 0.474012 0.268329 0.055161
e_8_9 8 9 2 0.0125 0.31392 -0.0505398 0.0754709 0.839918 -0.0579929 0.468676 0.267429 0.027123
e_9_10 9 10 3 0.0125 0.335891 -0.0419265 0.0867227 0.772149 -0.0251961 0.59532 0.22078 0.025797
e_10_11 10 11 4 0.0125 0.357267 -0.0364458 0.0927151 0.764699 0.0311804 0.622012 0.165423 0.020093
e_11_6 11 6 5 0.0125 0.37733 -0.0348436 0.0982684 0.79803 0.087038 0.584117 0.119919 0.021826
e_2_12 2 12 1 0.0125 0.251245 -0.0670842 0.0459608 0.621696 -0.482134 -0.0758318 0.61261 0.030491
e_12_13 12 13 2 0.0125 0.234266 -0.054874 0.0603802 0.704133 -0.411625 -0.124111 0.565117 0.020422
e_13_14 13 14 3 0.0125 0.219429 -0.0434666 0.0711947 0.50516 -0.558357 0.0223097 0.657687 0.023322
e_14_5 14 5 4 0.0125 0.204267 -0.0272533 0.0812756 0.565459 -0.516694 0.10815 0.633708 0.025764
e_2_15 2 15 1 0.0125 0.220049 -0.0806046 0.0415065 0.553634 -0.3716 -0.56578 0.485073 0.08438
e_15_16 15 16 2 0.0125 0.128725 -0.0932646 0.0576798 0.700987 -0.204487 -0.579603 0.36175 0.103449
e_16_17 16 17 3 0.0125 0.0690726 -0.102122 0.0729954 0.750716 -0.0767252 -0.605923 0.251787 0.021024
e_17_18 17 18 4 0.0125 0.0459827 -0.108682 0.0793932 0.793465 0.203117 -0.573705 -0.00442241 0.028766
e_18_19 18 19 5 0.0125 0.0222213 -0.116524 0.0837581 0.712619 0.32802 -0.603221 -0.143882 0.022307
e_19_20 19 20 6 0.0125 0.00204766 -0.122879 0.0848679 0.690365 0.39919 -0.563039 -0.216866 0.020055
e_20_1 20 1 7 0.0125 -0.0168328 -0.129453 0.0845854 0.206122 0.732432 0.0365016 -0.647861 0.020021
e_1_21 1 21 1 0.0125 -0.0380671 -0.135069 0.0832718 0.198275 -0.645568 -0.326036 0.661536 0.024168
e_21_22 21 22 2 0.0125 -0.0625666 -0.139858 0.0825044 0.585759 -0.26023 -0.663658 0.385648 0.025794
e_22_23 22 23 3 0.0125 -0.0851905 -0.145232 0.0786852 -0.537094 0.0979626 0.809167 -0.217216 0.021954
e_23_4 23 4 4 0.0125 -0.107986 -0.151663 0.0706314 -0.519091 0.156478 0.79613 -0.268768 0.028084
e_1_24 1 24 1 0.0125 -0.0387348 -0.133565 0.100022 0.896581 -0.0882603 -0.311774 0.301911 0.040994
e_24_25 24 25 2 0.0125 -0.0628627 -0.134637 0.131079 0.894852 -0.0929101 -0.31148 0.305922 0.037692
e_25_3 25 3 3 0.0125 -0.0794192 -0.13531 0.155362 0.928053 -0.0605313 -0.233177 0.284047 0.021314
4 25 24
3 0.32737 0.100587 0.0114927 0.0125
26 0.319321 0.0943647 0.0297038 0.0125
25 0.309703 0.0860597 0.0455872 0.0125
24 0.29474 0.0650303 0.0703902 0.0125
4 0.368839 -0.0108749 0.0965723 0.0125
23 0.354084 0.00260521 0.0958172 0.0125
22 0.34148 0.0180575 0.0973554 0.0125
21 0.326496 0.0311619 0.0954128 0.0125
20 0.309379 0.0396187 0.0894532 0.0125
6 -0.0511049 0.219276 0.105317 0.0125
11 -0.0225428 0.222108 0.0813906 0.0125
10 -0.00528609 0.224219 0.0670403 0.0125
9 0.0172817 0.225254 0.0486204 0.0125
2 0.0652617 0.219674 0.0116797 0.0125
19 0.279319 0.0676291 0.0881176 0.0125
8 0.0384516 0.22388 0.0303123 0.0125
12 0.0842216 0.223569 0.0167132 0.0125
13 0.103562 0.226521 0.0208663 0.0125
14 0.123352 0.227752 0.0234782 0.0125
15 0.143084 0.227769 0.026747 0.0125
5 0.161678 0.225703 0.0338172 0.0125
16 0.16607 0.162953 0.0642149 0.0125
17 0.201383 0.141493 0.0700499 0.0125
18 0.261965 0.0821775 0.0851435 0.0125
1 0.292114 0.0494322 0.0870926 0.0125
e_2_8 2 8 1 0.0125 0.051857 0.221777 0.0209959 0.867954 -0.160378 -0.437346 0.172227 0.032919
e_8_9 8 9 2 0.0125 0.0278663 0.224567 0.0394668 0.905235 -0.0656839 -0.411112 0.0849821 0.028022
e_9_10 9 10 3 0.0125 0.00599806 0.224736 0.0578297 0.900283 -0.0154179 -0.428725 0.0738082 0.029149
e_10_11 10 11 4 0.0125 -0.0139142 0.223163 0.0742148 0.903529 0.0311826 -0.425135 0.0438548 0.022543
e_11_6 11 6 5 0.0125 -0.0368239 0.220692 0.0933536 0.904287 0.018851 -0.423663 0.0491778 0.037367
e_2_12 2 12 1 0.0125 0.0747421 0.221622 0.014197 0.685732 -0.405478 0.457977 -0.394482 0.02
e_12_13 12 13 2 0.0125 0.0938921 0.225046 0.0187902 0.662568 -0.406075 0.48092 -0.405985 0.02
e_13_14 13 14 3 0.0125 0.113458 0.227137 0.0221727 0.620185 -0.405752 0.51967 -0.425064 0.02
e_14_15 14 15 4 0.0125 0.133218 0.22776 0.0251126 0.619486 -0.377709 0.525004 -0.444909 0.02
e_15_5 15 5 5 0.0125 0.152381 0.226735 0.0302825 0.66421 -0.282722 0.49326 -0.485374 0.02
e_2_16 2 16 1 0.0125 0.115666 0.191314 0.0379473 0.610275 -0.131826 0.525222 -0.578211 0.127042
e_16_17 16 17 2 0.0125 0.183726 0.152223 0.0671319 0.486957 -0.208574 0.62176 -0.576875 0.041732
e_17_18 17 18 3 0.0125 0.231674 0.111835 0.0775972 0.444655 -0.11317 0.632107 -0.624432 0.086119
e_18_19 18 19 4 0.0125 0.270642 0.0749033 0.0866305 0.443978 -0.157605 0.640353 -0.606624 0.022839
e_19_1 19 1 5 0.0125 0.285716 0.0585304 0.087605 0.286891 -0.132633 0.710927 -0.628239 0.022268
e_1_20 1 20 1 0.0125 0.300747 0.0445261 0.088273 0.485286 -0.226196 0.624361 -0.568777 0.02
e_20_21 20 21 2 0.0125 0.317938 0.0353904 0.0924325 0.572669 -0.187036 0.562175 -0.566593 0.02
e_21_22 21 22 3 0.0125 0.333988 0.02461 0.0963841 0.423653 -0.161843 0.652109 -0.607519 0.02
e_22_23 22 23 4 0.0125 0.347781 0.0103315 0.0965859 0.294971 -0.170917 0.713602 -0.612006 0.02
e_23_4 23 4 5 0.0125 0.361461 -0.00413476 0.0961949 0.391121 -0.176002 0.670939 -0.604887 0.02
e_1_24 1 24 1 0.0125 0.293427 0.0572308 0.0787419 0.362586 -0.866718 0.334436 0.0740491 0.023004
e_24_25 24 25 2 0.0125 0.302221 0.0755447 0.0579887 0.388662 -0.811416 0.433659 -0.0498585 0.035796
e_25_26 25 26 3 0.0125 0.314512 0.0902122 0.0376455 0.316928 -0.796636 0.505757 -0.0955853 0.020341
e_26_3 26 3 4 0.0125 0.323345 0.0974752 0.0205987 0.238092 -0.809844 0.529779 -0.0824597 0.020859
5 25 24
3 0.387096 0.108952 0.132573 0.0125
26 0.34414 0.123683 0.122748 0.0125
4 0.388502 0.109823 0.11477 0.0125
25 0.367093 0.112924 0.113802 0.0125
24 0.344004 0.116189 0.112774 0.0125
23 0.32092 0.127899 0.113236 0.0125
1 0.295492 0.141517 0.109274 0.0125
22 0.285936 0.123945 0.109274 0.0125
21 0.278404 0.105427 0.10996 0.0125
6 0.206023 -0.0913043 0.282285 0.0125
11 0.199225 -0.10665 0.253077 0.0125
10 0.193936 -0.115159 0.227031 0.0125
9 0.189955 -0.124137 0.199571 0.0125
2 0.18345 -0.132274 0.141257 0.0125
19 0.266047 0.0673378 0.112152 0.0125
8 0.186747 -0.128149 0.168256 0.0125
12 0.194869 -0.108387 0.126606 0.0125
13 0.202978 -0.0921758 0.116323 0.0125
14 0.210285 -0.0693339 0.102065 0.0125
5 0.213738 -0.0496509 0.0956105 0.0125
15 0.222343 -0.0205769 0.135512 0.0125
16 0.239823 0.0136631 0.127701 0.0125
17 0.249429 0.031885 0.121551 0.0125
18 0.258006 0.048845 0.114058 0.0125
20 0.273105 0.086228 0.111798 0.0125
e_2_8 2 8 1 0.0125 0.185098 -0.130211 0.154756 0.386102 -0.0846976 -0.0460728 -0.917403 0.02751
e_8_9 8 9 2 0.0125 0.188352 -0.126143 0.183914 0.384895 -0.0712869 -0.038902 -0.919381 0.031734
e_9_10 9 10 3 0.0125 0.191946 -0.119648 0.213301 0.327858 -0.117305 -0.124279 -0.929141 0.029163
e_10_11 10 11 4 0.0125 0.196581 -0.110904 0.240054 0.361037 -0.146596 -0.10885 -0.914502 0.027907
e_11_6 11 6 5 0.0125 0.202624 -0.0989767 0.267681 0.286204 -0.169582 -0.194217 -0.922827 0.033686
e_2_12 2 12 1 0.0125 0.189159 -0.120331 0.133932 -0.313715 0.772289 0.381669 0.39935 0.030258
e_12_13 12 13 2 0.0125 0.198923 -0.100282 0.121465 -0.296552 0.767716 0.396628 0.406639 0.020841
e_13_14 13 14 3 0.0125 0.206632 -0.0807546 0.109195 -0.386087 0.811895 0.310391 0.308902 0.0279
e_14_5 14 5 4 0.0125 0.212012 -0.0594924 0.0988377 -0.563841 0.803014 0.0941412 0.168493 0.021001
e_2_15 2 15 1 0.0125 0.202897 -0.0764253 0.138385 -0.662938 0.722947 -0.0400857 0.190405 0.118414
e_15_16 15 16 2 0.0125 0.231083 -0.0034569 0.131607 -0.424065 0.72347 0.275955 0.46969 0.039229
e_16_17 16 17 3 0.0125 0.244626 0.0227742 0.124626 -0.363964 0.728691 0.334729 0.47381 0.021497
e_17_18 17 18 4 0.0125 0.253717 0.0403653 0.117805 -0.34574 0.747614 0.352788 0.443935 0.020429
e_18_19 18 19 5 0.0125 0.262026 0.0580916 0.113105 -0.571389 0.731722 0.107995 0.355575 0.020255
e_19_20 19 20 6 0.0125 0.269576 0.0767829 0.111975 -0.674375 0.710889 -0.0581798 0.190973 0.020169
e_20_21 20 21 7 0.0125 0.275755 0.0958273 0.110879 -0.659519 0.737433 -0.0464309 0.1381 0.020001
e_21_22 21 22 8 0.0125 0.28217 0.114686 0.109617 -0.642966 0.719132 0.00191918 0.263513 0.020003
e_22_1 22 1 9 0.0125 0.290714 0.132731 0.109274 -0.530891 0.689517 0.156705 0.467081 0.020002
e_1_23 1 23 1 0.0125 0.308206 0.134708 0.111255 0.719691 0.124253 0.64539 -0.223779 0.029117
e_23_24 23 24 2 0.0125 0.332462 0.122045 0.113005 0.686382 0.18782 0.688212 -0.141306 0.025888
e_24_25 24 25 3 0.0125 0.355548 0.114556 0.113288 0.722121 0.0744556 0.687344 -0.023557 0.023341
e_25_4 25 4 4 0.0125 0.377798 0.111373 0.114286 0.722295 0.0748459 0.68705 -0.0255053 0.021655
e_1_26 1 26 1 0.0125 0.319815 0.1326 0.116011 0.755506 0.030727 0.610916 -0.234624 0.053537
e_26_3 26 3 2 0.0125 0.365618 0.116318 0.127661 0.751441 0.0420143 0.626502 -0.202648 0.046463
6 18 17
3 -0.347898 -0.183558 0.0114947 0.0125
19 -0.326634 -0.1847 0.0129071 0.0125
5 -0.0414565 -0.172867 0.049532 0.0125
10 -0.0154358 -0.166854 0.0667362 0.0125
6 0.161409 -0.193552 0.1834 0.0125
9 0.000990827 -0.165414 0.085515 0.0125
2 0.0313096 -0.161292 0.116069 0.0125
8 0.0719542 -0.171456 0.136929 0.0125
11 -0.0959862 -0.173676 0.0765747 0.0125
12 -0.15416 -0.191722 0.0522845 0.0125
13 -0.183797 -0.190029 0.0415481 0.0125
14 -0.206092 -0.183309 0.0376133 0.0125
15 -0.228349 -0.180005 0.0368522 0.0125
1 -0.251021 -0.180587 0.0338759 0.0125
18 -0.296928 -0.184701 0.0218838 0.0125
16 -0.294031 -0.159515 0.0214641 0.0125
17 -0.319304 -0.151036 0.0167425 0.0125
4 -0.341014 -0.14218 0.0162824 0.0125
e_2_8 2 8 1 0.0125 0.0516314 -0.166374 0.126499 0.621916 0.441655 0.286496 0.579726 0.046802
e_8_6 8 6 2 0.0125 0.116682 -0.182503 0.160165 0.635885 0.432404 0.296441 0.566392 0.103198
e_2_9 2 9 1 0.0125 0.0161497 -0.163353 0.100792 0.381794 0.0510649 -0.92233 0.0305414 0.043241
e_9_10 9 10 2 0.0125 -0.00722312 -0.166134 0.0761259 0.352188 0.0394643 -0.934961 0.0159525 0.02499
e_10_5 10 5 3 0.0125 -0.0284461 -0.169861 0.0581341 0.4743 0.0792855 -0.874356 0.065231 0.031768
e_2_11 2 11 1 0.0125 -0.0323377 -0.167484 0.0963215 0.593348 0.0504796 -0.803105 0.0203055 0.133856
e_11_12 11 12 2 0.0125 -0.125072 -0.182699 0.0644297 0.5526 0.104779 -0.821117 0.0970609 0.065573
e_12_13 12 13 3 0.0125 -0.168978 -0.190876 0.046916 0.573144 0.00755354 -0.818536 -0.0380402 0.031567
e_13_14 13 14 4 0.0125 -0.194944 -0.186669 0.0395808 0.631092 -0.0617866 -0.761243 -0.1357 0.023615
e_14_15 14 15 5 0.0125 -0.21722 -0.181657 0.0372329 0.690213 -0.0209917 -0.718648 -0.0819208 0.022514
e_15_1 15 1 6 0.0125 -0.239684 -0.180297 0.0353646 0.659426 0.0305244 -0.751085 -0.00984773 0.022875
e_1_16 1 16 1 0.0125 -0.272527 -0.170051 0.0276704 0.580603 -0.105488 -0.783776 -0.193564 0.049477
e_16_17 16 17 2 0.0125 -0.306668 -0.155275 0.0191032 0.625341 -0.0705043 -0.763048 -0.14743 0.027072
e_17_4 17 4 3 0.0125 -0.330159 -0.146608 0.0165124 0.67693 -0.0919549 -0.708061 -0.178775 0.023451
e_1_18 1 18 1 0.0125 -0.273975 -0.182644 0.0278804 0.611399 0.0486386 -0.789642 0.0170293 0.047625
e_18_19 18 19 2 0.0125 -0.311781 -0.1847 0.017396 0.595879 0.0232804 -0.80255 -0.0173132 0.031033
e_19_3 19 3 3 0.0125 -0.337266 -0.184129 0.0122009 0.681942 0.00697979 -0.730099 -0.0431358 0.021341
7 23 22
3 -0.0303422 0.0170809 0.0114982 0.0125
24 -0.025534 0.0508857 0.0188747 0.0125
4 -0.0895921 0.0542711 0.042239 0.0125
23 -0.0662998 0.0761946 0.0447718 0.0125
1 -0.00981877 0.112253 0.0337354 0.0125
22 -0.0154923 0.0931548 0.0318886 0.0125
21 -0.024821 0.0765591 0.0257305 0.0125
11 -0.209778 -0.0609029 0.0174958 0.0125
6 -0.079305 -0.0976067 0.0198767 0.0125
10 -0.115838 -0.0987817 0.0262219 0.0125
9 -0.164107 -0.0932979 0.0210431 0.0125
2 -0.226636 -0.0829097 0.0124297 0.0125
19 -0.0529044 0.0497848 0.0158406 0.0125
8 -0.187791 -0.0907586 0.018472 0.0125
12 -0.20196 -0.0418489 0.0229902 0.0125
13 -0.192812 -0.0157786 0.03071 0.0125
5 -0.192025 0.00566985 0.0346195 0.0125
14 -0.158956 -0.0251435 0.0136355 0.0125
15 -0.132459 -0.00340884 0.0141209 0.0125
16 -0.114973 0.0109277 0.0144389 0.0125
17 -0.0860344 0.0269532 0.0120966 0.0125
18 -0.0700825 0.0401134 0.0114991 0.0125
20 -0.0393922 0.0636063 0.0210487 0.0125
e_2_8 2 8 1 0.0125 -0.207213 -0.0868339 0.0154514 -0.345466 -0.627416 -0.176009 -0.675295 0.040088
e_8_9 8 9 2 0.0125 -0.175949 -0.0920282 0.0197576 -0.324349 -0.628894 -0.225466 -0.669668 0.023958
e_9_10 9 10 3 0.0125 -0.139972 -0.09604 0.0236329 -0.32612 -0.630117 -0.223508 -0.668313 0.048854
e_10_6 10 6 4 0.0125 -0.0975714 -0.0981941 0.0230486 -0.291542 -0.67075 -0.368256 -0.574008 0.037099
e_2_11 2 11 1 0.0125 -0.218207 -0.0719063 0.0149627 -0.0157987 -0.378905 -0.51628 -0.767878 0.028181
e_11_12 11 12 2 0.0125 -0.205868 -0.0513757 0.0202428 0.0670308 -0.278064 -0.542037 -0.790179 0.021316
e_12_13 12 13 3 0.0125 -0.197386 -0.0288135 0.0268497 0.0828734 -0.258415 -0.546509 -0.792264 0.028687
e_13_5 13 5 4 0.0125 -0.192418 -0.00505453 0.0326644 0.176137 -0.169729 -0.617725 -0.747385 0.021817
e_2_14 2 14 1 0.0125 -0.192796 -0.0540268 0.0130324 -0.0850768 -0.475863 -0.516508 -0.706778 0.088989
e_14_15 14 15 2 0.0125 -0.145708 -0.014276 0.0138778 -0.0912888 -0.481276 -0.511172 -0.706217 0.034275
e_15_16 15 16 3 0.0125 -0.123715 0.00375969 0.0142797 -0.0913528 -0.481346 -0.511142 -0.706183 0.022614
e_16_17 16 17 4 0.0125 -0.100504 0.0189411 0.0132674 -0.149446 -0.546795 -0.48614 -0.665093 0.033162
e_17_18 17 18 5 0.0125 -0.0780585 0.0335333 0.0117978 -0.0909295 -0.488976 -0.524729 -0.690865 0.020689
e_18_19 18 19 6 0.0125 -0.061493 0.0449493 0.0136703 -0.140111 -0.481738 -0.400475 -0.766758 0.020186
e_19_20 19 20 7 0.0125 -0.0461484 0.0566962 0.018445 -0.0517563 -0.395905 -0.46171 -0.792089 0.020018
e_20_21 20 21 8 0.0125 -0.0321066 0.0700827 0.0233896 -0.074056 -0.421847 -0.453112 -0.781825 0.02005
e_21_22 21 22 9 0.0125 -0.0201573 0.0848573 0.0288094 0.0293321 -0.306699 -0.502032 -0.808108 0.020009
e_22_1 22 1 10 0.0125 -0.012656 0.102703 0.0328126 0.0991591 -0.276755 -0.614222 -0.732329 0.020008
e_1_23 1 23 1 0.0125 -0.0380592 0.0942232 0.0392533 0.507312 0.638852 -0.103004 -0.569116 0.067912
e_23_4 23 4 2 0.0125 -0.0779458 0.0652327 0.0435058 0.602803 0.69282 -0.243886 -0.311685 0.032088
e_1_24 1 24 1 0.0125 -0.0176767 0.0815689 0.026305 -0.621123 -0.758076 0.198782 -0.0035744 0.065067
e_24_3 24 3 2 0.0125 -0.0279384 0.0339828 0.0151863 -0.621104 -0.745712 0.222473 -0.0930029 0.034933
8 25 24
3 0.00421432 -0.183434 0.215688 0.0125
26 0.0209403 -0.185923 0.205009 0.0125
25 0.0375607 -0.193407 0.196777 0.0125
24 0.0541792 -0.20095 0.188596 0.0125
23 0.0712505 -0.202856 0.178353 0.0125
4 0.177213 -0.24972 0.15225 0.0125
22 0.159773 -0.238719 0.155759 0.0125
21 0.138186 -0.231025 0.159596 0.0125
20 0.110446 -0.214255 0.170354 0.0125
11 -0.0721879 -0.0198878 0.0323389 0.0125
6 -0.0765302 0.0285255 0.180513 0.0125
10 -0.0765555 0.0150003 0.160476 0.0125
9 -0.0810092 -0.00715955 0.123686 0.0125
2 -0.104425 -0.0235819 0.0461872 0.0125
19 0.0762884 -0.195423 0.165725 0.0125
8 -0.0905011 -0.0152507 0.0886935 0.0125
12 -0.0507263 -0.0173943 0.0274194 0.0125
13 -0.031677 -0.0149433 0.0189339 0.0125
5 -0.0115193 -0.0167774 0.0114966 0.0125
14 -0.00343949 -0.142978 0.12939 0.0125
15 0.0117622 -0.153423 0.138758 0.0125
16 0.0282196 -0.163983 0.147932 0.0125
17 0.0463192 -0.173026 0.151526 0.0125
18 0.0610718 -0.184263 0.159099 0.0125
1 0.0903269 -0.207009 0.174013 0.0125
e_2_8 2 8 1 0.0125 -0.0974632 -0.0194163 0.0674404 0.8587 -0.157132 0.0904868 -0.479328 0.045498
e_8_9 8 9 2 0.0125 -0.0857558 -0.0112054 0.10619 0.867687 -0.158759 0.0617878 -0.467009 0.03715
e_9_10 9 10 3 0.0125 -0.0787825 0.00391998 0.142081 0.915778 -0.27023 -0.0309139 -0.295587 0.043178
e_10_6 10 6 4 0.0125 -0.0765424 0.0217631 0.170494 0.921318 -0.281995 -0.0778103 -0.256119 0.024175
e_2_11 2 11 1 0.0125 -0.0883061 -0.0217347 0.0392625 0.504556 -0.420466 0.720747 -0.22171 0.03528
e_11_12 11 12 2 0.0125 -0.061457 -0.0186404 0.029879 0.567213 -0.404942 0.668597 -0.259363 0.022159
e_12_13 12 13 3 0.0125 -0.0412016 -0.0161688 0.0231767 0.501923 -0.424883 0.722174 -0.214507 0.020997
e_13_5 13 5 4 0.0125 -0.0215982 -0.0158603 0.0152153 0.488431 -0.362271 0.735663 -0.298319 0.021564
e_2_14 2 14 1 0.0125 -0.0539325 -0.0832802 0.0877882 0.530489 -0.0179141 0.514608 -0.673379 0.177133
e_14_15 14 15 2 0.0125 0.00416185 -0.1482 0.134074 0.59665 -0.100494 0.51328 -0.608649 0.020687
e_15_16 15 16 3 0.0125 0.0199916 -0.158703 0.143346 0.597072 -0.114129 0.524044 -0.596537 0.0216
e_16_17 16 17 4 0.0125 0.0372696 -0.168504 0.14973 0.558577 -0.184259 0.615296 -0.524835 0.020549
e_17_18 17 18 5 0.0125 0.0536954 -0.178644 0.155312 0.563106 -0.0966722 0.549223 -0.609853 0.020031
e_18_19 18 19 6 0.0125 0.0686796 -0.189843 0.162412 0.555169 -0.108999 0.56784 -0.597883 0.02
e_19_1 19 1 7 0.0125 0.0833078 -0.201215 0.169869 0.562789 -0.0796228 0.535246 -0.624853 0.02
e_1_20 1 20 1 0.0125 0.100387 -0.210632 0.172182 0.491203 -0.268441 0.715726 -0.417606 0.021695
e_20_21 20 21 2 0.0125 0.124316 -0.222641 0.164975 0.393992 -0.230729 0.777331 -0.432771 0.034154
e_21_22 21 22 3 0.0125 0.14898 -0.234873 0.157678 0.493098 -0.268966 0.714305 -0.417469 0.023235
e_22_4 22 4 4 0.0125 0.168492 -0.24422 0.154005 0.434391 -0.20326 0.736602 -0.476873 0.020916
e_1_23 1 23 1 0.0125 0.0807892 -0.204932 0.176182 0.305445 0.510457 -0.361838 -0.717782 0.02
e_23_24 23 24 2 0.0125 0.0627148 -0.201903 0.183475 0.539199 0.351086 -0.347338 -0.682173 0.02
e_24_25 24 25 3 0.0125 0.0458705 -0.197178 0.192686 0.835116 -0.173932 -0.515022 -0.0841498 0.02
e_25_26 25 26 4 0.0125 0.0292506 -0.189665 0.200893 0.834812 -0.165733 -0.516448 -0.0943496 0.02
e_26_3 26 3 5 0.0125 0.0125778 -0.184679 0.210348 0.600242 0.298979 -0.379006 -0.637711 0.02
9 20 19
3 -0.042484 0.18581 0.125934 0.0125
21 -0.0446499 0.193985 0.101191 0.0125
4 -0.149544 0.232639 0.0114951 0.0125
20 -0.131238 0.226211 0.0163532 0.0125
11 0.181872 0.0621972 0.0124994 0.0125
6 0.346968 0.159194 0.0141657 0.0125
10 0.313066 0.138757 0.0124154 0.0125
9 0.293918 0.127066 0.0135485 0.0125
2 0.213793 0.0909069 0.0145508 0.0125
19 -0.113003 0.220458 0.0222183 0.0125
8 0.247095 0.105959 0.0141829 0.0125
12 0.164488 0.0412068 0.012631 0.0125
5 0.145135 0.0185945 0.0124099 0.0125
13 0.0241906 0.182452 0.0465609 0.0125
14 0.00132145 0.191554 0.0429327 0.0125
15 -0.0186902 0.200679 0.0403109 0.0125
16 -0.0362951 0.2091 0.0359169 0.0125
1 -0.0538867 0.217714 0.031869 0.0125
18 -0.0932687 0.218688 0.0249379 0.0125
17 -0.0736043 0.218219 0.0285577 0.0125
e_2_8 2 8 1 0.0125 0.230444 0.098433 0.0143672 0.654526 -0.0348272 0.709802 0.257999 0.036548
e_8_9 8 9 2 0.0125 0.270506 0.116513 0.0138657 0.651334 -0.0275104 0.710927 0.263797 0.051363
e_9_10 9 10 3 0.0125 0.303492 0.132911 0.0129813 0.588788 -0.00141743 0.724725 0.357911 0.022464
e_10_6 10 6 4 0.0125 0.330017 0.148975 0.0132902 0.720976 -0.395257 0.567174 -0.0477357 0.039625
e_2_11 2 11 1 0.0125 0.197833 0.0765518 0.0135247 0.467597 0.72373 -0.0087385 -0.507437 0.042982
e_11_12 11 12 2 0.0125 0.17318 0.051702 0.0125648 0.515573 0.703926 0.0455498 -0.486414 0.027254
e_12_5 12 5 3 0.0125 0.154812 0.0299007 0.01252 0.508918 0.708634 0.0394702 -0.487116 0.029764
e_2_13 2 13 1 0.0125 0.118992 0.13668 0.0305554 0.165659 0.510887 -0.404774 -0.740074 0.212965
e_13_14 13 14 2 0.0125 0.0127552 0.187003 0.0447468 0.107404 0.647692 -0.391663 -0.644639 0.02488
e_14_15 14 15 3 0.0125 -0.00868497 0.196117 0.0416222 0.0976824 0.627347 -0.40698 -0.656705 0.02215
e_15_16 15 16 4 0.0125 -0.0274927 0.204889 0.0381132 0.066012 0.664917 -0.409525 -0.621142 0.020003
e_16_1 16 1 5 0.0125 -0.0450904 0.213406 0.0338929 0.0670543 0.656208 -0.413017 -0.627942 0.020002
e_1_17 1 17 1 0.0125 -0.0637461 0.217967 0.030213 0.21972 0.710996 -0.277944 -0.607417 0.02
e_17_18 17 18 2 0.0125 -0.0834361 0.218453 0.0267478 0.21651 0.716715 -0.277156 -0.602185 0.02
e_18_19 18 19 3 0.0125 -0.103136 0.219573 0.0235788 0.206272 0.691581 -0.299506 -0.62407 0.02
e_19_20 19 20 4 0.0125 -0.122121 0.223335 0.0192857 0.0965097 0.717409 -0.363238 -0.586573 0.02
e_20_4 20 4 5 0.0125 -0.140391 0.229425 0.0139248 0.0975578 0.692989 -0.375814 -0.607464 0.02
e_1_21 1 21 1 0.0125 -0.0492685 0.20585 0.0665299 0.747801 0.0826193 0.154383 -0.640417 0.073851
e_21_3 21 3 2 0.0125 -0.0435668 0.189898 0.113563 0.738194 0.0907481 0.136544 -0.654363 0.026149
10 21 20
3 0.252601 -0.28543 0.192268 0.0125
22 0.245367 -0.297186 0.231484 0.0125
4 0.29065 -0.373764 0.259158 0.0125
21 0.268795 -0.357684 0.265259 0.0125
20 0.240078 -0.333917 0.274313 0.0125
11 0.16612 -0.0695057 0.0653972 0.0125
10 0.150705 -0.0778229 0.0750541 0.0125
6 0.23507 -0.100948 0.0257104 0.0125
9 0.136927 -0.0900006 0.0836404 0.0125
2 0.111052 -0.105595 0.109048 0.0125
19 0.220146 -0.295133 0.267769 0.0125
8 0.205422 -0.107242 0.0446609 0.0125
5 0.1817 -0.0634216 0.0540183 0.0125
12 0.131258 -0.119187 0.125097 0.0125
13 0.194983 -0.198178 0.18789 0.0125
14 0.208723 -0.216273 0.200506 0.0125
15 0.214989 -0.232551 0.212677 0.0125
16 0.218232 -0.248868 0.225402 0.0125
17 0.221894 -0.266577 0.239776 0.0125
18 0.222284 -0.280397 0.25429 0.0125
1 0.21748 -0.309724 0.28127 0.0125
e_2_8 2 8 1 0.0125 0.158237 -0.106419 0.0768542 0.354281 0.587927 0.660389 0.304489 0.114255
e_8_6 8 6 2 0.0125 0.220246 -0.104096 0.0351856 0.307691 0.545798 0.683504 0.374504 0.035745
e_2_9 2 9 1 0.0125 0.12399 -0.0977974 0.0963448 0.203282 0.455121 0.784021 0.369936 0.039475
e_9_10 9 10 2 0.0125 0.143816 -0.0839118 0.0793473 0.174081 0.416852 0.733342 0.508074 0.020295
e_10_11 10 11 3 0.0125 0.158412 -0.0736642 0.0702258 0.237248 0.479508 0.715164 0.449807 0.020001
e_11_5 11 5 4 0.0125 0.17391 -0.0664631 0.0597079 0.260464 0.504788 0.725562 0.388468 0.02023
e_2_12 2 12 1 0.0125 0.121155 -0.112391 0.117072 0.394625 0.470364 -0.0602307 0.78702 0.029164
e_12_13 12 13 2 0.0125 0.16312 -0.158682 0.156493 0.405439 0.446545 -0.193714 0.773752 0.119346
e_13_14 13 14 3 0.0125 0.201853 -0.207225 0.194198 0.425662 0.466224 -0.199752 0.749364 0.025988
e_14_15 14 15 4 0.0125 0.211857 -0.224412 0.206591 0.315025 0.308683 -0.344411 0.828767 0.021269
e_15_16 15 16 5 0.0125 0.216611 -0.24071 0.219039 0.220599 0.190596 -0.399876 0.86897 0.020945
e_16_17 16 17 6 0.0125 0.220063 -0.257723 0.232589 0.215587 0.187327 -0.392151 0.874442 0.0231
e_17_18 17 18 7 0.0125 0.222089 -0.273487 0.247033 0.0771861 0.0412856 -0.369123 0.925249 0.020045
e_18_19 18 19 8 0.0125 0.221215 -0.287766 0.26103 -0.00596165 -0.0608361 -0.40094 0.914063 0.020086
e_19_1 19 1 9 0.0125 0.218813 -0.302428 0.27452 -0.0291883 -0.0853122 -0.395149 0.914181 0.020056
e_1_20 1 20 1 0.0125 0.228779 -0.32182 0.277791 0.578614 0.730977 0.261756 0.249725 0.033829
e_20_21 20 21 2 0.0125 0.254436 -0.345801 0.269786 0.553109 0.718798 0.318335 0.275796 0.038361
e_21_4 21 4 3 0.0125 0.279723 -0.365724 0.262208 0.544513 0.711664 0.321279 0.3063 0.027811
e_1_22 1 22 1 0.0125 0.231424 -0.303454 0.256377 0.171788 0.431018 0.860402 0.210761 0.058426
e_22_3 22 3 2 0.0125 0.248984 -0.291308 0.211875 0.040153 0.301531 0.938464 0.163561 0.041574
