11
1 11 10
2 0.0117904 -0.031485 0.0124911 0.0125
12 0.0311334 -0.0209283 0.0133072 0.0125
11 0.0488285 -0.0111292 0.0124899 0.0125
10 0.0682188 -0.0154144 0.0178097 0.0125
9 0.0801034 -0.025616 0.0307955 0.0125
4 0.178479 -0.122136 0.0809947 0.0125
1 0.391552 -0.217238 0.2078 0.0125
8 0.101011 -0.0454264 0.0311502 0.0125
5 0.158567 -0.0982081 0.0665092 0.0125
6 0.137307 -0.0786336 0.0565947 0.0125
7 0.120665 -0.05409 0.0457493 0.0125
e_1_4 1 4 1 0.0125 0.285015 -0.169687 0.144397 0.306048 0.418865 -0.750531 -0.409377 0.265564
e_4_5 4 5 2 0.0125 0.168523 -0.110171 0.0737522 -0.0371178 0.582797 -0.60934 -0.536354 0.034335
e_5_6 5 6 3 0.0125 0.147938 -0.0884211 0.0615518 0.245792 0.309391 -0.752681 -0.526626 0.030552
e_6_7 6 7 4 0.0125 0.128986 -0.0663623 0.051172 -0.142291 0.614021 -0.542878 -0.554991 0.031575
e_7_8 7 8 5 0.0125 0.110838 -0.0497582 0.0384497 0.238972 0.513186 -0.719533 -0.402249 0.025971
e_8_9 8 9 6 0.0125 0.090557 -0.0355214 0.030973 0.677363 -0.334103 -0.628112 -0.187162 0.028805
e_9_10 9 10 7 0.0125 0.0741613 -0.0205156 0.0243026 0.000225294 0.68643 -0.589878 -0.425275 0.020345
e_10_11 10 11 8 0.0125 0.0585238 -0.0132717 0.0151503 0.544395 0.193649 -0.769331 -0.272513 0.020558
e_11_12 11 12 9 0.0125 0.0399809 -0.0160288 0.0128986 0.714993 0.253066 -0.644804 0.0947172 0.020244
e_12_2 12 2 10 0.0125 0.0214624 -0.0262063 0.0128994 0.691014 0.285931 -0.660865 0.0632415 0.022052
2 7 6
2 0.0620487 0.253724 0.016041 0.0125
4 -0.0373552 -0.0318951 0.0522938 0.0125
1 -0.151588 -0.14231 0.0114969 0.0125
8 0.0875995 0.199511 0.0116148 0.0125
5 0.0211656 0.0657872 0.0236706 0.0125
6 0.0669952 0.106114 0.0114947 0.0125
7 0.0788322 0.146207 0.0158481 0.0125
e_1_4 1 4 1 0.0125 -0.0944721 -0.0871029 0.031895 0.52699 -0.612445 -0.0234752 -0.588762 0.164027
e_4_5 4 5 2 0.0125 -0.00809467 0.0169461 0.0379827 0.358811 -0.72387 -0.312891 -0.499366 0.117413
e_5_6 5 6 3 0.0125 0.0440805 0.0859509 0.0175832 0.291007 -0.750107 -0.187462 -0.563482 0.062249
e_6_7 6 7 4 0.0125 0.0729138 0.126161 0.0136719 0.566431 -0.612251 -0.270845 -0.48057 0.042029
e_7_8 7 8 5 0.0125 0.0832154 0.172859 0.013731 0.520307 -0.631765 -0.374084 -0.436136 0.054186
e_8_2 8 2 6 0.0125 0.0748241 0.226618 0.0138279 0.677915 -0.459544 -0.501994 -0.277946 0.060096
3 6 5
2 0.186568 0.232935 0.0430908 0.0125
7 0.15556 0.205626 0.0412531 0.0125
6 0.138733 0.196654 0.0335887 0.0125
5 -0.059887 0.127186 0.0475823 0.0125
1 -0.271402 0.0555764 0.0180764 0.0125
4 -0.218286 0.0623219 0.0182349 0.0125
e_1_4 1 4 1 0.0125 -0.244844 0.0589491 0.0181556 -0.386949 -0.538016 -0.457226 -0.593088 0.053542
e_4_5 4 5 2 0.0125 -0.139086 0.0947541 0.0329085 -0.328926 -0.433393 -0.477155 -0.690146 0.173663
e_5_6 5 6 3 0.0125 0.039423 0.161919 0.0405859 -0.291146 -0.520816 -0.511789 -0.618108 0.210882
e_6_7 6 7 4 0.0125 0.147147 0.20114 0.0374211 -0.344948 -0.33955 -0.445252 -0.753304 0.020552
e_7_2 7 2 5 0.0125 0.171063 0.219281 0.0421726 -0.158605 -0.405801 -0.55956 -0.705027 0.04136
4 9 8
2 -0.313785 0.138309 0.0262999 0.0125
10 -0.297462 0.137622 0.0145275 0.0125
9 -0.254867 0.149335 0.0123737 0.0125
4 0.0182039 0.166638 0.0119396 0.0125
1 0.0902923 0.266763 0.0677568 0.0125
8 -0.232213 0.159142 0.0153296 0.0125
5 -0.105699 0.108686 0.011488 0.0125
6 -0.128037 0.113005 0.015164 0.0125
7 -0.18649 0.148629 0.0123267 0.0125
e_1_4 1 4 1 0.0125 0.0542476 0.216701 0.0398481 0.537417 0.61141 -0.576432 0.0713226 0.135415
e_4_5 4 5 2 0.0125 -0.0437472 0.137662 0.0117137 0.695251 0.184321 -0.68387 0.122368 0.136787
e_5_6 5 6 3 0.0125 -0.116868 0.110845 0.0133257 0.748503 -0.237666 -0.603128 0.139622 0.023047
e_6_7 6 7 4 0.0125 -0.157264 0.130817 0.013745 0.677679 -0.493607 -0.526365 0.141574 0.068511
e_7_8 7 8 5 0.0125 -0.209352 0.153885 0.0138276 0.714926 -0.282178 -0.623248 0.144286 0.047013
e_8_9 8 9 6 0.0125 -0.243541 0.154239 0.0138511 0.650953 0.157298 -0.731232 0.129682 0.024862
e_9_10 9 10 7 0.0125 -0.276165 0.143478 0.0134506 0.712031 0.0588061 -0.687159 0.131779 0.044228
e_10_2 10 2 8 0.0125 -0.305623 0.137965 0.0204143 0.883216 -0.0756182 -0.449408 0.11065 0.020138
5 7 6
2 -0.28202 -0.0403582 0.0114994 0.0125
4 -0.0103009 0.264617 0.0114987 0.0125
1 0.0511389 0.287747 0.051616 0.0125
8 -0.274374 -0.0237527 0.0213704 0.0125
5 -0.21202 0.0750067 0.0487594 0.0125
6 -0.226858 0.0359872 0.0388408 0.0125
7 -0.265361 -0.008701 0.032349 0.0125
e_1_4 1 4 1 0.0125 0.0204192 0.276182 0.0315578 0.410498 -0.186044 -0.852118 0.266035 0.076937
e_4_5 4 5 2 0.0125 -0.111161 0.169812 0.0301286 0.652895 0.152259 -0.640409 0.37473 0.279341
e_5_6 5 6 3 0.0125 -0.219439 0.055497 0.0438001 0.362346 0.202296 -0.758061 0.503116 0.042907
e_6_7 6 7 4 0.0125 -0.246109 0.0136436 0.0355943 0.517248 0.130209 -0.733313 0.421608 0.059344
e_7_8 7 8 5 0.0125 -0.269867 -0.0162265 0.0268598 0.24198 -0.0145387 -0.874654 0.419779 0.020695
e_8_2 8 2 6 0.0125 -0.278197 -0.0320551 0.0164347 0.237839 0.0439987 -0.857688 0.453727 0.020777
6 10 9
2 -0.30387 0.174167 0.100063 0.0125
11 -0.300023 0.162177 0.0845227 0.0125
10 -0.291555 0.156533 0.0673019 0.0125
9 -0.27294 0.152818 0.0609966 0.0125
4 0.0551087 0.0854379 0.0459688 0.0125
1 0.103971 0.0189605 0.0119129 0.0125
8 -0.254394 0.151026 0.0504959 0.0125
5 0.00259131 0.119498 0.0631906 0.0125
6 -0.0380861 0.140694 0.0715005 0.0125
7 -0.228125 0.148052 0.0501547 0.0125
e_1_4 1 4 1 0.0125 0.0795394 0.0521988 0.0289408 0.675459 -0.172237 -0.52873 -0.484288 0.089256
e_4_5 4 5 2 0.0125 0.02885 0.102467 0.0545797 0.680954 -0.0195836 -0.605793 -0.411014 0.064921
e_5_6 5 6 3 0.0125 -0.017747 0.130096 0.0673453 0.664885 0.0274435 -0.6404 -0.383488 0.046615
e_6_7 6 7 4 0.0125 -0.133106 0.144373 0.0608276 0.619453 0.248127 -0.702994 -0.245989 0.191376
e_7_8 7 8 5 0.0125 -0.24126 0.149539 0.0503255 0.653904 0.202804 -0.672632 -0.280796 0.026439
e_8_9 8 9 6 0.0125 -0.263668 0.151922 0.0557462 0.796981 0.148403 -0.482162 -0.332142 0.021387
e_9_10 9 10 7 0.0125 -0.282247 0.154675 0.064149 0.738288 0.133125 -0.569779 -0.3355 0.020001
e_10_11 10 11 8 0.0125 -0.295789 0.159355 0.0759123 0.866199 -0.0347749 -0.261424 -0.424438 0.020003
e_11_2 11 2 9 0.0125 -0.301946 0.168173 0.0922921 0.797214 -0.214509 -0.255967 -0.502909 0.020002
7 9 8
2 -0.0732748 0.211938 0.14871 0.0125
10 -0.0787965 0.173024 0.12296 0.0125
9 -0.0985813 0.153123 0.105658 0.0125
4 -0.191837 0.00350644 0.0678892 0.0125
1 -0.24312 -0.20614 0.10797 0.0125
8 -0.098384 0.12879 0.0849346 0.0125
5 -0.152798 0.0588478 0.0503861 0.0125
6 -0.137123 0.0814665 0.053249 0.0125
7 -0.130952 0.101374 0.0621633 0.0125
e_1_4 1 4 1 0.0125 -0.217478 -0.101317 0.087929 0.0285086 -0.215839 -0.738041 -0.638667 0.219518
e_4_5 4 5 2 0.0125 -0.172317 0.0311768 0.0591372 -0.0235893 0.480304 0.628028 0.611827 0.06995
e_5_6 5 6 3 0.0125 -0.14496 0.0701567 0.0518182 0.624203 -0.255706 0.618758 0.402645 0.027668
e_6_7 6 7 4 0.0125 -0.134038 0.0914196 0.0577062 0.831508 -0.538238 0.116961 -0.072202 0.022668
e_7_8 7 8 5 0.0125 -0.114668 0.115082 0.0735489 0.800389 -0.167412 0.485948 0.308554 0.048279
e_8_9 8 9 6 0.0125 -0.0984828 0.140956 0.0952965 0.880516 -0.405824 -0.105407 -0.221108 0.031962
e_9_10 9 10 7 0.0125 -0.0886885 0.163073 0.114309 0.838544 -0.236184 0.426398 0.243407 0.032966
e_10_2 10 2 8 0.0125 -0.0760357 0.19248 0.135835 0.862348 -0.474577 -0.027755 -0.174248 0.046988
8 11 10
2 -0.321506 0.149965 0.0798069 0.0125
12 -0.325944 0.130654 0.0826352 0.0125
11 -0.332621 0.115167 0.0934364 0.0125
10 -0.341566 0.0972581 0.0946127 0.0125
9 -0.349123 0.0787407 0.0944238 0.0125
4 -0.205885 -0.0872202 0.0598153 0.0125
1 -0.0690032 -0.193313 0.0163662 0.0125
8 -0.354303 0.0605973 0.0866486 0.0125
5 -0.289105 0.00783197 0.0540424 0.0125
6 -0.332272 0.0311547 0.0708999 0.0125
7 -0.347286 0.047423 0.0727688 0.0125
e_1_4 1 4 1 0.0125 -0.137444 -0.140267 0.0380904 0.196245 -0.564642 0.243943 0.763649 0.17855
e_4_5 4 5 2 0.0125 -0.247495 -0.0396942 0.0569289 0.206356 -0.617065 0.376898 0.659239 0.126467
e_5_6 5 6 3 0.0125 -0.310689 0.0194928 0.0624713 0.156281 -0.554657 0.172877 0.798777 0.05188
e_6_7 6 7 4 0.0125 -0.339779 0.0392888 0.0718344 0.223217 -0.588136 0.334738 0.701585 0.022217
e_7_8 7 8 5 0.0125 -0.350795 0.0540103 0.0797092 0.44489 -0.335217 0.217116 0.8016 0.020383
e_8_9 8 9 6 0.0125 -0.351713 0.069669 0.0905362 0.607224 -0.286671 0.476805 0.567235 0.020407
e_9_10 9 10 7 0.0125 -0.345344 0.0879994 0.0945182 0.566424 -0.358966 0.605317 0.428834 0.020001
e_10_11 10 11 8 0.0125 -0.337093 0.106213 0.094024 0.568045 -0.356644 0.634149 0.384688 0.020053
e_11_12 11 12 9 0.0125 -0.329283 0.12291 0.0880353 0.407736 -0.50122 0.720024 0.253172 0.020026
e_12_2 12 2 10 0.0125 -0.323725 0.14031 0.0812217 0.491173 -0.439889 0.614135 0.433687 0.020016
9 7 6
2 0.00910806 -0.135934 0.0122551 0.0125
4 -0.17834 -0.00196354 0.0905086 0.0125
1 -0.236154 0.238712 0.0670111 0.0125
8 -0.00808102 -0.122245 0.0141134 0.0125
5 -0.119275 -0.0655972 0.0615291 0.0125
6 -0.0873028 -0.0927259 0.0562876 0.0125
7 -0.0293555 -0.107422 0.0269561 0.0125
e_1_4 1 4 1 0.0125 -0.207246 0.118375 0.0787601 0.633287 0.478853 0.472702 -0.382361 0.248635
e_4_5 4 5 2 0.0125 -0.148807 -0.03378 0.0760191 0.521077 0.279964 0.76153 -0.264897 0.09153
e_5_6 5 6 3 0.0125 -0.103289 -0.0791621 0.0589088 0.609321 0.223474 0.715589 -0.258301 0.042257
e_6_7 6 7 4 0.0125 -0.058329 -0.100074 0.0416225 0.512558 -0.00083674 0.848672 -0.130534 0.06659
e_7_8 7 8 5 0.0125 -0.0187184 -0.114834 0.0205349 0.485126 0.173565 0.831741 -0.206722 0.028935
e_8_2 8 2 6 0.0125 0.00051352 -0.12909 0.0131843 0.626803 0.207897 0.706341 -0.254909 0.022052
10 11 10
2 -0.0285625 0.281619 0.0176097 0.0125
12 -0.0318449 0.267547 0.0314634 0.0125
11 -0.0367814 0.26221 0.0501139 0.0125
10 -0.0377169 0.252357 0.0679105 0.0125
9 -0.0356905 0.237172 0.0830971 0.0125
4 0.148308 0.00281323 0.0333647 0.0125
1 0.206265 -0.083123 0.0117866 0.0125
8 -0.025014 0.220805 0.0919241 0.0125
5 0.0498429 0.149091 0.0700306 0.0125
6 0.0118737 0.186504 0.0702496 0.0125
7 -0.0138721 0.204166 0.0905308 0.0125
e_1_4 1 4 1 0.0125 0.177286 -0.0401548 0.0225754 0.380629 0.0507715 -0.628904 -0.676035 0.105875
e_4_5 4 5 2 0.0125 0.099076 0.075952 0.051698 0.380183 0.0506079 -0.629003 -0.676206 0.180102
e_5_6 5 6 3 0.0125 0.0308583 0.167797 0.07014 0.405914 0.12825 -0.693903 -0.580762 0.053306
e_6_7 6 7 4 0.0125 -0.000999546 0.195336 0.08039 0.627103 0.083058 -0.469817 -0.615724 0.037231
e_7_8 7 8 5 0.0125 -0.0194433 0.212485 0.0912277 0.339881 0.0725969 -0.678254 -0.647442 0.020073
e_8_9 8 9 6 0.0125 -0.0303518 0.228988 0.0875101 0.20391 0.16078 -0.824607 -0.502587 0.021444
e_9_10 9 10 7 0.0125 -0.0367036 0.244765 0.075503 -0.0259767 0.183584 -0.904602 -0.383818 0.021571
e_10_11 10 11 8 0.0125 -0.037249 0.257283 0.0590119 -0.0868697 0.247568 -0.935778 -0.235548 0.020364
e_11_12 11 12 9 0.0125 -0.0343131 0.264879 0.0407878 -0.160286 0.29403 -0.937767 -0.0919061 0.020017
e_12_2 12 2 10 0.0125 -0.0302036 0.274584 0.0245366 -0.15379 0.158796 -0.905982 -0.361011 0.020018
11 9 8
2 0.17177 0.235997 0.123487 0.0125
10 0.155482 0.225407 0.111901 0.0125
9 0.139009 0.212377 0.109423 0.0125
4 -0.139949 -0.0826316 0.0893421 0.0125
1 -0.166321 -0.118445 0.0828527 0.0125
8 0.128163 0.193976 0.101733 0.0125
5 0.0062477 0.0971856 0.0836046 0.0125
6 0.0756643 0.150924 0.0944683 0.0125
7 0.107758 0.178387 0.0990337 0.0125
e_1_4 1 4 1 0.0125 -0.153135 -0.100539 0.086097 -0.0915643 0.448734 0.475867 0.750869 0.044947
e_4_5 4 5 2 0.0125 -0.0668502 0.00727672 0.0864731 -0.0745319 0.50826 0.504029 0.694314 0.23182
e_5_6 5 6 3 0.0125 0.0409564 0.124055 0.0890366 0.105097 0.461636 0.474853 0.741864 0.088457
e_6_7 6 7 4 0.0125 0.0917113 0.164655 0.096751 0.0681115 0.465686 0.478962 0.741008 0.042486
e_7_8 7 8 5 0.0125 0.117961 0.186182 0.100383 0.106126 0.468238 0.477997 0.735534 0.02582
e_8_9 8 9 6 0.0125 0.133586 0.203177 0.105578 -0.141188 0.373078 0.437549 0.805872 0.022701
e_9_10 9 10 7 0.0125 0.147245 0.218892 0.110662 0.0967938 0.463308 0.476179 0.7411 0.02115
e_10_2 10 2 8 0.0125 0.163626 0.230702 0.117694 0.266767 0.311528 0.383228 0.8276 0.02262
