11
1 6 5
2 -0.243614 0.0434433 0.0170164 0.0125
7 -0.219296 0.0302823 0.0187981 0.0125
6 -0.184696 0.0170391 0.0114934 0.0125
5 -0.107229 -0.0317421 0.0141866 0.0125
1 0.128806 -0.276052 0.023398 0.0125
4 0.105881 -0.261121 0.0114987 0.0125
e_1_4 1 4 1 0.0125 0.117344 -0.268587 0.0174478 0.451921 -0.77297 -0.31929 0.310384 0.029834
e_4_5 4 5 2 0.0125 -0.000673837 -0.146431 0.012842 0.672771 -0.642065 -0.288896 0.227312 0.31311
e_5_6 5 6 3 0.0125 -0.145962 -0.00735103 0.0128401 0.693402 -0.438919 -0.567496 0.067023 0.091587
e_6_7 6 7 4 0.0125 -0.201997 0.0236609 0.0151459 0.765455 -0.145126 -0.618233 -0.103948 0.037761
e_7_2 7 2 5 0.0125 -0.231455 0.0368628 0.0179072 0.683842 -0.360368 -0.634269 0.014093 0.027707
2 11 10
2 0.0281506 0.244328 0.0493931 0.0125
12 0.0365033 0.229027 0.0394759 0.0125
11 0.0504938 0.215043 0.0357599 0.0125
10 0.0694622 0.209463 0.0326032 0.0125
9 0.0840836 0.195922 0.0354149 0.0125
4 0.107402 0.0574575 0.0126925 0.0125
1 0.247223 -0.165599 0.0114973 0.0125
8 0.0987447 0.1795 0.035019 0.0125
5 0.116958 0.122892 0.0114899 0.0125
6 0.116914 0.144118 0.0198872 0.0125
7 0.113579 0.167202 0.0257846 0.0125
e_1_4 1 4 1 0.0125 0.177313 -0.0540713 0.0120947 0.692272 -0.503675 -0.494007 -0.15175 0.263259
e_4_5 4 5 2 0.0125 0.11218 0.0901738 0.0120914 0.700648 -0.705726 0.105067 0.0019555 0.066138
e_5_6 5 6 3 0.0125 0.116936 0.133504 0.0156883 0.826799 -0.562045 -0.013471 -0.0180918 0.022827
e_6_7 6 7 4 0.0125 0.115246 0.15566 0.0228355 0.787186 -0.600611 -0.129204 -0.0539549 0.024058
e_7_8 7 8 5 0.0125 0.106161 0.173351 0.0304016 0.837383 -0.277429 -0.454923 -0.121933 0.021368
e_8_9 8 9 6 0.0125 0.0914146 0.187711 0.0352173 0.693447 -0.398363 -0.576462 -0.167721 0.022017
e_9_10 9 10 7 0.0125 0.0767733 0.202692 0.0340095 0.62655 -0.326329 -0.680713 -0.193841 0.020126
e_10_11 10 11 8 0.0125 0.0599774 0.212253 0.0341821 0.743183 -0.0456608 -0.647369 -0.162814 0.020023
e_11_12 11 12 9 0.0125 0.0434986 0.222034 0.0376176 0.75476 -0.354339 -0.531156 -0.150513 0.020126
e_12_2 12 2 10 0.0125 0.0323263 0.236678 0.0444351 0.860501 -0.41638 -0.28178 -0.0822582 0.020057
3 8 7
2 -0.278186 -0.00448283 0.0388236 0.0125
9 -0.285389 0.0144954 0.0424251 0.0125
4 -0.0979562 0.111976 0.0114951 0.0125
1 0.105695 0.21885 0.0989969 0.0125
8 -0.280874 0.0345209 0.0388228 0.0125
5 -0.203229 0.087915 0.0172284 0.0125
6 -0.229705 0.0796232 0.0188443 0.0125
7 -0.269326 0.0631391 0.0325138 0.0125
e_1_4 1 4 1 0.0125 0.00386969 0.165413 0.0552461 0.567567 0.393477 -0.723167 -0.00852823 0.246075
e_4_5 4 5 2 0.0125 -0.150593 0.099945 0.0143614 0.722147 0.0871579 -0.682568 0.0707695 0.10814
e_5_6 5 6 3 0.0125 -0.216468 0.0837695 0.0180358 0.72562 0.159061 -0.667545 0.0505855 0.02779
e_6_7 6 7 4 0.0125 -0.249515 0.0713817 0.0256789 0.806842 0.207863 -0.552298 0.0276807 0.045038
e_7_8 7 8 5 0.0125 -0.275099 0.0488306 0.0356686 0.764676 0.616745 -0.139577 -0.124153 0.031498
e_8_9 8 9 6 0.0125 -0.283131 0.0245086 0.0406239 0.752102 0.642767 -0.0209339 -0.144065 0.020843
e_9_2 9 2 7 0.0125 -0.281788 0.0050058 0.0406247 0.613345 0.603311 0.472621 -0.190928 0.020616
4 7 6
2 0.3154 -0.0839914 0.0127048 0.0125
4 0.0595147 0.0874871 0.0225946 0.0125
1 -0.121264 0.0512839 0.0124818 0.0125
8 0.284934 -0.0547361 0.0115617 0.0125
5 0.123302 0.0513197 0.0423834 0.0125
6 0.206577 -0.000156253 0.0341131 0.0125
7 0.263999 -0.0388355 0.0122528 0.0125
e_1_4 1 4 1 0.0125 -0.0308742 0.0693854 0.0175377 0.725893 -0.154928 0.669786 -0.0215383 0.184645
e_4_5 4 5 2 0.0125 0.0914089 0.069403 0.0324893 0.76916 0.159546 0.586744 -0.196644 0.075952
e_5_6 5 6 3 0.0125 0.16494 0.0255813 0.0382483 0.64362 0.174821 0.715212 -0.208959 0.098249
e_6_7 6 7 4 0.0125 0.235288 -0.019496 0.0231825 0.55165 0.180084 0.786205 -0.212447 0.072603
e_7_8 7 8 5 0.0125 0.274466 -0.0467859 0.011907 0.658034 0.218891 0.682075 -0.23206 0.026298
e_8_2 8 2 6 0.0125 0.300167 -0.0693638 0.0121328 0.668514 0.269468 0.643319 -0.258103 0.042254
5 10 9
2 -0.0387345 -0.0232517 0.0160883 0.0125
11 -0.0413566 -0.00315474 0.0285199 0.0125
10 -0.0433475 0.0136918 0.0392749 0.0125
9 -0.0424021 0.0339048 0.037227 0.0125
4 0.0690602 0.160284 0.0524337 0.0125
1 0.326683 0.147574 0.0306585 0.0125
8 -0.0347498 0.0568715 0.0389807 0.0125
5 0.0313701 0.142995 0.057587 0.0125
6 0.00154343 0.112098 0.0541713 0.0125
7 -0.0189084 0.0808551 0.0455807 0.0125
e_1_4 1 4 1 0.0125 0.197871 0.153929 0.0415461 0.72136 -0.167905 -0.655551 0.147307 0.258853
e_4_5 4 5 2 0.0125 0.0502151 0.151639 0.0550104 0.747069 0.227342 -0.621816 0.059576 0.041785
e_5_6 5 6 3 0.0125 0.0164568 0.127546 0.0558793 0.677713 0.55244 -0.484201 -0.0326208 0.043081
e_6_7 6 7 4 0.0125 -0.00868247 0.0964763 0.049876 0.615161 0.713506 -0.320957 -0.0973305 0.038316
e_7_8 7 8 5 0.0125 -0.0268291 0.0688633 0.0422807 0.615542 0.711332 -0.32543 -0.0959654 0.029491
e_8_9 8 9 6 0.0125 -0.0385764 0.0453887 0.0381038 0.663082 0.729161 -0.0666766 -0.155566 0.024271
e_9_10 9 10 7 0.0125 -0.0428751 0.0237981 0.0382517 0.718268 0.656355 0.137254 -0.185608 0.020339
e_10_11 10 11 8 0.0125 -0.0423523 0.00526833 0.0338982 0.400803 0.666532 0.568739 -0.267635 0.020086
e_11_2 11 2 9 0.0125 -0.0400451 -0.0132033 0.0223039 0.40905 0.662951 0.567393 -0.266909 0.023777
6 8 7
2 0.0323036 0.186661 0.12293 0.0125
9 0.049286 0.172446 0.107062 0.0125
4 0.130316 0.0574638 0.0679408 0.0125
1 0.14877 -0.255083 0.0118841 0.0125
8 0.0655773 0.159627 0.10892 0.0125
5 0.116408 0.0776148 0.0835656 0.0125
6 0.0941279 0.113411 0.109984 0.0125
7 0.0794204 0.141285 0.113254 0.0125
e_1_4 1 4 1 0.0125 0.139543 -0.098809 0.0399123 0.740143 -0.608414 -0.204234 -0.200774 0.31807
e_4_5 4 5 2 0.0125 0.123363 0.0675395 0.075753 0.858944 -0.332475 -0.347103 -0.176621 0.029045
e_5_6 5 6 3 0.0125 0.105269 0.0955125 0.0967748 0.856799 -0.350829 -0.333838 -0.177107 0.049756
e_6_7 6 7 4 0.0125 0.0867744 0.127348 0.111618 0.699924 -0.453615 -0.492578 -0.248409 0.031685
e_7_8 7 8 5 0.0125 0.0724996 0.150456 0.111086 0.573264 -0.348059 -0.686669 -0.280551 0.023385
e_8_9 8 9 6 0.0125 0.0574319 0.166036 0.107991 0.625573 -0.205579 -0.708777 -0.253042 0.020813
e_9_2 9 2 7 0.0125 0.0407947 0.179554 0.114996 0.873936 -0.222884 -0.398874 -0.165708 0.027246
7 11 10
2 0.282381 -0.0302 0.0310937 0.0125
12 0.284111 -0.0496799 0.0359304 0.0125
11 0.287727 -0.0633883 0.0502784 0.0125
10 0.291672 -0.0780865 0.0659205 0.0125
9 0.289553 -0.09302 0.079181 0.0125
4 0.161938 -0.150477 0.0986459 0.0125
1 -0.0353469 -0.288389 0.0124342 0.0125
8 0.288977 -0.10914 0.0923078 0.0125
5 0.215271 -0.146523 0.10676 0.0125
6 0.24421 -0.13506 0.105758 0.0125
7 0.27443 -0.121742 0.104952 0.0125
e_1_4 1 4 1 0.0125 0.0632949 -0.219433 0.0555406 0.0959475 0.429862 0.382919 0.812026 0.255682
e_4_5 4 5 2 0.0125 0.188604 -0.1485 0.102703 0.311536 0.572935 0.311042 0.691335 0.054091
e_5_6 5 6 3 0.0125 0.229741 -0.140792 0.106259 0.181191 0.575952 0.42936 0.671639 0.031143
e_6_7 6 7 4 0.0125 0.25932 -0.128402 0.105355 0.165912 0.567594 0.435952 0.678422 0.033034
e_7_8 7 8 5 0.0125 0.281704 -0.115442 0.0986297 0.0238042 0.635473 0.608848 0.474249 0.023028
e_8_9 8 9 6 0.0125 0.289266 -0.10108 0.0857445 -0.23792 0.526901 0.733463 0.357493 0.020797
e_9_10 9 10 7 0.0125 0.290613 -0.0855535 0.0725511 -0.20141 0.552478 0.724506 0.359574 0.020083
e_10_11 10 11 8 0.0125 0.2897 -0.0707374 0.0580995 -0.286005 0.523934 0.764109 0.244604 0.021824
e_11_12 11 12 9 0.0125 0.285919 -0.056534 0.0431049 -0.287274 0.521908 0.763725 0.248615 0.020171
e_12_2 12 2 10 0.0125 0.283246 -0.0399397 0.0335127 -0.338174 0.372086 0.693964 0.515368 0.020146
8 7 6
2 -0.112415 -0.0768165 0.100475 0.0125
4 0.272367 0.0877066 0.0678049 0.0125
1 0.330752 0.0998552 0.0996652 0.0125
8 -0.0957668 -0.0632378 0.106714 0.0125
5 -0.049174 -0.0138369 0.118825 0.0125
6 -0.0664047 -0.0326799 0.114278 0.0125
7 -0.0809037 -0.0477767 0.110746 0.0125
e_1_4 1 4 1 0.0125 0.30156 0.0937806 0.0837351 -0.0776777 0.803659 0.299567 -0.508289 0.067613
e_4_5 4 5 2 0.0125 0.111596 0.036935 0.0933153 0.00362435 0.622734 0.193389 -0.758149 0.341032
e_5_6 5 6 3 0.0125 -0.0577897 -0.023258 0.116552 0.276921 0.71071 0.287311 -0.57936 0.025935
e_6_7 6 7 4 0.0125 -0.0736546 -0.040228 0.112512 0.265856 0.708872 0.284091 -0.588314 0.021227
e_7_8 7 8 5 0.0125 -0.0883354 -0.0555067 0.108729 0.262155 0.714188 0.286916 -0.582143 0.021823
e_8_2 8 2 6 0.0125 -0.104091 -0.0700268 0.103594 0.182578 0.744002 0.293078 -0.572042 0.02237
9 11 10
2 -0.212168 -0.163705 0.0124975 0.0125
12 -0.21239 -0.151227 0.0312449 0.0125
11 -0.217872 -0.138188 0.0455328 0.0125
10 -0.221225 -0.123619 0.0602516 0.0125
9 -0.224958 -0.107344 0.0768641 0.0125
4 -0.106236 0.0342852 0.0278787 0.0125
1 0.0486706 0.141603 0.106062 0.0125
8 -0.223096 -0.0872423 0.0780251 0.0125
5 -0.135885 0.0222861 0.0297415 0.0125
6 -0.209236 -0.0433085 0.0526347 0.0125
7 -0.214775 -0.0674525 0.0758465 0.0125
e_1_4 1 4 1 0.0125 -0.0287834 0.0879437 0.0669698 0.0725437 0.739611 0.380236 -0.550576 0.204024
e_4_5 4 5 2 0.0125 -0.121061 0.0282852 0.0288102 -0.00938007 0.632745 0.265625 -0.727316 0.032039
e_5_6 5 6 3 0.0125 -0.17256 -0.0105116 0.0411877 0.24842 0.571095 0.246074 -0.742688 0.10103
e_6_7 6 7 4 0.0125 -0.212005 -0.0553807 0.0642407 0.706021 0.355001 0.179113 -0.586027 0.033947
e_7_8 7 8 5 0.0125 -0.218936 -0.0773474 0.0769358 0.468597 0.591846 0.315037 -0.575227 0.021579
e_8_9 8 9 6 0.0125 -0.224028 -0.0972926 0.0774448 0.551702 0.621755 0.376985 -0.408569 0.020221
e_9_10 9 10 7 0.0125 -0.223092 -0.115482 0.0685579 0.358993 0.768522 0.511871 -0.135961 0.023554
e_10_11 10 11 8 0.0125 -0.219548 -0.130903 0.0528925 0.361307 0.76765 0.511384 -0.136591 0.020979
e_11_12 11 12 9 0.0125 -0.21513 -0.144707 0.0383887 0.372632 0.763377 0.522094 -0.0762821 0.020106
e_12_2 12 2 10 0.0125 -0.212279 -0.157467 0.0218719 0.245676 0.803258 0.520563 -0.153083 0.022521
10 10 9
2 -0.104765 -0.291593 0.210136 0.0125
11 -0.101307 -0.281566 0.192812 0.0125
10 -0.0958105 -0.271924 0.175945 0.0125
9 -0.100878 -0.26391 0.158086 0.0125
4 -0.126889 -0.128368 0.0478722 0.0125
1 -0.127416 0.116243 0.0564468 0.0125
8 -0.105162 -0.257029 0.12951 0.0125
5 -0.109022 -0.201131 0.0718814 0.0125
6 -0.114424 -0.220074 0.0766956 0.0125
7 -0.108887 -0.241656 0.0992124 0.0125
e_1_4 1 4 1 0.0125 -0.127152 -0.00606274 0.0521595 0.659461 0.682494 0.227415 -0.218162 0.244762
e_4_5 4 5 2 0.0125 -0.117955 -0.16475 0.0598767 0.790909 0.531822 0.254137 -0.164445 0.078678
e_5_6 5 6 3 0.0125 -0.111723 -0.210603 0.0742888 0.73018 0.614216 0.0635789 -0.292462 0.020278
e_6_7 6 7 4 0.0125 -0.111656 -0.230865 0.087954 0.9103 0.345787 0.158164 -0.163615 0.031676
e_7_8 7 8 5 0.0125 -0.107024 -0.249342 0.114362 0.958186 0.219288 0.0931403 -0.158484 0.034179
e_8_9 8 9 6 0.0125 -0.10302 -0.260468 0.143799 0.982775 0.106999 0.086784 -0.123178 0.029703
e_9_10 9 10 7 0.0125 -0.0983445 -0.267916 0.167016 0.963582 0.187524 0.152356 -0.114597 0.02022
e_10_11 10 11 8 0.0125 -0.0985586 -0.276744 0.184378 0.920687 0.278814 -0.067688 -0.264608 0.020192
e_11_2 11 2 9 0.0125 -0.103036 -0.286579 0.201474 0.932633 0.270325 -0.0223023 -0.237957 0.020312
11 10 9
2 -0.371314 -0.014426 0.0116621 0.0125
11 -0.356447 -0.0267244 0.0203229 0.0125
10 -0.340193 -0.0398766 0.0234146 0.0125
9 -0.326665 -0.0684318 0.0313383 0.0125
4 -0.189126 -0.21985 0.2094 0.0125
1 -0.154683 -0.296866 0.317347 0.0125
8 -0.312298 -0.0990622 0.0405479 0.0125
5 -0.215229 -0.177346 0.126056 0.0125
6 -0.229019 -0.168315 0.113619 0.0125
7 -0.305251 -0.118279 0.0444443 0.0125
e_1_4 1 4 1 0.0125 -0.171904 -0.258358 0.263374 -0.0130862 0.420376 -0.846898 -0.325387 0.137005
e_4_5 4 5 2 0.0125 -0.202177 -0.198598 0.167729 0.0162042 0.453513 -0.850506 -0.265899 0.09713
e_5_6 5 6 3 0.0125 -0.222124 -0.172831 0.119838 0.426285 -0.248919 -0.859753 -0.130942 0.020649
e_6_7 6 7 4 0.0125 -0.267135 -0.143297 0.0790319 0.424544 -0.245979 -0.861213 -0.132548 0.114456
e_7_8 7 8 5 0.0125 -0.308774 -0.108671 0.042496 0.484795 -0.722242 0.268063 0.414104 0.020836
e_8_9 8 9 6 0.0125 -0.319481 -0.0837468 0.0359432 0.533227 -0.793129 0.0477465 0.290406 0.035063
e_9_10 9 10 7 0.0125 -0.333429 -0.0541547 0.0273764 0.534622 -0.786212 0.0590293 0.304247 0.032576
e_10_11 10 11 8 0.0125 -0.34832 -0.0333007 0.0218684 0.620726 -0.636069 -0.410561 0.20385 0.021136
e_11_2 11 2 9 0.0125 -0.363881 -0.0205753 0.0159925 0.543368 -0.534015 -0.647749 -0.000931525 0.02115
