11
1 6 5
2 0.199769 0.288503 0.194412 0.0125
7 0.208328 0.268284 0.199489 0.0125
6 0.225103 0.199107 0.158336 0.0125
5 0.220091 0.182354 0.120883 0.0125
1 0.0166737 -0.0545318 0.0114924 0.0125
4 0.0887202 0.0937486 0.0180083 0.0125
e_1_4 1 4 1 0.0125 0.0526966 0.0196085 0.0147506 0.567927 -0.677583 -0.145371 -0.44408 0.164985
e_4_5 4 5 2 0.0125 0.154405 0.138051 0.0694455 0.606096 -0.470523 0.0796467 -0.636327 0.188925
e_5_6 5 6 3 0.0125 0.222597 0.190731 0.13961 0.772186 -0.202196 -0.077889 -0.59731 0.041334
e_6_7 6 7 4 0.0125 0.216716 0.233696 0.178912 0.766607 -0.375025 -0.330308 -0.403196 0.082222
e_7_2 7 2 5 0.0125 0.204049 0.278394 0.19695 0.599443 -0.612129 -0.487788 -0.167421 0.022535
2 9 8
2 -0.00249699 -0.241154 0.0519512 0.0125
10 -0.00889608 -0.223436 0.0452228 0.0125
9 -0.012441 -0.204872 0.038657 0.0125
4 0.0601017 -0.112713 0.0114953 0.0125
1 0.261971 0.146852 0.0114962 0.0125
8 -0.0152951 -0.187843 0.0285509 0.0125
5 0.0337139 -0.14168 0.012281 0.0125
6 0.0125694 -0.158949 0.0240052 0.0125
7 -0.00383379 -0.173416 0.0205064 0.0125
e_1_4 1 4 1 0.0125 0.161037 0.0170699 0.0114959 0.696833 0.476342 -0.522591 0.12009 0.328824
e_4_5 4 5 2 0.0125 0.046908 -0.127197 0.0118877 0.70535 0.437258 -0.546607 0.111839 0.039192
e_5_6 5 6 3 0.0125 0.0231423 -0.150315 0.0181429 0.832267 0.312143 -0.453068 0.0680317 0.029712
e_6_7 6 7 4 0.0125 0.00436716 -0.166183 0.022256 0.639005 0.396561 -0.649398 0.112669 0.022149
e_7_8 7 8 5 0.0125 -0.00956475 -0.18063 0.0245291 0.832606 0.393095 -0.381336 0.0826196 0.020105
e_8_9 8 9 6 0.0125 -0.0138679 -0.196358 0.0336047 0.864215 0.495871 0.0391814 0.0755616 0.020006
e_9_10 9 10 7 0.0125 -0.0106687 -0.214153 0.0419403 0.808939 0.57826 0.0391028 0.098511 0.020007
e_10_2 10 2 8 0.0125 -0.00569603 -0.232294 0.0485872 0.812821 0.559472 0.137189 0.0865619 0.020004
3 9 8
2 0.151932 0.061102 0.0593799 0.0125
10 0.136859 0.0717941 0.0482525 0.0125
9 0.107723 0.0805291 0.0458079 0.0125
4 -0.15857 0.287404 0.0198743 0.0125
1 -0.249886 0.272706 0.0640014 0.0125
8 0.084512 0.0898843 0.043809 0.0125
5 -0.086945 0.255845 0.0121708 0.0125
6 0.0295262 0.149573 0.024038 0.0125
7 0.0471671 0.129393 0.0315714 0.0125
e_1_4 1 4 1 0.0125 -0.204228 0.280055 0.041938 -0.477806 0.49201 -0.687913 0.237493 0.102478
e_4_5 4 5 2 0.0125 -0.122757 0.271625 0.016023 -0.192236 0.564146 -0.480327 0.643483 0.078647
e_5_6 5 6 3 0.0125 -0.028709 0.20271 0.0181042 0.259628 0.632129 -0.250772 0.685653 0.158114
e_6_7 6 7 4 0.0125 0.0383474 0.139483 0.0278047 0.532162 0.59946 -0.0731225 0.593384 0.027843
e_7_8 7 8 5 0.0125 0.0658396 0.109639 0.0376902 0.447571 0.611804 -0.126067 0.639909 0.055725
e_8_9 8 9 6 0.0125 0.0961166 0.0852072 0.0448087 -0.24884 0.506108 -0.451728 0.691285 0.025105
e_9_10 9 10 7 0.0125 0.122291 0.0761617 0.0470298 -0.379039 0.456106 -0.50191 0.62959 0.030516
e_10_2 10 2 8 0.0125 0.144395 0.066448 0.0538162 0.634297 0.482293 0.0973972 0.596301 0.021572
4 7 6
2 -0.0607093 -0.154152 0.0120677 0.0125
4 0.206433 -0.0311285 0.0294416 0.0125
1 0.388503 -0.0899095 0.0597438 0.0125
8 -0.0500916 -0.138855 0.0212008 0.0125
5 0.15096 -0.0461956 0.031575 0.0125
6 0.0537338 -0.0720131 0.039709 0.0125
7 -0.0324733 -0.133718 0.0308173 0.0125
e_1_4 1 4 1 0.0125 0.297467 -0.0605194 0.0445928 0.63726 -0.368772 -0.664999 0.125231 0.193708
e_4_5 4 5 2 0.0125 0.178696 -0.0386621 0.0305083 0.713391 0.271371 -0.638602 -0.098071 0.057522
e_5_6 5 6 3 0.0125 0.102348 -0.0591048 0.0356419 0.731058 0.241248 -0.633644 -0.0764821 0.100924
e_6_7 6 7 4 0.0125 0.0106296 -0.102866 0.0352631 0.654633 0.566622 -0.469813 -0.172253 0.106387
e_7_8 7 8 5 0.0125 -0.041283 -0.136286 0.0260092 0.392396 0.717252 -0.4665 -0.337568 0.020719
e_8_2 8 2 6 0.0125 -0.0554 -0.146504 0.0166346 0.481924 0.834657 -0.153339 -0.218138 0.02074
5 10 9
2 -0.316919 -0.035312 0.0173382 0.0125
11 -0.298884 -0.0288052 0.0114965 0.0125
10 -0.281155 -0.0225892 0.0184929 0.0125
9 -0.260588 -0.0231136 0.0184224 0.0125
4 -0.0435229 0.0575684 0.0495993 0.0125
1 0.150052 0.0932283 0.0763548 0.0125
8 -0.239567 -0.0144515 0.0189278 0.0125
5 -0.147042 0.0236136 0.0421382 0.0125
6 -0.193464 0.0144861 0.0163323 0.0125
7 -0.221337 -3.73392e-05 0.0196817 0.0125
e_1_4 1 4 1 0.0125 0.0532649 0.0753986 0.0629773 0.314742 0.715747 -0.234636 -0.577572 0.198641
e_4_5 4 5 2 0.0125 -0.0952818 0.0405908 0.0458689 0.398664 0.696732 -0.220744 -0.553988 0.109201
e_5_6 5 6 3 0.0125 -0.170252 0.0190496 0.0292354 0.151795 0.854905 -0.0925211 -0.487376 0.053891
e_6_7 6 7 4 0.0125 -0.207401 0.00722484 0.0180071 0.535147 0.634033 -0.212171 -0.516336 0.031608
e_7_8 7 8 5 0.0125 -0.230452 -0.0072444 0.0193047 0.522214 0.706847 -0.128788 -0.459427 0.023252
e_8_9 8 9 6 0.0125 -0.250077 -0.018783 0.0186754 0.446192 0.682731 -0.212105 -0.538334 0.022742
e_9_10 9 10 7 0.0125 -0.270871 -0.0228518 0.0184575 0.311704 0.625747 -0.326691 -0.636046 0.020573
e_10_11 10 11 8 0.0125 -0.290019 -0.0256976 0.0149946 0.26877 0.811642 -0.125419 -0.503259 0.020047
e_11_2 11 2 9 0.0125 -0.307901 -0.032059 0.0144173 0.595474 0.525637 -0.279268 -0.539561 0.020045
6 6 5
2 0.370124 0.0194857 0.0122035 0.0125
7 0.352958 0.0299584 0.0122862 0.0125
6 0.332904 0.0306131 0.0222556 0.0125
5 0.305023 0.0286372 0.0287342 0.0125
1 -0.121781 0.00805137 0.0535281 0.0125
4 0.242157 0.0346543 0.0311702 0.0125
e_1_4 1 4 1 0.0125 0.0601876 0.0213527 0.0423498 0.57362 0.352817 0.637257 0.374678 0.365593
e_4_5 4 5 2 0.0125 0.27359 0.0316458 0.0299522 0.595266 0.426741 0.580661 0.355503 0.063201
e_5_6 5 6 3 0.0125 0.318964 0.0296257 0.0254952 0.480208 0.453829 0.637916 0.395603 0.028691
e_6_7 6 7 4 0.0125 0.342932 0.0302861 0.0172707 0.356803 0.643783 0.554998 0.387574 0.022406
e_7_2 7 2 5 0.0125 0.361542 0.024722 0.012245 0.645806 0.581503 0.404855 0.284397 0.020109
7 9 8
2 0.199172 -0.116242 0.0114967 0.0125
10 0.181061 -0.130337 0.0214401 0.0125
9 0.160604 -0.134996 0.0262983 0.0125
4 -0.206889 -0.123778 0.0417082 0.0125
1 -0.27542 -0.105009 0.0114983 0.0125
8 0.135497 -0.140371 0.0319626 0.0125
5 0.0293071 -0.134024 0.0645281 0.0125
6 0.0883965 -0.13429 0.0392335 0.0125
7 0.112122 -0.138362 0.0368648 0.0125
e_1_4 1 4 1 0.0125 -0.241154 -0.114394 0.0266029 0.778645 -0.0546448 0.54898 -0.298908 0.07721
e_4_5 4 5 2 0.0125 -0.0887905 -0.128901 0.0531179 0.543021 -0.435129 0.512467 -0.503159 0.237516
e_5_6 5 6 3 0.0125 0.0588515 -0.134157 0.0518807 0.214284 -0.767461 0.328282 -0.507264 0.064277
e_6_7 6 7 4 0.0125 0.100259 -0.136326 0.0380493 0.287056 -0.606591 0.425447 -0.607158 0.024189
e_7_8 7 8 5 0.0125 0.123809 -0.139366 0.0344136 0.27359 -0.667862 0.395274 -0.568214 0.023968
e_8_9 8 9 6 0.0125 0.14805 -0.137683 0.0291303 0.439247 -0.657853 0.418249 -0.446496 0.026293
e_9_10 9 10 7 0.0125 0.170832 -0.132666 0.0238691 0.438768 -0.663773 0.41498 -0.441224 0.021537
e_10_2 10 2 8 0.0125 0.190116 -0.12329 0.0164684 0.483865 -0.763993 0.339256 -0.259027 0.025011
8 7 6
2 0.54933 -0.103908 0.198895 0.0125
4 0.419216 -0.074847 0.21255 0.0125
1 0.0579809 -0.049555 0.211031 0.0125
8 0.531486 -0.0953947 0.205242 0.0125
5 0.441159 -0.0757581 0.214629 0.0125
6 0.478969 -0.0902456 0.210129 0.0125
7 0.512343 -0.0887712 0.21041 0.0125
e_1_4 1 4 1 0.0125 0.238599 -0.0622003 0.21179 0.662707 0.295264 0.640875 0.250833 0.362123
e_4_5 4 5 2 0.0125 0.430188 -0.0753025 0.21359 0.688864 0.270946 0.615999 0.269443 0.022061
e_5_6 5 6 3 0.0125 0.460064 -0.0830019 0.212379 0.651735 0.408114 0.62344 0.141442 0.040739
e_6_7 6 7 4 0.0125 0.495656 -0.0895081 0.210269 0.649402 0.256081 0.655918 0.287178 0.033407
e_7_8 7 8 5 0.0125 0.521914 -0.0920826 0.207826 0.598173 0.417646 0.670192 0.136398 0.020906
e_8_2 8 2 6 0.0125 0.540408 -0.0996513 0.202069 0.581813 0.458725 0.665135 0.0930595 0.020765
9 7 6
2 -0.136782 0.0176331 0.0114988 0.0125
4 0.0512127 -0.0253743 0.0324752 0.0125
1 0.33946 0.0447877 0.0620749 0.0125
8 -0.116143 0.0169984 0.0159027 0.0125
5 0.0191642 -0.0229538 0.0415642 0.0125
6 -0.0744836 0.0175018 0.0190993 0.0125
7 -0.095524 0.0171582 0.0223443 0.0125
e_1_4 1 4 1 0.0125 0.195336 0.00970656 0.0472756 -0.264623 0.592839 0.445177 -0.616713 0.298136
e_4_5 4 5 2 0.0125 0.0351885 -0.0241647 0.03702 -0.488726 0.503224 0.332736 -0.630238 0.033399
e_5_6 5 6 3 0.0125 -0.0276594 -0.00272569 0.0303316 -0.448925 0.72058 0.297143 -0.436963 0.104458
e_6_7 6 7 4 0.0125 -0.0850038 0.0173298 0.0207214 -0.421998 0.53514 0.370703 -0.630969 0.021291
e_7_8 7 8 5 0.0125 -0.105833 0.0170783 0.0191235 -0.29249 0.697506 0.403202 -0.515133 0.021602
e_8_2 8 2 6 0.0125 -0.126462 0.0173158 0.0137008 -0.332471 0.672228 0.390384 -0.534016 0.021113
10 11 10
2 -0.393402 -0.157878 0.209416 0.0125
12 -0.375324 -0.165598 0.201946 0.0125
11 -0.357856 -0.173252 0.195179 0.0125
10 -0.339631 -0.180885 0.189175 0.0125
9 -0.329098 -0.181771 0.171517 0.0125
4 -0.251168 -0.0766317 0.102683 0.0125
1 -0.0087323 -0.0215616 0.011739 0.0125
8 -0.31885 -0.171357 0.157367 0.0125
5 -0.294471 -0.125202 0.127818 0.0125
6 -0.309116 -0.139006 0.134438 0.0125
7 -0.310633 -0.154265 0.147382 0.0125
e_1_4 1 4 1 0.0125 -0.12995 -0.0490971 0.0572112 -0.0348233 -0.563567 -0.103055 0.818877 0.264723
e_4_5 4 5 2 0.0125 -0.272819 -0.100916 0.115251 -0.19792 -0.466666 -0.319471 0.800618 0.069757
e_5_6 5 6 3 0.0125 -0.301794 -0.132104 0.131128 -0.176685 -0.504085 -0.299432 0.790583 0.021186
e_6_7 6 7 4 0.0125 -0.309875 -0.146635 0.14091 -0.297821 -0.177047 -0.382297 0.856625 0.020066
e_7_8 7 8 5 0.0125 -0.314742 -0.162811 0.152374 -0.258372 -0.354012 -0.37645 0.816214 0.021433
e_8_9 8 9 6 0.0125 -0.323974 -0.176564 0.164442 -0.167995 -0.319738 -0.223437 0.905329 0.02034
e_9_10 9 10 7 0.0125 -0.334365 -0.181328 0.180346 -0.0132972 -0.265163 0.0260017 0.963761 0.020579
e_10_11 10 11 8 0.0125 -0.348744 -0.177068 0.192177 0.132744 -0.579738 0.136125 0.792308 0.020651
e_11_12 11 12 9 0.0125 -0.36659 -0.169425 0.198563 0.132377 -0.558921 0.142813 0.806032 0.020236
e_12_2 12 2 10 0.0125 -0.384362 -0.161738 0.205682 0.127816 -0.550463 0.139226 0.813185 0.021029
11 8 7
2 -0.140871 -0.34027 0.213454 0.0125
9 -0.148169 -0.321409 0.21431 0.0125
4 -0.104203 -0.17579 0.146009 0.0125
1 -0.045382 0.108833 0.0570745 0.0125
8 -0.147016 -0.301095 0.212166 0.0125
5 -0.117501 -0.206519 0.15991 0.0125
6 -0.151373 -0.255755 0.199361 0.0125
7 -0.150709 -0.281483 0.207603 0.0125
e_1_4 1 4 1 0.0125 -0.0747926 -0.033478 0.101542 0.327001 0.346859 0.483101 -0.73442 0.30394
e_4_5 4 5 2 0.0125 -0.110853 -0.191155 0.152959 0.282732 0.380601 0.404265 -0.782161 0.036254
e_5_6 5 6 3 0.0125 -0.134438 -0.231137 0.179635 0.269087 0.375021 0.289645 -0.838485 0.071609
e_6_7 6 7 4 0.0125 -0.151042 -0.268619 0.203482 0.398995 0.277852 0.519908 -0.702351 0.027025
e_7_8 7 8 5 0.0125 -0.148863 -0.291289 0.209885 0.431843 0.24215 0.574391 -0.651882 0.020472
e_8_9 8 9 6 0.0125 -0.147592 -0.311252 0.213238 0.337503 0.337086 0.577905 -0.662186 0.020459
e_9_2 9 2 7 0.0125 -0.144521 -0.330839 0.213882 0.435781 0.221637 0.687043 -0.537535 0.020241
