11
1 7 6
2 -0.0116369 0.242636 0.0120162 0.0125
4 -0.0185109 -0.133823 0.0116384 0.0125
1 0.0149957 -0.226043 0.0114948 0.0125
8 0.00647348 0.216072 0.0374728 0.0125
5 0.0260561 0.0897214 0.0114969 0.0125
6 0.0174659 0.13916 0.0261162 0.0125
7 0.0173809 0.179397 0.0393441 0.0125
e_1_4 1 4 1 0.0125 -0.00175764 -0.179933 0.0115666 0.657453 -0.706264 0.0214232 0.261702 0.098118
e_4_5 4 5 2 0.0125 0.00377301 -0.0220506 0.0115674 0.690412 -0.647825 0.283961 0.151725 0.227944
e_5_6 5 6 3 0.0125 0.021761 0.114441 0.0188065 0.766803 -0.596034 0.0698667 0.22776 0.052265
e_6_7 6 7 4 0.0125 0.017423 0.159278 0.0327304 0.785877 -0.569206 0.140919 0.196326 0.042355
e_7_8 7 8 5 0.0125 0.011927 0.197735 0.0384082 0.642768 -0.72175 0.0590842 0.24987 0.038309
e_8_2 8 2 6 0.0125 -0.00258234 0.229354 0.0247444 0.346113 -0.898918 0.0482919 0.264236 0.041008
2 8 7
2 -0.169966 -0.100541 0.0150287 0.0125
9 -0.156901 -0.0857602 0.0114972 0.0125
4 -0.0983515 0.0113696 0.0221229 0.0125
1 -0.0270792 0.307935 0.219072 0.0125
8 -0.145058 -0.0698907 0.0143725 0.0125
5 -0.12209 -0.0141058 0.0158333 0.0125
6 -0.126382 -0.0338675 0.0155343 0.0125
7 -0.133224 -0.0535721 0.017156 0.0125
e_1_4 1 4 1 0.0125 -0.0627156 0.159652 0.120598 0.383753 0.562601 -0.67432 0.285492 0.36307
e_4_5 4 5 2 0.0125 -0.110221 -0.00136793 0.0189783 0.627339 0.441208 -0.627873 0.132502 0.035385
e_5_6 5 6 3 0.0125 -0.124236 -0.0239869 0.0156833 0.668971 0.617703 -0.354725 0.212349 0.020225
e_6_7 6 7 4 0.0125 -0.129804 -0.0437201 0.0163446 0.713829 0.572084 -0.366016 0.170885 0.020922
e_7_8 7 8 5 0.0125 -0.139142 -0.0617312 0.0157645 0.638369 0.48845 -0.57428 0.155255 0.020349
e_8_9 8 9 6 0.0125 -0.15098 -0.0778248 0.0129351 0.636138 0.483314 -0.581608 0.153195 0.020009
e_9_2 9 2 7 0.0125 -0.163434 -0.0931507 0.0132625 0.762968 0.435557 -0.47137 0.0773381 0.020042
3 11 10
2 -0.160398 -0.153001 0.0115031 0.0125
12 -0.14685 -0.142677 0.0221658 0.0125
11 -0.132561 -0.132797 0.0326382 0.0125
10 -0.13211 -0.116861 0.0447218 0.0125
9 -0.119965 -0.100425 0.0510322 0.0125
4 0.187159 -0.000270864 0.012629 0.0125
1 0.264374 0.0210131 0.0121757 0.0125
8 -0.106388 -0.0873178 0.0578278 0.0125
5 0.00872104 -0.0393331 0.0341126 0.0125
6 -0.015749 -0.0642813 0.0534398 0.0125
7 -0.087685 -0.0808737 0.060891 0.0125
e_1_4 1 4 1 0.0125 0.225766 0.0103709 0.0124027 0.701824 0.282617 -0.645985 -0.101361 0.080095
e_4_5 4 5 2 0.0125 0.0979406 -0.0198024 0.0233708 0.747224 0.148769 -0.647662 -0.00767567 0.183923
e_5_6 5 6 3 0.0125 -0.00351369 -0.0518074 0.0437756 0.858825 0.388956 -0.326694 -0.0663547 0.039934
e_6_7 6 7 4 0.0125 -0.0517168 -0.0725773 0.057165 0.741415 0.170793 -0.648546 -0.0228603 0.074199
e_7_8 7 8 5 0.0125 -0.0970365 -0.0840958 0.0593594 0.601092 0.503517 -0.568324 -0.249332 0.020019
e_8_9 8 9 6 0.0125 -0.113177 -0.0938709 0.0544294 0.418618 0.817241 -0.0390188 -0.394149 0.020057
e_9_10 9 10 7 0.0125 -0.126037 -0.108642 0.0478769 0.470195 0.804519 0.016417 -0.362486 0.021389
e_10_11 10 11 8 0.0125 -0.132335 -0.124829 0.0386802 0.359277 0.737803 0.507605 -0.262495 0.020004
e_11_12 11 12 9 0.0125 -0.139705 -0.137738 0.0274024 0.212388 0.859807 0.137398 -0.443559 0.020285
e_12_2 12 2 10 0.0125 -0.153624 -0.147839 0.0168343 0.211429 0.857473 0.173346 -0.435877 0.020095
4 7 6
2 -0.315755 -0.173933 0.0173751 0.0125
4 -0.074141 -0.00228487 0.0523328 0.0125
1 0.0773708 0.0454366 0.0240322 0.0125
8 -0.315327 -0.150463 0.012395 0.0125
5 -0.258868 -0.0472934 0.012377 0.0125
6 -0.274001 -0.0665715 0.0143402 0.0125
7 -0.305849 -0.110496 0.0177333 0.0125
e_1_4 1 4 1 0.0125 0.00161443 0.021576 0.038183 0.584448 -0.249275 -0.591745 0.496106 0.161351
e_4_5 4 5 2 0.0125 -0.166505 -0.0247886 0.0323556 0.45477 -0.389606 -0.671592 0.436298 0.194284
e_5_6 5 6 3 0.0125 -0.266435 -0.0569329 0.0133591 0.393544 -0.0679241 -0.674883 0.620517 0.024587
e_6_7 6 7 4 0.0125 -0.289925 -0.0885344 0.0160366 0.374217 -0.0602782 -0.682023 0.625438 0.054361
e_7_8 7 8 5 0.0125 -0.310588 -0.13048 0.015064 0.142391 -0.0115623 -0.751205 0.644423 0.041421
e_8_2 8 2 6 0.0125 -0.315541 -0.162198 0.014885 0.310846 0.24127 -0.581391 0.712143 0.023996
5 11 10
2 -0.269037 -0.0870224 0.0340466 0.0125
12 -0.255208 -0.0933055 0.0208874 0.0125
11 -0.238596 -0.103557 0.0159973 0.0125
10 -0.222694 -0.11701 0.0163871 0.0125
9 -0.205078 -0.130526 0.0183809 0.0125
4 0.0662742 -0.126702 0.0291706 0.0125
1 0.145408 -0.0341618 0.0115223 0.0125
8 -0.191507 -0.146013 0.0205154 0.0125
5 -0.0891405 -0.155542 0.0415329 0.0125
6 -0.152468 -0.16432 0.0443693 0.0125
7 -0.171759 -0.160657 0.0357793 0.0125
e_1_4 1 4 1 0.0125 0.105841 -0.0804311 0.0203467 0.554198 0.0752045 -0.650094 0.514381 0.123033
e_4_5 4 5 2 0.0125 -0.0114334 -0.141121 0.0353514 0.634383 -0.228963 -0.639211 0.369517 0.158551
e_5_6 5 6 3 0.0125 -0.120805 -0.159931 0.0429513 0.630106 -0.252412 -0.643524 0.35374 0.063995
e_6_7 6 7 4 0.0125 -0.162114 -0.16249 0.0400746 0.512369 -0.435346 -0.714765 0.192517 0.021433
e_7_8 7 8 5 0.0125 -0.181633 -0.153335 0.0281477 0.482785 -0.59865 -0.636664 0.0565299 0.028938
e_8_9 8 9 6 0.0125 -0.198292 -0.13827 0.0194485 0.663579 -0.619319 -0.409869 0.0900777 0.020702
e_9_10 9 10 7 0.0125 -0.213886 -0.123768 0.0173837 0.659945 -0.561358 -0.479172 0.140512 0.022293
e_10_11 10 11 8 0.0125 -0.230645 -0.110283 0.0161919 0.685513 -0.56308 -0.438522 0.143915 0.020833
e_11_12 11 12 9 0.0125 -0.246902 -0.0984311 0.0184421 0.752777 -0.464024 -0.403956 0.234154 0.020124
e_12_2 12 2 10 0.0125 -0.262123 -0.0901647 0.0274673 0.839086 -0.304537 -0.282592 0.35119 0.020097
6 9 8
2 0.171916 0.310712 0.224962 0.0125
10 0.160182 0.295242 0.214286 0.0125
9 0.150966 0.28404 0.196824 0.0125
4 0.0463466 -0.010735 0.0612152 0.0125
1 0.0704285 -0.0842526 0.0620953 0.0125
8 0.130631 0.267495 0.173535 0.0125
5 0.097826 0.146943 0.0562066 0.0125
6 0.10754 0.219734 0.101611 0.0125
7 0.11892 0.248368 0.132313 0.0125
e_1_4 1 4 1 0.0125 0.058387 -0.0474934 0.0616553 0.642992 -0.707574 0.0708997 0.284385 0.077367
e_4_5 4 5 2 0.0125 0.0720861 0.0681044 0.0587107 0.676132 -0.609151 0.379507 0.1666 0.165944
e_5_6 5 6 3 0.0125 0.102683 0.183338 0.0789085 0.851427 -0.456058 0.170502 0.194965 0.086339
e_6_7 6 7 4 0.0125 0.11323 0.234051 0.116961 0.91108 -0.328407 0.198066 0.15117 0.043497
e_7_8 7 8 5 0.0125 0.124776 0.257931 0.152924 0.961175 -0.192091 0.154585 0.123887 0.046929
e_8_9 8 9 6 0.0125 0.140799 0.275768 0.18518 0.908838 -0.230522 0.338811 0.0779775 0.035065
e_9_10 9 10 7 0.0125 0.155573 0.289642 0.205555 0.934156 -0.235458 0.244838 0.109389 0.022701
e_10_2 10 2 8 0.0125 0.166049 0.302977 0.219624 0.853632 -0.362671 0.357156 0.110548 0.022157
7 8 7
2 -0.129673 0.249467 0.0990994 0.0125
9 -0.120139 0.232598 0.110133 0.0125
4 -0.00324599 -0.0324508 0.0796458 0.0125
1 0.0774046 -0.185136 0.0413694 0.0125
8 -0.111448 0.208406 0.123393 0.0125
5 -0.0291849 0.00821186 0.0954464 0.0125
6 -0.0962701 0.153834 0.128512 0.0125
7 -0.104347 0.189941 0.128576 0.0125
e_1_4 1 4 1 0.0125 0.0370801 -0.108793 0.0605073 0.060789 0.248318 -0.574571 -0.777503 0.176868
e_4_5 4 5 2 0.0125 -0.0162146 -0.0121196 0.0875459 0.0933906 0.256417 -0.527817 -0.804325 0.050753
e_5_6 5 6 3 0.0125 -0.0627273 0.0810228 0.111979 0.040268 0.234147 -0.586671 -0.77419 0.163706
e_6_7 6 7 4 0.0125 -0.100309 0.171887 0.128544 -0.04555 0.198276 -0.678109 -0.706244 0.037
e_7_8 7 8 5 0.0125 -0.107898 0.199174 0.125984 0.00229308 0.281415 -0.739941 -0.610973 0.020451
e_8_9 8 9 6 0.0125 -0.115793 0.220502 0.116763 -0.0099543 0.30402 -0.797992 -0.52027 0.028924
e_9_2 9 2 7 0.0125 -0.124906 0.241033 0.104617 0.0455851 0.355338 -0.788126 -0.500515 0.022298
8 7 6
2 0.0317889 -0.264807 0.0780208 0.0125
4 -0.349513 -0.074193 0.0609846 0.0125
1 -0.376206 -0.0550431 0.0752866 0.0125
8 -0.00474086 -0.253617 0.0549924 0.0125
5 -0.262516 -0.150062 0.0261209 0.0125
6 -0.233807 -0.18733 0.0141013 0.0125
7 -0.075062 -0.232815 0.0114804 0.0125
e_1_4 1 4 1 0.0125 -0.362859 -0.0646176 0.0681351 0.0883554 0.749325 -0.371611 0.540934 0.03583
e_4_5 4 5 2 0.0125 -0.306014 -0.112128 0.0435527 0.15263 0.720002 -0.355191 0.576317 0.120581
e_5_6 5 6 3 0.0125 -0.248162 -0.168696 0.0201111 0.235383 0.685186 -0.392803 0.56641 0.048556
e_6_7 6 7 4 0.0125 -0.154434 -0.210073 0.0127903 0.0610649 0.699615 -0.135921 0.69881 0.165153
e_7_8 7 8 5 0.0125 -0.039901 -0.243217 0.0332358 0.292472 0.494065 0.0275242 0.818292 0.085271
e_8_2 8 2 6 0.0125 0.0135239 -0.259213 0.0665066 0.298322 0.491142 0.0257889 0.817997 0.044608
9 11 10
2 -0.0598204 -0.283282 0.0583615 0.0125
12 -0.0566465 -0.265018 0.0505416 0.0125
11 -0.0556727 -0.244892 0.0525399 0.0125
10 -0.0629853 -0.227285 0.0638298 0.0125
9 -0.065281 -0.207795 0.0704613 0.0125
4 -0.0371201 0.134436 0.0529862 0.0125
1 -0.0307208 0.196438 0.0425409 0.0125
8 -0.0660904 -0.189471 0.0826262 0.0125
5 -0.0658534 -0.0805444 0.0861514 0.0125
6 -0.0694945 -0.12404 0.0900625 0.0125
7 -0.0641513 -0.152828 0.0947858 0.0125
e_1_4 1 4 1 0.0125 -0.0339205 0.165437 0.0477635 0.73944 0.638987 0.0951878 -0.189378 0.063201
e_4_5 4 5 2 0.0125 -0.0514862 0.0269453 0.0695689 0.733029 0.646159 0.083067 -0.195569 0.219413
e_5_6 5 6 3 0.0125 -0.0676741 -0.102293 0.0881067 0.714139 0.664931 0.115088 -0.186083 0.043823
e_6_7 6 7 4 0.0125 -0.0668233 -0.138435 0.0924244 0.750148 0.607902 0.225442 -0.130031 0.029658
e_7_8 7 8 5 0.0125 -0.0651216 -0.17115 0.0887056 0.559542 0.786404 0.197106 -0.172137 0.038656
e_8_9 8 9 6 0.0125 -0.0656857 -0.198633 0.0765438 0.452657 0.83126 0.292151 -0.136957 0.022009
e_9_10 9 10 7 0.0125 -0.0641334 -0.21754 0.0671461 0.567352 0.763304 0.2783 -0.134266 0.020714
e_10_11 10 11 8 0.0125 -0.0593292 -0.236088 0.0581845 0.491149 0.753107 0.433114 -0.063356 0.022158
e_11_12 11 12 9 0.0125 -0.0561596 -0.254955 0.0515408 0.64744 0.72346 0.161105 -0.177405 0.020248
e_12_2 12 2 10 0.0125 -0.0582336 -0.27415 0.0544513 0.809874 0.55168 0.0361627 -0.196074 0.02012
10 7 6
2 0.327979 -0.0933009 0.0245141 0.0125
4 0.0253848 -0.241678 0.0873094 0.0125
1 -0.106814 -0.227856 0.13211 0.0125
8 0.297761 -0.0957356 0.0124232 0.0125
5 0.157956 -0.158975 0.0193258 0.0125
6 0.226257 -0.134846 0.0176243 0.0125
7 0.264688 -0.102995 0.0180336 0.0125
e_1_4 1 4 1 0.0125 -0.0407145 -0.234766 0.109709 0.361299 0.686537 0.43401 0.458001 0.140266
e_4_5 4 5 2 0.0125 0.0916707 -0.200327 0.053318 0.104819 0.611861 0.57018 0.538083 0.170402
e_5_6 5 6 3 0.0125 0.192107 -0.14691 0.0184752 0.263031 0.535195 0.474666 0.647359 0.072458
e_6_7 6 7 4 0.0125 0.245473 -0.118921 0.0178294 0.118085 0.459912 0.533277 0.700109 0.049915
e_7_8 7 8 5 0.0125 0.281225 -0.0993656 0.0152286 0.284132 0.597383 0.474195 0.580983 0.034322
e_8_2 8 2 6 0.0125 0.31287 -0.0945183 0.0184684 0.441686 0.448932 0.336492 0.700105 0.032637
11 11 10
2 0.0149454 -0.178623 0.182267 0.0125
12 0.00205561 -0.168296 0.166263 0.0125
11 -0.0107413 -0.158832 0.152501 0.0125
10 -0.0251557 -0.14737 0.13842 0.0125
9 -0.0432081 -0.141426 0.12973 0.0125
4 -0.178328 0.0753086 0.0351004 0.0125
1 -0.121524 0.132048 0.0133305 0.0125
8 -0.0738031 -0.134148 0.116056 0.0125
5 -0.197341 0.0562772 0.0426939 0.0125
6 -0.207035 0.0082852 0.0624341 0.0125
7 -0.122869 -0.122637 0.0948605 0.0125
e_1_4 1 4 1 0.0125 -0.149926 0.103678 0.0242153 0.757763 0.538459 -0.281439 -0.238012 0.083187
e_4_5 4 5 2 0.0125 -0.187834 0.0657925 0.0388973 0.762958 0.532463 -0.284003 -0.23178 0.027953
e_5_6 5 6 3 0.0125 -0.202188 0.0322813 0.0525645 0.73894 0.539116 0.14964 -0.375405 0.052791
e_6_7 6 7 4 0.0125 -0.164951 -0.0571756 0.0786474 0.699158 0.330295 0.537518 -0.33639 0.158984
e_7_8 7 8 5 0.0125 -0.0983355 -0.128392 0.105458 0.826089 0.0562416 0.550453 -0.106836 0.054673
e_8_9 8 9 6 0.0125 -0.0585059 -0.137786 0.122894 0.829518 0.0581074 0.545198 -0.10622 0.034293
e_9_10 9 10 7 0.0125 -0.0341825 -0.144398 0.134075 0.831711 0.0896089 0.532998 -0.127047 0.020899
e_10_11 10 11 8 0.0125 -0.017948 -0.153101 0.14546 0.88051 0.205613 0.39245 -0.168548 0.023182
e_11_12 11 12 9 0.0125 -0.0043424 -0.163564 0.159382 0.897457 0.190025 0.36995 -0.14696 0.021042
e_12_2 12 2 10 0.0125 0.00850051 -0.173459 0.174265 0.910272 0.195014 0.337657 -0.139145 0.022997
