11
1 10 9
2 0.0625235 -0.0470796 0.0622376 0.0125
11 0.0567818 -0.0371518 0.0454471 0.0125
10 0.0423793 -0.0326475 0.0316423 0.0125
9 0.0242766 -0.0336831 0.0227535 0.0125
4 -0.162667 -0.0448346 0.0126786 0.0125
1 -0.380645 -0.0291429 0.0733867 0.0125
8 0.008453 -0.0541036 0.0114627 0.0125
5 -0.116023 -0.056753 0.0202997 0.0125
6 -0.0547035 -0.0800925 0.0150779 0.0125
7 -0.0172898 -0.0709375 0.0147189 0.0125
e_1_4 1 4 1 0.0125 -0.271656 -0.0369882 0.0430333 0.310863 -0.651919 0.456975 -0.519172 0.226817
e_4_5 4 5 2 0.0125 -0.139345 -0.0507933 0.0164887 0.751945 0.0655431 0.646165 -0.112931 0.048741
e_5_6 5 6 3 0.0125 -0.0853637 -0.0684223 0.0176884 0.598399 -0.0931045 0.728695 -0.319772 0.065819
e_6_7 6 7 4 0.0125 -0.035996 -0.0755149 0.0148984 0.610874 -0.489248 0.515066 -0.349536 0.038519
e_7_8 7 8 5 0.0125 -0.00441794 -0.062521 0.0130912 0.587356 -0.654913 0.351766 -0.319941 0.03093
e_8_9 8 9 6 0.0125 0.0163648 -0.0438933 0.0171076 0.833511 -0.460818 0.295631 -0.0742214 0.028193
e_9_10 9 10 7 0.0125 0.033328 -0.0331654 0.0271984 0.847591 -0.0555396 0.526162 -0.0407289 0.020195
e_10_11 10 11 8 0.0125 0.0495812 -0.0348995 0.0385446 0.880769 0.220271 0.337607 0.24849 0.020452
e_11_2 11 2 9 0.0125 0.0596526 -0.0421157 0.0538423 0.807152 0.294946 -0.0118734 0.511246 0.020333
2 9 8
2 0.182114 0.233668 0.11293 0.0125
10 0.186007 0.235633 0.0894894 0.0125
9 0.199623 0.229647 0.0760395 0.0125
4 0.10052 0.039526 0.0119149 0.0125
1 -0.0808725 -0.0370878 0.0196045 0.0125
8 0.209345 0.213055 0.0544418 0.0125
5 0.139394 0.089434 0.0266287 0.0125
6 0.198681 0.170928 0.0123685 0.0125
7 0.21144 0.201912 0.0335972 0.0125
e_1_4 1 4 1 0.0125 0.00982354 0.00121826 0.0157595 0.524469 0.221957 0.685745 0.453234 0.197058
e_4_5 4 5 2 0.0125 0.119957 0.0644804 0.0192715 0.45938 0.0216876 0.621498 0.634224 0.064951
e_5_6 5 6 3 0.0125 0.169037 0.130181 0.0194987 0.349574 0.0502907 0.753341 0.554749 0.101781
e_6_7 6 7 4 0.0125 0.20506 0.186419 0.0229828 0.47725 -0.0888862 0.473829 0.734723 0.039667
e_7_8 7 8 5 0.0125 0.210392 0.207483 0.0440198 0.55586 -0.176286 0.172336 0.793879 0.023728
e_8_9 8 9 6 0.0125 0.204484 0.221351 0.06524 0.413381 -0.297079 0.195755 0.838177 0.028918
e_9_10 9 10 7 0.0125 0.192815 0.23264 0.0827647 0.346547 -0.405618 0.0102652 0.845739 0.020053
e_10_2 10 2 8 0.0125 0.184061 0.23465 0.10121 0.751343 -0.0225724 -0.0890242 0.65349 0.023843
3 11 10
2 -0.2409 0.114638 0.0114944 0.0125
12 -0.237032 0.0968321 0.0256124 0.0125
11 -0.207803 0.0666159 0.0404024 0.0125
10 -0.19668 0.0415495 0.0369112 0.0125
9 -0.165741 0.0236526 0.0452054 0.0125
4 -0.0721098 -0.261129 0.130325 0.0125
1 -0.0628194 -0.288502 0.120186 0.0125
8 -0.0999794 -0.050546 0.0486087 0.0125
5 -0.0696879 -0.188876 0.116361 0.0125
6 -0.0656225 -0.165862 0.107491 0.0125
7 -0.0713973 -0.084194 0.0754234 0.0125
e_1_4 1 4 1 0.0125 -0.0674645 -0.274815 0.125255 0.740247 -0.418863 -0.398826 -0.342821 0.030634
e_4_5 4 5 2 0.0125 -0.0708993 -0.225002 0.123343 0.482253 -0.600851 -0.48353 -0.415462 0.073629
e_5_6 5 6 3 0.0125 -0.0676552 -0.177369 0.111926 0.376319 -0.644275 -0.512192 -0.425386 0.024997
e_6_7 6 7 4 0.0125 -0.0685107 -0.125028 0.0914571 0.419022 -0.573649 -0.594373 -0.376918 0.087928
e_7_8 7 8 5 0.0125 -0.0856882 -0.0673706 0.0620154 0.441275 -0.351742 -0.797396 -0.213807 0.051654
e_8_9 8 9 6 0.0125 -0.132861 -0.0134466 0.0469072 0.649065 -0.332374 -0.637712 -0.248125 0.099206
e_9_10 9 10 7 0.0125 -0.181211 0.0326016 0.0410578 0.603176 -0.214392 -0.753039 -0.152139 0.036692
e_10_11 10 11 8 0.0125 -0.202242 0.0540832 0.0386568 0.675227 -0.426622 -0.504821 -0.327441 0.027644
e_11_12 11 12 9 0.0125 -0.222417 0.0817243 0.0330072 0.535271 -0.329157 -0.746723 -0.21805 0.044566
e_12_2 12 2 10 0.0125 -0.238965 0.105735 0.0185527 0.319571 -0.505938 -0.741799 -0.302713 0.02305
4 8 7
2 -0.356105 -0.0172463 0.0873286 0.0125
9 -0.350226 0.00194776 0.0802073 0.0125
4 -0.141852 0.118463 0.0125044 0.0125
1 -0.0121309 0.283326 0.0115186 0.0125
8 -0.348858 0.0229763 0.070787 0.0125
5 -0.20864 0.0979048 0.0499404 0.0125
6 -0.285944 0.0726071 0.0732969 0.0125
7 -0.335923 0.0379506 0.0651591 0.0125
e_1_4 1 4 1 0.0125 -0.076992 0.200894 0.0120115 0.696156 0.626456 -0.32435 -0.133102 0.209782
e_4_5 4 5 2 0.0125 -0.175246 0.108184 0.031223 0.801816 0.315935 -0.405058 -0.305295 0.079276
e_5_6 5 6 3 0.0125 -0.247292 0.0852562 0.0616191 0.739347 0.389606 -0.458483 -0.30227 0.084626
e_6_7 6 7 4 0.0125 -0.310934 0.0552789 0.069228 0.625178 0.601449 -0.452298 -0.206973 0.061361
e_7_8 7 8 5 0.0125 -0.34239 0.0304636 0.067973 0.781242 0.526785 -0.29277 -0.162616 0.020572
e_8_9 8 9 6 0.0125 -0.349542 0.0124629 0.0754973 0.839056 0.543104 -0.0314001 -0.00604296 0.023083
e_9_2 9 2 7 0.0125 -0.353166 -0.00764985 0.0837677 0.814834 0.562009 -0.130315 -0.0566523 0.0213
5 6 5
2 -0.156427 0.0745159 0.06509 0.0125
7 -0.145481 0.0577385 0.0619684 0.0125
6 -0.131481 0.0432129 0.0594562 0.0125
5 -0.0609399 -0.0108955 0.046064 0.0125
1 0.241311 -0.220207 0.0124828 0.0125
4 0.092857 -0.123143 0.0227557 0.0125
e_1_4 1 4 1 0.0125 0.167083 -0.171674 0.0176192 -0.112394 -0.509516 0.459873 0.718525 0.177667
e_4_5 4 5 2 0.0125 0.0159578 -0.0670186 0.0344098 -0.0592422 -0.502752 0.43184 0.746488 0.191823
e_5_6 5 6 3 0.0125 -0.0962109 0.0161593 0.0527602 -0.0310942 -0.500869 0.417912 0.757307 0.089906
e_6_7 6 7 4 0.0125 -0.138481 0.0504757 0.0607123 0.17156 -0.556291 0.358838 0.729618 0.02033
e_7_2 7 2 5 0.0125 -0.150954 0.0661274 0.0635287 0.411736 -0.593903 0.265133 0.638324 0.020274
6 8 7
2 0.301076 0.145065 0.0219879 0.0125
9 0.287876 0.148242 0.0367709 0.0125
4 0.154182 0.121757 0.0657949 0.0125
1 -0.00509773 -0.160896 0.100146 0.0125
8 0.274007 0.151236 0.0508955 0.0125
5 0.193906 0.150612 0.0535838 0.0125
6 0.236131 0.150823 0.059043 0.0125
7 0.256092 0.146469 0.0585181 0.0125
e_1_4 1 4 1 0.0125 0.0745424 -0.01957 0.0829706 0.560007 -0.741813 -0.048552 -0.365716 0.326256
e_4_5 4 5 2 0.0125 0.174045 0.136184 0.0596893 0.417916 -0.782392 0.0924129 -0.452404 0.050594
e_5_6 5 6 3 0.0125 0.215019 0.150717 0.0563141 0.379791 -0.571251 0.330996 -0.647976 0.042576
e_6_7 6 7 4 0.0125 0.246112 0.148646 0.0587806 0.248414 -0.599539 0.391657 -0.652264 0.020437
e_7_8 7 8 5 0.0125 0.26505 0.148852 0.0547075 0.265086 -0.807666 0.194466 -0.489478 0.020045
e_8_9 8 9 6 0.0125 0.280942 0.149738 0.0438335 0.00286004 -0.901169 0.201625 -0.38371 0.02002
e_9_2 9 2 7 0.0125 0.294476 0.146653 0.0293794 -0.0123847 -0.912846 0.187023 -0.362741 0.020072
7 8 7
2 0.387165 0.141834 0.0301115 0.0125
9 0.367811 0.137135 0.0203049 0.0125
4 -0.0376705 -0.0409485 0.066134 0.0125
1 -0.0581523 -0.0465793 0.0757604 0.0125
8 0.349277 0.130285 0.0128743 0.0125
5 0.268683 0.101789 0.0362622 0.0125
6 0.304515 0.106382 0.01268 0.0125
7 0.326497 0.116093 0.0114964 0.0125
e_1_4 1 4 1 0.0125 -0.0479116 -0.0437632 0.0709467 0.541347 -0.187378 0.819316 0.0235456 0.023321
e_4_5 4 5 2 0.0125 0.115507 0.0304202 0.0511978 0.674519 -0.342516 0.653226 -0.0316705 0.339291
e_5_6 5 6 3 0.0125 0.286599 0.104086 0.0244708 0.471536 0.00986503 0.879331 0.0658283 0.043141
e_6_7 6 7 4 0.0125 0.315506 0.111238 0.0120876 0.688824 -0.321759 0.648891 -0.0305538 0.024061
e_7_8 7 8 5 0.0125 0.337887 0.12319 0.0121859 0.722672 -0.409903 0.553482 -0.0581517 0.026874
e_8_9 8 9 6 0.0125 0.358544 0.13371 0.0165889 0.820966 -0.226072 0.522405 -0.0447123 0.02111
e_9_2 9 2 7 0.0125 0.377489 0.139485 0.0252084 0.848199 -0.147395 0.507351 -0.0377941 0.0222
8 7 6
2 0.282102 0.0279431 0.0170129 0.0125
4 0.0195826 -0.110221 0.126752 0.0125
1 -0.102105 -0.14739 0.200453 0.0125
8 0.241879 0.00024072 0.0257536 0.0125
5 0.156243 -0.10309 0.0326015 0.0125
6 0.192198 -0.0779992 0.0259076 0.0125
7 0.210622 -0.0507392 0.023063 0.0125
e_1_4 1 4 1 0.0125 -0.0412615 -0.128805 0.163603 0.485098 -0.442629 0.744778 -0.118597 0.147042
e_4_5 4 5 2 0.0125 0.0879126 -0.106656 0.0796763 0.448407 -0.281092 0.839281 -0.124604 0.166106
e_5_6 5 6 3 0.0125 0.17422 -0.0905439 0.0292549 0.64391 -0.524125 0.548406 -0.0996159 0.044351
e_6_7 6 7 4 0.0125 0.201409 -0.0643696 0.0244859 0.67146 -0.65405 0.339543 -0.0779109 0.033025
e_7_8 7 8 5 0.0125 0.22625 -0.0252492 0.0244083 0.719137 -0.622534 0.299975 -0.0728635 0.05986
e_8_2 8 2 6 0.0125 0.26199 0.0140919 0.0213832 0.633896 -0.528483 0.555686 -0.100471 0.049616
9 6 5
2 -0.0305508 0.136878 0.0124164 0.0125
7 -0.0325989 0.118569 0.0552912 0.0125
6 -0.0265904 0.0963372 0.0679149 0.0125
5 0.00584207 0.0343039 0.0865146 0.0125
1 0.176836 -0.27175 0.124463 0.0125
4 0.0499326 -0.0542155 0.113736 0.0125
e_1_4 1 4 1 0.0125 0.113384 -0.162982 0.119099 -0.590042 0.72183 -0.015443 -0.361349 0.252073
e_4_5 4 5 2 0.0125 0.0278875 -0.00995624 0.100126 -0.5773 0.78615 0.121091 -0.18447 0.10257
e_5_6 5 6 3 0.0125 -0.010374 0.0653201 0.077215 -0.586331 0.776182 0.161071 -0.166777 0.07243
e_6_7 6 7 4 0.0125 -0.0295951 0.107453 0.0616031 0.494603 -0.860239 -0.0180669 0.1226 0.026262
e_7_2 7 2 5 0.0125 -0.0315749 0.127724 0.0338538 0.19302 -0.900961 0.384255 0.0579666 0.046665
10 9 8
2 0.369787 -0.173388 0.0116243 0.0125
10 0.352334 -0.181211 0.0176022 0.0125
9 0.333492 -0.188983 0.0161034 0.0125
4 0.0359573 0.0208259 0.12207 0.0125
1 0.02009 0.047772 0.132224 0.0125
8 0.315986 -0.197985 0.0227181 0.0125
5 0.122941 -0.133507 0.089858 0.0125
6 0.138081 -0.148703 0.0705816 0.0125
7 0.293691 -0.207184 0.0232107 0.0125
e_1_4 1 4 1 0.0125 0.0280234 0.0342987 0.127147 0.308677 0.0167018 0.808792 -0.500295 0.032878
e_4_5 4 5 2 0.0125 0.079449 -0.0563405 0.105964 0.339447 0.0346099 0.766974 -0.543442 0.180062
e_5_6 5 6 3 0.0125 0.13051 -0.141105 0.0802203 0.260049 -0.0828064 0.909583 -0.31333 0.02884
e_6_7 6 7 4 0.0125 0.215886 -0.177944 0.0468957 0.509693 -0.160814 0.78177 -0.321228 0.172855
e_7_8 7 8 5 0.0125 0.304839 -0.202585 0.0229642 0.695334 -0.345536 0.625158 -0.0793214 0.024123
e_8_9 8 9 6 0.0125 0.324739 -0.193484 0.0194109 0.5837 -0.363223 0.726168 0.00651486 0.020767
e_9_10 9 10 7 0.0125 0.342913 -0.185096 0.0168527 0.725942 -0.341726 0.588688 -0.0983812 0.020437
e_10_2 10 2 8 0.0125 0.36106 -0.177299 0.0146126 0.59202 -0.352502 0.724505 -0.0186513 0.020039
11 10 9
2 0.219838 -0.101439 0.149336 0.0125
11 0.212198 -0.0834065 0.15342 0.0125
10 0.206594 -0.0641547 0.154255 0.0125
9 0.201346 -0.0448127 0.153942 0.0125
4 0.0389801 0.0961791 0.075514 0.0125
1 -0.112736 0.226214 0.0289555 0.0125
8 0.193428 -0.0291248 0.144177 0.0125
5 0.0899771 0.0550791 0.0936948 0.0125
6 0.167465 -0.0054891 0.123231 0.0125
7 0.184737 -0.0103678 0.132462 0.0125
e_1_4 1 4 1 0.0125 -0.0368781 0.161196 0.0522354 0.695453 0.576396 0.233033 0.36029 0.20517
e_4_5 4 5 2 0.0125 0.0644789 0.0756285 0.0846047 0.717973 0.546052 0.260936 0.343882 0.067974
e_5_6 5 6 3 0.0125 0.128721 0.024795 0.108463 0.729005 0.530371 0.273669 0.335208 0.10269
e_6_7 6 7 4 0.0125 0.176101 -0.00792795 0.127847 0.835912 0.240236 0.462175 0.17301 0.020182
e_7_8 7 8 5 0.0125 0.189082 -0.0197462 0.138319 0.816128 0.500993 0.0499745 0.283627 0.023761
e_8_9 8 9 6 0.0125 0.197387 -0.0369684 0.14906 0.812739 0.502927 0.064765 0.286923 0.020104
e_9_10 9 10 7 0.0125 0.20397 -0.0544832 0.154098 0.609192 0.674132 -0.194261 0.369722 0.020044
e_10_11 10 11 8 0.0125 0.209395 -0.0737806 0.153837 0.57925 0.690237 -0.210641 0.379042 0.020068
e_11_2 11 2 9 0.0125 0.216018 -0.0924234 0.151378 0.47853 0.739204 -0.235884 0.411031 0.020007
