11
1 8 7
2 0.0318169 0.0605767 0.0327433 0.0125
9 0.0177584 0.0494653 0.0231614 0.0125
4 -0.0753096 0.0851574 0.0449842 0.0125
1 -0.290472 0.306049 0.220672 0.0125
8 0.0026586 0.0395048 0.0144538 0.0125
5 -0.0514265 0.0623409 0.0236382 0.0125
6 -0.0405765 0.0471517 0.0142827 0.0125
7 -0.0209719 0.0405743 0.0124661 0.0125
e_1_4 1 4 1 0.0125 -0.182891 0.195603 0.132828 -0.060551 -0.673509 0.542128 -0.498814 0.3549
e_4_5 4 5 2 0.0125 -0.0633685 0.0737494 0.034311 -0.0217048 -0.661961 0.577234 -0.477638 0.039328
e_5_6 5 6 3 0.0125 -0.0460019 0.0547465 0.0189603 -0.197208 -0.718344 0.456096 -0.486896 0.02088
e_6_7 6 7 4 0.0125 -0.0307744 0.0438633 0.0133738 0.528096 -0.252501 0.692804 -0.421165 0.020759
e_7_8 7 8 5 0.0125 -0.00915625 0.0400393 0.0134601 0.730661 0.112525 0.667437 0.089446 0.023738
e_8_9 8 9 6 0.0125 0.0102085 0.044485 0.0188076 0.451648 0.219396 0.484768 0.716156 0.020076
e_9_2 9 2 7 0.0125 0.0247884 0.0550212 0.0279522 0.407701 0.203322 0.472113 0.754685 0.02032
2 10 9
2 -0.0133432 -0.187428 0.0545124 0.0125
11 -0.00440027 -0.175824 0.040733 0.0125
10 0.00496659 -0.167784 0.024439 0.0125
9 0.0148998 -0.153629 0.014301 0.0125
4 0.13754 0.187724 0.0114981 0.0125
1 0.15844 0.243616 0.0324519 0.0125
8 0.0294133 -0.138708 0.0114951 0.0125
5 0.0690833 -0.0769617 0.0128421 0.0125
6 0.05809 -0.105953 0.0273328 0.0125
7 0.0449402 -0.127244 0.0218845 0.0125
e_1_4 1 4 1 0.0125 0.14799 0.21567 0.0219745 0.0509572 -0.217311 -0.786405 0.575975 0.063245
e_4_5 4 5 2 0.0125 0.103312 0.0553806 0.0121701 0.00824517 -0.168664 -0.684903 0.708796 0.273398
e_5_6 5 6 3 0.0125 0.0635864 -0.0914576 0.0200876 0.124053 -0.114487 -0.524585 0.834454 0.034224
e_6_7 6 7 4 0.0125 0.0515154 -0.116598 0.0246085 0.171291 -0.212754 -0.749077 0.603555 0.025611
e_7_8 7 8 5 0.0125 0.0371765 -0.132976 0.0166904 0.299789 -0.262267 -0.817435 0.416104 0.021919
e_8_9 8 9 6 0.0125 0.0221568 -0.146168 0.0128975 0.353123 -0.183998 -0.631959 0.664888 0.021003
e_9_10 9 10 7 0.0125 0.0099335 -0.160706 0.0193699 0.3142 -0.118837 -0.482697 0.808801 0.020046
e_10_11 10 11 8 0.0125 0.000283159 -0.171804 0.032586 0.536578 -0.0818072 -0.30783 0.78143 0.020442
e_11_2 11 2 9 0.0125 -0.00887215 -0.181626 0.0476227 0.38046 -0.0901634 -0.386418 0.835346 0.020112
3 7 6
2 -0.141977 -0.143561 0.0114965 0.0125
4 0.0644288 -0.0109935 0.0241008 0.0125
1 0.0503031 0.177245 0.0843812 0.0125
8 -0.118137 -0.162144 0.0172574 0.0125
5 0.0218367 -0.0978191 0.0153303 0.0125
6 -0.012031 -0.148901 0.012237 0.0125
7 -0.0969021 -0.173435 0.0180159 0.0125
e_1_4 1 4 1 0.0125 0.0573659 0.0831259 0.0542406 0.581775 0.784313 0.192233 -0.097148 0.198158
e_4_5 4 5 2 0.0125 0.0431322 -0.0544063 0.0197156 0.641642 0.530535 -0.513511 0.207688 0.097106
e_5_6 5 6 3 0.0125 0.00490282 -0.123359 0.0137837 0.645427 0.425529 -0.586623 0.241295 0.061368
e_6_7 6 7 4 0.0125 -0.0544666 -0.161168 0.0151261 0.668296 -0.0900774 -0.67768 0.293286 0.088534
e_7_8 7 8 5 0.0125 -0.10752 -0.16779 0.0176367 0.658306 -0.524492 -0.49058 0.225551 0.024061
e_8_2 8 2 6 0.0125 -0.130057 -0.152853 0.0143766 0.604851 -0.64134 -0.426965 0.201345 0.030772
4 8 7
2 -0.165441 -0.23661 0.0397642 0.0125
9 -0.16247 -0.216882 0.0356704 0.0125
4 0.0110047 0.0683499 0.0470697 0.0125
1 0.0602108 0.191891 0.0120926 0.0125
8 -0.145845 -0.200842 0.0377595 0.0125
5 -0.0359175 -0.0688647 0.0311694 0.0125
6 -0.100684 -0.157008 0.0422844 0.0125
7 -0.125283 -0.180693 0.0403562 0.0125
e_1_4 1 4 1 0.0125 0.0356078 0.13012 0.0295812 0.375255 0.467742 0.392466 -0.697403 0.137503
e_4_5 4 5 2 0.0125 -0.0124568 -0.000257557 0.0391195 0.309693 0.540355 0.51236 -0.591265 0.145884
e_5_6 5 6 3 0.0125 -0.0683014 -0.112936 0.036727 0.205285 0.530943 0.409331 -0.713026 0.109943
e_6_7 6 7 4 0.0125 -0.112984 -0.168851 0.0413203 0.0784211 0.577655 0.441016 -0.6824 0.034203
e_7_8 7 8 5 0.0125 -0.135564 -0.190767 0.0390575 0.0771799 0.582894 0.45295 -0.67016 0.028905
e_8_9 8 9 6 0.0125 -0.154158 -0.208863 0.0367153 0.0728927 0.58356 0.452189 -0.670574 0.023196
e_9_2 9 2 7 0.0125 -0.163955 -0.226747 0.037718 0.468216 0.452638 0.441154 -0.617476 0.020366
5 11 10
2 -0.162253 0.244338 0.0162088 0.0125
12 -0.152841 0.22709 0.020416 0.0125
11 -0.136904 0.215857 0.0158678 0.0125
10 -0.122084 0.200965 0.0162005 0.0125
9 -0.110125 0.184853 0.0204672 0.0125
4 -0.0258247 0.0642784 0.0760699 0.0125
1 0.119752 -0.136232 0.0228375 0.0125
8 -0.101436 0.167844 0.0286379 0.0125
5 -0.0687127 0.107299 0.071473 0.0125
6 -0.0801601 0.124894 0.0657017 0.0125
7 -0.0909872 0.148326 0.0394425 0.0125
e_1_4 1 4 1 0.0125 0.0469631 -0.0359771 0.049454 0.164955 -0.468693 0.418695 0.760139 0.253438
e_4_5 4 5 2 0.0125 -0.0472689 0.0857891 0.0737711 -0.12573 -0.41275 0.60611 0.668177 0.06092
e_5_6 5 6 3 0.0125 -0.0744361 0.116097 0.0685873 0.0459409 -0.48302 0.631853 0.604436 0.02177
e_6_7 6 7 4 0.0125 -0.0855742 0.13661 0.0525724 0.0520309 -0.499956 0.778856 0.375126 0.036822
e_7_8 7 8 5 0.0125 -0.0962114 0.158085 0.0340402 0.073976 -0.500769 0.684499 0.524613 0.024634
e_8_9 8 9 6 0.0125 -0.10578 0.176348 0.0245523 0.0975685 -0.505365 0.664266 0.542068 0.020774
e_9_10 9 10 7 0.0125 -0.116104 0.192909 0.0183339 0.00274473 -0.465919 0.622034 0.629274 0.020514
e_10_11 10 11 8 0.0125 -0.129495 0.208411 0.0160338 -0.118343 -0.410302 0.582719 0.691438 0.021012
e_11_12 11 12 9 0.0125 -0.144872 0.221473 0.0181416 -0.346954 -0.296893 0.546146 0.702283 0.020022
e_12_2 12 2 10 0.0125 -0.157547 0.235714 0.0183121 0.12607 -0.501769 0.594064 0.615973 0.020094
6 9 8
2 -0.0823566 0.0842794 0.121023 0.0125
10 -0.0647062 0.0815719 0.108976 0.0125
9 -0.0453013 0.0811196 0.102752 0.0125
4 0.283294 0.04795 0.0284028 0.0125
1 0.388503 0.00807604 0.0119125 0.0125
8 -0.01879 0.0815928 0.0934335 0.0125
5 0.23975 0.0545283 0.0404956 0.0125
6 0.0485851 0.0840524 0.0931779 0.0125
7 0.0230657 0.0924194 0.0941187 0.0125
e_1_4 1 4 1 0.0125 0.335898 0.0280136 0.0201575 0.754848 -0.189081 -0.625892 -0.0520835 0.113715
e_4_5 4 5 2 0.0125 0.261522 0.0512396 0.0344497 0.779004 0.0317843 -0.605466 -0.159855 0.045667
e_5_6 5 6 3 0.0125 0.144168 0.0692904 0.0668367 0.778616 0.0289463 -0.606441 -0.158582 0.200478
e_6_7 6 7 4 0.0125 0.0358258 0.0882358 0.0936486 0.714367 -0.137025 -0.680959 -0.0848455 0.026872
e_7_8 7 8 5 0.0125 0.00213812 0.0870055 0.0937763 0.594883 0.516992 -0.49056 -0.371732 0.043239
e_8_9 8 9 6 0.0125 -0.0320459 0.0813562 0.0980933 0.786423 0.164039 -0.554351 -0.217541 0.028105
e_9_10 9 10 7 0.0125 -0.0550039 0.0813462 0.105865 0.780818 0.137941 -0.572978 -0.207344 0.020383
e_10_2 10 2 8 0.0125 -0.0735318 0.0829258 0.114999 0.874192 -0.00519791 -0.4694 -0.124198 0.021541
7 6 5
2 -0.0520399 -0.0557879 0.0178883 0.0125
7 -0.0722814 -0.0569481 0.0114753 0.0125
6 -0.0913519 -0.0477386 0.0143469 0.0125
5 -0.0998664 -0.0299378 0.0183972 0.0125
1 -0.373513 0.288502 0.131999 0.0125
4 -0.128893 0.0265117 0.0297527 0.0125
e_1_4 1 4 1 0.0125 -0.251203 0.157507 0.0808752 0.585671 0.439916 0.666057 -0.140825 0.372737
e_4_5 4 5 2 0.0125 -0.114379 -0.00171304 0.0240749 0.630495 0.735549 0.216812 0.12015 0.064483
e_5_6 5 6 3 0.0125 -0.0956092 -0.0388378 0.0163717 0.615041 0.757306 0.164437 0.145509 0.020143
e_6_7 6 7 4 0.0125 -0.081816 -0.0523432 0.0129105 0.609998 0.0496324 0.751471 -0.246437 0.021372
e_7_2 7 2 5 0.0125 -0.0621606 -0.056368 0.0146818 0.786612 -0.163879 0.56776 -0.178979 0.021265
8 8 7
2 -0.171732 -0.149634 0.0810201 0.0125
9 -0.157271 -0.143417 0.0682933 0.0125
4 -0.103834 -0.0663466 0.0281374 0.0125
1 0.0600208 0.174862 0.225238 0.0125
8 -0.144517 -0.137251 0.0538726 0.0125
5 -0.10287 -0.101417 0.0198461 0.0125
6 -0.113718 -0.121532 0.0248423 0.0125
7 -0.134294 -0.130282 0.032863 0.0125
e_1_4 1 4 1 0.0125 -0.0219058 0.0542575 0.126688 0.244622 -0.0424181 -0.882158 0.400197 0.351964
e_4_5 4 5 2 0.0125 -0.103352 -0.083881 0.0239913 0.301116 0.399272 -0.674973 0.542515 0.036049
e_5_6 5 6 3 0.0125 -0.108294 -0.111474 0.0223438 0.764184 0.48373 -0.39902 0.151034 0.023394
e_6_7 6 7 4 0.0125 -0.124006 -0.125906 0.0288523 0.817625 0.213521 -0.534392 0.0179938 0.023754
e_7_8 7 8 5 0.0125 -0.139405 -0.133766 0.0433683 0.920577 0.20636 -0.163005 -0.288761 0.024382
e_8_9 8 9 6 0.0125 -0.150894 -0.140333 0.061083 0.908612 0.226695 -0.303208 -0.176347 0.020215
e_9_2 9 2 7 0.0125 -0.164501 -0.146526 0.0746571 0.893428 0.224253 -0.367878 -0.12713 0.020242
9 9 8
2 -0.0260233 0.21866 0.179208 0.0125
10 -0.0404562 0.133149 0.158603 0.0125
9 -0.0674189 0.0662819 0.133236 0.0125
4 -0.0904347 -0.216564 0.0802848 0.0125
1 -0.0828214 -0.23467 0.0930845 0.0125
8 -0.0940997 0.00849697 0.0836883 0.0125
5 -0.0957774 -0.174804 0.0747246 0.0125
6 -0.0867371 -0.155623 0.0673714 0.0125
7 -0.0930695 -0.0665966 0.0715721 0.0125
e_1_4 1 4 1 0.0125 -0.0866277 -0.225617 0.0866841 0.211717 -0.0548473 -0.877488 -0.426829 0.023443
e_4_5 4 5 2 0.0125 -0.0931059 -0.195684 0.077505 0.183826 -0.116364 -0.742916 -0.633042 0.042467
e_5_6 5 6 3 0.0125 -0.0912573 -0.165212 0.0710481 -0.0799785 -0.242369 -0.777873 -0.57426 0.022443
e_6_7 6 7 4 0.0125 -0.0899035 -0.111109 0.0694715 0.185512 -0.129203 -0.678085 -0.699351 0.08935
e_7_8 7 8 5 0.0125 -0.093584 -0.0290495 0.0776303 0.176888 -0.14197 -0.632616 -0.740508 0.076072
e_8_9 8 9 6 0.0125 -0.0807591 0.0373897 0.108462 0.0801958 -0.218948 -0.380683 -0.894824 0.080659
e_9_10 9 10 7 0.0125 -0.053938 0.0997152 0.14592 0.0279872 -0.234404 -0.528301 -0.815579 0.076431
e_10_2 10 2 8 0.0125 -0.0332397 0.175904 0.168905 0.107472 -0.185965 -0.59147 -0.777193 0.089135
10 7 6
2 0.144265 0.0186523 0.143702 0.0125
4 -0.278756 0.0345519 0.14302 0.0125
1 -0.33846 0.0241799 0.140677 0.0125
8 0.125903 0.00880551 0.122787 0.0125
5 -0.255772 0.0340669 0.143661 0.0125
6 0.0737017 0.0040314 0.115858 0.0125
7 0.100828 0.00455635 0.112387 0.0125
e_1_4 1 4 1 0.0125 -0.308609 0.0293655 0.141848 0.686018 -0.322135 0.613934 -0.220667 0.060643
e_4_5 4 5 2 0.0125 -0.267265 0.0343094 0.14334 0.713004 -0.057936 0.694765 -0.0746342 0.022998
e_5_6 5 6 3 0.0125 -0.0910358 0.0190489 0.12976 0.670776 -0.031777 0.735432 -0.0904921 0.332006
e_6_7 6 7 4 0.0125 0.0872642 0.00429398 0.114122 0.592915 -0.344208 0.667065 -0.291543 0.027352
e_7_8 7 8 5 0.0125 0.113366 0.00668119 0.117587 0.830119 -0.0853133 0.550895 0.0118057 0.027478
e_8_2 8 2 6 0.0125 0.135084 0.0137286 0.133245 0.919909 -0.147007 0.352348 0.0894845 0.029522
11 9 8
2 -0.274256 -0.137173 0.0630303 0.0125
10 -0.269696 -0.127027 0.0463201 0.0125
9 -0.259428 -0.113014 0.0364024 0.0125
4 -0.189238 0.0663506 0.0700725 0.0125
1 -0.174273 0.265673 0.212125 0.0125
8 -0.253772 -0.0946297 0.0269584 0.0125
5 -0.188777 0.0521898 0.0520811 0.0125
6 -0.232405 -0.0522397 0.0115114 0.0125
7 -0.241688 -0.070727 0.0157745 0.0125
e_1_4 1 4 1 0.0125 -0.181755 0.166012 0.141099 -0.0281903 -0.120868 -0.880361 0.457778 0.245219
e_4_5 4 5 2 0.0125 -0.189008 0.0592709 0.0610769 -0.0674522 -0.164479 -0.930463 0.320367 0.0229
e_5_6 5 6 3 0.0125 -0.210591 -2.49949e-05 0.0317962 0.158552 -0.0951811 -0.812195 0.553301 0.120229
e_6_7 6 7 4 0.0125 -0.237046 -0.0614832 0.0136426 0.321714 -0.0236051 -0.631302 0.705267 0.021122
e_7_8 7 8 5 0.0125 -0.24773 -0.0826779 0.0213658 0.3771 0.0011896 -0.554379 0.741928 0.029025
e_8_9 8 9 6 0.0125 -0.2566 -0.103822 0.0316798 0.2932 0.0286751 -0.528025 0.796493 0.021429
e_9_10 9 10 7 0.0125 -0.264562 -0.12002 0.0413605 0.503929 -0.0051585 -0.50207 0.702819 0.020003
e_10_2 10 2 8 0.0125 -0.271975 -0.1321 0.0546748 0.573374 0.0631222 -0.282497 0.766455 0.020074
