11
1 10 9
2 -0.343826 0.164457 0.0271683 0.0125
11 -0.324935 0.17933 0.0205313 0.0125
10 -0.306952 0.188145 0.0215762 0.0125
9 -0.273029 0.179997 0.0120579 0.0125
4 -0.021565 0.0970233 0.0139404 0.0125
1 0.0920586 0.116845 0.0124984 0.0125
8 -0.172266 0.0940232 0.0545728 0.0125
5 -0.0745646 0.0921545 0.0114967 0.0125
6 -0.114812 0.0811883 0.0265975 0.0125
7 -0.13306 0.0790895 0.0380498 0.0125
e_1_4 1 4 1 0.0125 0.0352462 0.106934 0.0132198 -0.596634 -0.478406 0.514662 0.387658 0.115349
e_4_5 4 5 2 0.0125 -0.0480648 0.0945893 0.0127179 -0.562216 -0.472151 0.547733 0.401218 0.053278
e_5_6 5 6 3 0.0125 -0.0946884 0.0866708 0.0190467 -0.704372 -0.412275 0.399796 0.417197 0.044364
e_6_7 6 7 4 0.0125 -0.123936 0.0801388 0.0323231 -0.723067 -0.316892 0.36748 0.491642 0.021646
e_7_8 7 8 5 0.0125 -0.152663 0.0865568 0.0463107 -0.572994 -0.2402 0.509001 0.595735 0.04509
e_8_9 8 9 6 0.0125 -0.222648 0.13701 0.0333158 -0.260641 -0.31926 0.742213 0.52845 0.139113
e_9_10 9 10 7 0.0125 -0.28999 0.184071 0.016817 -0.574782 -0.305053 0.52473 0.548841 0.036162
e_10_11 10 11 8 0.0125 -0.315944 0.183738 0.0210541 -0.62748 -0.558893 0.462249 0.283256 0.020055
e_11_2 11 2 9 0.0125 -0.33438 0.171894 0.0238496 -0.74734 -0.515303 0.318461 0.273 0.024942
2 6 5
2 0.278928 -0.087221 0.0262326 0.0125
7 0.261422 -0.095149 0.0191822 0.0125
6 0.244547 -0.103564 0.0117243 0.0125
5 0.21988 -0.108167 0.0193508 0.0125
1 -0.164053 0.0470222 0.0114888 0.0125
4 0.111067 -0.122252 0.0114895 0.0125
e_1_4 1 4 1 0.0125 -0.0264931 -0.0376147 0.0114892 0.554435 -0.0832442 0.702189 -0.438866 0.323025
e_4_5 4 5 2 0.0125 0.165474 -0.115209 0.0154207 0.683494 -0.32342 0.599725 -0.261849 0.110002
e_5_6 5 6 3 0.0125 0.232214 -0.105866 0.0155375 0.551754 -0.433611 0.676292 -0.224004 0.026225
e_6_7 6 7 4 0.0125 0.252984 -0.0993573 0.0154528 0.808768 -0.350366 0.439745 -0.17252 0.020278
e_7_2 7 2 5 0.0125 0.270175 -0.0911856 0.022707 0.799285 -0.346438 0.455814 -0.182642 0.02047
3 11 10
2 0.0719826 0.130911 0.120333 0.0125
12 0.0781137 0.123305 0.102872 0.0125
11 0.0794944 0.11709 0.0838822 0.0125
10 0.0822767 0.108759 0.0658792 0.0125
9 0.0754625 0.0984991 0.0500831 0.0125
4 -0.197802 -0.137055 0.0489319 0.0125
1 -0.236222 -0.163029 0.0501603 0.0125
8 0.0621003 0.0893174 0.0377436 0.0125
5 -0.158921 -0.0641631 0.0336489 0.0125
6 -0.0014972 0.0448719 0.0370667 0.0125
7 0.0236527 0.0623503 0.0372747 0.0125
e_1_4 1 4 1 0.0125 -0.217012 -0.150042 0.0495457 0.692037 -0.322637 0.639642 0.0885874 0.046393
e_4_5 4 5 2 0.0125 -0.178361 -0.100609 0.04129 0.63873 -0.695887 0.326644 -0.0327011 0.084014
e_5_6 5 6 3 0.0125 -0.0802099 -0.00964536 0.0353581 0.707792 -0.323862 0.621442 0.0891812 0.191527
e_6_7 6 7 4 0.0125 0.0110771 0.0536109 0.037171 0.704018 -0.327248 0.624112 0.0880456 0.030628
e_7_8 7 8 5 0.0125 0.0428764 0.0758343 0.0375092 0.705245 -0.330158 0.621289 0.0873215 0.046964
e_8_9 8 9 6 0.0125 0.0687816 0.0939078 0.0439133 0.886972 -0.197169 0.397896 0.126819 0.020375
e_9_10 9 10 7 0.0125 0.0788699 0.103629 0.0579818 0.939631 -0.248758 0.209304 0.106795 0.020031
e_10_11 10 11 8 0.0125 0.080886 0.112925 0.0748809 0.969635 -0.21941 -0.0499715 0.0957644 0.020031
e_11_12 11 12 9 0.0125 0.0788041 0.120198 0.093377 0.98035 -0.160165 -0.016535 0.113961 0.020028
e_12_2 12 2 10 0.0125 0.075048 0.127108 0.111603 0.963532 -0.210186 -0.139549 0.0891852 0.020009
4 10 9
2 -0.0246693 -0.277481 0.0507331 0.0125
11 -0.0281775 -0.26476 0.0356997 0.0125
10 -0.0367915 -0.25016 0.0250416 0.0125
9 -0.0490317 -0.234245 0.0254152 0.0125
4 -0.0621064 -0.138197 0.0148412 0.0125
1 -0.290811 0.077525 0.133566 0.0125
8 -0.0573221 -0.216229 0.0225563 0.0125
5 -0.0551528 -0.159529 0.0194656 0.0125
6 -0.0551577 -0.178905 0.0133798 0.0125
7 -0.056224 -0.198827 0.0116768 0.0125
e_1_4 1 4 1 0.0125 -0.176459 -0.0303365 0.0742037 0.566758 0.513821 0.642362 -0.0463036 0.336062
e_4_5 4 5 2 0.0125 -0.0586301 -0.148862 0.0171538 0.774717 0.593397 0.216696 -0.027135 0.022907
e_5_6 5 6 3 0.0125 -0.0551558 -0.169217 0.0164222 0.591366 0.805598 0.0289707 -0.0214093 0.02031
e_6_7 6 7 4 0.0125 -0.0556908 -0.188866 0.0125288 0.676145 0.736282 -0.0200507 -0.0177435 0.020023
e_7_8 7 8 5 0.0125 -0.056773 -0.207527 0.017117 0.87436 0.484541 -0.0234179 -0.0129063 0.020552
e_8_9 8 9 6 0.0125 -0.0531769 -0.225238 0.0239858 0.755231 0.583065 0.29783 -0.0309754 0.020038
e_9_10 9 10 7 0.0125 -0.0429121 -0.242203 0.0252285 0.699453 0.540981 0.465435 -0.038397 0.020081
e_10_11 10 11 8 0.0125 -0.032484 -0.25746 0.0303701 0.874914 0.409123 0.257851 -0.0256392 0.020023
e_11_2 11 2 9 0.0125 -0.0264229 -0.27112 0.0432169 0.935691 0.338086 0.0995816 -0.0162563 0.020004
5 6 5
2 0.388224 0.257509 0.0432765 0.0125
7 0.361468 0.232603 0.0151989 0.0125
6 0.351204 0.211361 0.0121477 0.0125
5 0.326639 0.193764 0.0157283 0.0125
1 -0.00977093 -0.00849022 0.0704412 0.0125
4 0.114148 0.0542203 0.0738162 0.0125
e_1_4 1 4 1 0.0125 0.0521887 0.0228646 0.0721289 0.714208 -0.354213 0.601985 -0.0453223 0.138924
e_4_5 4 5 2 0.0125 0.220394 0.123992 0.0447728 0.623188 -0.445896 0.642305 -0.0160543 0.260767
e_5_6 5 6 3 0.0125 0.338921 0.202563 0.0139381 0.664154 -0.442651 0.602407 -0.00801299 0.030428
e_6_7 6 7 4 0.0125 0.356336 0.221982 0.0136735 0.744653 -0.551833 0.362418 0.0981062 0.023788
e_7_2 7 2 5 0.0125 0.374846 0.245056 0.029238 0.896979 -0.300559 0.324175 0.00176792 0.046093
6 6 5
2 0.135202 -0.0934865 0.0482516 0.0125
7 0.0684533 -0.0810643 0.0332339 0.0125
6 0.017575 -0.0686255 0.0468111 0.0125
5 -0.0685984 -0.0219975 0.0742095 0.0125
1 -0.283198 0.0431487 0.219291 0.0125
4 -0.155709 0.031518 0.117329 0.0125
e_1_4 1 4 1 0.0125 -0.219454 0.0373339 0.16831 -0.092648 -0.89391 -0.111483 -0.424161 0.16366
e_4_5 4 5 2 0.0125 -0.112154 0.00476031 0.0957694 0.40501 0.802811 0.223169 0.376374 0.110957
e_5_6 5 6 3 0.0125 -0.0255117 -0.045311 0.0605103 0.519973 0.683383 0.409435 0.308184 0.101738
e_6_7 6 7 4 0.0125 0.0430138 -0.0748448 0.0400228 0.599272 0.339731 0.714175 0.124135 0.054108
e_7_2 7 2 5 0.0125 0.101827 -0.0872749 0.0407423 0.778758 0.145227 0.609034 0.0390325 0.069536
7 9 8
2 -0.017841 -0.0225292 0.0476712 0.0125
10 -0.0294677 -0.00826838 0.0555952 0.0125
9 -0.0452134 0.00354215 0.0591782 0.0125
4 -0.0560919 0.0977395 0.105897 0.0125
1 0.0541205 0.378015 0.254935 0.0125
8 -0.0599365 0.0171413 0.0611356 0.0125
5 -0.0707999 0.0681802 0.0836805 0.0125
6 -0.0775128 0.05309 0.0690287 0.0125
7 -0.0729049 0.0339244 0.0629146 0.0125
e_1_4 1 4 1 0.0125 -0.000986289 0.237878 0.180416 0.43117 0.467184 -0.709581 0.303852 0.336027
e_4_5 4 5 2 0.0125 -0.0634465 0.0829604 0.0947884 0.317082 0.242954 -0.848591 0.346879 0.039795
e_5_6 5 6 3 0.0125 -0.0741565 0.0606353 0.0763541 0.174522 0.0191822 -0.911838 0.371115 0.022079
e_6_7 6 7 4 0.0125 -0.0752085 0.043508 0.0659714 0.245597 0.152772 0.790437 -0.539956 0.020638
e_7_8 7 8 5 0.0125 -0.0664203 0.0255336 0.0620248 0.164152 -0.295373 0.6742 -0.656706 0.021285
e_8_9 8 9 6 0.0125 -0.0525749 0.0103413 0.0601567 0.122571 -0.443271 0.59339 -0.660587 0.020138
e_9_10 9 10 7 0.0125 -0.03734 -0.00236303 0.0573867 0.060218 -0.568219 0.516409 -0.637827 0.020006
e_10_2 10 2 8 0.0125 -0.0236544 -0.0153984 0.0516334 -0.132004 -0.667845 0.501732 -0.533687 0.020033
8 6 5
2 -0.200635 -0.218106 0.0482966 0.0125
7 -0.189189 -0.196487 0.0479242 0.0125
6 -0.168486 -0.156676 0.0532809 0.0125
5 -0.148682 -0.0977499 0.0862513 0.0125
1 -0.013594 0.222876 0.0118739 0.0125
4 -0.124451 0.0164779 0.075161 0.0125
e_1_4 1 4 1 0.0125 -0.0690227 0.119677 0.0435168 0.0281975 0.306507 0.525036 -0.79347 0.242682
e_4_5 4 5 2 0.0125 -0.136567 -0.040636 0.0807062 0.12153 0.245855 0.626322 -0.729731 0.117295
e_5_6 5 6 3 0.0125 -0.158584 -0.127213 0.0697656 0.0435022 0.34056 0.78632 -0.513642 0.070367
e_6_7 6 7 4 0.0125 -0.178837 -0.176581 0.0506021 0.00784736 0.352844 0.659367 -0.663834 0.045192
e_7_2 7 2 5 0.0125 -0.194912 -0.207297 0.0481096 0.0130212 0.33962 0.614044 -0.712347 0.024464
9 8 7
2 0.0762305 0.28841 0.0708948 0.0125
9 0.0713618 0.268477 0.0814458 0.0125
4 0.138813 0.0239209 0.0901722 0.0125
1 0.175113 -0.170979 0.0211425 0.0125
8 0.0873035 0.246249 0.10255 0.0125
5 0.121946 0.0967211 0.0983616 0.0125
6 0.112986 0.127374 0.0950348 0.0125
7 0.0987287 0.229736 0.108506 0.0125
e_1_4 1 4 1 0.0125 0.156962 -0.0735295 0.0556578 0.812834 -0.575841 -0.0631792 0.0609658 0.209925
e_4_5 4 5 2 0.0125 0.130379 0.0603204 0.0942674 0.742605 -0.659586 -0.102369 0.054822 0.075176
e_5_6 5 6 3 0.0125 0.117466 0.112048 0.0966987 0.667746 -0.726109 -0.156772 0.0479953 0.032109
e_6_7 6 7 4 0.0125 0.105857 0.178555 0.10177 0.74928 -0.658521 -0.0415251 0.0566149 0.104225
e_7_8 7 8 5 0.0125 0.0930162 0.237992 0.105528 0.597015 -0.686048 -0.414163 0.0371454 0.020945
e_8_9 8 9 6 0.0125 0.0793332 0.257362 0.0919974 0.440463 -0.756437 -0.482938 0.0237861 0.034549
e_9_2 9 2 7 0.0125 0.0737961 0.278444 0.0761703 0.518912 -0.808217 0.274625 0.0457867 0.023072
10 11 10
2 0.0370693 -0.150132 0.133951 0.0125
12 0.0490441 -0.148783 0.14996 0.0125
11 0.0679618 -0.145606 0.155918 0.0125
10 0.08821 -0.146794 0.152516 0.0125
9 0.10936 -0.148772 0.149231 0.0125
4 0.224023 -0.171067 0.118214 0.0125
1 0.47419 -0.100879 0.253106 0.0125
8 0.131138 -0.147651 0.146442 0.0125
5 0.195409 -0.16529 0.119 0.0125
6 0.168637 -0.158029 0.133883 0.0125
7 0.151098 -0.147564 0.141764 0.0125
e_1_4 1 4 1 0.0125 0.349106 -0.135973 0.18566 -0.265194 -0.825349 0.221764 0.446421 0.292755
e_4_5 4 5 2 0.0125 0.209716 -0.168179 0.118608 0.636693 -0.436338 -0.544203 0.328747 0.029202
e_5_6 5 6 3 0.0125 0.182023 -0.16166 0.126441 0.854205 -0.181114 -0.480434 0.0819452 0.031479
e_6_7 6 7 4 0.0125 0.159868 -0.152796 0.137823 0.80423 -0.390057 -0.409688 0.182275 0.021892
e_7_8 7 8 5 0.0125 0.141119 -0.147607 0.144103 0.773535 -0.0968018 -0.613616 0.125491 0.020502
e_8_9 8 9 6 0.0125 0.120249 -0.148212 0.147837 0.731806 -0.113656 -0.650899 0.166954 0.021984
e_9_10 9 10 7 0.0125 0.0987851 -0.147783 0.150873 0.726442 -0.246374 -0.60239 0.2207 0.021495
e_10_11 10 11 8 0.0125 0.0780866 -0.1462 0.154217 0.737157 -0.204011 -0.612922 0.198256 0.020566
e_11_12 11 12 9 0.0125 0.0585034 -0.147194 0.152939 0.25893 -0.656136 -0.466671 0.533534 0.020087
e_12_2 12 2 10 0.0125 0.0430567 -0.149458 0.141956 -0.210379 -0.775518 0.545941 0.237192 0.020039
11 7 6
2 -0.120833 -0.214997 0.0332344 0.0125
4 0.118948 -0.129441 0.0659785 0.0125
1 0.340453 -0.0457201 0.0725956 0.0125
8 -0.0998609 -0.209578 0.0353114 0.0125
5 -0.00442064 -0.168795 0.0283812 0.0125
6 -0.0388241 -0.178478 0.0377965 0.0125
7 -0.0802646 -0.20549 0.0353274 0.0125
e_1_4 1 4 1 0.0125 0.229701 -0.0875807 0.0692869 -0.480376 0.311352 0.645776 -0.505245 0.236891
e_4_5 4 5 2 0.0125 0.0572644 -0.149118 0.0471802 -0.382431 0.432571 0.672531 -0.462959 0.134841
e_5_6 5 6 3 0.0125 -0.021622 -0.173636 0.0330889 -0.61356 0.243485 0.559768 -0.500919 0.036959
e_6_7 6 7 4 0.0125 -0.059544 -0.191985 0.0365623 -0.426985 0.231383 0.686578 -0.54107 0.049529
e_7_8 7 8 5 0.0125 -0.0900627 -0.207534 0.0353194 -0.521644 0.360687 0.608519 -0.476967 0.020018
e_8_2 8 2 6 0.0125 -0.110348 -0.212288 0.0342724 -0.473374 0.378653 0.635889 -0.477686 0.021761
